/*--------------------------------*- C++ -*----------------------------------*\
| =========                 |                                                 |
| \\      /  F ield         | OpenFOAM: The Open Source CFD Toolbox           |
|  \\    /   O peration     | Version:  2412                                  |
|   \\  /    A nd           | Website:  www.openfoam.com                      |
|    \\/     M anipulation  |                                                 |
\*---------------------------------------------------------------------------*/
FoamFile
{
    version     2.0;
    format      ascii;
    arch        "LSB;label=32;scalar=64";
    class       volScalarField;
    location    "0.0002";
    object      p;
}
// * * * * * * * * * * * * * * * * * * * * * * * * * * * * * * * * * * * * * //

dimensions      [1 -1 -2 0 0 0 0];

internalField   nonuniform List<scalar> 
3725
(
6.30683e+06
6.32655e+06
6.36502e+06
6.42029e+06
6.48941e+06
6.56849e+06
6.65274e+06
6.73672e+06
6.81456e+06
6.88042e+06
6.92889e+06
6.95551e+06
6.95718e+06
6.93257e+06
6.88227e+06
6.80906e+06
6.71775e+06
6.61482e+06
6.50792e+06
6.40504e+06
6.31348e+06
6.23893e+06
6.18457e+06
6.15086e+06
6.1357e+06
6.13503e+06
6.14366e+06
6.1561e+06
6.16745e+06
6.1741e+06
6.31109e+06
6.33067e+06
6.36888e+06
6.42377e+06
6.49241e+06
6.57095e+06
6.65464e+06
6.73807e+06
6.81543e+06
6.88088e+06
6.92906e+06
6.9555e+06
6.95713e+06
6.93259e+06
6.88245e+06
6.80946e+06
6.71841e+06
6.61573e+06
6.50901e+06
6.40619e+06
6.31455e+06
6.23974e+06
6.18494e+06
6.15063e+06
6.13477e+06
6.13338e+06
6.14132e+06
6.15319e+06
6.16414e+06
6.17057e+06
6.31962e+06
6.33893e+06
6.3766e+06
6.43072e+06
6.49841e+06
6.57588e+06
6.65844e+06
6.74078e+06
6.81715e+06
6.88179e+06
6.92938e+06
6.9555e+06
6.95702e+06
6.93261e+06
6.88278e+06
6.81025e+06
6.7197e+06
6.61749e+06
6.51112e+06
6.40842e+06
6.3166e+06
6.24123e+06
6.18552e+06
6.15001e+06
6.13275e+06
6.12989e+06
6.13645e+06
6.14716e+06
6.15728e+06
6.16328e+06
6.33242e+06
6.35131e+06
6.38817e+06
6.44114e+06
6.5074e+06
6.58325e+06
6.66413e+06
6.74484e+06
6.81973e+06
6.88317e+06
6.92989e+06
6.95549e+06
6.95688e+06
6.93265e+06
6.88327e+06
6.81139e+06
6.72156e+06
6.62002e+06
6.51413e+06
6.41157e+06
6.31941e+06
6.24317e+06
6.18606e+06
6.1487e+06
6.12931e+06
6.12422e+06
6.12867e+06
6.13761e+06
6.14646e+06
6.15179e+06
6.34948e+06
6.36781e+06
6.40359e+06
6.455e+06
6.51934e+06
6.59304e+06
6.6717e+06
6.75024e+06
6.82319e+06
6.88503e+06
6.93059e+06
6.95552e+06
6.9567e+06
6.9327e+06
6.8839e+06
6.81283e+06
6.72391e+06
6.6232e+06
6.51788e+06
6.41541e+06
6.32273e+06
6.24525e+06
6.18621e+06
6.14632e+06
6.12401e+06
6.11588e+06
6.11746e+06
6.12398e+06
6.13109e+06
6.13552e+06
6.37078e+06
6.38841e+06
6.42281e+06
6.47228e+06
6.53423e+06
6.60525e+06
6.68112e+06
6.75698e+06
6.82754e+06
6.88741e+06
6.93153e+06
6.9556e+06
6.95651e+06
6.93276e+06
6.88464e+06
6.81452e+06
6.72664e+06
6.62688e+06
6.52214e+06
6.41967e+06
6.32623e+06
6.24711e+06
6.18554e+06
6.1424e+06
6.11635e+06
6.10432e+06
6.10223e+06
6.10564e+06
6.11052e+06
6.11378e+06
6.39628e+06
6.41305e+06
6.4458e+06
6.49292e+06
6.552e+06
6.61983e+06
6.6924e+06
6.76509e+06
6.83279e+06
6.89033e+06
6.93274e+06
6.95579e+06
6.95635e+06
6.93285e+06
6.88548e+06
6.8164e+06
6.72966e+06
6.63087e+06
6.52668e+06
6.42408e+06
6.32956e+06
6.24833e+06
6.18361e+06
6.13645e+06
6.10578e+06
6.08896e+06
6.08233e+06
6.0819e+06
6.084e+06
6.08581e+06
6.42587e+06
6.44165e+06
6.47247e+06
6.51687e+06
6.57263e+06
6.63676e+06
6.70553e+06
6.77456e+06
6.83901e+06
6.89386e+06
6.9343e+06
6.95615e+06
6.95627e+06
6.93302e+06
6.88641e+06
6.81842e+06
6.73285e+06
6.63502e+06
6.53129e+06
6.42834e+06
6.3324e+06
6.24854e+06
6.18e+06
6.12799e+06
6.09181e+06
6.06924e+06
6.05716e+06
6.0521e+06
6.05083e+06
6.05086e+06
6.45943e+06
6.47408e+06
6.50271e+06
6.54403e+06
6.59603e+06
6.656e+06
6.72051e+06
6.78546e+06
6.84625e+06
6.89808e+06
6.93631e+06
6.95678e+06
6.95636e+06
6.9333e+06
6.88744e+06
6.82054e+06
6.73611e+06
6.63917e+06
6.53575e+06
6.4322e+06
6.33446e+06
6.24741e+06
6.17435e+06
6.11666e+06
6.074e+06
6.04469e+06
6.02619e+06
6.01562e+06
6.01033e+06
6.00822e+06
6.49675e+06
6.51013e+06
6.53635e+06
6.57426e+06
6.62212e+06
6.67753e+06
6.73736e+06
6.79781e+06
6.85459e+06
6.90312e+06
6.93888e+06
6.9578e+06
6.95672e+06
6.93378e+06
6.88862e+06
6.82275e+06
6.7394e+06
6.64323e+06
6.53992e+06
6.43548e+06
6.33548e+06
6.24471e+06
6.1664e+06
6.10218e+06
6.05209e+06
6.01499e+06
5.98902e+06
5.972e+06
5.96194e+06
5.95726e+06
6.53754e+06
6.54957e+06
6.57316e+06
6.6074e+06
6.6508e+06
6.70129e+06
6.75607e+06
6.8117e+06
6.86416e+06
6.90911e+06
6.94219e+06
6.95938e+06
6.9575e+06
6.93455e+06
6.89e+06
6.82508e+06
6.74268e+06
6.64712e+06
6.54368e+06
6.43799e+06
6.33533e+06
6.24028e+06
6.15606e+06
6.08447e+06
6.02597e+06
5.98001e+06
5.94545e+06
5.92091e+06
5.90521e+06
5.89744e+06
6.58146e+06
6.59204e+06
6.61287e+06
6.64322e+06
6.68192e+06
6.72721e+06
6.77667e+06
6.8272e+06
6.87509e+06
6.91623e+06
6.94642e+06
6.96171e+06
6.95887e+06
6.93578e+06
6.89171e+06
6.82759e+06
6.74599e+06
6.65083e+06
6.54697e+06
6.43964e+06
6.33396e+06
6.23415e+06
6.14339e+06
6.06363e+06
5.99575e+06
5.93983e+06
5.8955e+06
5.86222e+06
5.83986e+06
5.82829e+06
6.62806e+06
6.63716e+06
6.65513e+06
6.68147e+06
6.71531e+06
6.75522e+06
6.79917e+06
6.8444e+06
6.88753e+06
6.92469e+06
6.95181e+06
6.96502e+06
6.96105e+06
6.93766e+06
6.89389e+06
6.83042e+06
6.74944e+06
6.65447e+06
6.54997e+06
6.44075e+06
6.33161e+06
6.22653e+06
6.12864e+06
6.03997e+06
5.96181e+06
5.89481e+06
5.83941e+06
5.79599e+06
5.76569e+06
5.7494e+06
6.67684e+06
6.68444e+06
6.69952e+06
6.72181e+06
6.75073e+06
6.7852e+06
6.82356e+06
6.8634e+06
6.90165e+06
6.9347e+06
6.95862e+06
6.96958e+06
6.9643e+06
6.94042e+06
6.89677e+06
6.83375e+06
6.75319e+06
6.65822e+06
6.55285e+06
6.44152e+06
6.32861e+06
6.21784e+06
6.11229e+06
6.01408e+06
5.92479e+06
5.84559e+06
5.77768e+06
5.72241e+06
5.68256e+06
5.66023e+06
6.72721e+06
6.73333e+06
6.74557e+06
6.76386e+06
6.78792e+06
6.817e+06
6.8498e+06
6.88427e+06
6.91763e+06
6.9465e+06
6.9671e+06
6.97568e+06
6.96892e+06
6.94433e+06
6.9006e+06
6.83781e+06
6.75748e+06
6.66232e+06
6.55591e+06
6.44227e+06
6.32532e+06
6.20868e+06
6.09511e+06
5.98688e+06
5.88573e+06
5.79316e+06
5.71106e+06
5.64176e+06
5.59002e+06
5.55921e+06
6.77852e+06
6.78322e+06
6.79273e+06
6.80719e+06
6.82656e+06
6.85044e+06
6.87785e+06
6.90706e+06
6.93561e+06
6.9603e+06
6.97754e+06
6.98362e+06
6.97521e+06
6.94973e+06
6.90569e+06
6.84293e+06
6.76263e+06
6.66712e+06
6.55956e+06
6.44354e+06
6.3226e+06
6.20002e+06
6.07822e+06
5.95967e+06
5.84601e+06
5.73886e+06
5.64063e+06
5.55457e+06
5.48833e+06
5.44658e+06
6.83007e+06
6.83346e+06
6.84044e+06
6.85131e+06
6.8663e+06
6.88528e+06
6.90758e+06
6.9318e+06
6.9557e+06
6.97632e+06
6.9902e+06
6.99371e+06
6.98351e+06
6.95696e+06
6.91239e+06
6.84946e+06
6.76902e+06
6.67305e+06
6.56429e+06
6.44592e+06
6.32106e+06
6.19242e+06
6.06285e+06
5.93392e+06
5.80723e+06
5.6843e+06
5.56762e+06
5.46048e+06
5.37188e+06
5.30919e+06
6.88116e+06
6.88336e+06
6.88806e+06
6.8957e+06
6.90671e+06
6.92123e+06
6.93885e+06
6.95842e+06
6.97796e+06
6.9947e+06
7.0053e+06
7.00623e+06
6.99415e+06
6.96635e+06
6.92109e+06
6.85779e+06
6.77709e+06
6.6806e+06
6.5707e+06
6.45014e+06
6.32168e+06
6.18771e+06
6.05035e+06
5.91123e+06
5.77134e+06
5.63195e+06
5.4954e+06
5.36606e+06
5.25554e+06
5.16581e+06
6.93105e+06
6.93224e+06
6.93497e+06
6.93982e+06
6.94736e+06
6.95796e+06
6.97142e+06
6.98683e+06
7.0024e+06
7.01553e+06
7.02302e+06
7.0214e+06
7.00739e+06
6.97824e+06
6.93213e+06
6.86834e+06
6.78728e+06
6.69028e+06
6.57939e+06
6.45696e+06
6.32535e+06
6.18657e+06
6.04216e+06
5.89333e+06
5.74032e+06
5.58326e+06
5.42156e+06
5.25816e+06
5.09816e+06
4.94544e+06
6.97908e+06
6.97944e+06
6.98056e+06
6.9831e+06
6.98777e+06
6.99507e+06
7.005e+06
7.01682e+06
7.0289e+06
7.0388e+06
7.04342e+06
7.0394e+06
7.02348e+06
6.99292e+06
6.94586e+06
6.88149e+06
6.80004e+06
6.70261e+06
6.59097e+06
6.46713e+06
6.33303e+06
6.19029e+06
6.04e+06
5.88267e+06
5.71828e+06
5.54602e+06
5.36424e+06
5.17266e+06
4.9744e+06
4.75987e+06
7.02005e+06
7.01986e+06
7.01987e+06
7.02081e+06
7.02347e+06
7.02844e+06
7.03582e+06
7.045e+06
7.05446e+06
7.06185e+06
7.0642e+06
7.05819e+06
7.04064e+06
7.00883e+06
6.96089e+06
6.89597e+06
6.81419e+06
6.71652e+06
6.60449e+06
6.47988e+06
6.3443e+06
6.19901e+06
6.0447e+06
5.88134e+06
5.70752e+06
5.52135e+06
5.31337e+06
5.08047e+06
4.75914e+06
4.23873e+06
7.05457e+06
7.054e+06
7.05328e+06
7.05316e+06
7.05445e+06
7.05781e+06
7.0634e+06
7.07068e+06
7.07821e+06
7.08373e+06
7.0843e+06
7.07672e+06
7.05782e+06
7.02494e+06
6.97625e+06
6.91086e+06
6.82884e+06
6.73108e+06
6.61897e+06
6.49406e+06
6.35778e+06
6.21108e+06
6.05433e+06
5.88723e+06
5.70807e+06
5.51475e+06
5.29761e+06
5.05082e+06
4.72113e+06
4.28068e+06
7.08693e+06
7.08612e+06
7.08492e+06
7.08407e+06
7.08442e+06
7.08665e+06
7.09094e+06
7.0968e+06
7.10283e+06
7.10683e+06
7.10593e+06
7.09698e+06
7.07688e+06
7.04304e+06
6.99365e+06
6.92784e+06
6.84568e+06
6.74799e+06
6.63606e+06
6.51131e+06
6.37496e+06
6.22777e+06
6.06985e+06
5.90073e+06
5.71844e+06
5.52039e+06
5.29314e+06
5.03335e+06
4.66184e+06
4.22121e+06
7.11695e+06
7.11602e+06
7.11457e+06
7.11334e+06
7.11317e+06
7.11472e+06
7.11821e+06
7.12312e+06
7.12809e+06
7.13096e+06
7.12891e+06
7.11885e+06
7.09774e+06
7.06306e+06
7.01306e+06
6.94693e+06
6.86475e+06
6.76732e+06
6.65587e+06
6.53172e+06
6.39598e+06
6.24925e+06
6.09151e+06
5.92224e+06
5.73984e+06
5.54213e+06
5.31877e+06
5.06496e+06
4.72448e+06
4.28236e+06
7.14448e+06
7.14354e+06
7.14207e+06
7.14078e+06
7.14048e+06
7.14181e+06
7.14495e+06
7.14939e+06
7.15376e+06
7.1559e+06
7.15304e+06
7.14215e+06
7.12024e+06
7.08488e+06
7.03441e+06
6.96808e+06
6.88602e+06
6.78906e+06
6.67841e+06
6.55533e+06
6.42085e+06
6.27553e+06
6.11931e+06
5.95176e+06
5.77177e+06
5.57793e+06
5.36133e+06
5.11775e+06
4.78188e+06
4.23198e+06
3.11328e+06
2.96822e+06
2.63687e+06
2.32035e+06
2.02843e+06
1.75378e+06
1.4976e+06
1.26171e+06
1.04641e+06
851726
677461
523295
388795
273443
176625
97601.7
35514.5
-10687.5
-42143.2
-60310
-66675.4
-62792.5
-51420.6
-33613.2
-11892.9
3.49745e+06
3.0589e+06
2.69285e+06
2.35814e+06
2.04709e+06
1.76278e+06
1.50241e+06
1.26434e+06
1.04783e+06
852450
677833
523500
388907
273504
176657
97618.1
35521.1
-10687.1
-42146.6
-60315.4
-66680.9
-62797.8
-51424.9
-33616
-11893.8
3.28514e+06
2.97884e+06
2.64922e+06
2.32346e+06
2.02504e+06
1.75025e+06
1.49535e+06
1.26023e+06
1.04559e+06
851258
677169
523118
388691
273383
176589
97578.9
35496.4
-10705.1
-42161.4
-60328.3
-66693.3
-62807.8
-51432.1
-33620.3
-11895.2
3.49262e+06
3.03779e+06
2.67959e+06
2.35072e+06
2.04307e+06
1.76056e+06
1.50129e+06
1.26375e+06
1.0475e+06
852272
677719
523429
388864
273479
176642
97606.1
35508.1
-10703.2
-42165.7
-60335.9
-66701.4
-62815.6
-51438.5
-33624.4
-11896.6
3.00535e+06
2.93009e+06
2.61114e+06
2.30565e+06
2.02057e+06
1.74965e+06
1.49548e+06
1.26061e+06
1.04582e+06
851393
677262
523174
388723
273401
176599
97581.6
35493.1
-10713.8
-42174.5
-60344.1
-66708.6
-62821.3
-51442.8
-33627
-11897.5
7.17268e+06
7.17185e+06
7.17059e+06
7.16957e+06
7.16954e+06
7.1711e+06
7.17436e+06
7.17878e+06
7.18295e+06
7.18472e+06
7.18136e+06
7.16985e+06
7.14731e+06
7.11141e+06
7.06058e+06
6.99419e+06
6.91247e+06
6.81629e+06
6.7069e+06
6.58554e+06
6.45322e+06
6.31051e+06
6.15745e+06
5.99383e+06
5.81948e+06
5.63431e+06
5.43675e+06
5.22817e+06
5.01204e+06
4.78518e+06
7.19992e+06
7.19936e+06
7.19862e+06
7.19831e+06
7.1991e+06
7.20152e+06
7.20558e+06
7.21064e+06
7.21525e+06
7.21724e+06
7.21386e+06
7.20215e+06
7.17933e+06
7.14316e+06
7.09223e+06
7.02605e+06
6.94499e+06
6.85006e+06
6.74258e+06
6.62386e+06
6.49491e+06
6.35637e+06
6.20853e+06
6.05153e+06
5.88592e+06
5.71295e+06
5.53404e+06
5.35339e+06
5.17844e+06
5.01421e+06
7.22291e+06
7.22275e+06
7.22276e+06
7.22351e+06
7.22557e+06
7.22935e+06
7.23476e+06
7.24106e+06
7.24672e+06
7.24948e+06
7.24661e+06
7.23519e+06
7.2125e+06
7.17642e+06
7.1257e+06
7.06002e+06
6.97993e+06
6.88661e+06
6.78151e+06
6.66605e+06
6.54132e+06
6.40808e+06
6.26683e+06
6.11813e+06
5.96322e+06
5.80469e+06
5.64686e+06
5.49626e+06
5.36804e+06
5.26571e+06
7.24175e+06
7.24208e+06
7.24304e+06
7.24511e+06
7.24879e+06
7.25435e+06
7.26158e+06
7.26961e+06
7.27681e+06
7.28085e+06
7.27896e+06
7.26826e+06
7.24608e+06
7.21045e+06
7.16025e+06
7.09536e+06
7.01653e+06
6.92514e+06
6.82283e+06
6.71117e+06
6.59139e+06
6.46438e+06
6.33083e+06
6.19163e+06
6.04846e+06
5.90442e+06
5.76462e+06
5.63574e+06
5.52983e+06
5.45659e+06
7.25664e+06
7.25753e+06
7.25957e+06
7.26317e+06
7.26873e+06
7.27637e+06
7.28578e+06
7.29592e+06
7.30505e+06
7.31077e+06
7.31026e+06
7.30064e+06
7.27933e+06
7.24445e+06
7.19505e+06
7.13121e+06
7.05389e+06
6.9647e+06
6.86551e+06
6.75807e+06
6.64381e+06
6.52374e+06
6.39875e+06
6.26994e+06
6.13918e+06
6.00979e+06
5.88703e+06
5.77766e+06
5.69264e+06
5.63994e+06
7.26785e+06
7.26934e+06
7.27255e+06
7.27781e+06
7.28542e+06
7.29536e+06
7.30718e+06
7.3197e+06
7.33106e+06
7.33876e+06
7.33992e+06
7.33167e+06
7.3115e+06
7.27761e+06
7.22924e+06
7.16665e+06
7.09104e+06
7.00425e+06
6.90842e+06
6.80552e+06
6.69718e+06
6.58458e+06
6.46875e+06
6.35088e+06
6.23289e+06
6.11796e+06
6.01094e+06
5.91799e+06
5.84768e+06
5.80659e+06
7.27569e+06
7.27781e+06
7.28223e+06
7.28923e+06
7.29898e+06
7.31135e+06
7.32571e+06
7.34078e+06
7.35455e+06
7.3644e+06
7.36742e+06
7.36074e+06
7.34189e+06
7.30918e+06
7.26199e+06
7.20079e+06
7.12701e+06
7.04276e+06
6.95042e+06
6.85225e+06
6.7501e+06
6.64533e+06
6.53904e+06
6.43246e+06
6.32739e+06
6.22665e+06
6.13442e+06
6.05593e+06
5.99784e+06
5.96547e+06
7.28051e+06
7.28327e+06
7.28892e+06
7.29767e+06
7.3096e+06
7.32443e+06
7.3414e+06
7.35907e+06
7.37531e+06
7.3874e+06
7.39237e+06
7.38733e+06
7.3699e+06
7.33845e+06
7.29253e+06
7.23279e+06
7.16089e+06
7.07921e+06
6.99044e+06
6.89709e+06
6.80126e+06
6.70451e+06
6.60801e+06
6.51292e+06
6.4208e+06
6.33396e+06
6.25576e+06
6.19035e+06
6.14269e+06
6.11685e+06
7.28271e+06
7.28609e+06
7.29297e+06
7.30345e+06
7.31753e+06
7.3348e+06
7.35434e+06
7.37459e+06
7.39326e+06
7.40756e+06
7.41446e+06
7.41107e+06
7.39504e+06
7.36487e+06
7.32021e+06
7.26191e+06
7.19188e+06
7.11276e+06
7.02752e+06
6.93898e+06
6.8495e+06
6.76083e+06
6.67422e+06
6.5907e+06
6.51148e+06
6.43828e+06
6.37352e+06
6.32025e+06
6.28197e+06
6.2616e+06
7.28266e+06
7.28665e+06
7.29471e+06
7.30689e+06
7.32305e+06
7.34268e+06
7.36471e+06
7.38741e+06
7.40841e+06
7.42481e+06
7.43353e+06
7.43169e+06
7.41699e+06
7.388e+06
7.34453e+06
7.28761e+06
7.21936e+06
7.14271e+06
7.06091e+06
6.97709e+06
6.89389e+06
6.81326e+06
6.73651e+06
6.66451e+06
6.59806e+06
6.53819e+06
6.48639e+06
6.44456e+06
6.41492e+06
6.39938e+06
7.28073e+06
7.28532e+06
7.29452e+06
7.30832e+06
7.32648e+06
7.34835e+06
7.37271e+06
7.39771e+06
7.42085e+06
7.43916e+06
7.44952e+06
7.44905e+06
7.43551e+06
7.40757e+06
7.36517e+06
7.30951e+06
7.24292e+06
7.1686e+06
7.09009e+06
7.01084e+06
6.93378e+06
6.86105e+06
6.79401e+06
6.73335e+06
6.67941e+06
6.63251e+06
6.59316e+06
6.56217e+06
6.54062e+06
6.52947e+06
7.2773e+06
7.28245e+06
7.29275e+06
7.30809e+06
7.32813e+06
7.35209e+06
7.3786e+06
7.40569e+06
7.43073e+06
7.4507e+06
7.46245e+06
7.46313e+06
7.45054e+06
7.42347e+06
7.38198e+06
7.32742e+06
7.26236e+06
7.19021e+06
7.11484e+06
7.03997e+06
6.96884e+06
6.9038e+06
6.84622e+06
6.79658e+06
6.75475e+06
6.7203e+06
6.69281e+06
6.67206e+06
6.65807e+06
6.65098e+06
7.2727e+06
7.27839e+06
7.28973e+06
7.30653e+06
7.32833e+06
7.3542e+06
7.38265e+06
7.41157e+06
7.43824e+06
7.45958e+06
7.47244e+06
7.47399e+06
7.46212e+06
7.43571e+06
7.39496e+06
7.34138e+06
7.2777e+06
7.2076e+06
7.1352e+06
7.06455e+06
6.99914e+06
6.9415e+06
6.89302e+06
6.85393e+06
6.82361e+06
6.80095e+06
6.78462e+06
6.77343e+06
6.76646e+06
6.7631e+06
7.26726e+06
7.27347e+06
7.28579e+06
7.30395e+06
7.32736e+06
7.35496e+06
7.38513e+06
7.4156e+06
7.4436e+06
7.46599e+06
7.47965e+06
7.48179e+06
7.47039e+06
7.44446e+06
7.4043e+06
7.35158e+06
7.28921e+06
7.22107e+06
7.15154e+06
7.08495e+06
7.02505e+06
6.97449e+06
6.93463e+06
6.90546e+06
6.88591e+06
6.87419e+06
6.86817e+06
6.86577e+06
6.86522e+06
6.86527e+06
7.26129e+06
7.26798e+06
7.28123e+06
7.30064e+06
7.32551e+06
7.35465e+06
7.38627e+06
7.41801e+06
7.44702e+06
7.47014e+06
7.48428e+06
7.48674e+06
7.47559e+06
7.44996e+06
7.4103e+06
7.3584e+06
7.29733e+06
7.23115e+06
7.16446e+06
7.10185e+06
7.04725e+06
7.00339e+06
6.97157e+06
6.95156e+06
6.94185e+06
6.94007e+06
6.94337e+06
6.94888e+06
6.95409e+06
6.95718e+06
7.25508e+06
7.26222e+06
7.27631e+06
7.29687e+06
7.32304e+06
7.35349e+06
7.3863e+06
7.419e+06
7.44869e+06
7.47223e+06
7.48655e+06
7.48908e+06
7.47801e+06
7.45259e+06
7.4134e+06
7.36236e+06
7.30268e+06
7.23856e+06
7.1748e+06
7.11613e+06
7.06661e+06
7.02902e+06
7.00458e+06
6.99283e+06
6.99192e+06
6.99894e+06
7.01043e+06
7.02286e+06
7.0331e+06
7.03884e+06
7.24887e+06
7.25642e+06
7.27128e+06
7.29286e+06
7.32015e+06
7.35168e+06
7.3854e+06
7.41876e+06
7.44882e+06
7.47246e+06
7.48671e+06
7.48911e+06
7.47799e+06
7.45277e+06
7.41413e+06
7.36411e+06
7.30602e+06
7.24418e+06
7.18349e+06
7.12877e+06
7.08412e+06
7.05233e+06
7.03451e+06
7.03004e+06
7.03675e+06
7.05132e+06
7.06978e+06
7.08806e+06
7.10253e+06
7.11049e+06
7.24291e+06
7.25083e+06
7.26636e+06
7.28881e+06
7.31703e+06
7.3494e+06
7.38374e+06
7.41745e+06
7.44756e+06
7.47103e+06
7.485e+06
7.48713e+06
7.47595e+06
7.45101e+06
7.41311e+06
7.36439e+06
7.30821e+06
7.24895e+06
7.19153e+06
7.14078e+06
7.10078e+06
7.07427e+06
7.06228e+06
7.06402e+06
7.07709e+06
7.09787e+06
7.12198e+06
7.14497e+06
7.16283e+06
7.17257e+06
7.23741e+06
7.24565e+06
7.26175e+06
7.2849e+06
7.31382e+06
7.34676e+06
7.38144e+06
7.41519e+06
7.44508e+06
7.46814e+06
7.48167e+06
7.48351e+06
7.47233e+06
7.44787e+06
7.41102e+06
7.36399e+06
7.31014e+06
7.25382e+06
7.19991e+06
7.15316e+06
7.11757e+06
7.09579e+06
7.08875e+06
7.09557e+06
7.11368e+06
7.13924e+06
7.16766e+06
7.19418e+06
7.21458e+06
7.22564e+06
7.23257e+06
7.24106e+06
7.2576e+06
7.28126e+06
7.31066e+06
7.34389e+06
7.37861e+06
7.41211e+06
7.44153e+06
7.464e+06
7.47702e+06
7.47861e+06
7.46764e+06
7.44396e+06
7.40858e+06
7.36371e+06
7.31267e+06
7.25971e+06
7.20955e+06
7.16682e+06
7.13535e+06
7.11769e+06
7.11469e+06
7.12539e+06
7.14717e+06
7.17609e+06
7.20743e+06
7.23632e+06
7.25838e+06
7.27031e+06
7.22856e+06
7.23723e+06
7.25406e+06
7.27803e+06
7.30763e+06
7.34087e+06
7.37533e+06
7.40833e+06
7.43707e+06
7.45887e+06
7.47139e+06
7.47289e+06
7.4624e+06
7.43993e+06
7.40653e+06
7.36436e+06
7.31665e+06
7.26745e+06
7.22128e+06
7.18252e+06
7.15483e+06
7.14062e+06
7.14069e+06
7.15405e+06
7.17812e+06
7.20895e+06
7.24186e+06
7.27197e+06
7.29488e+06
7.30723e+06
7.22554e+06
7.2343e+06
7.25125e+06
7.27531e+06
7.30485e+06
7.3378e+06
7.37173e+06
7.404e+06
7.43193e+06
7.45302e+06
7.46516e+06
7.46682e+06
7.45721e+06
7.43644e+06
7.40557e+06
7.36668e+06
7.32281e+06
7.27776e+06
7.23573e+06
7.20084e+06
7.17651e+06
7.16503e+06
7.16715e+06
7.18194e+06
7.20691e+06
7.23826e+06
7.27145e+06
7.30169e+06
7.32466e+06
7.33704e+06
7.22364e+06
7.2324e+06
7.24931e+06
7.2732e+06
7.30239e+06
7.33478e+06
7.36794e+06
7.39931e+06
7.42637e+06
7.44682e+06
7.45879e+06
7.46094e+06
7.45268e+06
7.43416e+06
7.40641e+06
7.37136e+06
7.3318e+06
7.29119e+06
7.25338e+06
7.22215e+06
7.20069e+06
7.19114e+06
7.19427e+06
7.20925e+06
7.23379e+06
7.26435e+06
7.29659e+06
7.32597e+06
7.34829e+06
7.36032e+06
7.22299e+06
7.23164e+06
7.24832e+06
7.27182e+06
7.3004e+06
7.33196e+06
7.36415e+06
7.39451e+06
7.42072e+06
7.44069e+06
7.45277e+06
7.45586e+06
7.44945e+06
7.43375e+06
7.40968e+06
7.37898e+06
7.3441e+06
7.30812e+06
7.27447e+06
7.24659e+06
7.22741e+06
7.21896e+06
7.22204e+06
7.23603e+06
7.25889e+06
7.2874e+06
7.31761e+06
7.34522e+06
7.36624e+06
7.37759e+06
7.22372e+06
7.23217e+06
7.24844e+06
7.2713e+06
7.29903e+06
7.32956e+06
7.36063e+06
7.38996e+06
7.4154e+06
7.43513e+06
7.4477e+06
7.45219e+06
7.44817e+06
7.43582e+06
7.41594e+06
7.38998e+06
7.36002e+06
7.32871e+06
7.29904e+06
7.27408e+06
7.25651e+06
7.24829e+06
7.2503e+06
7.26216e+06
7.28217e+06
7.30757e+06
7.33476e+06
7.35979e+06
7.37895e+06
7.38933e+06
7.22595e+06
7.23411e+06
7.24981e+06
7.27184e+06
7.29851e+06
7.32786e+06
7.35775e+06
7.38608e+06
7.41095e+06
7.43074e+06
7.44422e+06
7.45058e+06
7.44945e+06
7.44093e+06
7.42562e+06
7.40465e+06
7.3797e+06
7.35293e+06
7.3269e+06
7.30431e+06
7.28764e+06
7.27877e+06
7.27873e+06
7.28741e+06
7.30357e+06
7.3249e+06
7.34822e+06
7.36999e+06
7.3868e+06
7.39597e+06
7.22987e+06
7.23767e+06
7.25267e+06
7.2737e+06
7.29917e+06
7.32725e+06
7.35596e+06
7.38344e+06
7.40797e+06
7.42818e+06
7.44298e+06
7.45166e+06
7.45385e+06
7.44952e+06
7.43902e+06
7.42312e+06
7.40305e+06
7.38053e+06
7.35767e+06
7.33683e+06
7.3203e+06
7.30993e+06
7.30692e+06
7.31152e+06
7.32296e+06
7.33938e+06
7.35814e+06
7.37609e+06
7.39017e+06
7.39792e+06
7.23574e+06
7.24312e+06
7.25732e+06
7.27725e+06
7.30145e+06
7.32824e+06
7.35587e+06
7.38266e+06
7.40715e+06
7.42813e+06
7.44464e+06
7.45603e+06
7.46184e+06
7.46189e+06
7.45624e+06
7.44527e+06
7.4298e+06
7.41107e+06
7.3908e+06
7.37103e+06
7.35386e+06
7.34121e+06
7.33444e+06
7.3342e+06
7.34018e+06
7.35104e+06
7.36465e+06
7.37834e+06
7.38938e+06
7.39554e+06
7.24393e+06
7.25086e+06
7.26421e+06
7.283e+06
7.30592e+06
7.33149e+06
7.35817e+06
7.3845e+06
7.40923e+06
7.43129e+06
7.44983e+06
7.46416e+06
7.47375e+06
7.47817e+06
7.4772e+06
7.47085e+06
7.4595e+06
7.44397e+06
7.42561e+06
7.40618e+06
7.38767e+06
7.37202e+06
7.36084e+06
7.35515e+06
7.3551e+06
7.3599e+06
7.36793e+06
7.37701e+06
7.38477e+06
7.38923e+06
7.25498e+06
7.26145e+06
7.27393e+06
7.29159e+06
7.3133e+06
7.33775e+06
7.36365e+06
7.38975e+06
7.41496e+06
7.43835e+06
7.45908e+06
7.47643e+06
7.48972e+06
7.49831e+06
7.50165e+06
7.49939e+06
7.49153e+06
7.47851e+06
7.46133e+06
7.44153e+06
7.42102e+06
7.40179e+06
7.38569e+06
7.37408e+06
7.3676e+06
7.366e+06
7.36816e+06
7.37238e+06
7.37669e+06
7.37935e+06
7.26962e+06
7.27563e+06
7.28728e+06
7.30387e+06
7.32444e+06
7.3479e+06
7.37318e+06
7.39922e+06
7.42507e+06
7.44987e+06
7.4728e+06
7.49304e+06
7.50975e+06
7.52206e+06
7.52914e+06
7.5303e+06
7.52517e+06
7.51389e+06
7.49716e+06
7.47634e+06
7.45326e+06
7.43002e+06
7.40861e+06
7.3908e+06
7.37766e+06
7.36944e+06
7.36556e+06
7.36478e+06
7.36551e+06
7.36631e+06
7.28878e+06
7.29435e+06
7.30521e+06
7.32079e+06
7.34031e+06
7.3629e+06
7.38765e+06
7.4137e+06
7.4402e+06
7.46634e+06
7.49126e+06
7.51404e+06
7.53367e+06
7.54906e+06
7.55911e+06
7.56285e+06
7.55963e+06
7.5493e+06
7.53232e+06
7.5099e+06
7.48383e+06
7.45623e+06
7.42932e+06
7.40518e+06
7.38528e+06
7.37039e+06
7.36038e+06
7.35453e+06
7.35163e+06
7.35053e+06
7.31354e+06
7.31871e+06
7.32883e+06
7.34345e+06
7.36198e+06
7.38372e+06
7.40795e+06
7.43394e+06
7.46093e+06
7.48811e+06
7.51458e+06
7.53932e+06
7.56115e+06
7.57879e+06
7.59091e+06
7.59632e+06
7.59413e+06
7.58397e+06
7.56611e+06
7.54162e+06
7.51222e+06
7.4801e+06
7.44764e+06
7.41717e+06
7.39057e+06
7.36903e+06
7.35294e+06
7.34202e+06
7.33547e+06
7.33246e+06
7.34517e+06
7.34994e+06
7.35933e+06
7.373e+06
7.39052e+06
7.41135e+06
7.43493e+06
7.46061e+06
7.48771e+06
7.51542e+06
7.54279e+06
7.56869e+06
7.59181e+06
7.61071e+06
7.6239e+06
7.63001e+06
7.62797e+06
7.61725e+06
7.59795e+06
7.57102e+06
7.53811e+06
7.50141e+06
7.46347e+06
7.42684e+06
7.39369e+06
7.36566e+06
7.34357e+06
7.32765e+06
7.3175e+06
7.3126e+06
7.38494e+06
7.38931e+06
7.39794e+06
7.4106e+06
7.42699e+06
7.44672e+06
7.46933e+06
7.49427e+06
7.52091e+06
7.54842e+06
7.57582e+06
7.60189e+06
7.62524e+06
7.64432e+06
7.65751e+06
7.66333e+06
7.66059e+06
7.64864e+06
7.62745e+06
7.59781e+06
7.56131e+06
7.52014e+06
7.47692e+06
7.43436e+06
7.39493e+06
7.36062e+06
7.33272e+06
7.3119e+06
7.29824e+06
7.2915e+06
7.43407e+06
7.43799e+06
7.44577e+06
7.45728e+06
7.47231e+06
7.4906e+06
7.51177e+06
7.53536e+06
7.56076e+06
7.58717e+06
7.61356e+06
7.6387e+06
7.66112e+06
7.67921e+06
7.69133e+06
7.6959e+06
7.69167e+06
7.67788e+06
7.65442e+06
7.62192e+06
7.58187e+06
7.53641e+06
7.48822e+06
7.44005e+06
7.39468e+06
7.35439e+06
7.32089e+06
7.29536e+06
7.27827e+06
7.26974e+06
7.49352e+06
7.49693e+06
7.50373e+06
7.51385e+06
7.5272e+06
7.54357e+06
7.5627e+06
7.58418e+06
7.60743e+06
7.63169e+06
7.65595e+06
7.67895e+06
7.69925e+06
7.71522e+06
7.72519e+06
7.7276e+06
7.72115e+06
7.70501e+06
7.67898e+06
7.64355e+06
7.60006e+06
7.55059e+06
7.49779e+06
7.44444e+06
7.39349e+06
7.34756e+06
7.30877e+06
7.27872e+06
7.25831e+06
7.24801e+06
7.56392e+06
7.56673e+06
7.57236e+06
7.58082e+06
7.59206e+06
7.60596e+06
7.62234e+06
7.64085e+06
7.66099e+06
7.68201e+06
7.70296e+06
7.72264e+06
7.73965e+06
7.75238e+06
7.75923e+06
7.75865e+06
7.74934e+06
7.73041e+06
7.70158e+06
7.6632e+06
7.61645e+06
7.56329e+06
7.50624e+06
7.44818e+06
7.39209e+06
7.34093e+06
7.29717e+06
7.26281e+06
7.23918e+06
7.22716e+06
7.64538e+06
7.64749e+06
7.65175e+06
7.65822e+06
7.66691e+06
7.67775e+06
7.69066e+06
7.70536e+06
7.7214e+06
7.73813e+06
7.75467e+06
7.76991e+06
7.78253e+06
7.79105e+06
7.79389e+06
7.78958e+06
7.77685e+06
7.75479e+06
7.723e+06
7.68169e+06
7.63189e+06
7.57537e+06
7.51449e+06
7.45216e+06
7.39143e+06
7.33547e+06
7.28707e+06
7.24862e+06
7.22193e+06
7.20826e+06
7.73744e+06
7.73876e+06
7.74146e+06
7.74564e+06
7.75133e+06
7.75858e+06
7.76735e+06
7.77745e+06
7.78854e+06
7.80004e+06
7.8112e+06
7.82103e+06
7.82835e+06
7.83179e+06
7.8299e+06
7.82128e+06
7.80468e+06
7.77919e+06
7.74433e+06
7.70015e+06
7.64754e+06
7.58797e+06
7.52365e+06
7.45753e+06
7.39268e+06
7.33235e+06
7.27967e+06
7.23741e+06
7.20786e+06
7.19264e+06
7.83901e+06
7.83947e+06
7.84046e+06
7.84208e+06
7.84445e+06
7.84766e+06
7.85177e+06
7.85666e+06
7.86211e+06
7.86765e+06
7.87269e+06
7.87636e+06
7.87767e+06
7.8754e+06
7.86821e+06
7.85483e+06
7.83405e+06
7.80494e+06
7.76693e+06
7.71998e+06
7.66476e+06
7.60245e+06
7.53517e+06
7.46571e+06
7.39722e+06
7.33296e+06
7.27637e+06
7.23066e+06
7.1985e+06
7.18189e+06
7.94843e+06
7.94798e+06
7.94715e+06
7.94607e+06
7.9449e+06
7.94383e+06
7.94293e+06
7.94224e+06
7.94162e+06
7.94076e+06
7.9392e+06
7.93627e+06
7.93112e+06
7.92274e+06
7.90991e+06
7.8915e+06
7.86636e+06
7.83353e+06
7.79238e+06
7.74275e+06
7.68506e+06
7.62042e+06
7.55059e+06
7.47828e+06
7.40658e+06
7.33885e+06
7.27883e+06
7.23007e+06
7.19563e+06
7.17778e+06
8.06352e+06
8.06215e+06
8.05948e+06
8.05567e+06
8.05094e+06
8.04553e+06
8.03956e+06
8.03318e+06
8.02638e+06
8.01898e+06
8.01068e+06
8.00099e+06
7.98927e+06
7.97462e+06
7.95607e+06
7.93254e+06
7.90299e+06
7.86646e+06
7.82223e+06
7.77006e+06
7.71013e+06
7.64347e+06
7.57159e+06
7.49688e+06
7.42244e+06
7.35178e+06
7.28887e+06
7.23754e+06
7.20118e+06
7.1823e+06
8.18169e+06
8.17945e+06
8.17503e+06
8.16862e+06
8.16049e+06
8.15091e+06
8.14005e+06
8.1282e+06
8.1154e+06
8.10168e+06
8.08683e+06
8.07058e+06
8.05245e+06
8.03168e+06
8.00755e+06
7.97904e+06
7.9452e+06
7.9051e+06
7.85796e+06
7.80345e+06
7.74162e+06
7.6732e+06
7.59967e+06
7.52306e+06
7.44643e+06
7.37348e+06
7.30831e+06
7.25498e+06
7.21709e+06
7.1974e+06
8.3002e+06
8.29716e+06
8.29117e+06
8.28243e+06
8.27125e+06
8.25788e+06
8.24258e+06
8.22574e+06
8.20746e+06
8.18794e+06
8.16708e+06
8.14475e+06
8.12064e+06
8.09423e+06
8.0649e+06
8.03177e+06
7.99394e+06
7.95053e+06
7.90074e+06
7.84413e+06
7.78076e+06
7.71104e+06
7.63624e+06
7.55823e+06
7.48009e+06
7.40558e+06
7.33885e+06
7.28413e+06
7.2452e+06
7.22496e+06
8.41624e+06
8.41254e+06
8.40524e+06
8.39457e+06
8.38081e+06
8.36422e+06
8.34517e+06
8.32408e+06
8.3011e+06
8.27656e+06
8.25049e+06
8.22285e+06
8.19351e+06
8.16218e+06
8.12823e+06
8.09101e+06
8.04964e+06
8.00332e+06
7.95127e+06
7.89302e+06
7.82857e+06
7.75785e+06
7.68226e+06
7.60352e+06
7.52466e+06
7.44938e+06
7.38188e+06
7.32647e+06
7.28703e+06
7.26652e+06
8.52722e+06
8.52302e+06
8.51473e+06
8.50259e+06
8.48684e+06
8.46776e+06
8.44579e+06
8.42135e+06
8.39464e+06
8.36607e+06
8.33583e+06
8.30391e+06
8.2703e+06
8.2349e+06
8.19714e+06
8.15649e+06
8.1122e+06
8.0636e+06
8.00989e+06
7.95051e+06
7.88518e+06
7.81408e+06
7.73827e+06
7.65958e+06
7.58084e+06
7.50568e+06
7.4383e+06
7.38298e+06
7.34362e+06
7.32315e+06
8.63087e+06
8.62636e+06
8.61742e+06
8.6043e+06
8.58719e+06
8.56643e+06
8.54249e+06
8.51566e+06
8.48635e+06
8.45487e+06
8.42158e+06
8.38655e+06
8.34982e+06
8.31129e+06
8.27064e+06
8.22745e+06
8.18108e+06
8.13088e+06
8.07606e+06
8.016e+06
7.95043e+06
7.87954e+06
7.80429e+06
7.72645e+06
7.64874e+06
7.5747e+06
7.5084e+06
7.45403e+06
7.41537e+06
7.39527e+06
8.72536e+06
8.7207e+06
8.71147e+06
8.69786e+06
8.68008e+06
8.65843e+06
8.63344e+06
8.60528e+06
8.57451e+06
8.54128e+06
8.50612e+06
8.46915e+06
8.4304e+06
8.38989e+06
8.34743e+06
8.3027e+06
8.25511e+06
8.20398e+06
8.14864e+06
8.08854e+06
8.0234e+06
7.95343e+06
7.87955e+06
7.80347e+06
7.72782e+06
7.65597e+06
7.5918e+06
7.53927e+06
7.50197e+06
7.4826e+06
8.80939e+06
8.80475e+06
8.79555e+06
8.78188e+06
8.76406e+06
8.74237e+06
8.71711e+06
8.68865e+06
8.65742e+06
8.62363e+06
8.58774e+06
8.55006e+06
8.5103e+06
8.46908e+06
8.42591e+06
8.38053e+06
8.33246e+06
8.28115e+06
8.226e+06
8.16654e+06
8.10255e+06
8.0343e+06
7.96269e+06
7.8894e+06
7.81691e+06
7.74837e+06
7.68738e+06
7.63762e+06
7.60235e+06
7.58405e+06
8.8822e+06
8.87771e+06
8.86882e+06
8.85553e+06
8.83819e+06
8.81707e+06
8.79238e+06
8.76446e+06
8.73373e+06
8.70042e+06
8.66492e+06
8.62747e+06
8.58812e+06
8.54699e+06
8.50394e+06
8.45875e+06
8.41101e+06
8.36028e+06
8.30606e+06
8.24798e+06
8.18594e+06
8.12027e+06
8.05191e+06
7.98246e+06
7.91424e+06
7.85014e+06
7.79341e+06
7.74729e+06
7.71471e+06
7.69783e+06
8.94358e+06
8.93935e+06
8.9309e+06
8.91843e+06
8.90201e+06
8.88199e+06
8.85854e+06
8.83194e+06
8.80251e+06
8.77052e+06
8.73625e+06
8.6999e+06
8.66163e+06
8.62148e+06
8.57939e+06
8.53518e+06
8.48854e+06
8.43911e+06
8.38655e+06
8.33062e+06
8.27135e+06
8.20916e+06
8.14503e+06
8.08049e+06
8.01765e+06
7.95909e+06
7.90761e+06
7.86599e+06
7.83669e+06
7.82155e+06
8.99382e+06
8.98993e+06
8.9822e+06
8.97069e+06
8.95558e+06
8.93703e+06
8.91523e+06
8.89043e+06
8.86286e+06
8.83276e+06
8.80033e+06
8.76578e+06
8.72924e+06
8.69076e+06
8.65031e+06
8.60774e+06
8.56286e+06
8.51542e+06
8.46522e+06
8.41218e+06
8.35648e+06
8.29868e+06
8.23976e+06
8.18115e+06
8.12474e+06
8.0727e+06
8.02737e+06
7.99098e+06
7.9655e+06
7.95237e+06
9.03368e+06
9.03017e+06
9.02319e+06
9.01281e+06
8.99911e+06
8.98226e+06
8.96239e+06
8.93967e+06
8.91431e+06
8.88645e+06
8.85631e+06
8.82401e+06
8.78967e+06
8.75335e+06
8.71504e+06
8.67465e+06
8.63207e+06
8.5872e+06
8.53999e+06
8.49054e+06
8.4392e+06
8.38664e+06
8.33382e+06
8.28208e+06
8.23302e+06
8.18838e+06
8.14995e+06
8.1194e+06
8.09817e+06
8.08727e+06
9.06398e+06
9.06087e+06
9.05467e+06
9.04543e+06
9.03321e+06
9.01812e+06
9.00026e+06
8.97975e+06
8.95673e+06
8.93133e+06
8.90367e+06
8.87387e+06
8.84201e+06
8.80815e+06
8.77232e+06
8.73448e+06
8.69463e+06
8.65281e+06
8.60916e+06
8.56394e+06
8.51768e+06
8.47112e+06
8.42522e+06
8.38115e+06
8.34019e+06
8.30362e+06
8.27266e+06
8.24841e+06
8.23172e+06
8.22322e+06
9.08574e+06
9.08301e+06
9.07756e+06
9.06942e+06
9.05864e+06
9.04526e+06
9.02937e+06
9.01105e+06
8.99036e+06
8.96741e+06
8.94227e+06
8.91503e+06
8.88574e+06
8.85449e+06
8.82131e+06
8.78627e+06
8.74947e+06
8.7111e+06
8.67148e+06
8.63107e+06
8.59051e+06
8.55063e+06
8.51232e+06
8.47655e+06
8.44424e+06
8.41621e+06
8.3931e+06
8.37539e+06
8.36342e+06
8.35738e+06
9.10002e+06
9.09764e+06
9.09288e+06
9.08575e+06
9.07628e+06
9.06449e+06
9.05043e+06
9.03414e+06
9.01565e+06
8.99501e+06
8.97228e+06
8.94751e+06
8.92076e+06
8.89211e+06
8.86165e+06
8.82955e+06
8.79602e+06
8.76143e+06
8.72626e+06
8.69114e+06
8.65683e+06
8.62416e+06
8.59396e+06
8.56692e+06
8.5436e+06
8.52433e+06
8.50919e+06
8.4981e+06
8.49086e+06
8.4873e+06
9.10788e+06
9.10581e+06
9.10164e+06
9.0954e+06
9.08708e+06
9.07669e+06
9.06425e+06
9.04975e+06
9.03322e+06
9.01468e+06
8.99414e+06
8.97166e+06
8.94729e+06
8.92115e+06
8.8934e+06
8.86431e+06
8.83423e+06
8.80368e+06
8.77332e+06
8.7439e+06
8.71626e+06
8.69123e+06
8.66945e+06
8.65137e+06
8.63715e+06
8.62663e+06
8.61936e+06
8.61474e+06
8.61211e+06
8.61095e+06
9.11031e+06
9.10849e+06
9.10483e+06
9.09932e+06
9.09197e+06
9.08275e+06
9.07167e+06
9.0587e+06
9.04384e+06
9.02709e+06
9.00848e+06
8.98804e+06
8.96585e+06
8.94209e+06
8.917e+06
8.89096e+06
8.86447e+06
8.83821e+06
8.81297e+06
8.7896e+06
8.76897e+06
8.75181e+06
8.73862e+06
8.7295e+06
8.72423e+06
8.7222e+06
8.72248e+06
8.72401e+06
8.72574e+06
8.72683e+06
9.10819e+06
9.10656e+06
9.1033e+06
9.09838e+06
9.09179e+06
9.08352e+06
9.07354e+06
9.0618e+06
9.04831e+06
9.03305e+06
9.01606e+06
8.9974e+06
8.97719e+06
8.95567e+06
8.9332e+06
8.91027e+06
8.88753e+06
8.8658e+06
8.84595e+06
8.8289e+06
8.81549e+06
8.80632e+06
8.80165e+06
8.80127e+06
8.80459e+06
8.81057e+06
8.81789e+06
8.82508e+06
8.83078e+06
8.83392e+06
9.10226e+06
9.10078e+06
9.09781e+06
9.09334e+06
9.08734e+06
9.07977e+06
9.07062e+06
9.05984e+06
9.04742e+06
9.03336e+06
9.01773e+06
9.00061e+06
8.98221e+06
8.96285e+06
8.943e+06
8.92328e+06
8.90448e+06
8.88751e+06
8.87331e+06
8.86277e+06
8.85667e+06
8.85543e+06
8.85904e+06
8.86699e+06
8.87832e+06
8.89164e+06
8.90529e+06
8.9175e+06
8.9267e+06
8.93164e+06
9.09314e+06
9.09176e+06
9.089e+06
9.08484e+06
9.07924e+06
9.07217e+06
9.06362e+06
9.05354e+06
9.04193e+06
9.02884e+06
9.01434e+06
8.99861e+06
8.98193e+06
8.96471e+06
8.94756e+06
8.93122e+06
8.91658e+06
8.90462e+06
8.89627e+06
8.89236e+06
8.89355e+06
8.90003e+06
8.9115e+06
8.92716e+06
8.94574e+06
8.96556e+06
8.9847e+06
9.00121e+06
9.01335e+06
9.0198e+06
9.08131e+06
9.07999e+06
9.07736e+06
9.07339e+06
9.06804e+06
9.0613e+06
9.05314e+06
9.04356e+06
9.03257e+06
9.02026e+06
9.00677e+06
8.99236e+06
8.9774e+06
8.96242e+06
8.94814e+06
8.93542e+06
8.92521e+06
8.91849e+06
8.91615e+06
8.91891e+06
8.92723e+06
8.94104e+06
8.95979e+06
8.98238e+06
9.00731e+06
9.03267e+06
9.05637e+06
9.07637e+06
9.09086e+06
9.09849e+06
9.06713e+06
9.06584e+06
9.06327e+06
9.05939e+06
9.05417e+06
9.04762e+06
9.03971e+06
9.03049e+06
9.02e+06
9.00839e+06
8.99588e+06
8.98283e+06
8.96971e+06
8.95718e+06
8.94605e+06
8.93724e+06
8.93173e+06
8.93048e+06
8.93425e+06
8.94361e+06
8.95875e+06
8.97938e+06
9.00466e+06
9.03329e+06
9.06355e+06
9.0934e+06
9.12068e+06
9.14331e+06
9.15954e+06
9.16804e+06
9.05084e+06
9.04956e+06
9.047e+06
9.04314e+06
9.03797e+06
9.03151e+06
9.02378e+06
9.01485e+06
9.00484e+06
8.99395e+06
8.98252e+06
8.97099e+06
8.95997e+06
8.9502e+06
8.94255e+06
8.938e+06
8.93748e+06
8.94185e+06
8.95175e+06
8.9675e+06
8.98904e+06
9.01581e+06
9.04678e+06
9.08045e+06
9.11495e+06
9.1482e+06
9.17805e+06
9.2025e+06
9.21986e+06
9.2289e+06
9.03262e+06
9.03133e+06
9.02874e+06
9.02486e+06
9.0197e+06
9.01331e+06
9.00575e+06
8.99713e+06
8.98767e+06
8.97766e+06
8.96752e+06
8.95782e+06
8.94925e+06
8.94262e+06
8.93887e+06
8.93892e+06
8.94363e+06
8.95373e+06
8.96964e+06
8.99145e+06
9.01882e+06
9.05096e+06
9.08667e+06
9.1243e+06
9.16194e+06
9.19752e+06
9.22897e+06
9.25443e+06
9.27236e+06
9.28164e+06
9.01254e+06
9.01123e+06
9.00862e+06
9.00472e+06
8.99959e+06
8.9933e+06
8.98598e+06
8.97781e+06
8.9691e+06
8.96023e+06
8.95174e+06
8.94426e+06
8.93858e+06
8.93556e+06
8.93611e+06
8.94107e+06
8.9512e+06
8.967e+06
8.98869e+06
9.01608e+06
9.04859e+06
9.08524e+06
9.12467e+06
9.16516e+06
9.20483e+06
9.2417e+06
9.27386e+06
9.2996e+06
9.31758e+06
9.32684e+06
8.99066e+06
8.98934e+06
8.98673e+06
8.98286e+06
8.97783e+06
8.97177e+06
8.96486e+06
8.95739e+06
8.94974e+06
8.9424e+06
8.93599e+06
8.93124e+06
8.92896e+06
8.93001e+06
8.93523e+06
8.94536e+06
8.96096e+06
8.98232e+06
9.0094e+06
9.04177e+06
9.07863e+06
9.11885e+06
9.16094e+06
9.20323e+06
9.24387e+06
9.28106e+06
9.3131e+06
9.33849e+06
9.35609e+06
9.36511e+06
8.96702e+06
8.96573e+06
8.96318e+06
8.95945e+06
8.95467e+06
8.94905e+06
8.94283e+06
8.9364e+06
8.93023e+06
8.92492e+06
8.92113e+06
8.91964e+06
8.92127e+06
8.92682e+06
8.93702e+06
8.95245e+06
8.97344e+06
9.00006e+06
9.032e+06
9.06864e+06
9.10898e+06
9.15177e+06
9.19549e+06
9.23853e+06
9.27918e+06
9.31584e+06
9.34704e+06
9.37156e+06
9.38842e+06
9.39702e+06
8.94171e+06
8.94049e+06
8.93811e+06
8.93468e+06
8.9304e+06
8.92552e+06
8.92038e+06
8.91544e+06
8.91129e+06
8.90855e+06
8.90796e+06
8.91028e+06
8.91629e+06
8.92669e+06
8.94206e+06
8.96277e+06
8.98893e+06
9.02035e+06
9.05651e+06
9.09658e+06
9.13946e+06
9.18382e+06
9.22817e+06
9.27101e+06
9.31082e+06
9.34621e+06
9.37599e+06
9.39921e+06
9.41506e+06
9.42311e+06
8.91489e+06
8.91383e+06
8.91177e+06
8.90888e+06
8.9054e+06
8.90166e+06
8.89808e+06
8.89519e+06
8.89362e+06
8.89406e+06
8.89724e+06
8.90387e+06
8.91465e+06
8.93012e+06
8.95069e+06
8.9765e+06
9.00743e+06
9.04305e+06
9.08267e+06
9.12527e+06
9.16972e+06
9.21468e+06
9.25873e+06
9.30052e+06
9.33877e+06
9.37232e+06
9.40023e+06
9.42183e+06
9.43647e+06
9.44388e+06
8.88687e+06
8.88606e+06
8.88453e+06
8.88247e+06
8.8802e+06
8.87807e+06
8.8766e+06
8.87634e+06
8.87798e+06
8.88218e+06
8.88964e+06
8.90099e+06
8.91678e+06
8.93739e+06
8.96301e+06
8.99357e+06
9.02871e+06
9.06779e+06
9.10999e+06
9.15423e+06
9.19928e+06
9.24393e+06
9.28687e+06
9.3269e+06
9.363e+06
9.39427e+06
9.42e+06
9.43975e+06
9.45306e+06
9.45978e+06
8.85816e+06
8.85773e+06
8.85696e+06
8.85608e+06
8.85544e+06
8.85546e+06
8.85667e+06
8.85966e+06
8.86507e+06
8.87354e+06
8.88569e+06
8.90202e+06
8.92292e+06
8.94855e+06
8.97889e+06
9.01365e+06
9.0523e+06
9.09402e+06
9.1379e+06
9.18283e+06
9.22762e+06
9.27112e+06
9.31222e+06
9.34993e+06
9.38344e+06
9.41214e+06
9.43553e+06
9.45328e+06
9.46522e+06
9.47121e+06
8.82952e+06
8.82959e+06
8.82983e+06
8.83051e+06
8.83197e+06
8.83466e+06
8.83911e+06
8.84587e+06
8.85555e+06
8.86869e+06
8.88578e+06
8.90717e+06
8.93305e+06
8.96338e+06
8.99793e+06
9.03621e+06
9.07755e+06
9.12102e+06
9.16567e+06
9.21038e+06
9.25409e+06
9.29576e+06
9.33447e+06
9.36941e+06
9.40005e+06
9.426e+06
9.44694e+06
9.4627e+06
9.47324e+06
9.47852e+06
8.80198e+06
8.80268e+06
8.80419e+06
8.80677e+06
8.81076e+06
8.81658e+06
8.82474e+06
8.8357e+06
8.84998e+06
8.86801e+06
8.89009e+06
8.9164e+06
8.94693e+06
8.98145e+06
9.01952e+06
9.06052e+06
9.10365e+06
9.14797e+06
9.19248e+06
9.23618e+06
9.27808e+06
9.31734e+06
9.35324e+06
9.38518e+06
9.41277e+06
9.43592e+06
9.45444e+06
9.46821e+06
9.47742e+06
9.48199e+06
8.77686e+06
8.7783e+06
8.78129e+06
8.78607e+06
8.79292e+06
8.80222e+06
8.8144e+06
8.8298e+06
8.84881e+06
8.8717e+06
8.8986e+06
8.92947e+06
8.96411e+06
9.00211e+06
9.04288e+06
9.0857e+06
9.12972e+06
9.17399e+06
9.21751e+06
9.2595e+06
9.29901e+06
9.33545e+06
9.36823e+06
9.39701e+06
9.42162e+06
9.44198e+06
9.45807e+06
9.47004e+06
9.47795e+06
9.48187e+06
8.75576e+06
8.75802e+06
8.76262e+06
8.76976e+06
8.77965e+06
8.7926e+06
8.80889e+06
8.82875e+06
8.85236e+06
8.87984e+06
8.91111e+06
8.94593e+06
8.98393e+06
9.02456e+06
9.06712e+06
9.11082e+06
9.1548e+06
9.19818e+06
9.24001e+06
9.27963e+06
9.31635e+06
9.34967e+06
9.37921e+06
9.40481e+06
9.42647e+06
9.44417e+06
9.45804e+06
9.46825e+06
9.47495e+06
9.47827e+06
8.74044e+06
8.74353e+06
8.74977e+06
8.7593e+06
8.77221e+06
8.78873e+06
8.80897e+06
8.833e+06
8.86081e+06
8.89231e+06
8.92725e+06
8.9652e+06
9.00565e+06
9.04793e+06
9.09129e+06
9.13493e+06
9.178e+06
9.21972e+06
9.25921e+06
9.29603e+06
9.32964e+06
9.35969e+06
9.38599e+06
9.4085e+06
9.42728e+06
9.44248e+06
9.45428e+06
9.4629e+06
9.46853e+06
9.47131e+06
8.73269e+06
8.73657e+06
8.74437e+06
8.75611e+06
8.77181e+06
8.79156e+06
8.81529e+06
8.84292e+06
8.8742e+06
8.9089e+06
8.94655e+06
8.98662e+06
9.02847e+06
9.07135e+06
9.11451e+06
9.15714e+06
9.19849e+06
9.23785e+06
9.27457e+06
9.30826e+06
9.33856e+06
9.36528e+06
9.38836e+06
9.40788e+06
9.42398e+06
9.43689e+06
9.44683e+06
9.45404e+06
9.45872e+06
9.46102e+06
8.73425e+06
8.73881e+06
8.74792e+06
8.76154e+06
8.77955e+06
8.80193e+06
8.8284e+06
8.85874e+06
8.89252e+06
8.92932e+06
8.96855e+06
9.00958e+06
9.05166e+06
9.09405e+06
9.13599e+06
9.17675e+06
9.21564e+06
9.25209e+06
9.28563e+06
9.31594e+06
9.34283e+06
9.36624e+06
9.38622e+06
9.40293e+06
9.41657e+06
9.42741e+06
9.43568e+06
9.44165e+06
9.44551e+06
9.4474e+06
8.74657e+06
8.75163e+06
8.76169e+06
8.77664e+06
8.79629e+06
8.82043e+06
8.84862e+06
8.8806e+06
8.91562e+06
8.95327e+06
8.9928e+06
9.0335e+06
9.07462e+06
9.11542e+06
9.15518e+06
9.19324e+06
9.22904e+06
9.26212e+06
9.29214e+06
9.31892e+06
9.34238e+06
9.36256e+06
9.37959e+06
9.39368e+06
9.40508e+06
9.41405e+06
9.42086e+06
9.42573e+06
9.42887e+06
9.43041e+06
8.77064e+06
8.77597e+06
8.78653e+06
8.80214e+06
8.82251e+06
8.84747e+06
8.87615e+06
8.90844e+06
8.94333e+06
8.98051e+06
9.01892e+06
9.058e+06
9.09696e+06
9.1351e+06
9.17177e+06
9.2064e+06
9.23854e+06
9.26785e+06
9.29413e+06
9.31728e+06
9.33732e+06
9.35436e+06
9.3686e+06
9.38026e+06
9.38961e+06
9.3969e+06
9.4024e+06
9.40632e+06
9.40883e+06
9.41005e+06
8.80684e+06
8.81218e+06
8.82273e+06
8.83827e+06
8.85845e+06
8.88288e+06
8.91092e+06
8.94205e+06
8.97552e+06
9.01065e+06
9.04668e+06
9.08287e+06
9.11852e+06
9.153e+06
9.18574e+06
9.21628e+06
9.24428e+06
9.26951e+06
9.29185e+06
9.31131e+06
9.32797e+06
9.34198e+06
9.35355e+06
9.36294e+06
9.37039e+06
9.37616e+06
9.38048e+06
9.38353e+06
9.38548e+06
9.38642e+06
8.85484e+06
8.85991e+06
8.86992e+06
8.8846e+06
8.9036e+06
8.92642e+06
8.95249e+06
8.98118e+06
9.01179e+06
9.04361e+06
9.07592e+06
9.10803e+06
9.13933e+06
9.16926e+06
9.19734e+06
9.22324e+06
9.2467e+06
9.26758e+06
9.28585e+06
9.30157e+06
9.31486e+06
9.32591e+06
9.33493e+06
9.34215e+06
9.34783e+06
9.35217e+06
9.35539e+06
9.35764e+06
9.35907e+06
9.35977e+06
8.91358e+06
8.91812e+06
8.92708e+06
8.94019e+06
8.95707e+06
8.97725e+06
9.00017e+06
9.02521e+06
9.05171e+06
9.07902e+06
9.10649e+06
9.13352e+06
9.15958e+06
9.18421e+06
9.20705e+06
9.22785e+06
9.24645e+06
9.26278e+06
9.27687e+06
9.2888e+06
9.29874e+06
9.30686e+06
9.31338e+06
9.31852e+06
9.32247e+06
9.32545e+06
9.32761e+06
9.32911e+06
9.33005e+06
9.3305e+06
8.98125e+06
8.98505e+06
8.99253e+06
9.00344e+06
9.01744e+06
9.03409e+06
9.05288e+06
9.07326e+06
9.09465e+06
9.11649e+06
9.13824e+06
9.15939e+06
9.17953e+06
9.19831e+06
9.21547e+06
9.23084e+06
9.24435e+06
9.25598e+06
9.26579e+06
9.27391e+06
9.28049e+06
9.28571e+06
9.28975e+06
9.29282e+06
9.29509e+06
9.29671e+06
9.29784e+06
9.29859e+06
9.29904e+06
9.29925e+06
9.0554e+06
9.05829e+06
9.06396e+06
9.07222e+06
9.08276e+06
9.09522e+06
9.10917e+06
9.12417e+06
9.13975e+06
9.15546e+06
9.17087e+06
9.18563e+06
9.19941e+06
9.21199e+06
9.2232e+06
9.23296e+06
9.24124e+06
9.24809e+06
9.2536e+06
9.25789e+06
9.2611e+06
9.26342e+06
9.265e+06
9.266e+06
9.26657e+06
9.26684e+06
9.26692e+06
9.26691e+06
9.26686e+06
9.26683e+06
9.13305e+06
9.13493e+06
9.13861e+06
9.14394e+06
9.15068e+06
9.15857e+06
9.16729e+06
9.17652e+06
9.1859e+06
9.19514e+06
9.20393e+06
9.21205e+06
9.21931e+06
9.22556e+06
9.23075e+06
9.23486e+06
9.23792e+06
9.24001e+06
9.24123e+06
9.24171e+06
9.24159e+06
9.24102e+06
9.24013e+06
9.23906e+06
9.23793e+06
9.23683e+06
9.23586e+06
9.23507e+06
9.23452e+06
9.23423e+06
9.21091e+06
9.21175e+06
9.21338e+06
9.21569e+06
9.21855e+06
9.22178e+06
9.22519e+06
9.22857e+06
9.23173e+06
9.23449e+06
9.23671e+06
9.23826e+06
9.23907e+06
9.23913e+06
9.23843e+06
9.23703e+06
9.235e+06
9.23245e+06
9.22949e+06
9.22626e+06
9.22288e+06
9.21948e+06
9.21617e+06
9.21305e+06
9.21022e+06
9.20776e+06
9.20572e+06
9.20415e+06
9.20308e+06
9.20254e+06
9.28555e+06
9.28539e+06
9.28504e+06
9.28445e+06
9.28357e+06
9.28233e+06
9.28064e+06
9.27844e+06
9.27566e+06
9.27227e+06
9.26823e+06
9.26357e+06
9.25831e+06
9.25252e+06
9.24627e+06
9.23968e+06
9.23286e+06
9.22593e+06
9.21903e+06
9.21228e+06
9.20579e+06
9.19968e+06
9.19404e+06
9.18895e+06
9.18447e+06
9.18067e+06
9.17758e+06
9.17524e+06
9.17367e+06
9.17288e+06
9.35365e+06
9.35257e+06
9.35042e+06
9.34721e+06
9.34294e+06
9.33764e+06
9.33135e+06
9.3241e+06
9.31596e+06
9.30701e+06
9.29735e+06
9.28709e+06
9.27636e+06
9.2653e+06
9.25405e+06
9.24278e+06
9.23162e+06
9.22073e+06
9.21024e+06
9.20028e+06
9.19095e+06
9.18234e+06
9.17454e+06
9.16761e+06
9.16159e+06
9.15654e+06
9.15246e+06
9.14939e+06
9.14734e+06
9.14631e+06
9.41215e+06
9.4103e+06
9.40662e+06
9.40118e+06
9.39404e+06
9.3853e+06
9.37509e+06
9.36357e+06
9.35088e+06
9.33722e+06
9.32278e+06
9.30777e+06
9.29239e+06
9.27684e+06
9.26134e+06
9.24606e+06
9.2312e+06
9.2169e+06
9.20332e+06
9.19058e+06
9.17877e+06
9.16799e+06
9.1583e+06
9.14975e+06
9.14238e+06
9.13621e+06
9.13126e+06
9.12754e+06
9.12505e+06
9.12381e+06
9.45844e+06
9.45599e+06
9.45113e+06
9.44394e+06
9.43455e+06
9.42313e+06
9.40988e+06
9.395e+06
9.37876e+06
9.36142e+06
9.34324e+06
9.3245e+06
9.30547e+06
9.2864e+06
9.26754e+06
9.24911e+06
9.23131e+06
9.21431e+06
9.19827e+06
9.18331e+06
9.16952e+06
9.15699e+06
9.14578e+06
9.13592e+06
9.12744e+06
9.12036e+06
9.1147e+06
9.11045e+06
9.10762e+06
9.1062e+06
9.49048e+06
9.48762e+06
9.48194e+06
9.47356e+06
9.46264e+06
9.44939e+06
9.43404e+06
9.41689e+06
9.39821e+06
9.37834e+06
9.3576e+06
9.3363e+06
9.31476e+06
9.29326e+06
9.27209e+06
9.25147e+06
9.23164e+06
9.21277e+06
9.19501e+06
9.1785e+06
9.16332e+06
9.14957e+06
9.13728e+06
9.1265e+06
9.11724e+06
9.10952e+06
9.10335e+06
9.09872e+06
9.09564e+06
9.0941e+06
9.50686e+06
9.50378e+06
9.4977e+06
9.48872e+06
9.47702e+06
9.46284e+06
9.44643e+06
9.42811e+06
9.4082e+06
9.38705e+06
9.36501e+06
9.34241e+06
9.31958e+06
9.29685e+06
9.27449e+06
9.25276e+06
9.23189e+06
9.21205e+06
9.19342e+06
9.17611e+06
9.16022e+06
9.14583e+06
9.13299e+06
9.12173e+06
9.11207e+06
9.10402e+06
9.09758e+06
9.09276e+06
9.08955e+06
9.08794e+06
)
;

boundaryField
{
    outerWall
    {
        type            zeroGradient;
    }
    axis
    {
        type            symmetryPlane;
    }
    nozzle
    {
        type            fixedValue;
        value           uniform 0;
    }
    back
    {
        type            empty;
    }
    front
    {
        type            empty;
    }
}


// ************************************************************************* //
