/*--------------------------------*- C++ -*----------------------------------*\
| =========                 |                                                 |
| \\      /  F ield         | OpenFOAM: The Open Source CFD Toolbox           |
|  \\    /   O peration     | Version:  2412                                  |
|   \\  /    A nd           | Website:  www.openfoam.com                      |
|    \\/     M anipulation  |                                                 |
\*---------------------------------------------------------------------------*/
FoamFile
{
    version     2.0;
    format      ascii;
    arch        "LSB;label=32;scalar=64";
    class       surfaceScalarField;
    location    "0.0002";
    object      phi;
}
// * * * * * * * * * * * * * * * * * * * * * * * * * * * * * * * * * * * * * //

dimensions      [1 0 -1 0 0 0 0];

oriented        oriented;

internalField   nonuniform List<scalar> 
7275
(
0.00344115
-0.00254727
0.00695697
-0.00252384
0.0106052
-0.00247589
0.0144294
-0.00241671
0.0184322
-0.00233767
0.0226001
-0.00225413
0.0269003
-0.00217202
0.031264
-0.00206918
0.0356719
-0.00199588
0.0400465
-0.00188414
0.0443862
-0.00179229
0.0486372
-0.00165221
0.0528002
-0.00151012
0.0568275
-0.00132489
0.0606889
-0.00113629
0.0642144
-0.000842985
0.0672986
-0.000555539
0.0697269
-0.000208327
0.071261
0.00019195
0.0716536
0.00064972
0.0706806
0.00116853
0.0681774
0.00174745
0.0640598
0.00238319
0.0583356
0.00306342
0.0511049
0.00376317
0.0425427
0.0044508
0.0328799
0.00508494
0.0223857
0.00561456
0.0113253
0.0060133
0.00620772
0.00345509
-0.00508291
0.00698276
-0.00503648
0.0106436
-0.00494597
0.0144732
-0.00482627
0.0184759
-0.00466898
0.0226542
-0.00451835
0.0269423
-0.00433615
0.0313308
-0.00417068
0.0357265
-0.00398923
0.0401097
-0.00378701
0.0444552
-0.00360034
0.0487153
-0.00332296
0.0528989
-0.00304951
0.0569511
-0.00268243
0.0608275
-0.00229454
0.0643844
-0.00172339
0.0674953
-0.00114214
0.0699538
-0.000448302
0.0715205
0.000354355
0.0719465
0.0012753
0.0710069
0.00232091
0.0685345
0.0034898
0.0644377
0.00477978
0.05872
0.00616241
0.0514786
0.00758541
0.0428854
0.00898551
0.033168
0.0102798
0.0225907
0.0113688
0.0114405
0.0121732
0.0125872
0.00348177
-0.00759498
0.0070344
-0.00752882
0.010714
-0.00739857
0.0145547
-0.00722234
0.0185761
-0.00700666
0.0227481
-0.00677523
0.0270531
-0.00652548
0.0314328
-0.0062782
0.0358347
-0.00600732
0.0402452
-0.00573699
0.0445914
-0.00542862
0.0488971
-0.00505758
0.0531001
-0.00462516
0.0571992
-0.00410223
0.0611002
-0.00349111
0.064718
-0.00267638
0.0678854
-0.00179341
0.0704068
-0.00075366
0.0720399
0.000457015
0.0725354
0.0018504
0.0716649
0.00343855
0.0692492
0.00522676
0.0651955
0.00720158
0.0594988
0.00932387
0.0522421
0.011519
0.0435873
0.0136865
0.0337575
0.0156968
0.0230169
0.017398
0.0116651
0.0186466
0.019303
0.00352137
-0.0100735
0.00710632
-0.00998757
0.0108135
-0.00982601
0.0146785
-0.00960667
0.0187034
-0.00932966
0.0228913
-0.00904639
0.0271914
-0.00872163
0.0315875
-0.00842324
0.0360022
-0.00806471
0.0404238
-0.00772651
0.0448026
-0.0073177
0.0491469
-0.00685713
0.0534025
-0.00627752
0.0575658
-0.00560826
0.0615202
-0.00476069
0.065219
-0.00372694
0.0684737
-0.00254338
0.0710888
-0.00115526
0.072825
0.000467554
0.0734279
0.00234756
0.0726632
0.00450231
0.0703489
0.00693906
0.066368
0.00965224
0.0607037
0.0125771
0.0534265
0.0156149
0.0446809
0.0186327
0.034679
0.0214472
0.0236873
0.0238424
0.0120178
0.0256018
0.0265349
0.00356907
-0.0125065
0.00720014
-0.0124083
0.0109441
-0.0122228
0.0148258
-0.0119615
0.0188797
-0.0116581
0.0230611
-0.0113083
0.027388
-0.0109589
0.0317723
-0.0105828
0.0362196
-0.0101877
0.0406555
-0.00976607
0.0450797
-0.00928725
0.0494633
-0.0087289
0.0537989
-0.00804028
0.0580359
-0.00721553
0.062082
-0.0061465
0.0658856
-0.0049027
0.0692608
-0.00342701
0.0720064
-0.00168872
0.0738861
0.00035094
0.0746401
0.00273431
0.0740289
0.00548232
0.0718501
0.00861797
0.067979
0.0121272
0.0623778
0.01593
0.0550833
0.0199139
0.0462178
0.0239001
0.0359802
0.027643
0.0246376
0.03085
0.0125204
0.0332166
0.0344804
0.00362532
-0.0148858
0.00730442
-0.0147779
0.0110924
-0.0145839
0.0150068
-0.0142942
0.019074
-0.0139714
0.0232743
-0.013585
0.0276017
-0.0132125
0.0320053
-0.0127915
0.0364692
-0.0123651
0.0409442
-0.0118855
0.0454174
-0.011346
0.0498663
-0.0107038
0.0542872
-0.0099231
0.0585998
-0.00892996
0.0627791
-0.00769354
0.0667119
-0.00623012
0.07024
-0.00447715
0.0731595
-0.00239518
0.0752286
6.78227e-05
0.0761844
0.0029714
0.0757809
0.00634251
0.0737987
0.0102268
0.0700886
0.0146062
0.0645799
0.0193898
0.0572765
0.0244483
0.0482667
0.029556
0.0377264
0.0343948
0.0259197
0.0385773
0.0132019
0.0416865
0.0433601
0.00368685
-0.0172045
0.00742213
-0.0170933
0.011245
-0.0168909
0.0151993
-0.0166051
0.0192779
-0.0162634
0.0235036
-0.0158814
0.027838
-0.0154891
0.0322623
-0.0150523
0.0367477
-0.0146045
0.0412691
-0.0140949
0.0457956
-0.0135011
0.0503248
-0.0127994
0.0548379
-0.0119354
0.0592691
-0.0107968
0.0635978
-0.00941949
0.0677003
-0.00775036
0.0714211
-0.00573248
0.0745525
-0.00330885
0.0768638
-0.000426548
0.0780855
0.00300642
0.0779519
0.00703777
0.0762299
0.0117255
0.0727464
0.0170526
0.0673819
0.0229383
0.0600925
0.0292316
0.0509208
0.0356564
0.0400075
0.0418113
0.0276067
0.0471919
0.0141044
0.0512315
0.0534305
0.00374746
-0.0194545
0.00754097
-0.0193499
0.0114116
-0.019151
0.015394
-0.018878
0.0194996
-0.0185465
0.0237345
-0.0181791
0.0280758
-0.0177879
0.0325248
-0.017369
0.03704
-0.0169141
0.0416107
-0.0163976
0.0462141
-0.0157763
0.0508426
-0.0150351
0.0554524
-0.0140817
0.0600373
-0.0128511
0.0645361
-0.0113447
0.0688359
-0.00948986
0.0727861
-0.0072268
0.0761886
-0.00448425
0.0788011
-0.00118667
0.0803512
0.00278805
0.0805714
0.00750029
0.0791998
0.0130445
0.0760245
0.0194102
0.0708738
0.0265352
0.0636408
0.034253
0.0543021
0.0422383
0.0429448
0.0499949
0.0297999
0.0568741
0.0152878
0.0621062
0.0650011
0.00380773
-0.021634
0.00765161
-0.0215384
0.0115693
-0.0213619
0.0155795
-0.0211105
0.0197107
-0.0208172
0.0239602
-0.0204814
0.0283227
-0.0201204
0.0327927
-0.0197355
0.0373527
-0.0193063
0.041975
-0.0187931
0.0466681
-0.018182
0.0513882
-0.0174006
0.0561207
-0.0163858
0.0608822
-0.0151135
0.0655763
-0.013492
0.0701135
-0.0114855
0.0743441
-0.00900685
0.078064
-0.00596115
0.0810385
-0.00226227
0.0830055
0.00223943
0.0836709
0.00765314
0.0827562
0.0140955
0.0799991
0.0215903
0.0751627
0.0301032
0.0680577
0.0394655
0.0585686
0.0493097
0.0467016
0.0590351
0.0326398
0.067819
0.0168386
0.074611
0.0784595
0.00386217
-0.0237418
0.00775654
-0.0236628
0.0117093
-0.0235139
0.0157567
-0.0233131
0.0199
-0.0230612
0.0241635
-0.0227854
0.0285501
-0.0224863
0.0330526
-0.0221587
0.0376532
-0.0217717
0.0423485
-0.0212971
0.0471313
-0.0207124
0.0519552
-0.0199025
0.0568512
-0.0188835
0.0617847
-0.0175746
0.066711
-0.0158936
0.0715165
-0.0137633
0.0760638
-0.0111036
0.0801651
-0.00779703
0.0835819
-0.003725
0.0860566
0.00128102
0.087284
0.00739213
0.0869533
0.0147657
0.0847558
0.0234674
0.0803735
0.0335195
0.0735101
0.0447725
0.0639232
0.0568344
0.0514967
0.0689968
0.0363223
0.0802358
0.0188828
0.0891074
0.0943107
0.00390737
-0.0257795
0.00784015
-0.0257204
0.0118314
-0.0256178
0.015894
-0.0254679
0.0200648
-0.0252949
0.0243509
-0.0250976
0.0287546
-0.0248739
0.0332822
-0.0246247
0.0379289
-0.0243081
0.0427033
-0.0239072
0.0475597
-0.0233428
0.052534
-0.0225792
0.0576033
-0.0215766
0.0627378
-0.0202562
0.0679116
-0.0185582
0.0730226
-0.0163541
0.0779406
-0.0135645
0.08248
-0.0100416
0.0864143
-0.00564162
0.089507
-0.000184476
0.0914207
0.00660391
0.0918402
0.0148999
0.0903838
0.0248707
0.0866467
0.0366032
0.0801991
0.050009
0.070625
0.0647097
0.0576246
0.0799
0.0411237
0.0943425
0.0216055
0.106039
0.113236
0.00393904
-0.0277503
0.0079058
-0.0277218
0.011915
-0.0276648
0.0160042
-0.027594
0.0201845
-0.0275036
0.0244797
-0.0274034
0.0289071
-0.0272849
0.0334646
-0.0271303
0.0381726
-0.0269204
0.0430121
-0.0265984
0.0479848
-0.0261042
0.0531057
-0.0254155
0.0583586
-0.024465
0.0637251
-0.0231798
0.0691609
-0.0214914
0.0746071
-0.0192796
0.0799303
-0.016416
0.0849748
-0.0127538
0.0895281
-0.00810671
0.0933299
-0.00225343
0.0960942
0.00513031
0.097447
0.0143215
0.0969635
0.0255735
0.0941329
0.0390968
0.0883615
0.0549164
0.0790022
0.0727329
0.0654822
0.0916881
0.0474382
0.110351
0.0252861
0.125954
0.136186
0.0039586
-0.0296645
0.00793823
-0.0296663
0.011962
-0.0296679
0.0160517
-0.0296765
0.0202434
-0.0296946
0.0245499
-0.029705
0.0290009
-0.0297141
0.0336005
-0.0296787
0.0383645
-0.0295917
0.0432786
-0.0293665
0.048374
-0.0289891
0.053647
-0.0284034
0.0590952
-0.0275473
0.064702
-0.0263419
0.0704301
-0.0247132
0.076233
-0.0225518
0.0820092
-0.0196974
0.0876146
-0.0159815
0.092865
-0.0111907
0.097508
-0.00503989
0.101278
0.00281868
0.103794
0.0128021
0.104567
0.0252922
0.102986
0.040654
0.0982682
0.0591117
0.0894662
0.0805534
0.0756073
0.104171
0.0558446
0.128427
0.0303702
0.149528
0.164549
0.0039591
-0.0315308
0.00793489
-0.0315623
0.011962
-0.0316364
0.016053
-0.0317308
0.0202408
-0.0318608
0.0245581
-0.0320032
0.0290253
-0.0321497
0.0336723
-0.0322658
0.0384741
-0.0322908
0.0434879
-0.0322217
0.0487048
-0.0319805
0.0541368
-0.0315339
0.0597867
-0.0308152
0.0656421
-0.0297371
0.0716794
-0.0282282
0.077869
-0.0261904
0.0841269
-0.0234286
0.0903418
-0.0197662
0.0963604
-0.0149606
0.101974
-0.00867519
0.106935
-0.000514001
0.11085
0.0101008
0.113227
0.0236742
0.113345
0.0408152
0.110216
0.0620451
0.102527
0.0876001
0.0887357
0.116927
0.0672015
0.148607
0.037548
0.177603
0.200401
0.00394051
-0.0333619
0.00790008
-0.0334266
0.0119084
-0.0335727
0.0159863
-0.0337604
0.0201694
-0.0340119
0.024491
-0.0342952
0.0289768
-0.0345907
0.033643
-0.0348546
0.0385175
-0.0350397
0.0436186
-0.0351362
0.0489598
-0.0350644
0.0545527
-0.0347919
0.0604041
-0.034252
0.0665152
-0.033357
0.0728768
-0.0320379
0.0794495
-0.0301799
0.0862122
-0.0276235
0.0930797
-0.0241445
0.0999524
-0.0194983
0.106644
-0.0132646
0.112938
-0.00501171
0.118549
0.00591246
0.122927
0.0203054
0.125306
0.0389998
0.124505
0.062956
0.118797
0.0929857
0.105875
0.129139
0.0828954
0.170554
0.0481528
0.211076
0.24716
0.00390041
-0.0351713
0.00782499
-0.0352728
0.0117993
-0.0354888
0.015855
-0.0357772
0.0200219
-0.0361499
0.024332
-0.0365705
0.0288357
-0.0370351
0.033531
-0.0374477
0.0384705
-0.0378187
0.0436568
-0.0380928
0.0491183
-0.03822
0.0548658
-0.0381538
0.0609197
-0.0378413
0.0672779
-0.0371772
0.0739512
-0.0361151
0.0809269
-0.0345278
0.088216
-0.0322941
0.0957568
-0.0291311
0.103499
-0.0248171
0.111364
-0.0189081
0.119176
-0.0108718
0.12674
-3.60182e-05
0.13355
0.0147352
0.138872
0.0345028
0.141385
0.0608384
0.138951
0.0954
0.128252
0.139437
0.104435
0.193647
0.0632262
0.251319
0.309295
0.00384302
-0.0369788
0.00771345
-0.0371163
0.011638
-0.0373987
0.0156525
-0.0377854
0.0197856
-0.0382729
0.0241035
-0.0388568
0.0285903
-0.0394492
0.0333193
-0.0400448
0.0383126
-0.0406072
0.043587
-0.0410813
0.049165
-0.041428
0.0550625
-0.0415984
0.061295
-0.0415424
0.067892
-0.0411729
0.0748715
-0.0404391
0.0822494
-0.0392206
0.0900181
-0.0373837
0.0982454
-0.0347332
0.106893
-0.0309516
0.11597
-0.0256471
0.125442
-0.0182401
0.135134
-0.00791369
0.14485
0.00647934
0.153891
0.0265341
0.16099
0.0544106
0.163778
0.0928845
0.158211
0.144903
0.137811
0.213625
0.0903309
0.298139
0.398849
0.00376675
-0.0388025
0.0075636
-0.0389722
0.0114188
-0.0393132
0.0153752
-0.0397926
0.0194792
-0.0404035
0.0237557
-0.041116
0.0282509
-0.0418626
0.0330043
-0.0426349
0.0380489
-0.0433961
0.0433967
-0.0440767
0.0490745
-0.044659
0.0551063
-0.0450953
0.0615149
-0.0453375
0.068327
-0.0453051
0.0755748
-0.0449578
0.0833055
-0.0441963
0.0915854
-0.0429147
0.10043
-0.0408766
0.109965
-0.0378826
0.120243
-0.0334737
0.13139
-0.0271455
0.143438
-0.0179802
0.156372
-0.00479274
0.169877
0.0143396
0.182933
0.0422936
0.192989
0.0833875
0.193451
0.144633
0.17469
0.232264
0.119098
0.35338
0.517507
0.00366897
-0.0406566
0.00737485
-0.0408571
0.0111496
-0.0412514
0.0150402
-0.0418166
0.0190917
-0.042538
0.0233294
-0.0433641
0.0278155
-0.0442656
0.0325832
-0.0452104
0.0376576
-0.0461615
0.0430708
-0.0470649
0.0488394
-0.0478948
0.0549841
-0.048612
0.0615399
-0.049185
0.0685342
-0.0495277
0.0760226
-0.0496308
0.0840704
-0.0494083
0.0927507
-0.0487678
0.102197
-0.0475405
0.112519
-0.0455103
0.123938
-0.0423339
0.136698
-0.0375325
0.151124
-0.0302684
0.16752
-0.0193347
0.186231
-0.00283607
0.20724
0.0224754
0.23038
0.0610829
0.251276
0.124221
0.263631
0.220088
0.209535
0.40743
0.726932
0.00355873
-0.0425611
0.00715632
-0.0427848
0.0108329
-0.0432244
0.0146448
-0.0438693
0.01862
-0.0446734
0.0228152
-0.0456136
0.02728
-0.0466571
0.03205
-0.0477658
0.0371499
-0.0489016
0.0426086
-0.0500249
0.0484458
-0.0511089
0.0546829
-0.0521211
0.0613448
-0.0530351
0.0684873
-0.0537972
0.076162
-0.054394
0.084454
-0.0547748
0.0934712
-0.0548735
0.103378
-0.0545813
0.11439
-0.0537396
0.126794
-0.0520772
0.140987
-0.0492309
0.157554
-0.0445501
0.177261
-0.0370067
0.200972
-0.0247994
0.229622
-0.00474241
0.263234
0.0285764
0.295867
0.092371
0.322964
0.19349
0.267226
0.463449
0.994362
0.00275585
-0.0441294
0.00554836
-0.0443699
0.00841399
-0.0448415
0.0113862
-0.0455287
0.014509
-0.0463949
0.0178279
-0.04742
0.0213739
-0.048562
0.0251797
-0.0497918
0.0292648
-0.0510681
0.0336503
-0.0523618
0.0383511
-0.0536474
0.0433838
-0.0548987
0.04877
-0.0560952
0.0545532
-0.0572054
0.0607827
-0.058221
0.0675351
-0.0591186
0.0749124
-0.059858
0.0830745
-0.0603904
0.0922084
-0.0605857
0.102637
-0.0603101
0.114801
-0.0593198
0.129332
-0.0571561
0.147226
-0.0531546
0.170114
-0.0461454
0.200688
-0.0340008
0.243343
-0.0130035
0.309135
0.0274188
0.410543
0.0927247
0.621358
0.253168
0.579628
1.03671
0.00266854
-0.045743
0.0053789
-0.0459988
0.00816688
-0.0464939
0.0110711
-0.047215
0.0141411
-0.0481366
0.0174149
-0.0492302
0.0209309
-0.0504608
0.0247169
-0.0517982
0.028798
-0.0532094
0.0331892
-0.0546653
0.0379042
-0.0561472
0.0429575
-0.0576346
0.0483712
-0.0591156
0.0541904
-0.0605817
0.0604646
-0.0620271
0.067275
-0.0634591
0.0747362
-0.06487
0.0830042
-0.0662527
0.0923234
-0.0675654
0.103032
-0.0687679
0.115619
-0.0697687
0.130853
-0.070387
0.149911
-0.0703681
0.17462
-0.0691926
0.207946
-0.065865
0.255048
-0.0588595
0.327202
-0.0436938
0.439987
-0.0192021
0.659363
0.0345484
0.139684
1.1
0.00257835
-0.0474084
0.00520028
-0.0476745
0.00790337
-0.048184
0.0107373
-0.0489355
0.0137461
-0.0498996
0.0169709
-0.0510499
0.0204494
-0.0523555
0.02421
-0.0537885
0.028274
-0.0553209
0.0326567
-0.0569288
0.0373692
-0.0585981
0.0424254
-0.0603165
0.047847
-0.0620809
0.0536698
-0.0638967
0.0599509
-0.0657769
0.0667698
-0.0677486
0.0742433
-0.06984
0.0825376
-0.0720912
0.0918997
-0.0745404
0.102682
-0.0772509
0.115411
-0.0803031
0.1309
-0.0838024
0.150419
-0.0879524
0.176089
-0.0930872
0.211836
-0.100009
0.264142
-0.109748
0.348137
-0.126447
0.480947
-0.150932
0.715702
-0.199263
-0.300948
1.15722
0.00248484
-0.0491289
0.00501219
-0.0493979
0.0076326
-0.0499214
0.010389
-0.0506911
0.0133312
-0.0516874
0.0164998
-0.0528811
0.0199327
-0.0542479
0.0236577
-0.0557624
0.0276943
-0.0574021
0.032056
-0.0591493
0.0367509
-0.0609941
0.0417899
-0.0629324
0.0471929
-0.0649717
0.0529917
-0.0671288
0.0592403
-0.0694358
0.0660152
-0.0719392
0.0734306
-0.0747017
0.0816504
-0.07781
0.0909157
-0.0813765
0.101572
-0.0855654
0.114131
-0.0906198
0.129369
-0.0969073
0.148489
-0.105056
0.173411
-0.116125
0.207336
-0.132194
0.255385
-0.156207
0.329018
-0.198637
0.444656
-0.265265
0.672222
-0.425636
-0.743239
1.11562
0.00238742
-0.0509045
0.00482108
-0.0511743
0.00735481
-0.0517071
0.0100298
-0.0524842
0.0129006
-0.0535026
0.016007
-0.0547265
0.0193868
-0.0561403
0.0230669
-0.0577215
0.0270648
-0.0594534
0.0313915
-0.0613244
0.0360523
-0.0633299
0.0410545
-0.0654734
0.0464145
-0.0677735
0.0521587
-0.0702563
0.0583358
-0.0729729
0.065016
-0.0759873
0.0723049
-0.0793939
0.0803552
-0.0833214
0.0893894
-0.087947
0.0997236
-0.093524
0.111816
-0.100432
0.126344
-0.109252
0.144323
-0.120946
0.16733
-0.137147
0.198134
-0.161126
0.241277
-0.197591
0.308471
-0.264184
0.412659
-0.367912
0.6319
-0.643418
1.07508
-1.18492
0.980221
0.0572769
1.01243
-0.0314937
1.04969
-0.0365167
1.07619
-0.0257037
1.08989
-0.0128283
1.0967
-0.00584757
1.10049
-0.00272995
1.10294
-0.00127554
1.10482
-0.000599063
1.1065
-0.000288653
1.10813
-0.000142643
1.10979
-7.10793e-05
1.11148
-3.5724e-05
1.1132
-1.80734e-05
1.11493
-9.16096e-06
1.11665
-4.62938e-06
1.11833
-2.30035e-06
1.11992
-1.11142e-06
1.1214
-5.44531e-07
1.12273
-2.69977e-07
1.12386
-1.60235e-07
1.12478
-1.00491e-07
1.12546
-6.06442e-08
1.12587
-3.41751e-08
2.1746e-09
1.18487
-0.0269869
1.17364
-0.0195771
1.14779
-0.00993003
1.12655
-0.00366574
1.11495
-0.000351888
1.10926
0.000800152
1.10681
0.000786075
1.10615
0.000551823
1.10649
0.000342332
1.10739
0.000200299
1.10863
0.00011471
1.11007
6.45955e-05
1.11165
3.57786e-05
1.11332
1.96793e-05
1.11502
1.08167e-05
1.11673
5.94235e-06
1.1184
3.29013e-06
1.11999
1.82484e-06
1.12147
9.71105e-07
1.12279
4.64165e-07
1.12393
1.53194e-07
1.12485
7.75436e-09
1.12552
-5.35697e-08
1.12594
-7.29024e-08
-2.81618e-08
1.13249
-0.00152126
1.10895
0.00471777
1.09487
0.00490812
1.09117
0.000852431
1.09324
-0.00155111
1.09671
-0.00170053
1.0998
-0.00123516
1.10231
-0.000793271
1.10441
-0.000467004
1.10626
-0.000264485
1.10802
-0.000148894
1.10974
-8.2825e-05
1.11148
-4.53037e-05
1.11323
-2.45154e-05
1.11497
-1.31273e-05
1.1167
-6.88868e-06
1.11838
-3.55307e-06
1.11998
-1.81519e-06
1.12146
-9.6669e-07
1.12279
-5.86361e-07
1.12393
-4.30088e-07
1.12485
-3.34364e-07
1.12552
-2.71017e-07
1.12594
-1.79197e-07
-7.36643e-08
1.19762
-0.0827826
1.18208
0.0210503
1.15348
0.0342915
1.12959
0.0255656
1.11623
0.0126977
1.10983
0.00566697
1.10708
0.00258051
1.10628
0.00117778
1.10656
0.000539873
1.10742
0.000254827
1.10864
0.000123358
1.11008
6.04165e-05
1.11166
3.00464e-05
1.11332
1.51533e-05
1.11502
7.73919e-06
1.11673
4.03537e-06
1.1184
2.12574e-06
1.11999
1.1043e-06
1.12147
5.32322e-07
1.12279
1.82327e-07
1.12393
-1.25362e-08
1.12485
-1.02249e-07
1.12552
-1.44787e-07
1.12594
-1.2513e-07
-6.63276e-08
0.993371
1.0153
1.05043
1.07684
1.09043
1.09708
1.10073
1.10308
1.1049
1.10654
1.10816
1.1098
1.11148
1.1132
1.11493
1.11665
1.11833
1.11992
1.1214
1.12273
1.12386
1.12478
1.12546
1.12587
0.00287581
-0.0532275
0.00581431
-0.0534947
0.00888584
-0.0540311
0.0121463
-0.0548065
0.0156638
-0.0558366
0.019491
-0.0570812
0.023674
-0.0585341
0.0282451
-0.0601777
0.0332237
-0.062003
0.0386192
-0.0640061
0.0444338
-0.0661895
0.0506715
-0.0685668
0.0573452
-0.071168
0.0644811
-0.0740324
0.0721275
-0.0772284
0.0803605
-0.0808423
0.0892942
-0.0850001
0.0990945
-0.0898743
0.11
-0.095706
0.122344
-0.102833
0.136585
-0.111754
0.153355
-0.123209
0.173484
-0.138355
0.198003
-0.159031
0.227776
-0.188351
0.263587
-0.23094
0.298642
-0.296862
0.329012
-0.395989
0.273075
-0.585273
-0.90966
0.00271991
-0.0556368
0.00550748
-0.0558991
0.00843104
-0.0564278
0.0115581
-0.0571959
0.0149458
-0.0582166
0.0186556
-0.0594661
0.0227286
-0.0609357
0.0271955
-0.0626178
0.032072
-0.0645098
0.0373623
-0.0666158
0.043063
-0.0689457
0.0491712
-0.0715225
0.0556897
-0.0743853
0.0626347
-0.0775869
0.0700365
-0.0812053
0.0779517
-0.0853472
0.086465
-0.0901593
0.0957014
-0.0958441
0.105838
-0.102683
0.117112
-0.111061
0.12983
-0.121534
0.144366
-0.134896
0.161127
-0.152328
0.180466
-0.175618
0.202393
-0.207548
0.226475
-0.252306
0.249057
-0.316738
0.263113
-0.407349
0.210848
-0.530318
-0.696083
0.00256682
-0.0581262
0.00520516
-0.0583815
0.00798141
-0.0588929
0.0109734
-0.0596497
0.0142258
-0.0606407
0.0178106
-0.0618829
0.0217614
-0.063348
0.0261078
-0.0650458
0.0308611
-0.0669783
0.0360205
-0.0691575
0.0415766
-0.0716002
0.0475187
-0.0743385
0.0538395
-0.0774182
0.0605421
-0.0809036
0.0676395
-0.0848784
0.0751632
-0.0894621
0.0831657
-0.0948138
0.0917256
-0.101151
0.100953
-0.108771
0.11099
-0.118074
0.121993
-0.129614
0.134108
-0.144156
0.147376
-0.162771
0.16156
-0.186959
0.175687
-0.218785
0.187234
-0.260899
0.189706
-0.316182
0.172674
-0.387215
0.118484
-0.472962
-0.574366
0.00241833
-0.060686
0.00491019
-0.0609318
0.0075434
-0.0614208
0.010395
-0.0621568
0.0135155
-0.0631116
0.0169663
-0.0643278
0.0207854
-0.0657727
0.0249969
-0.067465
0.0296082
-0.0694132
0.0346132
-0.0716363
0.0399966
-0.0741583
0.0457398
-0.0770182
0.0518257
-0.0802677
0.0582426
-0.0839781
0.0649866
-0.0882377
0.0720625
-0.093169
0.0794894
-0.098937
0.0872999
-0.105759
0.0955394
-0.113928
0.104262
-0.123832
0.1135
-0.135981
0.123222
-0.151057
0.133229
-0.169948
0.142963
-0.193793
0.151171
-0.223973
0.15545
-0.262006
0.151573
-0.308973
0.133105
-0.365262
0.0879946
-0.424242
-0.482677
0.00227592
-0.0633039
0.00462608
-0.0635378
0.00712169
-0.0640026
0.00983189
-0.0647059
0.0128229
-0.0656267
0.0161331
-0.066795
0.0198131
-0.0682097
0.0238772
-0.0698768
0.0283301
-0.0718185
0.03316
-0.074058
0.0383463
-0.0766267
0.0438623
-0.079569
0.0496819
-0.0829408
0.0557791
-0.0868167
0.0621322
-0.0912865
0.068722
-0.096471
0.0755347
-0.102531
0.0825601
-0.109673
0.0897879
-0.118172
0.0971979
-0.128379
0.10473
-0.140738
0.112232
-0.155815
0.119362
-0.174291
0.12543
-0.19695
0.12917
-0.224609
0.12844
-0.257935
0.11988
-0.296824
0.098669
-0.340231
0.0603401
-0.381914
-0.418229
0.00214065
-0.0659655
0.00435564
-0.0661859
0.00671801
-0.0666252
0.00929271
-0.0672891
0.0121516
-0.0681742
0.0153198
-0.0692794
0.0188548
-0.0706559
0.0227615
-0.0722807
0.0270424
-0.0741966
0.0316799
-0.0764278
0.0366485
-0.0790133
0.0419143
-0.0820006
0.0474426
-0.0854492
0.0531947
-0.0894332
0.0591321
-0.0940411
0.0652147
-0.0993879
0.0713978
-0.105622
0.0776351
-0.112933
0.0838708
-0.121564
0.0900287
-0.131817
0.0959857
-0.144059
0.101522
-0.158728
0.10624
-0.17631
0.109453
-0.19729
0.110039
-0.222062
0.106282
-0.250729
0.095847
-0.282608
0.0758346
-0.316134
0.0444607
-0.346223
-0.36932
0.0020131
-0.0686552
0.00410067
-0.0688615
0.00633513
-0.0692736
0.00877953
-0.0698945
0.0115021
-0.0707372
0.0145361
-0.0717814
0.0179185
-0.0731023
0.0216613
-0.0746749
0.025759
-0.076548
0.0301904
-0.07875
0.0349249
-0.0813257
0.0399226
-0.0843244
0.0451412
-0.0878077
0.0505314
-0.0918469
0.0560401
-0.0965264
0.0616083
-0.101952
0.067167
-0.108254
0.0726397
-0.1156
0.0779361
-0.124195
0.0829419
-0.134285
0.0874983
-0.146157
0.0913592
-0.160129
0.0941328
-0.176516
0.0952052
-0.195575
0.0936557
-0.217405
0.0881953
-0.241775
0.0772578
-0.267771
0.0591404
-0.293747
0.0333612
-0.315893
-0.331254
0.001894
-0.0713569
0.00386211
-0.0715489
0.00597454
-0.0719318
0.00829782
-0.0725122
0.0108821
-0.0732983
0.0137896
-0.0742978
0.0170112
-0.075535
0.0205862
-0.0770562
0.0244921
-0.0788709
0.0287069
-0.081027
0.0331949
-0.0835701
0.0379119
-0.0865514
0.0428086
-0.0900324
0.0478278
-0.0940802
0.0529047
-0.0987728
0.0579643
-0.104204
0.0629199
-0.110484
0.0676709
-0.117753
0.0721039
-0.126175
0.076082
-0.135941
0.0794314
-0.14726
0.0819104
-0.160345
0.0831665
-0.175375
0.0826903
-0.19244
0.0797699
-0.211454
0.0734865
-0.232014
0.0628392
-0.253178
0.0469049
-0.273441
0.0257415
-0.290032
-0.300638
0.00178362
-0.0740542
0.00363872
-0.0742303
0.00563702
-0.0745851
0.00783981
-0.0751223
0.0103033
-0.0758573
0.0130667
-0.0767974
0.0161418
-0.0779595
0.0195422
-0.0794141
0.0232518
-0.0811627
0.0272425
-0.0832592
0.0314755
-0.0857515
0.0359034
-0.0886915
0.0404719
-0.0921389
0.0451179
-0.0961561
0.049768
-0.100813
0.0543358
-0.106188
0.058721
-0.112372
0.0628071
-0.119474
0.0664663
-0.127619
0.0695519
-0.136944
0.0718903
-0.147588
0.0732615
-0.159676
0.0733695
-0.173286
0.071815
-0.188395
0.0680762
-0.20481
0.061529
-0.222066
0.0515637
-0.239295
0.0377262
-0.255214
0.0202775
-0.267835
-0.275417
0.00168099
-0.0767307
0.00343326
-0.076892
0.00532446
-0.0772176
0.00741737
-0.0777144
0.00975599
-0.0783916
0.0123819
-0.0792714
0.0153154
-0.0803693
0.0185354
-0.0817359
0.0220463
-0.0834193
0.0258079
-0.0854446
0.0297807
-0.0878724
0.0339152
-0.0907525
0.0381539
-0.0941415
0.0424303
-0.0980963
0.0466654
-0.102677
0.0507655
-0.107948
0.0546212
-0.113979
0.058108
-0.120845
0.0610898
-0.128638
0.0634196
-0.137442
0.0649341
-0.147338
0.065443
-0.158383
0.0647106
-0.170577
0.0624412
-0.183832
0.0582716
-0.197904
0.0518007
-0.212332
0.0426806
-0.226361
0.0307301
-0.238947
0.0162625
-0.248668
-0.254247
0.00158756
-0.0793721
0.00324598
-0.0795199
0.00503819
-0.0798149
0.00702191
-0.0802679
0.00924556
-0.0808923
0.0117408
-0.0817104
0.0145249
-0.0827436
0.0175716
-0.0840197
0.0208805
-0.0856322
0.024411
-0.0875803
0.0281214
-0.0899338
0.0319616
-0.0927402
0.0358729
-0.0960519
0.0397878
-0.0999202
0.0436249
-0.104395
0.0472868
-0.109524
0.0506597
-0.115357
0.0536166
-0.121941
0.0560188
-0.129329
0.0577249
-0.137565
0.0585868
-0.14668
0.0584462
-0.156677
0.0571245
-0.167509
0.0544143
-0.179048
0.0500789
-0.191038
0.043879
-0.203058
0.0356378
-0.21448
0.0253264
-0.22448
0.0132467
-0.232038
-0.236236
0.00150335
-0.081965
0.00307323
-0.0820971
0.00477384
-0.0823633
0.00666337
-0.0827779
0.00877661
-0.0833451
0.0111419
-0.0840989
0.0137724
-0.0850647
0.0166574
-0.0862666
0.0197577
-0.0877879
0.0230577
-0.0896632
0.0265057
-0.0919346
0.0300534
-0.0946579
0.0336431
-0.0978793
0.0372081
-0.101643
0.0406676
-0.105989
0.0439243
-0.11095
0.0468643
-0.116554
0.0493614
-0.122823
0.0512794
-0.129775
0.0524853
-0.13742
0.0528475
-0.145748
0.0522379
-0.154727
0.0505275
-0.164276
0.0475802
-0.174252
0.0432558
-0.184412
0.037428
-0.194389
0.0300304
-0.203678
0.0211131
-0.211645
0.0109442
-0.217558
-0.220768
0.001427
-0.084496
0.00292036
-0.0846147
0.00453538
-0.0848484
0.00632838
-0.0852228
0.00833901
-0.0857406
0.0105828
-0.0864296
0.013061
-0.0873205
0.0157833
-0.088465
0.0186821
-0.0898849
0.0217513
-0.091687
0.0249391
-0.0938735
0.0281985
-0.0965076
0.0314747
-0.0996297
0.0347041
-0.103277
0.0378091
-0.107478
0.0406958
-0.112251
0.0432535
-0.117605
0.0453593
-0.123539
0.0468839
-0.130039
0.0477018
-0.137089
0.0476979
-0.144647
0.0467699
-0.152656
0.0448287
-0.161017
0.0417935
-0.169587
0.0375938
-0.178148
0.0321807
-0.186395
0.0255563
-0.193932
0.0178088
-0.200281
0.00916761
-0.204922
-0.207401
0.00135941
-0.0869541
0.00278056
-0.0870576
0.00432499
-0.0872666
0.00602715
-0.0875909
0.00793653
-0.0880639
0.0100615
-0.088691
0.0123987
-0.0895101
0.0149463
-0.0905923
0.0176614
-0.0919326
0.0204926
-0.0936376
0.0234254
-0.0957494
0.0264019
-0.0982887
0.0293748
-0.101307
0.032285
-0.104829
0.0350605
-0.108874
0.0376132
-0.113446
0.0398386
-0.118536
0.0416194
-0.124121
0.0428338
-0.130167
0.0433636
-0.136629
0.0431082
-0.143449
0.0419856
-0.150548
0.0399366
-0.157825
0.0369207
-0.165141
0.0329154
-0.172312
0.0279234
-0.179094
0.021987
-0.185186
0.0152108
-0.190236
0.00778825
-0.19388
-0.195801
0.00130082
-0.0893298
0.00265971
-0.0894178
0.00413269
-0.0896
0.00576111
-0.0898835
0.00757213
-0.0903038
0.00958017
-0.0908724
0.0117844
-0.0916306
0.0141518
-0.0926338
0.016679
-0.0939188
0.019286
-0.0955214
0.0219651
-0.0975563
0.0246668
-0.100001
0.0273482
-0.102911
0.0299571
-0.106302
0.0324292
-0.110183
0.0346844
-0.114544
0.036626
-0.119361
0.0381436
-0.124593
0.0391226
-0.130187
0.0394522
-0.13608
0.0390421
-0.1422
0.0378252
-0.148457
0.0357628
-0.154751
0.0328413
-0.160958
0.0290698
-0.166927
0.0244831
-0.172472
0.0191468
-0.177368
0.0131696
-0.181368
0.00671534
-0.184219
-0.185708
0.00125093
-0.0916148
0.00255543
-0.0916867
0.00396671
-0.091843
0.00552101
-0.0920863
0.00724121
-0.0924556
0.00913913
-0.0929703
0.0112056
-0.0936686
0.0134153
-0.0946044
0.0157317
-0.0958136
0.0181415
-0.0973578
0.0205579
-0.0992768
0.0229958
-0.101644
0.0253984
-0.104441
0.0277251
-0.107697
0.0299208
-0.111407
0.0319145
-0.115549
0.0336184
-0.120086
0.0349297
-0.124963
0.0357395
-0.130113
0.0359446
-0.135461
0.0354602
-0.140923
0.034229
-0.146407
0.0322242
-0.151819
0.0294479
-0.157052
0.0259286
-0.161987
0.0217192
-0.166488
0.0168979
-0.170396
0.0115721
-0.173543
0.00588265
-0.175761
-0.176909
0.0012088
-0.0938015
0.00246846
-0.093859
0.00382358
-0.0939876
0.00531033
-0.0941941
0.00694706
-0.0945167
0.00873439
-0.0949758
0.0106644
-0.0956183
0.0127122
-0.0964938
0.0148381
-0.0976311
0.0170204
-0.0991096
0.0192138
-0.100941
0.0213881
-0.103207
0.0235282
-0.105896
0.0255931
-0.109009
0.0275397
-0.112541
0.0293069
-0.116458
0.0308161
-0.12071
0.0319721
-0.125233
0.0326713
-0.12995
0.0328155
-0.134777
0.0323224
-0.139626
0.0311389
-0.144407
0.0292432
-0.149032
0.0266447
-0.153414
0.0233814
-0.157466
0.0195152
-0.16109
0.0151299
-0.164184
0.0103302
-0.166638
0.0052404
-0.168349
-0.169227
0.00117469
-0.0958837
0.0023955
-0.0959276
0.00370227
-0.0960297
0.00512792
-0.0962033
0.00668104
-0.0964788
0.00836084
-0.0968858
0.0101618
-0.0974821
0.0120406
-0.0982902
0.0139789
-0.0993687
0.0159506
-0.100786
0.0179232
-0.10254
0.0198482
-0.104686
0.0217407
-0.107268
0.0235651
-0.110233
0.0252898
-0.113579
0.0268641
-0.117262
0.0282185
-0.121226
0.0292645
-0.125397
0.0299033
-0.129693
0.0300385
-0.134026
0.0295888
-0.138307
0.0284998
-0.142451
0.0267488
-0.14638
0.0243464
-0.150027
0.0213328
-0.153328
0.0177733
-0.156222
0.0137533
-0.158647
0.00937431
-0.160541
0.00474963
-0.161846
-0.162509
0.00114777
-0.0978561
0.00233801
-0.0978889
0.00360206
-0.097965
0.00497171
-0.0981108
0.00644358
-0.0983382
0.0080254
-0.0987054
0.00968914
-0.0992481
0.0114102
-0.100001
0.0131756
-0.101036
0.0149305
-0.102373
0.0166747
-0.104054
0.0183903
-0.106104
0.0200379
-0.108536
0.0216458
-0.11136
0.0231754
-0.11451
0.0245887
-0.117952
0.0258242
-0.121622
0.0267997
-0.125443
0.0274197
-0.129331
0.0275878
-0.133198
0.0272208
-0.136956
0.0262591
-0.140527
0.0246755
-0.143847
0.0224766
-0.146863
0.0197002
-0.149533
0.016411
-0.151824
0.0126939
-0.153706
0.00864774
-0.155151
0.0043795
-0.156132
-0.156626
0.0011292
-0.0997161
0.00229406
-0.0997381
0.003525
-0.0997944
0.00483858
-0.09991
0.00623547
-0.100097
0.00771741
-0.100429
0.00925039
-0.10092
0.0108251
-0.101634
0.0123984
-0.102606
0.0139505
-0.103873
0.0154847
-0.105485
0.0169823
-0.107431
0.0184329
-0.109721
0.0198388
-0.112373
0.0212014
-0.115323
0.0224831
-0.118513
0.0236317
-0.121885
0.0245701
-0.12536
0.0252047
-0.128853
0.0254376
-0.132281
0.0251808
-0.135561
0.0243677
-0.138623
0.0229633
-0.141415
0.0209669
-0.143896
0.0184111
-0.146043
0.0153577
-0.147843
0.0118896
-0.14929
0.00810396
-0.150378
0.00410507
-0.151104
-0.151465
0.00111778
-0.101461
0.00226456
-0.101474
0.0034638
-0.101512
0.00472044
-0.101595
0.00604934
-0.101758
0.00743389
-0.102058
0.00883999
-0.102499
0.0102642
-0.103179
0.0116562
-0.104084
0.0130318
-0.105301
0.0143581
-0.106817
0.0156499
-0.108655
0.0169266
-0.110815
0.0181527
-0.113256
0.0193729
-0.116003
0.0205501
-0.118932
0.0216393
-0.122001
0.0225677
-0.125134
0.0232421
-0.128248
0.023562
-0.131266
0.0234327
-0.134112
0.0227794
-0.136727
0.0215569
-0.139066
0.0197561
-0.141102
0.017402
-0.142823
0.0145526
-0.144232
0.0112883
-0.145336
0.00770465
-0.146147
0.00390578
-0.146675
-0.146933
0.00111147
-0.103089
0.00224394
-0.103093
0.00341256
-0.103114
0.00462684
-0.103176
0.00589129
-0.103321
0.00716716
-0.103576
0.00846369
-0.103997
0.00972492
-0.104619
0.0109683
-0.105489
0.0121529
-0.106625
0.0132905
-0.108048
0.0144065
-0.109776
0.0154985
-0.111772
0.0166116
-0.11404
0.0176934
-0.116515
0.0187925
-0.119196
0.0198448
-0.121958
0.0207838
-0.124754
0.0215154
-0.127507
0.0219352
-0.130145
0.0219416
-0.132603
0.0214504
-0.13483
0.0204058
-0.136789
0.018789
-0.138461
0.0166168
-0.139843
0.0139437
-0.140949
0.0108468
-0.141793
0.00741428
-0.142386
0.00376029
-0.142766
-0.142951
0.0011078
-0.104595
0.00222984
-0.104592
0.00337699
-0.104603
0.00455438
-0.104654
0.00574271
-0.104773
0.00692861
-0.104999
0.00810722
-0.105401
0.00922712
-0.105963
0.0103133
-0.106798
0.0113191
-0.107836
0.0123041
-0.109184
0.0132458
-0.110764
0.0141936
-0.112598
0.0151703
-0.114663
0.0161799
-0.116889
0.0172104
-0.119281
0.0182449
-0.121745
0.0192084
-0.124214
0.0200069
-0.126625
0.0205315
-0.128917
0.0206736
-0.131033
0.0203395
-0.132929
0.0194632
-0.134575
0.0180162
-0.13596
0.0160058
-0.137079
0.0134913
-0.137969
0.0105103
-0.138594
0.00719863
-0.139048
0.00365585
-0.139322
-0.139455
0.0011095
-0.105979
0.00222743
-0.105975
0.00335596
-0.105979
0.00448598
-0.106014
0.00560674
-0.106115
0.0067153
-0.106331
0.00776418
-0.106688
0.0087708
-0.107225
0.00969128
-0.107982
0.010566
-0.108956
0.0113825
-0.110181
0.0121775
-0.111611
0.0130033
-0.113278
0.0138708
-0.115117
0.0148207
-0.117104
0.0158083
-0.119187
0.0168344
-0.121354
0.0178304
-0.12351
0.0186982
-0.125604
0.0193249
-0.127584
0.0195957
-0.129404
0.019408
-0.131026
0.0186865
-0.132425
0.0173917
-0.133588
0.0155384
-0.134531
0.0131231
-0.135229
0.0102638
-0.135735
0.00704007
-0.13608
0.00358223
-0.136293
-0.136388
0.00111421
-0.107241
0.0022272
-0.107234
0.00333142
-0.107231
0.00442412
-0.107261
0.0054943
-0.107356
0.00651015
-0.107547
0.00745743
-0.10787
0.00834064
-0.108375
0.00912551
-0.109046
0.00986719
-0.109951
0.0105389
-0.111025
0.0112309
-0.112324
0.011941
-0.113781
0.0127236
-0.115392
0.0136056
-0.117125
0.0145928
-0.118936
0.0156073
-0.120772
0.0166368
-0.122647
0.0175696
-0.124449
0.0182892
-0.126155
0.0186758
-0.127727
0.0186196
-0.129129
0.0180356
-0.130339
0.0168877
-0.131357
0.0151385
-0.132151
0.0128358
-0.132738
0.0100696
-0.133176
0.00692443
-0.133455
0.00352481
-0.133629
-0.133707
0.00111732
-0.108373
0.00222645
-0.108366
0.00331905
-0.108364
0.0043796
-0.108391
0.00538434
-0.108472
0.00631766
-0.108641
0.00718101
-0.108945
0.00793762
-0.109382
0.00862549
-0.109996
0.00922577
-0.110779
0.00980628
-0.111734
0.0103762
-0.112847
0.0110068
-0.114109
0.0117251
-0.115481
0.0125619
-0.116954
0.0135158
-0.118487
0.01457
-0.120052
0.0156112
-0.121614
0.0166009
-0.123177
0.0173982
-0.124646
0.0178836
-0.126017
0.0179404
-0.127252
0.0174814
-0.128333
0.0164384
-0.129241
0.0147925
-0.129947
0.0125988
-0.130492
0.00990314
-0.130881
0.00682563
-0.131144
0.00347998
-0.131301
-0.131372
0.00112395
-0.109371
0.0022324
-0.109365
0.00330777
-0.109363
0.0043274
-0.109383
0.00528167
-0.109458
0.00615721
-0.109615
0.00692382
-0.109872
0.00759541
-0.110257
0.00817682
-0.110787
0.00868397
-0.111448
0.00916492
-0.112259
0.00965949
-0.113189
0.0102085
-0.114229
0.0108799
-0.115378
0.0116751
-0.116584
0.0126098
-0.117855
0.0136589
-0.119164
0.0147543
-0.120479
0.0157705
-0.12179
0.0166274
-0.123076
0.0171907
-0.124292
0.0173421
-0.125411
0.0169803
-0.126407
0.0160268
-0.127244
0.0144846
-0.127927
0.0123702
-0.128459
0.00975551
-0.12885
0.00673666
-0.129116
0.00343926
-0.129277
-0.129351
0.00112686
-0.110222
0.00223165
-0.110217
0.00329151
-0.110214
0.00429086
-0.110237
0.00520234
-0.110301
0.00600781
-0.110429
0.00670133
-0.110642
0.00729848
-0.110972
0.00778189
-0.111387
0.00822236
-0.111944
0.00861743
-0.112577
0.00905566
-0.113338
0.0095588
-0.114153
0.0101724
-0.11506
0.0109408
-0.116029
0.0118551
-0.11705
0.0128925
-0.118125
0.0139935
-0.119229
0.0150549
-0.120348
0.0159582
-0.121476
0.0165752
-0.122572
0.016791
-0.123615
0.016498
-0.124563
0.0156354
-0.125389
0.0141831
-0.126087
0.0121502
-0.126637
0.00960699
-0.127059
0.00664576
-0.127349
0.00339664
-0.12753
-0.127615
0.00113169
-0.11091
0.00223676
-0.110907
0.00328671
-0.110903
0.00425868
-0.110922
0.005122
-0.110963
0.00588096
-0.111072
0.00652647
-0.11124
0.00704173
-0.111479
0.00748231
-0.11181
0.00784584
-0.112218
0.00820084
-0.112698
0.00856628
-0.113249
0.00903428
-0.113876
0.00961674
-0.11455
0.0103507
-0.115292
0.0112369
-0.116088
0.0122519
-0.116958
0.0133354
-0.11788
0.0144002
-0.118856
0.0153229
-0.119868
0.0159796
-0.120887
0.0162492
-0.121891
0.0160213
-0.122827
0.0152392
-0.123682
0.0138651
-0.12442
0.0119174
-0.125024
0.00944211
-0.125489
0.00654324
-0.125824
0.00334771
-0.126038
-0.12614
0.00113513
-0.11141
0.00223786
-0.111406
0.00327542
-0.111397
0.00422589
-0.11141
0.00507178
-0.111437
0.00579392
-0.111511
0.00638183
-0.111614
0.00686308
-0.11178
0.00725168
-0.112004
0.00756808
-0.112263
0.00788235
-0.112595
0.00822408
-0.112956
0.0086448
-0.11338
0.00918901
-0.113848
0.00988801
-0.114391
0.0107394
-0.114994
0.0117175
-0.115689
0.0127713
-0.11647
0.0138132
-0.117336
0.0147309
-0.118274
0.0154047
-0.119258
0.0156995
-0.120247
0.0155397
-0.121226
0.014826
-0.122124
0.0135215
-0.122919
0.0116471
-0.1236
0.00924971
-0.124133
0.00642175
-0.124524
0.00328908
-0.12478
-0.124903
0.00113728
-0.111685
0.00223895
-0.11168
0.00327667
-0.11167
0.00421534
-0.11167
0.00503751
-0.111675
0.00572357
-0.111701
0.00629078
-0.111754
0.00674325
-0.111839
0.00708477
-0.111936
0.00738958
-0.112083
0.00765828
-0.112239
0.00797821
-0.112449
0.00837161
-0.112688
0.00888067
-0.112973
0.00952971
-0.113339
0.0103375
-0.113795
0.0112669
-0.114351
0.0122712
-0.115026
0.0132714
-0.115821
0.0141615
-0.11672
0.0148241
-0.117699
0.0151519
-0.118723
0.0150184
-0.119741
0.0143595
-0.120713
0.0131408
-0.1216
0.0113409
-0.122355
0.0090254
-0.122973
0.00627636
-0.123431
0.00321813
-0.123735
-0.123884
0.0011431
-0.111697
0.00224777
-0.111688
0.00328139
-0.111674
0.00420877
-0.111655
0.00501791
-0.111637
0.00569969
-0.111627
0.00625227
-0.111621
0.00667108
-0.111608
0.0070191
-0.111625
0.00729098
-0.111633
0.00755758
-0.111663
0.00784161
-0.111714
0.00819574
-0.111801
0.0086688
-0.111948
0.00927603
-0.112178
0.010012
-0.112506
0.0108774
-0.112976
0.0118124
-0.113577
0.0127511
-0.114336
0.0135968
-0.115231
0.0142347
-0.116231
0.0145553
-0.117305
0.0144529
-0.118394
0.0138523
-0.119458
0.0126998
-0.12044
0.0109895
-0.121288
0.00876277
-0.121995
0.00610329
-0.122527
0.0031327
-0.122883
-0.12306
0.00114682
-0.111393
0.0022536
-0.11138
0.00328886
-0.111361
0.0042213
-0.111328
0.00503348
-0.11129
0.00570867
-0.111237
0.00624437
-0.111168
0.00667903
-0.1111
0.00701074
-0.11102
0.00727802
-0.110922
0.00752519
-0.110843
0.00779557
-0.11078
0.00812235
-0.110747
0.0085396
-0.110781
0.00907135
-0.110911
0.0097436
-0.111176
0.0105176
-0.111579
0.0113754
-0.11216
0.0122382
-0.11291
0.0130188
-0.113822
0.0136213
-0.114872
0.0139279
-0.116006
0.0138583
-0.117196
0.0132961
-0.11834
0.0122101
-0.11943
0.0105895
-0.120385
0.00845719
-0.12118
0.00589907
-0.121792
0.00303108
-0.122204
-0.12241
0.00115486
-0.110722
0.00227036
-0.110707
0.00331247
-0.110684
0.00425015
-0.110638
0.00506325
-0.110579
0.00573938
-0.110492
0.00629558
-0.110392
0.00672972
-0.110266
0.00705365
-0.110107
0.00733158
-0.109956
0.00756257
-0.109782
0.00779694
-0.109636
0.00808569
-0.109538
0.00845979
-0.109514
0.00893427
-0.109591
0.0095136
-0.109813
0.0101938
-0.110197
0.0109456
-0.110781
0.0117121
-0.111553
0.0124178
-0.112511
0.0129657
-0.113622
0.0132632
-0.114844
0.0131801
-0.116105
0.0126756
-0.117373
0.0116586
-0.118558
0.010129
-0.119625
0.00810582
-0.120515
0.00566303
-0.121208
0.00291243
-0.121677
-0.121912
0.00116276
-0.109629
0.00228643
-0.109614
0.00333529
-0.109588
0.00428081
-0.109536
0.0051064
-0.10947
0.00580793
-0.109375
0.00637266
-0.109247
0.00680665
-0.109082
0.00715893
-0.108907
0.00741603
-0.108698
0.00765507
-0.108509
0.00787182
-0.108314
0.00811877
-0.10819
0.00842102
-0.108143
0.00880429
-0.108211
0.00928419
-0.108439
0.00986288
-0.108849
0.0105024
-0.109459
0.0111639
-0.110278
0.0117774
-0.111294
0.0122634
-0.112484
0.0125192
-0.113788
0.0124546
-0.115152
0.0119876
-0.116527
0.0110479
-0.117817
0.00961676
-0.118992
0.00770913
-0.119977
0.00539434
-0.120752
0.00277716
-0.121278
-0.121542
0.00116898
-0.108068
0.0023016
-0.108056
0.00336311
-0.108035
0.00432777
-0.107993
0.00517096
-0.107931
0.00588284
-0.10784
0.00645694
-0.107709
0.0069225
-0.107562
0.00727449
-0.107383
0.00754476
-0.10718
0.00774577
-0.106985
0.00794476
-0.106824
0.00814004
-0.106708
0.00837448
-0.10669
0.00867721
-0.106799
0.00905478
-0.107068
0.00951095
-0.107528
0.0100326
-0.108198
0.0105798
-0.109081
0.0111034
-0.110176
0.0115142
-0.11144
0.0117388
-0.112843
0.011682
-0.114311
0.0112426
-0.115776
0.0103764
-0.117178
0.00904888
-0.118461
0.00726896
-0.119543
0.00509294
-0.120395
0.00262488
-0.120979
-0.121273
0.00117693
-0.106005
0.00231912
-0.106002
0.00339068
-0.105993
0.0043658
-0.105971
0.00522244
-0.105934
0.00594715
-0.105869
0.00655445
-0.105788
0.00702832
-0.105673
0.00738069
-0.10553
0.00765848
-0.105396
0.00785675
-0.105247
0.00801207
-0.105147
0.00815761
-0.105103
0.00832168
-0.105159
0.00852426
-0.105341
0.00879331
-0.105694
0.00912056
-0.106225
0.0095152
-0.106984
0.00995251
-0.107959
0.0103701
-0.10913
0.0107097
-0.110482
0.0108876
-0.111975
0.0108266
-0.113549
0.0104309
-0.115109
0.00964838
-0.116623
0.00842297
-0.117996
0.00677943
-0.119178
0.00475876
-0.120107
0.00245472
-0.120748
-0.121074
0.00117907
-0.103422
0.00232372
-0.103431
0.00339975
-0.103445
0.00438203
-0.103459
0.0052554
-0.103474
0.00600551
-0.103471
0.00662248
-0.103457
0.00709933
-0.103409
0.00747388
-0.103372
0.00772773
-0.103317
0.00791728
-0.103292
0.00804081
-0.103295
0.00812683
-0.103359
0.00820811
-0.103531
0.00832027
-0.103834
0.00847048
-0.104291
0.0086964
-0.104948
0.0089669
-0.105797
0.00927857
-0.106868
0.00959505
-0.108131
0.00986677
-0.109583
0.0100048
-0.11116
0.0099233
-0.112816
0.00956486
-0.114485
0.00885218
-0.116099
0.0077472
-0.11757
0.00624388
-0.118839
0.00438999
-0.119849
0.00226764
-0.120548
-0.120905
0.00117317
-0.100324
0.00231331
-0.100351
0.00339259
-0.100403
0.00438324
-0.100472
0.00526415
-0.100556
0.00601748
-0.100635
0.00663573
-0.100719
0.00713714
-0.100803
0.00750092
-0.100882
0.00775897
-0.100975
0.00791138
-0.101088
0.00798898
-0.101245
0.00802947
-0.101477
0.00804554
-0.1018
0.00806324
-0.102247
0.00811374
-0.102846
0.00820183
-0.103621
0.00835526
-0.1046
0.00854559
-0.105771
0.00876349
-0.10714
0.0089437
-0.108677
0.00903488
-0.110347
0.00895886
-0.112095
0.00863843
-0.113859
0.00800406
-0.115564
0.00701448
-0.117126
0.00566699
-0.118487
0.00398928
-0.119571
0.0020615
-0.120327
-0.120716
0.00115956
-0.0967451
0.00228809
-0.096795
0.00335582
-0.0968929
0.00433888
-0.0970301
0.0052123
-0.0972002
0.00596491
-0.0973905
0.00659739
-0.0976152
0.00709137
-0.0978418
0.0074508
-0.0980808
0.00769149
-0.0983523
0.00782856
-0.0986549
0.00787445
-0.0989977
0.00784792
-0.0994109
0.00778104
-0.0999164
0.00770823
-0.100542
0.00765348
-0.101304
0.00764857
-0.102236
0.00768299
-0.103336
0.00776794
-0.104623
0.0078794
-0.10609
0.00798705
-0.107727
0.00802845
-0.109476
0.00794298
-0.111318
0.0076583
-0.11317
0.00710247
-0.114959
0.00623409
-0.116612
0.00504289
-0.118059
0.00355381
-0.119215
0.00183865
-0.120027
-0.120445
0.00113056
-0.0927408
0.00223181
-0.092818
0.00327406
-0.0929672
0.00423574
-0.0931837
0.00509915
-0.0934615
0.00585042
-0.0937868
0.00646569
-0.0941553
0.00694255
-0.0945494
0.00730173
-0.0949934
0.00751908
-0.0954529
0.00761659
-0.0959632
0.00762126
-0.0965274
0.00755418
-0.0971592
0.00743326
-0.0978686
0.00728483
-0.0986831
0.00713693
-0.0996179
0.00701535
-0.100706
0.00694445
-0.10195
0.00692598
-0.103358
0.00695374
-0.104935
0.00697973
-0.106651
0.00698757
-0.108499
0.00688182
-0.110407
0.00662775
-0.112347
0.00614931
-0.114219
0.00540597
-0.115961
0.00437564
-0.117485
0.00308764
-0.118714
0.0015986
-0.119576
-0.12002
0.00108517
-0.0883923
0.00214241
-0.0884983
0.0031492
-0.0887072
0.00408296
-0.0890118
0.00491792
-0.0894003
0.00564069
-0.0898663
0.00622834
-0.0903873
0.00670133
-0.0909845
0.00702344
-0.0916141
0.00723186
-0.0923071
0.00730866
-0.0930322
0.00727698
-0.0938238
0.00715322
-0.0946768
0.00695968
-0.0955956
0.00673265
-0.0966149
0.00650879
-0.0977428
0.00630503
-0.0989942
0.00613598
-0.100375
0.00602024
-0.101906
0.0059542
-0.103586
0.00591578
-0.105394
0.00587212
-0.107326
0.00577248
-0.109313
0.00554986
-0.111321
0.00514912
-0.113273
0.00452922
-0.115096
0.00366934
-0.116691
0.0025921
-0.117986
0.00134297
-0.118893
-0.119361
0.00102577
-0.0838037
0.00202663
-0.0839388
0.00297941
-0.0842053
0.00386118
-0.0845951
0.00465006
-0.0850954
0.00532899
-0.0856987
0.00590113
-0.0863956
0.00633382
-0.0871688
0.00663947
-0.0880054
0.00680129
-0.0889029
0.00685185
-0.0898659
0.00678265
-0.0908784
0.00661563
-0.0919537
0.00638488
-0.093095
0.00610251
-0.0943105
0.00579942
-0.0956162
0.00550463
-0.0970234
0.00525825
-0.0985585
0.00505729
-0.100202
0.00490949
-0.101982
0.00480615
-0.103882
0.00472604
-0.105892
0.00461581
-0.107949
0.00442585
-0.11002
0.00410337
-0.112045
0.00360787
-0.113936
0.00292615
-0.115597
0.002067
-0.116945
0.00107114
-0.117895
-0.118386
0.000947946
-0.079087
0.00187381
-0.0792489
0.00275419
-0.0795673
0.00356662
-0.0800341
0.00429909
-0.0806455
0.00493717
-0.081384
0.00545932
-0.0822306
0.00585056
-0.0831705
0.00612333
-0.0842054
0.00626315
-0.0853026
0.00627352
-0.0864723
0.00617129
-0.0876998
0.00597154
-0.0889867
0.00568049
-0.0903184
0.00533889
-0.0917266
0.00497944
-0.0932119
0.00463295
-0.0947772
0.00430481
-0.0964325
0.00403572
-0.0982003
0.00382579
-0.100075
0.00366998
-0.102057
0.00353794
-0.10411
0.00341547
-0.106244
0.0032575
-0.108378
0.00301633
-0.110465
0.00264982
-0.112407
0.00215354
-0.114127
0.00152283
-0.115516
0.000790643
-0.116499
-0.117005
0.000853426
-0.07436
0.00168671
-0.074544
0.00248252
-0.0749099
0.00322153
-0.0754479
0.00388326
-0.0761504
0.00445071
-0.0769969
0.00490911
-0.0779719
0.00526241
-0.0790728
0.0054825
-0.0802605
0.00558914
-0.0815455
0.00556984
-0.0828965
0.00543259
-0.0843048
0.00519104
-0.085771
0.00488164
-0.0873005
0.00450353
-0.0888651
0.00409292
-0.0905038
0.00368231
-0.0922039
0.00329795
-0.0939798
0.00295787
-0.0958465
0.00268158
-0.0978019
0.00246959
-0.0998549
0.00232036
-0.101972
0.00218929
-0.104148
0.00205947
-0.106334
0.00189184
-0.108463
0.00166609
-0.110453
0.00135382
-0.112205
0.000959665
-0.113626
0.000497834
-0.11463
-0.115149
0.000748517
-0.0697416
0.00148074
-0.0699438
0.00217744
-0.0703442
0.00282168
-0.0709362
0.00339457
-0.0717058
0.00388369
-0.0726358
0.00428575
-0.0737236
0.00457149
-0.0749331
0.00475487
-0.0762618
0.00481421
-0.0776787
0.00475415
-0.0791758
0.00459063
-0.0807397
0.00433039
-0.0823575
0.00396805
-0.0840175
0.00356377
-0.0857377
0.00311655
-0.0874975
0.00266053
-0.0893099
0.002226
-0.091184
0.00183618
-0.0931315
0.0015132
-0.0951527
0.00124872
-0.0972477
0.00106122
-0.0994177
0.000928312
-0.101633
0.000834421
-0.10385
0.00075095
-0.106003
0.000657466
-0.108015
0.000534881
-0.109783
0.000382601
-0.111222
0.000198986
-0.112233
-0.112758
0.000633205
-0.065338
0.00125064
-0.0655509
0.00183761
-0.0659737
0.00237376
-0.0665961
0.00285329
-0.0674129
0.00326863
-0.0684078
0.00358892
-0.0695582
0.00381729
-0.0708479
0.00393418
-0.0722598
0.00395647
-0.0737845
0.00386438
-0.0753806
0.00366476
-0.0770488
0.00336215
-0.07877
0.00299733
-0.080552
0.00255388
-0.0823601
0.00207228
-0.0842142
0.00157726
-0.0861125
0.00110648
-0.0880602
0.000671387
-0.0900573
0.000297457
-0.0921232
-2.10131e-07
-0.0942568
-0.000213651
-0.0964509
-0.000345276
-0.0986837
-0.000407748
-0.100905
-0.000406075
-0.103065
-0.000365518
-0.105071
-0.000290531
-0.10684
-0.000201988
-0.108269
-0.000101559
-0.109279
-0.109799
0.000509419
-0.0612379
0.00100464
-0.0614544
0.00147325
-0.0618864
0.00190643
-0.062527
0.00229057
-0.0633638
0.0026064
-0.0643791
0.00284133
-0.0655601
0.00300457
-0.0668962
0.0030679
-0.0683512
0.00302454
-0.0699143
0.00289275
-0.0715769
0.00266724
-0.0733085
0.00235556
-0.0750973
0.00195371
-0.0769288
0.00149202
-0.0788051
0.000988486
-0.0807096
0.00046606
-0.0826504
-5.06215e-05
-0.0846316
-0.000524291
-0.0866664
-0.000934792
-0.0887555
-0.00126561
-0.0908989
-0.001501
-0.0930928
-0.00163225
-0.0953153
-0.00164738
-0.0975263
-0.00156231
-0.0996558
-0.00137851
-0.101634
-0.00111342
-0.103369
-0.000780302
-0.104772
-0.000403139
-0.105758
-0.106269
0.000383928
-0.0575129
0.000758226
-0.0577285
0.00111117
-0.0581581
0.00143059
-0.0587918
0.00170611
-0.0596216
0.00191985
-0.0606268
0.00208345
-0.0618169
0.00215939
-0.0631379
0.00216852
-0.0646119
0.00208585
-0.0661726
0.00191265
-0.0678418
0.00165062
-0.0695879
0.00130235
-0.0713861
0.000882501
-0.0732389
0.00039846
-0.0751264
-0.000125778
-0.0770435
-0.000672205
-0.0789945
-0.00121296
-0.0809836
-0.00172289
-0.0830179
-0.00217323
-0.0850997
-0.00253299
-0.0872313
-0.00277933
-0.0894018
-0.00289686
-0.0915857
-0.0028741
-0.0937447
-0.0027032
-0.0958147
-0.00238142
-0.0977336
-0.00192241
-0.0994095
-0.00135134
-0.100758
-0.000696001
-0.101707
-0.102194
0.000261324
-0.0542124
0.000513901
-0.0544209
0.000746539
-0.0548335
0.000952366
-0.0554419
0.00111946
-0.0562408
0.00124864
-0.0572258
0.00131645
-0.0583682
0.00132932
-0.0596611
0.0012563
-0.0610802
0.00112327
-0.0626237
0.000907384
-0.0642523
0.000603672
-0.0659603
0.000241339
-0.0677342
-0.00019714
-0.0695522
-0.0007004
-0.071412
-0.00124658
-0.0733064
-0.001815
-0.0752346
-0.00238094
-0.0771988
-0.00291693
-0.0792032
-0.00339162
-0.0812491
-0.00377403
-0.0833345
-0.00403309
-0.0854467
-0.00413862
-0.0875603
-0.00407373
-0.0896294
-0.00380329
-0.0916197
-0.00334415
-0.093435
-0.0026988
-0.0950202
-0.00189488
-0.0962904
-0.00097903
-0.0971783
-0.0976372
0.000141729
-0.0513601
0.000274196
-0.0515543
0.000392316
-0.0519394
0.000490266
-0.0525146
0.000563502
-0.0532709
0.000592211
-0.054193
0.000577113
-0.0552725
0.000509661
-0.0564981
0.00038681
-0.0578475
0.000192454
-0.0593102
-6.21462e-05
-0.0608688
-0.00039443
-0.0625028
-0.00079688
-0.064206
-0.0012645
-0.0659609
-0.00178846
-0.0677601
-0.00235444
-0.069597
-0.00294369
-0.071469
-0.00353251
-0.0733762
-0.00409232
-0.0753196
-0.00458959
-0.0772976
-0.00498808
-0.0793045
-0.00524884
-0.0813253
-0.00533935
-0.0833274
-0.00520961
-0.0852882
-0.00485609
-0.0871411
-0.00425536
-0.0888326
-0.00342998
-0.0902903
-0.00241003
-0.0914535
-0.00124202
-0.0922686
-0.0926846
2.78279e-05
-0.0489575
5.05062e-05
-0.0491364
6.64556e-05
-0.0494876
6.58243e-05
-0.0500176
3.84283e-05
-0.0507061
-2.03729e-05
-0.0515553
-0.000115148
-0.0525521
-0.000253617
-0.0536854
-0.000445929
-0.0549341
-0.000694251
-0.0562955
-0.00100115
-0.0577544
-0.00137062
-0.0592887
-0.0018046
-0.0608922
-0.0022979
-0.0625532
-0.00284378
-0.0642616
-0.0034301
-0.0660108
-0.00403965
-0.0677968
-0.00464922
-0.0696172
-0.00522911
-0.0714697
-0.00574318
-0.0733492
-0.00615001
-0.0752456
-0.00640524
-0.07714
-0.0064625
-0.0790006
-0.00627676
-0.08081
-0.00582952
-0.0824922
-0.00510129
-0.0840214
-0.00410498
-0.0853271
-0.00287724
-0.0863626
-0.0014835
-0.0870807
-0.0874472
-6.991e-05
-0.046986
-0.000144813
-0.0471458
-0.000225616
-0.0474632
-0.000327654
-0.0479315
-0.000443232
-0.0485552
-0.000582544
-0.0493214
-0.000757942
-0.0502163
-0.000972114
-0.0512411
-0.00122763
-0.0523778
-0.00152338
-0.0536287
-0.00188299
-0.0549554
-0.00229239
-0.0563744
-0.00275861
-0.057858
-0.00327952
-0.059402
-0.00384896
-0.0609967
-0.00445646
-0.0626344
-0.0050858
-0.0643097
-0.00571379
-0.0660179
-0.00630929
-0.0677526
-0.00683346
-0.0695046
-0.00724023
-0.07126
-0.00748288
-0.0729925
-0.00749692
-0.074687
-0.00725017
-0.076302
-0.00670492
-0.0777868
-0.00585121
-0.0791184
-0.00469878
-0.0802452
-0.00329065
-0.0811289
-0.0016965
-0.0817353
-0.0820466
-0.000160127
-0.0454164
-0.000325422
-0.0455553
-0.000498691
-0.0458338
-0.000678913
-0.0462502
-0.000881483
-0.0467941
-0.00110406
-0.0474725
-0.00135024
-0.0482678
-0.00162573
-0.0491817
-0.00193392
-0.0502008
-0.00229585
-0.051312
-0.00269362
-0.0525176
-0.00314528
-0.053799
-0.00364565
-0.0551522
-0.00419589
-0.0565649
-0.00479084
-0.05803
-0.00541947
-0.0595404
-0.0060675
-0.0610858
-0.00671069
-0.0626609
-0.00731625
-0.0642548
-0.00784247
-0.0658539
-0.00823961
-0.0674405
-0.00845375
-0.0689844
-0.00842536
-0.0704762
-0.00811347
-0.0718659
-0.00747126
-0.0731316
-0.00649926
-0.0742362
-0.0052076
-0.0751599
-0.00364273
-0.0758728
-0.00187457
-0.0763587
-0.0766055
-0.000241495
-0.0442103
-0.000484713
-0.0443315
-0.000735568
-0.0445712
-0.000996977
-0.0449313
-0.00127073
-0.0454041
-0.0015584
-0.0459985
-0.00186898
-0.046692
-0.00221014
-0.0474896
-0.00258319
-0.0483868
-0.00298669
-0.0493752
-0.00343331
-0.0504447
-0.00392214
-0.0515915
-0.00445747
-0.0528064
-0.00503764
-0.0540816
-0.00565844
-0.0554086
-0.00630979
-0.0567799
-0.00697292
-0.0581855
-0.00762677
-0.0596104
-0.00823534
-0.0610447
-0.00875429
-0.0624693
-0.00913166
-0.0638624
-0.00930645
-0.0651958
-0.0092268
-0.066453
-0.00884245
-0.0675951
-0.00811045
-0.0686176
-0.007032
-0.0694751
-0.00562026
-0.0701789
-0.00392573
-0.0707069
-0.00201728
-0.0710668
-0.0712432
-0.000310818
-0.0433276
-0.000624642
-0.043431
-0.000941325
-0.0436383
-0.00127046
-0.0439424
-0.0016016
-0.044357
-0.00196062
-0.0448566
-0.00233254
-0.0454612
-0.00272619
-0.0461541
-0.00314634
-0.0469368
-0.00360208
-0.0477985
-0.00409225
-0.0487408
-0.00462059
-0.049756
-0.00519023
-0.0508354
-0.00580027
-0.051973
-0.00644558
-0.0531602
-0.00711649
-0.0543871
-0.00779426
-0.0556434
-0.00845116
-0.0569102
-0.00905413
-0.0581685
-0.00955496
-0.059401
-0.00990078
-0.0605802
-0.0100278
-0.0616836
-0.00988654
-0.0626849
-0.0094239
-0.0635637
-0.00861347
-0.064316
-0.00743889
-0.064923
-0.00593091
-0.0653918
-0.00413072
-0.0657345
-0.00212115
-0.0659581
-0.0660643
-0.000368885
-0.0427272
-0.000740971
-0.042814
-0.00112033
-0.0429875
-0.00149922
-0.0432531
-0.00189972
-0.0435958
-0.00230702
-0.0440283
-0.00272965
-0.0445489
-0.00317504
-0.0451438
-0.0036469
-0.0458195
-0.0041438
-0.0465721
-0.00467356
-0.047395
-0.00524112
-0.048284
-0.005844
-0.0492367
-0.00648257
-0.0502419
-0.00715057
-0.0512921
-0.00783653
-0.0523747
-0.0085232
-0.0534752
-0.00917576
-0.0545787
-0.00976245
-0.0556495
-0.010233
-0.0566761
-0.0105336
-0.0576266
-0.010604
-0.0584825
-0.0103941
-0.0592144
-0.00985549
-0.0598179
-0.00896508
-0.0602919
-0.00771546
-0.0606383
-0.00612968
-0.0608754
-0.00425917
-0.0610293
-0.00218468
-0.0611159
-0.0611535
-0.000420828
-0.0423644
-0.000842716
-0.0424389
-0.00126826
-0.0425862
-0.00170526
-0.0428074
-0.00214573
-0.0431041
-0.00259672
-0.043475
-0.0030729
-0.043912
-0.00356296
-0.0444287
-0.00407514
-0.0450131
-0.00461564
-0.0456643
-0.00518704
-0.0463801
-0.00578674
-0.0471609
-0.00642181
-0.0479931
-0.00708611
-0.0488753
-0.00777293
-0.0497941
-0.00846876
-0.050735
-0.00915292
-0.0516795
-0.00979921
-0.0526056
-0.0103523
-0.0534933
-0.0107798
-0.0542982
-0.0110227
-0.05501
-0.0110264
-0.0556061
-0.0107424
-0.0560616
-0.0101286
-0.056385
-0.00916634
-0.0565805
-0.00785406
-0.0566682
-0.00621821
-0.0566771
-0.00431008
-0.0566471
-0.00220729
-0.0566018
-0.0565732
-0.000463552
-0.0422031
-0.000929159
-0.0422664
-0.00139735
-0.0423931
-0.0018751
-0.0425786
-0.0023578
-0.0428363
-0.00285813
-0.0431488
-0.00337055
-0.043527
-0.0039002
-0.0439748
-0.00445392
-0.0444791
-0.00502881
-0.0450492
-0.00563142
-0.0456732
-0.00626725
-0.0463512
-0.00692863
-0.04708
-0.00761404
-0.0478475
-0.00831424
-0.048641
-0.00901169
-0.0494444
-0.00968477
-0.0502321
-0.0103006
-0.0509814
-0.0108191
-0.0516684
-0.0111888
-0.0522523
-0.0113632
-0.0527172
-0.0112908
-0.0530489
-0.0109289
-0.0532266
-0.0102422
-0.0532724
-0.00921841
-0.0531964
-0.00786121
-0.053035
-0.00619917
-0.0528272
-0.00428565
-0.0526218
-0.00219032
-0.0524551
-0.0523638
-0.000498157
-0.0422116
-0.00100069
-0.0422637
-0.00150751
-0.042373
-0.00201461
-0.0425388
-0.00254183
-0.0427514
-0.00307294
-0.0430296
-0.00361539
-0.0433616
-0.00418381
-0.0437446
-0.00477
-0.0441886
-0.00538672
-0.0446813
-0.00602536
-0.0452312
-0.00668579
-0.0458275
-0.00736986
-0.0464611
-0.00807016
-0.0471231
-0.00877502
-0.0477972
-0.00946777
-0.0484623
-0.0101156
-0.0490979
-0.0106935
-0.0496636
-0.0111594
-0.0501432
-0.0114567
-0.0505074
-0.0115525
-0.0507192
-0.011398
-0.0507869
-0.0109552
-0.0506939
-0.0102003
-0.0504708
-0.00912612
-0.0501373
-0.00774339
-0.0497423
-0.00608111
-0.0493351
-0.00419116
-0.0489701
-0.00213786
-0.0486942
-0.0485464
-0.000530685
-0.0423589
-0.00106119
-0.0424066
-0.00160093
-0.042498
-0.0021467
-0.0426452
-0.00269787
-0.0428357
-0.00326383
-0.043079
-0.00384788
-0.0433693
-0.00444584
-0.0437118
-0.00506511
-0.0441042
-0.00570367
-0.0445424
-0.00636587
-0.0450262
-0.00705037
-0.0455471
-0.00775032
-0.0460962
-0.00845755
-0.0466593
-0.00915752
-0.0472176
-0.00982879
-0.0477469
-0.0104488
-0.0482187
-0.0109687
-0.0486103
-0.0113612
-0.0488782
-0.0115833
-0.0490103
-0.0115904
-0.0489773
-0.0113515
-0.048783
-0.0108267
-0.0484371
-0.0100106
-0.0479578
-0.00890091
-0.047386
-0.00751052
-0.0467811
-0.00587186
-0.0461963
-0.00403346
-0.0456916
-0.00205319
-0.0453212
-0.0451249
-0.000558272
-0.0426236
-0.00111872
-0.0426667
-0.00167965
-0.0427532
-0.00225739
-0.0428768
-0.00283659
-0.0430567
-0.00343419
-0.0432704
-0.00404402
-0.043535
-0.00466824
-0.0438467
-0.00531494
-0.0441964
-0.00598154
-0.0445881
-0.00666785
-0.045016
-0.00736602
-0.0454743
-0.00807401
-0.0459424
-0.00877834
-0.0464096
-0.00946202
-0.0468521
-0.0101001
-0.0472447
-0.0106657
-0.0475531
-0.0111255
-0.0477552
-0.0114357
-0.0478165
-0.0115697
-0.0477136
-0.011479
-0.0474479
-0.0111493
-0.0470006
-0.0105519
-0.0464148
-0.00968456
-0.0457028
-0.00855379
-0.0449178
-0.00717522
-0.0441313
-0.00558251
-0.043395
-0.00382098
-0.0427733
-0.00194072
-0.042325
-0.0420891
-0.000582695
-0.0429888
-0.00116839
-0.0430286
-0.00175883
-0.0431094
-0.00235136
-0.043229
-0.00296478
-0.0433854
-0.0035836
-0.04359
-0.00421553
-0.0438357
-0.00487169
-0.0441144
-0.00554199
-0.0444362
-0.00622724
-0.0447907
-0.00692378
-0.0451721
-0.00763569
-0.0455611
-0.00834256
-0.0459547
-0.00903293
-0.0463251
-0.00968695
-0.0466489
-0.0102821
-0.0468962
-0.0107811
-0.0470425
-0.0111602
-0.0470492
-0.0113777
-0.0469026
-0.011409
-0.0465723
-0.0112253
-0.0460748
-0.0108065
-0.0453965
-0.0101442
-0.0445879
-0.00924074
-0.0436686
-0.00810155
-0.0427066
-0.0067527
-0.0417676
-0.00522617
-0.0409084
-0.00356338
-0.0401939
-0.00180549
-0.0396857
-0.0394195
-0.000603994
-0.0434437
-0.00121241
-0.0434801
-0.00182827
-0.0435554
-0.00244921
-0.0436719
-0.00308144
-0.0438191
-0.00372218
-0.0440169
-0.0043848
-0.0442401
-0.0050576
-0.0445037
-0.00574667
-0.0447974
-0.00644721
-0.0451174
-0.00715542
-0.045451
-0.00786157
-0.0457783
-0.00855556
-0.0460894
-0.00921884
-0.0463574
-0.00982981
-0.0465552
-0.0103613
-0.0466535
-0.0107884
-0.0466231
-0.0110738
-0.0464387
-0.0111983
-0.0460759
-0.0111213
-0.0455381
-0.0108463
-0.044811
-0.0103396
-0.0439337
-0.00961897
-0.0429227
-0.00868928
-0.0418258
-0.00755779
-0.0407221
-0.00625938
-0.0396589
-0.0048172
-0.0387102
-0.00327103
-0.0379276
-0.00165294
-0.0373777
-0.0370906
-0.000627464
-0.0439767
-0.00125642
-0.0440139
-0.00189255
-0.0440856
-0.00253719
-0.0441981
-0.00318452
-0.0443478
-0.00385652
-0.0445251
-0.00453561
-0.0447422
-0.00522135
-0.0449937
-0.00592016
-0.0452593
-0.00662996
-0.045538
-0.00734332
-0.0458164
-0.00804044
-0.0460798
-0.0087098
-0.0463026
-0.00933263
-0.0464589
-0.00988597
-0.0465213
-0.0103442
-0.0464608
-0.0106796
-0.0462507
-0.0108668
-0.0458693
-0.0108793
-0.0453033
-0.010706
-0.0445547
-0.010332
-0.0436285
-0.00975928
-0.042563
-0.0089981
-0.0413812
-0.00804726
-0.0401545
-0.00694346
-0.0389324
-0.00570883
-0.0377811
-0.00437116
-0.0367686
-0.00295438
-0.0359482
-0.00148871
-0.0353728
-0.0350745
-0.000649144
-0.0445843
-0.00130077
-0.0446216
-0.00195487
-0.0446953
-0.00262264
-0.0447994
-0.00329631
-0.0449489
-0.00398115
-0.0451185
-0.00466874
-0.0453311
-0.00537897
-0.0455489
-0.00609074
-0.0457885
-0.00679902
-0.0460269
-0.00749557
-0.0462471
-0.00816822
-0.0464312
-0.00879981
-0.0465524
-0.00936859
-0.0465847
-0.00985139
-0.0464999
-0.0102235
-0.0462715
-0.0104604
-0.0458771
-0.0105424
-0.0452992
-0.0104486
-0.0445381
-0.0101794
-0.0435895
-0.00971777
-0.0424923
-0.00908565
-0.0412611
-0.00828545
-0.0399504
-0.00734227
-0.0386171
-0.00628067
-0.0373146
-0.00512448
-0.0361092
-0.0038997
-0.0350618
-0.00262338
-0.0342274
-0.00131864
-0.0336422
-0.0333427
-0.000670569
-0.0452636
-0.00134343
-0.045301
-0.00202075
-0.0453739
-0.00269994
-0.0454802
-0.003397
-0.0456149
-0.00409151
-0.0457858
-0.00480627
-0.0459688
-0.0055173
-0.0461681
-0.00622806
-0.0463679
-0.00692581
-0.0465554
-0.00760159
-0.0467031
-0.00823867
-0.0467944
-0.00881864
-0.0467996
-0.00932009
-0.0466933
-0.00972026
-0.0464495
-0.00999674
-0.0460453
-0.0101304
-0.0454631
-0.0101033
-0.0446959
-0.00991384
-0.0437422
-0.00954205
-0.0426305
-0.00901229
-0.0413723
-0.00833244
-0.0400112
-0.00751553
-0.0386054
-0.0065934
-0.0371978
-0.00558763
-0.0358505
-0.00452156
-0.0346225
-0.00341582
-0.0335691
-0.00228743
-0.0327387
-0.00114645
-0.0321594
-0.0318666
-0.00069008
-0.0460147
-0.00138506
-0.0460484
-0.00208276
-0.0461199
-0.00278469
-0.046222
-0.00349401
-0.046346
-0.00420628
-0.0465031
-0.00492157
-0.0466607
-0.00563084
-0.0468267
-0.00632593
-0.046979
-0.0070069
-0.0470905
-0.0076497
-0.047152
-0.00824087
-0.0471313
-0.00875784
-0.0470055
-0.00918022
-0.0467474
-0.00948815
-0.0463343
-0.00966288
-0.0457489
-0.00968767
-0.0449828
-0.00955953
-0.0440289
-0.00926513
-0.0429111
-0.00881981
-0.0416439
-0.00823533
-0.040257
-0.00751921
-0.0388074
-0.00670669
-0.0373308
-0.00582047
-0.0358851
-0.00488333
-0.0345261
-0.00391611
-0.0333053
-0.00293626
-0.0322694
-0.00195672
-0.0314604
-0.000976667
-0.0309016
-0.0306194
-0.00071097
-0.0468334
-0.00142241
-0.0468657
-0.00214116
-0.0469267
-0.00285912
-0.0470221
-0.00357473
-0.0471346
-0.00430003
-0.0472564
-0.0050151
-0.0473833
-0.00571556
-0.0475016
-0.00640019
-0.0475807
-0.00704658
-0.0476091
-0.00764256
-0.0475634
-0.00816983
-0.0474143
-0.00860974
-0.0471395
-0.00894314
-0.0467159
-0.00915208
-0.0461258
-0.00922217
-0.0453582
-0.00914692
-0.0444097
-0.00891344
-0.0432944
-0.0085371
-0.0420231
-0.00802823
-0.0406276
-0.0073952
-0.0391524
-0.00667105
-0.0376347
-0.00588313
-0.0361191
-0.00504707
-0.0346725
-0.00418816
-0.0333333
-0.00332357
-0.0321481
-0.00247037
-0.0311479
-0.00163714
-0.0303732
-0.000813525
-0.0298466
-0.029578
-0.000730756
-0.0477148
-0.00146145
-0.0477427
-0.00219061
-0.047795
-0.00292464
-0.0478671
-0.00365263
-0.0479565
-0.00437313
-0.0480404
-0.00507564
-0.0481206
-0.0057656
-0.0481608
-0.0064171
-0.0481572
-0.00702022
-0.0480785
-0.00755713
-0.047907
-0.00801217
-0.0476103
-0.0083667
-0.0471724
-0.00860441
-0.0465739
-0.00871129
-0.0458036
-0.00867799
-0.044858
-0.00849915
-0.0437437
-0.00818349
-0.0424752
-0.00773712
-0.0410799
-0.00717446
-0.0395905
-0.00652379
-0.0380482
-0.0058102
-0.0364955
-0.00504516
-0.0349895
-0.00426811
-0.0335633
-0.00349872
-0.0322645
-0.00275229
-0.0311287
-0.00202525
-0.0301907
-0.00133105
-0.0294619
-0.000659076
-0.0289715
-0.0287218
-0.000747126
-0.0486503
-0.00149315
-0.0486702
-0.00223545
-0.0487063
-0.00297496
-0.0487482
-0.00370383
-0.0487994
-0.00441525
-0.0488309
-0.00510769
-0.0488367
-0.00576335
-0.0487909
-0.00637092
-0.0486798
-0.00691362
-0.0484754
-0.00738476
-0.0481503
-0.00775882
-0.0476929
-0.00802261
-0.047081
-0.00816216
-0.0463036
-0.0081682
-0.0453561
-0.00803743
-0.0442425
-0.00777291
-0.042977
-0.00738159
-0.0415832
-0.00687877
-0.0400916
-0.00629041
-0.0385321
-0.00563363
-0.0369608
-0.00493363
-0.0354119
-0.00422314
-0.0339302
-0.00352032
-0.032554
-0.00284424
-0.0313184
-0.00220573
-0.0302521
-0.00161123
-0.0293773
-0.00104776
-0.0287122
-0.000516029
-0.0282604
-0.0280326
-0.000758663
-0.0496243
-0.00151429
-0.049632
-0.00226317
-0.0496428
-0.00299767
-0.0496486
-0.00372313
-0.0496364
-0.00441725
-0.0496013
-0.00508253
-0.0495111
-0.00569747
-0.0493587
-0.00625248
-0.049117
-0.00673505
-0.0487614
-0.00712449
-0.0482757
-0.00740945
-0.0476437
-0.00757678
-0.0468527
-0.0076181
-0.0458973
-0.00752918
-0.0447806
-0.00731069
-0.0435154
-0.00696953
-0.0421224
-0.00652421
-0.0406252
-0.00599194
-0.039064
-0.00538494
-0.0374797
-0.00473987
-0.0359054
-0.0040821
-0.0343827
-0.00343485
-0.0329526
-0.00281464
-0.031648
-0.00223288
-0.0304951
-0.00170215
-0.0295098
-0.00122409
-0.0287083
-0.000788108
-0.0281057
-0.0003868
-0.027697
-0.0274947
-0.000762933
-0.0506117
-0.00152071
-0.0506023
-0.00226744
-0.0505784
-0.00299686
-0.0505312
-0.00370203
-0.0504454
-0.00437032
-0.0503195
-0.00499435
-0.0501163
-0.0055565
-0.0498354
-0.00605076
-0.049439
-0.00645647
-0.0489207
-0.00676152
-0.0482606
-0.00695522
-0.0474482
-0.00702825
-0.0464792
-0.00697682
-0.0453543
-0.00680192
-0.0440835
-0.00651029
-0.042687
-0.00611563
-0.0411892
-0.00562723
-0.0396278
-0.00507201
-0.038031
-0.00447992
-0.036437
-0.00387184
-0.0348906
-0.00326461
-0.0334272
-0.00268346
-0.0320719
-0.00214825
-0.0308513
-0.00166924
-0.0297868
-0.00124543
-0.0288934
-0.000876064
-0.0281739
-0.000556707
-0.0276307
-0.000268766
-0.0272719
-0.0270915
-0.000756016
-0.0515778
-0.0015066
-0.0515442
-0.00224055
-0.0514768
-0.00295026
-0.0513633
-0.00362197
-0.0511923
-0.00425531
-0.0509483
-0.00482623
-0.0506202
-0.00533305
-0.0501832
-0.00575294
-0.0496253
-0.00607677
-0.0489329
-0.00629218
-0.0480942
-0.0063939
-0.047102
-0.00637937
-0.0459603
-0.00624699
-0.04468
-0.00599975
-0.0432783
-0.00564984
-0.0417776
-0.00521203
-0.040208
-0.00470935
-0.0386049
-0.00416437
-0.0370013
-0.0035919
-0.0354382
-0.00302337
-0.0339449
-0.00247971
-0.0325558
-0.00197976
-0.0312899
-0.00153428
-0.0301664
-0.00115033
-0.029198
-0.000828706
-0.0283965
-0.000564856
-0.0277596
-0.000346976
-0.0272809
-0.000164642
-0.0269666
-0.0268086
-0.000737914
-0.0524729
-0.00146508
-0.0524132
-0.00217532
-0.0522894
-0.00285287
-0.0520996
-0.0034869
-0.0518261
-0.00406669
-0.051455
-0.00457943
-0.0509829
-0.00501297
-0.0503826
-0.00535416
-0.0496524
-0.00559194
-0.0487839
-0.00572501
-0.0477632
-0.00574303
-0.046603
-0.0056469
-0.0453077
-0.00544186
-0.0438946
-0.00513766
-0.0423864
-0.00474851
-0.0408106
-0.00429208
-0.0391995
-0.00378778
-0.0375884
-0.00325729
-0.0360105
-0.00273216
-0.0344939
-0.00222573
-0.0330756
-0.00175868
-0.0317746
-0.00134304
-0.0306113
-0.000986038
-0.0295956
-0.000690658
-0.0287332
-0.000460454
-0.0280191
-0.000291161
-0.0274566
-0.0001652
-0.0270435
-7.45364e-05
-0.0267698
-0.0266342
-0.000704738
-0.0532367
-0.00139656
-0.0531475
-0.002064
-0.0529642
-0.00269609
-0.0526862
-0.00327692
-0.0523008
-0.00379388
-0.051795
-0.00423724
-0.0511708
-0.00459311
-0.0504049
-0.00484911
-0.0495052
-0.00500956
-0.0484562
-0.0050588
-0.0472734
-0.00499921
-0.0459615
-0.00483529
-0.0445351
-0.00457552
-0.0430166
-0.00423238
-0.0414327
-0.0038223
-0.0398137
-0.00336501
-0.0381922
-0.00288127
-0.0366007
-0.0023941
-0.0350688
-0.00191834
-0.033633
-0.0014769
-0.0323039
-0.00108305
-0.0311043
-0.000749474
-0.0300467
-0.00048114
-0.0291356
-0.000280085
-0.0283704
-0.000141797
-0.0277469
-4.89837e-05
-0.0272604
-6.07083e-06
-0.0269037
5.0688e-06
-0.0266702
-0.0265547
-0.000653715
-0.0538001
-0.001293
-0.0536795
-0.00190232
-0.0534363
-0.00247447
-0.0530634
-0.00298766
-0.0525657
-0.0034281
-0.0519277
-0.00379837
-0.051145
-0.00407305
-0.0502239
-0.00425321
-0.0491592
-0.00433023
-0.0479553
-0.00430508
-0.0466276
-0.00417958
-0.0451901
-0.00396265
-0.0436614
-0.00366556
-0.0420694
-0.00330234
-0.0404431
-0.00289078
-0.0388136
-0.00245045
-0.0372122
-0.00200027
-0.0356694
-0.0015602
-0.0342068
-0.00115279
-0.0328591
-0.000787438
-0.0316324
-0.000476747
-0.0305414
-0.000227659
-0.0295924
-3.81544e-05
-0.0287842
8.42447e-05
-0.0281131
0.000147062
-0.027573
0.000158519
-0.0271555
0.000129255
-0.0268519
7.18251e-05
-0.0266544
-0.0265569
-0.000584639
-0.0540877
-0.00115379
-0.0539363
-0.00169288
-0.053633
-0.00218615
-0.0531741
-0.00262166
-0.0525652
-0.00298498
-0.0518
-0.00326913
-0.0508792
-0.00346098
-0.0498167
-0.00356234
-0.0486083
-0.00356723
-0.0472751
-0.00347608
-0.0458342
-0.00330127
-0.0443007
-0.00304842
-0.0427059
-0.00273133
-0.0410764
-0.00236604
-0.0394421
-0.00197057
-0.0378333
-0.00156446
-0.0362787
-0.00116639
-0.034804
-0.000786981
-0.0334371
-0.000448071
-0.0321869
-0.000158808
-0.0310677
7.40088e-05
-0.0300859
0.00024329
-0.029242
0.000349644
-0.0285324
0.000395946
-0.0279501
0.000387909
-0.027486
0.000333656
-0.0271302
0.000243202
-0.0268732
0.00012791
-0.0267069
-0.0266251
-0.000497817
-0.0540232
-0.000979783
-0.0538443
-0.00143067
-0.0534872
-0.00183326
-0.0529539
-0.00218223
-0.052245
-0.00245802
-0.0513729
-0.00265787
-0.050337
-0.00277003
-0.0491603
-0.00279647
-0.0478431
-0.00273677
-0.0464152
-0.00259811
-0.0448949
-0.00238565
-0.0433085
-0.00211238
-0.0416858
-0.00179243
-0.0400555
-0.0014417
-0.0384472
-0.00107721
-0.0368891
-0.000716199
-0.0354069
-0.000374054
-0.0340227
-6.58687e-05
-0.0327547
0.000197797
-0.0316127
0.000408127
-0.0306037
0.000560124
-0.0297293
0.000652001
-0.0289862
0.000685055
-0.028368
0.000663263
-0.0278655
0.000592828
-0.0274685
0.000481677
-0.0271663
0.00033902
-0.0269493
0.000174926
-0.0268095
-0.0267408
-0.000395156
-0.0535346
-0.000774978
-0.053334
-0.00112497
-0.0529349
-0.00143115
-0.0523418
-0.00168068
-0.0515606
-0.00186401
-0.0506089
-0.00197685
-0.0494916
-0.00201429
-0.0482344
-0.00197563
-0.0468502
-0.00186452
-0.0453712
-0.00168733
-0.0438158
-0.00145347
-0.0422194
-0.00117581
-0.0406096
-0.000868397
-0.0390157
-0.00054644
-0.0374657
-0.000225589
-0.0359852
7.95618e-05
-0.0345963
0.000355575
-0.0333163
0.00059121
-0.0321576
0.000778189
-0.031127
0.000911185
-0.0302268
0.000987635
-0.0294547
0.00100775
-0.028805
0.000974224
-0.0282691
0.000891789
-0.0278368
0.000766753
-0.0274976
0.000606582
-0.0272408
0.000419524
-0.0270572
0.000214323
-0.0269393
-0.0268815
-0.000280009
-0.0525632
-0.000545998
-0.0523486
-0.000784742
-0.0519231
-0.000984077
-0.0512939
-0.0011321
-0.0504702
-0.00122279
-0.0494739
-0.00125296
-0.0483188
-0.00121953
-0.0470206
-0.00112394
-0.0456198
-0.00097256
-0.044134
-0.000770315
-0.0425939
-0.000528675
-0.0410313
-0.000260017
-0.0394748
2.21179e-05
-0.0379529
0.000304231
-0.0364913
0.000572693
-0.0351121
0.000815282
-0.0338334
0.00102168
-0.0326681
0.00118363
-0.0316243
0.00129577
-0.0307052
0.00135515
-0.0299097
0.0013613
-0.0292331
0.00131598
-0.0286678
0.00122284
-0.0282046
0.00108696
-0.0278329
0.000914471
-0.0275424
0.000712201
-0.0273233
0.000487384
-0.0271669
0.000247469
-0.0270667
-0.0270176
-0.000156853
-0.0510692
-0.0003019
-0.0508497
-0.000423794
-0.0504157
-0.000511907
-0.0497769
-0.000555946
-0.0489478
-0.000559766
-0.0479409
-0.000512299
-0.0467913
-0.000415153
-0.0455105
-0.000264461
-0.0441378
-8.91052e-05
-0.0426946
0.000126736
-0.0412162
0.000365097
-0.0397302
0.000614161
-0.0382656
0.000861936
-0.0368485
0.00109667
-0.0355015
0.00130748
-0.0342434
0.00148495
-0.0330881
0.00162153
-0.0320447
0.0017119
-0.0311179
0.00175304
-0.0303079
0.0017441
-0.0296115
0.00168625
-0.0290225
0.00158234
-0.0285327
0.00143655
-0.0281326
0.00125401
-0.0278124
0.0010405
-0.0275624
0.000802096
-0.027374
0.000545051
-0.0272395
0.000275612
-0.0271533
-0.027111
-3.11376e-05
-0.0490351
-5.3394e-05
-0.0488206
-5.81076e-05
-0.0483973
-3.78236e-05
-0.0477759
1.27522e-05
-0.0469721
9.86683e-05
-0.0460054
0.00021803
-0.0449016
0.00037192
-0.0436853
0.000554359
-0.0423871
0.000760007
-0.0410356
0.000980509
-0.0396609
0.00120663
-0.0382911
0.00142838
-0.0369526
0.00163581
-0.0356684
0.00181953
-0.0344578
0.00197131
-0.0333359
0.00208447
-0.0323131
0.0021541
-0.0313955
0.00217735
-0.0305852
0.00215324
-0.0298805
0.0020826
-0.0292768
0.00196776
-0.0287676
0.00181227
-0.0283446
0.00162057
-0.0279992
0.00139766
-0.0277224
0.0011488
-0.0275059
0.00087935
-0.0273423
0.000594622
-0.0272252
0.000299809
-0.0271499
-0.027113
9.12437e-05
-0.0464694
0.000188627
-0.0462692
0.000297694
-0.0458746
0.000422929
-0.0452967
0.000567338
-0.0445515
0.000732253
-0.0436594
0.000916494
-0.0426448
0.00111766
-0.0415335
0.00133083
-0.0403537
0.00154991
-0.0391334
0.00176753
-0.0379001
0.00197567
-0.0366794
0.00216618
-0.0354943
0.00233129
-0.0343647
0.00246409
-0.0333062
0.00255891
-0.0323307
0.0026116
-0.0314457
0.00261965
-0.0306549
0.00258223
-0.0299587
0.00250006
-0.0293542
0.00237519
-0.0288368
0.00221077
-0.0283999
0.00201076
-0.0280363
0.00177961
-0.0277382
0.00152204
-0.0274983
0.00124281
-0.0273097
0.000946594
-0.0271663
0.000637876
-0.0270632
0.00032096
-0.0269965
-0.0269637
0.000206053
-0.0434048
0.000415004
-0.0432267
0.000629309
-0.0428758
0.000850608
-0.0423629
0.00107942
-0.0417032
0.00131491
-0.0409162
0.00155477
-0.0400242
0.00179539
-0.0390515
0.00203189
-0.0380235
0.00225848
-0.0369654
0.00246883
-0.0359011
0.00265644
-0.034853
0.00281512
-0.0338402
0.0029393
-0.032879
0.00302445
-0.0319818
0.00306726
-0.0311576
0.0030658
-0.0304115
0.00301956
-0.0297457
0.00292938
-0.0291594
0.00279724
-0.0286498
0.0026261
-0.0282122
0.00241962
-0.0278411
0.00218194
-0.0275304
0.0019174
-0.0272739
0.00163039
-0.0270658
0.00132518
-0.0269008
0.00100583
-0.0267743
0.000676144
-0.0266826
0.000339727
-0.026623
-0.0265936
0.000308239
-0.0398961
0.000616265
-0.0397455
0.000923571
-0.0394492
0.00122912
-0.0390166
0.00153114
-0.0384614
0.00182704
-0.0378006
0.00211335
-0.0370537
0.00238584
-0.0362419
0.00263971
-0.0353868
0.0028698
-0.0345096
0.00307092
-0.0336305
0.00323816
-0.0327674
0.00336719
-0.0319358
0.00345455
-0.0311483
0.0034978
-0.0304145
0.00349568
-0.0297407
0.00344812
-0.0291305
0.00335619
-0.028585
0.00322199
-0.0281031
0.00304846
-0.027682
0.00283914
-0.0273182
0.00259799
-0.0270071
0.00232918
-0.0267441
0.00203688
-0.0265247
0.00172514
-0.0263447
0.00139781
-0.0262003
0.00105844
-0.0260885
0.000710334
-0.0260068
0.000356557
-0.0259533
-0.0259268
0.000394585
-0.0360151
0.000786182
-0.0358949
0.00117165
-0.0356586
0.00154761
-0.0353141
0.00191032
-0.0348725
0.00225572
-0.0343478
0.00257943
-0.033756
0.00287688
-0.0331141
0.00314345
-0.0324395
0.00337472
-0.031749
0.00356661
-0.0310582
0.0037157
-0.030381
0.00381935
-0.029729
0.00387587
-0.0291118
0.00388459
-0.028536
0.00384592
-0.0280062
0.00376122
-0.0275246
0.00363278
-0.0270918
0.0034636
-0.0267068
0.00325724
-0.0263675
0.00301764
-0.0260712
0.00274887
-0.0258148
0.00245505
-0.0255952
0.00214016
-0.0254095
0.00180796
-0.0252551
0.00146194
-0.0251296
0.00110532
-0.0250313
0.000741012
-0.0249587
0.000371725
-0.0249108
-0.024887
0.000463438
-0.0318431
0.000921591
-0.0317534
0.00136915
-0.0315772
0.00180081
-0.0313205
0.00221126
-0.0309917
0.00259529
-0.0306016
0.00294784
-0.030162
0.00326417
-0.0296857
0.00353993
-0.0291857
0.00377136
-0.0286743
0.00395542
-0.0281627
0.00408993
-0.0276609
0.00417364
-0.0271773
0.00420628
-0.0267181
0.00418858
-0.0262881
0.00412216
-0.0258902
0.00400946
-0.0255259
0.00385359
-0.0251954
0.00365817
-0.0248981
0.00342715
-0.0246327
0.00316463
-0.0243974
0.00287474
-0.0241907
0.0025615
-0.0240108
0.0022287
-0.0238561
0.00187988
-0.0237254
0.00151831
-0.0236177
0.00114692
-0.0235322
0.00076844
-0.0234685
0.000385348
-0.0234262
-0.023405
0.000514761
-0.0274628
0.00102249
-0.0274011
0.00151622
-0.02728
0.00198919
-0.0271036
0.00243494
-0.0268779
0.0028474
-0.0266101
0.00322108
-0.0263085
0.00355113
-0.0259817
0.00383348
-0.0256384
0.00406497
-0.025287
0.00424335
-0.0249348
0.00436743
-0.0245883
0.00443701
-0.0242528
0.00445286
-0.0239323
0.00441668
-0.0236298
0.00433096
-0.0233471
0.00419883
-0.0230851
0.00402393
-0.0228439
0.00381023
-0.0226234
0.00356187
-0.0224229
0.00328303
-0.0222419
0.0029778
-0.0220796
0.00265009
-0.0219356
0.00230354
-0.0218095
0.00194156
-0.0217012
0.00156724
-0.0216106
0.00118341
-0.0215378
0.000792673
-0.021483
0.000397439
-0.0214464
-0.0214279
0.000550001
-0.0229505
0.00109175
-0.0229124
0.00161714
-0.0228374
0.00211843
-0.0227283
0.00258834
-0.0225886
0.00302028
-0.0224229
0.00340846
-0.0222362
0.00374801
-0.0220335
0.0040351
-0.0218202
0.004267
-0.0216009
0.00444206
-0.0213801
0.00455976
-0.0211614
0.00462063
-0.0209477
0.00462613
-0.0207412
0.00457857
-0.0205436
0.00448096
-0.0203558
0.00433683
-0.0201784
0.00415011
-0.0200116
0.0039249
-0.0198556
0.00366543
-0.0197104
0.00337584
-0.0195761
0.00306016
-0.0194529
0.00272219
-0.0193411
0.0023655
-0.0192414
0.00199338
-0.0191541
0.00160887
-0.0190801
0.00121477
-0.0190199
0.000813648
-0.0189741
0.00040795
-0.0189433
-0.0189277
0.00057176
-0.0183694
0.00113451
-0.018349
0.00167946
-0.0183089
0.00219825
-0.0182506
0.00268313
-0.0181759
0.00312722
-0.0180872
0.00352455
-0.0179871
0.00387028
-0.0178779
0.00416076
-0.0177624
0.00439354
-0.0176427
0.00456736
-0.0175208
0.00468212
-0.0173984
0.00473876
-0.0172767
0.00473914
-0.0171567
0.00468591
-0.0170391
0.00458232
-0.0169243
0.00443209
-0.0168127
0.00423921
-0.0167045
0.00400782
-0.0166001
0.00374212
-0.0165
0.00344618
-0.0164048
0.00312395
-0.0163151
0.00277917
-0.0162319
0.00241533
-0.016156
0.00203569
-0.0160886
0.00164328
-0.0160305
0.00124092
-0.0159827
0.000831259
-0.0159461
0.00041681
-0.0159213
-0.0159087
0.000583333
-0.013765
0.00115727
-0.0137563
0.00171264
-0.0137394
0.00224078
-0.0137146
0.00273374
-0.0136829
0.00318446
-0.0136451
0.00358695
-0.0136022
0.0039364
-0.0135549
0.00422927
-0.0135043
0.00446326
-0.0134508
0.00463734
-0.013395
0.00475162
-0.0133373
0.00480723
-0.013278
0.00480622
-0.0132172
0.00475135
-0.0131551
0.00464594
-0.0130918
0.00449371
-0.0130276
0.00429865
-0.0129627
0.00406484
-0.0128975
0.00379639
-0.0128328
0.00349728
-0.0127692
0.0031714
-0.0127077
0.00282242
-0.0126493
0.00245381
-0.012595
0.00206882
-0.012546
0.00167053
-0.0125032
0.00126181
-0.0124677
0.000845414
-0.0124403
0.000423957
-0.0124216
-0.0124122
0.000588183
-0.00916428
0.00116681
-0.00916196
0.00172658
-0.0091574
0.00225871
-0.00915074
0.00275517
-0.00914216
0.00320887
-0.00913181
0.00361384
-0.00911981
0.00396531
-0.00910622
0.00425978
-0.00909101
0.00449506
-0.00907407
0.00467019
-0.00905525
0.00478536
-0.00903438
0.00484177
-0.00901127
0.00484149
-0.00898576
0.00478727
-0.00895778
0.0046824
-0.00892731
0.00453056
-0.00889446
0.00433563
-0.00885951
0.00410162
-0.00882283
0.00383252
-0.00878499
0.00353226
-0.00874665
0.00320465
-0.00870861
0.00285333
-0.00867173
0.00248174
-0.0086369
0.00209318
-0.00860502
0.00169076
-0.00857696
0.00127744
-0.00855348
0.000856052
-0.00853526
0.000429343
-0.0085228
-0.00851646
0.000589433
-0.00457703
0.00116928
-0.00457696
0.00173021
-0.00457682
0.00226343
-0.0045766
0.00276091
-0.00457628
0.00321558
-0.00457581
0.00362149
-0.00457507
0.0039739
-0.00457393
0.00426936
-0.0045722
0.00450569
-0.00456965
0.00468197
-0.00456605
0.00479839
-0.00456116
0.00485615
-0.0045548
0.00485726
-0.00454678
0.00480445
-0.00453702
0.00470095
-0.00452548
0.00455032
-0.00451221
0.00435639
-0.00449735
0.00412306
-0.00448114
0.00385426
-0.00446389
0.00355386
-0.004446
0.00322561
-0.00442792
0.00287313
-0.00441014
0.00249987
-0.00439316
0.00210916
-0.00437749
0.00170413
-0.0043636
0.00128782
-0.00435193
0.000863144
-0.00434283
0.000432942
-0.0043366
-0.00433343
0.000589429
0.00116928
0.00173023
0.0022635
0.00276107
0.00321591
0.00362206
0.00397481
0.00427073
0.00450766
0.00468466
0.00480191
0.00486059
0.0048627
0.0048109
0.00470838
0.00455867
0.00436552
0.00413279
0.00386437
0.00356409
0.00323569
0.00288276
0.00250877
0.00211705
0.00171076
0.00129299
0.000866686
0.000434742
)
;

boundaryField
{
    outerWall
    {
        type            calculated;
        value           uniform 0;
    }
    axis
    {
        type            symmetryPlane;
        value           uniform 0;
    }
    nozzle
    {
        type            calculated;
        value           nonuniform List<scalar> 5(1.12601 1.12608 1.12608 1.12608 1.12602);
    }
    back
    {
        type            empty;
    }
    front
    {
        type            empty;
    }
}


// ************************************************************************* //
