/*--------------------------------*- C++ -*----------------------------------*\
| =========                 |                                                 |
| \\      /  F ield         | OpenFOAM: The Open Source CFD Toolbox           |
|  \\    /   O peration     | Version:  2412                                  |
|   \\  /    A nd           | Website:  www.openfoam.com                      |
|    \\/     M anipulation  |                                                 |
\*---------------------------------------------------------------------------*/
FoamFile
{
    version     2.0;
    format      ascii;
    arch        "LSB;label=32;scalar=64";
    class       volScalarField;
    location    "0.00019";
    object      p;
}
// * * * * * * * * * * * * * * * * * * * * * * * * * * * * * * * * * * * * * //

dimensions      [1 -1 -2 0 0 0 0];

internalField   nonuniform List<scalar> 
3725
(
6.71201e+06
6.72727e+06
6.75631e+06
6.79633e+06
6.84355e+06
6.89384e+06
6.94318e+06
6.98814e+06
7.02608e+06
7.05504e+06
7.0737e+06
7.08105e+06
7.07614e+06
7.05783e+06
7.02477e+06
6.97546e+06
6.90842e+06
6.82259e+06
6.71778e+06
6.59512e+06
6.45732e+06
6.30876e+06
6.15537e+06
6.00412e+06
5.86223e+06
5.73618e+06
5.63092e+06
5.54976e+06
5.49464e+06
5.4668e+06
6.71699e+06
6.73204e+06
6.76069e+06
6.80019e+06
6.84681e+06
6.89647e+06
6.94521e+06
6.98965e+06
7.02713e+06
7.05574e+06
7.07413e+06
7.08128e+06
7.07623e+06
7.05783e+06
7.02474e+06
6.97545e+06
6.90848e+06
6.82276e+06
6.71813e+06
6.5957e+06
6.45817e+06
6.30992e+06
6.15683e+06
6.00584e+06
5.86415e+06
5.73822e+06
5.63299e+06
5.55181e+06
5.49667e+06
5.46879e+06
6.72681e+06
6.74147e+06
6.76937e+06
6.80784e+06
6.85329e+06
6.90173e+06
6.94931e+06
6.9927e+06
7.0293e+06
7.0572e+06
7.07504e+06
7.08179e+06
7.07646e+06
7.05789e+06
7.02473e+06
6.97547e+06
6.90862e+06
6.82314e+06
6.71884e+06
6.59686e+06
6.45986e+06
6.31221e+06
6.15972e+06
6.00926e+06
5.86794e+06
5.74222e+06
5.63706e+06
5.55583e+06
5.50062e+06
5.47268e+06
6.74125e+06
6.75534e+06
6.78217e+06
6.81918e+06
6.86293e+06
6.9096e+06
6.95549e+06
6.99737e+06
7.03268e+06
7.05954e+06
7.07657e+06
7.08271e+06
7.07694e+06
7.0581e+06
7.02481e+06
6.97557e+06
6.9089e+06
6.82375e+06
6.71995e+06
6.59861e+06
6.46239e+06
6.3156e+06
6.16398e+06
6.01427e+06
5.87349e+06
5.74807e+06
5.64298e+06
5.56166e+06
5.50631e+06
5.47828e+06
6.75994e+06
6.77333e+06
6.79883e+06
6.834e+06
6.87563e+06
6.92007e+06
6.96382e+06
7.00376e+06
7.03742e+06
7.06291e+06
7.07887e+06
7.0842e+06
7.07784e+06
7.05861e+06
7.02512e+06
6.97589e+06
6.90941e+06
6.82467e+06
6.7215e+06
6.60097e+06
6.46573e+06
6.32003e+06
6.1695e+06
6.02073e+06
5.88063e+06
5.75555e+06
5.6505e+06
5.56901e+06
5.51345e+06
5.48528e+06
6.78245e+06
6.79503e+06
6.819e+06
6.85207e+06
6.89123e+06
6.93309e+06
6.97433e+06
7.01199e+06
7.04367e+06
7.06753e+06
7.08218e+06
7.08648e+06
7.07936e+06
7.0596e+06
7.02584e+06
6.97655e+06
6.91027e+06
6.82599e+06
6.72355e+06
6.60398e+06
6.46989e+06
6.32545e+06
6.17617e+06
6.02847e+06
5.88911e+06
5.76436e+06
5.65928e+06
5.57752e+06
5.52163e+06
5.49325e+06
6.80826e+06
6.81997e+06
6.84227e+06
6.87306e+06
6.90954e+06
6.94858e+06
6.98705e+06
7.02218e+06
7.05165e+06
7.07363e+06
7.08674e+06
7.08983e+06
7.08176e+06
7.06132e+06
7.02716e+06
6.97773e+06
6.91163e+06
6.82783e+06
6.72616e+06
6.60766e+06
6.47485e+06
6.33178e+06
6.18382e+06
6.03724e+06
5.89861e+06
5.77411e+06
5.66886e+06
5.58667e+06
5.53032e+06
5.50165e+06
6.83675e+06
6.84757e+06
6.86817e+06
6.89662e+06
6.93034e+06
6.96644e+06
7.00202e+06
7.03447e+06
7.06154e+06
7.08147e+06
7.09285e+06
7.09451e+06
7.08532e+06
7.06405e+06
7.02933e+06
6.97967e+06
6.91366e+06
6.8303e+06
6.72943e+06
6.61206e+06
6.48058e+06
6.33891e+06
6.19226e+06
6.04674e+06
5.90874e+06
5.78433e+06
5.6787e+06
5.59586e+06
5.53885e+06
5.50978e+06
6.8673e+06
6.87724e+06
6.89617e+06
6.92232e+06
6.95332e+06
6.98651e+06
7.0192e+06
7.04893e+06
7.07353e+06
7.09128e+06
7.10078e+06
7.10085e+06
7.09036e+06
7.06808e+06
7.03265e+06
6.98261e+06
6.91658e+06
6.8336e+06
6.7335e+06
6.61723e+06
6.48707e+06
6.34675e+06
6.20131e+06
6.05666e+06
5.91905e+06
5.79447e+06
5.68815e+06
5.60435e+06
5.54646e+06
5.51684e+06
6.89921e+06
6.90834e+06
6.92571e+06
6.9497e+06
6.97815e+06
7.00859e+06
7.03853e+06
7.0656e+06
7.08776e+06
7.10329e+06
7.11082e+06
7.10916e+06
7.09721e+06
7.07374e+06
7.03742e+06
6.98683e+06
6.92064e+06
6.83795e+06
6.73854e+06
6.62329e+06
6.49432e+06
6.35521e+06
6.21077e+06
6.06671e+06
5.92913e+06
5.80396e+06
5.69653e+06
5.61138e+06
5.55226e+06
5.52188e+06
6.9318e+06
6.9402e+06
6.9562e+06
6.97829e+06
7.00446e+06
7.03245e+06
7.05987e+06
7.08449e+06
7.10431e+06
7.11767e+06
7.12319e+06
7.11974e+06
7.10619e+06
7.08136e+06
7.04397e+06
6.99264e+06
6.92613e+06
6.84354e+06
6.74468e+06
6.63029e+06
6.50235e+06
6.36423e+06
6.2205e+06
6.07664e+06
5.9386e+06
5.81229e+06
5.70317e+06
5.6161e+06
5.5553e+06
5.52388e+06
6.96437e+06
6.97218e+06
6.98704e+06
7.00755e+06
7.03184e+06
7.05775e+06
7.08303e+06
7.10549e+06
7.1232e+06
7.13452e+06
7.1381e+06
7.13282e+06
7.11758e+06
7.09126e+06
7.05262e+06
7.00038e+06
6.93335e+06
6.85067e+06
6.75212e+06
6.63838e+06
6.51122e+06
6.3738e+06
6.2304e+06
6.08626e+06
5.94718e+06
5.81903e+06
5.70747e+06
5.61771e+06
5.55461e+06
5.5217e+06
6.99628e+06
7.00364e+06
7.01765e+06
7.03698e+06
7.05984e+06
7.08416e+06
7.10774e+06
7.12845e+06
7.14436e+06
7.15387e+06
7.15565e+06
7.14858e+06
7.13162e+06
7.10371e+06
7.0637e+06
7.01037e+06
6.94262e+06
6.85962e+06
6.76111e+06
6.64766e+06
6.52102e+06
6.38395e+06
6.24046e+06
6.0955e+06
5.95469e+06
5.82386e+06
5.70891e+06
5.61546e+06
5.54915e+06
5.51409e+06
7.02695e+06
7.03402e+06
7.04749e+06
7.06606e+06
7.088e+06
7.11126e+06
7.13366e+06
7.15309e+06
7.16762e+06
7.17565e+06
7.17584e+06
7.16711e+06
7.14847e+06
7.11894e+06
7.07745e+06
7.02289e+06
6.95423e+06
6.87069e+06
6.77197e+06
6.65856e+06
6.53202e+06
6.39486e+06
6.25079e+06
6.10442e+06
5.96111e+06
5.82666e+06
5.70716e+06
5.60868e+06
5.5379e+06
5.49965e+06
7.05587e+06
7.06282e+06
7.07605e+06
7.09431e+06
7.11584e+06
7.13861e+06
7.16041e+06
7.17909e+06
7.19271e+06
7.19965e+06
7.19856e+06
7.18838e+06
7.16818e+06
7.13706e+06
7.09407e+06
7.03818e+06
6.96845e+06
6.88413e+06
6.78495e+06
6.67128e+06
6.54446e+06
6.40683e+06
6.26168e+06
6.11329e+06
5.96671e+06
5.8276e+06
5.70218e+06
5.59687e+06
5.51966e+06
5.47621e+06
7.08263e+06
7.08961e+06
7.10291e+06
7.12127e+06
7.14292e+06
7.16575e+06
7.18753e+06
7.20603e+06
7.21927e+06
7.22556e+06
7.22358e+06
7.21224e+06
7.19069e+06
7.15811e+06
7.11364e+06
7.05637e+06
6.98545e+06
6.9002e+06
6.80031e+06
6.68611e+06
6.55872e+06
6.42026e+06
6.27359e+06
6.12266e+06
5.97214e+06
5.82729e+06
5.69429e+06
5.57985e+06
5.49401e+06
5.44359e+06
7.10693e+06
7.11408e+06
7.12772e+06
7.14656e+06
7.16879e+06
7.19224e+06
7.21455e+06
7.23345e+06
7.24684e+06
7.25299e+06
7.25053e+06
7.2384e+06
7.21578e+06
7.18194e+06
7.13611e+06
7.07751e+06
7.00537e+06
6.91905e+06
6.81829e+06
6.70334e+06
6.57518e+06
6.43553e+06
6.28711e+06
6.1334e+06
5.97843e+06
5.82682e+06
5.6842e+06
5.55693e+06
5.45562e+06
5.3893e+06
7.12855e+06
7.13599e+06
7.15021e+06
7.16988e+06
7.19311e+06
7.21764e+06
7.24101e+06
7.26084e+06
7.27491e+06
7.28141e+06
7.27895e+06
7.26645e+06
7.24311e+06
7.20828e+06
7.1613e+06
7.10148e+06
7.02815e+06
6.94077e+06
6.83906e+06
6.72326e+06
6.5942e+06
6.45338e+06
6.30316e+06
6.14671e+06
5.98718e+06
5.82811e+06
5.67446e+06
5.53385e+06
5.41871e+06
5.33357e+06
7.14738e+06
7.15522e+06
7.17021e+06
7.19097e+06
7.21554e+06
7.24156e+06
7.26645e+06
7.28767e+06
7.30291e+06
7.31027e+06
7.30827e+06
7.29584e+06
7.27219e+06
7.23672e+06
7.18886e+06
7.12802e+06
7.05364e+06
6.96526e+06
6.86265e+06
6.74604e+06
6.61617e+06
6.47441e+06
6.32278e+06
6.16381e+06
5.99968e+06
5.83227e+06
5.66286e+06
5.4974e+06
5.34128e+06
5.20337e+06
7.16341e+06
7.17173e+06
7.18763e+06
7.20969e+06
7.23586e+06
7.26367e+06
7.29043e+06
7.31345e+06
7.33029e+06
7.33894e+06
7.33785e+06
7.32594e+06
7.30239e+06
7.26667e+06
7.21827e+06
7.15669e+06
7.08149e+06
6.99229e+06
6.88896e+06
6.77175e+06
6.64137e+06
6.49908e+06
6.34657e+06
6.18565e+06
6.01784e+06
5.84518e+06
5.66665e+06
5.48447e+06
5.30011e+06
5.10992e+06
7.17537e+06
7.18416e+06
7.20097e+06
7.22432e+06
7.2521e+06
7.28173e+06
7.31039e+06
7.33529e+06
7.35387e+06
7.36403e+06
7.36412e+06
7.35304e+06
7.32996e+06
7.29437e+06
7.24582e+06
7.18389e+06
7.10822e+06
7.01854e+06
6.91483e+06
6.79742e+06
6.66707e+06
6.52499e+06
6.37263e+06
6.21137e+06
6.04222e+06
5.86302e+06
5.66802e+06
5.45688e+06
5.17258e+06
4.72105e+06
7.18433e+06
7.19355e+06
7.21121e+06
7.23576e+06
7.26502e+06
7.29635e+06
7.32681e+06
7.35351e+06
7.3738e+06
7.38547e+06
7.38683e+06
7.37672e+06
7.35431e+06
7.31908e+06
7.27064e+06
7.20864e+06
7.13278e+06
7.04291e+06
6.93913e+06
6.82187e+06
6.69201e+06
6.55079e+06
6.39956e+06
6.23937e+06
6.07051e+06
5.89224e+06
5.69648e+06
5.47821e+06
5.19139e+06
4.80421e+06
7.19172e+06
7.20137e+06
7.21988e+06
7.24564e+06
7.27642e+06
7.30947e+06
7.34179e+06
7.37036e+06
7.39246e+06
7.40578e+06
7.40857e+06
7.39962e+06
7.3781e+06
7.34347e+06
7.29539e+06
7.23355e+06
7.15776e+06
7.06798e+06
6.96444e+06
6.84773e+06
6.7189e+06
6.57931e+06
6.43036e+06
6.27296e+06
6.10671e+06
5.93087e+06
5.73201e+06
5.50645e+06
5.17484e+06
4.78581e+06
7.19763e+06
7.20772e+06
7.22707e+06
7.25404e+06
7.28632e+06
7.32108e+06
7.35524e+06
7.38571e+06
7.40966e+06
7.42471e+06
7.42905e+06
7.42141e+06
7.40095e+06
7.36713e+06
7.31963e+06
7.2582e+06
7.18274e+06
7.09334e+06
6.99039e+06
6.87468e+06
6.74747e+06
6.61034e+06
6.46486e+06
6.31203e+06
6.15141e+06
5.98199e+06
5.7928e+06
5.57753e+06
5.28048e+06
4.88311e+06
7.20221e+06
7.21272e+06
7.23288e+06
7.26101e+06
7.29474e+06
7.33117e+06
7.36713e+06
7.39946e+06
7.42524e+06
7.44204e+06
7.44799e+06
7.44176e+06
7.4225e+06
7.38967e+06
7.34295e+06
7.28216e+06
7.20729e+06
7.11856e+06
7.01657e+06
6.90234e+06
6.77739e+06
6.64355e+06
6.50268e+06
6.35603e+06
6.20335e+06
6.04348e+06
5.86601e+06
5.66398e+06
5.37348e+06
4.88057e+06
3.77469e+06
3.66299e+06
3.36878e+06
3.08592e+06
2.82349e+06
2.5753e+06
2.34273e+06
2.12726e+06
1.92894e+06
1.74712e+06
1.58067e+06
1.4282e+06
1.28815e+06
1.15886e+06
1.03863e+06
925776
818752
716114
616689
519384
423516
328610
234011
140318
46838.3
4.1322e+06
3.7532e+06
3.4257e+06
3.12299e+06
2.84179e+06
2.58466e+06
2.34803e+06
2.1301e+06
1.93032e+06
1.7479e+06
1.5811e+06
1.42845e+06
1.2883e+06
1.15895e+06
1.03868e+06
925808
818770
716122
616690
519381
423511
328604
234005
140314
46836.8
3.95787e+06
3.68781e+06
3.39014e+06
3.09518e+06
2.82449e+06
2.57421e+06
2.34185e+06
2.12674e+06
1.92859e+06
1.74691e+06
1.58055e+06
1.42815e+06
1.28815e+06
1.15888e+06
1.03865e+06
925797
818766
716118
616683
519371
423498
328591
233994
140307
46834.4
4.16682e+06
3.76111e+06
3.43054e+06
3.12735e+06
2.84432e+06
2.58574e+06
2.34866e+06
2.13052e+06
1.93054e+06
1.74803e+06
1.5812e+06
1.42852e+06
1.28837e+06
1.15901e+06
1.03873e+06
925848
818794
716131
616685
519367
423490
328581
233985
140301
46832.1
3.76241e+06
3.67317e+06
3.37169e+06
3.08816e+06
2.82538e+06
2.57657e+06
2.34355e+06
2.12779e+06
1.92929e+06
1.74735e+06
1.58083e+06
1.42833e+06
1.28827e+06
1.15897e+06
1.03872e+06
925842
818792
716128
616681
519360
423482
328573
233979
140296
46830.7
7.20604e+06
7.217e+06
7.23802e+06
7.2674e+06
7.30268e+06
7.34089e+06
7.37879e+06
7.41313e+06
7.44092e+06
7.45966e+06
7.46743e+06
7.46285e+06
7.44506e+06
7.41348e+06
7.36783e+06
7.308e+06
7.23408e+06
7.14646e+06
7.04598e+06
6.93397e+06
6.81228e+06
6.68311e+06
6.54867e+06
6.41059e+06
6.26934e+06
6.12405e+06
5.97069e+06
5.8055e+06
5.62593e+06
5.42981e+06
7.20866e+06
7.22007e+06
7.24198e+06
7.27261e+06
7.30945e+06
7.34946e+06
7.38931e+06
7.42568e+06
7.45552e+06
7.47629e+06
7.486e+06
7.48325e+06
7.46713e+06
7.43708e+06
7.39283e+06
7.33436e+06
7.26187e+06
7.17597e+06
7.07777e+06
6.96898e+06
6.85188e+06
6.72911e+06
6.60329e+06
6.47647e+06
6.3496e+06
6.22231e+06
6.0924e+06
5.95811e+06
5.82088e+06
5.68681e+06
7.20992e+06
7.22174e+06
7.24442e+06
7.27615e+06
7.31435e+06
7.35591e+06
7.39743e+06
7.43555e+06
7.46718e+06
7.48973e+06
7.5012e+06
7.50014e+06
7.48566e+06
7.45717e+06
7.41446e+06
7.35756e+06
7.28682e+06
7.20308e+06
7.10773e+06
7.00287e+06
6.8912e+06
6.7758e+06
6.65968e+06
6.54529e+06
6.43402e+06
6.32623e+06
6.22186e+06
6.1215e+06
6.03321e+06
5.9586e+06
7.21012e+06
7.22228e+06
7.24563e+06
7.27828e+06
7.3176e+06
7.36043e+06
7.4033e+06
7.44284e+06
7.47592e+06
7.49994e+06
7.5129e+06
7.51334e+06
7.50037e+06
7.4734e+06
7.43227e+06
7.3771e+06
7.3084e+06
7.22721e+06
7.13523e+06
7.03493e+06
6.9294e+06
6.82209e+06
6.71635e+06
6.61491e+06
6.51939e+06
6.43031e+06
6.34777e+06
6.27186e+06
6.20727e+06
6.15904e+06
7.20955e+06
7.22199e+06
7.24587e+06
7.27926e+06
7.31946e+06
7.36324e+06
7.40713e+06
7.4477e+06
7.48185e+06
7.50699e+06
7.5211e+06
7.52277e+06
7.5111e+06
7.48556e+06
7.44602e+06
7.3927e+06
7.32627e+06
7.24799e+06
7.15985e+06
7.06465e+06
6.9658e+06
6.86706e+06
6.772e+06
6.68348e+06
6.60322e+06
6.53166e+06
6.46871e+06
6.41415e+06
6.3714e+06
6.34291e+06
7.20847e+06
7.22113e+06
7.24541e+06
7.27934e+06
7.32016e+06
7.36459e+06
7.40912e+06
7.45033e+06
7.48514e+06
7.51098e+06
7.52589e+06
7.52847e+06
7.51787e+06
7.49361e+06
7.45564e+06
7.40427e+06
7.34033e+06
7.26529e+06
7.18142e+06
7.09176e+06
6.99998e+06
6.91003e+06
6.82559e+06
6.74953e+06
6.68348e+06
6.62766e+06
6.58146e+06
6.5439e+06
6.51606e+06
6.49851e+06
7.20714e+06
7.21995e+06
7.2445e+06
7.27877e+06
7.31994e+06
7.36469e+06
7.40949e+06
7.45094e+06
7.48598e+06
7.51212e+06
7.52743e+06
7.5306e+06
7.52082e+06
7.49769e+06
7.46124e+06
7.41193e+06
7.35072e+06
7.27927e+06
7.20004e+06
7.11627e+06
7.03178e+06
6.95061e+06
6.87642e+06
6.812e+06
6.75877e+06
6.71666e+06
6.68448e+06
6.66044e+06
6.64392e+06
6.63423e+06
7.20579e+06
7.21868e+06
7.24337e+06
7.27776e+06
7.31901e+06
7.36375e+06
7.40844e+06
7.44971e+06
7.48458e+06
7.5106e+06
7.52594e+06
7.52937e+06
7.52019e+06
7.49807e+06
7.46315e+06
7.41602e+06
7.3578e+06
7.29028e+06
7.21606e+06
7.13846e+06
7.06134e+06
6.98871e+06
6.92416e+06
6.87028e+06
6.82828e+06
6.79774e+06
6.77692e+06
6.76338e+06
6.75521e+06
6.75077e+06
7.20466e+06
7.21755e+06
7.24221e+06
7.27652e+06
7.31756e+06
7.36195e+06
7.40616e+06
7.44686e+06
7.48114e+06
7.50665e+06
7.52168e+06
7.5251e+06
7.51631e+06
7.49513e+06
7.46182e+06
7.41707e+06
7.36213e+06
7.29891e+06
7.23004e+06
7.15881e+06
7.08902e+06
7.02454e+06
6.9688e+06
6.9242e+06
6.89168e+06
6.87053e+06
6.85861e+06
6.85296e+06
6.85084e+06
6.85e+06
7.20392e+06
7.21673e+06
7.24122e+06
7.2752e+06
7.31575e+06
7.35946e+06
7.40282e+06
7.44256e+06
7.47586e+06
7.50052e+06
7.51493e+06
7.51812e+06
7.50962e+06
7.4894e+06
7.45783e+06
7.41573e+06
7.36445e+06
7.3059e+06
7.24268e+06
7.17796e+06
7.11535e+06
7.05851e+06
7.01064e+06
6.97392e+06
6.94908e+06
6.93519e+06
6.92985e+06
6.92979e+06
6.93183e+06
6.93337e+06
7.20375e+06
7.2164e+06
7.24054e+06
7.27396e+06
7.31371e+06
7.35639e+06
7.39855e+06
7.43696e+06
7.46895e+06
7.49244e+06
7.50601e+06
7.50884e+06
7.50062e+06
7.48147e+06
7.45189e+06
7.4128e+06
7.36557e+06
7.31208e+06
7.25478e+06
7.19663e+06
7.14095e+06
7.09114e+06
7.05011e+06
7.01984e+06
7.00088e+06
6.9922e+06
6.9913e+06
6.99483e+06
6.99942e+06
7.00236e+06
7.2043e+06
7.21669e+06
7.2403e+06
7.2729e+06
7.31154e+06
7.35286e+06
7.39345e+06
7.43021e+06
7.46058e+06
7.48268e+06
7.49527e+06
7.4977e+06
7.48987e+06
7.47202e+06
7.44478e+06
7.40912e+06
7.36637e+06
7.31831e+06
7.26714e+06
7.21554e+06
7.16648e+06
7.12301e+06
7.08775e+06
7.06248e+06
7.04766e+06
7.04224e+06
7.04383e+06
7.04916e+06
7.05493e+06
7.05849e+06
7.20567e+06
7.21771e+06
7.24059e+06
7.27211e+06
7.30933e+06
7.34893e+06
7.38762e+06
7.42243e+06
7.45096e+06
7.47152e+06
7.48308e+06
7.48522e+06
7.47799e+06
7.46178e+06
7.43732e+06
7.40555e+06
7.36773e+06
7.32542e+06
7.28055e+06
7.2354e+06
7.19254e+06
7.15466e+06
7.12408e+06
7.10239e+06
7.09003e+06
7.08608e+06
7.08838e+06
7.09395e+06
7.09973e+06
7.10328e+06
7.20797e+06
7.21953e+06
7.24148e+06
7.27164e+06
7.30712e+06
7.34468e+06
7.38116e+06
7.41377e+06
7.4403e+06
7.45927e+06
7.4699e+06
7.47195e+06
7.46565e+06
7.45152e+06
7.43032e+06
7.40294e+06
7.37047e+06
7.3342e+06
7.29568e+06
7.25678e+06
7.21965e+06
7.18655e+06
7.15952e+06
7.14002e+06
7.12855e+06
7.12445e+06
7.12592e+06
7.13039e+06
7.1352e+06
7.13818e+06
7.21123e+06
7.22221e+06
7.24303e+06
7.27155e+06
7.30496e+06
7.34018e+06
7.37419e+06
7.40441e+06
7.42888e+06
7.44632e+06
7.45619e+06
7.45848e+06
7.45355e+06
7.44201e+06
7.42458e+06
7.40207e+06
7.37531e+06
7.34526e+06
7.31307e+06
7.28014e+06
7.24815e+06
7.21897e+06
7.19437e+06
7.17572e+06
7.16371e+06
7.15802e+06
7.15733e+06
7.1596e+06
7.16262e+06
7.16462e+06
7.2155e+06
7.22579e+06
7.24526e+06
7.27186e+06
7.30292e+06
7.33551e+06
7.36685e+06
7.39458e+06
7.417e+06
7.4331e+06
7.44253e+06
7.44548e+06
7.44242e+06
7.43399e+06
7.42086e+06
7.40362e+06
7.38286e+06
7.35912e+06
7.3331e+06
7.30572e+06
7.2782e+06
7.25202e+06
7.22872e+06
7.2097e+06
7.19588e+06
7.1874e+06
7.18347e+06
7.18262e+06
7.1832e+06
7.18386e+06
7.22077e+06
7.23025e+06
7.24818e+06
7.27262e+06
7.30106e+06
7.33081e+06
7.35934e+06
7.38457e+06
7.40509e+06
7.42012e+06
7.42953e+06
7.43362e+06
7.43298e+06
7.4282e+06
7.4198e+06
7.40818e+06
7.39356e+06
7.37606e+06
7.35592e+06
7.33356e+06
7.30973e+06
7.28558e+06
7.26252e+06
7.24205e+06
7.22539e+06
7.21313e+06
7.20507e+06
7.20038e+06
7.198e+06
7.19705e+06
7.22702e+06
7.23561e+06
7.25182e+06
7.27388e+06
7.29951e+06
7.32628e+06
7.35196e+06
7.3748e+06
7.39364e+06
7.40798e+06
7.41783e+06
7.42362e+06
7.42593e+06
7.42527e+06
7.42198e+06
7.41617e+06
7.40767e+06
7.39619e+06
7.38146e+06
7.36344e+06
7.34246e+06
7.3194e+06
7.29563e+06
7.2728e+06
7.25245e+06
7.23563e+06
7.22275e+06
7.21366e+06
7.20793e+06
7.20517e+06
7.23425e+06
7.24186e+06
7.25623e+06
7.27576e+06
7.29845e+06
7.3222e+06
7.3451e+06
7.36574e+06
7.38325e+06
7.39733e+06
7.40815e+06
7.41618e+06
7.42192e+06
7.42578e+06
7.42783e+06
7.42784e+06
7.42527e+06
7.41937e+06
7.40943e+06
7.39496e+06
7.37595e+06
7.35311e+06
7.32782e+06
7.30189e+06
7.27716e+06
7.25519e+06
7.237e+06
7.22312e+06
7.21377e+06
7.20907e+06
7.24245e+06
7.24904e+06
7.26148e+06
7.27842e+06
7.29815e+06
7.31894e+06
7.33925e+06
7.358e+06
7.37458e+06
7.3889e+06
7.40121e+06
7.41196e+06
7.42154e+06
7.43015e+06
7.43759e+06
7.44325e+06
7.44621e+06
7.44529e+06
7.43936e+06
7.42758e+06
7.4097e+06
7.3863e+06
7.3588e+06
7.32916e+06
7.29955e+06
7.27201e+06
7.24819e+06
7.22931e+06
7.21619e+06
7.20948e+06
7.25168e+06
7.25724e+06
7.26775e+06
7.28212e+06
7.299e+06
7.31702e+06
7.33503e+06
7.35227e+06
7.36839e+06
7.38345e+06
7.39772e+06
7.41158e+06
7.42526e+06
7.43868e+06
7.45134e+06
7.46227e+06
7.47014e+06
7.47343e+06
7.47066e+06
7.4607e+06
7.44313e+06
7.41848e+06
7.3882e+06
7.35438e+06
7.31955e+06
7.28622e+06
7.25665e+06
7.23267e+06
7.21576e+06
7.20701e+06
7.2621e+06
7.26666e+06
7.27532e+06
7.28726e+06
7.30149e+06
7.31704e+06
7.33314e+06
7.34932e+06
7.36547e+06
7.38171e+06
7.39832e+06
7.41554e+06
7.43338e+06
7.45146e+06
7.46895e+06
7.48453e+06
7.49656e+06
7.50317e+06
7.50264e+06
7.49364e+06
7.47565e+06
7.44915e+06
7.41562e+06
7.37734e+06
7.33713e+06
7.29795e+06
7.26262e+06
7.23359e+06
7.21294e+06
7.2022e+06
7.27402e+06
7.27765e+06
7.28462e+06
7.29437e+06
7.30628e+06
7.31975e+06
7.33439e+06
7.34999e+06
7.36659e+06
7.38439e+06
7.40357e+06
7.4242e+06
7.44602e+06
7.46837e+06
7.49008e+06
7.50954e+06
7.5248e+06
7.53379e+06
7.53457e+06
7.52571e+06
7.50663e+06
7.47779e+06
7.44072e+06
7.39785e+06
7.35226e+06
7.3073e+06
7.26634e+06
7.23245e+06
7.20821e+06
7.19554e+06
7.28795e+06
7.29077e+06
7.29627e+06
7.30416e+06
7.31415e+06
7.32602e+06
7.33965e+06
7.3551e+06
7.37251e+06
7.39208e+06
7.41386e+06
7.43772e+06
7.46313e+06
7.48912e+06
7.51425e+06
7.53664e+06
7.55414e+06
7.5645e+06
7.5657e+06
7.55624e+06
7.53551e+06
7.50397e+06
7.46319e+06
7.41574e+06
7.36491e+06
7.31438e+06
7.26812e+06
7.22959e+06
7.20193e+06
7.18744e+06
7.30465e+06
7.3068e+06
7.31109e+06
7.3175e+06
7.32603e+06
7.33674e+06
7.34981e+06
7.36544e+06
7.38387e+06
7.40522e+06
7.42941e+06
7.45608e+06
7.48443e+06
7.51323e+06
7.5408e+06
7.56508e+06
7.58377e+06
7.59454e+06
7.59531e+06
7.5846e+06
7.56178e+06
7.52732e+06
7.48282e+06
7.43093e+06
7.3751e+06
7.31942e+06
7.26819e+06
7.22534e+06
7.19447e+06
7.17828e+06
7.32512e+06
7.32676e+06
7.33014e+06
7.33545e+06
7.34292e+06
7.35289e+06
7.36571e+06
7.38172e+06
7.40117e+06
7.42409e+06
7.45025e+06
7.47906e+06
7.5095e+06
7.54011e+06
7.56903e+06
7.59409e+06
7.61291e+06
7.62315e+06
7.62276e+06
7.61026e+06
7.58505e+06
7.54758e+06
7.49946e+06
7.44338e+06
7.38297e+06
7.32259e+06
7.26677e+06
7.21999e+06
7.1862e+06
7.16844e+06
7.35061e+06
7.35188e+06
7.35462e+06
7.35914e+06
7.36591e+06
7.37541e+06
7.38815e+06
7.40453e+06
7.42477e+06
7.44881e+06
7.47626e+06
7.50632e+06
7.5378e+06
7.56908e+06
7.59819e+06
7.62291e+06
7.64085e+06
7.64972e+06
7.64752e+06
7.63283e+06
7.60504e+06
7.5646e+06
7.51305e+06
7.45315e+06
7.38866e+06
7.32407e+06
7.26419e+06
7.21386e+06
7.17745e+06
7.1583e+06
7.3825e+06
7.38352e+06
7.3858e+06
7.3898e+06
7.39605e+06
7.40521e+06
7.41783e+06
7.43434e+06
7.45489e+06
7.47935e+06
7.50717e+06
7.53742e+06
7.56877e+06
7.59949e+06
7.6276e+06
7.65088e+06
7.667e+06
7.67376e+06
7.66922e+06
7.65204e+06
7.62162e+06
7.57832e+06
7.52366e+06
7.4604e+06
7.39233e+06
7.32409e+06
7.26069e+06
7.20726e+06
7.1686e+06
7.14828e+06
7.42223e+06
7.42307e+06
7.42502e+06
7.42857e+06
7.43436e+06
7.44308e+06
7.45531e+06
7.47145e+06
7.49163e+06
7.51559e+06
7.5427e+06
7.57191e+06
7.60185e+06
7.63078e+06
7.65672e+06
7.67752e+06
7.69098e+06
7.69498e+06
7.6877e+06
7.66784e+06
7.63479e+06
7.58885e+06
7.53146e+06
7.46533e+06
7.39426e+06
7.32293e+06
7.25657e+06
7.20059e+06
7.16007e+06
7.13877e+06
7.47116e+06
7.47182e+06
7.47343e+06
7.47649e+06
7.48167e+06
7.48965e+06
7.50099e+06
7.51608e+06
7.53497e+06
7.55734e+06
7.58252e+06
7.60942e+06
7.63665e+06
7.66256e+06
7.68522e+06
7.70261e+06
7.71265e+06
7.71337e+06
7.70303e+06
7.68036e+06
7.64476e+06
7.59643e+06
7.53675e+06
7.46827e+06
7.3948e+06
7.32096e+06
7.25227e+06
7.1943e+06
7.15231e+06
7.13021e+06
7.53038e+06
7.53082e+06
7.53197e+06
7.53435e+06
7.5386e+06
7.54535e+06
7.55513e+06
7.56829e+06
7.58484e+06
7.60445e+06
7.62642e+06
7.64971e+06
7.673e+06
7.69472e+06
7.71309e+06
7.72622e+06
7.7322e+06
7.72918e+06
7.71553e+06
7.69001e+06
7.65196e+06
7.60153e+06
7.53995e+06
7.46969e+06
7.3944e+06
7.3187e+06
7.24835e+06
7.18894e+06
7.14581e+06
7.12308e+06
7.60055e+06
7.60067e+06
7.60119e+06
7.60258e+06
7.60543e+06
7.61032e+06
7.61775e+06
7.62802e+06
7.64115e+06
7.65681e+06
7.67434e+06
7.69279e+06
7.71097e+06
7.72745e+06
7.74063e+06
7.74877e+06
7.75014e+06
7.74303e+06
7.72587e+06
7.69745e+06
7.65708e+06
7.60484e+06
7.5418e+06
7.47015e+06
7.39368e+06
7.31689e+06
7.24549e+06
7.18511e+06
7.14119e+06
7.11806e+06
7.68178e+06
7.68147e+06
7.68111e+06
7.68113e+06
7.68205e+06
7.6844e+06
7.68866e+06
7.69511e+06
7.70376e+06
7.71435e+06
7.72633e+06
7.73887e+06
7.75093e+06
7.76127e+06
7.7685e+06
7.77105e+06
7.76737e+06
7.75585e+06
7.73503e+06
7.70368e+06
7.66112e+06
7.60732e+06
7.54314e+06
7.47061e+06
7.39354e+06
7.31634e+06
7.24442e+06
7.18355e+06
7.13933e+06
7.11605e+06
7.77353e+06
7.77267e+06
7.77119e+06
7.76945e+06
7.76792e+06
7.76709e+06
7.76743e+06
7.76921e+06
7.77248e+06
7.77709e+06
7.78259e+06
7.78834e+06
7.79349e+06
7.79701e+06
7.79769e+06
7.79417e+06
7.78508e+06
7.76891e+06
7.7443e+06
7.71002e+06
7.66533e+06
7.61016e+06
7.54503e+06
7.47229e+06
7.39521e+06
7.31801e+06
7.24614e+06
7.18538e+06
7.14132e+06
7.11814e+06
7.87462e+06
7.8731e+06
7.87027e+06
7.86644e+06
7.86202e+06
7.85751e+06
7.85335e+06
7.84981e+06
7.84705e+06
7.845e+06
7.84338e+06
7.84174e+06
7.83945e+06
7.83567e+06
7.8294e+06
7.81951e+06
7.80477e+06
7.78378e+06
7.75528e+06
7.71804e+06
7.67123e+06
7.61477e+06
7.54916e+06
7.47662e+06
7.39987e+06
7.32322e+06
7.25198e+06
7.192e+06
7.14855e+06
7.12571e+06
7.98322e+06
7.98097e+06
7.97662e+06
7.97047e+06
7.9629e+06
7.95441e+06
7.9454e+06
7.93619e+06
7.92704e+06
7.91798e+06
7.90893e+06
7.89963e+06
7.88965e+06
7.87838e+06
7.86499e+06
7.84858e+06
7.82805e+06
7.80216e+06
7.76969e+06
7.72947e+06
7.6806e+06
7.62296e+06
7.55711e+06
7.48522e+06
7.40903e+06
7.33356e+06
7.26366e+06
7.20501e+06
7.16261e+06
7.14034e+06
8.09698e+06
8.09396e+06
8.08805e+06
8.07951e+06
8.06873e+06
8.05619e+06
8.04227e+06
8.02736e+06
8.01181e+06
7.99578e+06
7.97936e+06
7.96246e+06
7.94485e+06
7.92615e+06
7.90574e+06
7.88286e+06
7.85654e+06
7.82578e+06
7.78932e+06
7.74613e+06
7.69527e+06
7.63673e+06
7.57098e+06
7.49938e+06
7.42459e+06
7.35085e+06
7.28301e+06
7.22623e+06
7.18528e+06
7.16382e+06
8.21319e+06
8.20942e+06
8.20201e+06
8.1912e+06
8.17737e+06
8.16096e+06
8.14237e+06
8.12208e+06
8.1005e+06
8.07788e+06
8.05449e+06
8.03042e+06
8.00557e+06
7.97981e+06
7.95269e+06
7.92361e+06
7.89171e+06
7.85619e+06
7.81588e+06
7.76976e+06
7.71694e+06
7.65795e+06
7.59207e+06
7.52139e+06
7.44847e+06
7.37712e+06
7.31187e+06
7.25752e+06
7.21845e+06
7.198e+06
8.32899e+06
8.32455e+06
8.31581e+06
8.30301e+06
8.28648e+06
8.26664e+06
8.24392e+06
8.21887e+06
8.19192e+06
8.16345e+06
8.13381e+06
8.10331e+06
8.07198e+06
8.03979e+06
8.0065e+06
7.9717e+06
7.93469e+06
7.89467e+06
7.8507e+06
7.80185e+06
7.74758e+06
7.6876e+06
7.62225e+06
7.55304e+06
7.48248e+06
7.4141e+06
7.35207e+06
7.30068e+06
7.26388e+06
7.24468e+06
8.44155e+06
8.43658e+06
8.42678e+06
8.41238e+06
8.39366e+06
8.37104e+06
8.34497e+06
8.31604e+06
8.28464e+06
8.25135e+06
8.21648e+06
8.18055e+06
8.14372e+06
8.10605e+06
8.06737e+06
8.02749e+06
7.98598e+06
7.94189e+06
7.89461e+06
7.84345e+06
7.78781e+06
7.72746e+06
7.66294e+06
7.59568e+06
7.52806e+06
7.46329e+06
7.40508e+06
7.35721e+06
7.32311e+06
7.30536e+06
8.54829e+06
8.54296e+06
8.53243e+06
8.51692e+06
8.49665e+06
8.47202e+06
8.44354e+06
8.41176e+06
8.37706e+06
8.34017e+06
8.3013e+06
8.26113e+06
8.21996e+06
8.17789e+06
8.13491e+06
8.09078e+06
8.04537e+06
7.99788e+06
7.948e+06
7.895e+06
7.83838e+06
7.77815e+06
7.71495e+06
7.65022e+06
7.58617e+06
7.52569e+06
7.47193e+06
7.42813e+06
7.39712e+06
7.38103e+06
8.64704e+06
8.64153e+06
8.63061e+06
8.61449e+06
8.59335e+06
8.56759e+06
8.53772e+06
8.50417e+06
8.46747e+06
8.42821e+06
8.38671e+06
8.34365e+06
8.29942e+06
8.2541e+06
8.20797e+06
8.16061e+06
8.11215e+06
8.06233e+06
8.01051e+06
7.95619e+06
7.89916e+06
7.83965e+06
7.77842e+06
7.71691e+06
7.65716e+06
7.60165e+06
7.553e+06
7.51379e+06
7.48624e+06
7.47202e+06
8.73611e+06
8.73058e+06
8.71963e+06
8.7034e+06
8.68207e+06
8.65602e+06
8.62578e+06
8.59157e+06
8.55404e+06
8.51369e+06
8.47099e+06
8.42637e+06
8.38037e+06
8.33308e+06
8.28487e+06
8.23557e+06
8.18542e+06
8.13397e+06
8.08089e+06
8.02598e+06
7.96928e+06
7.91124e+06
7.85278e+06
7.7953e+06
7.74063e+06
7.6908e+06
7.64788e+06
7.61375e+06
7.59002e+06
7.57784e+06
8.81435e+06
8.80896e+06
8.79828e+06
8.78238e+06
8.76153e+06
8.73602e+06
8.70623e+06
8.67237e+06
8.63521e+06
8.59498e+06
8.55222e+06
8.50739e+06
8.46088e+06
8.41296e+06
8.36402e+06
8.314e+06
8.26295e+06
8.21075e+06
8.15732e+06
8.1027e+06
8.04723e+06
7.99158e+06
7.93679e+06
7.88422e+06
7.83542e+06
7.79198e+06
7.75535e+06
7.72673e+06
7.70712e+06
7.69714e+06
8.88117e+06
8.87606e+06
8.86591e+06
8.85074e+06
8.83089e+06
8.80655e+06
8.77809e+06
8.7453e+06
8.70963e+06
8.67044e+06
8.6288e+06
8.58495e+06
8.53918e+06
8.49182e+06
8.44314e+06
8.39326e+06
8.34231e+06
8.29036e+06
8.23754e+06
8.18422e+06
8.13099e+06
8.07874e+06
8.0286e+06
7.98182e+06
7.93968e+06
7.90328e+06
7.87343e+06
7.85071e+06
7.83543e+06
7.82777e+06
8.9365e+06
8.93178e+06
8.92234e+06
8.90833e+06
8.88986e+06
8.86715e+06
8.84043e+06
8.80991e+06
8.77606e+06
8.73909e+06
8.69939e+06
8.65731e+06
8.61316e+06
8.56721e+06
8.51973e+06
8.47093e+06
8.42104e+06
8.37031e+06
8.31915e+06
8.26817e+06
8.21825e+06
8.17044e+06
8.12592e+06
8.0858e+06
8.05103e+06
8.02221e+06
7.99956e+06
7.98298e+06
7.9722e+06
7.96692e+06
8.98091e+06
8.97662e+06
8.9681e+06
8.95537e+06
8.93858e+06
8.91785e+06
8.89336e+06
8.86532e+06
8.83397e+06
8.79959e+06
8.76245e+06
8.72282e+06
8.68096e+06
8.63715e+06
8.59165e+06
8.54474e+06
8.49678e+06
8.44822e+06
8.3997e+06
8.35212e+06
8.30655e+06
8.2642e+06
8.22622e+06
8.19355e+06
8.16675e+06
8.14594e+06
8.13074e+06
8.12044e+06
8.11421e+06
8.11132e+06
9.01526e+06
9.01145e+06
9.00384e+06
8.99249e+06
8.97745e+06
8.95884e+06
8.93676e+06
8.91135e+06
8.88282e+06
8.85131e+06
8.81707e+06
8.7803e+06
8.7412e+06
8.70004e+06
8.65711e+06
8.61276e+06
8.56749e+06
8.52193e+06
8.477e+06
8.4338e+06
8.39358e+06
8.35761e+06
8.32699e+06
8.3024e+06
8.28403e+06
8.27147e+06
8.26381e+06
8.25977e+06
8.25804e+06
8.2575e+06
9.04051e+06
9.03716e+06
9.03046e+06
9.02045e+06
9.00716e+06
8.99064e+06
8.97096e+06
8.94822e+06
8.92253e+06
8.89399e+06
8.86278e+06
8.82903e+06
8.79294e+06
8.75475e+06
8.71479e+06
8.67352e+06
8.63155e+06
8.58976e+06
8.54925e+06
8.51132e+06
8.47732e+06
8.44854e+06
8.42592e+06
8.40986e+06
8.40015e+06
8.39591e+06
8.39569e+06
8.39776e+06
8.40036e+06
8.40206e+06
9.05773e+06
9.0548e+06
9.04895e+06
9.04019e+06
9.02851e+06
9.01397e+06
8.99656e+06
8.97635e+06
8.95337e+06
8.92771e+06
8.89945e+06
8.86872e+06
8.8357e+06
8.80063e+06
8.7639e+06
8.72607e+06
8.68793e+06
8.65053e+06
8.61517e+06
8.58327e+06
8.55623e+06
8.53525e+06
8.52107e+06
8.51378e+06
8.51276e+06
8.51666e+06
8.52361e+06
8.53146e+06
8.5381e+06
8.5419e+06
9.068e+06
9.06544e+06
9.06035e+06
9.05269e+06
9.04247e+06
9.02967e+06
9.0143e+06
8.99636e+06
8.97586e+06
8.95284e+06
8.92734e+06
8.89948e+06
8.86943e+06
8.83749e+06
8.80413e+06
8.77003e+06
8.73612e+06
8.70366e+06
8.67406e+06
8.6488e+06
8.62927e+06
8.61652e+06
8.611e+06
8.61248e+06
8.61992e+06
8.63159e+06
8.64525e+06
8.65841e+06
8.66872e+06
8.67438e+06
9.07237e+06
9.07014e+06
9.06567e+06
9.05895e+06
9.04995e+06
9.03865e+06
9.02502e+06
9.00904e+06
8.9907e+06
8.96999e+06
8.94697e+06
8.92173e+06
8.8945e+06
8.86563e+06
8.8357e+06
8.80553e+06
8.77621e+06
8.74912e+06
8.72577e+06
8.70763e+06
8.69597e+06
8.69165e+06
8.69479e+06
8.70478e+06
8.72025e+06
8.73912e+06
8.75885e+06
8.77671e+06
8.79022e+06
8.79749e+06
9.07179e+06
9.06981e+06
9.06586e+06
9.05989e+06
9.05189e+06
9.04181e+06
9.0296e+06
9.01523e+06
8.99868e+06
8.97993e+06
8.95905e+06
8.93616e+06
8.91156e+06
8.88568e+06
8.85924e+06
8.83317e+06
8.80874e+06
8.7874e+06
8.77068e+06
8.75997e+06
8.75636e+06
8.76044e+06
8.77198e+06
8.79003e+06
8.81289e+06
8.83819e+06
8.8632e+06
8.88508e+06
8.90126e+06
8.90986e+06
9.06707e+06
9.0653e+06
9.06173e+06
9.05635e+06
9.04911e+06
9.03996e+06
9.02886e+06
9.01576e+06
9.00065e+06
8.98351e+06
8.96446e+06
8.94367e+06
8.92152e+06
8.89858e+06
8.87569e+06
8.85393e+06
8.83466e+06
8.81937e+06
8.80955e+06
8.80643e+06
8.81087e+06
8.8231e+06
8.84258e+06
8.86802e+06
8.89744e+06
8.92828e+06
8.95769e+06
8.98279e+06
9.00108e+06
9.0107e+06
9.05892e+06
9.05728e+06
9.054e+06
9.04903e+06
9.04233e+06
9.03387e+06
9.02358e+06
9.01144e+06
8.99744e+06
8.98162e+06
8.96413e+06
8.94525e+06
8.92546e+06
8.90547e+06
8.88626e+06
8.86903e+06
8.85518e+06
8.8462e+06
8.84344e+06
8.84792e+06
8.86019e+06
8.88016e+06
8.90691e+06
8.93889e+06
8.97391e+06
9.00928e+06
9.04213e+06
9.06965e+06
9.08945e+06
9.09979e+06
9.04787e+06
9.04632e+06
9.04321e+06
9.03851e+06
9.03217e+06
9.02416e+06
9.01444e+06
9.00299e+06
8.98985e+06
8.97512e+06
8.95903e+06
8.94198e+06
8.92456e+06
8.90764e+06
8.89231e+06
8.87986e+06
8.87169e+06
8.8692e+06
8.87355e+06
8.88548e+06
8.90521e+06
8.93229e+06
8.96551e+06
9.00305e+06
9.04259e+06
9.08143e+06
9.11674e+06
9.14587e+06
9.16661e+06
9.17737e+06
9.03434e+06
9.03283e+06
9.02981e+06
9.02526e+06
9.01911e+06
9.01138e+06
9.00203e+06
8.99109e+06
8.97864e+06
8.96488e+06
8.95014e+06
8.93495e+06
8.92004e+06
8.90641e+06
8.89524e+06
8.88785e+06
8.8856e+06
8.88971e+06
8.9011e+06
8.92019e+06
8.94683e+06
8.98027e+06
9.019e+06
9.06103e+06
9.10398e+06
9.1452e+06
9.18201e+06
9.21196e+06
9.23308e+06
9.24398e+06
9.01861e+06
9.01712e+06
9.01413e+06
9.00961e+06
9.00356e+06
8.99597e+06
8.98687e+06
8.97633e+06
8.96453e+06
8.95174e+06
8.93844e+06
8.92528e+06
8.91315e+06
8.90312e+06
8.89645e+06
8.89444e+06
8.89828e+06
8.90901e+06
8.92723e+06
8.95303e+06
8.98591e+06
9.02481e+06
9.06802e+06
9.11342e+06
9.15865e+06
9.20118e+06
9.23857e+06
9.26863e+06
9.28964e+06
9.30042e+06
9.00088e+06
8.99938e+06
8.99637e+06
8.99184e+06
8.9858e+06
8.9783e+06
8.96941e+06
8.95928e+06
8.94817e+06
8.93651e+06
8.92487e+06
8.91407e+06
8.90508e+06
8.89907e+06
8.89728e+06
8.9009e+06
8.91097e+06
8.92821e+06
8.95292e+06
8.98485e+06
9.02316e+06
9.06656e+06
9.11313e+06
9.16078e+06
9.2072e+06
9.25005e+06
9.28718e+06
9.31669e+06
9.33715e+06
9.34761e+06
8.98126e+06
8.97974e+06
8.97669e+06
8.97212e+06
8.96609e+06
8.95869e+06
8.95008e+06
8.94047e+06
8.93025e+06
8.91999e+06
8.91039e+06
8.90237e+06
8.897e+06
8.89546e+06
8.8989e+06
8.90838e+06
8.92468e+06
8.94822e+06
8.97893e+06
9.01628e+06
9.0591e+06
9.10596e+06
9.1548e+06
9.20359e+06
9.25016e+06
9.29243e+06
9.32859e+06
9.357e+06
9.37656e+06
9.38651e+06
8.95981e+06
8.95827e+06
8.95518e+06
8.95061e+06
8.94466e+06
8.93746e+06
8.92927e+06
8.92043e+06
8.91145e+06
8.903e+06
8.89593e+06
8.89122e+06
8.88998e+06
8.89334e+06
8.90234e+06
8.91779e+06
8.9402e+06
8.96966e+06
9.00577e+06
9.04769e+06
9.09406e+06
9.14331e+06
9.19335e+06
9.24222e+06
9.28802e+06
9.32895e+06
9.36352e+06
9.39039e+06
9.40875e+06
9.41809e+06
8.93655e+06
8.93501e+06
8.93195e+06
8.92747e+06
8.92173e+06
8.91493e+06
8.90746e+06
8.89976e+06
8.89246e+06
8.88637e+06
8.8824e+06
8.88159e+06
8.88499e+06
8.89364e+06
8.90839e+06
8.9298e+06
8.95805e+06
8.9929e+06
9.03368e+06
9.07925e+06
9.12814e+06
9.17873e+06
9.22892e+06
9.27696e+06
9.32118e+06
9.36014e+06
9.39262e+06
9.41761e+06
9.43461e+06
9.44324e+06
8.91153e+06
8.91003e+06
8.9071e+06
8.90287e+06
8.89757e+06
8.89149e+06
8.88514e+06
8.87907e+06
8.87404e+06
8.87092e+06
8.87067e+06
8.87432e+06
8.88284e+06
8.89707e+06
8.91764e+06
8.94482e+06
8.97848e+06
9.01806e+06
9.06266e+06
9.11089e+06
9.16127e+06
9.21215e+06
9.26158e+06
9.30796e+06
9.34997e+06
9.38645e+06
9.4165e+06
9.43939e+06
9.45492e+06
9.46276e+06
8.88483e+06
8.88346e+06
8.88081e+06
8.87707e+06
8.87254e+06
8.86762e+06
8.86291e+06
8.85908e+06
8.85696e+06
8.85746e+06
8.86155e+06
8.87018e+06
8.88415e+06
8.90411e+06
8.93041e+06
8.96301e+06
9.00147e+06
9.045e+06
9.09246e+06
9.14237e+06
9.19324e+06
9.24343e+06
9.29124e+06
9.33533e+06
9.37466e+06
9.40829e+06
9.43567e+06
9.45636e+06
9.47035e+06
9.47737e+06
8.85668e+06
8.85554e+06
8.85338e+06
8.85046e+06
8.84712e+06
8.8439e+06
8.84144e+06
8.84052e+06
8.84198e+06
8.84675e+06
8.85573e+06
8.86973e+06
8.88937e+06
8.91503e+06
8.94676e+06
8.98424e+06
9.02677e+06
9.07335e+06
9.12269e+06
9.17328e+06
9.22368e+06
9.27234e+06
9.31783e+06
9.35914e+06
9.3954e+06
9.42599e+06
9.45062e+06
9.46906e+06
9.4815e+06
9.48769e+06
8.82744e+06
8.82667e+06
8.82528e+06
8.82355e+06
8.82192e+06
8.821e+06
8.82147e+06
8.82414e+06
8.82985e+06
8.83947e+06
8.85377e+06
8.87338e+06
8.89869e+06
8.92981e+06
8.96649e+06
9.00816e+06
9.05392e+06
9.10258e+06
9.15279e+06
9.20315e+06
9.2522e+06
9.29861e+06
9.34127e+06
9.37938e+06
9.41233e+06
9.43984e+06
9.46178e+06
9.47796e+06
9.48889e+06
9.49424e+06
8.79774e+06
8.79749e+06
8.79717e+06
8.79709e+06
8.79772e+06
8.79974e+06
8.8038e+06
8.8107e+06
8.82124e+06
8.83616e+06
8.85604e+06
8.88131e+06
8.91209e+06
8.94822e+06
8.9892e+06
9.03423e+06
9.08226e+06
9.13201e+06
9.18215e+06
9.2314e+06
9.27836e+06
9.32195e+06
9.3614e+06
9.39607e+06
9.42569e+06
9.4501e+06
9.46935e+06
9.4835e+06
9.49289e+06
9.49752e+06
8.76847e+06
8.76891e+06
8.76997e+06
8.77198e+06
8.77543e+06
8.78099e+06
8.78923e+06
8.80091e+06
8.8167e+06
8.83718e+06
8.8627e+06
8.89345e+06
8.92928e+06
8.96978e+06
9.01425e+06
9.06172e+06
9.11103e+06
9.16092e+06
9.21013e+06
9.25746e+06
9.30172e+06
9.34212e+06
9.37811e+06
9.40932e+06
9.43558e+06
9.45701e+06
9.47371e+06
9.48591e+06
9.4939e+06
9.49783e+06
8.74084e+06
8.74213e+06
8.74486e+06
8.74938e+06
8.75612e+06
8.7657e+06
8.77858e+06
8.79541e+06
8.81666e+06
8.84272e+06
8.87369e+06
8.9095e+06
8.94975e+06
8.99383e+06
9.04086e+06
9.08978e+06
9.1394e+06
9.18857e+06
9.23603e+06
9.28081e+06
9.32192e+06
9.35892e+06
9.39137e+06
9.41913e+06
9.44219e+06
9.46075e+06
9.47507e+06
9.48547e+06
9.49221e+06
9.49553e+06
8.71637e+06
8.71863e+06
8.72328e+06
8.7306e+06
8.74096e+06
8.75487e+06
8.77263e+06
8.79472e+06
8.8214e+06
8.8528e+06
8.88873e+06
8.92894e+06
8.97281e+06
9.01954e+06
9.06813e+06
9.11753e+06
9.16657e+06
9.21413e+06
9.25922e+06
9.30095e+06
9.33874e+06
9.3722e+06
9.40113e+06
9.42551e+06
9.44553e+06
9.46147e+06
9.47365e+06
9.48243e+06
9.4881e+06
9.49088e+06
8.69686e+06
8.70015e+06
8.70683e+06
8.7171e+06
8.73119e+06
8.74949e+06
8.77208e+06
8.79925e+06
8.831e+06
8.86718e+06
8.90738e+06
8.95114e+06
8.99764e+06
9.04599e+06
9.09515e+06
9.14407e+06
9.1917e+06
9.23696e+06
9.27917e+06
9.31762e+06
9.3519e+06
9.3818e+06
9.40729e+06
9.42852e+06
9.44575e+06
9.45934e+06
9.46965e+06
9.47702e+06
9.48176e+06
9.48407e+06
8.68424e+06
8.68856e+06
8.69724e+06
8.71038e+06
8.72808e+06
8.75053e+06
8.77759e+06
8.80931e+06
8.84545e+06
8.88557e+06
8.92909e+06
8.97535e+06
9.02341e+06
9.07231e+06
9.12104e+06
9.1686e+06
9.21406e+06
9.25656e+06
9.29553e+06
9.33049e+06
9.36122e+06
9.38765e+06
9.40992e+06
9.42826e+06
9.44301e+06
9.45454e+06
9.46321e+06
9.46939e+06
9.47334e+06
9.47526e+06
8.68048e+06
8.68573e+06
8.69624e+06
8.71196e+06
8.73282e+06
8.75889e+06
8.78969e+06
8.82515e+06
8.86462e+06
8.90759e+06
8.95328e+06
9.00085e+06
9.04931e+06
9.0977e+06
9.14506e+06
9.19049e+06
9.23318e+06
9.2725e+06
9.30799e+06
9.3394e+06
9.36666e+06
9.38983e+06
9.40914e+06
9.4249e+06
9.43746e+06
9.44721e+06
9.4545e+06
9.45967e+06
9.46297e+06
9.46457e+06
8.68742e+06
8.69343e+06
8.7054e+06
8.72316e+06
8.74653e+06
8.77528e+06
8.80883e+06
8.84682e+06
8.88843e+06
8.93292e+06
8.97943e+06
9.02704e+06
9.07477e+06
9.12159e+06
9.16671e+06
9.20931e+06
9.24875e+06
9.28458e+06
9.3165e+06
9.3444e+06
9.36834e+06
9.3885e+06
9.40514e+06
9.41861e+06
9.42929e+06
9.43753e+06
9.44367e+06
9.44801e+06
9.45077e+06
9.45211e+06
8.70652e+06
8.71304e+06
8.72602e+06
8.74509e+06
8.76997e+06
8.80036e+06
8.83531e+06
8.87447e+06
8.91672e+06
8.96132e+06
9.00726e+06
9.0536e+06
9.09937e+06
9.14368e+06
9.18576e+06
9.22495e+06
9.26078e+06
9.29292e+06
9.32124e+06
9.34574e+06
9.36657e+06
9.38396e+06
9.39823e+06
9.40971e+06
9.41877e+06
9.42574e+06
9.43092e+06
9.43458e+06
9.4369e+06
9.43803e+06
8.73878e+06
8.7455e+06
8.75882e+06
8.7784e+06
8.80374e+06
8.83434e+06
8.86937e+06
8.90808e+06
8.9495e+06
8.99269e+06
9.03666e+06
9.08045e+06
9.12317e+06
9.16403e+06
9.20237e+06
9.23767e+06
9.26959e+06
9.29794e+06
9.32268e+06
9.34392e+06
9.36184e+06
9.37672e+06
9.38886e+06
9.39861e+06
9.40628e+06
9.41218e+06
9.41657e+06
9.41966e+06
9.42164e+06
9.42259e+06
8.78446e+06
8.79107e+06
8.80411e+06
8.82322e+06
8.84787e+06
8.8774e+06
8.911e+06
8.94779e+06
8.98682e+06
9.02713e+06
9.06775e+06
9.1078e+06
9.14647e+06
9.18308e+06
9.21708e+06
9.2481e+06
9.27589e+06
9.30038e+06
9.32161e+06
9.33971e+06
9.35491e+06
9.36748e+06
9.37771e+06
9.38592e+06
9.39239e+06
9.39736e+06
9.40107e+06
9.4037e+06
9.40538e+06
9.40619e+06
8.84313e+06
8.84931e+06
8.86147e+06
8.87923e+06
8.90206e+06
8.92926e+06
8.96003e+06
8.99349e+06
9.02873e+06
9.06483e+06
9.1009e+06
9.13617e+06
9.16993e+06
9.20162e+06
9.23081e+06
9.25724e+06
9.28076e+06
9.30134e+06
9.31909e+06
9.33416e+06
9.34677e+06
9.35719e+06
9.36567e+06
9.37248e+06
9.37786e+06
9.38201e+06
9.38512e+06
9.38733e+06
9.38875e+06
9.38944e+06
8.91366e+06
8.91913e+06
8.92986e+06
8.9455e+06
8.96554e+06
8.98931e+06
9.01606e+06
9.04498e+06
9.07525e+06
9.10605e+06
9.13661e+06
9.16627e+06
9.19446e+06
9.22073e+06
9.24477e+06
9.26638e+06
9.28551e+06
9.30217e+06
9.31647e+06
9.32858e+06
9.3387e+06
9.34706e+06
9.35388e+06
9.35936e+06
9.36371e+06
9.36708e+06
9.36962e+06
9.37143e+06
9.3726e+06
9.37317e+06
8.99421e+06
8.99874e+06
9.00762e+06
9.02054e+06
9.03704e+06
9.05654e+06
9.07838e+06
9.10188e+06
9.12633e+06
9.15105e+06
9.17543e+06
9.19893e+06
9.22111e+06
9.24164e+06
9.26031e+06
9.27699e+06
9.29167e+06
9.30439e+06
9.31528e+06
9.32447e+06
9.33214e+06
9.33848e+06
9.34365e+06
9.34783e+06
9.35115e+06
9.35375e+06
9.35571e+06
9.35712e+06
9.35802e+06
9.35847e+06
9.08238e+06
9.08583e+06
9.0926e+06
9.10241e+06
9.11491e+06
9.12963e+06
9.14604e+06
9.16359e+06
9.18175e+06
9.19998e+06
9.21783e+06
9.2349e+06
9.25089e+06
9.26557e+06
9.2788e+06
9.29054e+06
9.30078e+06
9.30959e+06
9.31709e+06
9.32338e+06
9.32862e+06
9.33293e+06
9.33645e+06
9.3393e+06
9.34156e+06
9.34334e+06
9.34469e+06
9.34566e+06
9.34629e+06
9.3466e+06
9.17539e+06
9.17771e+06
9.18226e+06
9.18885e+06
9.19719e+06
9.20696e+06
9.21779e+06
9.22928e+06
9.24106e+06
9.25276e+06
9.26408e+06
9.27477e+06
9.28463e+06
9.29355e+06
9.30146e+06
9.30834e+06
9.31424e+06
9.31923e+06
9.32338e+06
9.32681e+06
9.32961e+06
9.33188e+06
9.33371e+06
9.33518e+06
9.33633e+06
9.33724e+06
9.33792e+06
9.33842e+06
9.33874e+06
9.33889e+06
9.27032e+06
9.27155e+06
9.27395e+06
9.2774e+06
9.28172e+06
9.28673e+06
9.29218e+06
9.29786e+06
9.30353e+06
9.30901e+06
9.31413e+06
9.31876e+06
9.32282e+06
9.32628e+06
9.32913e+06
9.33141e+06
9.33316e+06
9.33446e+06
9.33539e+06
9.33601e+06
9.3364e+06
9.33662e+06
9.33672e+06
9.33676e+06
9.33675e+06
9.33672e+06
9.33669e+06
9.33666e+06
9.33664e+06
9.33662e+06
9.36431e+06
9.36455e+06
9.365e+06
9.36561e+06
9.3663e+06
9.36699e+06
9.3676e+06
9.36802e+06
9.36819e+06
9.36804e+06
9.36755e+06
9.3667e+06
9.3655e+06
9.36399e+06
9.36223e+06
9.36026e+06
9.35817e+06
9.35602e+06
9.35389e+06
9.35182e+06
9.34986e+06
9.34806e+06
9.34644e+06
9.34502e+06
9.34381e+06
9.34281e+06
9.34201e+06
9.34142e+06
9.34103e+06
9.34084e+06
9.45476e+06
9.45416e+06
9.45297e+06
9.45118e+06
9.4488e+06
9.44584e+06
9.44233e+06
9.43829e+06
9.43378e+06
9.42884e+06
9.42355e+06
9.41799e+06
9.41224e+06
9.40642e+06
9.4006e+06
9.39488e+06
9.38935e+06
9.38408e+06
9.37913e+06
9.37456e+06
9.37039e+06
9.36665e+06
9.36335e+06
9.36049e+06
9.35807e+06
9.35608e+06
9.35451e+06
9.35334e+06
9.35257e+06
9.35218e+06
9.53949e+06
9.53824e+06
9.53575e+06
9.53209e+06
9.5273e+06
9.52147e+06
9.51471e+06
9.50714e+06
9.4989e+06
9.49013e+06
9.48097e+06
9.4716e+06
9.46214e+06
9.45274e+06
9.44354e+06
9.43465e+06
9.42618e+06
9.41819e+06
9.41077e+06
9.40394e+06
9.39776e+06
9.39222e+06
9.38734e+06
9.38311e+06
9.37953e+06
9.37657e+06
9.37423e+06
9.37248e+06
9.37133e+06
9.37076e+06
9.61683e+06
9.61511e+06
9.6117e+06
9.60669e+06
9.60017e+06
9.59228e+06
9.58317e+06
9.57304e+06
9.56206e+06
9.55046e+06
9.53842e+06
9.52616e+06
9.51387e+06
9.50171e+06
9.48985e+06
9.47843e+06
9.46755e+06
9.45732e+06
9.4478e+06
9.43905e+06
9.4311e+06
9.42397e+06
9.41766e+06
9.41219e+06
9.40752e+06
9.40366e+06
9.4006e+06
9.39831e+06
9.39679e+06
9.39604e+06
9.68563e+06
9.68362e+06
9.67964e+06
9.67378e+06
9.66616e+06
9.65696e+06
9.64635e+06
9.63455e+06
9.62179e+06
9.60831e+06
9.59434e+06
9.5801e+06
9.56582e+06
9.55169e+06
9.53789e+06
9.52458e+06
9.51188e+06
9.4999e+06
9.48872e+06
9.4784e+06
9.46898e+06
9.46051e+06
9.45298e+06
9.44641e+06
9.44079e+06
9.43613e+06
9.43242e+06
9.42964e+06
9.42779e+06
9.42687e+06
9.74525e+06
9.7431e+06
9.73883e+06
9.73255e+06
9.72439e+06
9.71451e+06
9.70313e+06
9.69045e+06
9.67672e+06
9.6622e+06
9.64711e+06
9.63171e+06
9.61622e+06
9.60084e+06
9.58578e+06
9.57118e+06
9.55721e+06
9.54396e+06
9.53154e+06
9.52003e+06
9.50947e+06
9.49992e+06
9.4914e+06
9.48393e+06
9.47752e+06
9.47218e+06
9.46791e+06
9.46471e+06
9.46258e+06
9.46151e+06
9.79548e+06
9.7933e+06
9.78897e+06
9.7826e+06
9.77431e+06
9.76426e+06
9.75266e+06
9.73972e+06
9.72567e+06
9.71076e+06
9.69523e+06
9.67932e+06
9.66326e+06
9.64724e+06
9.63148e+06
9.61614e+06
9.60137e+06
9.5873e+06
9.57405e+06
9.56169e+06
9.55031e+06
9.53995e+06
9.53068e+06
9.52251e+06
9.51547e+06
9.50959e+06
9.50487e+06
9.50132e+06
9.49896e+06
9.49777e+06
9.83643e+06
9.8343e+06
9.83007e+06
9.82382e+06
9.81568e+06
9.80581e+06
9.79438e+06
9.78159e+06
9.76768e+06
9.75286e+06
9.73736e+06
9.72141e+06
9.70524e+06
9.68905e+06
9.67303e+06
9.65735e+06
9.64219e+06
9.62766e+06
9.61391e+06
9.60102e+06
9.58908e+06
9.57818e+06
9.56836e+06
9.55968e+06
9.55218e+06
9.54589e+06
9.54083e+06
9.53703e+06
9.53448e+06
9.5332e+06
9.86844e+06
9.86639e+06
9.86233e+06
9.85633e+06
9.8485e+06
9.83898e+06
9.82793e+06
9.81554e+06
9.802e+06
9.78754e+06
9.77235e+06
9.75666e+06
9.74067e+06
9.72459e+06
9.7086e+06
9.69288e+06
9.6776e+06
9.66288e+06
9.64888e+06
9.6357e+06
9.62344e+06
9.61219e+06
9.60202e+06
9.593e+06
9.58518e+06
9.57861e+06
9.57331e+06
9.56931e+06
9.56663e+06
9.56529e+06
9.89192e+06
9.88996e+06
9.88609e+06
9.88036e+06
9.87287e+06
9.86375e+06
9.85314e+06
9.84121e+06
9.82813e+06
9.81411e+06
9.79933e+06
9.78401e+06
9.76833e+06
9.7525e+06
9.73668e+06
9.72107e+06
9.70582e+06
9.69108e+06
9.67699e+06
9.66368e+06
9.65126e+06
9.63981e+06
9.62944e+06
9.62021e+06
9.61219e+06
9.60543e+06
9.59997e+06
9.59585e+06
9.59309e+06
9.59171e+06
9.90729e+06
9.90541e+06
9.9017e+06
9.89619e+06
9.88898e+06
9.88019e+06
9.86994e+06
9.8584e+06
9.84571e+06
9.83207e+06
9.81766e+06
9.80267e+06
9.78729e+06
9.77169e+06
9.75608e+06
9.74061e+06
9.72545e+06
9.71075e+06
9.69666e+06
9.68331e+06
9.67082e+06
9.65928e+06
9.6488e+06
9.63946e+06
9.63133e+06
9.62446e+06
9.61891e+06
9.61471e+06
9.6119e+06
9.61049e+06
9.91489e+06
9.91306e+06
9.90942e+06
9.90404e+06
9.89699e+06
9.88838e+06
9.87834e+06
9.86701e+06
9.85455e+06
9.84113e+06
9.82693e+06
9.81213e+06
9.79692e+06
9.78147e+06
9.76598e+06
9.7506e+06
9.73551e+06
9.72085e+06
9.70678e+06
9.69343e+06
9.68091e+06
9.66934e+06
9.65882e+06
9.64943e+06
9.64124e+06
9.63433e+06
9.62873e+06
9.6245e+06
9.62167e+06
9.62024e+06
)
;

boundaryField
{
    outerWall
    {
        type            zeroGradient;
    }
    axis
    {
        type            symmetryPlane;
    }
    nozzle
    {
        type            fixedValue;
        value           uniform 0;
    }
    back
    {
        type            empty;
    }
    front
    {
        type            empty;
    }
}


// ************************************************************************* //
