/*--------------------------------*- C++ -*----------------------------------*\
| =========                 |                                                 |
| \\      /  F ield         | OpenFOAM: The Open Source CFD Toolbox           |
|  \\    /   O peration     | Version:  2412                                  |
|   \\  /    A nd           | Website:  www.openfoam.com                      |
|    \\/     M anipulation  |                                                 |
\*---------------------------------------------------------------------------*/
FoamFile
{
    version     2.0;
    format      ascii;
    arch        "LSB;label=32;scalar=64";
    class       volVectorField;
    location    "0.00019";
    object      U;
}
// * * * * * * * * * * * * * * * * * * * * * * * * * * * * * * * * * * * * * //

dimensions      [0 1 -1 0 0 0 0];

internalField   nonuniform List<vector> 
3725
(
(0.0658449 -0.00872727 0)
(0.195878 -0.00900842 0)
(0.321048 -0.00952642 0)
(0.438498 -0.0102785 0)
(0.545796 -0.0110936 0)
(0.641329 -0.0118734 0)
(0.724182 -0.0126995 0)
(0.794218 -0.0130284 0)
(0.851592 -0.0136346 0)
(0.897616 -0.0135222 0)
(0.933307 -0.0133111 0)
(0.960382 -0.0128015 0)
(0.980654 -0.011606 0)
(0.995948 -0.0102732 0)
(1.00744 -0.00860226 0)
(1.01859 -0.00604784 0)
(1.0299 -0.00343268 0)
(1.03939 -0.000302323 0)
(1.04799 0.00320961 0)
(1.05366 0.00712794 0)
(1.05345 0.0113987 0)
(1.04305 0.0159449 0)
(1.01725 0.02072 0)
(0.970422 0.0255321 0)
(0.897379 0.0301952 0)
(0.794357 0.0345551 0)
(0.660127 0.0384332 0)
(0.496218 0.0415692 0)
(0.308379 0.0439294 0)
(0.104785 0.0449979 0)
(0.065634 -0.0262035 0)
(0.195282 -0.0270663 0)
(0.320103 -0.0286417 0)
(0.437333 -0.030902 0)
(0.544611 -0.0332181 0)
(0.640138 -0.0357264 0)
(0.723331 -0.0378725 0)
(0.793536 -0.0394656 0)
(0.851239 -0.0407098 0)
(0.89788 -0.0405579 0)
(0.933871 -0.0402055 0)
(0.961684 -0.0378317 0)
(0.982577 -0.035205 0)
(0.998233 -0.0308343 0)
(1.01064 -0.0259551 0)
(1.0225 -0.0183251 0)
(1.03424 -0.0105553 0)
(1.0444 -0.00120797 0)
(1.05359 0.00935777 0)
(1.05983 0.0211206 0)
(1.06009 0.0339753 0)
(1.05007 0.0477496 0)
(1.02447 0.0620483 0)
(0.977567 0.0764871 0)
(0.904168 0.0906187 0)
(0.800548 0.103921 0)
(0.665404 0.11575 0)
(0.500352 0.125374 0)
(0.310959 0.132452 0)
(0.105589 0.135889 0)
(0.0652013 -0.0437851 0)
(0.194057 -0.0451984 0)
(0.31818 -0.0478464 0)
(0.435077 -0.0514866 0)
(0.54219 -0.0553925 0)
(0.637852 -0.0596697 0)
(0.721394 -0.0631118 0)
(0.792114 -0.0661797 0)
(0.850799 -0.0677185 0)
(0.898012 -0.0679333 0)
(0.935378 -0.0669863 0)
(0.964158 -0.063607 0)
(0.985935 -0.0590595 0)
(1.00293 -0.0519921 0)
(1.01686 -0.0436205 0)
(1.03018 -0.0314813 0)
(1.04278 -0.0184287 0)
(1.05436 -0.00291956 0)
(1.06478 0.0146518 0)
(1.07216 0.0342941 0)
(1.07345 0.0558152 0)
(1.06413 0.0788686 0)
(1.03884 0.102996 0)
(0.9919 0.127455 0)
(0.917971 0.151485 0)
(0.813209 0.174233 0)
(0.676232 0.194545 0)
(0.508757 0.211204 0)
(0.316277 0.223257 0)
(0.107368 0.229428 0)
(0.0645755 -0.0615828 0)
(0.19224 -0.0636332 0)
(0.315393 -0.0671878 0)
(0.431678 -0.0721757 0)
(0.538477 -0.0778017 0)
(0.634351 -0.0836086 0)
(0.718452 -0.0886265 0)
(0.790087 -0.0928472 0)
(0.849938 -0.0950002 0)
(0.898422 -0.0958613 0)
(0.937124 -0.0938761 0)
(0.967635 -0.0901798 0)
(0.991295 -0.0832362 0)
(1.00983 -0.074116 0)
(1.02603 -0.0619015 0)
(1.0414 -0.0459016 0)
(1.05567 -0.0275397 0)
(1.06922 -0.00598554 0)
(1.08152 0.018586 0)
(1.09071 0.0461401 0)
(1.09353 0.076456 0)
(1.08546 0.109073 0)
(1.06093 0.143385 0)
(1.01395 0.178406 0)
(0.939252 0.213147 0)
(0.832843 0.246209 0)
(0.693138 0.275932 0)
(0.521891 0.300499 0)
(0.324634 0.318225 0)
(0.110223 0.327481 0)
(0.0636654 -0.0796853 0)
(0.189859 -0.0822266 0)
(0.31178 -0.0867951 0)
(0.427122 -0.0930833 0)
(0.53362 -0.100253 0)
(0.629738 -0.107601 0)
(0.714469 -0.114141 0)
(0.787339 -0.119599 0)
(0.848548 -0.122674 0)
(0.898851 -0.123789 0)
(0.93965 -0.121674 0)
(0.972148 -0.116967 0)
(0.997989 -0.108674 0)
(1.01894 -0.0973879 0)
(1.03803 -0.0812247 0)
(1.05596 -0.0616256 0)
(1.07272 -0.0383001 0)
(1.08896 -0.010936 0)
(1.10388 0.0205398 0)
(1.11557 0.0560182 0)
(1.12066 0.0952684 0)
(1.11434 0.137835 0)
(1.09085 0.182879 0)
(1.04423 0.229324 0)
(0.968831 0.275863 0)
(0.860303 0.320526 0)
(0.716954 0.361033 0)
(0.54048 0.394807 0)
(0.336522 0.419279 0)
(0.114318 0.432186 0)
(0.0626716 -0.0982283 0)
(0.186914 -0.101087 0)
(0.307257 -0.106781 0)
(0.421591 -0.114166 0)
(0.527595 -0.123075 0)
(0.62394 -0.131663 0)
(0.709458 -0.140089 0)
(0.783691 -0.146406 0)
(0.846802 -0.150688 0)
(0.899178 -0.151969 0)
(0.942244 -0.150171 0)
(0.977399 -0.144563 0)
(1.00599 -0.135216 0)
(1.03043 -0.12159 0)
(1.05287 -0.102472 0)
(1.0736 -0.0793917 0)
(1.09369 -0.0513279 0)
(1.11336 -0.0183028 0)
(1.13174 0.0198827 0)
(1.14676 0.0632423 0)
(1.1549 0.111666 0)
(1.15118 0.164551 0)
(1.12955 0.221085 0)
(1.0837 0.280159 0)
(1.00766 0.339875 0)
(0.896725 0.397854 0)
(0.748851 0.451039 0)
(0.565576 0.495874 0)
(0.352678 0.52863 0)
(0.119913 0.546067 0)
(0.0615236 -0.11728 0)
(0.18345 -0.12064 0)
(0.301978 -0.12709 0)
(0.414909 -0.135702 0)
(0.520504 -0.145993 0)
(0.616983 -0.156066 0)
(0.703416 -0.166072 0)
(0.779394 -0.173659 0)
(0.844382 -0.179125 0)
(0.899247 -0.1811 0)
(0.945205 -0.179225 0)
(0.983378 -0.173117 0)
(1.01523 -0.163052 0)
(1.04351 -0.146888 0)
(1.06969 -0.125881 0)
(1.09432 -0.0993518 0)
(1.11854 -0.0670404 0)
(1.14238 -0.0286979 0)
(1.16504 0.0160501 0)
(1.18441 0.0673334 0)
(1.19664 0.12498 0)
(1.19641 0.188718 0)
(1.17756 0.257624 0)
(1.13333 0.330547 0)
(1.0571 0.405287 0)
(0.943678 0.478869 0)
(0.79047 0.547317 0)
(0.598673 0.605813 0)
(0.374178 0.649042 0)
(0.127407 0.672325 0)
(0.0601532 -0.137039 0)
(0.17956 -0.140828 0)
(0.295967 -0.148015 0)
(0.407422 -0.157767 0)
(0.512329 -0.169072 0)
(0.608886 -0.181031 0)
(0.696269 -0.191992 0)
(0.773906 -0.201221 0)
(0.841225 -0.207706 0)
(0.899107 -0.210626 0)
(0.94824 -0.209043 0)
(0.989529 -0.20315 0)
(1.02567 -0.191772 0)
(1.05831 -0.174402 0)
(1.08853 -0.151365 0)
(1.11774 -0.122031 0)
(1.14669 -0.0859561 0)
(1.17567 -0.0426054 0)
(1.20376 0.00838673 0)
(1.22846 0.0673947 0)
(1.24594 0.134383 0)
(1.25066 0.209366 0)
(1.23592 0.291715 0)
(1.19445 0.38008 0)
(1.1189 0.472117 0)
(1.00325 0.564248 0)
(0.844058 0.651407 0)
(0.641868 0.727149 0)
(0.402575 0.783946 0)
(0.137389 0.81503 0)
(0.0586832 -0.157707 0)
(0.175221 -0.161799 0)
(0.289279 -0.16969 0)
(0.399123 -0.180341 0)
(0.503062 -0.192901 0)
(0.599799 -0.20611 0)
(0.688278 -0.218381 0)
(0.767612 -0.228944 0)
(0.837331 -0.236599 0)
(0.898247 -0.240446 0)
(0.95082 -0.239798 0)
(0.996331 -0.23418 0)
(1.03679 -0.221872 0)
(1.07382 -0.203976 0)
(1.10898 -0.179552 0)
(1.14338 -0.147924 0)
(1.17811 -0.108537 0)
(1.21313 -0.0607512 0)
(1.24754 -0.00394726 0)
(1.27891 0.0624425 0)
(1.30312 0.138919 0)
(1.31441 0.22568 0)
(1.30559 0.322427 0)
(1.26863 0.428043 0)
(1.19523 0.540112 0)
(1.07815 0.654507 0)
(0.912645 0.7649 0)
(0.698075 0.862791 0)
(0.440104 0.937521 0)
(0.150735 0.979343 0)
(0.0570849 -0.179436 0)
(0.170575 -0.183827 0)
(0.282066 -0.192187 0)
(0.390019 -0.20371 0)
(0.493008 -0.21729 0)
(0.589782 -0.231483 0)
(0.679147 -0.245208 0)
(0.760246 -0.257167 0)
(0.832601 -0.266116 0)
(0.89671 -0.270997 0)
(0.952941 -0.271442 0)
(1.00298 -0.265873 0)
(1.04832 -0.254214 0)
(1.09005 -0.235736 0)
(1.13057 -0.210468 0)
(1.171 -0.177209 0)
(1.21207 -0.135285 0)
(1.25412 -0.0837703 0)
(1.29615 -0.0217379 0)
(1.33561 0.0515965 0)
(1.36837 0.13739 0)
(1.38829 0.236212 0)
(1.38769 0.348448 0)
(1.35771 0.473302 0)
(1.28875 0.608594 0)
(1.17184 0.74982 0)
(1.00027 0.889302 0)
(0.771331 1.01603 0)
(0.490007 1.11486 0)
(0.168774 1.17193 0)
(0.0553895 -0.202476 0)
(0.165659 -0.207056 0)
(0.27437 -0.21587 0)
(0.3803 -0.228001 0)
(0.482238 -0.242382 0)
(0.578865 -0.257644 0)
(0.669019 -0.272517 0)
(0.751934 -0.285771 0)
(0.826961 -0.295945 0)
(0.894254 -0.302237 0)
(0.954664 -0.303587 0)
(1.00925 -0.298746 0)
(1.0594 -0.287975 0)
(1.10663 -0.269952 0)
(1.15287 -0.24416 0)
(1.19977 -0.210105 0)
(1.24819 -0.16644 0)
(1.29829 -0.112087 0)
(1.34906 -0.0457597 0)
(1.39825 0.0338769 0)
(1.44159 0.128563 0)
(1.4727 0.239571 0)
(1.48341 0.368076 0)
(1.46374 0.514158 0)
(1.40263 0.676228 0)
(1.28868 0.849777 0)
(1.11231 1.02583 0)
(0.867245 1.19051 0)
(0.55705 1.32222 0)
(0.193553 1.40158 0)
(0.0536495 -0.227 0)
(0.16053 -0.231727 0)
(0.266358 -0.24081 0)
(0.370138 -0.253388 0)
(0.470781 -0.268377 0)
(0.567186 -0.28451 0)
(0.658056 -0.300369 0)
(0.742677 -0.314744 0)
(0.820254 -0.326308 0)
(0.89098 -0.334011 0)
(0.95556 -0.336366 0)
(1.01469 -0.333125 0)
(1.06992 -0.323436 0)
(1.12292 -0.306455 0)
(1.17545 -0.281186 0)
(1.22929 -0.246981 0)
(1.28558 -0.202563 0)
(1.34462 -0.146477 0)
(1.40562 -0.0769526 0)
(1.46636 0.00812827 0)
(1.52264 0.110836 0)
(1.56792 0.233666 0)
(1.59364 0.378954 0)
(1.58883 0.548091 0)
(1.54048 0.740721 0)
(1.43405 0.953004 0)
(1.25584 1.17505 0)
(0.993623 1.39011 0)
(0.648343 1.5673 0)
(0.228316 1.68033 0)
(0.0518445 -0.253205 0)
(0.155301 -0.258035 0)
(0.258125 -0.26719 0)
(0.359628 -0.280059 0)
(0.4589 -0.295472 0)
(0.554876 -0.312169 0)
(0.646348 -0.328946 0)
(0.732483 -0.344286 0)
(0.812513 -0.357261 0)
(0.886712 -0.36606 0)
(0.955329 -0.370153 0)
(1.01895 -0.368663 0)
(1.0794 -0.360726 0)
(1.13832 -0.345337 0)
(1.19748 -0.321564 0)
(1.25874 -0.288271 0)
(1.32356 -0.244132 0)
(1.3925 -0.187362 0)
(1.46502 -0.115931 0)
(1.5391 -0.0270538 0)
(1.61074 0.0824336 0)
(1.67378 0.216172 0)
(1.71923 0.378057 0)
(1.73508 0.571554 0)
(1.70633 0.798416 0)
(1.61445 1.05661 0)
(1.44018 1.33627 0)
(1.16144 1.61853 0)
(0.77477 1.8596 0)
(0.278332 2.02471 0)
(0.0500257 -0.281282 0)
(0.150039 -0.286043 0)
(0.24984 -0.295268 0)
(0.348928 -0.308107 0)
(0.446701 -0.32376 0)
(0.542084 -0.340829 0)
(0.633972 -0.358167 0)
(0.721444 -0.374624 0)
(0.803925 -0.388572 0)
(0.881312 -0.398723 0)
(0.953608 -0.404805 0)
(1.02176 -0.405368 0)
(1.08741 -0.399609 0)
(1.15229 -0.386529 0)
(1.21825 -0.364995 0)
(1.28736 -0.33358 0)
(1.36126 -0.291055 0)
(1.44077 -0.235291 0)
(1.52585 -0.16378 0)
(1.61513 -0.0729081 0)
(1.70506 0.041329 0)
(1.78964 0.184159 0)
(1.86018 0.361499 0)
(1.90412 0.579666 0)
(1.9043 0.843762 0)
(1.83748 1.15533 0)
(1.67736 1.50645 0)
(1.38613 1.87852 0)
(0.953098 2.2113 0)
(0.35211 2.46211 0)
(0.0482728 -0.311303 0)
(0.14481 -0.315941 0)
(0.241575 -0.325134 0)
(0.338259 -0.337769 0)
(0.434361 -0.353357 0)
(0.529074 -0.370639 0)
(0.621005 -0.388432 0)
(0.709682 -0.405677 0)
(0.79444 -0.420487 0)
(0.874539 -0.432313 0)
(0.950346 -0.440334 0)
(1.02285 -0.443234 0)
(1.09353 -0.440198 0)
(1.16428 -0.430035 0)
(1.23719 -0.411623 0)
(1.31419 -0.383446 0)
(1.39728 -0.344013 0)
(1.48795 -0.290817 0)
(1.58681 -0.221115 0)
(1.69293 -0.130789 0)
(1.80354 -0.0145835 0)
(1.91392 0.13437 0)
(2.01588 0.324582 0)
(2.0968 0.565977 0)
(2.13812 0.868656 0)
(2.11154 1.2403 0)
(1.98274 1.67843 0)
(1.69008 2.16917 0)
(1.21279 2.63168 0)
(0.466289 3.01018 0)
(0.0465466 -0.34334 0)
(0.139664 -0.347881 0)
(0.233466 -0.356661 0)
(0.32776 -0.369169 0)
(0.42205 -0.38452 0)
(0.51578 -0.40172 0)
(0.607697 -0.419955 0)
(0.697406 -0.437213 0)
(0.783951 -0.453306 0)
(0.866427 -0.466811 0)
(0.945418 -0.476823 0)
(1.02186 -0.482296 0)
(1.09731 -0.482262 0)
(1.17372 -0.47576 0)
(1.2532 -0.461407 0)
(1.33807 -0.437712 0)
(1.43073 -0.402581 0)
(1.53295 -0.354084 0)
(1.64588 -0.288628 0)
(1.77004 -0.201891 0)
(1.90393 -0.0873859 0)
(2.04402 0.0633521 0)
(2.1839 0.261671 0)
(2.3122 0.522216 0)
(2.4101 0.861795 0)
(2.44491 1.29781 0)
(2.37436 1.83979 0)
(2.10117 2.48884 0)
(1.58478 3.16642 0)
(0.634936 3.82052 0)
(0.0448655 -0.377535 0)
(0.134816 -0.381884 0)
(0.225607 -0.390156 0)
(0.317364 -0.402387 0)
(0.409948 -0.417297 0)
(0.502499 -0.434359 0)
(0.594389 -0.452402 0)
(0.684672 -0.470058 0)
(0.772245 -0.487182 0)
(0.856903 -0.5022 0)
(0.938733 -0.514272 0)
(1.01877 -0.522575 0)
(1.09843 -0.525981 0)
(1.17992 -0.523578 0)
(1.26572 -0.513983 0)
(1.35831 -0.495813 0)
(1.46 -0.467006 0)
(1.57342 -0.425013 0)
(1.70095 -0.36675 0)
(1.84387 -0.2868 0)
(2.00248 -0.178723 0)
(2.17572 -0.0321275 0)
(2.36004 0.167068 0)
(2.54692 0.438509 0)
(2.71988 0.807615 0)
(2.84512 1.30497 0)
(2.87642 1.95761 0)
(2.68453 2.7775 0)
(2.21423 3.64161 0)
(0.961556 4.55187 0)
(0.0432837 -0.413778 0)
(0.130196 -0.41794 0)
(0.218087 -0.425897 0)
(0.307402 -0.437443 0)
(0.398071 -0.451773 0)
(0.489453 -0.468543 0)
(0.580925 -0.485993 0)
(0.671324 -0.504345 0)
(0.759848 -0.521989 0)
(0.846112 -0.53854 0)
(0.930138 -0.552775 0)
(1.01308 -0.563987 0)
(1.09656 -0.571271 0)
(1.18272 -0.573357 0)
(1.27402 -0.56935 0)
(1.37331 -0.557798 0)
(1.48383 -0.536815 0)
(1.60814 -0.503747 0)
(1.74954 -0.455265 0)
(1.91106 -0.38647 0)
(2.09494 -0.290102 0)
(2.30338 -0.155191 0)
(2.5369 0.0347992 0)
(2.79265 0.304024 0)
(3.06006 0.68929 0)
(3.30775 1.24259 0)
(3.48086 2.04442 0)
(3.36884 3.18027 0)
(2.92496 4.75007 0)
(1.27249 6.72907 0)
(0.0417436 -0.452098 0)
(0.125725 -0.455966 0)
(0.210978 -0.463449 0)
(0.297955 -0.474358 0)
(0.386621 -0.488114 0)
(0.476835 -0.503918 0)
(0.567539 -0.521348 0)
(0.657678 -0.539767 0)
(0.746601 -0.558121 0)
(0.833815 -0.576037 0)
(0.919648 -0.592409 0)
(1.0049 -0.60657 0)
(1.0914 -0.61763 0)
(1.18136 -0.624901 0)
(1.27739 -0.627164 0)
(1.38271 -0.62313 0)
(1.50054 -0.611181 0)
(1.63459 -0.589436 0)
(1.78891 -0.554025 0)
(1.96775 -0.500575 0)
(2.17595 -0.421753 0)
(2.41942 -0.307153 0)
(2.70449 -0.139554 0)
(3.03783 0.107918 0)
(3.42376 0.477493 0)
(3.86062 1.03602 0)
(4.32586 1.88013 0)
(4.69432 3.10084 0)
(4.87711 4.77089 0)
(2.55215 7.20811 0)
(0.0403829 -0.492492 0)
(0.121683 -0.496014 0)
(0.20429 -0.502921 0)
(0.288902 -0.51309 0)
(0.375899 -0.526029 0)
(0.464528 -0.541225 0)
(0.554039 -0.558417 0)
(0.643746 -0.576797 0)
(0.732647 -0.595854 0)
(0.820398 -0.614866 0)
(0.907239 -0.633312 0)
(0.994167 -0.650502 0)
(1.08281 -0.665633 0)
(1.17557 -0.678193 0)
(1.27535 -0.687117 0)
(1.38529 -0.691451 0)
(1.50911 -0.689966 0)
(1.65101 -0.680796 0)
(1.81619 -0.661192 0)
(2.01027 -0.627517 0)
(2.24002 -0.573529 0)
(2.51506 -0.489115 0)
(2.84827 -0.358585 0)
(3.2556 -0.155072 0)
(3.75662 0.172307 0)
(4.36222 0.698096 0)
(5.0388 1.6603 0)
(5.61813 3.18263 0)
(6.16142 6.97928 0)
(3.2253 13.8209 0)
(0.0392302 -0.530168 0)
(0.118281 -0.533471 0)
(0.198782 -0.539984 0)
(0.281451 -0.549492 0)
(0.366558 -0.561618 0)
(0.453742 -0.576335 0)
(0.542178 -0.593 0)
(0.631016 -0.611306 0)
(0.719511 -0.630855 0)
(0.807191 -0.650959 0)
(0.894356 -0.671233 0)
(0.982011 -0.691096 0)
(1.07185 -0.710058 0)
(1.16628 -0.727428 0)
(1.26824 -0.742621 0)
(1.38105 -0.754904 0)
(1.5086 -0.763378 0)
(1.65566 -0.7667 0)
(1.82762 -0.763165 0)
(2.0312 -0.7502 0)
(2.27583 -0.723125 0)
(2.57415 -0.674586 0)
(2.9445 -0.59206 0)
(3.41821 -0.453891 0)
(4.03315 -0.217981 0)
(4.91301 0.173136 0)
(6.03891 0.942346 0)
(8.27298 2.18746 0)
(10.9477 5.64717 0)
(18.9841 12.5123 0)
(0.0382737 -0.564818 0)
(0.115415 -0.567889 0)
(0.194065 -0.574012 0)
(0.275093 -0.582968 0)
(0.358756 -0.594545 0)
(0.4445 -0.608546 0)
(0.531738 -0.624888 0)
(0.619619 -0.643057 0)
(0.707397 -0.662891 0)
(0.794706 -0.683852 0)
(0.881728 -0.705664 0)
(0.969525 -0.727893 0)
(1.05979 -0.750119 0)
(1.155 -0.771819 0)
(1.25808 -0.792692 0)
(1.37237 -0.812258 0)
(1.50198 -0.829974 0)
(1.65166 -0.845089 0)
(1.82737 -0.85685 0)
(2.03664 -0.863453 0)
(2.28941 -0.862642 0)
(2.60034 -0.850838 0)
(2.99153 -0.820871 0)
(3.49847 -0.761062 0)
(4.16496 -0.65004 0)
(5.12434 -0.45065 0)
(6.38484 -0.0594782 0)
(8.73952 0.606044 0)
(11.5284 1.89632 0)
(19.9923 4.64118 0)
(0.0373881 -0.600562 0)
(0.112765 -0.603426 0)
(0.189735 -0.609014 0)
(0.269131 -0.61733 0)
(0.351211 -0.628326 0)
(0.435536 -0.641857 0)
(0.521471 -0.657727 0)
(0.608214 -0.675827 0)
(0.695034 -0.695856 0)
(0.781528 -0.71763 0)
(0.867932 -0.740909 0)
(0.95534 -0.76541 0)
(1.0455 -0.790819 0)
(1.14074 -0.816823 0)
(1.24398 -0.843348 0)
(1.35869 -0.870219 0)
(1.4889 -0.897283 0)
(1.63954 -0.924518 0)
(1.8166 -0.951646 0)
(2.02772 -0.978742 0)
(2.2834 -1.00577 0)
(2.59923 -1.03222 0)
(2.99841 -1.05759 0)
(3.5208 -1.08134 0)
(4.21959 -1.10076 0)
(5.26783 -1.10897 0)
(6.66794 -1.09772 0)
(9.49154 -1.06945 0)
(12.4076 -0.975356 0)
(21.983 -0.999698 0)
(0.0365556 -0.637023 0)
(0.110344 -0.639669 0)
(0.185724 -0.644786 0)
(0.263506 -0.652584 0)
(0.344039 -0.662979 0)
(0.426858 -0.675941 0)
(0.511355 -0.691432 0)
(0.596741 -0.709389 0)
(0.682315 -0.729714 0)
(0.767674 -0.752263 0)
(0.853061 -0.77693 0)
(0.93958 -0.803553 0)
(1.02895 -0.832015 0)
(1.12348 -0.862262 0)
(1.22604 -0.894293 0)
(1.34001 -0.928309 0)
(1.4694 -0.964587 0)
(1.61905 -1.00367 0)
(1.79483 -1.04629 0)
(2.00417 -1.09379 0)
(2.25732 -1.14827 0)
(2.56924 -1.21298 0)
(2.96206 -1.29397 0)
(3.47258 -1.4015 0)
(4.14844 -1.55693 0)
(5.12633 -1.79411 0)
(6.4096 -2.21585 0)
(8.80883 -2.88026 0)
(11.6256 -4.13274 0)
(20.4904 -6.69258 0)
(0.0358002 -0.674027 0)
(0.108108 -0.676432 0)
(0.181987 -0.681211 0)
(0.258215 -0.68845 0)
(0.337196 -0.69832 0)
(0.418463 -0.710753 0)
(0.5014 -0.725865 0)
(0.585244 -0.743684 0)
(0.669309 -0.764228 0)
(0.753198 -0.78749 0)
(0.837158 -0.813458 0)
(0.922289 -0.842115 0)
(1.01028 -0.873507 0)
(1.10337 -0.907726 0)
(1.20435 -0.945067 0)
(1.31651 -0.985945 0)
(1.44368 -1.03106 0)
(1.59051 -1.08149 0)
(1.76253 -1.13885 0)
(1.96653 -1.20568 0)
(2.21188 -1.28609 0)
(2.51179 -1.38663 0)
(2.88525 -1.51875 0)
(3.36291 -1.70253 0)
(3.98377 -1.97877 0)
(4.8721 -2.41045 0)
(6.02214 -3.21259 0)
(8.28818 -4.48394 0)
(11.0833 -7.99135 0)
(19.4578 -14.8883 0)
(25.4199 4.20246 0)
(22.6966 -0.519591 0)
(24.2046 -1.07283 0)
(25.368 -0.857632 0)
(25.7857 -0.485209 0)
(26.0737 -0.250231 0)
(26.294 -0.128731 0)
(26.4676 -0.065291 0)
(26.6183 -0.0334616 0)
(26.7582 -0.0173345 0)
(26.8915 -0.00901909 0)
(27.0197 -0.00469501 0)
(27.1429 -0.00244402 0)
(27.2608 -0.00127415 0)
(27.3728 -0.000664493 0)
(27.4778 -0.000344676 0)
(27.5759 -0.000177082 0)
(27.6635 -8.92541e-05 0)
(27.7479 -4.42069e-05 0)
(27.8096 -2.06204e-05 0)
(27.8885 -8.83357e-06 0)
(27.9161 -3.014e-06 0)
(27.9965 -4.04904e-07 0)
(27.9871 4.93693e-07 0)
(28.0189 7.22622e-07 0)
(27.9833 -1.19576 0)
(27.9787 -0.80193 0)
(27.1366 -0.38649 0)
(26.7275 -0.123583 0)
(26.5248 0.00766854 0)
(26.4597 0.0342722 0)
(26.477 0.0295292 0)
(26.5627 0.0195135 0)
(26.6675 0.0119045 0)
(26.784 0.00692846 0)
(26.9055 0.00389875 0)
(27.0276 0.00214976 0)
(27.1477 0.001164 0)
(27.2639 0.000626337 0)
(27.3751 0.000337796 0)
(27.4796 0.000182965 0)
(27.5775 0.000101615 0)
(27.6651 5.86042e-05 0)
(27.7493 3.51356e-05 0)
(27.811 2.19579e-05 0)
(27.8899 1.36833e-05 0)
(27.9175 8.35812e-06 0)
(27.9979 5.0178e-06 0)
(27.9885 2.45569e-06 0)
(28.0203 9.41702e-07 0)
(28.1367 -0.468339 0)
(25.9996 -0.242657 0)
(25.5915 -0.103067 0)
(25.7661 -0.0681751 0)
(25.945 -0.0306618 0)
(26.0985 -0.0140125 0)
(26.2798 -0.00693331 0)
(26.4521 -0.00370234 0)
(26.6075 -0.00191942 0)
(26.7516 -0.0010447 0)
(26.8881 -0.000581812 0)
(27.0183 -0.000327052 0)
(27.1427 -0.000182575 0)
(27.2613 -9.91398e-05 0)
(27.3737 -4.98088e-05 0)
(27.4789 -2.05355e-05 0)
(27.5771 -3.83087e-06 0)
(27.6649 4.89973e-06 0)
(27.7492 8.18939e-06 0)
(27.8109 8.45408e-06 0)
(27.8899 6.74697e-06 0)
(27.9175 4.67514e-06 0)
(27.9979 2.61203e-06 0)
(27.9885 1.0844e-06 0)
(28.0203 1.71811e-07 0)
(28.2131 0.619177 0)
(28.2593 0.511109 0)
(27.3443 0.299298 0)
(26.8095 0.0796417 0)
(26.5734 -0.0336909 0)
(26.4804 -0.0492014 0)
(26.4875 -0.0387104 0)
(26.567 -0.0247171 0)
(26.6701 -0.0147831 0)
(26.7853 -0.00855006 0)
(26.9062 -0.00482331 0)
(27.028 -0.00267619 0)
(27.1479 -0.00145942 0)
(27.2641 -0.000787105 0)
(27.3752 -0.000419297 0)
(27.4797 -0.000217131 0)
(27.5775 -0.000108652 0)
(27.6651 -5.13984e-05 0)
(27.7494 -2.25347e-05 0)
(27.811 -8.87492e-06 0)
(27.8899 -3.30197e-06 0)
(27.9175 -1.27223e-06 0)
(27.9979 -1.15144e-06 0)
(27.9885 -8.78082e-07 0)
(28.0203 -7.1377e-07 0)
(26.2884 -4.90118 0)
(22.7232 0.361303 0)
(24.294 1.04441 0)
(25.4124 0.867085 0)
(25.8114 0.488743 0)
(26.0901 0.248749 0)
(26.3041 0.126818 0)
(26.4736 0.0639388 0)
(26.6218 0.0325146 0)
(26.7601 0.0167615 0)
(26.8926 0.0086765 0)
(27.0203 0.00449597 0)
(27.1432 0.00233184 0)
(27.261 0.00121254 0)
(27.3729 0.000632739 0)
(27.4778 0.000331041 0)
(27.5759 0.000173883 0)
(27.6635 9.15651e-05 0)
(27.7479 4.8621e-05 0)
(27.8096 2.52497e-05 0)
(27.8885 1.24681e-05 0)
(27.9161 5.42482e-06 0)
(27.9965 1.65928e-06 0)
(27.9871 -4.72156e-10 0)
(28.0189 -6.66496e-07 0)
(0.0350227 -0.716543 0)
(0.105762 -0.718706 0)
(0.178057 -0.723155 0)
(0.252587 -0.729793 0)
(0.329797 -0.739127 0)
(0.40926 -0.751009 0)
(0.490304 -0.765734 0)
(0.572205 -0.783416 0)
(0.654283 -0.804203 0)
(0.736153 -0.828216 0)
(0.818064 -0.855558 0)
(0.901085 -0.886358 0)
(0.986859 -0.920842 0)
(1.07754 -0.959274 0)
(1.17579 -1.00221 0)
(1.28472 -1.05032 0)
(1.4079 -1.10471 0)
(1.54961 -1.167 0)
(1.71475 -1.23959 0)
(1.90912 -1.32614 0)
(2.14039 -1.43245 0)
(2.41875 -1.56766 0)
(2.75751 -1.74702 0)
(3.17426 -1.99623 0)
(3.68791 -2.3634 0)
(4.31672 -2.92288 0)
(5.02769 -3.91134 0)
(5.64533 -5.46166 0)
(6.22108 -9.30081 0)
(3.26797 -16.2985 0)
(0.0342513 -0.764482 0)
(0.103371 -0.766421 0)
(0.174044 -0.770515 0)
(0.246767 -0.776593 0)
(0.321976 -0.785355 0)
(0.399366 -0.79671 0)
(0.478127 -0.81105 0)
(0.557601 -0.828612 0)
(0.6371 -0.849663 0)
(0.716256 -0.874454 0)
(0.795311 -0.903204 0)
(0.875275 -0.936201 0)
(0.957736 -0.97383 0)
(1.04471 -1.01656 0)
(1.13867 -1.06513 0)
(1.24252 -1.1205 0)
(1.35941 -1.18411 0)
(1.49303 -1.25802 0)
(1.64744 -1.34527 0)
(1.82701 -1.45029 0)
(2.03709 -1.57997 0)
(2.28409 -1.74482 0)
(2.5751 -1.96143 0)
(2.9174 -2.25602 0)
(3.31551 -2.67084 0)
(3.76562 -3.2698 0)
(4.24837 -4.15828 0)
(4.64039 -5.42255 0)
(4.85029 -7.11239 0)
(2.55682 -9.58401 0)
(0.0335534 -0.812686 0)
(0.101193 -0.814449 0)
(0.17035 -0.818183 0)
(0.241341 -0.823889 0)
(0.314551 -0.832029 0)
(0.389785 -0.843001 0)
(0.466124 -0.857007 0)
(0.542937 -0.874494 0)
(0.619537 -0.895808 0)
(0.695572 -0.921314 0)
(0.771266 -0.951333 0)
(0.847558 -0.986286 0)
(0.925959 -1.02668 0)
(1.00835 -1.07317 0)
(1.09701 -1.1266 0)
(1.19454 -1.18817 0)
(1.30368 -1.25949 0)
(1.42746 -1.34288 0)
(1.56902 -1.44167 0)
(1.73124 -1.5606 0)
(1.91716 -1.70675 0)
(2.12961 -1.89064 0)
(2.37001 -2.128 0)
(2.63649 -2.44241 0)
(2.91921 -2.86901 0)
(3.18721 -3.45822 0)
(3.3875 -4.28556 0)
(3.3058 -5.44109 0)
(2.88825 -7.02573 0)
(1.25705 -9.01128 0)
(0.032916 -0.860881 0)
(0.0992077 -0.862498 0)
(0.166893 -0.865902 0)
(0.236275 -0.871341 0)
(0.307491 -0.878908 0)
(0.380433 -0.889584 0)
(0.454257 -0.903325 0)
(0.52819 -0.920784 0)
(0.601613 -0.942368 0)
(0.674173 -0.968531 0)
(0.746069 -0.999683 0)
(0.818167 -1.03635 0)
(0.891886 -1.07913 0)
(0.968981 -1.1288 0)
(1.05152 -1.18628 0)
(1.1418 -1.25287 0)
(1.24215 -1.33029 0)
(1.35495 -1.42089 0)
(1.48243 -1.52801 0)
(1.6261 -1.65628 0)
(1.78694 -1.81237 0)
(1.9648 -2.00584 0)
(2.15688 -2.25025 0)
(2.35575 -2.56437 0)
(2.54567 -2.97292 0)
(2.69275 -3.50555 0)
(2.74907 -4.18883 0)
(2.58455 -5.03712 0)
(2.1457 -5.92234 0)
(0.936852 -6.84126 0)
(0.0323293 -0.908794 0)
(0.0973902 -0.910293 0)
(0.163652 -0.91342 0)
(0.231486 -0.918585 0)
(0.300725 -0.925798 0)
(0.371279 -0.936129 0)
(0.442476 -0.949722 0)
(0.513343 -0.967185 0)
(0.583346 -0.989047 0)
(0.65213 -1.01581 0)
(0.719865 -1.04796 0)
(0.787345 -1.08609 0)
(0.855892 -1.13087 0)
(0.927142 -1.18312 0)
(1.00298 -1.2438 0)
(1.0854 -1.31421 0)
(1.17633 -1.39607 0)
(1.27761 -1.4916 0)
(1.39061 -1.60391 0)
(1.51571 -1.73723 0)
(1.65222 -1.89737 0)
(1.79773 -2.09241 0)
(1.94669 -2.33312 0)
(2.08873 -2.63322 0)
(2.2058 -3.00881 0)
(2.2654 -3.47634 0)
(2.22477 -4.04412 0)
(1.98741 -4.71034 0)
(1.5124 -5.39486 0)
(0.609636 -6.04699 0)
(0.0317818 -0.956174 0)
(0.0957051 -0.957566 0)
(0.160612 -0.960489 0)
(0.226896 -0.965373 0)
(0.294196 -0.972422 0)
(0.362302 -0.98233 0)
(0.430717 -0.995914 0)
(0.498383 -1.0134 0)
(0.564757 -1.03555 0)
(0.629518 -1.06285 0)
(0.692799 -1.09587 0)
(0.755333 -1.13522 0)
(0.818355 -1.18159 0)
(0.883389 -1.23582 0)
(0.95216 -1.29886 0)
(1.0264 -1.37192 0)
(1.10771 -1.45659 0)
(1.19743 -1.5549 0)
(1.29626 -1.66954 0)
(1.40368 -1.80413 0)
(1.51774 -1.96343 0)
(1.63453 -2.15383 0)
(1.74698 -2.38329 0)
(1.84362 -2.66101 0)
(1.9066 -2.99638 0)
(1.90802 -3.39621 0)
(1.81341 -3.85704 0)
(1.56134 -4.36356 0)
(1.13005 -4.83576 0)
(0.436956 -5.21773 0)
(0.0312757 -1.00278 0)
(0.0941226 -1.00408 0)
(0.157739 -1.00685 0)
(0.222446 -1.01147 0)
(0.287874 -1.01844 0)
(0.353474 -1.028 0)
(0.418924 -1.04161 0)
(0.483302 -1.05915 0)
(0.545864 -1.08158 0)
(0.606409 -1.10937 0)
(0.665016 -1.14311 0)
(0.722376 -1.18343 0)
(0.779648 -1.23101 0)
(0.838269 -1.28664 0)
(0.899828 -1.3512 0)
(0.965849 -1.42579 0)
(1.03765 -1.51178 0)
(1.11622 -1.6109 0)
(1.20172 -1.72536 0)
(1.29296 -1.85809 0)
(1.38717 -2.01275 0)
(1.47951 -2.19406 0)
(1.56228 -2.40749 0)
(1.62405 -2.65867 0)
(1.64853 -2.95214 0)
(1.61302 -3.28871 0)
(1.49129 -3.65967 0)
(1.24556 -4.04546 0)
(0.864163 -4.38612 0)
(0.321197 -4.63844 0)
(0.0307969 -1.04839 0)
(0.0926227 -1.04963 0)
(0.155017 -1.05226 0)
(0.218115 -1.05669 0)
(0.281671 -1.06351 0)
(0.344743 -1.07305 0)
(0.407102 -1.08646 0)
(0.468086 -1.1042 0)
(0.526698 -1.12688 0)
(0.582879 -1.15508 0)
(0.636663 -1.18942 0)
(0.688713 -1.23046 0)
(0.740135 -1.27886 0)
(0.792303 -1.33532 0)
(0.846696 -1.40062 0)
(0.904699 -1.47569 0)
(0.967418 -1.56163 0)
(1.03555 -1.65984 0)
(1.10892 -1.77204 0)
(1.18587 -1.90042 0)
(1.2631 -2.04767 0)
(1.33535 -2.217 0)
(1.39484 -2.41186 0)
(1.43081 -2.63522 0)
(1.42905 -2.8884 0)
(1.37172 -3.16877 0)
(1.23971 -3.4659 0)
(1.01077 -3.76039 0)
(0.680318 -4.00871 0)
(0.24585 -4.17601 0)
(0.0303391 -1.09281 0)
(0.091194 -1.09398 0)
(0.152388 -1.09651 0)
(0.213924 -1.10082 0)
(0.275484 -1.10751 0)
(0.336076 -1.11713 0)
(0.395309 -1.13033 0)
(0.452671 -1.14831 0)
(0.507298 -1.1712 0)
(0.559003 -1.19977 0)
(0.607888 -1.23454 0)
(0.654586 -1.27605 0)
(0.700173 -1.3249 0)
(0.74599 -1.38164 0)
(0.79344 -1.44694 0)
(0.843818 -1.52152 0)
(0.898088 -1.60621 0)
(0.956747 -1.70204 0)
(1.01938 -1.8103 0)
(1.08407 -1.93249 0)
(1.14724 -2.07044 0)
(1.20348 -2.22617 0)
(1.2453 -2.40156 0)
(1.26287 -2.59774 0)
(1.24413 -2.81399 0)
(1.17529 -3.04609 0)
(1.04283 -3.28377 0)
(0.834162 -3.50995 0)
(0.549039 -3.69392 0)
(0.194423 -3.80942 0)
(0.0299134 -1.13586 0)
(0.0898222 -1.13697 0)
(0.149835 -1.13944 0)
(0.209783 -1.14368 0)
(0.269312 -1.15031 0)
(0.327453 -1.15994 0)
(0.383475 -1.17319 0)
(0.437105 -1.1912 0)
(0.487694 -1.21437 0)
(0.53487 -1.2432 0)
(0.578842 -1.27826 0)
(0.620233 -1.31999 0)
(0.660111 -1.36888 0)
(0.699808 -1.42538 0)
(0.740684 -1.48998 0)
(0.783983 -1.56319 0)
(0.830596 -1.64559 0)
(0.880873 -1.73784 0)
(0.934262 -1.84085 0)
(0.988706 -1.95557 0)
(1.04052 -2.08311 0)
(1.08439 -2.22458 0)
(1.11323 -2.38073 0)
(1.11822 -2.55148 0)
(1.08922 -2.73501 0)
(1.01565 -2.92655 0)
(0.888118 -3.11689 0)
(0.699909 -3.29196 0)
(0.453287 -3.43017 0)
(0.158292 -3.51227 0)
(0.0294981 -1.17736 0)
(0.088481 -1.17847 0)
(0.147305 -1.18089 0)
(0.205693 -1.1851 0)
(0.263161 -1.19169 0)
(0.318732 -1.20142 0)
(0.371613 -1.21486 0)
(0.421459 -1.23275 0)
(0.46789 -1.25622 0)
(0.510583 -1.2852 0)
(0.549686 -1.32037 0)
(0.585899 -1.36206 0)
(0.620294 -1.41061 0)
(0.654211 -1.46635 0)
(0.689 -1.52958 0)
(0.725881 -1.60063 0)
(0.765716 -1.67983 0)
(0.808757 -1.76756 0)
(0.854368 -1.86437 0)
(0.900461 -1.9708 0)
(0.943355 -2.08741 0)
(0.977915 -2.21466 0)
(0.997537 -2.35254 0)
(0.994353 -2.50025 0)
(0.959854 -2.65543 0)
(0.885844 -2.81341 0)
(0.765866 -2.96635 0)
(0.596725 -3.10305 0)
(0.382019 -3.20832 0)
(0.132165 -3.26832 0)
(0.0290748 -1.21722 0)
(0.0871538 -1.21832 0)
(0.144818 -1.22074 0)
(0.201598 -1.22498 0)
(0.256943 -1.2316 0)
(0.309892 -1.24143 0)
(0.359722 -1.25507 0)
(0.405754 -1.27299 0)
(0.447943 -1.29654 0)
(0.486249 -1.32563 0)
(0.520592 -1.36071 0)
(0.551839 -1.40206 0)
(0.581065 -1.44988 0)
(0.609637 -1.50435 0)
(0.638912 -1.56561 0)
(0.67011 -1.63379 0)
(0.704079 -1.70903 0)
(0.741015 -1.7915 0)
(0.780231 -1.88145 0)
(0.819661 -1.97917 0)
(0.8557 -2.0848 0)
(0.883447 -2.19837 0)
(0.896777 -2.31939 0)
(0.888654 -2.44668 0)
(0.851873 -2.57772 0)
(0.779999 -2.70826 0)
(0.66859 -2.83178 0)
(0.516516 -2.93958 0)
(0.327988 -3.02087 0)
(0.112781 -3.06583 0)
(0.0286623 -1.25531 0)
(0.0858195 -1.25644 0)
(0.142266 -1.25886 0)
(0.197459 -1.26324 0)
(0.250694 -1.26996 0)
(0.300946 -1.27989 0)
(0.347691 -1.29367 0)
(0.390022 -1.3119 0)
(0.427991 -1.33521 0)
(0.461946 -1.36437 0)
(0.491758 -1.39913 0)
(0.518316 -1.43983 0)
(0.542768 -1.48651 0)
(0.566504 -1.5392 0)
(0.5909 -1.5979 0)
(0.617179 -1.66259 0)
(0.646181 -1.73327 0)
(0.678079 -1.80995 0)
(0.712139 -1.89266 0)
(0.746346 -1.98154 0)
(0.777225 -2.07648 0)
(0.800115 -2.17722 0)
(0.809337 -2.28304 0)
(0.798563 -2.39256 0)
(0.761604 -2.50333 0)
(0.693294 -2.6116 0)
(0.590543 -2.71207 0)
(0.45341 -2.79802 0)
(0.286296 -2.86172 0)
(0.0980547 -2.89619 0)
(0.0282263 -1.29156 0)
(0.0844734 -1.29274 0)
(0.139669 -1.29524 0)
(0.193187 -1.29969 0)
(0.244321 -1.30669 0)
(0.291922 -1.31678 0)
(0.335467 -1.33066 0)
(0.374272 -1.34924 0)
(0.408174 -1.37231 0)
(0.437805 -1.40117 0)
(0.4634 -1.43546 0)
(0.485612 -1.47516 0)
(0.505748 -1.52028 0)
(0.525209 -1.57072 0)
(0.545389 -1.62634 0)
(0.567512 -1.68702 0)
(0.5924 -1.75265 0)
(0.620213 -1.82316 0)
(0.650182 -1.8985 0)
(0.680348 -1.97866 0)
(0.707392 -2.06344 0)
(0.726892 -2.15242 0)
(0.733574 -2.24476 0)
(0.7217 -2.33903 0)
(0.68586 -2.43297 0)
(0.621792 -2.52333 0)
(0.527298 -2.60581 0)
(0.4031 -2.67522 0)
(0.253555 -2.72591 0)
(0.0866193 -2.75293 0)
(0.0277705 -1.3259 0)
(0.0830303 -1.32714 0)
(0.137001 -1.32984 0)
(0.188789 -1.3344 0)
(0.237742 -1.34168 0)
(0.28278 -1.35201 0)
(0.323092 -1.36609 0)
(0.358452 -1.38475 0)
(0.388628 -1.40785 0)
(0.414084 -1.43592 0)
(0.435683 -1.46956 0)
(0.454028 -1.50788 0)
(0.470341 -1.55103 0)
(0.486122 -1.59875 0)
(0.502754 -1.65082 0)
(0.521448 -1.70705 0)
(0.542998 -1.76728 0)
(0.567542 -1.83143 0)
(0.59429 -1.89942 0)
(0.621337 -1.97119 0)
(0.64553 -2.04652 0)
(0.662691 -2.1249 0)
(0.667903 -2.20547 0)
(0.655919 -2.28684 0)
(0.621926 -2.36694 0)
(0.5623 -2.443 0)
(0.475428 -2.5115 0)
(0.362385 -2.56839 0)
(0.227367 -2.60945 0)
(0.0775468 -2.63109 0)
(0.0272864 -1.35831 0)
(0.0814882 -1.35963 0)
(0.134169 -1.36255 0)
(0.184215 -1.36738 0)
(0.23098 -1.37491 0)
(0.273428 -1.38555 0)
(0.310655 -1.39987 0)
(0.342617 -1.41844 0)
(0.369389 -1.44141 0)
(0.391035 -1.46878 0)
(0.408862 -1.50106 0)
(0.423862 -1.53781 0)
(0.436876 -1.57856 0)
(0.449581 -1.62313 0)
(0.463308 -1.67124 0)
(0.47924 -1.72269 0)
(0.498126 -1.77732 0)
(0.520065 -1.83506 0)
(0.544264 -1.89589 0)
(0.568867 -1.95974 0)
(0.590894 -2.02642 0)
(0.606421 -2.0954 0)
(0.610843 -2.16584 0)
(0.599322 -2.23641 0)
(0.567503 -2.30528 0)
(0.512229 -2.37003 0)
(0.432269 -2.42774 0)
(0.328864 -2.47517 0)
(0.206 -2.5091 0)
(0.0701879 -2.52683 0)
(0.0267705 -1.38877 0)
(0.0798177 -1.39021 0)
(0.131133 -1.39338 0)
(0.179427 -1.39853 0)
(0.223977 -1.40639 0)
(0.263869 -1.41733 0)
(0.298159 -1.43183 0)
(0.326965 -1.45034 0)
(0.350477 -1.47277 0)
(0.368872 -1.49946 0)
(0.383362 -1.52994 0)
(0.395292 -1.5647 0)
(0.405677 -1.60269 0)
(0.415876 -1.64373 0)
(0.427297 -1.68757 0)
(0.441052 -1.734 0)
(0.457829 -1.78293 0)
(0.477675 -1.83437 0)
(0.499799 -1.88836 0)
(0.522411 -1.94487 0)
(0.542713 -2.00376 0)
(0.557029 -2.06453 0)
(0.561032 -2.12636 0)
(0.550237 -2.18804 0)
(0.520656 -2.2479 0)
(0.469485 -2.30381 0)
(0.395743 -2.35326 0)
(0.300726 -2.39358 0)
(0.188189 -2.42222 0)
(0.064081 -2.4371 0)
(0.0262019 -1.41727 0)
(0.0779996 -1.41885 0)
(0.127867 -1.4223 0)
(0.174358 -1.42784 0)
(0.216735 -1.43605 0)
(0.254153 -1.44722 0)
(0.285635 -1.4619 0)
(0.311587 -1.48013 0)
(0.332162 -1.5019 0)
(0.347705 -1.52754 0)
(0.359416 -1.55622 0)
(0.368722 -1.58825 0)
(0.376977 -1.62326 0)
(0.385253 -1.66043 0)
(0.394891 -1.69976 0)
(0.406959 -1.74106 0)
(0.422051 -1.78435 0)
(0.440164 -1.82971 0)
(0.460512 -1.87729 0)
(0.481399 -1.92714 0)
(0.500211 -1.97913 0)
(0.513508 -2.03282 0)
(0.517232 -2.08748 0)
(0.507207 -2.14195 0)
(0.479766 -2.19469 0)
(0.432383 -2.24376 0)
(0.364233 -2.28694 0)
(0.276599 -2.32195 0)
(0.172992 -2.3467 0)
(0.0588858 -2.3595 0)
(0.0255739 -1.44379 0)
(0.0760124 -1.44555 0)
(0.124328 -1.44927 0)
(0.169003 -1.45527 0)
(0.209285 -1.46376 0)
(0.244285 -1.47519 0)
(0.27322 -1.48987 0)
(0.29665 -1.50761 0)
(0.314544 -1.52865 0)
(0.327696 -1.5528 0)
(0.337354 -1.57945 0)
(0.344487 -1.60851 0)
(0.35097 -1.63995 0)
(0.357892 -1.67316 0)
(0.36618 -1.70785 0)
(0.376938 -1.74404 0)
(0.390639 -1.78185 0)
(0.407235 -1.82149 0)
(0.42596 -1.86318 0)
(0.445229 -1.90707 0)
(0.462618 -1.95306 0)
(0.474914 -2.00079 0)
(0.478326 -2.04957 0)
(0.468979 -2.0983 0)
(0.443498 -2.1455 0)
(0.399574 -2.18935 0)
(0.336479 -2.22783 0)
(0.255434 -2.25893 0)
(0.159707 -2.28082 0)
(0.0543526 -2.29212 0)
(0.0248686 -1.46831 0)
(0.0738452 -1.47027 0)
(0.120504 -1.4743 0)
(0.163383 -1.4807 0)
(0.201642 -1.4894 0)
(0.234365 -1.50107 0)
(0.261061 -1.51548 0)
(0.282194 -1.53268 0)
(0.297914 -1.55265 0)
(0.309202 -1.57489 0)
(0.317188 -1.59931 0)
(0.322872 -1.62533 0)
(0.327978 -1.65277 0)
(0.333791 -1.68186 0)
(0.341172 -1.71193 0)
(0.35087 -1.74314 0)
(0.363352 -1.77576 0)
(0.378521 -1.81013 0)
(0.395649 -1.84654 0)
(0.413278 -1.88522 0)
(0.429178 -1.92613 0)
(0.440367 -1.96894 0)
(0.443333 -2.013 0)
(0.434503 -2.05723 0)
(0.410765 -2.10018 0)
(0.369988 -2.14011 0)
(0.311501 -2.17513 0)
(0.236435 -2.20337 0)
(0.147811 -2.2232 0)
(0.0503018 -2.2334 0)
(0.0240958 -1.49081 0)
(0.0714793 -1.49293 0)
(0.116423 -1.49727 0)
(0.157563 -1.50391 0)
(0.193854 -1.51286 0)
(0.224519 -1.5246 0)
(0.249257 -1.5385 0)
(0.26848 -1.55505 0)
(0.282558 -1.57342 0)
(0.292336 -1.59374 0)
(0.299119 -1.61551 0)
(0.303964 -1.63827 0)
(0.30813 -1.66193 0)
(0.313055 -1.68645 0)
(0.319734 -1.71217 0)
(0.328553 -1.73864 0)
(0.339863 -1.7665 0)
(0.353589 -1.79613 0)
(0.369045 -1.82793 0)
(0.384915 -1.86217 0)
(0.399173 -1.89886 0)
(0.409078 -1.9377 0)
(0.411413 -1.97805 0)
(0.402908 -2.01882 0)
(0.380685 -2.05857 0)
(0.342771 -2.09563 0)
(0.288536 -2.12816 0)
(0.219 -2.15435 0)
(0.136923 -2.17269 0)
(0.0466003 -2.18209 0)
(0.0232608 -1.51117 0)
(0.0689535 -1.51342 0)
(0.112188 -1.51796 0)
(0.151576 -1.52476 0)
(0.185968 -1.53393 0)
(0.214929 -1.54537 0)
(0.237986 -1.55873 0)
(0.255736 -1.57414 0)
(0.268589 -1.59088 0)
(0.277301 -1.60898 0)
(0.283436 -1.62778 0)
(0.287688 -1.64728 0)
(0.291464 -1.66714 0)
(0.295712 -1.68741 0)
(0.301616 -1.70863 0)
(0.309692 -1.73092 0)
(0.319776 -1.7545 0)
(0.331956 -1.78002 0)
(0.345592 -1.80791 0)
(0.35952 -1.83849 0)
(0.371934 -1.87178 0)
(0.380353 -1.9075 0)
(0.381861 -1.94499 0)
(0.373478 -1.98315 0)
(0.352552 -2.02056 0)
(0.317251 -2.05558 0)
(0.266997 -2.08638 0)
(0.202689 -2.11104 0)
(0.126768 -2.12831 0)
(0.0431534 -2.13719 0)
(0.0223895 -1.52916 0)
(0.0663348 -1.53149 0)
(0.107837 -1.53615 0)
(0.145467 -1.54307 0)
(0.178236 -1.55215 0)
(0.205721 -1.56303 0)
(0.227451 -1.5758 0)
(0.244117 -1.58958 0)
(0.256153 -1.60476 0)
(0.264369 -1.62012 0)
(0.270093 -1.63617 0)
(0.274136 -1.65224 0)
(0.27771 -1.66836 0)
(0.281608 -1.68493 0)
(0.286757 -1.70182 0)
(0.293783 -1.72035 0)
(0.302651 -1.74029 0)
(0.313105 -1.76235 0)
(0.324731 -1.78705 0)
(0.33651 -1.81469 0)
(0.346866 -1.84533 0)
(0.353594 -1.87867 0)
(0.354082 -1.91402 0)
(0.345634 -1.95028 0)
(0.325796 -1.98601 0)
(0.292892 -2.01974 0)
(0.246499 -2.04906 0)
(0.187219 -2.07278 0)
(0.117083 -2.08935 0)
(0.0398461 -2.09793 0)
(0.0214941 -1.54445 0)
(0.0636583 -1.54683 0)
(0.103416 -1.55152 0)
(0.139454 -1.55835 0)
(0.170845 -1.56703 0)
(0.197002 -1.57736 0)
(0.217866 -1.58904 0)
(0.233793 -1.60126 0)
(0.245443 -1.61441 0)
(0.253491 -1.62721 0)
(0.259089 -1.64045 0)
(0.263295 -1.65309 0)
(0.266685 -1.66593 0)
(0.270346 -1.67895 0)
(0.27477 -1.69247 0)
(0.28054 -1.70738 0)
(0.287938 -1.72439 0)
(0.296514 -1.7437 0)
(0.305923 -1.76588 0)
(0.315345 -1.79128 0)
(0.323443 -1.81992 0)
(0.328297 -1.85151 0)
(0.327589 -1.88531 0)
(0.318918 -1.92023 0)
(0.299914 -1.95493 0)
(0.269468 -1.98749 0)
(0.226797 -2.01585 0)
(0.172154 -2.039 0)
(0.107688 -2.05523 0)
(0.0366279 -2.06359 0)
(0.0205898 -1.55662 0)
(0.0609824 -1.55896 0)
(0.0991126 -1.56351 0)
(0.133718 -1.57005 0)
(0.16383 -1.57825 0)
(0.189041 -1.58776 0)
(0.209335 -1.59803 0)
(0.224888 -1.60883 0)
(0.236494 -1.61954 0)
(0.244635 -1.6302 0)
(0.250477 -1.64033 0)
(0.254826 -1.65019 0)
(0.258106 -1.65997 0)
(0.261491 -1.66993 0)
(0.265206 -1.68073 0)
(0.269588 -1.69287 0)
(0.275124 -1.70723 0)
(0.281656 -1.72459 0)
(0.288669 -1.74491 0)
(0.295548 -1.76867 0)
(0.301218 -1.79589 0)
(0.304042 -1.82623 0)
(0.302 -1.85896 0)
(0.29287 -1.89308 0)
(0.274821 -1.92694 0)
(0.246724 -1.95846 0)
(0.207458 -1.98657 0)
(0.157369 -2.00925 0)
(0.0984285 -2.02533 0)
(0.0334918 -2.03358 0)
(0.0197186 -1.565 0)
(0.0584406 -1.56724 0)
(0.0950187 -1.57153 0)
(0.128282 -1.57768 0)
(0.15742 -1.58519 0)
(0.182018 -1.5936 0)
(0.201905 -1.60258 0)
(0.217486 -1.61162 0)
(0.229243 -1.62027 0)
(0.237732 -1.62865 0)
(0.243939 -1.63622 0)
(0.248416 -1.64362 0)
(0.251722 -1.65082 0)
(0.254608 -1.65836 0)
(0.257387 -1.66699 0)
(0.26045 -1.67723 0)
(0.263891 -1.68967 0)
(0.267957 -1.70538 0)
(0.272515 -1.72459 0)
(0.276702 -1.74722 0)
(0.279814 -1.77351 0)
(0.280497 -1.80303 0)
(0.27693 -1.83509 0)
(0.267404 -1.86863 0)
(0.250366 -1.90163 0)
(0.224275 -1.93281 0)
(0.188302 -1.96063 0)
(0.142777 -1.98316 0)
(0.0892271 -1.99913 0)
(0.0303535 -2.00739 0)
(0.0188955 -1.56887 0)
(0.0560393 -1.57095 0)
(0.0912048 -1.57492 0)
(0.123367 -1.58047 0)
(0.151766 -1.58717 0)
(0.175865 -1.59454 0)
(0.195683 -1.60217 0)
(0.211481 -1.60947 0)
(0.223582 -1.61642 0)
(0.232548 -1.62259 0)
(0.239138 -1.62829 0)
(0.243762 -1.63352 0)
(0.246928 -1.63883 0)
(0.249231 -1.64476 0)
(0.250902 -1.65179 0)
(0.252396 -1.66074 0)
(0.253791 -1.67226 0)
(0.255191 -1.68677 0)
(0.256956 -1.70516 0)
(0.25847 -1.7272 0)
(0.258918 -1.75296 0)
(0.25737 -1.78201 0)
(0.252281 -1.81365 0)
(0.242439 -1.84653 0)
(0.226182 -1.87912 0)
(0.202013 -1.91017 0)
(0.169299 -1.93775 0)
(0.128187 -1.9603 0)
(0.0800502 -1.97624 0)
(0.0272173 -1.98449 0)
(0.0181394 -1.56738 0)
(0.0538549 -1.56927 0)
(0.0878098 -1.57284 0)
(0.119003 -1.57778 0)
(0.146758 -1.58369 0)
(0.170653 -1.59003 0)
(0.190597 -1.59629 0)
(0.206684 -1.60234 0)
(0.219299 -1.60761 0)
(0.228742 -1.61237 0)
(0.23565 -1.61645 0)
(0.240424 -1.62045 0)
(0.243209 -1.6244 0)
(0.244786 -1.62938 0)
(0.245269 -1.63559 0)
(0.244935 -1.64393 0)
(0.244157 -1.65503 0)
(0.243015 -1.66925 0)
(0.241875 -1.68708 0)
(0.240474 -1.70888 0)
(0.238275 -1.73432 0)
(0.234502 -1.7631 0)
(0.228029 -1.79437 0)
(0.217784 -1.8268 0)
(0.202133 -1.85929 0)
(0.179837 -1.89013 0)
(0.150314 -1.91774 0)
(0.11361 -1.94023 0)
(0.0708745 -1.95618 0)
(0.0240826 -1.96443 0)
(0.0174604 -1.55967 0)
(0.0519041 -1.56138 0)
(0.0847596 -1.56455 0)
(0.115148 -1.56898 0)
(0.142489 -1.57404 0)
(0.166313 -1.57954 0)
(0.186353 -1.58486 0)
(0.202904 -1.58981 0)
(0.215984 -1.59405 0)
(0.225855 -1.59792 0)
(0.233011 -1.60109 0)
(0.237735 -1.60443 0)
(0.240164 -1.60802 0)
(0.240746 -1.61259 0)
(0.239873 -1.61878 0)
(0.237658 -1.62709 0)
(0.234594 -1.63831 0)
(0.230904 -1.65268 0)
(0.226923 -1.67059 0)
(0.222661 -1.69233 0)
(0.217819 -1.71763 0)
(0.211863 -1.74623 0)
(0.204002 -1.77713 0)
(0.193234 -1.80944 0)
(0.178185 -1.84183 0)
(0.157717 -1.87257 0)
(0.13133 -1.9001 0)
(0.0990484 -1.92257 0)
(0.0616922 -1.93853 0)
(0.0209479 -1.94679 0)
(0.0168458 -1.54496 0)
(0.0501618 -1.54651 0)
(0.082054 -1.54932 0)
(0.111814 -1.55333 0)
(0.138758 -1.55782 0)
(0.162457 -1.56281 0)
(0.182815 -1.56751 0)
(0.199715 -1.57184 0)
(0.213152 -1.57585 0)
(0.223409 -1.57921 0)
(0.230714 -1.5825 0)
(0.235172 -1.58575 0)
(0.237027 -1.58978 0)
(0.236631 -1.59474 0)
(0.234277 -1.60153 0)
(0.23013 -1.61042 0)
(0.224765 -1.62221 0)
(0.218546 -1.63711 0)
(0.211818 -1.65547 0)
(0.204825 -1.67742 0)
(0.197423 -1.7028 0)
(0.189403 -1.73121 0)
(0.18012 -1.76204 0)
(0.168752 -1.79419 0)
(0.15429 -1.82635 0)
(0.135671 -1.85708 0)
(0.112421 -1.88448 0)
(0.0844854 -1.90691 0)
(0.0525037 -1.92286 0)
(0.01781 -1.93113 0)
(0.01629 -1.52258 0)
(0.0486026 -1.52402 0)
(0.0795923 -1.52666 0)
(0.108711 -1.53043 0)
(0.135308 -1.53474 0)
(0.158975 -1.53945 0)
(0.179508 -1.54406 0)
(0.196584 -1.54858 0)
(0.2104 -1.55269 0)
(0.220811 -1.55662 0)
(0.22806 -1.56053 0)
(0.232217 -1.56477 0)
(0.233348 -1.56977 0)
(0.231839 -1.57585 0)
(0.227987 -1.58384 0)
(0.221981 -1.59394 0)
(0.21436 -1.60671 0)
(0.205695 -1.62248 0)
(0.196373 -1.64152 0)
(0.186791 -1.66389 0)
(0.177048 -1.68949 0)
(0.166957 -1.71789 0)
(0.156269 -1.74867 0)
(0.144499 -1.78061 0)
(0.13052 -1.81263 0)
(0.113658 -1.84314 0)
(0.0935659 -1.87047 0)
(0.0699593 -1.89281 0)
(0.0433198 -1.90873 0)
(0.0146663 -1.91701 0)
(0.0157598 -1.49217 0)
(0.047078 -1.49358 0)
(0.077197 -1.49626 0)
(0.10569 -1.50001 0)
(0.131922 -1.50448 0)
(0.155398 -1.50946 0)
(0.175899 -1.51464 0)
(0.193176 -1.51975 0)
(0.207066 -1.52488 0)
(0.217466 -1.53006 0)
(0.224537 -1.53535 0)
(0.228167 -1.54128 0)
(0.228625 -1.54797 0)
(0.225969 -1.5559 0)
(0.220564 -1.5656 0)
(0.212795 -1.57733 0)
(0.203131 -1.59155 0)
(0.192157 -1.60845 0)
(0.180434 -1.62839 0)
(0.168471 -1.65136 0)
(0.156494 -1.67726 0)
(0.144549 -1.70584 0)
(0.132584 -1.73641 0)
(0.120275 -1.76827 0)
(0.106903 -1.80018 0)
(0.0918351 -1.83031 0)
(0.0747723 -1.85752 0)
(0.0554839 -1.87974 0)
(0.0341465 -1.89561 0)
(0.011521 -1.90387 0)
(0.0152224 -1.45367 0)
(0.0455066 -1.45515 0)
(0.0747248 -1.45806 0)
(0.102482 -1.46212 0)
(0.12815 -1.4672 0)
(0.151284 -1.47295 0)
(0.17171 -1.47912 0)
(0.188825 -1.4856 0)
(0.202586 -1.4925 0)
(0.212871 -1.49943 0)
(0.219555 -1.50699 0)
(0.222651 -1.51516 0)
(0.222271 -1.52418 0)
(0.218477 -1.53448 0)
(0.211742 -1.54639 0)
(0.202313 -1.56018 0)
(0.190774 -1.57615 0)
(0.17777 -1.59452 0)
(0.163842 -1.61554 0)
(0.149756 -1.63925 0)
(0.135759 -1.66559 0)
(0.122121 -1.69429 0)
(0.108951 -1.72495 0)
(0.0961714 -1.75651 0)
(0.083498 -1.78816 0)
(0.0702006 -1.81806 0)
(0.0561056 -1.84496 0)
(0.041088 -1.86707 0)
(0.0250167 -1.88284 0)
(0.00839003 -1.89103 0)
(0.0146381 -1.40744 0)
(0.0437531 -1.40911 0)
(0.0719182 -1.41246 0)
(0.0987724 -1.41717 0)
(0.123721 -1.42317 0)
(0.146362 -1.43009 0)
(0.166317 -1.43788 0)
(0.183043 -1.4464 0)
(0.196578 -1.45534 0)
(0.20648 -1.46497 0)
(0.212616 -1.47513 0)
(0.215141 -1.48615 0)
(0.213983 -1.49808 0)
(0.209135 -1.51119 0)
(0.201088 -1.52567 0)
(0.190241 -1.54188 0)
(0.177103 -1.55979 0)
(0.1623 -1.57991 0)
(0.146531 -1.60217 0)
(0.130534 -1.62677 0)
(0.114776 -1.65369 0)
(0.0995625 -1.68263 0)
(0.0854293 -1.71324 0)
(0.0723614 -1.74459 0)
(0.0602496 -1.77583 0)
(0.0487859 -1.80554 0)
(0.0376316 -1.83211 0)
(0.0267819 -1.854 0)
(0.0159706 -1.86959 0)
(0.00529581 -1.87767 0)
(0.013961 -1.35427 0)
(0.0417071 -1.35622 0)
(0.0686198 -1.36015 0)
(0.0943641 -1.36573 0)
(0.118357 -1.37299 0)
(0.140143 -1.38157 0)
(0.159354 -1.39139 0)
(0.17559 -1.40216 0)
(0.188517 -1.41385 0)
(0.197877 -1.42642 0)
(0.203501 -1.43979 0)
(0.205256 -1.45389 0)
(0.203291 -1.46915 0)
(0.197566 -1.4854 0)
(0.188481 -1.50275 0)
(0.176454 -1.52151 0)
(0.161948 -1.54172 0)
(0.145643 -1.56364 0)
(0.128326 -1.58733 0)
(0.11071 -1.61295 0)
(0.0934248 -1.64053 0)
(0.0769871 -1.6698 0)
(0.0619894 -1.70027 0)
(0.0487324 -1.73161 0)
(0.0373055 -1.76239 0)
(0.0275489 -1.79179 0)
(0.0193709 -1.81802 0)
(0.0126794 -1.83957 0)
(0.00706851 -1.85487 0)
(0.00225316 -1.8628 0)
(0.0131646 -1.29529 0)
(0.0393013 -1.29759 0)
(0.0647077 -1.30222 0)
(0.0890417 -1.30889 0)
(0.111725 -1.31762 0)
(0.132417 -1.32811 0)
(0.150714 -1.34008 0)
(0.166025 -1.35351 0)
(0.178192 -1.36825 0)
(0.186817 -1.38385 0)
(0.191793 -1.40068 0)
(0.192892 -1.41827 0)
(0.190101 -1.43686 0)
(0.183671 -1.45637 0)
(0.173719 -1.47678 0)
(0.160703 -1.49827 0)
(0.145175 -1.52089 0)
(0.127727 -1.54474 0)
(0.109153 -1.56996 0)
(0.0902105 -1.59673 0)
(0.0716889 -1.62501 0)
(0.0542896 -1.65466 0)
(0.0385827 -1.68519 0)
(0.0252775 -1.71627 0)
(0.0146355 -1.74679 0)
(0.00661864 -1.7758 0)
(0.00141859 -1.80152 0)
(-0.00114789 -1.82262 0)
(-0.00164172 -1.83756 0)
(-0.000720331 -1.84527 0)
(0.01222 -1.23201 0)
(0.0364586 -1.2347 0)
(0.0600573 -1.24008 0)
(0.0826982 -1.24792 0)
(0.103794 -1.25816 0)
(0.123121 -1.27056 0)
(0.140108 -1.28492 0)
(0.154242 -1.30109 0)
(0.165519 -1.31869 0)
(0.173302 -1.33769 0)
(0.177418 -1.35768 0)
(0.177829 -1.37888 0)
(0.174413 -1.40079 0)
(0.167314 -1.42359 0)
(0.156728 -1.44705 0)
(0.143019 -1.4713 0)
(0.126723 -1.49621 0)
(0.108454 -1.52215 0)
(0.088922 -1.54902 0)
(0.068987 -1.57696 0)
(0.0495124 -1.60598 0)
(0.0313718 -1.63608 0)
(0.0152936 -1.66673 0)
(0.00204629 -1.69753 0)
(-0.00781328 -1.7278 0)
(-0.0139307 -1.75625 0)
(-0.0161103 -1.78138 0)
(-0.0146358 -1.80187 0)
(-0.0101132 -1.81635 0)
(-0.00360657 -1.82384 0)
(0.0111229 -1.16614 0)
(0.0331874 -1.16921 0)
(0.0546913 -1.17528 0)
(0.0753385 -1.18423 0)
(0.0945709 -1.19599 0)
(0.112139 -1.21025 0)
(0.127576 -1.22692 0)
(0.140436 -1.24546 0)
(0.150458 -1.26595 0)
(0.157262 -1.28799 0)
(0.160572 -1.31124 0)
(0.160219 -1.33558 0)
(0.15622 -1.36065 0)
(0.148612 -1.38652 0)
(0.137559 -1.41291 0)
(0.123444 -1.43976 0)
(0.106629 -1.46705 0)
(0.0876984 -1.49492 0)
(0.0676136 -1.52347 0)
(0.0470399 -1.55254 0)
(0.0268812 -1.58242 0)
(0.00824703 -1.61283 0)
(-0.00799711 -1.64368 0)
(-0.0210094 -1.67429 0)
(-0.0298682 -1.70413 0)
(-0.0339896 -1.73186 0)
(-0.0331576 -1.75626 0)
(-0.0276568 -1.77605 0)
(-0.0183058 -1.78999 0)
(-0.00640687 -1.79718 0)
(0.00989359 -1.09947 0)
(0.0295347 -1.10286 0)
(0.0486741 -1.10958 0)
(0.0670009 -1.11951 0)
(0.0840817 -1.13261 0)
(0.0996854 -1.14846 0)
(0.113419 -1.167 0)
(0.124659 -1.18779 0)
(0.133287 -1.21076 0)
(0.138982 -1.23535 0)
(0.141352 -1.26143 0)
(0.140375 -1.28853 0)
(0.135803 -1.31648 0)
(0.127708 -1.34504 0)
(0.116377 -1.37403 0)
(0.101989 -1.40322 0)
(0.0849193 -1.4327 0)
(0.0656908 -1.46238 0)
(0.0452476 -1.49238 0)
(0.0243059 -1.52269 0)
(0.00382131 -1.55326 0)
(-0.0150579 -1.58407 0)
(-0.031288 -1.61497 0)
(-0.0437742 -1.64533 0)
(-0.0514538 -1.67455 0)
(-0.0534405 -1.70146 0)
(-0.0495982 -1.72497 0)
(-0.0401979 -1.74391 0)
(-0.0261429 -1.75719 0)
(-0.00907225 -1.76404 0)
(0.00855798 -1.03383 0)
(0.0255329 -1.03746 0)
(0.0420759 -1.0447 0)
(0.0578828 -1.05539 0)
(0.0726298 -1.06945 0)
(0.0860775 -1.0865 0)
(0.0977749 -1.10659 0)
(0.107275 -1.12917 0)
(0.114409 -1.15389 0)
(0.118863 -1.18064 0)
(0.120266 -1.20885 0)
(0.118496 -1.23819 0)
(0.113391 -1.26846 0)
(0.104993 -1.29923 0)
(0.0934668 -1.33033 0)
(0.0789795 -1.36154 0)
(0.0617885 -1.39284 0)
(0.0424608 -1.42414 0)
(0.0219088 -1.45539 0)
(0.000896443 -1.48669 0)
(-0.0196435 -1.51786 0)
(-0.0385256 -1.54902 0)
(-0.0544276 -1.57975 0)
(-0.0661649 -1.60975 0)
(-0.0724134 -1.63816 0)
(-0.0722029 -1.66403 0)
(-0.0653315 -1.68653 0)
(-0.0520789 -1.7044 0)
(-0.0335735 -1.7169 0)
(-0.0116099 -1.72335 0)
(0.00714321 -0.970875 0)
(0.0212971 -0.974668 0)
(0.0350845 -0.98219 0)
(0.0482484 -0.993355 0)
(0.0605083 -1.00802 0)
(0.0715412 -1.0259 0)
(0.0810841 -1.04695 0)
(0.0888075 -1.07056 0)
(0.0942745 -1.09663 0)
(0.0973303 -1.12467 0)
(0.0977374 -1.15437 0)
(0.0952012 -1.18531 0)
(0.0895431 -1.21717 0)
(0.0808127 -1.24954 0)
(0.0691513 -1.28222 0)
(0.0546113 -1.31488 0)
(0.0374779 -1.34767 0)
(0.0182867 -1.38015 0)
(-0.00216371 -1.41235 0)
(-0.023042 -1.4443 0)
(-0.0434233 -1.47596 0)
(-0.0619711 -1.50713 0)
(-0.077316 -1.53763 0)
(-0.0880431 -1.56696 0)
(-0.0925955 -1.59433 0)
(-0.0901039 -1.61899 0)
(-0.0801946 -1.64014 0)
(-0.0632153 -1.65681 0)
(-0.0405137 -1.6684 0)
(-0.0139682 -1.67434 0)
(0.00568442 -0.912026 0)
(0.0169595 -0.915868 0)
(0.0279159 -0.923489 0)
(0.0383131 -0.934823 0)
(0.0479687 -0.949702 0)
(0.0565683 -0.967921 0)
(0.0639287 -0.989188 0)
(0.0696272 -1.01336 0)
(0.0733948 -1.03997 0)
(0.0750987 -1.06867 0)
(0.074311 -1.09901 0)
(0.0709042 -1.1308 0)
(0.064715 -1.16353 0)
(0.0556916 -1.19673 0)
(0.0439385 -1.23036 0)
(0.029378 -1.26403 0)
(0.0123246 -1.29762 0)
(-0.006566 -1.33077 0)
(-0.0267129 -1.36352 0)
(-0.0473173 -1.39587 0)
(-0.0672684 -1.4276 0)
(-0.0852645 -1.45861 0)
(-0.099775 -1.48855 0)
(-0.109136 -1.51684 0)
(-0.111846 -1.54287 0)
(-0.106929 -1.56606 0)
(-0.0939996 -1.58555 0)
(-0.0734993 -1.60086 0)
(-0.0468667 -1.61137 0)
(-0.0161182 -1.61672 0)
(0.00423169 -0.858433 0)
(0.0126112 -0.862215 0)
(0.0207214 -0.86976 0)
(0.0283847 -0.880945 0)
(0.0354266 -0.895586 0)
(0.0416172 -0.913575 0)
(0.0466484 -0.934654 0)
(0.0503206 -0.958711 0)
(0.0523565 -0.985047 0)
(0.0525896 -1.01367 0)
(0.0506515 -1.04403 0)
(0.0462968 -1.07578 0)
(0.0395695 -1.10857 0)
(0.0301636 -1.14199 0)
(0.018147 -1.17584 0)
(0.00363519 -1.20981 0)
(-0.013104 -1.24354 0)
(-0.0316604 -1.2769 0)
(-0.0515054 -1.30972 0)
(-0.0716064 -1.34204 0)
(-0.0909778 -1.37352 0)
(-0.108172 -1.404 0)
(-0.121449 -1.43287 0)
(-0.129214 -1.45977 0)
(-0.129904 -1.48411 0)
(-0.122453 -1.50544 0)
(-0.106568 -1.52305 0)
(-0.0827847 -1.53675 0)
(-0.0525433 -1.54602 0)
(-0.0180305 -1.5507 0)
(0.00281845 -0.810904 0)
(0.00837641 -0.814537 0)
(0.0137236 -0.821764 0)
(0.0187425 -0.832469 0)
(0.0232412 -0.846583 0)
(0.0269613 -0.863948 0)
(0.0297218 -0.884373 0)
(0.0314363 -0.907473 0)
(0.0317406 -0.933122 0)
(0.0303975 -0.960821 0)
(0.0272373 -0.990497 0)
(0.0219887 -1.02151 0)
(0.0145347 -1.05364 0)
(0.00471159 -1.08658 0)
(-0.00746131 -1.11989 0)
(-0.0219349 -1.15337 0)
(-0.0385181 -1.18669 0)
(-0.0567287 -1.21977 0)
(-0.0760906 -1.25227 0)
(-0.0956712 -1.284 0)
(-0.114225 -1.31479 0)
(-0.130246 -1.34409 0)
(-0.142046 -1.37152 0)
(-0.147975 -1.39661 0)
(-0.146461 -1.41888 0)
(-0.13644 -1.43787 0)
(-0.117728 -1.45341 0)
(-0.0909121 -1.4652 0)
(-0.0574504 -1.47311 0)
(-0.0196722 -1.47703 0)
(0.00147874 -0.769852 0)
(0.00438199 -0.773246 0)
(0.00713314 -0.780013 0)
(0.00957673 -0.790037 0)
(0.0115718 -0.803337 0)
(0.0129786 -0.819681 0)
(0.0136626 -0.838891 0)
(0.0133753 -0.86067 0)
(0.0119247 -0.884987 0)
(0.00910597 -0.911311 0)
(0.00465654 -0.939508 0)
(-0.00156077 -0.969169 0)
(-0.00974829 -1 0)
(-0.0200413 -1.03169 0)
(-0.032476 -1.06389 0)
(-0.0469954 -1.09638 0)
(-0.0634224 -1.1288 0)
(-0.0813674 -1.16093 0)
(-0.100188 -1.19258 0)
(-0.118987 -1.22325 0)
(-0.136521 -1.25269 0)
(-0.151169 -1.28032 0)
(-0.161253 -1.30578 0)
(-0.165109 -1.32856 0)
(-0.161184 -1.34831 0)
(-0.14863 -1.36473 0)
(-0.12728 -1.37784 0)
(-0.0977178 -1.38749 0)
(-0.0615187 -1.39389 0)
(-0.0210064 -1.397 0)
(0.000246561 -0.735383 0)
(0.000676898 -0.738495 0)
(0.000999808 -0.744682 0)
(0.00106792 -0.753912 0)
(0.000777424 -0.766088 0)
(1.74425e-05 -0.78106 0)
(-0.001342 -0.798703 0)
(-0.00349829 -0.818887 0)
(-0.00663967 -0.84134 0)
(-0.0109231 -0.86586 0)
(-0.0166125 -0.89212 0)
(-0.0238603 -0.919902 0)
(-0.0328476 -0.948917 0)
(-0.0437047 -0.978871 0)
(-0.0564887 -1.00947 0)
(-0.0711343 -1.04043 0)
(-0.0874462 -1.07146 0)
(-0.105067 -1.10214 0)
(-0.123321 -1.13225 0)
(-0.141228 -1.16132 0)
(-0.157483 -1.18885 0)
(-0.170483 -1.21429 0)
(-0.178602 -1.23723 0)
(-0.180216 -1.25722 0)
(-0.173879 -1.27399 0)
(-0.158818 -1.28758 0)
(-0.134978 -1.29789 0)
(-0.103079 -1.30531 0)
(-0.0646704 -1.31002 0)
(-0.0220386 -1.31231 0)
(-0.000879431 -0.707285 0)
(-0.00266471 -0.710066 0)
(-0.00454952 -0.715611 0)
(-0.00664373 -0.723859 0)
(-0.00900117 -0.734808 0)
(-0.0117381 -0.748261 0)
(-0.0150044 -0.764139 0)
(-0.018938 -0.782461 0)
(-0.0236747 -0.802757 0)
(-0.0293796 -0.825175 0)
(-0.0363013 -0.849207 0)
(-0.0446065 -0.874782 0)
(-0.0544404 -0.901622 0)
(-0.0659314 -0.929467 0)
(-0.0791288 -0.958038 0)
(-0.0939792 -0.987033 0)
(-0.110199 -1.01614 0)
(-0.127443 -1.04498 0)
(-0.145038 -1.07302 0)
(-0.161882 -1.09987 0)
(-0.176672 -1.12492 0)
(-0.187844 -1.14763 0)
(-0.193785 -1.16758 0)
(-0.192968 -1.18429 0)
(-0.184195 -1.19778 0)
(-0.166744 -1.2081 0)
(-0.14072 -1.21553 0)
(-0.106911 -1.22054 0)
(-0.0668329 -1.22352 0)
(-0.0227499 -1.2249 0)
(-0.00186061 -0.685079 0)
(-0.00563202 -0.68752 0)
(-0.00945185 -0.692393 0)
(-0.0134788 -0.699648 0)
(-0.0177143 -0.709279 0)
(-0.0222101 -0.721175 0)
(-0.0272602 -0.735293 0)
(-0.0327657 -0.751513 0)
(-0.0390115 -0.769687 0)
(-0.0461267 -0.789728 0)
(-0.0542093 -0.811434 0)
(-0.0635851 -0.834603 0)
(-0.0742928 -0.859045 0)
(-0.0864618 -0.884525 0)
(-0.100118 -0.910773 0)
(-0.115174 -0.937475 0)
(-0.131361 -0.964255 0)
(-0.148175 -0.990755 0)
(-0.164925 -1.01633 0)
(-0.180561 -1.04048 0)
(-0.193686 -1.06254 0)
(-0.202816 -1.08199 0)
(-0.206384 -1.09843 0)
(-0.203108 -1.11157 0)
(-0.19193 -1.12146 0)
(-0.172273 -1.12832 0)
(-0.144403 -1.13272 0)
(-0.109136 -1.13521 0)
(-0.0679871 -1.13643 0)
(-0.02309 -1.1369 0)
(-0.00272893 -0.668219 0)
(-0.00820663 -0.670322 0)
(-0.0137391 -0.674545 0)
(-0.0194394 -0.680835 0)
(-0.0253137 -0.689201 0)
(-0.0314515 -0.699552 0)
(-0.0379964 -0.711916 0)
(-0.0450041 -0.726042 0)
(-0.0526369 -0.742194 0)
(-0.0610187 -0.759801 0)
(-0.0703114 -0.779146 0)
(-0.0806911 -0.79986 0)
(-0.0922759 -0.821816 0)
(-0.105135 -0.8448 0)
(-0.119259 -0.868547 0)
(-0.134514 -0.892723 0)
(-0.150581 -0.916918 0)
(-0.166914 -0.94065 0)
(-0.182725 -0.963368 0)
(-0.196902 -0.984374 0)
(-0.208132 -1.00304 0)
(-0.215049 -1.01884 0)
(-0.216208 -1.03143 0)
(-0.210421 -1.04072 0)
(-0.196889 -1.04671 0)
(-0.17528 -1.05006 0)
(-0.145941 -1.05133 0)
(-0.109725 -1.05131 0)
(-0.068122 -1.05078 0)
(-0.0231076 -1.05034 0)
(-0.00345423 -0.656093 0)
(-0.0104257 -0.657889 0)
(-0.0174179 -0.661493 0)
(-0.0245845 -0.666903 0)
(-0.0318978 -0.67407 0)
(-0.0394233 -0.682979 0)
(-0.0473347 -0.693686 0)
(-0.0557117 -0.70599 0)
(-0.0645968 -0.719959 0)
(-0.0741322 -0.735462 0)
(-0.0845696 -0.752433 0)
(-0.0959245 -0.77077 0)
(-0.108352 -0.790263 0)
(-0.121879 -0.810733 0)
(-0.136439 -0.831904 0)
(-0.151835 -0.853418 0)
(-0.167686 -0.87482 0)
(-0.18338 -0.895567 0)
(-0.198063 -0.915037 0)
(-0.210627 -0.932542 0)
(-0.219812 -0.947483 0)
(-0.224339 -0.959353 0)
(-0.222965 -0.967855 0)
(-0.214685 -0.972954 0)
(-0.199013 -0.975142 0)
(-0.175782 -0.974873 0)
(-0.14535 -0.973091 0)
(-0.108719 -0.970624 0)
(-0.0672581 -0.968393 0)
(-0.0227618 -0.967086 0)
(-0.00408985 -0.648063 0)
(-0.0122978 -0.649596 0)
(-0.020569 -0.652656 0)
(-0.0289694 -0.657261 0)
(-0.0374952 -0.66338 0)
(-0.0463165 -0.671013 0)
(-0.0554347 -0.680185 0)
(-0.0649151 -0.69083 0)
(-0.0749724 -0.702858 0)
(-0.0856303 -0.716386 0)
(-0.0970715 -0.731217 0)
(-0.109362 -0.74728 0)
(-0.122564 -0.764438 0)
(-0.136695 -0.782458 0)
(-0.15161 -0.80106 0)
(-0.16704 -0.819848 0)
(-0.182526 -0.838323 0)
(-0.197395 -0.855891 0)
(-0.210748 -0.871894 0)
(-0.221494 -0.885654 0)
(-0.228454 -0.896593 0)
(-0.23049 -0.904286 0)
(-0.226517 -0.908517 0)
(-0.215945 -0.909523 0)
(-0.198344 -0.907881 0)
(-0.173727 -0.904116 0)
(-0.142722 -0.899351 0)
(-0.106165 -0.894574 0)
(-0.0654468 -0.890777 0)
(-0.0221232 -0.888674 0)
(-0.0046155 -0.643525 0)
(-0.0139055 -0.644827 0)
(-0.0232254 -0.647414 0)
(-0.0327097 -0.651348 0)
(-0.0423183 -0.656554 0)
(-0.0521577 -0.663076 0)
(-0.0623525 -0.670927 0)
(-0.0728946 -0.68011 0)
(-0.0839647 -0.690516 0)
(-0.0956249 -0.702216 0)
(-0.107984 -0.715185 0)
(-0.121102 -0.729165 0)
(-0.135013 -0.744138 0)
(-0.149635 -0.75983 0)
(-0.164777 -0.77592 0)
(-0.180077 -0.791971 0)
(-0.195003 -0.807439 0)
(-0.208823 -0.821694 0)
(-0.220621 -0.834066 0)
(-0.229347 -0.843909 0)
(-0.233933 -0.850705 0)
(-0.233377 -0.854132 0)
(-0.226935 -0.854074 0)
(-0.214204 -0.851166 0)
(-0.194916 -0.845635 0)
(-0.169318 -0.838675 0)
(-0.138119 -0.83116 0)
(-0.102222 -0.82429 0)
(-0.0627926 -0.819097 0)
(-0.0211734 -0.816251 0)
(-0.00507652 -0.641904 0)
(-0.0152442 -0.643035 0)
(-0.0255091 -0.64523 0)
(-0.0358943 -0.648585 0)
(-0.0463817 -0.65304 0)
(-0.0572077 -0.658673 0)
(-0.068343 -0.665412 0)
(-0.0797604 -0.673345 0)
(-0.0917262 -0.682347 0)
(-0.104327 -0.692601 0)
(-0.117495 -0.703803 0)
(-0.131305 -0.716011 0)
(-0.145805 -0.728973 0)
(-0.160782 -0.742473 0)
(-0.175969 -0.756129 0)
(-0.190928 -0.769454 0)
(-0.205054 -0.781868 0)
(-0.217576 -0.792724 0)
(-0.227586 -0.801366 0)
(-0.234106 -0.807205 0)
(-0.236203 -0.809822 0)
(-0.233044 -0.808981 0)
(-0.22427 -0.804882 0)
(-0.20955 -0.798094 0)
(-0.188878 -0.789014 0)
(-0.162757 -0.779058 0)
(-0.131821 -0.769152 0)
(-0.0970239 -0.760478 0)
(-0.0593602 -0.754015 0)
(-0.0199718 -0.750592 0)
(-0.00547208 -0.642727 0)
(-0.0164248 -0.643684 0)
(-0.0274303 -0.64562 0)
(-0.0386276 -0.648485 0)
(-0.049962 -0.652361 0)
(-0.0615323 -0.657277 0)
(-0.0734705 -0.663105 0)
(-0.085728 -0.670033 0)
(-0.098558 -0.677947 0)
(-0.111886 -0.686879 0)
(-0.125726 -0.696631 0)
(-0.140177 -0.70724 0)
(-0.155068 -0.718399 0)
(-0.170217 -0.729828 0)
(-0.185225 -0.741118 0)
(-0.199585 -0.751738 0)
(-0.21264 -0.761064 0)
(-0.223601 -0.76847 0)
(-0.231598 -0.77334 0)
(-0.235757 -0.77517 0)
(-0.23528 -0.773666 0)
(-0.229634 -0.768693 0)
(-0.218685 -0.760799 0)
(-0.202178 -0.75035 0)
(-0.18049 -0.7382 0)
(-0.154265 -0.725559 0)
(-0.124038 -0.713591 0)
(-0.0907503 -0.703383 0)
(-0.0553052 -0.695926 0)
(-0.0185837 -0.692039 0)
(-0.00580137 -0.645569 0)
(-0.0174358 -0.646407 0)
(-0.0291466 -0.648093 0)
(-0.0410017 -0.650667 0)
(-0.0530436 -0.654024 0)
(-0.0653486 -0.658421 0)
(-0.0780086 -0.663585 0)
(-0.0910079 -0.6697 0)
(-0.104493 -0.676718 0)
(-0.118486 -0.684528 0)
(-0.132926 -0.693119 0)
(-0.147803 -0.70227 0)
(-0.162924 -0.71176 0)
(-0.178001 -0.72121 0)
(-0.192575 -0.730168 0)
(-0.206045 -0.738082 0)
(-0.217735 -0.744314 0)
(-0.22688 -0.748237 0)
(-0.232664 -0.749342 0)
(-0.234354 -0.747231 0)
(-0.231295 -0.741748 0)
(-0.223293 -0.732936 0)
(-0.210368 -0.721453 0)
(-0.192423 -0.707752 0)
(-0.170089 -0.693025 0)
(-0.144107 -0.678104 0)
(-0.115014 -0.664456 0)
(-0.0836358 -0.653025 0)
(-0.050767 -0.644886 0)
(-0.0170304 -0.640614 0)
(-0.00610703 -0.650086 0)
(-0.0183369 -0.650858 0)
(-0.0306577 -0.652389 0)
(-0.0431211 -0.654665 0)
(-0.0558363 -0.6578 0)
(-0.0687766 -0.661688 0)
(-0.0820171 -0.666384 0)
(-0.0956803 -0.671863 0)
(-0.109795 -0.67815 0)
(-0.124315 -0.685097 0)
(-0.139172 -0.692601 0)
(-0.154306 -0.700466 0)
(-0.169423 -0.708349 0)
(-0.184168 -0.715858 0)
(-0.198012 -0.722481 0)
(-0.210306 -0.727648 0)
(-0.220336 -0.730772 0)
(-0.227412 -0.73123 0)
(-0.230836 -0.728613 0)
(-0.230002 -0.722694 0)
(-0.224447 -0.713451 0)
(-0.214252 -0.701159 0)
(-0.199598 -0.686433 0)
(-0.180633 -0.669984 0)
(-0.15802 -0.653052 0)
(-0.132614 -0.636415 0)
(-0.105031 -0.62147 0)
(-0.0759186 -0.609216 0)
(-0.0459037 -0.600614 0)
(-0.0153504 -0.596093 0)
(-0.00638581 -0.656061 0)
(-0.0191803 -0.656765 0)
(-0.0320307 -0.65819 0)
(-0.045101 -0.660338 0)
(-0.0583646 -0.66322 0)
(-0.0718527 -0.666751 0)
(-0.0857189 -0.671148 0)
(-0.0999237 -0.676152 0)
(-0.114522 -0.681828 0)
(-0.129439 -0.688005 0)
(-0.144574 -0.694534 0)
(-0.159738 -0.70113 0)
(-0.174589 -0.707436 0)
(-0.188711 -0.712972 0)
(-0.201512 -0.717216 0)
(-0.212329 -0.719588 0)
(-0.220449 -0.719544 0)
(-0.225244 -0.716614 0)
(-0.226196 -0.710358 0)
(-0.222863 -0.700833 0)
(-0.214974 -0.688128 0)
(-0.202816 -0.672738 0)
(-0.186741 -0.655234 0)
(-0.167124 -0.636565 0)
(-0.144648 -0.617846 0)
(-0.120171 -0.600028 0)
(-0.0944 -0.584238 0)
(-0.067829 -0.571544 0)
(-0.0408257 -0.562651 0)
(-0.0136082 -0.558036 0)
(-0.00664024 -0.663296 0)
(-0.0199498 -0.663971 0)
(-0.0333646 -0.665315 0)
(-0.0469313 -0.66739 0)
(-0.0606949 -0.670066 0)
(-0.0747837 -0.673478 0)
(-0.08914 -0.67752 0)
(-0.103773 -0.682164 0)
(-0.118778 -0.687302 0)
(-0.133945 -0.692769 0)
(-0.149119 -0.69831 0)
(-0.164084 -0.703631 0)
(-0.178398 -0.708274 0)
(-0.19158 -0.711758 0)
(-0.203027 -0.713533 0)
(-0.212071 -0.71305 0)
(-0.218082 -0.709813 0)
(-0.220451 -0.7035 0)
(-0.218876 -0.693865 0)
(-0.213154 -0.680949 0)
(-0.203154 -0.665153 0)
(-0.189322 -0.647075 0)
(-0.172183 -0.627312 0)
(-0.152298 -0.606948 0)
(-0.130329 -0.586983 0)
(-0.107142 -0.568421 0)
(-0.0834427 -0.552253 0)
(-0.0595582 -0.53942 0)
(-0.0356705 -0.530458 0)
(-0.0118573 -0.525875 0)
(-0.00689691 -0.671659 0)
(-0.0207091 -0.672334 0)
(-0.0346202 -0.673664 0)
(-0.0487003 -0.675604 0)
(-0.062977 -0.678286 0)
(-0.0775003 -0.681504 0)
(-0.0923011 -0.685248 0)
(-0.107337 -0.68959 0)
(-0.122558 -0.694182 0)
(-0.137781 -0.698903 0)
(-0.152806 -0.703383 0)
(-0.16729 -0.707303 0)
(-0.180748 -0.710159 0)
(-0.192697 -0.711453 0)
(-0.202491 -0.71064 0)
(-0.209509 -0.707241 0)
(-0.213211 -0.700823 0)
(-0.213157 -0.691192 0)
(-0.209105 -0.678399 0)
(-0.201103 -0.662431 0)
(-0.189302 -0.643953 0)
(-0.174137 -0.623653 0)
(-0.15633 -0.602163 0)
(-0.13656 -0.580641 0)
(-0.115449 -0.559955 0)
(-0.0938501 -0.541112 0)
(-0.0724202 -0.52494 0)
(-0.0513106 -0.51224 0)
(-0.0305642 -0.503434 0)
(-0.0101385 -0.498969 0)
(-0.00715174 -0.681117 0)
(-0.0214692 -0.681762 0)
(-0.0358419 -0.683093 0)
(-0.0504324 -0.685026 0)
(-0.0651651 -0.687563 0)
(-0.0800585 -0.690655 0)
(-0.095267 -0.694207 0)
(-0.110543 -0.698082 0)
(-0.125835 -0.702068 0)
(-0.140917 -0.705887 0)
(-0.155486 -0.709192 0)
(-0.169219 -0.71153 0)
(-0.181543 -0.712426 0)
(-0.191944 -0.711353 0)
(-0.199834 -0.707822 0)
(-0.204631 -0.701435 0)
(-0.205919 -0.691924 0)
(-0.203456 -0.679133 0)
(-0.197079 -0.66334 0)
(-0.187048 -0.644809 0)
(-0.173764 -0.624056 0)
(-0.15765 -0.602036 0)
(-0.139586 -0.579367 0)
(-0.120309 -0.557208 0)
(-0.10037 -0.536296 0)
(-0.0806044 -0.517584 0)
(-0.0615607 -0.50175 0)
(-0.0432598 -0.489423 0)
(-0.0256171 -0.480966 0)
(-0.00847714 -0.476687 0)
(-0.00738556 -0.691625 0)
(-0.0222057 -0.69226 0)
(-0.0370923 -0.693526 0)
(-0.0520866 -0.69548 0)
(-0.067242 -0.69785 0)
(-0.0825342 -0.700797 0)
(-0.0979285 -0.704018 0)
(-0.113293 -0.707338 0)
(-0.128473 -0.71058 0)
(-0.143179 -0.713297 0)
(-0.157082 -0.7152 0)
(-0.169741 -0.715748 0)
(-0.180614 -0.714446 0)
(-0.189208 -0.710826 0)
(-0.194975 -0.704467 0)
(-0.197461 -0.695065 0)
(-0.196309 -0.682519 0)
(-0.191493 -0.666858 0)
(-0.183091 -0.648371 0)
(-0.171331 -0.627656 0)
(-0.156885 -0.605136 0)
(-0.140267 -0.58188 0)
(-0.122354 -0.558624 0)
(-0.103917 -0.536283 0)
(-0.0854186 -0.515591 0)
(-0.0676679 -0.497382 0)
(-0.051077 -0.482171 0)
(-0.0355585 -0.470436 0)
(-0.0209155 -0.462462 0)
(-0.00689882 -0.458429 0)
(-0.00763293 -0.703143 0)
(-0.0229095 -0.703785 0)
(-0.038281 -0.704999 0)
(-0.053708 -0.706779 0)
(-0.069193 -0.70909 0)
(-0.0847317 -0.711656 0)
(-0.100224 -0.714397 0)
(-0.115515 -0.717079 0)
(-0.13035 -0.7193 0)
(-0.144418 -0.720719 0)
(-0.157343 -0.720913 0)
(-0.168647 -0.719406 0)
(-0.177812 -0.715669 0)
(-0.184381 -0.709335 0)
(-0.18789 -0.700073 0)
(-0.187997 -0.687719 0)
(-0.184541 -0.672247 0)
(-0.177575 -0.654005 0)
(-0.167368 -0.633257 0)
(-0.15428 -0.61069 0)
(-0.139071 -0.587025 0)
(-0.122399 -0.563005 0)
(-0.105028 -0.539678 0)
(-0.0876948 -0.517583 0)
(-0.0708874 -0.497489 0)
(-0.0552759 -0.480118 0)
(-0.0411386 -0.465762 0)
(-0.0283226 -0.454785 0)
(-0.0165208 -0.447384 0)
(-0.00542362 -0.443642 0)
(-0.00787163 -0.715666 0)
(-0.0236114 -0.716263 0)
(-0.0393605 -0.717423 0)
(-0.055186 -0.718984 0)
(-0.0709368 -0.72097 0)
(-0.0865548 -0.723082 0)
(-0.102037 -0.725181 0)
(-0.117008 -0.72687 0)
(-0.131231 -0.727826 0)
(-0.144401 -0.727636 0)
(-0.156087 -0.725854 0)
(-0.165766 -0.721976 0)
(-0.172981 -0.715618 0)
(-0.177387 -0.706448 0)
(-0.178592 -0.694269 0)
(-0.176373 -0.679054 0)
(-0.170757 -0.660975 0)
(-0.161943 -0.640381 0)
(-0.150263 -0.617853 0)
(-0.136292 -0.593908 0)
(-0.120745 -0.569597 0)
(-0.104383 -0.545348 0)
(-0.0879293 -0.522331 0)
(-0.0719427 -0.500879 0)
(-0.057024 -0.48175 0)
(-0.0436227 -0.465464 0)
(-0.0318777 -0.452149 0)
(-0.0216299 -0.442031 0)
(-0.0124742 -0.435262 0)
(-0.0040665 -0.431845 0)
(-0.00808494 -0.729158 0)
(-0.0242401 -0.729649 0)
(-0.0403424 -0.73061 0)
(-0.0563953 -0.731932 0)
(-0.0722974 -0.733334 0)
(-0.0879213 -0.734855 0)
(-0.103093 -0.735952 0)
(-0.117519 -0.73636 0)
(-0.13093 -0.735737 0)
(-0.142923 -0.733619 0)
(-0.153052 -0.729563 0)
(-0.160889 -0.72305 0)
(-0.166044 -0.713914 0)
(-0.168201 -0.701855 0)
(-0.167127 -0.686825 0)
(-0.162764 -0.668936 0)
(-0.155231 -0.648537 0)
(-0.144893 -0.626042 0)
(-0.132147 -0.60211 0)
(-0.117708 -0.577421 0)
(-0.102268 -0.552789 0)
(-0.0865763 -0.528923 0)
(-0.0713251 -0.506535 0)
(-0.0569387 -0.486053 0)
(-0.044047 -0.468198 0)
(-0.0328419 -0.453136 0)
(-0.0233787 -0.44101 0)
(-0.0155237 -0.431799 0)
(-0.00880434 -0.425698 0)
(-0.00283783 -0.422629 0)
(-0.00824347 -0.743482 0)
(-0.024711 -0.743826 0)
(-0.0410899 -0.744451 0)
(-0.0572492 -0.745302 0)
(-0.0731507 -0.746052 0)
(-0.0885377 -0.74653 0)
(-0.103175 -0.746341 0)
(-0.116844 -0.745239 0)
(-0.129153 -0.74264 0)
(-0.139721 -0.738218 0)
(-0.148076 -0.731559 0)
(-0.153906 -0.722314 0)
(-0.156917 -0.710291 0)
(-0.156856 -0.695375 0)
(-0.153643 -0.677652 0)
(-0.147355 -0.657382 0)
(-0.138248 -0.634996 0)
(-0.126756 -0.611073 0)
(-0.113414 -0.586214 0)
(-0.0989121 -0.561269 0)
(-0.0839887 -0.536795 0)
(-0.0693272 -0.513702 0)
(-0.0554383 -0.492269 0)
(-0.0428872 -0.473134 0)
(-0.0320766 -0.45667 0)
(-0.0230174 -0.442917 0)
(-0.0157062 -0.432013 0)
(-0.0100254 -0.423792 0)
(-0.00552757 -0.418364 0)
(-0.00174327 -0.415653 0)
(-0.00834519 -0.758401 0)
(-0.0249737 -0.758545 0)
(-0.0414598 -0.758732 0)
(-0.0576073 -0.75882 0)
(-0.0732273 -0.758682 0)
(-0.0881393 -0.757765 0)
(-0.102113 -0.75607 0)
(-0.114713 -0.752941 0)
(-0.125608 -0.748069 0)
(-0.134524 -0.741068 0)
(-0.140998 -0.731606 0)
(-0.14477 -0.719502 0)
(-0.145627 -0.704601 0)
(-0.143464 -0.686961 0)
(-0.138333 -0.666798 0)
(-0.130435 -0.644496 0)
(-0.120133 -0.620582 0)
(-0.107922 -0.595662 0)
(-0.0944014 -0.570447 0)
(-0.0802542 -0.545582 0)
(-0.0662172 -0.521846 0)
(-0.0528307 -0.499725 0)
(-0.040579 -0.479619 0)
(-0.0299584 -0.462051 0)
(-0.0211459 -0.447033 0)
(-0.0141545 -0.434655 0)
(-0.00888417 -0.424928 0)
(-0.00517956 -0.417754 0)
(-0.0026392 -0.412985 0)
(-0.000786133 -0.410638 0)
(-0.00835241 -0.773573 0)
(-0.0249613 -0.773423 0)
(-0.0412972 -0.773025 0)
(-0.0572103 -0.772158 0)
(-0.07235 -0.770696 0)
(-0.0865564 -0.768248 0)
(-0.0995179 -0.764539 0)
(-0.110779 -0.759054 0)
(-0.120153 -0.751621 0)
(-0.127243 -0.741874 0)
(-0.131731 -0.729519 0)
(-0.133438 -0.714514 0)
(-0.132254 -0.69684 0)
(-0.128205 -0.676703 0)
(-0.121459 -0.65444 0)
(-0.112328 -0.630529 0)
(-0.101238 -0.605552 0)
(-0.088759 -0.580137 0)
(-0.0754585 -0.554983 0)
(-0.0620779 -0.530754 0)
(-0.0492339 -0.50805 0)
(-0.0373239 -0.487183 0)
(-0.0268854 -0.46869 0)
(-0.0181904 -0.452684 0)
(-0.0113136 -0.43919 0)
(-0.00626448 -0.428215 0)
(-0.00289729 -0.419669 0)
(-0.000973572 -0.413457 0)
(-0.000137091 -0.409351 0)
(3.27666e-05 -0.407344 0)
(-0.00823197 -0.788488 0)
(-0.0245583 -0.787931 0)
(-0.0404998 -0.786762 0)
(-0.0558407 -0.784765 0)
(-0.0702629 -0.781652 0)
(-0.0834717 -0.777372 0)
(-0.0951434 -0.771268 0)
(-0.104921 -0.763286 0)
(-0.112587 -0.753074 0)
(-0.117772 -0.740377 0)
(-0.120261 -0.725124 0)
(-0.120003 -0.70732 0)
(-0.11697 -0.687116 0)
(-0.111329 -0.664821 0)
(-0.103338 -0.640874 0)
(-0.0933827 -0.615823 0)
(-0.0819414 -0.590283 0)
(-0.0695957 -0.564836 0)
(-0.0569746 -0.540217 0)
(-0.044684 -0.517024 0)
(-0.0331952 -0.495542 0)
(-0.0230001 -0.476279 0)
(-0.0144326 -0.459438 0)
(-0.00760067 -0.445037 0)
(-0.00260105 -0.433084 0)
(0.000640278 -0.423489 0)
(0.00230112 -0.416102 0)
(0.00263987 -0.410764 0)
(0.00199081 -0.407295 0)
(0.00073249 -0.405593 0)
(-0.00792984 -0.802435 0)
(-0.0236528 -0.801393 0)
(-0.0388966 -0.799258 0)
(-0.0533363 -0.795911 0)
(-0.0667463 -0.791025 0)
(-0.0786849 -0.784486 0)
(-0.0888405 -0.775909 0)
(-0.0969894 -0.765223 0)
(-0.10279 -0.752102 0)
(-0.106059 -0.736468 0)
(-0.106677 -0.718442 0)
(-0.104632 -0.698071 0)
(-0.100044 -0.675676 0)
(-0.0931583 -0.651643 0)
(-0.0843238 -0.626486 0)
(-0.0739855 -0.600789 0)
(-0.0625955 -0.575159 0)
(-0.0508145 -0.550203 0)
(-0.0392218 -0.526522 0)
(-0.0282188 -0.504546 0)
(-0.0183538 -0.48463 0)
(-0.00996132 -0.467079 0)
(-0.00320693 -0.451895 0)
(0.0017829 -0.439126 0)
(0.00501728 -0.42868 0)
(0.0066061 -0.420398 0)
(0.0067469 -0.414096 0)
(0.00570154 -0.409578 0)
(0.00377938 -0.406672 0)
(0.00132006 -0.405249 0)
(-0.00744214 -0.814497 0)
(-0.0221499 -0.812938 0)
(-0.0363445 -0.809729 0)
(-0.0495998 -0.804837 0)
(-0.0616028 -0.798047 0)
(-0.0720145 -0.789095 0)
(-0.0805424 -0.777992 0)
(-0.0868775 -0.764468 0)
(-0.090793 -0.748505 0)
(-0.0922601 -0.730151 0)
(-0.0911602 -0.709601 0)
(-0.0875904 -0.687027 0)
(-0.0817824 -0.662867 0)
(-0.0740487 -0.637582 0)
(-0.0647956 -0.611729 0)
(-0.0544825 -0.585891 0)
(-0.0436028 -0.560648 0)
(-0.032734 -0.5366 0)
(-0.0223713 -0.514138 0)
(-0.0129342 -0.49367 0)
(-0.00479939 -0.475479 0)
(0.00180968 -0.45962 0)
(0.00675311 -0.446141 0)
(0.00999335 -0.434967 0)
(0.0115925 -0.425947 0)
(0.0116936 -0.418885 0)
(0.0105016 -0.413567 0)
(0.00826665 -0.409788 0)
(0.00526927 -0.407373 0)
(0.00180824 -0.406196 0)
(-0.00674747 -0.823626 0)
(-0.0200386 -0.821513 0)
(-0.0327563 -0.817235 0)
(-0.0444815 -0.810693 0)
(-0.0548148 -0.801935 0)
(-0.0634842 -0.790665 0)
(-0.0701748 -0.777019 0)
(-0.0746401 -0.760795 0)
(-0.0767807 -0.742273 0)
(-0.0765736 -0.721504 0)
(-0.0739921 -0.698779 0)
(-0.0692119 -0.674481 0)
(-0.0625702 -0.649077 0)
(-0.0544015 -0.62309 0)
(-0.0451478 -0.597078 0)
(-0.0352713 -0.571596 0)
(-0.0252377 -0.547187 0)
(-0.0155649 -0.524339 0)
(-0.00668568 -0.503382 0)
(0.00108023 -0.484613 0)
(0.00745278 -0.468154 0)
(0.0122736 -0.454043 0)
(0.0154773 -0.442225 0)
(0.0170878 -0.43256 0)
(0.0172053 -0.424855 0)
(0.0159889 -0.41889 0)
(0.0136418 -0.414443 0)
(0.0103957 -0.411309 0)
(0.00649925 -0.40932 0)
(0.00221014 -0.408352 0)
(-0.00584114 -0.828677 0)
(-0.0173062 -0.826026 0)
(-0.0281432 -0.820698 0)
(-0.0380028 -0.812645 0)
(-0.0464228 -0.801941 0)
(-0.0531301 -0.788569 0)
(-0.057903 -0.772542 0)
(-0.0605423 -0.754054 0)
(-0.0610136 -0.733337 0)
(-0.0592956 -0.710605 0)
(-0.0555212 -0.686251 0)
(-0.0499213 -0.660811 0)
(-0.0428329 -0.634751 0)
(-0.034639 -0.608629 0)
(-0.0257686 -0.582981 0)
(-0.0166701 -0.55832 0)
(-0.00778681 -0.53511 0)
(0.000465399 -0.513758 0)
(0.0077364 -0.494489 0)
(0.0137651 -0.47749 0)
(0.0183694 -0.46281 0)
(0.0214612 -0.450407 0)
(0.0230353 -0.440156 0)
(0.023158 -0.431877 0)
(0.0219524 -0.425353 0)
(0.0195845 -0.420356 0)
(0.0162473 -0.416664 0)
(0.0121497 -0.414082 0)
(0.00750747 -0.412453 0)
(0.00253871 -0.411663 0)
(-0.00473762 -0.828488 0)
(-0.0139903 -0.82536 0)
(-0.022614 -0.8191 0)
(-0.0302653 -0.809748 0)
(-0.0365673 -0.797348 0)
(-0.0412013 -0.782229 0)
(-0.0440144 -0.764274 0)
(-0.0449258 -0.744041 0)
(-0.0438506 -0.721645 0)
(-0.0408873 -0.697577 0)
(-0.0362526 -0.672307 0)
(-0.0301794 -0.646371 0)
(-0.0230214 -0.620289 0)
(-0.0151653 -0.5946 0)
(-0.00701889 -0.569815 0)
(0.00100983 -0.546392 0)
(0.00853532 -0.524709 0)
(0.0152214 -0.505055 0)
(0.0208015 -0.487599 0)
(0.0250893 -0.472418 0)
(0.0279791 -0.459488 0)
(0.0294431 -0.448703 0)
(0.0295209 -0.439898 0)
(0.0283069 -0.432867 0)
(0.0259372 -0.427383 0)
(0.0225744 -0.423222 0)
(0.0183966 -0.420173 0)
(0.0135872 -0.418055 0)
(0.00833003 -0.416725 0)
(0.00280616 -0.416083 0)
(-0.0034699 -0.821983 0)
(-0.0101906 -0.818461 0)
(-0.0163105 -0.8115 0)
(-0.0215159 -0.80115 0)
(-0.0255652 -0.787577 0)
(-0.0280626 -0.771107 0)
(-0.0289602 -0.751942 0)
(-0.028233 -0.730536 0)
(-0.0257978 -0.707226 0)
(-0.0219022 -0.682604 0)
(-0.0167117 -0.657145 0)
(-0.010497 -0.631416 0)
(-0.00359597 -0.605956 0)
(0.00361502 -0.581276 0)
(0.0107681 -0.557833 0)
(0.0175162 -0.536014 0)
(0.0235427 -0.516116 0)
(0.0285907 -0.498332 0)
(0.0324715 -0.482755 0)
(0.0350705 -0.469383 0)
(0.036343 -0.458132 0)
(0.0363082 -0.448855 0)
(0.0350375 -0.441362 0)
(0.0326425 -0.435437 0)
(0.0292618 -0.430858 0)
(0.0250491 -0.427409 0)
(0.0201633 -0.424899 0)
(0.0147626 -0.423165 0)
(0.00900015 -0.42208 0)
(0.00302363 -0.421557 0)
(-0.00206805 -0.808272 0)
(-0.00604491 -0.804512 0)
(-0.00949393 -0.797106 0)
(-0.0121336 -0.786208 0)
(-0.013797 -0.772041 0)
(-0.0141927 -0.754862 0)
(-0.0132646 -0.73524 0)
(-0.0110352 -0.713437 0)
(-0.00752264 -0.690102 0)
(-0.00293038 -0.665729 0)
(0.00254255 -0.640868 0)
(0.00861651 -0.616076 0)
(0.0149801 -0.591885 0)
(0.0213077 -0.568763 0)
(0.027285 -0.547101 0)
(0.0326269 -0.527213 0)
(0.037094 -0.509313 0)
(0.040505 -0.493516 0)
(0.042742 -0.479845 0)
(0.0437514 -0.468241 0)
(0.043537 -0.458582 0)
(0.0421525 -0.450697 0)
(0.03969 -0.444385 0)
(0.0362683 -0.439433 0)
(0.0320218 -0.435633 0)
(0.0270904 -0.432787 0)
(0.0216133 -0.430726 0)
(0.0157235 -0.429307 0)
(0.00954648 -0.428422 0)
(0.00320069 -0.427995 0)
(-0.000619912 -0.786753 0)
(-0.00172738 -0.782957 0)
(-0.0024372 -0.775453 0)
(-0.00251851 -0.764489 0)
(-0.001808 -0.750327 0)
(-0.000170781 -0.733295 0)
(0.00243688 -0.713955 0)
(0.00597748 -0.692714 0)
(0.0103607 -0.670187 0)
(0.0154131 -0.646908 0)
(0.0209199 -0.62344 0)
(0.0266273 -0.600317 0)
(0.0322628 -0.578022 0)
(0.0375564 -0.556966 0)
(0.0422587 -0.53748 0)
(0.0461559 -0.519801 0)
(0.049082 -0.50407 0)
(0.0509245 -0.490339 0)
(0.0516268 -0.47858 0)
(0.051185 -0.468696 0)
(0.0496397 -0.460543 0)
(0.0470683 -0.45394 0)
(0.0435741 -0.448693 0)
(0.0392759 -0.444601 0)
(0.0342989 -0.441476 0)
(0.0287677 -0.439145 0)
(0.0228009 -0.437461 0)
(0.0165088 -0.436304 0)
(0.00999245 -0.435582 0)
(0.00334513 -0.435234 0)
(0.00080893 -0.757242 0)
(0.00252015 -0.753589 0)
(0.00450338 -0.746392 0)
(0.00690923 -0.73588 0)
(0.0098459 -0.722373 0)
(0.0133742 -0.706262 0)
(0.017492 -0.688045 0)
(0.0221372 -0.668228 0)
(0.0271946 -0.64737 0)
(0.0324994 -0.626021 0)
(0.0378537 -0.60471 0)
(0.0430395 -0.583927 0)
(0.0478357 -0.564097 0)
(0.0520338 -0.545566 0)
(0.0554527 -0.528597 0)
(0.0579487 -0.513358 0)
(0.059423 -0.499935 0)
(0.0598239 -0.48833 0)
(0.0591454 -0.478481 0)
(0.0574216 -0.470273 0)
(0.0547205 -0.463552 0)
(0.0511335 -0.458146 0)
(0.046768 -0.453873 0)
(0.0417379 -0.450556 0)
(0.0361568 -0.448031 0)
(0.0301332 -0.446151 0)
(0.0237667 -0.444794 0)
(0.0171472 -0.443862 0)
(0.0103549 -0.443281 0)
(0.00346255 -0.443 0)
(0.00214886 -0.719991 0)
(0.00649608 -0.716658 0)
(0.0109847 -0.710107 0)
(0.015686 -0.700563 0)
(0.0206397 -0.688344 0)
(0.0258466 -0.673851 0)
(0.0312636 -0.657552 0)
(0.0368056 -0.639946 0)
(0.04235 -0.621552 0)
(0.0477454 -0.602878 0)
(0.0528228 -0.584399 0)
(0.0574084 -0.56654 0)
(0.0613366 -0.549658 0)
(0.0644621 -0.534032 0)
(0.0666692 -0.519857 0)
(0.0678787 -0.507247 0)
(0.0680506 -0.496241 0)
(0.0671839 -0.48681 0)
(0.0653126 -0.478873 0)
(0.0624998 -0.47231 0)
(0.0588305 -0.466973 0)
(0.054404 -0.462707 0)
(0.0493263 -0.459352 0)
(0.0437037 -0.456757 0)
(0.0376375 -0.454787 0)
(0.0312206 -0.453323 0)
(0.0245359 -0.452266 0)
(0.017656 -0.45154 0)
(0.0106441 -0.451087 0)
(0.00355626 -0.450867 0)
(0.00333471 -0.67567 0)
(0.0100109 -0.672814 0)
(0.0167024 -0.667209 0)
(0.0234043 -0.659061 0)
(0.030091 -0.648669 0)
(0.0367118 -0.6364 0)
(0.0431894 -0.622675 0)
(0.0494221 -0.607943 0)
(0.0552892 -0.592659 0)
(0.0606581 -0.577259 0)
(0.065394 -0.562147 0)
(0.0693696 -0.547668 0)
(0.0724739 -0.534105 0)
(0.0746204 -0.521668 0)
(0.0757529 -0.510495 0)
(0.0758472 -0.500652 0)
(0.0749122 -0.492144 0)
(0.0729867 -0.484924 0)
(0.070135 -0.478905 0)
(0.0664405 -0.473974 0)
(0.0619983 -0.469999 0)
(0.0569099 -0.466847 0)
(0.0512772 -0.464387 0)
(0.0451974 -0.462496 0)
(0.0387598 -0.461067 0)
(0.0320437 -0.460009 0)
(0.025118 -0.459248 0)
(0.0180411 -0.458726 0)
(0.0108631 -0.458401 0)
(0.00362727 -0.458243 0)
(0.00431368 -0.625366 0)
(0.0129095 -0.623103 0)
(0.0214082 -0.618668 0)
(0.0297374 -0.61224 0)
(0.037815 -0.60407 0)
(0.0455477 -0.594471 0)
(0.0528317 -0.583792 0)
(0.0595557 -0.572405 0)
(0.0656055 -0.560681 0)
(0.0708706 -0.548967 0)
(0.0752505 -0.537577 0)
(0.0786615 -0.526775 0)
(0.0810418 -0.516766 0)
(0.0823563 -0.507695 0)
(0.0825977 -0.499645 0)
(0.0817871 -0.492648 0)
(0.0799709 -0.486683 0)
(0.0772175 -0.481695 0)
(0.0736116 -0.477602 0)
(0.0692493 -0.474301 0)
(0.0642311 -0.471686 0)
(0.0586577 -0.469649 0)
(0.0526244 -0.468087 0)
(0.0462196 -0.466908 0)
(0.0395217 -0.466033 0)
(0.0325988 -0.465396 0)
(0.0255083 -0.464945 0)
(0.0182984 -0.464639 0)
(0.011009 -0.464451 0)
(0.00367451 -0.464359 0)
(0.00504994 -0.5705 0)
(0.0150871 -0.568898 0)
(0.0249355 -0.565767 0)
(0.0344683 -0.561242 0)
(0.0435589 -0.555519 0)
(0.0520812 -0.548835 0)
(0.059913 -0.541457 0)
(0.0669386 -0.533661 0)
(0.0730534 -0.52572 0)
(0.0781682 -0.517886 0)
(0.0822134 -0.510376 0)
(0.0851428 -0.503368 0)
(0.0869352 -0.496995 0)
(0.0875963 -0.491339 0)
(0.087157 -0.486439 0)
(0.0856714 -0.482294 0)
(0.0832128 -0.47887 0)
(0.0798696 -0.476109 0)
(0.0757391 -0.473935 0)
(0.0709235 -0.472266 0)
(0.0655241 -0.471017 0)
(0.059638 -0.470108 0)
(0.0533546 -0.469465 0)
(0.046754 -0.469024 0)
(0.0399056 -0.46873 0)
(0.0328684 -0.468543 0)
(0.0256915 -0.468428 0)
(0.0184156 -0.46836 0)
(0.011074 -0.468324 0)
(0.00369533 -0.468307 0)
(0.00552741 -0.51272 0)
(0.0164968 -0.511797 0)
(0.0272111 -0.509997 0)
(0.0375044 -0.507415 0)
(0.0472185 -0.504179 0)
(0.0562057 -0.500448 0)
(0.0643323 -0.496395 0)
(0.0714827 -0.4922 0)
(0.0775623 -0.488032 0)
(0.0825007 -0.484043 0)
(0.0862533 -0.480362 0)
(0.088803 -0.477081 0)
(0.0901592 -0.474264 0)
(0.0903567 -0.47194 0)
(0.0894528 -0.470106 0)
(0.0875235 -0.468737 0)
(0.0846588 -0.467789 0)
(0.0809578 -0.467203 0)
(0.076524 -0.466916 0)
(0.0714606 -0.466863 0)
(0.0658667 -0.46698 0)
(0.0598343 -0.467211 0)
(0.0534466 -0.46751 0)
(0.0467763 -0.467835 0)
(0.039886 -0.468157 0)
(0.0328282 -0.468452 0)
(0.0256465 -0.468703 0)
(0.0183765 -0.468899 0)
(0.011048 -0.469033 0)
(0.00368624 -0.4691 0)
(0.00575008 -0.45377 0)
(0.0171511 -0.45349 0)
(0.0282567 -0.452955 0)
(0.0388782 -0.452213 0)
(0.0488394 -0.451332 0)
(0.0579808 -0.450391 0)
(0.0661645 -0.449474 0)
(0.0732777 -0.448664 0)
(0.0792353 -0.448036 0)
(0.0839815 -0.44765 0)
(0.0874902 -0.447546 0)
(0.089764 -0.447745 0)
(0.0908324 -0.448248 0)
(0.0907483 -0.449034 0)
(0.0895841 -0.450069 0)
(0.0874273 -0.451308 0)
(0.0843754 -0.452695 0)
(0.0805309 -0.454176 0)
(0.0759975 -0.455697 0)
(0.0708757 -0.457206 0)
(0.0652598 -0.458661 0)
(0.0592362 -0.460025 0)
(0.0528818 -0.461273 0)
(0.0462635 -0.462384 0)
(0.0394384 -0.463344 0)
(0.0324547 -0.464148 0)
(0.0253525 -0.46479 0)
(0.0181652 -0.465271 0)
(0.0109208 -0.46559 0)
(0.00364378 -0.465748 0)
(0.00573975 -0.395349 0)
(0.0171146 -0.395637 0)
(0.0281785 -0.396217 0)
(0.0387342 -0.3971 0)
(0.0486 -0.398295 0)
(0.0576145 -0.399812 0)
(0.0656413 -0.401658 0)
(0.0725727 -0.403831 0)
(0.0783316 -0.406321 0)
(0.0828726 -0.409108 0)
(0.0861811 -0.412159 0)
(0.0882713 -0.415431 0)
(0.0891826 -0.418872 0)
(0.0889761 -0.422423 0)
(0.0877298 -0.426019 0)
(0.0855335 -0.429599 0)
(0.0824846 -0.4331 0)
(0.0786832 -0.436469 0)
(0.0742281 -0.439657 0)
(0.0692142 -0.442626 0)
(0.0637296 -0.445347 0)
(0.0578543 -0.447799 0)
(0.0516593 -0.449971 0)
(0.0452065 -0.451857 0)
(0.0385491 -0.453458 0)
(0.0317326 -0.454778 0)
(0.0247953 -0.455822 0)
(0.0177699 -0.456597 0)
(0.0106849 -0.45711 0)
(0.00356537 -0.457364 0)
(0.00553208 -0.338995 0)
(0.0164932 -0.339745 0)
(0.0271482 -0.341233 0)
(0.0373041 -0.343438 0)
(0.0467839 -0.346324 0)
(0.0554321 -0.349847 0)
(0.0631191 -0.353948 0)
(0.0697438 -0.35856 0)
(0.0752362 -0.363605 0)
(0.0795571 -0.368997 0)
(0.0826977 -0.374646 0)
(0.0846759 -0.380458 0)
(0.0855336 -0.386339 0)
(0.0853317 -0.392198 0)
(0.0841456 -0.397948 0)
(0.0820609 -0.403513 0)
(0.0791686 -0.408824 0)
(0.0755617 -0.413826 0)
(0.071331 -0.418475 0)
(0.0665632 -0.42274 0)
(0.061339 -0.4266 0)
(0.0557315 -0.430044 0)
(0.0498062 -0.433071 0)
(0.0436206 -0.435684 0)
(0.0372251 -0.437893 0)
(0.0306634 -0.439707 0)
(0.0239734 -0.441141 0)
(0.0171886 -0.442204 0)
(0.0103384 -0.442907 0)
(0.00345029 -0.443256 0)
(0.00517143 -0.285979 0)
(0.0154182 -0.287069 0)
(0.0253796 -0.289227 0)
(0.0348759 -0.292406 0)
(0.0437428 -0.296541 0)
(0.0518367 -0.301545 0)
(0.0590379 -0.307316 0)
(0.0652543 -0.313739 0)
(0.0704217 -0.320687 0)
(0.0745046 -0.328028 0)
(0.0774948 -0.33563 0)
(0.0794091 -0.343363 0)
(0.0802852 -0.351101 0)
(0.0801777 -0.35873 0)
(0.0791543 -0.366148 0)
(0.0772909 -0.373265 0)
(0.0746682 -0.380009 0)
(0.0713685 -0.38632 0)
(0.0674723 -0.392156 0)
(0.0630567 -0.397487 0)
(0.0581939 -0.402299 0)
(0.0529499 -0.406584 0)
(0.0473848 -0.410345 0)
(0.0415521 -0.413592 0)
(0.0354998 -0.416335 0)
(0.0292707 -0.418591 0)
(0.0229029 -0.420374 0)
(0.0164311 -0.421697 0)
(0.00988698 -0.422573 0)
(0.00330032 -0.423008 0)
(0.0047058 -0.237246 0)
(0.0140318 -0.238551 0)
(0.0231036 -0.241132 0)
(0.031761 -0.244927 0)
(0.0398578 -0.249852 0)
(0.0472656 -0.255796 0)
(0.0538775 -0.26263 0)
(0.0596105 -0.270209 0)
(0.0644063 -0.278378 0)
(0.0682315 -0.286978 0)
(0.0710759 -0.295849 0)
(0.072951 -0.30484 0)
(0.0738867 -0.313807 0)
(0.0739276 -0.322621 0)
(0.0731295 -0.331167 0)
(0.071556 -0.33935 0)
(0.0692749 -0.347091 0)
(0.0663555 -0.354328 0)
(0.0628669 -0.361017 0)
(0.0588757 -0.367129 0)
(0.0544448 -0.372648 0)
(0.0496332 -0.377569 0)
(0.0444952 -0.381894 0)
(0.039081 -0.385632 0)
(0.0334361 -0.388797 0)
(0.0276025 -0.391404 0)
(0.0216191 -0.393468 0)
(0.0155217 -0.395002 0)
(0.00934451 -0.396018 0)
(0.00312004 -0.396523 0)
(0.00418227 -0.193387 0)
(0.0124736 -0.194788 0)
(0.0205475 -0.197558 0)
(0.0282666 -0.20163 0)
(0.0355052 -0.20691 0)
(0.0421523 -0.213278 0)
(0.0481148 -0.220592 0)
(0.0533193 -0.228697 0)
(0.0577129 -0.237425 0)
(0.0612632 -0.246606 0)
(0.063957 -0.256072 0)
(0.0657991 -0.265661 0)
(0.0668094 -0.275222 0)
(0.0670206 -0.28462 0)
(0.0664752 -0.293735 0)
(0.0652227 -0.302468 0)
(0.0633168 -0.310736 0)
(0.0608137 -0.318477 0)
(0.05777 -0.325643 0)
(0.0542414 -0.332203 0)
(0.0502819 -0.338139 0)
(0.045943 -0.343444 0)
(0.0412735 -0.348117 0)
(0.0363197 -0.352167 0)
(0.0311251 -0.355603 0)
(0.0257309 -0.358439 0)
(0.0201761 -0.360689 0)
(0.0144983 -0.362364 0)
(0.00873343 -0.363474 0)
(0.00291686 -0.364027 0)
(0.00364369 -0.154641 0)
(0.0108707 -0.156034 0)
(0.0179184 -0.158787 0)
(0.024673 -0.162835 0)
(0.0310299 -0.168085 0)
(0.0368959 -0.174416 0)
(0.0421916 -0.18169 0)
(0.0468533 -0.189752 0)
(0.0508329 -0.198437 0)
(0.0540987 -0.20758 0)
(0.0566344 -0.217014 0)
(0.0584375 -0.22658 0)
(0.0595182 -0.23613 0)
(0.0598968 -0.24553 0)
(0.0596026 -0.254664 0)
(0.0586709 -0.263431 0)
(0.0571416 -0.271749 0)
(0.0550576 -0.279555 0)
(0.0524636 -0.286799 0)
(0.0494046 -0.293449 0)
(0.0459256 -0.299482 0)
(0.042071 -0.304887 0)
(0.0378842 -0.309663 0)
(0.0334075 -0.313811 0)
(0.028682 -0.31734 0)
(0.0237481 -0.320259 0)
(0.0186448 -0.322579 0)
(0.0134106 -0.324308 0)
(0.00808341 -0.325457 0)
(0.00270062 -0.326028 0)
(0.00312647 -0.120928 0)
(0.00933129 -0.122226 0)
(0.0153929 -0.124793 0)
(0.0212202 -0.128567 0)
(0.0267283 -0.133464 0)
(0.031841 -0.139373 0)
(0.036492 -0.146167 0)
(0.0406263 -0.153704 0)
(0.0442008 -0.161832 0)
(0.0471843 -0.170399 0)
(0.0495574 -0.179251 0)
(0.0513112 -0.188243 0)
(0.0524468 -0.197236 0)
(0.0529737 -0.206108 0)
(0.0529085 -0.214747 0)
(0.0522736 -0.22306 0)
(0.0510963 -0.230968 0)
(0.0494073 -0.238409 0)
(0.04724 -0.245333 0)
(0.0446296 -0.251708 0)
(0.0416127 -0.257507 0)
(0.0382268 -0.262718 0)
(0.03451 -0.267334 0)
(0.0305009 -0.271353 0)
(0.0262382 -0.274781 0)
(0.0217606 -0.277621 0)
(0.0171073 -0.279882 0)
(0.0123172 -0.281571 0)
(0.00742937 -0.282693 0)
(0.00248295 -0.283252 0)
(0.00265968 -0.0918898 0)
(0.00794173 -0.0930264 0)
(0.0131126 -0.0952733 0)
(0.0181011 -0.0985796 0)
(0.0228401 -0.102871 0)
(0.0272682 -0.108054 0)
(0.0313307 -0.114019 0)
(0.0349808 -0.120643 0)
(0.0381797 -0.127796 0)
(0.040897 -0.135346 0)
(0.0431107 -0.143162 0)
(0.0448067 -0.151115 0)
(0.0459783 -0.159087 0)
(0.0466256 -0.166967 0)
(0.0467547 -0.174661 0)
(0.0463771 -0.182082 0)
(0.0455088 -0.18916 0)
(0.04417 -0.195838 0)
(0.0423843 -0.20207 0)
(0.0401783 -0.207822 0)
(0.0375809 -0.213069 0)
(0.0346235 -0.217796 0)
(0.0313394 -0.221993 0)
(0.0277633 -0.225656 0)
(0.0239315 -0.228786 0)
(0.0198814 -0.231385 0)
(0.0156513 -0.233457 0)
(0.0112806 -0.235006 0)
(0.00680881 -0.236036 0)
(0.00227635 -0.23655 0)
(0.00226511 -0.0669445 0)
(0.00676697 -0.0678702 0)
(0.0111841 -0.0697008 0)
(0.0154618 -0.0723957 0)
(0.0195475 -0.0758958 0)
(0.0233924 -0.0801263 0)
(0.0269514 -0.0849992 0)
(0.0301846 -0.0904169 0)
(0.0330568 -0.0962754 0)
(0.0355387 -0.102468 0)
(0.0376065 -0.108889 0)
(0.0392419 -0.115434 0)
(0.0404322 -0.122008 0)
(0.0411701 -0.128521 0)
(0.0414533 -0.134892 0)
(0.0412844 -0.141052 0)
(0.0406704 -0.146942 0)
(0.039623 -0.152511 0)
(0.0381576 -0.157722 0)
(0.0362935 -0.162542 0)
(0.0340535 -0.166949 0)
(0.0314636 -0.170928 0)
(0.0285526 -0.174468 0)
(0.0253523 -0.177564 0)
(0.0218963 -0.180214 0)
(0.0182208 -0.182417 0)
(0.0143631 -0.184176 0)
(0.0103625 -0.185493 0)
(0.00625885 -0.186369 0)
(0.00209318 -0.186806 0)
(0.00195809 -0.0453387 0)
(0.00585271 -0.0460202 0)
(0.00968277 -0.0473682 0)
(0.0134059 -0.0493533 0)
(0.0169811 -0.051933 0)
(0.0203688 -0.0550531 0)
(0.0235316 -0.05865 0)
(0.0264346 -0.0626531 0)
(0.0290461 -0.0669868 0)
(0.0313374 -0.0715735 0)
(0.0332836 -0.0763356 0)
(0.0348636 -0.0811979 0)
(0.0360603 -0.0860889 0)
(0.0368609 -0.0909428 0)
(0.037257 -0.0957001 0)
(0.0372445 -0.100308 0)
(0.0368239 -0.104723 0)
(0.0360001 -0.108905 0)
(0.0347825 -0.112825 0)
(0.0331849 -0.116458 0)
(0.031225 -0.119786 0)
(0.0289248 -0.122796 0)
(0.0263097 -0.125479 0)
(0.0234085 -0.127828 0)
(0.0202532 -0.129841 0)
(0.0168784 -0.131517 0)
(0.0133207 -0.132857 0)
(0.00961896 -0.13386 0)
(0.00581323 -0.134528 0)
(0.00194474 -0.134861 0)
(0.00174862 -0.0261967 0)
(0.00522884 -0.0266131 0)
(0.00865798 -0.0274368 0)
(0.0120021 -0.0286501 0)
(0.0152277 -0.0302274 0)
(0.0183015 -0.0321362 0)
(0.0211914 -0.0343381 0)
(0.0238662 -0.0367903 0)
(0.0262961 -0.0394472 0)
(0.0284533 -0.0422619 0)
(0.0303122 -0.0451872 0)
(0.0318499 -0.0481772 0)
(0.0330465 -0.0511885 0)
(0.0338858 -0.0541805 0)
(0.0343552 -0.0571167 0)
(0.0344463 -0.0599647 0)
(0.0341551 -0.0626964 0)
(0.0334823 -0.065288 0)
(0.0324331 -0.0677203 0)
(0.0310175 -0.0699776 0)
(0.02925 -0.0720479 0)
(0.0271495 -0.0739224 0)
(0.0247391 -0.0755948 0)
(0.0220458 -0.0770611 0)
(0.0191001 -0.0783188 0)
(0.0159354 -0.0793666 0)
(0.0125879 -0.0802044 0)
(0.00909602 -0.0808322 0)
(0.0054997 -0.0812505 0)
(0.00184026 -0.0814593 0)
(0.00164255 -0.00856304 0)
(0.0049129 -0.00870299 0)
(0.00813892 -0.00897989 0)
(0.0112909 -0.00938784 0)
(0.014339 -0.00991831 0)
(0.0172533 -0.0105604 0)
(0.0200042 -0.0113013 0)
(0.0225624 -0.0121268 0)
(0.0248991 -0.0130216 0)
(0.0269871 -0.0139699 0)
(0.0288004 -0.0149561 0)
(0.0303152 -0.0159646 0)
(0.0315104 -0.016981 0)
(0.0323679 -0.0179915 0)
(0.0328731 -0.0189837 0)
(0.0330157 -0.0199468 0)
(0.0327893 -0.0208712 0)
(0.0321924 -0.0217489 0)
(0.0312283 -0.0225731 0)
(0.0299049 -0.0233385 0)
(0.0282352 -0.024041 0)
(0.0262365 -0.0246773 0)
(0.0239308 -0.0252455 0)
(0.021344 -0.0257438 0)
(0.0185058 -0.0261714 0)
(0.0154492 -0.0265279 0)
(0.0122099 -0.0268129 0)
(0.00882615 -0.0270266 0)
(0.00533785 -0.027169 0)
(0.00178633 -0.0272401 0)
)
;

boundaryField
{
    outerWall
    {
        type            noSlip;
    }
    axis
    {
        type            symmetryPlane;
    }
    nozzle
    {
        type            zeroGradient;
    }
    back
    {
        type            empty;
    }
    front
    {
        type            empty;
    }
}


// ************************************************************************* //
