/*--------------------------------*- C++ -*----------------------------------*\
| =========                 |                                                 |
| \\      /  F ield         | OpenFOAM: The Open Source CFD Toolbox           |
|  \\    /   O peration     | Version:  2412                                  |
|   \\  /    A nd           | Website:  www.openfoam.com                      |
|    \\/     M anipulation  |                                                 |
\*---------------------------------------------------------------------------*/
FoamFile
{
    version     2.0;
    format      ascii;
    arch        "LSB;label=32;scalar=64";
    class       volScalarField;
    location    "0.0001";
    object      p;
}
// * * * * * * * * * * * * * * * * * * * * * * * * * * * * * * * * * * * * * //

dimensions      [1 -1 -2 0 0 0 0];

internalField   nonuniform List<scalar> 
3725
(
9.43345e+06
9.36172e+06
9.22283e+06
9.02674e+06
8.78941e+06
8.53249e+06
8.28086e+06
8.05833e+06
7.88323e+06
7.76523e+06
7.70421e+06
7.69219e+06
7.71627e+06
7.76256e+06
7.81893e+06
7.87713e+06
7.93238e+06
7.98248e+06
8.02691e+06
8.06587e+06
8.09972e+06
8.12865e+06
8.15235e+06
8.17302e+06
8.18993e+06
8.20387e+06
8.21479e+06
8.22279e+06
8.22807e+06
8.23069e+06
9.42442e+06
9.35338e+06
9.21611e+06
9.02283e+06
8.78969e+06
8.53813e+06
8.29232e+06
8.07501e+06
7.90345e+06
7.78658e+06
7.72413e+06
7.7083e+06
7.72757e+06
7.76865e+06
7.8208e+06
7.87583e+06
7.92914e+06
7.97821e+06
8.02223e+06
8.06105e+06
8.09506e+06
8.12437e+06
8.14842e+06
8.16924e+06
8.18636e+06
8.20031e+06
8.21125e+06
8.21931e+06
8.22462e+06
8.22726e+06
9.40664e+06
9.337e+06
9.20289e+06
9.01512e+06
8.79015e+06
8.54901e+06
8.3145e+06
8.10736e+06
7.94279e+06
7.82828e+06
7.76316e+06
7.7405e+06
7.75055e+06
7.78193e+06
7.82564e+06
7.87443e+06
7.92367e+06
7.97049e+06
8.01344e+06
8.05192e+06
8.08591e+06
8.11556e+06
8.14033e+06
8.16143e+06
8.1789e+06
8.19301e+06
8.20407e+06
8.21226e+06
8.21766e+06
8.22035e+06
9.38072e+06
9.31311e+06
9.18362e+06
9.00383e+06
8.79061e+06
8.56437e+06
8.34599e+06
8.15345e+06
7.99912e+06
7.88847e+06
7.82045e+06
7.78919e+06
7.78636e+06
7.80431e+06
7.83594e+06
7.87547e+06
7.91824e+06
7.96104e+06
8.00167e+06
8.03913e+06
8.07264e+06
8.10218e+06
8.12787e+06
8.1494e+06
8.1673e+06
8.18176e+06
8.1931e+06
8.2015e+06
8.20704e+06
8.20979e+06
9.3475e+06
9.28251e+06
9.15893e+06
8.98927e+06
8.79082e+06
8.58316e+06
8.38488e+06
8.21066e+06
8.06949e+06
7.9644e+06
7.89373e+06
7.85214e+06
7.83554e+06
7.83789e+06
7.85464e+06
7.88206e+06
7.91574e+06
7.95233e+06
7.98908e+06
8.02404e+06
8.05636e+06
8.08549e+06
8.11149e+06
8.13318e+06
8.15156e+06
8.16648e+06
8.1782e+06
8.18686e+06
8.19256e+06
8.19539e+06
9.30803e+06
9.24617e+06
9.12962e+06
8.97184e+06
8.79051e+06
8.60418e+06
8.42893e+06
8.27588e+06
8.15036e+06
8.05273e+06
7.98052e+06
7.9305e+06
7.89891e+06
7.88439e+06
7.88504e+06
7.89796e+06
7.92001e+06
7.94778e+06
7.97832e+06
8.00925e+06
8.03904e+06
8.06652e+06
8.09194e+06
8.11361e+06
8.13221e+06
8.14746e+06
8.15946e+06
8.16832e+06
8.17415e+06
8.17703e+06
9.26351e+06
9.20524e+06
9.0966e+06
8.95202e+06
8.78941e+06
8.62619e+06
8.47581e+06
8.34581e+06
8.23786e+06
8.14963e+06
8.07777e+06
8.02034e+06
7.97581e+06
7.94523e+06
7.92913e+06
7.9263e+06
7.9346e+06
7.95126e+06
7.97332e+06
7.9981e+06
8.02336e+06
8.04802e+06
8.07137e+06
8.0923e+06
8.1105e+06
8.12557e+06
8.13747e+06
8.14629e+06
8.15209e+06
8.15497e+06
9.21524e+06
9.16091e+06
9.06086e+06
8.93034e+06
8.78732e+06
8.64802e+06
8.5233e+06
8.41725e+06
8.32811e+06
8.25111e+06
8.18199e+06
8.1196e+06
8.06489e+06
8.02062e+06
7.98859e+06
7.9701e+06
7.96349e+06
7.96702e+06
7.97823e+06
7.99439e+06
8.0131e+06
8.03295e+06
8.05302e+06
8.07185e+06
8.08846e+06
8.10241e+06
8.11358e+06
8.12193e+06
8.12747e+06
8.13022e+06
9.16455e+06
9.11443e+06
9.02339e+06
8.90733e+06
8.78414e+06
8.6687e+06
8.56945e+06
8.48731e+06
8.41751e+06
8.35321e+06
8.28944e+06
8.22536e+06
8.16383e+06
8.10884e+06
8.06369e+06
8.03033e+06
8.00916e+06
7.99874e+06
7.99743e+06
8.00285e+06
8.01284e+06
8.02582e+06
8.04108e+06
8.05574e+06
8.06914e+06
8.08081e+06
8.09041e+06
8.09771e+06
8.1026e+06
8.10504e+06
9.11274e+06
9.06699e+06
8.98517e+06
8.88359e+06
8.77984e+06
8.6875e+06
8.61268e+06
8.55358e+06
8.50295e+06
8.45235e+06
8.39629e+06
8.33423e+06
8.2698e+06
8.20799e+06
8.15301e+06
8.10737e+06
8.07265e+06
8.04839e+06
8.0337e+06
8.02725e+06
8.02732e+06
8.03238e+06
8.03976e+06
8.04819e+06
8.05688e+06
8.06504e+06
8.07207e+06
8.07756e+06
8.08128e+06
8.08313e+06
9.06104e+06
9.01972e+06
8.9471e+06
8.85966e+06
8.77454e+06
8.70392e+06
8.65187e+06
8.61428e+06
8.58198e+06
8.54547e+06
8.49903e+06
8.44229e+06
8.37897e+06
8.31448e+06
8.2532e+06
8.19894e+06
8.15303e+06
8.11667e+06
8.08929e+06
8.07124e+06
8.06025e+06
8.05501e+06
8.05304e+06
8.05403e+06
8.05678e+06
8.06027e+06
8.06369e+06
8.06651e+06
8.06844e+06
8.06937e+06
9.01056e+06
8.97365e+06
8.91001e+06
8.83611e+06
8.76841e+06
8.71775e+06
8.68634e+06
8.66823e+06
8.6529e+06
8.63027e+06
8.59468e+06
8.54586e+06
8.48743e+06
8.42438e+06
8.3615e+06
8.30168e+06
8.24809e+06
8.20198e+06
8.16409e+06
8.13476e+06
8.11278e+06
8.09628e+06
8.085e+06
8.07796e+06
8.07388e+06
8.07168e+06
8.07053e+06
8.06983e+06
8.06934e+06
8.06896e+06
8.96229e+06
8.92966e+06
8.87464e+06
8.81343e+06
8.76171e+06
8.72899e+06
8.71585e+06
8.71489e+06
8.71476e+06
8.70526e+06
8.681e+06
8.64186e+06
8.59117e+06
8.53329e+06
8.47227e+06
8.41147e+06
8.35382e+06
8.30171e+06
8.2562e+06
8.21686e+06
8.1846e+06
8.15857e+06
8.1385e+06
8.12333e+06
8.11199e+06
8.1035e+06
8.09706e+06
8.09211e+06
8.08856e+06
8.08644e+06
8.91705e+06
8.88851e+06
8.84158e+06
8.79206e+06
8.75473e+06
8.7378e+06
8.74045e+06
8.7542e+06
8.76727e+06
8.76973e+06
8.75661e+06
8.72802e+06
8.68691e+06
8.63695e+06
8.58148e+06
8.52349e+06
8.46583e+06
8.41075e+06
8.36014e+06
8.31466e+06
8.27511e+06
8.2416e+06
8.21383e+06
8.19116e+06
8.17279e+06
8.1579e+06
8.1458e+06
8.13601e+06
8.12878e+06
8.12438e+06
8.87554e+06
8.85082e+06
8.81134e+06
8.77237e+06
8.74776e+06
8.74446e+06
8.76047e+06
8.78651e+06
8.81072e+06
8.82366e+06
8.82095e+06
8.80294e+06
8.77229e+06
8.73193e+06
8.6845e+06
8.63249e+06
8.57838e+06
8.52448e+06
8.4727e+06
8.42444e+06
8.38071e+06
8.34201e+06
8.30841e+06
8.27964e+06
8.25515e+06
8.23429e+06
8.21648e+06
8.20135e+06
8.18967e+06
8.18217e+06
8.83831e+06
8.81707e+06
8.7843e+06
8.75467e+06
8.74107e+06
8.74933e+06
8.77639e+06
8.81244e+06
8.84579e+06
8.86759e+06
8.87416e+06
8.86614e+06
8.84592e+06
8.81585e+06
8.77789e+06
8.734e+06
8.68628e+06
8.6368e+06
8.58746e+06
8.53981e+06
8.49507e+06
8.45403e+06
8.41707e+06
8.3842e+06
8.35507e+06
8.32911e+06
8.30576e+06
8.28467e+06
8.26731e+06
8.25537e+06
8.8058e+06
8.78764e+06
8.76075e+06
8.7392e+06
8.73494e+06
8.75276e+06
8.78876e+06
8.83279e+06
8.87339e+06
8.90244e+06
8.91695e+06
8.91787e+06
8.90741e+06
8.88746e+06
8.85943e+06
8.82478e+06
8.78519e+06
8.74244e+06
8.69824e+06
8.65409e+06
8.61128e+06
8.57074e+06
8.53303e+06
8.4983e+06
8.46627e+06
8.43627e+06
8.40757e+06
8.37956e+06
8.3539e+06
8.33359e+06
8.77832e+06
8.7628e+06
8.74092e+06
8.72612e+06
8.72955e+06
8.7551e+06
8.79816e+06
8.84836e+06
8.89458e+06
8.92936e+06
8.95041e+06
8.95896e+06
8.95716e+06
8.94653e+06
8.92809e+06
8.90288e+06
8.8722e+06
8.83749e+06
8.80018e+06
8.76165e+06
8.72308e+06
8.68542e+06
8.64926e+06
8.61475e+06
8.58147e+06
8.54842e+06
8.51433e+06
8.47822e+06
8.44443e+06
8.41772e+06
8.75611e+06
8.74276e+06
8.72493e+06
8.71558e+06
8.7251e+06
8.75666e+06
8.80511e+06
8.85995e+06
8.91039e+06
8.94958e+06
8.97581e+06
8.99063e+06
8.99615e+06
8.99366e+06
8.98392e+06
8.96764e+06
8.94581e+06
8.91953e+06
8.88998e+06
8.85828e+06
8.82548e+06
8.7924e+06
8.75956e+06
8.72691e+06
8.69374e+06
8.65826e+06
8.61742e+06
8.5666e+06
8.50448e+06
8.44182e+06
8.73935e+06
8.72764e+06
8.71291e+06
8.70765e+06
8.72172e+06
8.75771e+06
8.81009e+06
8.86828e+06
8.92179e+06
8.96427e+06
8.99449e+06
9.01427e+06
9.02572e+06
9.03003e+06
9.02775e+06
9.01942e+06
9.00576e+06
8.9876e+06
8.96584e+06
8.94139e+06
8.91506e+06
8.88753e+06
8.85915e+06
8.82956e+06
8.79767e+06
8.761e+06
8.71561e+06
8.65716e+06
8.57979e+06
8.49004e+06
8.72926e+06
8.71856e+06
8.7057e+06
8.70292e+06
8.71974e+06
8.7584e+06
8.81315e+06
8.87339e+06
8.92883e+06
8.97347e+06
9.00639e+06
9.02958e+06
9.04521e+06
9.05446e+06
9.05771e+06
9.05542e+06
9.04813e+06
9.03652e+06
9.02126e+06
9.00306e+06
8.98256e+06
8.96033e+06
8.93644e+06
8.91031e+06
8.88019e+06
8.84205e+06
8.78809e+06
8.70985e+06
8.56474e+06
8.32472e+06
8.72388e+06
8.71373e+06
8.70189e+06
8.70047e+06
8.7188e+06
8.75894e+06
8.81504e+06
8.87652e+06
8.93321e+06
8.97931e+06
9.0141e+06
9.0397e+06
9.05835e+06
9.07125e+06
9.07848e+06
9.08065e+06
9.0782e+06
9.07163e+06
9.0615e+06
9.0484e+06
9.03287e+06
9.01528e+06
8.9954e+06
8.97284e+06
8.94586e+06
8.90802e+06
8.85354e+06
8.7726e+06
8.62121e+06
8.38488e+06
8.72213e+06
8.71217e+06
8.70071e+06
8.69979e+06
8.7187e+06
8.75947e+06
8.81624e+06
8.87844e+06
8.93598e+06
8.98319e+06
9.01942e+06
9.04688e+06
9.06778e+06
9.08321e+06
9.09392e+06
9.09995e+06
9.10171e+06
9.09964e+06
9.09417e+06
9.08576e+06
9.07474e+06
9.06124e+06
9.0453e+06
9.02551e+06
8.99929e+06
8.96426e+06
8.9074e+06
8.81745e+06
8.64063e+06
8.38473e+06
8.724e+06
8.7139e+06
8.70215e+06
8.7009e+06
8.71951e+06
8.76009e+06
8.81685e+06
8.87932e+06
8.9374e+06
8.98543e+06
9.02279e+06
9.05171e+06
9.07448e+06
9.09224e+06
9.10549e+06
9.1145e+06
9.1196e+06
9.12115e+06
9.11952e+06
9.11503e+06
9.10796e+06
9.09838e+06
9.08604e+06
9.06998e+06
9.04784e+06
9.01551e+06
8.96348e+06
8.88205e+06
8.72455e+06
8.47199e+06
8.72952e+06
8.71891e+06
8.70626e+06
8.70384e+06
8.72125e+06
8.76084e+06
8.81699e+06
8.87929e+06
8.93765e+06
8.98629e+06
9.02454e+06
9.05459e+06
9.07877e+06
9.09829e+06
9.11362e+06
9.12504e+06
9.13285e+06
9.13738e+06
9.13893e+06
9.13776e+06
9.1341e+06
9.12798e+06
9.11905e+06
9.10647e+06
9.08798e+06
9.05946e+06
9.01188e+06
8.9356e+06
8.78281e+06
8.51345e+06
7.83268e+06
7.59498e+06
7.25255e+06
6.86672e+06
6.44668e+06
5.9989e+06
5.53309e+06
5.05971e+06
4.58917e+06
4.13107e+06
3.69352e+06
3.28253e+06
2.90178e+06
2.55264e+06
2.23443e+06
1.94496e+06
1.68103e+06
1.43898e+06
1.21514e+06
1.00601e+06
808705
620521
438460
261820
87135.1
7.95081e+06
7.63804e+06
7.27803e+06
6.88082e+06
6.45374e+06
6.00251e+06
5.53497e+06
5.06069e+06
4.58968e+06
4.13134e+06
3.69366e+06
3.2826e+06
2.90182e+06
2.55266e+06
2.23444e+06
1.94497e+06
1.68103e+06
1.43898e+06
1.21514e+06
1.00601e+06
808705
620520
438460
261819
87135.1
7.91349e+06
7.61807e+06
7.26451e+06
6.87224e+06
6.44904e+06
5.99992e+06
5.53353e+06
5.0599e+06
4.58924e+06
4.1311e+06
3.69353e+06
3.28253e+06
2.90178e+06
2.55264e+06
2.23443e+06
1.94496e+06
1.68103e+06
1.43898e+06
1.21514e+06
1.00601e+06
808704
620520
438459
261819
87135
7.99233e+06
7.66048e+06
7.29018e+06
6.88768e+06
6.45754e+06
6.00461e+06
5.5361e+06
5.06129e+06
4.58999e+06
4.1315e+06
3.69374e+06
3.28265e+06
2.90184e+06
2.55267e+06
2.23445e+06
1.94497e+06
1.68104e+06
1.43898e+06
1.21514e+06
1.00601e+06
808704
620520
438459
261819
87135
7.9107e+06
7.63719e+06
7.27537e+06
6.87919e+06
6.45347e+06
6.00255e+06
5.53502e+06
5.06072e+06
4.58969e+06
4.13134e+06
3.69366e+06
3.2826e+06
2.90182e+06
2.55266e+06
2.23444e+06
1.94497e+06
1.68104e+06
1.43898e+06
1.21514e+06
1.00601e+06
808704
620520
438459
261819
87135
8.73987e+06
8.72832e+06
8.71392e+06
8.70928e+06
8.72436e+06
8.76192e+06
8.81668e+06
8.87834e+06
8.93675e+06
8.98591e+06
9.02497e+06
9.05602e+06
9.08143e+06
9.10247e+06
9.11962e+06
9.13317e+06
9.14343e+06
9.15068e+06
9.15518e+06
9.15714e+06
9.15671e+06
9.1539e+06
9.14839e+06
9.13939e+06
9.12515e+06
9.10263e+06
9.06716e+06
9.01337e+06
8.93403e+06
8.83625e+06
8.7572e+06
8.74408e+06
8.72679e+06
8.7184e+06
8.72952e+06
8.76359e+06
8.81582e+06
8.87615e+06
8.93427e+06
8.98384e+06
9.02362e+06
9.05554e+06
9.08196e+06
9.1042e+06
9.12281e+06
9.13809e+06
9.15033e+06
9.15982e+06
9.16677e+06
9.17137e+06
9.17373e+06
9.17383e+06
9.17145e+06
9.16594e+06
9.15602e+06
9.13943e+06
9.11264e+06
9.07087e+06
9.01242e+06
8.94835e+06
8.78025e+06
8.76509e+06
8.74401e+06
8.73068e+06
8.73653e+06
8.76587e+06
8.8146e+06
8.87296e+06
8.93047e+06
8.9803e+06
9.02072e+06
9.05337e+06
9.08055e+06
9.10369e+06
9.12336e+06
9.13988e+06
9.15355e+06
9.16465e+06
9.1734e+06
9.17995e+06
9.1844e+06
9.18677e+06
9.18688e+06
9.1843e+06
9.17819e+06
9.16718e+06
9.14978e+06
9.12485e+06
9.09667e+06
9.07108e+06
8.80893e+06
8.79131e+06
8.76564e+06
8.74626e+06
8.74558e+06
8.76895e+06
8.81317e+06
8.86888e+06
8.92543e+06
8.97541e+06
9.01642e+06
9.04974e+06
9.07758e+06
9.10141e+06
9.12188e+06
9.13932e+06
9.15404e+06
9.16631e+06
9.17636e+06
9.18433e+06
9.19035e+06
9.19443e+06
9.19649e+06
9.19625e+06
9.19322e+06
9.18662e+06
9.17574e+06
9.16017e+06
9.1421e+06
9.1251e+06
8.8431e+06
8.82267e+06
8.7917e+06
8.76528e+06
8.75687e+06
8.77307e+06
8.81174e+06
8.86404e+06
8.91921e+06
8.9692e+06
9.01082e+06
9.04481e+06
9.07325e+06
9.09767e+06
9.11879e+06
9.13695e+06
9.15247e+06
9.16561e+06
9.17661e+06
9.18564e+06
9.19281e+06
9.19818e+06
9.20172e+06
9.2033e+06
9.20263e+06
9.19935e+06
9.19318e+06
9.18416e+06
9.17428e+06
9.16574e+06
8.88259e+06
8.85906e+06
8.82224e+06
8.78791e+06
8.77068e+06
8.77853e+06
8.81053e+06
8.85859e+06
8.9119e+06
8.9617e+06
9.00392e+06
9.03864e+06
9.06771e+06
9.09268e+06
9.11436e+06
9.13313e+06
9.14928e+06
9.16311e+06
9.17485e+06
9.18467e+06
9.19271e+06
9.19905e+06
9.20371e+06
9.20665e+06
9.20775e+06
9.20686e+06
9.20393e+06
9.19919e+06
9.19399e+06
9.18956e+06
8.92713e+06
8.90034e+06
8.85725e+06
8.81432e+06
8.78731e+06
8.78565e+06
8.80987e+06
8.85275e+06
8.90357e+06
8.95292e+06
8.99572e+06
9.03125e+06
9.061e+06
9.08654e+06
9.10875e+06
9.12807e+06
9.14478e+06
9.15919e+06
9.17152e+06
9.18197e+06
9.19069e+06
9.19777e+06
9.20329e+06
9.20725e+06
9.20964e+06
9.21043e+06
9.20969e+06
9.20767e+06
9.20523e+06
9.2031e+06
8.97639e+06
8.94627e+06
8.89669e+06
8.84468e+06
8.80709e+06
8.79488e+06
8.81013e+06
8.84679e+06
8.89437e+06
8.94288e+06
8.98618e+06
9.02259e+06
9.05312e+06
9.07928e+06
9.10205e+06
9.1219e+06
9.13914e+06
9.15406e+06
9.16691e+06
9.1779e+06
9.18716e+06
9.19484e+06
9.20102e+06
9.20576e+06
9.2091e+06
9.21107e+06
9.21178e+06
9.21147e+06
9.21066e+06
9.20981e+06
9.02995e+06
8.99656e+06
8.94049e+06
8.87914e+06
8.83039e+06
8.80667e+06
8.81181e+06
8.84108e+06
8.88451e+06
8.93165e+06
8.97527e+06
9.01261e+06
9.04403e+06
9.07091e+06
9.09427e+06
9.11467e+06
9.13244e+06
9.14786e+06
9.1612e+06
9.17266e+06
9.18241e+06
9.19059e+06
9.19731e+06
9.20265e+06
9.20669e+06
9.20949e+06
9.21119e+06
9.21196e+06
9.21213e+06
9.21199e+06
9.0873e+06
9.05082e+06
8.98846e+06
8.91783e+06
8.85756e+06
8.82157e+06
8.81546e+06
8.8361e+06
8.87429e+06
8.91933e+06
8.96297e+06
9.00123e+06
9.03367e+06
9.06137e+06
9.0854e+06
9.10639e+06
9.1247e+06
9.14064e+06
9.15446e+06
9.16638e+06
9.17658e+06
9.18521e+06
9.19239e+06
9.19822e+06
9.2028e+06
9.20621e+06
9.20857e+06
9.21004e+06
9.21082e+06
9.21109e+06
9.14784e+06
9.10857e+06
9.04039e+06
8.96079e+06
8.88898e+06
8.84016e+06
8.82177e+06
8.83248e+06
8.86417e+06
8.90616e+06
8.94931e+06
8.98838e+06
9.02193e+06
9.05058e+06
9.07538e+06
9.09702e+06
9.11592e+06
9.13241e+06
9.14672e+06
9.15911e+06
9.16975e+06
9.1788e+06
9.18639e+06
9.19265e+06
9.19766e+06
9.20154e+06
9.20438e+06
9.20631e+06
9.20748e+06
9.208e+06
9.21084e+06
9.16923e+06
9.09591e+06
9.00802e+06
8.92495e+06
8.86305e+06
8.83151e+06
8.83096e+06
8.85473e+06
8.89248e+06
8.9344e+06
8.97401e+06
9.0087e+06
9.03845e+06
9.06413e+06
9.0865e+06
9.10605e+06
9.12312e+06
9.13796e+06
9.15083e+06
9.16191e+06
9.17138e+06
9.17937e+06
9.18601e+06
9.19141e+06
9.19566e+06
9.19886e+06
9.20113e+06
9.20256e+06
9.20324e+06
9.27554e+06
9.23213e+06
9.1546e+06
9.05937e+06
8.96573e+06
8.89081e+06
8.84548e+06
8.83243e+06
8.84674e+06
8.87882e+06
8.9185e+06
8.95815e+06
8.99389e+06
9.02484e+06
9.05154e+06
9.07475e+06
9.09502e+06
9.11272e+06
9.12814e+06
9.14151e+06
9.15306e+06
9.16296e+06
9.17135e+06
9.17835e+06
9.18409e+06
9.18867e+06
9.19218e+06
9.1947e+06
9.19633e+06
9.19712e+06
9.34107e+06
9.2965e+06
9.21588e+06
9.11461e+06
9.01145e+06
8.92398e+06
8.86455e+06
8.83791e+06
8.84116e+06
8.86591e+06
8.90202e+06
8.94093e+06
8.97744e+06
9.00962e+06
9.03748e+06
9.06166e+06
9.08273e+06
9.10113e+06
9.11717e+06
9.1311e+06
9.14315e+06
9.15349e+06
9.16228e+06
9.16965e+06
9.17573e+06
9.1806e+06
9.18437e+06
9.18711e+06
9.1889e+06
9.18977e+06
9.40655e+06
9.36152e+06
9.27908e+06
9.17334e+06
9.0621e+06
8.96299e+06
8.88953e+06
8.84848e+06
8.83913e+06
8.85474e+06
8.88563e+06
8.92265e+06
8.95939e+06
8.99269e+06
9.02181e+06
9.04708e+06
9.06908e+06
9.08826e+06
9.10498e+06
9.11951e+06
9.13209e+06
9.1429e+06
9.15212e+06
9.15987e+06
9.16627e+06
9.17144e+06
9.17545e+06
9.17839e+06
9.18031e+06
9.18126e+06
9.47106e+06
9.42631e+06
9.34344e+06
9.23499e+06
9.11747e+06
9.00808e+06
8.92114e+06
8.86524e+06
8.84194e+06
8.8465e+06
8.87025e+06
8.90387e+06
8.93992e+06
8.97399e+06
9.00436e+06
9.03085e+06
9.0539e+06
9.07396e+06
9.09144e+06
9.10664e+06
9.1198e+06
9.13112e+06
9.14078e+06
9.14893e+06
9.15568e+06
9.16114e+06
9.16539e+06
9.16851e+06
9.17056e+06
9.17158e+06
9.53373e+06
9.48999e+06
9.4081e+06
9.29888e+06
9.17716e+06
9.05929e+06
8.95995e+06
8.88923e+06
8.85097e+06
8.84265e+06
8.85715e+06
8.88546e+06
8.91949e+06
8.95364e+06
8.98505e+06
9.01281e+06
9.03703e+06
9.0581e+06
9.07644e+06
9.09237e+06
9.10616e+06
9.11804e+06
9.12819e+06
9.13675e+06
9.14386e+06
9.14962e+06
9.15412e+06
9.15743e+06
9.1596e+06
9.16068e+06
9.59371e+06
9.55168e+06
9.47215e+06
9.36414e+06
9.24052e+06
9.11638e+06
9.00624e+06
8.92135e+06
8.86758e+06
8.84482e+06
8.84787e+06
8.86866e+06
8.89889e+06
8.93198e+06
8.9639e+06
8.99281e+06
9.01828e+06
9.04048e+06
9.05979e+06
9.07655e+06
9.09105e+06
9.10354e+06
9.11421e+06
9.12322e+06
9.13071e+06
9.13679e+06
9.14154e+06
9.14505e+06
9.14735e+06
9.14849e+06
9.65027e+06
9.61057e+06
9.53468e+06
9.4298e+06
9.30671e+06
9.1788e+06
9.06001e+06
8.9622e+06
8.893e+06
8.85467e+06
8.84424e+06
8.85512e+06
8.87932e+06
8.90972e+06
8.94119e+06
8.97084e+06
8.99748e+06
9.0209e+06
9.0413e+06
9.059e+06
9.0743e+06
9.08747e+06
9.09872e+06
9.10822e+06
9.11613e+06
9.12254e+06
9.12757e+06
9.13127e+06
9.13371e+06
9.13492e+06
9.70278e+06
9.66594e+06
9.5948e+06
9.49483e+06
9.37465e+06
9.2457e+06
9.12083e+06
9.01201e+06
8.92821e+06
8.87382e+06
8.84825e+06
8.84682e+06
8.8625e+06
8.88805e+06
8.91758e+06
8.94713e+06
8.9746e+06
8.99918e+06
9.02075e+06
9.0395e+06
9.05571e+06
9.06965e+06
9.08154e+06
9.09159e+06
9.09995e+06
9.10674e+06
9.11205e+06
9.11597e+06
9.11856e+06
9.11984e+06
9.75076e+06
9.71717e+06
9.65169e+06
9.55817e+06
9.44314e+06
9.31592e+06
9.18787e+06
9.07057e+06
8.97375e+06
8.9036e+06
8.86186e+06
8.84602e+06
8.85058e+06
8.86875e+06
8.89427e+06
8.92233e+06
8.94986e+06
8.97527e+06
8.99794e+06
9.01781e+06
9.03503e+06
9.04985e+06
9.06248e+06
9.07315e+06
9.08201e+06
9.08921e+06
9.09484e+06
9.099e+06
9.10174e+06
9.1031e+06
9.79388e+06
9.76381e+06
9.70464e+06
9.61881e+06
9.51088e+06
9.38807e+06
9.25992e+06
9.13711e+06
9.0296e+06
8.9449e+06
8.8868e+06
8.85507e+06
8.84608e+06
8.85415e+06
8.87312e+06
8.89769e+06
8.92394e+06
8.94942e+06
8.97286e+06
8.99375e+06
9.01202e+06
9.0278e+06
9.04128e+06
9.05265e+06
9.06209e+06
9.06975e+06
9.07575e+06
9.08017e+06
9.08308e+06
9.08453e+06
9.83199e+06
9.80556e+06
9.75309e+06
9.67581e+06
9.57659e+06
9.46057e+06
9.33537e+06
9.21036e+06
9.09515e+06
8.99798e+06
8.92432e+06
8.87606e+06
8.85166e+06
8.847e+06
8.85665e+06
8.87521e+06
8.89821e+06
8.92242e+06
8.94583e+06
8.96734e+06
8.98652e+06
9.00325e+06
9.01763e+06
9.02978e+06
9.03988e+06
9.04808e+06
9.05449e+06
9.05922e+06
9.06234e+06
9.06388e+06
9.86508e+06
9.84229e+06
9.79663e+06
9.72841e+06
9.63903e+06
9.53181e+06
9.4124e+06
9.28856e+06
9.16909e+06
9.06237e+06
8.97496e+06
8.9106e+06
8.86982e+06
8.85032e+06
8.84791e+06
8.85767e+06
8.87491e+06
8.89587e+06
8.91785e+06
8.9391e+06
8.95868e+06
8.97614e+06
8.99132e+06
9.00427e+06
9.01508e+06
9.02387e+06
9.03075e+06
9.03583e+06
9.03917e+06
9.04083e+06
9.89331e+06
9.87403e+06
9.83507e+06
9.77602e+06
9.69715e+06
9.60022e+06
9.48905e+06
9.36962e+06
9.24952e+06
9.13675e+06
9.03839e+06
8.9595e+06
8.90248e+06
8.86692e+06
8.85022e+06
8.8484e+06
8.8571e+06
8.87231e+06
8.89083e+06
8.91034e+06
8.92931e+06
8.94685e+06
8.96248e+06
8.97604e+06
8.98747e+06
8.99683e+06
9.0042e+06
9.00965e+06
9.01324e+06
9.01502e+06
9.91696e+06
9.90096e+06
9.86836e+06
9.81826e+06
9.75012e+06
9.66441e+06
9.56335e+06
9.4512e+06
9.33406e+06
9.21908e+06
9.11329e+06
9.02255e+06
8.95067e+06
8.89903e+06
8.8667e+06
8.85105e+06
8.84848e+06
8.85519e+06
8.86775e+06
8.88343e+06
8.90018e+06
8.91663e+06
8.93191e+06
8.94555e+06
8.95728e+06
8.96702e+06
8.97476e+06
8.98052e+06
8.98434e+06
8.98623e+06
9.9364e+06
9.92339e+06
9.89664e+06
9.855e+06
9.79734e+06
9.72323e+06
9.63354e+06
9.53097e+06
9.42003e+06
9.3067e+06
9.19747e+06
9.09841e+06
9.01424e+06
8.94779e+06
8.89976e+06
8.86899e+06
8.85298e+06
8.84858e+06
8.85252e+06
8.86189e+06
8.87429e+06
8.88793e+06
8.90153e+06
8.91426e+06
8.9256e+06
8.93524e+06
8.94303e+06
8.9489e+06
8.95281e+06
8.95477e+06
9.95209e+06
9.94171e+06
9.92021e+06
9.8863e+06
9.83854e+06
9.77586e+06
9.69816e+06
9.60676e+06
9.5047e+06
9.39657e+06
9.28797e+06
9.18466e+06
9.09175e+06
9.01304e+06
8.95058e+06
8.90468e+06
8.8741e+06
8.85664e+06
8.84956e+06
8.85011e+06
8.85577e+06
8.86448e+06
8.87461e+06
8.88499e+06
8.89481e+06
8.90351e+06
8.91075e+06
8.91631e+06
8.92006e+06
8.92196e+06
9.96451e+06
9.9564e+06
9.93945e+06
9.9124e+06
9.87368e+06
9.82185e+06
9.75612e+06
9.67676e+06
9.5855e+06
9.48555e+06
9.38136e+06
9.27801e+06
9.1805e+06
9.09309e+06
9.01881e+06
8.95917e+06
8.91424e+06
8.88287e+06
8.86316e+06
8.8528e+06
8.84947e+06
8.85103e+06
8.85568e+06
8.86197e+06
8.8688e+06
8.8754e+06
8.88119e+06
8.8858e+06
8.889e+06
8.89063e+06
9.97416e+06
9.96794e+06
9.95486e+06
9.93372e+06
9.90298e+06
9.86108e+06
9.80678e+06
9.73963e+06
9.66027e+06
9.57069e+06
9.4741e+06
9.37465e+06
9.27683e+06
9.18491e+06
9.10242e+06
9.03176e+06
8.97408e+06
8.92934e+06
8.89657e+06
8.87415e+06
8.86019e+06
8.85273e+06
8.84998e+06
8.85039e+06
8.85267e+06
8.85583e+06
8.85912e+06
8.862e+06
8.86411e+06
8.86522e+06
9.9815e+06
9.97683e+06
9.96693e+06
9.95075e+06
9.92688e+06
9.89376e+06
9.84995e+06
9.79454e+06
9.7274e+06
9.64948e+06
9.56287e+06
9.47064e+06
9.37652e+06
9.28441e+06
9.1979e+06
9.1199e+06
9.05236e+06
8.99616e+06
8.95126e+06
8.91686e+06
8.89166e+06
8.87412e+06
8.86263e+06
8.8557e+06
8.85202e+06
8.85049e+06
8.85022e+06
8.85056e+06
8.85104e+06
8.85135e+06
9.98699e+06
9.98355e+06
9.97621e+06
9.96408e+06
9.94593e+06
9.92032e+06
9.88581e+06
9.84123e+06
9.78593e+06
9.72011e+06
9.64487e+06
9.5623e+06
9.47522e+06
9.3869e+06
9.30066e+06
9.21952e+06
9.14587e+06
9.08128e+06
9.02649e+06
8.98151e+06
8.9457e+06
8.91808e+06
8.8974e+06
8.88242e+06
8.8719e+06
8.86478e+06
8.86015e+06
8.85729e+06
8.85567e+06
8.85495e+06
9.991e+06
9.98852e+06
9.98319e+06
9.97428e+06
9.96078e+06
9.94141e+06
9.91485e+06
9.87985e+06
9.83551e+06
9.78146e+06
9.7181e+06
9.64662e+06
9.56898e+06
9.48771e+06
9.40561e+06
9.32549e+06
9.24984e+06
9.18064e+06
9.1192e+06
9.06618e+06
9.02161e+06
8.98508e+06
8.95584e+06
8.93298e+06
8.91553e+06
8.90255e+06
8.89321e+06
8.88682e+06
8.88285e+06
8.88096e+06
9.99389e+06
9.99213e+06
9.98834e+06
9.98193e+06
9.97209e+06
9.95777e+06
9.93779e+06
9.91098e+06
9.87633e+06
9.83317e+06
9.78138e+06
9.72147e+06
9.65465e+06
9.58269e+06
9.50779e+06
9.43233e+06
9.35864e+06
9.2888e+06
9.22444e+06
9.16669e+06
9.11612e+06
9.07288e+06
9.03671e+06
9.00712e+06
8.98346e+06
8.96505e+06
8.95122e+06
8.94139e+06
8.93511e+06
8.93205e+06
9.99592e+06
9.9947e+06
9.99205e+06
9.98754e+06
9.98052e+06
9.97015e+06
9.95547e+06
9.93542e+06
9.90902e+06
9.87547e+06
9.83435e+06
9.78569e+06
9.73008e+06
9.66864e+06
9.60296e+06
9.53492e+06
9.4665e+06
9.39965e+06
9.33608e+06
9.27716e+06
9.22386e+06
9.17675e+06
9.13603e+06
9.10162e+06
9.07324e+06
9.0505e+06
9.03296e+06
9.02023e+06
9.01194e+06
9.00787e+06
9.99732e+06
9.9965e+06
9.99468e+06
9.99156e+06
9.98666e+06
9.97932e+06
9.96877e+06
9.95413e+06
9.93451e+06
9.90911e+06
9.87736e+06
9.839e+06
9.79418e+06
9.74352e+06
9.68803e+06
9.6291e+06
9.56831e+06
9.50732e+06
9.44773e+06
9.39097e+06
9.33819e+06
9.29026e+06
9.24771e+06
9.21084e+06
9.17971e+06
9.15421e+06
9.13418e+06
9.11941e+06
9.10969e+06
9.10487e+06
9.99827e+06
9.99772e+06
9.99651e+06
9.99439e+06
9.99104e+06
9.98595e+06
9.97853e+06
9.96808e+06
9.95386e+06
9.93512e+06
9.91127e+06
9.88189e+06
9.84687e+06
9.80643e+06
9.76119e+06
9.71204e+06
9.66018e+06
9.60691e+06
9.55364e+06
9.50168e+06
9.45223e+06
9.40627e+06
9.36457e+06
9.32767e+06
9.29589e+06
9.26943e+06
9.24833e+06
9.23257e+06
9.22211e+06
9.2169e+06
9.99891e+06
9.99854e+06
9.99774e+06
9.99634e+06
9.99409e+06
9.99064e+06
9.98554e+06
9.97825e+06
9.96818e+06
9.9547e+06
9.93724e+06
9.91536e+06
9.88879e+06
9.85753e+06
9.82184e+06
9.78229e+06
9.73968e+06
9.69502e+06
9.64941e+06
9.604e+06
9.5599e+06
9.5181e+06
9.47945e+06
9.44464e+06
9.41418e+06
9.38844e+06
9.36766e+06
9.35199e+06
9.34151e+06
9.33627e+06
9.99932e+06
9.99909e+06
9.99857e+06
9.99766e+06
9.99618e+06
9.99388e+06
9.99045e+06
9.98548e+06
9.97851e+06
9.96904e+06
9.9566e+06
9.94073e+06
9.92114e+06
9.89768e+06
9.87041e+06
9.83964e+06
9.80586e+06
9.7698e+06
9.73228e+06
9.69425e+06
9.65664e+06
9.62038e+06
9.58631e+06
9.55515e+06
9.52751e+06
9.50386e+06
9.48458e+06
9.46991e+06
9.46005e+06
9.45509e+06
9.99958e+06
9.99944e+06
9.99911e+06
9.99853e+06
9.99757e+06
9.99608e+06
9.99381e+06
9.9905e+06
9.98578e+06
9.97929e+06
9.97064e+06
9.95943e+06
9.94538e+06
9.92827e+06
9.90806e+06
9.88486e+06
9.85898e+06
9.83087e+06
9.80114e+06
9.77051e+06
9.73974e+06
9.70961e+06
9.6809e+06
9.6543e+06
9.63041e+06
9.60976e+06
9.59277e+06
9.57976e+06
9.57096e+06
9.56652e+06
9.99975e+06
9.99966e+06
9.99945e+06
9.99909e+06
9.99849e+06
9.99753e+06
9.99607e+06
9.9939e+06
9.99079e+06
9.98644e+06
9.98056e+06
9.97284e+06
9.96302e+06
9.95089e+06
9.93634e+06
9.91938e+06
9.90016e+06
9.87897e+06
9.85622e+06
9.83244e+06
9.8082e+06
9.78416e+06
9.76094e+06
9.73918e+06
9.71944e+06
9.70221e+06
9.68793e+06
9.67692e+06
9.66944e+06
9.66566e+06
9.99985e+06
9.9998e+06
9.99967e+06
9.99945e+06
9.99907e+06
9.99848e+06
9.99755e+06
9.99616e+06
9.99415e+06
9.9913e+06
9.9874e+06
9.98221e+06
9.97552e+06
9.96715e+06
9.95695e+06
9.94491e+06
9.93107e+06
9.91559e+06
9.89875e+06
9.8809e+06
9.86248e+06
9.84399e+06
9.82593e+06
9.80882e+06
9.79315e+06
9.77936e+06
9.76786e+06
9.75894e+06
9.75286e+06
9.74978e+06
9.99991e+06
9.99988e+06
9.99981e+06
9.99967e+06
9.99944e+06
9.99908e+06
9.9985e+06
9.99763e+06
9.99635e+06
9.99453e+06
9.992e+06
9.9886e+06
9.98415e+06
9.97851e+06
9.97156e+06
9.96324e+06
9.95355e+06
9.94258e+06
9.9305e+06
9.91753e+06
9.904e+06
9.89025e+06
9.87669e+06
9.86373e+06
9.85175e+06
9.84114e+06
9.83223e+06
9.82529e+06
9.82054e+06
9.81812e+06
9.99995e+06
9.99993e+06
9.99989e+06
9.99981e+06
9.99967e+06
9.99945e+06
9.9991e+06
9.99857e+06
9.99777e+06
9.99663e+06
9.99502e+06
9.99284e+06
9.98995e+06
9.98625e+06
9.98163e+06
9.97603e+06
9.96944e+06
9.96188e+06
9.95346e+06
9.94433e+06
9.93469e+06
9.9248e+06
9.91496e+06
9.90546e+06
9.89663e+06
9.88875e+06
9.88209e+06
9.87688e+06
9.87331e+06
9.87149e+06
9.99997e+06
9.99996e+06
9.99994e+06
9.99989e+06
9.99981e+06
9.99968e+06
9.99947e+06
9.99915e+06
9.99866e+06
9.99796e+06
9.99696e+06
9.99559e+06
9.99376e+06
9.99139e+06
9.98839e+06
9.98472e+06
9.98035e+06
9.97529e+06
9.96958e+06
9.96333e+06
9.95667e+06
9.94977e+06
9.94285e+06
9.93612e+06
9.92981e+06
9.92415e+06
9.91934e+06
9.91557e+06
9.91297e+06
9.91165e+06
9.99998e+06
9.99998e+06
9.99996e+06
9.99994e+06
9.99989e+06
9.99981e+06
9.99969e+06
9.9995e+06
9.99921e+06
9.99879e+06
9.99818e+06
9.99734e+06
9.99621e+06
9.99472e+06
9.99282e+06
9.99047e+06
9.98765e+06
9.98434e+06
9.98058e+06
9.97641e+06
9.97194e+06
9.96727e+06
9.96254e+06
9.95791e+06
9.95355e+06
9.94961e+06
9.94625e+06
9.9436e+06
9.94177e+06
9.94084e+06
9.99999e+06
9.99999e+06
9.99998e+06
9.99996e+06
9.99994e+06
9.9999e+06
9.99982e+06
9.99971e+06
9.99955e+06
9.9993e+06
9.99893e+06
9.99843e+06
9.99774e+06
9.99683e+06
9.99565e+06
9.99418e+06
9.9924e+06
9.99029e+06
9.98787e+06
9.98518e+06
9.98225e+06
9.97917e+06
9.97603e+06
9.97294e+06
9.97001e+06
9.96735e+06
9.96507e+06
9.96326e+06
9.96202e+06
9.96138e+06
1e+07
9.99999e+06
9.99999e+06
9.99998e+06
9.99997e+06
9.99994e+06
9.9999e+06
9.99984e+06
9.99974e+06
9.9996e+06
9.99939e+06
9.99909e+06
9.99868e+06
9.99813e+06
9.99742e+06
9.99652e+06
9.99542e+06
9.99411e+06
9.9926e+06
9.99089e+06
9.98903e+06
9.98705e+06
9.98502e+06
9.98301e+06
9.98109e+06
9.97935e+06
9.97784e+06
9.97665e+06
9.97583e+06
9.9754e+06
1e+07
1e+07
9.99999e+06
9.99999e+06
9.99998e+06
9.99997e+06
9.99995e+06
9.99991e+06
9.99986e+06
9.99977e+06
9.99965e+06
9.99948e+06
9.99924e+06
9.99892e+06
9.9985e+06
9.99796e+06
9.9973e+06
9.9965e+06
9.99557e+06
9.99452e+06
9.99336e+06
9.99213e+06
9.99085e+06
9.98958e+06
9.98835e+06
9.98724e+06
9.98627e+06
9.98551e+06
9.98497e+06
9.9847e+06
1e+07
1e+07
1e+07
9.99999e+06
9.99999e+06
9.99998e+06
9.99997e+06
9.99995e+06
9.99992e+06
9.99988e+06
9.99981e+06
9.99971e+06
9.99957e+06
9.99939e+06
9.99914e+06
9.99883e+06
9.99844e+06
9.99796e+06
9.99741e+06
9.99677e+06
9.99607e+06
9.99531e+06
9.99453e+06
9.99374e+06
9.99299e+06
9.99229e+06
9.99169e+06
9.99121e+06
9.99087e+06
9.9907e+06
1e+07
1e+07
1e+07
1e+07
9.99999e+06
9.99999e+06
9.99998e+06
9.99997e+06
9.99996e+06
9.99993e+06
9.99989e+06
9.99984e+06
9.99976e+06
9.99966e+06
9.99952e+06
9.99934e+06
9.99911e+06
9.99884e+06
9.99851e+06
9.99814e+06
9.99772e+06
9.99727e+06
9.9968e+06
9.99632e+06
9.99587e+06
9.99544e+06
9.99507e+06
9.99478e+06
9.99458e+06
9.99447e+06
1e+07
1e+07
1e+07
1e+07
1e+07
1e+07
9.99999e+06
9.99999e+06
9.99998e+06
9.99996e+06
9.99994e+06
9.99991e+06
9.99987e+06
9.99981e+06
9.99974e+06
9.99963e+06
9.99951e+06
9.99935e+06
9.99916e+06
9.99895e+06
9.9987e+06
9.99844e+06
9.99816e+06
9.99789e+06
9.99761e+06
9.99736e+06
9.99714e+06
9.99697e+06
9.99684e+06
9.99678e+06
1e+07
1e+07
1e+07
1e+07
1e+07
1e+07
1e+07
9.99999e+06
9.99999e+06
9.99998e+06
9.99997e+06
9.99995e+06
9.99993e+06
9.9999e+06
9.99986e+06
9.9998e+06
9.99973e+06
9.99964e+06
9.99954e+06
9.99942e+06
9.99928e+06
9.99913e+06
9.99897e+06
9.99881e+06
9.99865e+06
9.9985e+06
9.99838e+06
9.99827e+06
9.9982e+06
9.99817e+06
1e+07
1e+07
1e+07
1e+07
1e+07
1e+07
1e+07
1e+07
9.99999e+06
9.99999e+06
9.99998e+06
9.99998e+06
9.99996e+06
9.99995e+06
9.99992e+06
9.99989e+06
9.99986e+06
9.99981e+06
9.99975e+06
9.99968e+06
9.9996e+06
9.99952e+06
9.99943e+06
9.99934e+06
9.99925e+06
9.99917e+06
9.9991e+06
9.99904e+06
9.999e+06
9.99897e+06
1e+07
1e+07
1e+07
1e+07
1e+07
1e+07
1e+07
1e+07
1e+07
9.99999e+06
9.99999e+06
9.99999e+06
9.99998e+06
9.99997e+06
9.99996e+06
9.99994e+06
9.99992e+06
9.9999e+06
9.99987e+06
9.99983e+06
9.99979e+06
9.99974e+06
9.99969e+06
9.99964e+06
9.99959e+06
9.99955e+06
9.99951e+06
9.99947e+06
9.99945e+06
9.99944e+06
1e+07
1e+07
1e+07
1e+07
1e+07
1e+07
1e+07
1e+07
1e+07
1e+07
1e+07
9.99999e+06
9.99999e+06
9.99999e+06
9.99998e+06
9.99997e+06
9.99996e+06
9.99995e+06
9.99993e+06
9.99991e+06
9.99989e+06
9.99986e+06
9.99984e+06
9.99981e+06
9.99978e+06
9.99976e+06
9.99973e+06
9.99972e+06
9.9997e+06
9.9997e+06
1e+07
1e+07
1e+07
1e+07
1e+07
1e+07
1e+07
1e+07
1e+07
1e+07
1e+07
1e+07
1e+07
9.99999e+06
9.99999e+06
9.99999e+06
9.99998e+06
9.99997e+06
9.99996e+06
9.99995e+06
9.99994e+06
9.99993e+06
9.99991e+06
9.9999e+06
9.99989e+06
9.99987e+06
9.99986e+06
9.99985e+06
9.99984e+06
9.99984e+06
1e+07
1e+07
1e+07
1e+07
1e+07
1e+07
1e+07
1e+07
1e+07
1e+07
1e+07
1e+07
1e+07
1e+07
9.99999e+06
9.99999e+06
9.99999e+06
9.99999e+06
9.99998e+06
9.99998e+06
9.99997e+06
9.99996e+06
9.99996e+06
9.99995e+06
9.99994e+06
9.99993e+06
9.99993e+06
9.99992e+06
9.99992e+06
9.99992e+06
1e+07
1e+07
1e+07
1e+07
1e+07
1e+07
1e+07
1e+07
1e+07
1e+07
1e+07
1e+07
1e+07
1e+07
1e+07
1e+07
9.99999e+06
9.99999e+06
9.99999e+06
9.99999e+06
9.99999e+06
9.99998e+06
9.99998e+06
9.99997e+06
9.99997e+06
9.99997e+06
9.99996e+06
9.99996e+06
9.99996e+06
9.99996e+06
1e+07
1e+07
1e+07
1e+07
1e+07
1e+07
1e+07
1e+07
1e+07
1e+07
1e+07
1e+07
1e+07
1e+07
1e+07
1e+07
1e+07
1e+07
1e+07
9.99999e+06
9.99999e+06
9.99999e+06
9.99999e+06
9.99999e+06
9.99999e+06
9.99998e+06
9.99998e+06
9.99998e+06
9.99998e+06
9.99998e+06
1e+07
1e+07
1e+07
1e+07
1e+07
1e+07
1e+07
1e+07
1e+07
1e+07
1e+07
1e+07
1e+07
1e+07
1e+07
1e+07
1e+07
1e+07
1e+07
1e+07
1e+07
1e+07
9.99999e+06
9.99999e+06
9.99999e+06
9.99999e+06
9.99999e+06
9.99999e+06
9.99999e+06
9.99999e+06
1e+07
1e+07
1e+07
1e+07
1e+07
1e+07
1e+07
1e+07
1e+07
1e+07
1e+07
1e+07
1e+07
1e+07
1e+07
1e+07
1e+07
1e+07
1e+07
1e+07
1e+07
1e+07
1e+07
1e+07
1e+07
1e+07
1e+07
1e+07
1e+07
9.99999e+06
1e+07
1e+07
1e+07
1e+07
1e+07
1e+07
1e+07
1e+07
1e+07
1e+07
1e+07
1e+07
1e+07
1e+07
1e+07
1e+07
1e+07
1e+07
1e+07
1e+07
1e+07
1e+07
1e+07
1e+07
1e+07
1e+07
1e+07
1e+07
1e+07
1e+07
1e+07
1e+07
1e+07
1e+07
1e+07
1e+07
1e+07
1e+07
1e+07
1e+07
1e+07
1e+07
1e+07
1e+07
1e+07
1e+07
1e+07
1e+07
1e+07
1e+07
1e+07
1e+07
1e+07
1e+07
1e+07
1e+07
1e+07
1e+07
1e+07
1e+07
1e+07
1e+07
1e+07
1e+07
1e+07
1e+07
1e+07
1e+07
1e+07
1e+07
1e+07
1e+07
1e+07
1e+07
1e+07
1e+07
1e+07
1e+07
1e+07
1e+07
1e+07
1e+07
1e+07
1e+07
1e+07
1e+07
1e+07
1e+07
1e+07
1e+07
1e+07
1e+07
1e+07
1e+07
1e+07
1e+07
1e+07
1e+07
1e+07
1e+07
1e+07
1e+07
1e+07
1e+07
1e+07
1e+07
1e+07
1e+07
1e+07
1e+07
1e+07
1e+07
1e+07
1e+07
1e+07
1e+07
1e+07
1e+07
1e+07
1e+07
1e+07
1e+07
1e+07
1e+07
1e+07
1e+07
1e+07
1e+07
1e+07
1e+07
1e+07
1e+07
1e+07
1e+07
1e+07
1e+07
1e+07
1e+07
1e+07
1e+07
1e+07
1e+07
1e+07
1e+07
1e+07
1e+07
1e+07
1e+07
1e+07
1e+07
1e+07
1e+07
1e+07
1e+07
1e+07
1e+07
1e+07
1e+07
1e+07
1e+07
1e+07
1e+07
1e+07
1e+07
1e+07
1e+07
1e+07
1e+07
1e+07
1e+07
1e+07
1e+07
1e+07
1e+07
1e+07
1e+07
1e+07
1e+07
1e+07
1e+07
1e+07
1e+07
1e+07
1e+07
1e+07
1e+07
1e+07
1e+07
1e+07
1e+07
1e+07
1e+07
1e+07
1e+07
1e+07
1e+07
1e+07
1e+07
1e+07
1e+07
1e+07
1e+07
1e+07
1e+07
1e+07
1e+07
1e+07
1e+07
1e+07
1e+07
1e+07
1e+07
1e+07
1e+07
1e+07
1e+07
1e+07
1e+07
1e+07
1e+07
1e+07
1e+07
1e+07
1e+07
1e+07
1e+07
1e+07
1e+07
1e+07
1e+07
1e+07
1e+07
1e+07
1e+07
1e+07
1e+07
1e+07
1e+07
1e+07
1e+07
1e+07
1e+07
1e+07
1e+07
1e+07
1e+07
1e+07
1e+07
1e+07
1e+07
1e+07
1e+07
1e+07
1e+07
1e+07
1e+07
1e+07
1e+07
1e+07
1e+07
1e+07
1e+07
1e+07
1e+07
1e+07
1e+07
1e+07
1e+07
1e+07
1e+07
1e+07
1e+07
1e+07
1e+07
1e+07
1e+07
1e+07
1e+07
1e+07
1e+07
1e+07
1e+07
1e+07
1e+07
1e+07
1e+07
1e+07
1e+07
1e+07
1e+07
1e+07
1e+07
1e+07
1e+07
1e+07
1e+07
1e+07
1e+07
1e+07
1e+07
1e+07
1e+07
1e+07
1e+07
1e+07
1e+07
1e+07
1e+07
1e+07
1e+07
1e+07
1e+07
1e+07
1e+07
1e+07
1e+07
1e+07
1e+07
1e+07
1e+07
1e+07
1e+07
1e+07
1e+07
1e+07
1e+07
1e+07
1e+07
1e+07
1e+07
1e+07
1e+07
1e+07
1e+07
1e+07
1e+07
1e+07
1e+07
1e+07
1e+07
1e+07
1e+07
1e+07
1e+07
1e+07
1e+07
1e+07
1e+07
1e+07
1e+07
1e+07
1e+07
1e+07
1e+07
1e+07
1e+07
1e+07
1e+07
1e+07
1e+07
1e+07
1e+07
1e+07
1e+07
1e+07
1e+07
1e+07
1e+07
1e+07
1e+07
1e+07
1e+07
1e+07
1e+07
1e+07
1e+07
1e+07
1e+07
1e+07
1e+07
1e+07
1e+07
1e+07
1e+07
1e+07
1e+07
1e+07
1e+07
1e+07
1e+07
1e+07
1e+07
1e+07
1e+07
1e+07
1e+07
1e+07
1e+07
1e+07
1e+07
1e+07
1e+07
1e+07
1e+07
1e+07
1e+07
1e+07
1e+07
1e+07
1e+07
1e+07
1e+07
1e+07
1e+07
1e+07
1e+07
1e+07
1e+07
1e+07
1e+07
1e+07
1e+07
1e+07
1e+07
1e+07
1e+07
1e+07
1e+07
1e+07
1e+07
1e+07
1e+07
1e+07
1e+07
1e+07
1e+07
1e+07
1e+07
1e+07
1e+07
1e+07
1e+07
1e+07
1e+07
1e+07
1e+07
1e+07
1e+07
1e+07
1e+07
1e+07
1e+07
1e+07
1e+07
1e+07
1e+07
1e+07
1e+07
1e+07
1e+07
1e+07
1e+07
1e+07
1e+07
1e+07
1e+07
1e+07
1e+07
1e+07
1e+07
1e+07
1e+07
1e+07
1e+07
1e+07
1e+07
1e+07
1e+07
1e+07
1e+07
1e+07
1e+07
1e+07
1e+07
1e+07
1e+07
1e+07
1e+07
1e+07
1e+07
1e+07
1e+07
1e+07
1e+07
1e+07
1e+07
1e+07
1e+07
1e+07
1e+07
1e+07
1e+07
1e+07
1e+07
1e+07
1e+07
1e+07
1e+07
1e+07
1e+07
1e+07
1e+07
1e+07
1e+07
1e+07
1e+07
1e+07
1e+07
1e+07
1e+07
1e+07
1e+07
1e+07
1e+07
1e+07
1e+07
1e+07
1e+07
1e+07
1e+07
1e+07
1e+07
1e+07
1e+07
1e+07
1e+07
1e+07
1e+07
1e+07
1e+07
1e+07
1e+07
1e+07
1e+07
1e+07
1e+07
1e+07
1e+07
1e+07
1e+07
1e+07
1e+07
1e+07
1e+07
1e+07
1e+07
1e+07
1e+07
1e+07
1e+07
1e+07
1e+07
1e+07
1e+07
1e+07
1e+07
1e+07
1e+07
1e+07
1e+07
1e+07
1e+07
1e+07
1e+07
1e+07
1e+07
1e+07
1e+07
1e+07
1e+07
1e+07
1e+07
1e+07
1e+07
1e+07
1e+07
1e+07
1e+07
1e+07
1e+07
1e+07
1e+07
1e+07
1e+07
1e+07
1e+07
1e+07
1e+07
1e+07
1e+07
1e+07
1e+07
1e+07
1e+07
1e+07
1e+07
1e+07
1e+07
1e+07
1e+07
1e+07
1e+07
1e+07
1e+07
1e+07
1e+07
1e+07
1e+07
1e+07
1e+07
1e+07
1e+07
1e+07
1e+07
1e+07
1e+07
1e+07
1e+07
1e+07
1e+07
1e+07
1e+07
1e+07
1e+07
1e+07
1e+07
1e+07
1e+07
1e+07
1e+07
1e+07
1e+07
1e+07
1e+07
1e+07
1e+07
1e+07
1e+07
1e+07
1e+07
1e+07
1e+07
1e+07
1e+07
1e+07
1e+07
1e+07
1e+07
1e+07
1e+07
1e+07
1e+07
1e+07
1e+07
1e+07
1e+07
1e+07
1e+07
1e+07
1e+07
1e+07
1e+07
1e+07
1e+07
1e+07
1e+07
1e+07
1e+07
1e+07
1e+07
1e+07
1e+07
1e+07
1e+07
1e+07
1e+07
1e+07
1e+07
1e+07
1e+07
1e+07
1e+07
1e+07
1e+07
1e+07
1e+07
1e+07
1e+07
1e+07
1e+07
1e+07
1e+07
1e+07
1e+07
1e+07
1e+07
1e+07
1e+07
1e+07
1e+07
1e+07
1e+07
1e+07
1e+07
1e+07
1e+07
1e+07
1e+07
1e+07
1e+07
1e+07
1e+07
1e+07
1e+07
1e+07
1e+07
1e+07
1e+07
1e+07
1e+07
1e+07
1e+07
1e+07
1e+07
1e+07
1e+07
1e+07
1e+07
1e+07
1e+07
1e+07
1e+07
1e+07
1e+07
1e+07
1e+07
1e+07
1e+07
1e+07
1e+07
1e+07
1e+07
1e+07
1e+07
1e+07
1e+07
1e+07
1e+07
1e+07
1e+07
1e+07
1e+07
1e+07
1e+07
1e+07
1e+07
1e+07
1e+07
1e+07
1e+07
1e+07
1e+07
1e+07
1e+07
1e+07
1e+07
1e+07
1e+07
1e+07
1e+07
1e+07
1e+07
1e+07
1e+07
1e+07
1e+07
1e+07
1e+07
1e+07
1e+07
1e+07
1e+07
1e+07
1e+07
1e+07
1e+07
1e+07
1e+07
1e+07
1e+07
1e+07
1e+07
1e+07
1e+07
1e+07
1e+07
1e+07
1e+07
1e+07
1e+07
1e+07
1e+07
1e+07
1e+07
1e+07
1e+07
1e+07
1e+07
1e+07
1e+07
1e+07
1e+07
1e+07
1e+07
1e+07
1e+07
1e+07
1e+07
1e+07
1e+07
1e+07
1e+07
1e+07
1e+07
1e+07
1e+07
1e+07
1e+07
1e+07
1e+07
1e+07
1e+07
1e+07
1e+07
1e+07
1e+07
1e+07
1e+07
1e+07
1e+07
1e+07
1e+07
1e+07
1e+07
1e+07
1e+07
1e+07
1e+07
1e+07
1e+07
1e+07
1e+07
1e+07
1e+07
1e+07
1e+07
1e+07
1e+07
1e+07
1e+07
1e+07
1e+07
1e+07
1e+07
1e+07
1e+07
1e+07
1e+07
1e+07
1e+07
1e+07
1e+07
1e+07
1e+07
1e+07
1e+07
1e+07
1e+07
1e+07
1e+07
1e+07
1e+07
1e+07
1e+07
1e+07
1e+07
1e+07
1e+07
1e+07
1e+07
1e+07
1e+07
1e+07
1e+07
1e+07
1e+07
1e+07
1e+07
1e+07
1e+07
1e+07
1e+07
1e+07
1e+07
1e+07
1e+07
1e+07
1e+07
1e+07
1e+07
1e+07
1e+07
1e+07
1e+07
1e+07
1e+07
1e+07
1e+07
1e+07
1e+07
1e+07
1e+07
1e+07
1e+07
1e+07
1e+07
1e+07
1e+07
1e+07
1e+07
1e+07
1e+07
1e+07
1e+07
1e+07
1e+07
1e+07
1e+07
1e+07
1e+07
1e+07
1e+07
1e+07
1e+07
1e+07
1e+07
1e+07
1e+07
1e+07
1e+07
1e+07
1e+07
1e+07
1e+07
1e+07
1e+07
1e+07
1e+07
1e+07
1e+07
1e+07
1e+07
1e+07
1e+07
1e+07
1e+07
1e+07
1e+07
1e+07
1e+07
1e+07
1e+07
1e+07
1e+07
1e+07
1e+07
1e+07
1e+07
1e+07
1e+07
)
;

boundaryField
{
    outerWall
    {
        type            zeroGradient;
    }
    axis
    {
        type            symmetryPlane;
    }
    nozzle
    {
        type            fixedValue;
        value           uniform 0;
    }
    back
    {
        type            empty;
    }
    front
    {
        type            empty;
    }
}


// ************************************************************************* //
