/*--------------------------------*- C++ -*----------------------------------*\
| =========                 |                                                 |
| \\      /  F ield         | OpenFOAM: The Open Source CFD Toolbox           |
|  \\    /   O peration     | Version:  2412                                  |
|   \\  /    A nd           | Website:  www.openfoam.com                      |
|    \\/     M anipulation  |                                                 |
\*---------------------------------------------------------------------------*/
FoamFile
{
    version     2.0;
    format      ascii;
    arch        "LSB;label=32;scalar=64";
    class       surfaceScalarField;
    location    "0.0001";
    object      phi;
}
// * * * * * * * * * * * * * * * * * * * * * * * * * * * * * * * * * * * * * //

dimensions      [1 0 -1 0 0 0 0];

oriented        oriented;

internalField   nonuniform List<scalar> 
7275
(
0.00688159
0.00175962
0.0140517
0.00188259
0.0216849
0.00209365
0.0297516
0.00232639
0.0379801
0.00249231
0.0458932
0.00249939
0.0529275
0.00227909
0.0585834
0.00181095
0.0625472
0.001132
0.0647565
0.000330197
0.0653845
-0.000466913
0.0647645
-0.00116957
0.0632826
-0.00168928
0.0612751
-0.00197433
0.0590052
-0.00207108
0.0565896
-0.00196763
0.0540846
-0.00176215
0.0514696
-0.00146936
0.0487029
-0.00112463
0.0457397
-0.000740602
0.042543
-0.000336225
0.0390991
7.24546e-05
0.0353476
0.000515376
0.0312231
0.00096742
0.0267343
0.00141395
0.0218971
0.00183108
0.0167409
0.00219618
0.0113204
0.00249507
0.00571001
0.00270867
0.00282021
0.00695023
0.00347498
0.0141694
0.0037154
0.0218144
0.00412801
0.0298435
0.00458311
0.0379826
0.00490852
0.0457677
0.00492629
0.0526629
0.00450466
0.0582009
0.00360365
0.0620959
0.00229295
0.0643002
0.000740186
0.06499
-0.000815107
0.0644727
-0.0021841
0.0631105
-0.00321774
0.06123
-0.00381727
0.0590522
-0.00402711
0.056717
-0.00388522
0.0542509
-0.00349808
0.0516616
-0.00294045
0.0489206
-0.00227662
0.04598
-0.00152546
0.0427943
-0.000715491
0.0393511
9.48323e-05
0.0355985
0.00100301
0.0314655
0.00192366
0.0269584
0.00282293
0.0220964
0.00366061
0.0169049
0.00440478
0.0114377
0.00501616
0.00577129
0.00545346
0.00568201
0.00708457
0.00510349
0.0143998
0.00545073
0.0220682
0.00604654
0.0300243
0.00670394
0.0379901
0.00717634
0.045528
0.00721155
0.0521539
0.00662415
0.0574628
0.0053564
0.0612225
0.00350317
0.0634154
0.0012956
0.064218
-0.000928511
0.063882
-0.00291613
0.0627674
-0.00445068
0.0611242
-0.00539697
0.0591238
-0.00575153
0.0569135
-0.00565294
0.0545663
-0.00518396
0.0520508
-0.00440737
0.049357
-0.00345359
0.0464546
-0.00236694
0.0432969
-0.00116623
0.0398526
6.30969e-05
0.0360944
0.00143711
0.0319515
0.00283954
0.027419
0.00420748
0.0225064
0.00549066
0.0172416
0.0066409
0.0116782
0.00759052
0.00589685
0.00827161
0.00862829
0.00727895
0.00660578
0.0147332
0.00704487
0.0224359
0.00779797
0.0302876
0.00862926
0.0380073
0.00923091
0.0451949
0.00929236
0.0514389
0.00858682
0.0564202
0.00704152
0.0599821
0.00476757
0.0621462
0.00204022
0.0630748
-0.000734294
0.063039
-0.00325274
0.062243
-0.0052629
0.060897
-0.00656654
0.0591781
-0.00717594
0.0571962
-0.00721838
0.0549899
-0.00672688
0.0525772
-0.0058128
0.0499923
-0.00466467
0.0471463
-0.00324485
0.0440438
-0.00169518
0.0406228
-3.82537e-05
0.0368585
0.00178878
0.0326949
0.00369776
0.028128
0.00555136
0.0231424
0.00732185
0.0177655
0.00892096
0.012053
0.0102483
0.00609265
0.0112042
0.0117064
0.0075253
0.00794708
0.0151556
0.00845972
0.0229021
0.00933845
0.0306244
0.010309
0.0380399
0.0110181
0.0447962
0.0111151
0.0505687
0.0103452
0.0551423
0.00862449
0.0584512
0.00607153
0.0605677
0.00298305
0.0616645
-0.000233069
0.0618997
-0.00313785
0.0615103
-0.00559192
0.060536
-0.00724183
0.0591778
-0.00820374
0.0574669
-0.00843293
0.0554666
-0.00802954
0.0532585
-0.00712474
0.0507706
-0.00579999
0.0480476
-0.00415827
0.04503
-0.00228231
0.0416479
-0.000214934
0.0378859
0.00206029
0.033727
0.00446695
0.0291119
0.00686063
0.0240276
0.00916897
0.018497
0.0112713
0.0125777
0.0130289
0.00636746
0.0143024
0.0149749
0.00781358
0.00909828
0.0156496
0.0096641
0.0234475
0.0106332
0.0310225
0.0117047
0.0380933
0.012497
0.044362
0.0126371
0.0496009
0.0118565
0.0537085
0.0100652
0.0567185
0.00738109
0.0587585
0.00410228
0.0599815
0.000633442
0.0605586
-0.00257323
0.0605452
-0.00536477
0.0600257
-0.00738609
0.0590518
-0.00867646
0.0576722
-0.00917155
0.0559784
-0.00900485
0.0539734
-0.00817642
0.0517061
-0.0068291
0.0491294
-0.00501273
0.0462149
-0.0028529
0.0429356
-0.000435362
0.0392177
0.00228705
0.0350621
0.00519575
0.0303942
0.00816672
0.0251893
0.0110674
0.019463
0.0137373
0.0132741
0.0159918
0.00673367
0.0176397
0.018517
0.00813222
0.0100366
0.0161952
0.0106345
0.0240503
0.0116579
0.0314677
0.0127909
0.0381712
0.0136404
0.0439222
0.0138281
0.0485937
0.013085
0.0522013
0.0113203
0.0548792
0.00864585
0.0568116
0.00534352
0.0581511
0.00179173
0.0590032
-0.00159377
0.059372
-0.00459558
0.0593096
-0.00693593
0.058758
-0.008554
0.0577979
-0.00941848
0.0564341
-0.00949672
0.0547399
-0.00887612
0.0526909
-0.00757173
0.0503466
-0.00572105
0.0476217
-0.00334201
0.0444592
-0.000585632
0.0408481
0.00252421
0.0367191
0.00595636
0.0320027
0.00953217
0.0266611
0.0130789
0.0206982
0.0163921
0.014172
0.0192295
0.00720876
0.0213294
0.0224603
0.00846908
0.0107462
0.0167713
0.0113558
0.0246877
0.0123985
0.0319448
0.013555
0.0382755
0.0144352
0.0435033
0.0146707
0.0476015
0.0140035
0.0506992
0.0123477
0.0530262
0.00980505
0.0548193
0.00662938
0.0562342
0.00315518
0.0573214
-0.000272267
0.0580472
-0.00336648
0.0583935
-0.00593277
0.0582927
-0.00785073
0.0577386
-0.0090324
0.0567925
-0.00944748
0.0554586
-0.00907421
0.053739
-0.00791524
0.0516477
-0.00609626
0.0491814
-0.0036332
0.0462348
-0.000602604
0.0427736
0.0028924
0.0387109
0.00684398
0.0339665
0.0110454
0.0284839
0.0153003
0.0222486
0.0193541
0.015312
0.0228906
0.00781751
0.0255501
0.0270058
0.00881238
0.0112178
0.017358
0.0118205
0.0253377
0.0128508
0.0324384
0.013996
0.0384059
0.0148813
0.0431264
0.01516
0.0466701
0.0145951
0.049271
0.0131099
0.0512439
0.010795
0.0528705
0.00786886
0.0543099
0.00461227
0.0555781
0.00130785
0.0566062
-0.00178237
0.0573188
-0.00448046
0.0576089
-0.00660555
0.0575253
-0.00808568
0.056999
-0.00878072
0.0560892
-0.00870107
0.054757
-0.00773506
0.0530414
-0.00603301
0.050874
-0.00352538
0.0482334
-0.000311869
0.0449874
0.00353302
0.0410493
0.00797615
0.0363202
0.0128325
0.0307112
0.0178794
0.0241763
0.0228043
0.0167505
0.0271995
0.00859527
0.0305711
0.0324595
0.00915149
0.0114487
0.0179369
0.0120286
0.0259803
0.0130192
0.0329339
0.0141228
0.0385599
0.0149894
0.0428066
0.0153031
0.0458345
0.014854
0.0479708
0.0135786
0.0496017
0.0115566
0.0510438
0.00896908
0.0524573
0.00603946
0.0538394
0.00298869
0.0550912
2.15655e-05
0.0560972
-0.00266409
0.0568169
-0.00491285
0.0571308
-0.00659877
0.0570478
-0.00755301
0.0565945
-0.00773323
0.0557237
-0.00698592
0.0544657
-0.00544708
0.0526845
-0.00293836
0.0504246
0.000388242
0.0474761
0.00453967
0.0437518
0.00947714
0.039111
0.015045
0.0334142
0.021001
0.0265659
0.0269749
0.0185671
0.0324529
0.00959393
0.0367588
0.0392492
0.00947732
0.0114418
0.0184928
0.0119861
0.0265986
0.0129151
0.0334179
0.0139525
0.0387328
0.0147797
0.0425517
0.0151168
0.0451168
0.0147853
0.0468353
0.0137371
0.04815
0.0120423
0.0494012
0.00984585
0.0507479
0.00731632
0.0521782
0.00461599
0.0535833
0.00190011
0.0548444
-0.000668953
0.0558592
-0.00289541
0.0565819
-0.00468654
0.0569821
-0.00582074
0.0569866
-0.00619795
0.0566256
-0.00567018
0.0558346
-0.00426984
0.0546105
-0.00182499
0.0527788
0.00156037
0.0502431
0.0059992
0.0468519
0.0114613
0.0424048
0.0178233
0.0366904
0.0248449
0.0295363
0.0321106
0.0208774
0.0389916
0.0108925
0.0445607
0.0479291
0.00978267
0.011205
0.0190134
0.0117041
0.0271788
0.0125554
0.0338792
0.0135079
0.0389187
0.0142785
0.042363
0.0146261
0.0445271
0.0144044
0.0458843
0.0135814
0.0469187
0.0122197
0.0479843
0.010432
0.0492364
0.00833826
0.0506594
0.00604916
0.0521486
0.00367492
0.053584
0.0013457
0.0548821
-0.000777904
0.0559561
-0.00253641
0.0567701
-0.00374616
0.0572654
-0.00424578
0.0574476
-0.00387552
0.0572202
-0.00261443
0.0565506
-0.000261109
0.0552888
0.00320751
0.0533077
0.00795112
0.0503986
0.0139816
0.0462907
0.0212414
0.0406745
0.0295311
0.0332577
0.0384158
0.0238537
0.0471572
0.0126153
0.0544821
0.0591906
0.0100622
0.0107501
0.0194896
0.0111978
0.0277107
0.0119607
0.0343083
0.0128157
0.0391105
0.0135168
0.0422364
0.0138615
0.0440645
0.013735
0.0451209
0.0131203
0.0459179
0.0120743
0.046813
0.0106825
0.0479569
0.00902558
0.0493341
0.00717106
0.0508505
0.00519139
0.0524036
0.00318612
0.0539082
0.0012902
0.0552917
-0.000336299
0.0564926
-0.00150754
0.0574677
-0.0020667
0.0581983
-0.00181069
0.0585711
-0.000631066
0.0585402
0.00167078
0.0579739
0.00527018
0.0566994
0.0103284
0.0544552
0.0169697
0.0508863
0.0252448
0.0455502
0.0350493
0.0379745
0.0459815
0.0277573
0.0572311
0.0149627
0.067053
0.0738931
0.0103126
0.0100925
0.0199157
0.0104853
0.0281875
0.011154
0.0346982
0.0119045
0.0393009
0.0125274
0.0421636
0.0128569
0.0437193
0.0128068
0.0445351
0.0123736
0.0451392
0.0116086
0.0458874
0.0105762
0.0469226
0.00932707
0.0482317
0.0078966
0.0497361
0.0063266
0.051353
0.00468968
0.0530116
0.003097
0.0546481
0.0016924
0.0562064
0.000643973
0.0576341
0.000133672
0.0588899
0.000357728
0.0599041
0.00151271
0.060599
0.0038276
0.0608474
0.00754209
0.0604491
0.012912
0.0590962
0.020192
0.0563381
0.0295928
0.0515625
0.041185
0.0440346
0.0546972
0.0329875
0.0693521
0.0182611
0.082791
0.0931415
0.0105319
0.00924995
0.0202886
0.00958679
0.0286054
0.0101597
0.0350444
0.0108032
0.0394832
0.0113432
0.0421341
0.011647
0.0434766
0.0116531
0.0441078
0.0113683
0.0445634
0.0108392
0.0451913
0.0101144
0.0461271
0.00922253
0.0473602
0.00817655
0.0488297
0.00699656
0.0504744
0.00573242
0.0522417
0.00447258
0.0540817
0.00334046
0.0559466
0.0024892
0.0577924
0.002098
0.0595773
0.00237148
0.0612493
0.00354051
0.0627356
0.00587391
0.0639149
0.00968306
0.0645819
0.0153314
0.0643959
0.0232323
0.0628141
0.0338189
0.0590234
0.0474499
0.051925
0.0641517
0.0401618
0.0834085
0.0230562
0.102173
0.118479
0.0107196
0.00824238
0.0206076
0.00852409
0.0289632
0.00900268
0.0353441
0.00954054
0.0396514
0.00999591
0.0421367
0.0102657
0.0433177
0.0103081
0.0438133
0.0101371
0.0441605
0.00979435
0.0446964
0.00931655
0.0455474
0.00871784
0.046708
0.00799668
0.0481331
0.00715889
0.0497835
0.00623689
0.0516263
0.00529846
0.0536284
0.00444574
0.055757
0.00381362
0.0579828
0.00357004
0.0602795
0.00391885
0.062616
0.00510606
0.0649422
0.00743282
0.0671639
0.0112735
0.0690985
0.0171007
0.0704057
0.0255082
0.0704799
0.0372181
0.0683037
0.0530223
0.0623049
0.0735182
0.0502316
0.0988742
0.0302264
0.125633
0.152218
0.0108764
0.00709117
0.0208737
0.00731976
0.029262
0.00770763
0.0355968
0.00814354
0.0398009
0.00851528
0.0421602
0.00874484
0.043223
0.00880553
0.0436236
0.00871481
0.0438964
0.00850913
0.044366
0.00821583
0.0451501
0.0078401
0.0462476
0.00737261
0.0476284
0.00681005
0.0492731
0.00617271
0.0511682
0.00551029
0.0532993
0.00490439
0.0556525
0.00446924
0.0582194
0.00435533
0.0609983
0.00475566
0.0639896
0.00591622
0.0671849
0.00815473
0.0705433
0.0118905
0.0739465
0.0176907
0.0771145
0.0263325
0.0794531
0.038877
0.0798027
0.0567074
0.0760512
0.0813954
0.0648001
0.114403
0.0416219
0.153281
0.198464
0.0110034
0.00581886
0.021089
0.00599696
0.0295038
0.00629876
0.035803
0.00663777
0.0399282
0.00692827
0.0421942
0.00711328
0.0431735
0.00717659
0.0435107
0.00713615
0.0437356
0.00702199
0.0441604
0.00685379
0.0448947
0.00663156
0.045941
0.00634256
0.0472827
0.00597895
0.0489168
0.00555168
0.0508481
0.00509592
0.0530806
0.00467368
0.0556214
0.00437708
0.0584868
0.00433421
0.0617064
0.00471714
0.0653227
0.00575631
0.0693861
0.00776378
0.07394
0.0111739
0.0789838
0.0166116
0.0843877
0.0250033
0.0897097
0.0377491
0.093822
0.0569497
0.0940544
0.0857496
0.0849501
0.128408
0.0567813
0.18671
0.260814
0.0111022
0.00444875
0.0212564
0.0045791
0.0296917
0.00479966
0.0359639
0.005047
0.040031
0.00525924
0.0422299
0.00539654
0.0431521
0.0054497
0.0434489
0.0054338
0.0436446
0.00537148
0.0440402
0.00527562
0.0447387
0.00514295
0.045745
0.0049603
0.0470533
0.00471779
0.048675
0.0044194
0.0506293
0.00408795
0.052938
0.0037672
0.0556285
0.00352641
0.0587435
0.00346647
0.0623468
0.00372949
0.0665297
0.00451319
0.0714156
0.00609709
0.0771602
0.00888736
0.0839395
0.0134994
0.0918955
0.020915
0.100994
0.0327388
0.11072
0.0515938
0.119581
0.0816451
0.123499
0.129766
0.0949411
0.221165
0.362244
0.0111745
0.00300472
0.0213785
0.00308969
0.0298287
0.00323315
0.0360815
0.00339334
0.0401072
0.00352988
0.04226
0.0036171
0.0431443
0.00364962
0.0434158
0.00363731
0.0435935
0.00359412
0.0439694
0.00352621
0.0446412
0.00342816
0.0456156
0.00328742
0.0468947
0.00309346
0.0485005
0.00284443
0.050465
0.00255289
0.0528237
0.00224535
0.0556228
0.00196743
0.0589293
0.00178927
0.0628402
0.0018145
0.0674969
0.00219071
0.0731005
0.00313521
0.0799347
0.00497206
0.0883975
0.00821504
0.09899
0.0137613
0.112229
0.0232368
0.128184
0.0397638
0.143863
0.0706267
0.152967
0.126071
0.119232
0.261302
0.48898
0.00897345
0.00181369
0.01716
0.00186358
0.0239267
0.0019474
0.0289196
0.00204002
0.0321207
0.00211695
0.0338212
0.00216243
0.034511
0.00217227
0.0347161
0.00215098
0.0348485
0.00210461
0.0351376
0.00203372
0.0356584
0.00193127
0.0364171
0.0017854
0.0374192
0.00158491
0.0386881
0.00132225
0.040255
0.00100886
0.0421567
0.000653556
0.0444399
0.000282997
0.0471724
-5.92563e-05
0.050451
-0.000305613
0.0544192
-0.000355206
0.0592862
-6.14561e-05
0.0653655
0.000791211
0.0731581
0.0025484
0.0834418
0.00582579
0.0975915
0.0116934
0.118204
0.0221359
0.151537
0.0408111
0.206875
0.0750282
0.324477
0.149178
0.279975
0.540812
0.00899111
0.000603288
0.0171896
0.000618672
0.0239595
0.000643817
0.0289467
0.000669678
0.0321368
0.000686995
0.0338247
0.000688817
0.0345036
0.000671279
0.0346998
0.000632484
0.0348237
0.000569918
0.0351017
0.000478168
0.0356071
0.000348298
0.0363467
0.00016896
0.0373269
-7.31464e-05
0.0385784
-0.000388867
0.0401315
-0.000759409
0.0420294
-0.00120779
0.0443252
-0.0017203
0.0470955
-0.00227927
0.0504474
-0.00285424
0.0545445
-0.00340425
0.0596257
-0.00386407
0.0660513
-0.00413258
0.0744344
-0.00409948
0.0857237
-0.00349253
0.101637
-0.00198998
0.124988
0.00140971
0.160865
0.00814641
0.219225
0.0207645
0.332528
0.041356
0.0808016
0.53933
0.00899655
-0.000614069
0.0171985
-0.000633169
0.0239686
-0.000666783
0.0289528
-0.000708095
0.0321373
-0.000751553
0.0338184
-0.000795815
0.0344897
-0.000845011
0.0346775
-0.00090812
0.034791
-0.000996763
0.0350554
-0.00112283
0.0355436
-0.00129757
0.0362625
-0.00153184
0.0372217
-0.00183751
0.0384439
-0.00222902
0.0399721
-0.00270984
0.0418485
-0.00329551
0.0441305
-0.00399534
0.0468962
-0.00481792
0.0502618
-0.00577104
0.0543914
-0.00686952
0.0595382
-0.00813465
0.0661007
-0.00961009
0.0746869
-0.0113959
0.0863819
-0.0136532
0.10302
-0.0167647
0.128106
-0.021406
0.168351
-0.0292276
0.235333
-0.0424213
0.344459
-0.0625121
-0.0989631
0.531721
0.00898976
-0.00182602
0.0171866
-0.00188019
0.0239539
-0.00197374
0.0289372
-0.00208403
0.0321214
-0.00219072
0.0338006
-0.00228429
0.0344669
-0.00236929
0.0346454
-0.00246214
0.0347455
-0.00258407
0.0349924
-0.00275409
0.0354591
-0.00298632
0.0361523
-0.00329174
0.0370805
-0.00368235
0.0382704
-0.00417384
0.0397606
-0.00478364
0.0415957
-0.00553395
0.0438329
-0.00645051
0.0465508
-0.00756622
0.0498626
-0.00892468
0.0539299
-0.0105917
0.0589967
-0.0126683
0.0654393
-0.0153257
0.0738397
-0.018873
0.0851927
-0.0238458
0.101177
-0.0312876
0.124679
-0.0430652
0.160775
-0.0628892
0.21956
-0.0978612
0.333789
-0.171944
-0.300966
0.542871
0.00897054
-0.00302034
0.0171534
-0.00311077
0.0239147
-0.00326658
0.0288993
-0.00344909
0.0320879
-0.00362294
0.0337699
-0.00376994
0.0344331
-0.00389509
0.0346011
-0.00402206
0.0346836
-0.00418224
0.034908
-0.00440238
0.0353482
-0.00470025
0.0360105
-0.00508744
0.0369021
-0.00557658
0.0380489
-0.00618591
0.0394879
-0.00694022
0.0412621
-0.00787121
0.043426
-0.00901921
0.046054
-0.0104383
0.0492507
-0.0122033
0.0531639
-0.0144243
0.0580098
-0.01727
0.0641112
-0.0210144
0.0719571
-0.0261279
0.082346
-0.0334371
0.0966506
-0.0445332
0.117498
-0.0624926
0.151188
-0.0946187
0.207208
-0.151108
0.326705
-0.287382
0.549193
-0.517314
0.534281
0.0127462
0.546493
-0.00474672
0.558974
-0.00387622
0.57063
-0.00204572
0.582
-0.000961327
0.593397
-0.000436996
0.604832
-0.000205257
0.616138
-9.79835e-05
0.627092
-4.72902e-05
0.637475
-2.31602e-05
0.647104
-1.14328e-05
0.655849
-5.6678e-06
0.66364
-2.83457e-06
0.670464
-1.42889e-06
0.676354
-7.23497e-07
0.681374
-3.64624e-07
0.685607
-1.77476e-07
0.689138
-7.8109e-08
0.692047
-1.7423e-08
0.694405
2.74774e-08
0.696268
4.67085e-08
0.697676
6.45039e-08
0.698661
6.03875e-08
0.699245
5.46096e-08
5.47386e-08
0.561356
-0.00307304
0.564148
-5.14161e-05
0.568106
0.000758549
0.575084
0.000578097
0.584162
0.0003629
0.594464
0.000217417
0.605365
0.000121037
0.616409
6.51297e-05
0.627234
3.42046e-05
0.637554
1.75724e-05
0.647151
8.91143e-06
0.65588
4.45625e-06
0.663664
2.20496e-06
0.670484
1.07956e-06
0.676372
5.24295e-07
0.681392
2.53755e-07
0.685624
1.25247e-07
0.689155
6.61133e-08
0.692065
4.36287e-08
0.694423
4.08942e-08
0.696285
3.75865e-08
0.697693
3.94733e-08
0.698679
3.33247e-08
0.699262
2.87828e-08
2.67105e-08
0.53609
-0.00135959
0.546591
-0.00318612
0.558306
-0.00237379
0.569904
-0.00142019
0.581463
-0.000794864
0.593074
-0.000440032
0.604655
-0.000235275
0.616049
-0.0001235
0.627053
-6.39553e-05
0.637463
-3.27036e-05
0.647106
-1.65718e-05
0.655858
-8.30186e-06
0.663653
-4.11081e-06
0.670479
-2.01084e-06
0.67637
-9.6904e-07
0.681391
-4.58869e-07
0.685623
-2.12348e-07
0.689155
-9.3194e-08
0.692064
-3.88944e-08
0.694423
-2.08438e-08
0.696285
-1.10779e-08
0.697693
-1.15054e-08
0.698679
-7.57767e-09
0.699262
-6.97936e-09
-1.64981e-08
0.563887
-0.0162291
0.565418
0.0026534
0.568779
0.00281787
0.57544
0.00149787
0.584352
0.000681635
0.594564
0.000293886
0.605417
0.000132342
0.616436
6.09179e-05
0.627248
2.84576e-05
0.637561
1.35937e-05
0.647155
6.5788e-06
0.655882
3.2123e-06
0.663665
1.59852e-06
0.670485
8.06773e-07
0.676373
4.09862e-07
0.681392
2.05374e-07
0.685624
9.62484e-08
0.689155
3.92515e-08
0.692065
1.62423e-09
0.694423
-2.96549e-08
0.696285
-4.25376e-08
0.697693
-5.58842e-08
0.698679
-4.99535e-08
0.699262
-4.37023e-08
-4.98389e-08
0.538915
0.548875
0.560213
0.571274
0.582335
0.59357
0.60492
0.616183
0.627115
0.637487
0.64711
0.655852
0.663641
0.670465
0.676354
0.681374
0.685607
0.689138
0.692047
0.694405
0.696268
0.697676
0.698661
0.699245
0.0112853
-0.00448654
0.0215884
-0.00462535
0.0301154
-0.0048647
0.0364159
-0.00514518
0.0404568
-0.00541151
0.0425921
-0.00563372
0.0434283
-0.0058162
0.043623
-0.0059917
0.0436961
-0.00620461
0.0439392
-0.00649271
0.0444487
-0.00687944
0.0452323
-0.00737804
0.0462957
-0.00800204
0.0476686
-0.00877296
0.0493936
-0.00972241
0.0515203
-0.0108924
0.0541104
-0.0123386
0.057246
-0.0141362
0.0610395
-0.0163904
0.0656449
-0.0192533
0.0712752
-0.0229525
0.0782253
-0.0278405
0.0868945
-0.0344821
0.0977961
-0.0438019
0.111443
-0.0573585
0.127885
-0.0777159
0.144082
-0.109023
0.153724
-0.158139
0.120298
-0.250248
-0.392091
0.0112067
-0.00588171
0.0214528
-0.00607284
0.0299564
-0.00640331
0.0362646
-0.0067921
0.0403299
-0.00716263
0.0424868
-0.00747119
0.043326
-0.00771979
0.0434987
-0.00794935
0.043528
-0.0082173
0.0437137
-0.00857376
0.0441581
-0.00904946
0.0448685
-0.00966002
0.045846
-0.01042
0.0471142
-0.0113534
0.0487095
-0.0124968
0.0506733
-0.0139001
0.053055
-0.0156296
0.0559186
-0.017775
0.0593473
-0.02046
0.063448
-0.0238603
0.0683556
-0.0282301
0.0742324
-0.0339462
0.0812538
-0.041579
0.089558
-0.0520015
0.0991009
-0.0665656
0.109361
-0.0873245
0.118819
-0.117388
0.123329
-0.160974
0.0952064
-0.219753
-0.293846
0.0110982
-0.00718316
0.0212653
-0.00743144
0.0297357
-0.00786236
0.036054
-0.00837237
0.0401537
-0.00886176
0.0423435
-0.00927064
0.0431924
-0.00959618
0.0433421
-0.00988559
0.0433198
-0.0102094
0.0434363
-0.0106313
0.0438021
-0.0111908
0.0444253
-0.0119073
0.0453014
-0.0127963
0.0464464
-0.0138829
0.0478889
-0.015207
0.0496604
-0.0168235
0.0517964
-0.0188048
0.0543398
-0.021248
0.0573426
-0.0242847
0.060864
-0.0280966
0.0649643
-0.0329378
0.0696896
-0.0391678
0.0750341
-0.0472991
0.0808569
-0.0580592
0.0866987
-0.0724635
0.0914091
-0.0918525
0.0922743
-0.117753
0.0837705
-0.151568
0.0562154
-0.190853
-0.235917
0.0109571
-0.0083696
0.0210205
-0.00868043
0.0294459
-0.0092224
0.0357756
-0.00986857
0.0399201
-0.0104942
0.0421561
-0.0110202
0.0430242
-0.0114359
0.0431529
-0.0117923
0.0430735
-0.0121725
0.0431099
-0.0126545
0.0433844
-0.0132891
0.0439069
-0.0141005
0.0446675
-0.0151052
0.0456734
-0.0163285
0.0469443
-0.0178114
0.0485012
-0.0196107
0.050365
-0.0218013
0.0525578
-0.0244811
0.0551019
-0.0277802
0.0580132
-0.0318731
0.0612898
-0.0369943
0.0648886
-0.0434595
0.0686811
-0.0516909
0.0723704
-0.06224
0.0753401
-0.0757918
0.0764055
-0.0931039
0.0734297
-0.114741
0.0629968
-0.140833
0.0406688
-0.167947
-0.194464
0.0107802
-0.00942151
0.0207122
-0.00980046
0.0290783
-0.0104647
0.0354192
-0.0112633
0.0396196
-0.0120447
0.0419169
-0.0127076
0.0428173
-0.0132294
0.0429311
-0.0136621
0.0427921
-0.0140998
0.0427399
-0.0146359
0.0429116
-0.0153342
0.0433215
-0.0162258
0.0439544
-0.0173287
0.0448085
-0.0186671
0.045894
-0.0202813
0.0472215
-0.0222276
0.048798
-0.0245791
0.0506267
-0.0274299
0.0527039
-0.0309017
0.0550106
-0.0351522
0.0574979
-0.0403847
0.0600631
-0.0468585
0.0625076
-0.0548968
0.0644696
-0.0648824
0.0653192
-0.0772247
0.0640154
-0.0922624
0.0589676
-0.110006
0.047916
-0.129923
0.0290105
-0.149016
-0.165315
0.0105641
-0.0103216
0.0203337
-0.010774
0.0286233
-0.0115715
0.0349737
-0.0125393
0.0392407
-0.0134975
0.041617
-0.0143195
0.0425665
-0.0149665
0.0426759
-0.0154876
0.0424793
-0.0159857
0.042333
-0.0165701
0.0423922
-0.0173196
0.0426792
-0.0182747
0.0431748
-0.0194554
0.0438679
-0.0208847
0.0447594
-0.0225999
0.0458499
-0.0246546
0.0471343
-0.0271174
0.0485997
-0.0300748
0.0502216
-0.0336355
0.0519548
-0.037935
0.0537195
-0.0431403
0.0553785
-0.049452
0.0567043
-0.0570999
0.0573306
-0.0663245
0.056689
-0.0773287
0.0539444
-0.0901799
0.0479829
-0.104608
0.0374443
-0.11984
0.0216465
-0.133573
-0.143958
0.0103058
-0.0110554
0.0198785
-0.0115856
0.0280711
-0.0125263
0.0344267
-0.0136794
0.0387707
-0.014836
0.0412453
-0.0158413
0.042265
-0.0166358
0.042386
-0.017261
0.0421386
-0.0178255
0.0418964
-0.0184539
0.0418363
-0.0192422
0.0419922
-0.0202428
0.0423431
-0.0214798
0.0428696
-0.0229742
0.0435633
-0.0247594
0.0444159
-0.026884
0.0454119
-0.0294104
0.0465259
-0.0324151
0.047718
-0.0359909
0.0489256
-0.0402493
0.0500509
-0.0453207
0.0509428
-0.0513508
0.0513724
-0.0584897
0.0510027
-0.0668671
0.0493568
-0.0765435
0.045801
-0.0874268
0.0395866
-0.0991317
0.0299424
-0.110866
0.0166989
-0.12094
-0.127832
0.0100025
-0.0116117
0.0193409
-0.0122229
0.0274123
-0.0133145
0.0337659
-0.014667
0.0381956
-0.0160429
0.0407893
-0.0172567
0.0419039
-0.0182242
0.0420579
-0.0189732
0.0417726
-0.0196141
0.0414374
-0.0202853
0.0412542
-0.0211013
0.0412729
-0.0221296
0.0414743
-0.0234008
0.0418318
-0.0249345
0.0423281
-0.0267594
0.0429471
-0.0289178
0.0436653
-0.0314642
0.044448
-0.0344638
0.0452448
-0.0379931
0.0459834
-0.0421396
0.0465585
-0.0469999
0.0468188
-0.052672
0.0465509
-0.0592426
0.0454626
-0.0667608
0.0431723
-0.0751959
0.0392175
-0.0843732
0.0331122
-0.0938841
0.0244483
-0.103017
0.0132779
-0.110548
-0.115311
0.00965241
-0.0119832
0.018716
-0.0126764
0.0266386
-0.0139235
0.032979
-0.0154864
0.0375008
-0.0171001
0.0402342
-0.0185479
0.0414719
-0.019716
0.041686
-0.020613
0.041382
-0.0213456
0.0409626
-0.0220626
0.0406564
-0.0228981
0.0405344
-0.0239376
0.0405835
-0.0252213
0.040772
-0.0267695
0.0410748
-0.0286056
0.0414689
-0.0307648
0.0419247
-0.0332928
0.0424012
-0.0362434
0.0428423
-0.0396769
0.0431713
-0.0436589
0.0432832
-0.0482561
0.0430354
-0.0535281
0.0422384
-0.0595131
0.0406488
-0.0662054
0.0379713
-0.0735206
0.033878
-0.0812512
0.0280643
-0.0890112
0.0203358
-0.0962012
0.0108332
-0.101935
-0.105354
0.00925475
-0.0121668
0.0180013
-0.0129408
0.0257434
-0.0143437
0.0320551
-0.016123
0.0366716
-0.0179896
0.039564
-0.019695
0.0409554
-0.021093
0.0412617
-0.0221665
0.0409653
-0.0230116
0.0404768
-0.0237836
0.0400524
-0.0246348
0.0397891
-0.0256715
0.039685
-0.0269476
0.0397068
-0.0284867
0.0398226
-0.0303079
0.0400034
-0.0324388
0.0402153
-0.034916
0.0404137
-0.0377818
0.0405399
-0.041082
0.0405176
-0.0448626
0.0402468
-0.0491657
0.0395984
-0.0540205
0.0384096
-0.0594308
0.0364838
-0.0653554
0.0335978
-0.0716829
0.029525
-0.0782015
0.024082
-0.0845684
0.017196
-0.0902955
0.00903386
-0.0947377
-0.0972766
0.00881022
-0.0121641
0.0171962
-0.0130149
0.0247231
-0.0145687
0.0309854
-0.0165644
0.0356943
-0.0186932
0.038762
-0.0206767
0.0403379
-0.0223339
0.0407732
-0.023616
0.0405172
-0.0246009
0.0399823
-0.0254441
0.0394504
-0.0263133
0.0390486
-0.0273375
0.0387926
-0.0285884
0.0386513
-0.0300969
0.0385882
-0.0318796
0.0385694
-0.0339571
0.0385575
-0.0363566
0.0385066
-0.03911
0.0383582
-0.0422496
0.0380389
-0.0458053
0.0374567
-0.0497992
0.0364981
-0.0542378
0.0350269
-0.0591013
0.0328872
-0.064328
0.0299137
-0.0697963
0.0259536
-0.0753062
0.0209026
-0.0805634
0.0147544
-0.0851778
0.00767362
-0.0886761
-0.0906161
0.00832116
-0.0119819
0.0163037
-0.0129021
0.0235776
-0.0145964
0.0297643
-0.016801
0.0345569
-0.0191939
0.0378112
-0.0214705
0.0396008
-0.023414
0.0402049
-0.0249394
0.0400287
-0.0260976
0.0394777
-0.0270363
0.0388561
-0.0279341
0.0383233
-0.0289422
0.0379186
-0.0301542
0.0376191
-0.031613
0.0373861
-0.0333365
0.037182
-0.0353391
0.0369671
-0.0376395
0.0366951
-0.0402595
0.0363098
-0.0432202
0.0357424
-0.0465379
0.0349104
-0.0502193
0.033716
-0.0542547
0.0320472
-0.0586091
0.0297824
-0.0632104
0.0268013
-0.0679376
0.0230034
-0.0726099
0.0183351
-0.0769797
0.0128241
-0.080738
0.00662065
-0.0835348
-0.0850527
0.00779174
-0.0116316
0.0153295
-0.0126108
0.022311
-0.014429
0.0283907
-0.0168268
0.0332506
-0.0194767
0.0366959
-0.0220536
0.0387243
-0.0243064
0.0395378
-0.0261099
0.0394857
-0.0274802
0.0389572
-0.0285475
0.0382714
-0.0294941
0.037621
-0.0304908
0.037074
-0.0316559
0.036622
-0.0330498
0.0362286
-0.034696
0.0358535
-0.0366057
0.0354556
-0.03879
0.0349894
-0.0412618
0.0344014
-0.0440322
0.033629
-0.0471068
0.032599
-0.0504807
0.0312286
-0.0541333
0.0294269
-0.0580203
0.0271003
-0.0620666
0.0241625
-0.0661576
0.0205495
-0.070134
0.0162393
-0.0737902
0.0112751
-0.0768821
0.00578881
-0.0791484
-0.0803596
0.00722797
-0.0111295
0.0142835
-0.0121545
0.0209324
-0.0140739
0.0268684
-0.0166405
0.0317713
-0.01953
0.0354028
-0.0224044
0.0376884
-0.0249822
0.0387492
-0.0270963
0.0388695
-0.028721
0.0384091
-0.0299582
0.0376939
-0.0309846
0.0369463
-0.0319853
0.0362676
-0.0331036
0.0356705
-0.0344223
0.0351259
-0.0359766
0.0345934
-0.0377784
0.0340314
-0.0398334
0.0333954
-0.0421467
0.0326353
-0.0447209
0.0316946
-0.0475532
0.0305096
-0.0506304
0.0290106
-0.0539244
0.0271245
-0.0573868
0.0247802
-0.0609433
0.0219166
-0.064489
0.0184946
-0.0678859
0.0145114
-0.0709642
0.0100156
-0.0735313
0.00512031
-0.0753897
-0.0763719
0.00663758
-0.0104962
0.0131786
-0.0115512
0.0194559
-0.0135437
0.0252073
-0.016246
0.0301201
-0.0193467
0.0339227
-0.0225041
0.0364742
-0.0254124
0.0378149
-0.0278637
0.0381566
-0.0297854
0.0378158
-0.0312407
0.0371147
-0.0323892
0.0362992
-0.0334218
0.0355053
-0.0345042
0.0347729
-0.0357449
0.0340864
-0.0371972
0.0334093
-0.0388793
0.0327002
-0.0407948
0.031916
-0.0429427
0.0310103
-0.0453189
0.0299324
-0.0479137
0.0286272
-0.0507081
0.0270365
-0.0536696
0.025102
-0.0567485
0.0227698
-0.0598742
0.0199975
-0.0629525
0.0167629
-0.0658649
0.0130741
-0.0684719
0.00897972
-0.0706206
0.00457533
-0.0721607
-0.0729677
0.00602977
-0.00975568
0.0120311
-0.0108229
0.0179007
-0.0128563
0.023424
-0.0156535
0.0283055
-0.018926
0.0322522
-0.0223386
0.0350664
-0.0255701
0.0367105
-0.0283755
0.0373189
-0.0306331
0.037153
-0.0323587
0.0365178
-0.0336815
0.0356735
-0.0347876
0.0347886
-0.0358583
0.033935
-0.0370288
0.033117
-0.0383756
0.0323066
-0.03993
0.0314654
-0.0416985
0.0305519
-0.0436769
0.0295232
-0.0458558
0.0283338
-0.0482205
0.0269362
-0.0507476
0.0252821
-0.0534026
0.0233251
-0.0561366
0.0210246
-0.0588837
0.0183516
-0.0615604
0.015295
-0.064066
0.011869
-0.0662853
0.00811907
-0.0680968
0.00412562
-0.0693845
-0.070055
0.0054148
-0.00893442
0.01086
-0.00999529
0.0162902
-0.0120342
0.021541
-0.0148795
0.0263433
-0.0182741
0.0303954
-0.0219007
0.033455
-0.0254327
0.0354135
-0.0285957
0.0363265
-0.0312195
0.0363911
-0.0332667
0.0358794
-0.0348236
0.0350551
-0.0360581
0.0341131
-0.0371572
0.0331586
-0.038279
0.0322219
-0.0395266
0.0312896
-0.0409511
0.0303291
-0.0425682
0.0293023
-0.0443748
0.0281692
-0.0463588
0.0268892
-0.0485019
0.0254213
-0.0507778
0.0237251
-0.0531514
0.0217638
-0.0555753
0.019507
-0.0579894
0.0169351
-0.0603203
0.0140443
-0.062482
0.0108514
-0.0643799
0.0073978
-0.0659165
0.00375079
-0.0670015
-0.0675636
0.00480351
-0.00806022
0.00968552
-0.00909606
0.0146518
-0.0111041
0.0195873
-0.0139469
0.0242574
-0.0174057
0.0283652
-0.0211918
0.0316379
-0.0249854
0.0339063
-0.0284923
0.0351499
-0.0314991
0.0354953
-0.0339124
0.035168
-0.0357663
0.0344212
-0.0371948
0.0334663
-0.0383784
0.0324399
-0.0394897
0.0314025
-0.0406583
0.0303606
-0.0419597
0.0292926
-0.0434259
0.0281655
-0.0450608
0.0269432
-0.0468534
0.0255892
-0.0487835
0.0240677
-0.0508238
0.0223452
-0.0529389
0.0203921
-0.055084
0.0181855
-0.0572046
0.0157125
-0.0592361
0.0129739
-0.0611056
0.0099871
-0.0627347
0.00678895
-0.0640448
0.00343569
-0.0649648
-0.0654395
0.00420666
-0.00716088
0.00852886
-0.00815401
0.0130147
-0.0100959
0.0175962
-0.0128844
0.0220791
-0.016344
0.0261839
-0.0202239
0.0296228
-0.0242237
0.0321791
-0.0280414
0.0337635
-0.0314293
0.0344295
-0.0342403
0.0343461
-0.0364496
0.0337395
-0.0381441
0.0328263
-0.0394826
0.0317675
-0.0406402
0.0306544
-0.0417671
0.029519
-0.0429657
0.0283553
-0.04429
0.0271393
-0.0457575
0.0258398
-0.0473634
0.0244245
-0.0490892
0.0228621
-0.0509081
0.0211243
-0.0527853
0.0191873
-0.054679
0.0170335
-0.0565396
0.0146548
-0.0583107
0.0120544
-0.05993
0.00924936
-0.0613322
0.00627188
-0.0624536
0.00316904
-0.0632375
-0.0636408
0.00363437
-0.00626298
0.00741032
-0.00719762
0.011409
-0.00904077
0.0156045
-0.0117249
0.0198465
-0.01512
0.0238836
-0.0190203
0.0274285
-0.023156
0.0302328
-0.0272313
0.032149
-0.0309761
0.0331602
-0.0341962
0.033372
-0.0368071
0.0329696
-0.038839
0.0321603
-0.0404117
0.0311196
-0.0416895
0.0299661
-0.0428323
0.0287595
-0.0439662
0.0275148
-0.0451705
0.0262207
-0.0464828
0.0248539
-0.0479104
0.0233868
-0.0494413
0.0217925
-0.0510515
0.0200469
-0.0527088
0.0181302
-0.0543744
0.0160292
-0.0560034
0.0137384
-0.0575462
0.0112624
-0.0589494
0.00861723
-0.0601584
0.00583069
-0.0611209
0.00294212
-0.0617913
-0.0621353
0.00309566
-0.00539064
0.0063485
-0.00625373
0.00986335
-0.0079702
0.0136501
-0.0105047
0.0176019
-0.0137718
0.0215047
-0.017615
0.0250856
-0.021805
0.0280811
-0.0260656
0.0302994
-0.0301188
0.0316607
-0.0337345
0.0322047
-0.0367726
0.0320659
-0.0392018
0.0314259
-0.0410905
0.0304631
-0.0425743
0.0293155
-0.0438101
0.0280694
-0.0449384
0.0267638
-0.0460631
0.0254048
-0.0472454
0.0239799
-0.0485108
0.0224686
-0.0498592
0.0208486
-0.0512739
0.0190995
-0.0527272
0.0172049
-0.0541842
0.0151542
-0.055605
0.012944
-0.0569458
0.0105792
-0.0581606
0.00807423
-0.0592031
0.00545298
-0.0600302
0.00274831
-0.0606047
-0.0608988
0.00259804
-0.00456449
0.00535941
-0.00534627
0.00840376
-0.00691407
0.0117695
-0.00926072
0.0153902
-0.0123423
0.0190943
-0.016052
0.0226358
-0.020208
0.0257519
-0.0245661
0.0282225
-0.0288554
0.029916
-0.0328247
0.0308098
-0.0362878
0.0309812
-0.0391532
0.0305739
-0.0414301
0.0297538
-0.0432098
0.0286685
-0.0446297
0.0274254
-0.0458329
0.0260877
-0.0469402
0.0246821
-0.0480365
0.0232106
-0.0491694
0.0216624
-0.0503561
0.0200213
-0.0515917
0.0182709
-0.0528569
0.016398
-0.0541228
0.0143939
-0.0553549
0.0122562
-0.0565149
0.00998981
-0.0575632
0.00760731
-0.0584605
0.00512904
-0.0591705
0.00258235
-0.0596627
-0.0599143
0.00214712
-0.00380092
0.00445569
-0.00449526
0.00705204
-0.00589928
0.00999556
-0.00802906
0.0132554
-0.0108767
0.0167033
-0.0143827
0.0201297
-0.0184157
0.0232866
-0.0227732
0.0259422
-0.027206
0.0279272
-0.0314583
0.0291647
-0.0353117
0.029674
-0.0386218
0.0295524
-0.0413372
0.0289392
-0.0434948
0.0279789
-0.0451952
0.0267916
-0.0465692
0.0254612
-0.0477433
0.0240354
-0.0488202
0.022534
-0.0498697
0.0209586
-0.0509297
0.0193014
-0.052012
0.0175513
-0.0531096
0.0156984
-0.0542027
0.013736
-0.0552639
0.0116626
-0.0562612
0.00948237
-0.0571609
0.00720627
-0.0579298
0.00485133
-0.0585372
0.00244026
-0.0589576
-0.0591723
0.00174647
-0.00311162
0.00364608
-0.00371613
0.00582491
-0.00494851
0.00835605
-0.00684257
0.011238
-0.00941991
0.0143833
-0.0126625
0.0176238
-0.0164889
0.0207385
-0.0207445
0.023499
-0.0252141
0.0257142
-0.0296535
0.0272642
-0.0338287
0.0281154
-0.0375558
0.0283142
-0.0407273
0.0279637
-0.0433216
0.0271914
-0.0453914
0.0261196
-0.0470373
0.0248458
-0.0483783
0.0234366
-0.0495244
0.02193
-0.0505626
0.0203425
-0.0515513
0.0186771
-0.0525217
0.0169302
-0.0534829
0.015096
-0.0544277
0.0131706
-0.0553386
0.0111531
-0.0561913
0.00904754
-0.0569588
0.00686309
-0.0576136
0.00461397
-0.0581302
0.00231889
-0.0584874
-0.0586697
0.0013975
-0.00250353
0.00293517
-0.00301932
0.00473326
-0.00407926
0.00687187
-0.00572929
0.00937204
-0.00801314
0.0121823
-0.010947
0.0151765
-0.0144947
0.0181691
-0.0185516
0.0209481
-0.0229453
0.0233161
-0.0274572
0.0251244
-0.0318558
0.026295
-0.0359335
0.0268255
-0.0395383
0.0267765
-0.0425933
0.0262479
-0.0450965
0.0253518
-0.0471068
0.0241906
-0.0487186
0.0228441
-0.0500369
0.0213665
-0.0511569
0.0197902
-0.0521524
0.0181307
-0.0530732
0.0163935
-0.0539463
0.0145792
-0.0547802
0.0126872
-0.0555699
0.0107185
-0.0563014
0.00867723
-0.0569554
0.00657119
-0.0575112
0.00441227
-0.0579487
0.00221585
-0.0582508
-0.0584048
0.00109963
-0.00197912
0.00232349
-0.00241029
0.00378194
-0.00330335
0.00555638
-0.00471107
0.00768352
-0.00669194
0.0101416
-0.00928806
0.0128437
-0.0125014
0.0156433
-0.0162745
0.0183554
-0.0204825
0.0207895
-0.0249437
0.0227831
-0.0294445
0.0242258
-0.0337716
0.0250724
-0.0377443
0.0253405
-0.0412394
0.0250953
-0.044202
0.0244284
-0.0466418
0.0234362
-0.048617
0.0222043
-0.0502121
0.0207989
-0.0515181
0.019266
-0.0526168
0.0176342
-0.0535714
0.0159199
-0.0544255
0.0141312
-0.0552038
0.0122728
-0.055916
0.0103483
-0.0565601
0.00836295
-0.0571272
0.00632402
-0.0576041
0.0042417
-0.0579771
0.00212877
-0.0582336
-0.0583641
0.000850517
-0.00153687
0.00180792
-0.00188996
0.00297005
-0.00262695
0.00441512
-0.00380286
0.00618914
-0.00548411
0.00829317
-0.00773027
0.0106742
-0.0105728
0.0132243
-0.0139952
0.0157917
-0.01792
0.0182041
-0.022209
0.0202983
-0.0266791
0.0219453
-0.0311283
0.0230667
-0.0353645
0.0236408
-0.0392327
0.0236961
-0.0426329
0.0232964
-0.0455257
0.0225228
-0.0479256
0.0214573
-0.0498857
0.0201715
-0.0514795
0.0187218
-0.0527843
0.0171482
-0.05387
0.0154776
-0.0547918
0.0137271
-0.0555884
0.0119077
-0.0562839
0.0100274
-0.0568896
0.00809325
-0.0574077
0.00611329
-0.0578348
0.00409686
-0.0581641
0.00205497
-0.0583885
-0.0585021
0.000646437
-0.0011721
0.00138229
-0.00145532
0.00229165
-0.00205092
0.00344624
-0.00301251
0.00489597
-0.00440862
0.00665791
-0.00630844
0.00870643
-0.00876392
0.0109684
-0.0117911
0.013327
-0.0153549
0.0156362
-0.0193627
0.0177434
-0.0236704
0.0195135
-0.0281006
0.0208468
-0.0324669
0.02169
-0.0365993
0.0220368
-0.0403655
0.0219204
-0.0436838
0.0213996
-0.0465243
0.0205449
-0.0489019
0.0194253
-0.0508622
0.0181018
-0.0524671
0.0166227
-0.0537816
0.0150242
-0.054865
0.013332
-0.0557659
0.0115642
-0.0565198
0.00973385
-0.05715
0.00785165
-0.0576703
0.00592715
-0.0580868
0.00397006
-0.0584012
0.00199067
-0.0586123
-0.0587182
0.000482687
-0.000877777
0.00103821
-0.00110027
0.00173674
-0.0015716
0.00264149
-0.00234131
0.00380201
-0.00347546
0.00524519
-0.00504614
0.00696587
-0.00711722
0.00892006
-0.00972816
0.011024
-0.0128786
0.0131616
-0.0165181
0.0151993
-0.0205449
0.0170069
-0.0248158
0.0184752
-0.029164
0.0195291
-0.0334211
0.0201334
-0.0374384
0.0202914
-0.041103
0.0200366
-0.0443466
0.0194216
-0.0471448
0.0185065
-0.0495097
0.0173499
-0.0514786
0.0160037
-0.0531021
0.0145103
-0.0544342
0.0129027
-0.055525
0.0112059
-0.0564165
0.00943854
-0.0571413
0.00761551
-0.057723
0.00574914
-0.0581766
0.00385061
-0.0585116
0.00193066
-0.058733
-0.058843
0.00035401
-0.000645426
0.000765849
-0.000816612
0.00129245
-0.00118184
0.00198762
-0.0017849
0.00289747
-0.00268618
0.00405354
-0.00395542
0.00546463
-0.00566106
0.00710945
-0.00785701
0.00893293
-0.0105686
0.0108484
-0.0137808
0.0127467
-0.0174323
0.0145107
-0.0214185
0.016032
-0.0256022
0.0172241
-0.0298304
0.0180312
-0.0339535
0.018431
-0.037842
0.0184321
-0.0413991
0.0180659
-0.0445664
0.0173783
-0.0473218
0.0164202
-0.0496732
0.0152415
-0.0516492
0.0138868
-0.0532902
0.0123937
-0.0546398
0.0107925
-0.0557397
0.00910736
-0.0566261
0.00735754
-0.0573281
0.00555887
-0.0578677
0.00372497
-0.0582608
0.00186813
-0.0585178
-0.0586446
0.000254985
-0.00046593
0.000554755
-0.000594928
0.000944302
-0.000872054
0.00146793
-0.00133453
0.00216644
-0.00203516
0.0030721
-0.00303768
0.00420201
-0.00440928
0.00555118
-0.00621047
0.00708756
-0.00848318
0.008751
-0.0112393
0.0104575
-0.0144524
0.0121088
-0.0180552
0.0136053
-0.0219451
0.0148584
-0.0259946
0.0158005
-0.0300663
0.0163908
-0.0340283
0.0166157
-0.0377686
0.0164861
-0.0412035
0.0160303
-0.0442814
0.0152877
-0.0469807
0.0143016
-0.0493044
0.0131143
-0.051273
0.0117646
-0.0529169
0.010286
-0.0542703
0.00870657
-0.0553668
0.00704968
-0.0562364
0.0053348
-0.0569039
0.0035786
-0.0573886
0.0017958
-0.0577043
-0.0578599
0.000180352
-0.000330213
0.000394562
-0.000425426
0.000677281
-0.000631341
0.00106391
-0.000978512
0.00158901
-0.00151135
0.00228287
-0.0022854
0.00316641
-0.00336254
0.00424523
-0.00480361
0.00550444
-0.00665909
0.00690578
-0.00895887
0.00838871
-0.0117034
0.00987567
-0.0148585
0.0112811
-0.0183554
0.0125222
-0.0220967
0.0135277
-0.0259671
0.0142456
-0.0298446
0.0146459
-0.0336145
0.0147212
-0.0371795
0.0144827
-0.0404665
0.0139556
-0.0434289
0.0131733
-0.0460444
0.0121724
-0.0483111
0.0109895
-0.0502414
0.00965836
-0.0518565
0.00820913
-0.0531818
0.00666807
-0.0542425
0.00505785
-0.0550619
0.00339825
-0.0556593
0.00170688
-0.0560493
-0.0562417
0.000125261
-0.000229758
0.000275526
-0.0002986
0.000476826
-0.000448447
0.000756643
-0.000703586
0.00114317
-0.00110006
0.00166311
-0.00168437
0.00233794
-0.00251059
0.00317918
-0.00363548
0.00418367
-0.00511151
0.00532996
-0.00697856
0.00657737
-0.0092556
0.00786832
-0.0119343
0.00913379
-0.0149759
0.0103014
-0.0183133
0.0113034
-0.0218572
0.0120834
-0.0255045
0.0126016
-0.0291488
0.0128364
-0.0326904
0.0127842
-0.0360448
0.0124561
-0.0391476
0.0118739
-0.0419554
0.0110661
-0.044445
0.010064
-0.0466094
0.00889917
-0.0484536
0.00760165
-0.0499902
0.00619896
-0.0512357
0.00471596
-0.0522074
0.00317507
-0.0529209
0.00159672
-0.0533892
-0.0536209
8.54292e-05
-0.000156953
0.000188904
-0.000205722
0.000329516
-0.000312534
0.000528027
-0.000496126
0.00080666
-0.000784817
0.00118778
-0.00121612
0.00169134
-0.00183529
0.0023313
-0.00269225
0.00311167
-0.00383679
0.00402291
-0.00531221
0.00503999
-0.00714825
0.00612268
-0.00935463
0.0072185
-0.0119166
0.00826793
-0.0147939
0.00921102
-0.0179233
0.00999327
-0.0212242
0.0105707
-0.0246062
0.0109131
-0.0279767
0.0110054
-0.0312499
0.0108464
-0.0343519
0.0104468
-0.0372251
0.00982547
-0.039829
0.00900703
-0.0421387
0.0080186
-0.0441427
0.00688799
-0.0458391
0.0056423
-0.0472327
0.00430723
-0.0483319
0.0029069
-0.049146
0.00146395
-0.0496834
-0.0499503
5.72149e-05
-0.000105276
0.000127165
-0.000139131
0.000223529
-0.000213724
0.000361584
-0.000343101
0.000558303
-0.000548851
0.000831638
-0.000860246
0.00119886
-0.00131369
0.00167401
-0.00195106
0.00226477
-0.00281652
0.00296935
-0.00395205
0.00377411
-0.00539181
0.00465281
-0.0071564
0.00556768
-0.00924812
0.00647254
-0.0116481
0.00731741
-0.0143164
0.00805354
-0.017195
0.00863783
-0.0202123
0.00903647
-0.0232893
0.0092271
-0.0263466
0.00919942
-0.0293099
0.00895425
-0.0321145
0.00850165
-0.0347087
0.00785854
-0.0370539
0.00704643
-0.0391239
0.00608938
-0.0409033
0.00501247
-0.0423844
0.00384082
-0.0435653
0.00259903
-0.0444473
0.00131098
-0.0450332
-0.0453253
3.76324e-05
-6.9343e-05
8.40581e-05
-9.2378e-05
0.000148855
-0.000143425
0.000242988
-0.000232733
0.000379039
-0.000376297
0.000570887
-0.000596255
0.000832691
-0.000920894
0.00117715
-0.00138387
0.00161322
-0.00202236
0.0021435
-0.00287398
0.00276212
-0.00397269
0.00345326
-0.00534409
0.00419126
-0.00700097
0.00494212
-0.00893989
0.0056664
-0.0111396
0.00632309
-0.013562
0.00687327
-0.0161545
0.0072835
-0.0188541
0.00752836
-0.0215926
0.00759181
-0.0243015
0.00746743
-0.0269167
0.00715765
-0.0293816
0.0066723
-0.0316495
0.00602685
-0.0336837
0.00524072
-0.0354575
0.00433585
-0.0369523
0.00333546
-0.0381566
0.00226339
-0.0390634
0.0011436
-0.0396692
-0.0399723
2.43117e-05
-4.48588e-05
5.45664e-05
-6.02249e-05
9.73231e-05
-9.4466e-05
0.000160262
-0.000154871
0.000252454
-0.000252971
0.000384272
-0.000405029
0.000566808
-0.000632319
0.000810754
-0.000960913
0.00112478
-0.0014207
0.00151358
-0.00204345
0.00197601
-0.00285998
0.00250356
-0.00389654
0.00307984
-0.0051711
0.00368102
-0.00668996
0.00427754
-0.00844552
0.00483665
-0.0104155
0.00532542
-0.0125643
0.00571344
-0.0148448
0.0059754
-0.017202
0.00609277
-0.0195772
0.00605469
-0.0219115
0.00585803
-0.0241496
0.00550669
-0.026242
0.00501057
-0.0281467
0.00438429
-0.0298296
0.00364594
-0.0312642
0.00281598
-0.0324311
0.00191635
-0.0333165
0.000969923
-0.0339112
-0.0342098
1.54289e-05
-2.85061e-05
3.47911e-05
-3.85583e-05
6.24819e-05
-6.10776e-05
0.000103756
-0.00010112
0.000164982
-0.000166787
0.000253674
-0.000269699
0.000378187
-0.000425381
0.000547034
-0.000653353
0.000767792
-0.000976708
0.00104571
-0.001421
0.00138218
-0.00201235
0.00177344
-0.00277495
0.00220972
-0.00372802
0.00267516
-0.00488297
0.0031486
-0.00624096
0.00360514
-0.00779149
0.00401833
-0.00951234
0.00436231
-0.0113706
0.004614
-0.0133245
0.00475484
-0.0153265
0.00477201
-0.0173261
0.00465895
-0.019273
0.0044153
-0.0211195
0.00404637
-0.0228229
0.00356239
-0.0243459
0.00297749
-0.025658
0.00230882
-0.0267345
0.00157569
-0.0275569
0.000798871
-0.0281122
-0.0283918
9.6204e-06
-1.77974e-05
2.17914e-05
-2.42481e-05
3.93963e-05
-3.8773e-05
6.59492e-05
-6.47969e-05
0.000105811
-0.000107871
0.000164267
-0.000176085
0.000247396
-0.000280448
0.000361672
-0.000435125
0.000513262
-0.000657331
0.000707066
-0.00096676
0.000945592
-0.00138443
0.00122786
-0.00193095
0.00154855
-0.00262436
0.00189764
-0.00347776
0.00226064
-0.00449716
0.00261946
-0.00567981
0.00295379
-0.00701347
0.00324284
-0.00847659
0.00346692
-0.0100392
0.00360912
-0.0116649
0.00365651
-0.0133125
0.00360094
-0.0149391
0.00343937
-0.0165022
0.0031738
-0.0179614
0.00281077
-0.0192802
0.00236082
-0.0204269
0.00183769
-0.0213752
0.00125764
-0.0221043
0.000638681
-0.0225987
-0.0228484
5.89492e-06
-1.09193e-05
1.34109e-05
-1.49812e-05
2.44009e-05
-2.41722e-05
4.11636e-05
-4.07591e-05
6.66131e-05
-6.84567e-05
0.000104368
-0.000112754
0.000158711
-0.000181255
0.000234375
-0.000283938
0.000336113
-0.000433224
0.00046806
-0.000643731
0.00063294
-0.000931614
0.000831222
-0.00131346
0.00106038
-0.00180475
0.00131444
-0.00241814
0.0015839
-0.0031616
0.00185611
-0.00403691
0.00211617
-0.00503857
0.0023481
-0.00615355
0.00253602
-0.00736147
0.00266555
-0.00863561
0.00272489
-0.00994432
0.00270571
-0.0112528
0.00260364
-0.0125251
0.00241847
-0.0137257
0.002154
-0.0148214
0.0018177
-0.0157821
0.00142015
-0.0165823
0.000974475
-0.0172009
0.000495672
-0.0176222
-0.0178354
3.55042e-06
-6.5849e-06
8.11116e-06
-9.09544e-06
1.48492e-05
-1.48028e-05
2.52362e-05
-2.51745e-05
4.11746e-05
-4.26394e-05
6.50785e-05
-7.08343e-05
9.98788e-05
-0.000114876
0.000148916
-0.000181603
0.000215689
-0.00027971
0.000303452
-0.000419684
0.000414676
-0.000613461
0.000550436
-0.000873752
0.000709821
-0.00121304
0.00088949
-0.00164232
0.00108347
-0.00216969
0.00128328
-0.00279908
0.00147838
-0.00352915
0.00165699
-0.00435273
0.00180691
-0.00525672
0.00191657
-0.00622245
0.00197597
-0.00722651
0.00197747
-0.00824204
0.00191638
-0.00924011
0.00179126
-0.0101913
0.001604
-0.0110669
0.00135963
-0.0118407
0.00106601
-0.0124892
0.000733325
-0.0129932
0.000373581
-0.0133376
-0.0135124
2.10231e-06
-3.90411e-06
4.82236e-06
-5.42767e-06
8.88068e-06
-8.90693e-06
1.52001e-05
-1.52715e-05
2.4995e-05
-2.60747e-05
3.98368e-05
-4.36706e-05
6.16767e-05
-7.14193e-05
9.27987e-05
-0.000113886
0.000135681
-0.000176987
0.00019275
-0.000268012
0.000266027
-0.000395473
0.000356706
-0.000568717
0.000464717
-0.000797293
0.000588344
-0.00109009
0.000723994
-0.00145432
0.000866176
-0.00189451
0.00100772
-0.00241155
0.00114024
-0.00300204
0.00125476
-0.00365804
0.00134241
-0.00436704
0.00139519
-0.00511246
0.00140662
-0.00587438
0.00137231
-0.00663057
0.00129034
-0.0073577
0.00116136
-0.00803251
0.000988614
-0.00863293
0.000777706
-0.00913912
0.000536284
-0.00953427
0.000273598
-0.00980522
-0.00994298
1.22415e-06
-2.27625e-06
2.81898e-06
-3.18438e-06
5.22091e-06
-5.26721e-06
8.997e-06
-9.1014e-06
1.49057e-05
-1.56593e-05
2.39462e-05
-2.64308e-05
3.73842e-05
-4.35712e-05
5.67368e-05
-7.00535e-05
8.36995e-05
-0.000109796
0.000120001
-0.00016772
0.000167185
-0.000249704
0.000226324
-0.000362371
0.000297713
-0.000512712
0.000380576
-0.000707518
0.00047285
-0.00095269
0.000571105
-0.00125246
0.000670618
-0.00160868
0.00076564
-0.00202016
0.000849795
-0.0024824
0.000916568
-0.00298738
0.000959856
-0.00352376
0.000974504
-0.00407735
0.00095677
-0.00463173
0.000904672
-0.0051692
0.000818183
-0.00567165
0.00069928
-0.00612156
0.000551837
-0.00650288
0.000381398
-0.0068018
0.000194846
-0.00700739
-0.00711211
7.01131e-07
-1.30543e-06
1.62066e-06
-1.83727e-06
3.01798e-06
-3.06211e-06
5.23471e-06
-5.33053e-06
8.73474e-06
-9.23853e-06
1.41393e-05
-1.57091e-05
2.22494e-05
-2.60936e-05
3.40457e-05
-4.22826e-05
5.06526e-05
-6.68056e-05
7.32562e-05
-0.000102897
0.000102971
-0.000154494
0.00014066
-0.000226139
0.000186723
-0.000322753
0.000240883
-0.000449293
0.000302017
-0.000610282
0.000368053
-0.000809269
0.000435982
-0.00104828
0.000501983
-0.0013273
0.000561684
-0.00164398
0.000610475
-0.0019934
0.000643898
-0.00236806
0.000658047
-0.0027582
0.000649938
-0.00315215
0.000617804
-0.00353696
0.000561293
-0.00389913
0.000481542
-0.00422532
0.000381144
-0.00450312
0.000263992
-0.00472173
0.000135042
-0.00487251
-0.00494944
3.95096e-07
-7.36607e-07
9.16574e-07
-1.04273e-06
1.71581e-06
-1.75054e-06
2.9947e-06
-3.069e-06
5.03125e-06
-5.35614e-06
8.20336e-06
-9.17185e-06
1.30064e-05
-1.53453e-05
2.00582e-05
-2.50513e-05
3.00831e-05
-3.98843e-05
4.3868e-05
-6.19149e-05
6.21835e-05
-9.37088e-05
8.56721e-05
-0.000138285
0.000114711
-0.000198993
0.000149265
-0.000279307
0.000188759
-0.00038252
0.000231982
-0.000511389
0.000277073
-0.000667733
0.000321572
-0.000852059
0.000362572
-0.00106326
0.000396923
-0.00129844
0.000421488
-0.00155284
0.000433436
-0.00181993
0.00043051
-0.00209169
0.00041127
-0.002359
0.000375261
-0.00261214
0.000323095
-0.00284135
0.000256452
-0.00303745
0.000177987
-0.0031923
9.11587e-05
-0.00329938
-0.0033541
2.19107e-07
-4.09053e-07
5.10079e-07
-5.82287e-07
9.59683e-07
-9.84366e-07
1.68501e-06
-1.73748e-06
2.84943e-06
-3.05251e-06
4.67808e-06
-5.2623e-06
7.47051e-06
-8.86505e-06
1.16067e-05
-1.45749e-05
1.7541e-05
-2.33737e-05
2.57797e-05
-3.65553e-05
3.68355e-05
-5.57479e-05
5.11612e-05
-8.29018e-05
6.90625e-05
-0.000120227
9.06015e-05
-0.000170071
0.000115504
-0.000234735
0.000143089
-0.000316235
0.000172237
-0.000416037
0.000201409
-0.000534783
0.000228729
-0.000672056
0.00025211
-0.000826221
0.000269422
-0.000994342
0.000278687
-0.0011722
0.000278279
-0.00135446
0.000267095
-0.00153488
0.000244699
-0.00170671
0.000211394
-0.00186308
0.000168237
-0.00199741
0.000116986
-0.00210383
5.99856e-05
-0.0021776
-0.00221534
1.19612e-07
-2.23615e-07
2.79394e-07
-3.20029e-07
5.28212e-07
-5.44628e-07
9.32752e-07
-9.67538e-07
1.58719e-06
-1.71063e-06
2.62298e-06
-2.96793e-06
4.21741e-06
-5.03273e-06
6.59886e-06
-8.33005e-06
1.00454e-05
-1.34514e-05
1.48734e-05
-2.11862e-05
2.14132e-05
-3.25426e-05
2.99695e-05
-4.87477e-05
4.07687e-05
-7.12173e-05
5.3897e-05
-0.000101488
6.92385e-05
-0.000141107
8.64226e-05
-0.000191483
0.000104794
-0.000253711
0.000123417
-0.000328385
0.000141113
-0.000415426
0.00015654
-0.000513958
0.000168296
-0.000622223
0.000175049
-0.000737574
0.000175669
-0.00085655
0.000169359
-0.000975034
0.000155752
-0.00108848
0.000134982
-0.00119219
0.000107694
-0.00128162
7.50222e-05
-0.00135269
3.85102e-05
-0.00140205
-0.00142735
6.42946e-08
-1.20369e-07
1.50668e-07
-1.7316e-07
2.86175e-07
-2.9657e-07
5.08123e-07
-5.30121e-07
8.69803e-07
-9.42954e-07
1.44647e-06
-1.64603e-06
2.34095e-06
-2.80866e-06
3.6875e-06
-4.67867e-06
5.65228e-06
-7.60484e-06
8.42805e-06
-1.20583e-05
1.22211e-05
-1.86487e-05
1.72288e-05
-2.81287e-05
2.36086e-05
-4.13812e-05
3.14393e-05
-5.93828e-05
4.06814e-05
-8.31393e-05
5.11405e-05
-0.000113596
6.2444e-05
-0.000151527
7.40358e-05
-0.000197408
8.51958e-05
-0.000251303
9.50846e-05
-0.000312766
0.000102806
-0.000380776
0.00010749
-0.000453718
0.000108382
-0.000529412
0.000104927
-0.000605212
9.68457e-05
-0.000678146
8.41829e-05
-0.000745106
6.73234e-05
-0.000803052
4.6979e-05
-0.000849229
2.414e-05
-0.00088137
-0.000897859
3.40383e-08
-6.38172e-08
8.00148e-08
-9.22635e-08
1.52658e-07
-1.58987e-07
2.72481e-07
-2.85872e-07
4.69098e-07
-5.11442e-07
7.84792e-07
-8.97995e-07
1.27801e-06
-1.54141e-06
2.02605e-06
-2.58339e-06
3.126e-06
-4.22539e-06
4.69245e-06
-6.74262e-06
6.8507e-06
-1.04955e-05
9.72447e-06
-1.59349e-05
1.34178e-05
-2.35976e-05
1.7992e-05
-3.40873e-05
2.34408e-05
-4.80385e-05
2.96664e-05
-6.60635e-05
3.6462e-05
-8.86833e-05
4.35056e-05
-0.00011625
5.03678e-05
-0.000148866
5.6537e-05
-0.000186321
6.14563e-05
-0.000228039
6.45737e-05
-0.000273058
6.54e-05
-0.000320042
6.35657e-05
-0.000367336
5.88704e-05
-0.000413051
5.13181e-05
-0.000455188
4.11322e-05
-0.000491773
2.87487e-05
-0.000521004
1.47868e-05
-0.000541388
-0.000551857
1.7753e-08
-3.33336e-08
4.18579e-08
-4.84233e-08
8.02027e-08
-8.39321e-08
1.43877e-07
-1.51771e-07
2.4905e-07
-2.73029e-07
4.19048e-07
-4.82062e-07
6.86458e-07
-8.32169e-07
1.09491e-06
-1.40284e-06
1.69991e-06
-2.30815e-06
2.56802e-06
-3.70558e-06
3.77345e-06
-5.80365e-06
5.39141e-06
-8.86644e-06
7.48793e-06
-1.32125e-05
1.01065e-05
-1.92056e-05
1.32527e-05
-2.72348e-05
1.68796e-05
-3.76842e-05
2.08754e-05
-5.08917e-05
2.50578e-05
-6.71006e-05
2.9177e-05
-8.64095e-05
3.29285e-05
-0.000108727
3.5975e-05
-0.000133738
3.79763e-05
-0.000160883
3.86246e-05
-0.000189365
3.76816e-05
-0.000218173
3.50108e-05
-0.000246139
3.06011e-05
-0.000272012
2.4579e-05
-0.000294545
1.72053e-05
-0.000312593
8.8576e-06
-0.000325201
-0.000331683
9.12423e-09
-1.71579e-08
2.15754e-08
-2.50402e-08
4.15108e-08
-4.36463e-08
7.48271e-08
-7.93509e-08
1.30203e-07
-1.43504e-07
2.20278e-07
-2.54722e-07
3.62892e-07
-4.42107e-07
5.82188e-07
-7.49427e-07
9.09268e-07
-1.24006e-06
1.38195e-06
-2.00235e-06
2.04314e-06
-3.15445e-06
2.93732e-06
-4.84773e-06
4.10496e-06
-7.26697e-06
5.57492e-06
-1.0626e-05
7.35546e-06
-1.51575e-05
9.42512e-06
-2.10953e-05
1.1725e-05
-2.86512e-05
1.41542e-05
-3.79854e-05
1.65706e-05
-4.91758e-05
1.87973e-05
-6.21889e-05
2.06349e-05
-7.68567e-05
2.18788e-05
-9.28627e-05
2.23412e-05
-0.00010974
2.18728e-05
-0.000126889
2.03844e-05
-0.000143603
1.78621e-05
-0.000159119
1.43756e-05
-0.000172672
1.00774e-05
-0.000183552
5.19253e-06
-0.000191165
-0.000195083
4.62228e-09
-8.7055e-09
1.09605e-08
-1.27613e-08
2.11716e-08
-2.23636e-08
3.83408e-08
-4.08686e-08
6.70491e-08
-7.42838e-08
1.14029e-07
-1.32526e-07
1.8887e-07
-2.31212e-07
3.04688e-07
-3.9401e-07
4.78565e-07
-6.55489e-07
7.31549e-07
-1.06425e-06
1.08789e-06
-1.68595e-06
1.57323e-06
-2.60555e-06
2.21163e-06
-3.92793e-06
3.02132e-06
-5.77602e-06
4.00956e-06
-8.28538e-06
5.16723e-06
-1.15948e-05
6.46401e-06
-1.58329e-05
7.84533e-06
-2.11009e-05
9.23199e-06
-2.74546e-05
1.05235e-05
-3.48855e-05
1.16047e-05
-4.33069e-05
1.23556e-05
-5.25433e-05
1.26644e-05
-6.23283e-05
1.24403e-05
-7.23123e-05
1.16273e-05
-8.20803e-05
1.0213e-05
-9.1178e-05
8.235e-06
-9.91459e-05
5.78064e-06
-0.000105556
2.98102e-06
-0.000110048
-0.000112362
2.30868e-09
-4.35496e-09
5.48913e-09
-6.41123e-09
1.06434e-08
-1.12935e-08
1.93605e-08
-2.07408e-08
3.40194e-08
-3.78815e-08
5.81459e-08
-6.79114e-08
9.68074e-08
-1.19069e-07
1.56998e-07
-2.03934e-07
2.47928e-07
-3.41022e-07
3.81075e-07
-5.56587e-07
5.69852e-07
-8.86411e-07
8.28709e-07
-1.37724e-06
1.17154e-06
-2.08739e-06
1.60942e-06
-3.08597e-06
2.14767e-06
-4.45021e-06
2.78282e-06
-6.26041e-06
3.49965e-06
-8.59246e-06
4.26921e-06
-1.15083e-05
5.04832e-06
-1.50449e-05
5.78108e-06
-1.92035e-05
6.40243e-06
-2.39405e-05
6.84371e-06
-2.91607e-05
7.03981e-06
-3.47154e-05
6.93721e-06
-4.04057e-05
6.50151e-06
-4.59926e-05
5.72366e-06
-5.12121e-05
4.6234e-06
-5.57949e-05
3.24962e-06
-5.94891e-05
1.6771e-06
-6.20817e-05
-6.34185e-05
1.13717e-09
-2.14854e-09
2.71075e-09
-3.17606e-09
5.27544e-09
-5.62247e-09
9.63708e-09
-1.03748e-08
1.70117e-08
-1.90367e-08
2.92157e-08
-3.42866e-08
4.88817e-08
-6.03997e-08
7.96757e-08
-1.03949e-07
1.26471e-07
-1.7468e-07
1.9541e-07
-2.86524e-07
2.93763e-07
-4.58623e-07
4.29487e-07
-7.16209e-07
6.10412e-07
-1.09106e-06
8.43021e-07
-1.62124e-06
1.13088e-06
-2.34978e-06
1.4729e-06
-3.32205e-06
1.86162e-06
-4.58171e-06
2.282e-06
-6.16541e-06
2.71095e-06
-8.09655e-06
3.11801e-06
-1.03789e-05
3.46722e-06
-1.29912e-05
3.72009e-06
-1.5883e-05
3.83967e-06
-1.89728e-05
3.79507e-06
-2.215e-05
3.56593e-06
-2.52798e-05
3.14605e-06
-2.82122e-05
2.54559e-06
-3.07931e-05
1.79139e-06
-3.28774e-05
9.25206e-07
-3.43422e-05
-3.50981e-05
5.52526e-10
-1.04564e-09
1.32038e-09
-1.55184e-09
2.57869e-09
-2.76026e-09
4.73002e-09
-5.11653e-09
8.38635e-09
-9.42993e-09
1.44688e-08
-1.70598e-08
2.43225e-08
-3.0189e-08
3.98366e-08
-5.21956e-08
6.35451e-08
-8.81245e-08
9.86744e-08
-1.45239e-07
1.49088e-07
-2.33597e-07
2.19078e-07
-3.66569e-07
3.12952e-07
-5.61145e-07
4.34396e-07
-8.37871e-07
5.85643e-07
-1.22023e-06
7.66504e-07
-1.73328e-06
9.73423e-07
-2.40155e-06
1.19873e-06
-3.24613e-06
1.43033e-06
-4.28119e-06
1.65193e-06
-5.5104e-06
1.84404e-06
-6.92371e-06
1.98558e-06
-8.49486e-06
2.056e-06
-1.01802e-05
2.03791e-06
-1.19193e-05
1.91957e-06
-1.36378e-05
1.697e-06
-1.52524e-05
1.37532e-06
-1.66766e-05
9.68966e-07
-1.78288e-05
5.00795e-07
-1.86396e-05
-1.90584e-05
2.6488e-10
-5.0211e-10
6.34512e-10
-7.4804e-10
1.2434e-09
-1.33662e-09
2.28972e-09
-2.48843e-09
4.07683e-09
-4.60577e-09
7.06457e-09
-8.36796e-09
1.19295e-08
-1.48721e-08
1.9629e-08
-2.58269e-08
3.14584e-08
-4.38008e-08
4.90825e-08
-7.25172e-08
7.45168e-08
-1.17171e-07
1.1003e-07
-1.84722e-07
1.57938e-07
-2.84085e-07
2.20285e-07
-4.2614e-07
2.98397e-07
-6.23445e-07
3.92372e-07
-8.89564e-07
5.00557e-07
-1.23796e-06
6.19116e-07
-1.68044e-06
7.41816e-07
-2.22531e-06
8.60122e-07
-2.87533e-06
9.63685e-07
-3.62591e-06
1.04116e-06
-4.46368e-06
1.08138e-06
-5.36564e-06
1.07477e-06
-6.2995e-06
1.01472e-06
-7.22507e-06
8.98802e-07
-8.09684e-06
7.29537e-07
-8.86749e-06
5.14555e-07
-9.49202e-06
2.66117e-07
-9.93202e-06
-1.01594e-05
1.2532e-10
-2.3796e-10
3.00896e-10
-3.55818e-10
5.91569e-10
-6.38582e-10
1.09349e-09
-1.19384e-09
1.95484e-09
-2.21866e-09
3.40173e-09
-4.04744e-09
5.76914e-09
-7.22329e-09
9.53461e-09
-1.2597e-08
1.53493e-08
-2.14554e-08
2.40577e-08
-3.56765e-08
3.66923e-08
-5.78985e-08
5.44293e-08
-9.16809e-08
7.84896e-08
-1.4162e-07
1.09976e-07
-2.13373e-07
1.49649e-07
-3.13527e-07
1.97652e-07
-4.49273e-07
2.53239e-07
-6.27843e-07
3.14524e-07
-8.55702e-07
3.78357e-07
-1.13755e-06
4.40343e-07
-1.47525e-06
4.95087e-07
-1.86679e-06
5.36607e-07
-2.30545e-06
5.58956e-07
-2.77938e-06
5.56967e-07
-3.27163e-06
5.27014e-07
-3.76088e-06
4.67672e-07
-4.2228e-06
3.8015e-07
-4.63197e-06
2.68406e-07
-4.96408e-06
1.38902e-07
-5.19833e-06
-5.31948e-06
5.85278e-11
-1.11325e-10
1.40842e-10
-1.67055e-10
2.7777e-10
-3.01077e-10
5.15311e-10
-5.65132e-10
9.24807e-10
-1.05436e-09
1.61581e-09
-1.93098e-09
2.75168e-09
-3.45985e-09
4.56691e-09
-6.05818e-09
7.38367e-09
-1.03608e-08
1.16232e-08
-1.72999e-08
1.78053e-08
-2.81934e-08
2.65288e-08
-4.4832e-08
3.84243e-08
-6.95448e-08
5.4074e-08
-1.0522e-07
7.38984e-08
-1.55251e-07
9.80164e-08
-2.23378e-07
1.26099e-07
-3.13406e-07
1.57236e-07
-4.28795e-07
1.89863e-07
-5.72138e-07
2.21757e-07
-7.44587e-07
2.50156e-07
-9.45297e-07
2.71964e-07
-1.17098e-06
2.84074e-07
-1.41561e-06
2.83756e-07
-1.67046e-06
2.69062e-07
-1.92443e-06
2.39184e-07
-2.16477e-06
1.9469e-07
-2.37806e-06
1.37599e-07
-2.55144e-06
7.12511e-08
-2.67387e-06
-2.73722e-06
2.69887e-11
-5.14246e-11
6.50859e-11
-7.74326e-11
1.28752e-10
-1.4012e-10
2.39691e-10
-2.64023e-10
4.3177e-10
-4.94433e-10
7.57304e-10
-9.08925e-10
1.29479e-09
-1.63479e-09
2.15764e-09
-2.8736e-09
3.50277e-09
-4.93381e-09
5.53692e-09
-8.27096e-09
8.51747e-09
-1.35332e-08
1.2744e-08
-2.16067e-08
1.8536e-08
-3.36521e-08
2.61944e-08
-5.11192e-08
3.59451e-08
-7.57248e-08
4.78688e-08
-1.09378e-07
6.18249e-08
-1.54044e-07
7.73827e-08
-2.11533e-07
9.37765e-08
-2.83241e-07
1.09902e-07
-3.69844e-07
1.24369e-07
-4.71009e-07
1.35605e-07
-5.85148e-07
1.42016e-07
-7.09262e-07
1.42187e-07
-8.38925e-07
1.35095e-07
-9.68467e-07
1.20294e-07
-1.09132e-06
9.80452e-08
-1.20055e-06
6.93599e-08
-1.28946e-06
3.59363e-08
-1.35231e-06
-1.38486e-06
1.22905e-11
-2.34598e-11
2.97017e-11
-3.54418e-11
5.89271e-11
-6.43849e-11
1.1007e-10
-1.21767e-10
1.98986e-10
-2.28854e-10
3.50308e-10
-4.22224e-10
6.01215e-10
-7.62187e-10
1.00575e-09
-1.34474e-09
1.6392e-09
-2.31753e-09
2.60144e-09
-3.89988e-09
4.01786e-09
-6.4056e-09
6.03579e-09
-1.02664e-08
8.81426e-09
-1.60514e-08
1.25056e-08
-2.44761e-08
1.72282e-08
-3.63946e-08
2.30314e-08
-5.27644e-08
2.98575e-08
-7.45802e-08
3.75055e-08
-1.02772e-07
4.56074e-08
-1.38073e-07
5.36231e-08
-1.80864e-07
6.08651e-08
-2.31024e-07
6.65479e-08
-2.87801e-07
6.98689e-08
-3.49722e-07
7.01085e-08
-4.14588e-07
6.6739e-08
-4.79548e-07
5.95214e-08
-5.4128e-07
4.85735e-08
-5.9626e-07
3.43933e-08
-6.41077e-07
1.78294e-08
-6.72785e-07
-6.89215e-07
5.52888e-12
-1.05717e-11
1.33876e-11
-1.60224e-11
2.66355e-11
-2.92164e-11
4.99134e-11
-5.5452e-11
9.0545e-11
-1.04579e-10
1.5997e-10
-1.93612e-10
2.7555e-10
-3.5073e-10
4.62672e-10
-6.21001e-10
7.56918e-10
-1.0741e-09
1.20582e-09
-1.81407e-09
1.86952e-09
-2.99058e-09
2.81927e-09
-4.81074e-09
4.13287e-09
-7.54919e-09
5.88602e-09
-1.15536e-08
8.13923e-09
-1.72416e-08
1.09209e-08
-2.50854e-08
1.42081e-08
-3.55797e-08
1.79089e-08
-4.91931e-08
2.18489e-08
-6.63018e-08
2.57684e-08
-8.71136e-08
2.93327e-08
-1.1159e-07
3.21563e-08
-1.39381e-07
3.38417e-08
-1.69775e-07
3.40297e-08
-2.01697e-07
3.24532e-08
-2.33737e-07
2.89874e-08
-2.64246e-07
2.36839e-08
-2.91461e-07
1.67843e-08
-3.13674e-07
8.70545e-09
-3.29405e-07
-3.3756e-07
2.45741e-12
-4.70664e-12
5.96174e-12
-7.15546e-12
1.1893e-11
-1.30956e-11
2.23563e-11
-2.49402e-11
4.06894e-11
-4.71924e-11
7.21341e-11
-8.76604e-11
1.24687e-10
-1.59333e-10
2.10107e-10
-2.83077e-10
3.4497e-10
-4.91315e-10
5.51568e-10
-8.32687e-10
8.58297e-10
-1.37756e-09
1.29909e-09
-2.2238e-09
1.91138e-09
-3.50196e-09
2.73208e-09
-5.3783e-09
3.79149e-09
-8.05385e-09
5.10511e-09
-1.17575e-08
6.66441e-09
-1.67313e-08
8.42785e-09
-2.32068e-08
1.03142e-08
-3.13735e-08
1.22004e-08
-4.1341e-08
1.39261e-08
-5.31005e-08
1.53052e-08
-6.64914e-08
1.61441e-08
-8.11767e-08
1.62666e-08
-9.66373e-08
1.554e-08
-1.12189e-07
1.39005e-08
-1.27025e-07
1.13703e-08
-1.40279e-07
8.06447e-09
-1.51111e-07
4.18485e-09
-1.58789e-07
-1.62771e-07
1.07921e-12
-2.07062e-12
2.62293e-12
-3.15731e-12
5.24688e-12
-5.7993e-12
9.89248e-12
-1.10808e-11
1.80621e-11
-2.10346e-11
3.21261e-11
-3.91977e-11
5.5718e-11
-7.14766e-11
9.42098e-11
-1.27404e-10
1.55217e-10
-2.2186e-10
2.49043e-10
-3.77272e-10
3.889e-10
-6.26244e-10
5.90701e-10
-1.01437e-09
8.72161e-10
-1.60277e-09
1.25099e-09
-2.46977e-09
1.74203e-09
-3.71063e-09
2.35345e-09
-5.43457e-09
3.0823e-09
-7.75796e-09
3.91011e-09
-1.07933e-08
4.79958e-09
-1.46343e-08
5.69329e-09
-1.93371e-08
6.51567e-09
-2.4902e-08
7.17818e-09
-3.12567e-08
7.58815e-09
-3.82435e-08
7.66045e-09
-4.56162e-08
7.33046e-09
-5.30477e-08
6.56613e-09
-6.01496e-08
5.37676e-09
-6.6504e-08
3.81652e-09
-7.17029e-08
1.98142e-09
-7.5391e-08
-7.73049e-08
4.68651e-13
-9.00273e-13
1.14103e-12
-1.37662e-12
2.2875e-12
-2.53756e-12
4.32557e-12
-4.86436e-12
7.92209e-12
-9.26269e-12
1.41345e-11
-1.73139e-11
2.45933e-11
-3.16703e-11
4.17204e-11
-5.66293e-11
6.89658e-11
-9.89268e-11
1.11026e-10
-1.68765e-10
1.73959e-10
-2.81043e-10
2.65119e-10
-4.56698e-10
3.9276e-10
-7.23947e-10
5.65233e-10
-1.11913e-09
7.89682e-10
-1.68672e-09
1.07027e-09
-2.47801e-09
1.40609e-09
-3.5481e-09
1.78907e-09
-4.95072e-09
2.20232e-09
-6.73124e-09
2.61944e-09
-8.91791e-09
3.00533e-09
-1.15129e-08
3.31854e-09
-1.44839e-08
3.51538e-09
-1.77586e-08
3.55541e-09
-2.12218e-08
3.40766e-09
-2.47194e-08
3.05638e-09
-2.80675e-08
2.50535e-09
-3.10675e-08
1.77968e-09
-3.35246e-08
9.24375e-10
-3.52691e-08
-3.61748e-08
2.00997e-13
-3.86634e-13
4.90734e-13
-5.93348e-13
9.85917e-13
-1.09713e-12
1.86919e-12
-2.11013e-12
3.43349e-12
-4.03057e-12
6.14494e-12
-7.55613e-12
1.07251e-11
-1.38634e-11
1.82516e-11
-2.48641e-11
3.02668e-11
-4.35684e-11
4.88824e-11
-7.45553e-11
7.68381e-11
-1.24541e-10
1.17482e-10
-2.03008e-10
1.74604e-10
-3.22799e-10
2.5208e-10
-5.00538e-10
3.53284e-10
-7.56679e-10
4.80282e-10
-1.11496e-09
6.32859e-10
-1.60105e-09
8.07541e-10
-2.24021e-09
9.96789e-10
-3.05403e-09
1.18864e-09
-4.0564e-09
1.36702e-09
-5.24916e-09
1.51281e-09
-6.61828e-09
1.60573e-09
-8.13082e-09
1.62688e-09
-9.73381e-09
1.56164e-09
-1.13558e-08
1.40242e-09
-1.29109e-08
1.15073e-09
-1.43062e-08
8.18005e-10
-1.54502e-08
4.25061e-10
-1.62631e-08
-1.66853e-08
8.53266e-14
-1.63851e-13
2.08169e-13
-2.52267e-13
4.1998e-13
-4.68921e-13
7.98498e-13
-9.04728e-13
1.47098e-12
-1.73325e-12
2.64025e-12
-3.2588e-12
4.62195e-12
-5.99655e-12
7.88913e-12
-1.07863e-11
1.31231e-11
-1.89565e-11
2.126e-11
-3.25346e-11
3.35224e-11
-5.45084e-11
5.14132e-11
-8.91168e-11
7.66472e-11
-1.42123e-10
1.10995e-10
-2.21027e-10
1.56025e-10
-3.35102e-10
2.12735e-10
-4.95174e-10
2.81117e-10
-7.13021e-10
3.59695e-10
-1.00033e-09
4.45151e-10
-1.36722e-09
5.32137e-10
-1.82036e-09
6.134e-10
-2.36098e-09
6.80251e-10
-2.98304e-09
7.23409e-10
-3.67179e-09
7.34172e-10
-4.4032e-09
7.05753e-10
-5.14458e-09
6.34563e-10
-5.85651e-09
5.21172e-10
-6.49609e-09
3.70734e-10
-7.02103e-09
1.92725e-10
-7.39426e-09
-7.58822e-09
3.60362e-14
-6.87473e-14
8.78755e-14
-1.05782e-13
1.77208e-13
-1.97822e-13
3.37377e-13
-3.83307e-13
6.22954e-13
-7.3669e-13
1.12132e-12
-1.38922e-12
1.96873e-12
-2.56349e-12
3.37025e-12
-4.62412e-12
5.62272e-12
-8.14993e-12
9.13608e-12
-1.40275e-11
1.44486e-11
-2.35688e-11
2.22256e-11
-3.86435e-11
3.32321e-11
-6.18037e-11
4.82653e-11
-9.63865e-11
6.80416e-11
-1.46539e-10
9.30341e-11
-2.17129e-10
1.23275e-10
-3.13481e-10
1.58147e-10
-4.40923e-10
1.9621e-10
-6.04115e-10
2.35104e-10
-8.06205e-10
2.71603e-10
-1.04791e-09
3.01812e-10
-1.32667e-09
3.21545e-10
-1.63597e-09
3.26855e-10
-1.96506e-09
3.14639e-10
-2.29921e-09
2.83228e-10
-2.62056e-09
2.32829e-10
-2.90959e-09
1.65731e-10
-3.14705e-09
8.61891e-11
-3.31601e-09
-3.40384e-09
1.48519e-14
-2.82231e-14
3.63639e-14
-4.38079e-14
7.36572e-14
-8.23339e-14
1.40751e-13
-1.60336e-13
2.60876e-13
-3.09433e-13
4.70831e-13
-5.8528e-13
8.28787e-13
-1.08324e-12
1.42297e-12
-1.95947e-12
2.38111e-12
-3.46305e-12
3.88019e-12
-5.97698e-12
6.15402e-12
-1.00702e-11
9.49315e-12
-1.65563e-11
1.42346e-11
-2.65513e-11
2.07323e-11
-4.15206e-11
2.93077e-11
-6.32932e-11
4.01808e-11
-9.40266e-11
5.33812e-11
-1.36097e-10
6.8654e-11
-1.91894e-10
8.53819e-11
-2.63535e-10
1.02538e-10
-3.52475e-10
1.18706e-10
-4.59103e-10
1.32164e-10
-5.8235e-10
1.41051e-10
-7.19379e-10
1.43602e-10
-8.65445e-10
1.38419e-10
-1.014e-09
1.24738e-10
-1.15706e-09
1.02631e-10
-1.28588e-09
7.31e-11
-1.39182e-09
3.80306e-11
-1.46724e-09
-1.50647e-09
6.17214e-15
-1.11258e-14
1.4822e-14
-1.78204e-14
3.04489e-14
-3.36452e-14
5.80743e-14
-6.59986e-14
1.07904e-13
-1.28302e-13
1.95477e-13
-2.43839e-13
3.44971e-13
-4.52285e-13
5.93763e-13
-8.20527e-13
9.96749e-13
-1.45444e-12
1.62881e-12
-2.51709e-12
2.59053e-12
-4.25259e-12
4.00748e-12
-7.00994e-12
6.02532e-12
-1.12714e-11
8.79929e-12
-1.76721e-11
1.24717e-11
-2.70078e-11
1.71428e-11
-4.02227e-11
2.28316e-11
-5.83612e-11
2.9435e-11
-8.24818e-11
3.6691e-11
-1.1353e-10
4.41593e-11
-1.52169e-10
5.1225e-11
-1.98597e-10
5.7138e-11
-2.52376e-10
6.10826e-11
-3.12286e-10
6.22792e-11
-3.76258e-10
6.0108e-11
-4.4142e-10
5.42247e-11
-5.04259e-10
4.46518e-11
-5.60908e-10
3.18231e-11
-6.07532e-10
1.65622e-11
-6.40748e-10
-6.58031e-10
2.65819e-15
-4.41127e-15
5.99614e-15
-6.91257e-15
1.2319e-14
-1.35605e-14
2.36201e-14
-2.69171e-14
4.40827e-14
-5.24312e-14
8.02211e-14
-1.0024e-13
1.41747e-13
-1.86744e-13
2.45128e-13
-3.39916e-13
4.12446e-13
-6.03852e-13
6.76067e-13
-1.04799e-12
1.07799e-12
-1.77517e-12
1.67211e-12
-2.93357e-12
2.52061e-12
-4.72918e-12
3.69082e-12
-7.43323e-12
5.24435e-12
-1.13882e-11
7.22675e-12
-1.70013e-11
9.64803e-12
-2.47258e-11
1.24673e-11
-3.50239e-11
1.55748e-11
-4.83115e-11
1.87838e-11
-6.48864e-11
2.18318e-11
-8.48459e-11
2.43946e-11
-1.08013e-10
2.61205e-11
-1.33869e-10
2.66702e-11
-1.61524e-10
2.57719e-11
-1.89736e-10
2.32727e-11
-2.16976e-10
1.91795e-11
-2.41561e-10
1.36771e-11
-2.61811e-10
7.12045e-12
-2.76247e-10
-2.8376e-10
9.3148e-16
-1.56186e-15
2.07442e-15
-2.51827e-15
4.70251e-15
-5.30416e-15
9.48775e-15
-1.09076e-14
1.77493e-14
-2.08988e-14
3.22197e-14
-4.04708e-14
5.76327e-14
-7.62134e-14
1.0009e-13
-1.38994e-13
1.68799e-13
-2.47702e-13
2.77475e-13
-4.31282e-13
4.43364e-13
-7.32202e-13
6.89569e-13
-1.21352e-12
1.0425e-12
-1.96141e-12
1.53041e-12
-3.09055e-12
2.17994e-12
-4.74629e-12
3.01098e-12
-7.10216e-12
4.02905e-12
-1.03521e-11
5.21779e-12
-1.46955e-11
6.53217e-12
-2.03126e-11
7.89369e-12
-2.73352e-11
9.19184e-12
-3.58096e-11
1.02882e-11
-4.56642e-11
1.10327e-11
-5.66831e-11
1.12802e-11
-6.84873e-11
1.09131e-11
-8.05463e-11
9.86458e-12
-9.22046e-11
8.13593e-12
-1.02737e-10
5.80506e-12
-1.1142e-10
3.02314e-12
-1.17612e-10
-1.20837e-10
3.06091e-16
-4.58723e-16
9.40532e-16
-8.44423e-16
1.83334e-15
-1.71197e-15
3.53815e-15
-4.04161e-15
6.93483e-15
-8.17329e-15
1.28686e-14
-1.62685e-14
2.31689e-14
-3.03233e-14
4.00593e-14
-5.57601e-14
6.81541e-14
-1.00409e-13
1.12546e-13
-1.7544e-13
1.80439e-13
-2.98652e-13
2.81392e-13
-4.96505e-13
4.2618e-13
-8.0411e-13
6.27207e-13
-1.27023e-12
8.95659e-13
-1.9555e-12
1.24008e-12
-2.9327e-12
1.6632e-12
-4.284e-12
2.15851e-12
-6.094e-12
2.7075e-12
-8.44044e-12
3.27804e-12
-1.13799e-11
3.8238e-12
-1.49341e-11
4.28718e-12
-1.90751e-11
4.60415e-12
-2.3713e-11
4.71359e-12
-2.86891e-11
4.56538e-12
-3.37796e-11
4.1305e-12
-3.87068e-11
3.40931e-12
-4.31626e-11
2.43386e-12
-4.68387e-11
1.26799e-12
-4.94621e-11
-5.08285e-11
1.14057e-16
1.77624e-16
2.83407e-16
-2.22784e-17
5.11558e-16
-4.91486e-16
1.48305e-15
-1.30522e-15
2.81824e-15
-3.08471e-15
4.97647e-15
-6.15718e-15
9.00405e-15
-1.18513e-14
1.60375e-14
-2.21981e-14
2.70975e-14
-4.01469e-14
4.47995e-14
-7.03204e-14
7.24776e-14
-1.20717e-13
1.13272e-13
-2.00793e-13
1.72306e-13
-3.26073e-13
2.54101e-13
-5.16294e-13
3.64064e-13
-7.96675e-13
5.0507e-13
-1.19729e-12
6.78752e-13
-1.75242e-12
8.82644e-13
-2.49845e-12
1.10947e-12
-3.46698e-12
1.34554e-12
-4.68236e-12
1.57219e-12
-6.15563e-12
1.76555e-12
-7.87503e-12
1.89866e-12
-9.80334e-12
1.94639e-12
-1.18761e-11
1.88717e-12
-1.39983e-11
1.70877e-12
-1.60556e-11
1.41151e-12
-1.79177e-11
1.00824e-12
-1.94547e-11
5.25239e-13
-2.05523e-11
-2.11243e-11
1.28853e-17
9.81283e-17
-3.48765e-17
1.58167e-16
6.00844e-17
1.63283e-16
3.31784e-16
-3.78526e-16
8.98153e-16
-1.02236e-15
1.66094e-15
-1.83745e-15
3.35281e-15
-4.37491e-15
6.28073e-15
-8.58301e-15
1.07343e-14
-1.56566e-14
1.78142e-14
-2.78339e-14
2.88056e-14
-4.80532e-14
4.51312e-14
-8.01692e-14
6.90693e-14
-1.30699e-13
1.01912e-13
-2.07379e-13
1.46248e-13
-3.20882e-13
2.03248e-13
-4.83286e-13
2.73873e-13
-7.0903e-13
3.56965e-13
-1.01269e-12
4.49475e-13
-1.40777e-12
5.45874e-13
-1.90466e-12
6.39274e-13
-2.50836e-12
7.18782e-13
-3.21374e-12
7.74136e-13
-4.00613e-12
7.94338e-13
-4.85909e-12
7.7099e-13
-5.73378e-12
6.99061e-13
-6.58236e-12
5.77745e-13
-7.35095e-12
4.12814e-13
-7.98588e-12
2.14983e-13
-8.43981e-12
-8.67665e-12
-2.20002e-17
4.81331e-17
1.29614e-17
-1.38455e-16
1.03286e-16
1.13019e-16
8.27572e-17
-2.77812e-16
2.80917e-16
-2.59482e-16
6.80972e-16
-5.49023e-16
1.27932e-15
-1.58776e-15
2.25351e-15
-3.20023e-15
3.85432e-15
-5.87585e-15
6.90093e-15
-1.08177e-14
1.11971e-14
-1.88452e-14
1.76637e-14
-3.12256e-14
2.71016e-14
-5.18391e-14
4.02626e-14
-8.25644e-14
5.79247e-14
-1.27871e-13
8.09924e-14
-1.92935e-13
1.09285e-13
-2.83497e-13
1.42727e-13
-4.05989e-13
1.80091e-13
-5.65345e-13
2.19267e-13
-7.66213e-13
2.57022e-13
-1.01062e-12
2.89147e-13
-1.29667e-12
3.12031e-13
-1.61836e-12
3.20481e-13
-1.96538e-12
3.11519e-13
-2.32183e-12
2.82716e-13
-2.66764e-12
2.33812e-13
-2.98129e-12
1.67128e-13
-3.24065e-12
8.72638e-14
-3.42591e-12
-3.52281e-12
-1.50408e-16
8.57565e-17
-2.1869e-16
-1.90812e-16
9.65105e-17
-2.8484e-17
-8.16748e-17
1.01881e-16
-4.15792e-17
-1.31111e-16
4.07455e-16
-3.23201e-16
6.61178e-16
-6.56614e-16
6.53531e-16
-1.01411e-15
1.33377e-15
-1.96906e-15
2.22759e-15
-4.01523e-15
4.05135e-15
-7.42062e-15
6.94361e-15
-1.20023e-14
1.05389e-14
-2.0104e-14
1.5761e-14
-3.2267e-14
2.29198e-14
-5.02262e-14
3.18004e-14
-7.60971e-14
4.31953e-14
-1.12088e-13
5.6494e-14
-1.60796e-13
7.12478e-14
-2.24385e-13
8.70408e-14
-3.04797e-13
1.02267e-13
-4.02623e-13
1.15067e-13
-5.17173e-13
1.24563e-13
-6.46685e-13
1.2808e-13
-7.86257e-13
1.24291e-13
-9.29295e-13
1.12656e-13
-1.06903e-12
9.33465e-14
-1.19524e-12
6.71419e-14
-1.3006e-12
3.52635e-14
-1.37495e-12
-1.41409e-12
1.19041e-16
9.32142e-17
1.37056e-16
-2.79324e-16
1.4724e-18
-2.07664e-16
-1.31923e-16
1.24868e-16
7.242e-18
-3.68343e-16
-4.874e-17
-4.39447e-16
-1.28119e-16
-4.08323e-16
2.92424e-16
-7.33996e-16
4.28277e-16
-5.71844e-16
6.36371e-16
-1.28355e-15
1.26717e-15
-2.97857e-15
2.55188e-15
-4.49294e-15
4.13477e-15
-7.88143e-15
5.85475e-15
-1.23181e-14
8.83507e-15
-1.93605e-14
1.23354e-14
-2.95204e-14
1.68054e-14
-4.41777e-14
2.19569e-14
-6.29867e-14
2.77672e-14
-8.80895e-14
3.43108e-14
-1.20166e-13
4.02269e-14
-1.58518e-13
4.54175e-14
-2.0387e-13
4.91317e-14
-2.55561e-13
5.04336e-14
-3.10835e-13
4.92389e-14
-3.67848e-13
4.46706e-14
-4.23452e-13
3.73912e-14
-4.7387e-13
2.6585e-14
-5.15944e-13
1.38658e-14
-5.45576e-13
-5.613e-13
-6.25875e-17
-2.00849e-16
-4.51226e-17
-4.3407e-16
-1.05871e-16
-4.36232e-17
5.46568e-17
-9.7543e-17
5.92221e-17
-1.8464e-16
-8.09872e-17
-4.18525e-16
-2.14067e-16
-7.49224e-16
-2.95654e-16
-3.61531e-16
-9.28091e-18
-2.83809e-16
4.31531e-16
-6.78748e-16
3.61669e-16
-1.11257e-15
8.6307e-16
-1.87146e-15
1.34983e-15
-3.16469e-15
2.08555e-15
-4.43242e-15
3.17021e-15
-7.43078e-15
4.86301e-15
-1.13571e-14
6.42499e-15
-1.69168e-14
8.5247e-15
-2.43435e-14
1.08931e-14
-3.42369e-14
1.33358e-14
-4.66184e-14
1.57152e-14
-6.16554e-14
1.77691e-14
-7.95765e-14
1.91313e-14
-9.96452e-14
1.9404e-14
-1.21224e-13
1.91038e-14
-1.4421e-13
1.75946e-14
-1.65897e-13
1.4577e-14
-1.85773e-13
1.04107e-14
-2.02113e-13
5.52215e-15
-2.1424e-13
-2.2015e-13
-1.3118e-17
-2.3108e-16
-1.23632e-16
-2.29996e-16
-7.95153e-17
-1.68287e-16
1.5247e-16
-6.56478e-16
9.18129e-17
-2.47682e-16
2.13011e-16
-6.23499e-16
-2.78008e-16
-5.79362e-16
-4.07798e-16
-7.66009e-17
-1.0159e-16
-6.42919e-16
-2.99329e-17
-6.54374e-16
1.19113e-16
-6.42981e-16
4.79766e-16
-1.29913e-15
5.6707e-16
-1.0653e-15
7.64403e-16
-1.5437e-15
1.15887e-15
-2.70835e-15
1.86966e-15
-4.15457e-15
2.32689e-15
-6.26605e-15
3.28519e-15
-9.21523e-15
4.35793e-15
-1.31543e-14
5.12787e-15
-1.76273e-14
6.15724e-15
-2.36304e-14
6.93019e-15
-3.04852e-14
7.58092e-15
-3.80633e-14
7.70464e-15
-4.67018e-14
7.18567e-15
-5.58188e-14
6.88202e-15
-6.43282e-14
5.60841e-15
-7.18956e-14
3.92593e-15
-7.82279e-14
1.95802e-15
-8.30546e-14
-8.53746e-14
2.11557e-17
-3.74439e-16
-1.10577e-16
-1.65998e-16
-7.94251e-17
-3.46297e-16
-2.58285e-16
-5.60666e-16
-2.25485e-16
-1.7871e-16
-1.43926e-16
-6.24875e-16
2.89701e-17
-3.72388e-16
1.16089e-16
-4.98268e-16
-1.70484e-16
-6.59625e-16
1.09312e-16
-5.69851e-16
6.37629e-17
-5.88027e-16
-4.057e-16
-3.67862e-16
-1.35951e-16
-4.65318e-16
2.63426e-16
-6.34427e-16
4.37397e-16
-1.02161e-15
6.32146e-16
-1.51767e-15
9.63134e-16
-2.19403e-15
1.19415e-15
-3.44008e-15
1.56636e-15
-4.85424e-15
1.95455e-15
-6.46663e-15
2.45845e-15
-8.70609e-15
2.48719e-15
-1.13941e-14
2.7045e-15
-1.40994e-14
2.93325e-15
-1.77877e-14
2.7771e-15
-2.09074e-14
2.59549e-15
-2.44477e-14
2.4182e-15
-2.74807e-14
2.00478e-15
-2.99278e-14
9.37732e-16
-3.15016e-14
-3.25507e-14
-7.95443e-17
-3.90262e-16
-2.6171e-16
-3.68318e-16
-2.96631e-16
-1.22553e-16
-1.62745e-16
-4.06844e-16
-6.34871e-17
-3.11411e-16
-8.46041e-17
-2.47757e-16
-4.16574e-17
-2.94508e-16
-1.948e-16
-1.95096e-16
-1.90861e-16
-3.29378e-16
-5.88825e-17
-3.33345e-16
-2.06024e-16
-3.60502e-16
2.15985e-17
-2.61404e-16
1.04721e-16
-7.51445e-17
1.12558e-16
-1.29137e-16
1.58878e-16
-2.32466e-16
2.14082e-16
-4.36514e-16
4.09374e-16
-4.67821e-16
5.90276e-16
-1.01321e-15
6.7271e-16
-1.60924e-15
9.3939e-16
-2.37719e-15
1.07709e-15
-3.10596e-15
1.02677e-15
-4.09448e-15
1.20741e-15
-5.38591e-15
1.14912e-15
-6.46676e-15
1.12547e-15
-7.79852e-15
1.06976e-15
-9.0944e-15
8.10315e-16
-1.02263e-14
4.95945e-16
-1.09753e-14
3.11615e-16
-1.19117e-14
-1.22926e-14
-3.89035e-16
1.41239e-17
-2.44376e-16
-3.2964e-16
-2.45923e-16
-2.73611e-16
-1.94212e-16
-2.68288e-16
-1.50075e-16
-2.13912e-16
-1.38262e-17
-4.20808e-17
-1.2089e-16
-6.42813e-17
-1.28046e-17
-1.11764e-16
1.17961e-16
-1.23047e-16
1.11236e-16
-1.78947e-16
3.3946e-17
-1.24291e-16
1.21179e-16
9.68575e-17
-1.11047e-17
1.27966e-16
-1.0655e-16
-5.41046e-17
1.97811e-17
-5.54767e-17
2.09799e-17
9.65848e-17
8.20003e-17
8.54888e-17
2.33165e-16
-1.44747e-16
2.68224e-16
-4.75599e-16
2.92989e-16
-8.66133e-16
3.93845e-16
-9.85767e-16
5.69545e-16
-1.39737e-15
4.52909e-16
-1.86556e-15
6.0167e-16
-2.39757e-15
5.13056e-16
-2.68894e-15
4.35141e-16
-3.0836e-15
1.56586e-16
-3.64508e-15
1.75146e-16
-3.72598e-15
-6.49392e-18
-4.43609e-15
-4.57712e-15
-1.47623e-16
5.91934e-17
-1.66275e-16
-2.08424e-16
-1.06475e-16
-2.23872e-16
-9.07643e-17
7.6126e-17
-1.00622e-16
-3.04041e-16
-7.60509e-17
2.14139e-16
-1.40457e-16
8.83903e-17
-1.86342e-16
-4.71793e-17
-6.049e-17
-1.14914e-16
2.4697e-17
2.57549e-17
-1.57833e-16
-2.37066e-17
4.40282e-17
-3.28103e-17
1.7785e-16
1.40378e-16
1.79506e-16
-1.47477e-16
-3.16214e-17
3.27237e-16
-6.78598e-17
4.46989e-17
9.631e-17
-9.98577e-17
1.12937e-16
5.8892e-17
5.00289e-18
-2.10346e-17
2.8434e-16
-3.24389e-16
4.18053e-16
-2.55067e-16
2.21834e-16
-5.17739e-16
1.81173e-16
-5.76562e-16
6.97386e-17
-6.27778e-16
3.09256e-16
-9.4043e-16
1.56315e-16
-6.79507e-16
3.15936e-17
-1.18405e-15
2.20477e-16
-1.42624e-15
2.54751e-16
-1.57989e-15
-1.4491e-15
1.59014e-16
3.92421e-17
1.17943e-17
2.7007e-17
7.09568e-17
-3.12234e-16
-2.8932e-18
5.56755e-17
-1.52931e-16
-2.9757e-17
-6.20358e-17
2.11864e-18
1.10967e-16
-9.7095e-17
-2.97869e-17
-4.10781e-17
8.75166e-17
-1.85396e-16
1.12988e-16
-6.74752e-17
-1.83939e-16
-8.93066e-18
-2.27449e-17
-4.54798e-19
-2.70569e-17
-1.30078e-16
-3.84921e-17
2.18646e-17
2.55928e-17
-2.4177e-17
1.31559e-17
-1.20089e-17
-6.26181e-17
-1.30799e-16
8.97281e-17
3.27398e-19
1.86003e-16
7.87114e-17
2.92051e-16
1.08442e-17
1.27529e-16
-1.40058e-16
-1.2275e-16
1.56917e-16
2.919e-16
-4.48538e-16
1.72325e-16
-2.71277e-17
9.92922e-17
-3.08755e-16
1.31878e-16
9.98413e-17
1.4287e-16
-4.52222e-16
-9.12653e-17
-4.41668e-16
2.39055e-18
-2.85388e-16
-5.37079e-16
-1.5033e-16
-1.23865e-16
-1.65842e-16
-5.72414e-17
-1.91469e-17
-3.59144e-16
-1.13117e-16
6.07328e-17
1.16674e-18
-2.95227e-17
-3.126e-17
-4.78718e-17
2.30717e-17
-1.4676e-17
-4.59335e-17
-1.48336e-16
-6.3606e-17
-5.18858e-17
5.30913e-17
-6.99183e-17
-8.22409e-17
3.96649e-18
-4.14196e-17
-1.06031e-16
9.12955e-17
-2.41994e-16
5.81537e-18
-1.59522e-16
-7.80326e-17
-1.55871e-16
-7.75764e-18
-9.15013e-18
2.06374e-16
-1.92555e-16
2.44261e-17
-1.40968e-16
-8.13677e-17
-4.43457e-17
1.53091e-16
-9.53087e-17
9.49273e-17
-4.37411e-16
2.6128e-16
-7.93183e-17
1.81935e-16
-2.04372e-16
8.4746e-17
-2.6315e-16
3.74318e-17
8.11348e-17
-6.95721e-17
8.21521e-17
1.0253e-16
-4.8392e-17
5.41276e-17
-2.33344e-16
-7.87313e-17
-2.86329e-16
-3.14282e-16
-8.60158e-17
-1.48185e-16
-2.31266e-16
2.80462e-16
-1.14539e-16
-1.54415e-16
-5.94855e-17
-1.45228e-17
1.89774e-17
-2.17532e-16
-1.36865e-16
1.75462e-17
-1.84141e-16
1.4385e-16
1.29179e-16
-2.52161e-16
-7.15007e-18
3.41158e-17
5.43961e-18
-1.61811e-16
1.38343e-16
-1.96635e-16
2.16471e-17
-5.72287e-17
1.06919e-16
-1.87579e-16
8.32284e-17
-3.03521e-19
-2.29038e-16
2.57724e-16
-3.29086e-16
-2.5335e-16
-2.69249e-18
-2.51332e-16
1.36721e-16
-1.81589e-16
2.16329e-16
-1.79913e-16
1.8595e-16
-2.49911e-16
-1.71862e-17
-4.55859e-16
-1.16847e-16
-3.39984e-16
-9.84502e-17
-1.15165e-16
1.8399e-16
-6.8999e-16
1.84481e-16
8.56163e-18
1.39006e-16
3.23779e-17
1.02666e-16
-8.61494e-17
3.70142e-16
-9.91175e-17
4.50846e-16
2.92273e-17
1.89857e-18
6.94228e-18
-2.02472e-16
-1.42787e-16
6.79879e-17
-1.70211e-16
-8.7423e-18
-6.74055e-17
-2.13746e-16
7.77266e-17
-2.30178e-16
-1.96559e-16
2.64155e-17
-2.00199e-16
-2.46315e-17
-1.03318e-16
-5.21574e-16
-5.50917e-18
-8.56547e-17
8.32111e-17
-3.56024e-16
1.62433e-18
-2.07673e-16
-8.67405e-17
-1.08771e-16
-2.01906e-16
5.75972e-17
-2.52233e-17
-4.85921e-16
1.62034e-16
8.28387e-19
1.18365e-16
-1.14413e-16
1.35232e-16
-4.21542e-16
-1.61285e-16
-2.28443e-16
1.55904e-16
-2.84259e-16
3.72254e-16
-2.7548e-16
-1.80586e-16
-1.64764e-16
-1.407e-16
-3.18011e-16
4.82191e-17
-1.60352e-16
1.56877e-16
-4.24849e-16
1.97091e-16
-3.49717e-16
9.76002e-17
-2.08933e-17
1.46382e-16
-2.82838e-16
-8.50052e-17
-1.96475e-16
-4.17725e-17
2.08527e-17
6.00694e-17
-1.73369e-16
-1.55013e-16
-2.76035e-17
-1.85735e-16
2.703e-16
5.85306e-17
7.76724e-17
9.54287e-17
1.45441e-16
-1.86511e-16
-1.13094e-16
-2.47757e-16
-2.04691e-16
-3.70149e-16
-1.1395e-16
-5.35925e-16
-7.52097e-18
-9.18064e-17
2.06567e-16
-4.2839e-16
8.33376e-17
-1.02612e-16
-4.23251e-17
-4.35057e-16
-1.73472e-16
-1.25583e-16
-2.20161e-16
-5.61492e-16
-5.57912e-17
-2.67575e-16
-2.18491e-17
-7.16256e-17
4.05599e-19
-1.28451e-16
6.63408e-17
-2.15351e-16
1.21101e-17
-2.35684e-16
1.31576e-16
-2.59017e-16
1.56204e-16
6.33749e-17
9.67096e-18
-5.01374e-16
3.40063e-17
-7.85659e-17
1.45958e-16
-2.32902e-16
2.30743e-16
-5.8482e-16
2.1893e-16
-8.09438e-17
9.00109e-17
-3.82953e-17
-4.99287e-17
-6.98786e-17
8.06591e-17
-4.02017e-17
4.33413e-18
-4.79882e-17
-1.92531e-16
-1.2281e-16
-1.7352e-16
-6.14811e-17
-8.37563e-17
-1.31827e-16
7.992e-18
-3.52393e-16
-1.36364e-16
-1.87089e-16
-4.981e-16
6.6629e-17
-5.09709e-16
-1.84868e-16
-3.69479e-16
-1.0718e-16
-2.18623e-16
-1.14432e-16
-5.30387e-16
1.01276e-16
-1.80442e-16
9.5928e-17
-3.37117e-16
3.38647e-16
-1.93221e-16
-1.15328e-16
2.80391e-17
-2.2474e-16
-2.29624e-16
3.42444e-17
-2.52822e-16
9.06546e-17
7.90707e-17
3.61992e-17
-9.83191e-17
1.97181e-16
-4.62634e-17
5.33465e-17
-3.57116e-18
3.23149e-17
-4.8688e-17
9.1064e-17
-2.20661e-16
1.84184e-16
-8.93094e-18
3.35813e-16
-4.10994e-17
1.95509e-16
-2.93806e-16
1.13129e-16
-1.90433e-16
1.16387e-16
-1.874e-16
6.03112e-17
-1.35462e-16
-7.06201e-18
1.35512e-16
1.09689e-17
1.16197e-16
-1.91902e-16
-2.19631e-16
-4.34355e-17
-3.73542e-16
-1.87023e-17
-5.99347e-17
-1.81728e-16
-3.95418e-17
-3.29777e-17
-3.99829e-17
-4.13402e-16
-1.10897e-16
-2.70472e-16
-1.62987e-16
-1.33975e-16
-9.80629e-17
-5.77904e-16
8.95475e-18
-2.45943e-16
-4.01212e-17
-2.00199e-16
1.4226e-17
3.34147e-17
-1.04718e-16
-1.6334e-17
1.17634e-16
-1.20752e-16
2.37307e-17
-2.53917e-16
-1.129e-16
-1.33942e-16
1.33753e-16
-8.4635e-17
8.21137e-17
-3.47005e-18
5.37512e-17
3.70046e-17
2.55593e-17
-5.31318e-17
3.03115e-16
1.67728e-19
2.45077e-16
-2.91882e-17
5.75965e-17
1.47311e-16
-2.76881e-18
6.65364e-17
-5.08502e-18
-5.71257e-18
7.82958e-17
-1.35902e-16
1.89055e-16
-1.60955e-16
1.81783e-16
-9.40239e-17
1.07442e-16
3.56091e-16
-1.45043e-17
-1.12105e-16
-1.60528e-16
-2.86667e-16
3.53957e-17
-1.03949e-16
1.13604e-17
-2.76634e-16
-7.1403e-17
-1.60686e-16
-2.96251e-16
-5.04954e-17
-2.98069e-16
-1.85371e-16
-2.7467e-19
-5.89706e-17
-9.98722e-17
-8.82677e-17
-1.75652e-16
1.03197e-17
5.22367e-18
1.56309e-17
-1.6797e-17
4.66878e-19
2.22426e-16
1.86394e-16
-2.20102e-16
1.1138e-16
1.43449e-16
-1.4955e-16
3.05689e-16
1.07003e-17
4.46774e-17
-1.01482e-16
1.54744e-16
1.48825e-16
-1.07645e-17
2.09825e-16
1.22447e-16
1.07133e-16
-7.69144e-17
9.28079e-17
-1.25536e-17
1.07518e-16
6.02815e-17
1.17989e-16
-2.33087e-16
2.14318e-16
9.40315e-17
2.39037e-16
-4.88796e-17
3.90628e-16
-2.53858e-16
5.3545e-17
-6.37847e-19
-1.06642e-16
-6.67224e-17
8.00229e-17
-1.9967e-16
-2.8915e-16
-2.58234e-16
2.26339e-17
-2.56214e-16
1.24789e-16
-1.43368e-16
-8.46897e-17
-1.44978e-16
6.64229e-17
-2.07692e-16
-1.17902e-16
-1.71984e-16
-2.8744e-17
-1.73271e-17
5.80632e-17
1.6867e-16
-1.49132e-16
1.11629e-16
6.48868e-17
-7.28613e-17
2.77163e-16
-4.654e-17
1.21504e-16
9.28481e-18
2.935e-17
-2.02569e-16
3.90453e-17
-1.438e-16
9.33444e-17
1.96901e-16
8.14001e-17
1.60525e-16
1.53285e-16
7.06151e-17
3.10207e-16
6.34055e-17
3.10271e-16
-4.97625e-17
1.44083e-16
2.19908e-17
-2.1344e-17
6.48411e-17
1.48734e-16
1.81942e-16
5.68226e-17
1.06666e-16
-2.59649e-16
1.03223e-16
-4.39554e-18
1.15085e-16
-1.65829e-16
1.11969e-16
-3.37566e-16
-9.96148e-17
9.39328e-17
1.32772e-16
-2.40975e-16
-3.41507e-17
-1.57526e-16
-3.75453e-16
-2.71886e-16
-7.96837e-18
-1.54036e-16
-4.89799e-17
-1.75243e-16
-1.41703e-16
-2.25967e-16
6.53803e-17
-1.20315e-16
-1.4605e-16
-8.14964e-17
4.84949e-16
-9.95859e-17
1.99099e-16
-3.47861e-17
-9.65754e-17
1.14331e-16
2.11195e-16
2.82113e-16
2.8722e-16
1.45218e-16
1.30848e-16
-2.10188e-18
-2.04542e-17
-2.63655e-16
5.44683e-17
-2.54108e-16
-3.11127e-17
-6.5541e-17
-2.52659e-16
1.26039e-16
9.18825e-17
1.18321e-16
1.8795e-16
6.43084e-17
2.94037e-16
-3.36673e-17
4.96256e-17
6.55146e-17
1.33064e-16
8.85856e-17
2.21384e-16
4.23783e-17
-8.52783e-17
-6.32939e-19
-3.29093e-16
1.01841e-16
-2.21741e-16
7.63921e-17
-1.36832e-16
1.90275e-16
-2.52067e-16
2.07123e-16
1.67013e-16
2.1717e-18
-1.71631e-16
2.26717e-16
-3.39589e-16
-3.23934e-16
-1.00788e-16
8.91508e-18
-8.46252e-18
-3.67954e-16
-8.0808e-17
1.78327e-17
-2.29842e-16
8.2526e-17
-1.81291e-16
-1.59744e-16
-1.87871e-16
2.82962e-16
-2.58947e-17
1.50914e-16
-2.00977e-18
-1.34997e-17
3.29192e-17
7.66339e-17
4.5069e-17
1.63133e-16
-6.80896e-17
-9.70158e-17
-9.12318e-17
2.38782e-16
3.42071e-17
-1.93852e-16
2.10182e-17
1.20287e-16
2.38377e-17
-8.84798e-17
1.56855e-16
5.18452e-17
4.42866e-17
4.24383e-16
7.20809e-17
1.35004e-16
-1.10441e-17
9.87441e-20
1.17245e-17
1.87018e-16
-6.11581e-17
1.35677e-16
2.82288e-17
1.65298e-16
4.83753e-17
-2.74858e-16
1.93427e-16
-9.32576e-17
2.7957e-16
-1.42744e-16
5.45517e-17
-1.22343e-16
-1.0058e-16
-8.77948e-17
-3.48578e-17
1.20465e-17
-8.02171e-17
-1.91327e-16
-1.25905e-16
-4.51092e-18
-1.70969e-16
-2.18377e-16
-2.20789e-16
-8.16347e-17
-1.36069e-16
-1.05578e-16
-4.25594e-17
1.34068e-16
1.62394e-16
1.65592e-18
-1.06859e-16
-1.77387e-16
4.06851e-17
9.81159e-17
-1.01423e-17
1.02151e-16
7.53964e-17
-6.82155e-17
-5.36888e-18
1.86583e-17
4.11197e-17
-8.87361e-18
1.78557e-17
2.0734e-16
1.84367e-16
-1.78506e-17
-1.24462e-16
-1.98124e-16
)
;

boundaryField
{
    outerWall
    {
        type            calculated;
        value           uniform 0;
    }
    axis
    {
        type            symmetryPlane;
        value           uniform 0;
    }
    nozzle
    {
        type            calculated;
        value           nonuniform List<scalar> 5(0.699436 0.699454 0.699454 0.699454 0.699436);
    }
    back
    {
        type            empty;
    }
    front
    {
        type            empty;
    }
}


// ************************************************************************* //
