/*--------------------------------*- C++ -*----------------------------------*\
| =========                 |                                                 |
| \\      /  F ield         | OpenFOAM: The Open Source CFD Toolbox           |
|  \\    /   O peration     | Version:  2412                                  |
|   \\  /    A nd           | Website:  www.openfoam.com                      |
|    \\/     M anipulation  |                                                 |
\*---------------------------------------------------------------------------*/
FoamFile
{
    version     2.0;
    format      ascii;
    arch        "LSB;label=32;scalar=64";
    class       surfaceScalarField;
    location    "0.00017";
    object      phi;
}
// * * * * * * * * * * * * * * * * * * * * * * * * * * * * * * * * * * * * * //

dimensions      [1 0 -1 0 0 0 0];

oriented        oriented;

internalField   nonuniform List<scalar> 
7275
(
0.00281353
-0.00117646
0.00569775
-0.00113414
0.00870449
-0.0010487
0.0118667
-0.000939297
0.0151617
-0.000800804
0.0185387
-0.000655404
0.0219167
-0.000521807
0.0251676
-0.000372719
0.0282275
-0.000287131
0.030933
-0.000181097
0.0332018
-0.000130849
0.0349024
-5.68654e-05
0.0359733
-1.16153e-05
0.0363478
6.20318e-05
0.0360181
0.000127698
0.0348768
0.000313603
0.03298
0.000498204
0.0303397
0.000769714
0.0270313
0.00112488
0.0231783
0.00157665
0.0189884
0.00213145
0.0147438
0.00278869
0.0107271
0.00353656
0.00717344
0.00435267
0.00426993
0.00519612
0.00213323
0.00602094
0.00078274
0.00677328
0.00012474
0.00740002
-4.1688e-05
0.00785287
0.00809461
0.00283816
-0.00236927
0.00574344
-0.00228478
0.00877254
-0.00212289
0.0119439
-0.0019012
0.0152364
-0.00162336
0.0186236
-0.00135443
0.0219762
-0.00105842
0.0252505
-0.000813819
0.0282781
-0.000588476
0.030973
-0.000398617
0.0332319
-0.000293877
0.0349214
-0.000141581
0.0360062
-5.46353e-05
0.0364036
9.58982e-05
0.0360882
0.000248542
0.0349883
0.000607206
0.0331323
0.00098916
0.0305404
0.0015351
0.0272871
0.00224783
0.0234909
0.00315719
0.0193575
0.00427308
0.0151642
0.00559438
0.0111812
0.00710453
0.00763769
0.00875267
0.00471802
0.0104557
0.00253674
0.0121221
0.00110996
0.0136465
0.000344935
0.0149191
5.51051e-05
0.0158381
0.0163221
0.00288652
-0.00359488
0.0058367
-0.00347188
0.00889898
-0.00323632
0.0120896
-0.00290809
0.015408
-0.00251763
0.0187768
-0.00209929
0.02214
-0.00168427
0.0253737
-0.00130317
0.0283796
-0.000962037
0.0310701
-0.000703312
0.0332922
-0.000498518
0.0350057
-0.000307231
0.0360895
-0.000132458
0.0365226
8.14259e-05
0.0362286
0.000360507
0.0352073
0.00086164
0.0334357
0.0014593
0.030945
0.00228428
0.0278001
0.0033659
0.0241193
0.00474115
0.0201007
0.00643049
0.0160029
0.00843909
0.012088
0.0107326
0.00857336
0.0132375
0.0056288
0.0158342
0.00336138
0.0183815
0.00178679
0.0207187
0.00082042
0.0226749
0.000295885
0.0240887
0.024832
0.00295755
-0.00486996
0.00596801
-0.00470788
0.00908058
-0.00440856
0.0123143
-0.00399328
0.0156331
-0.00347577
0.0190176
-0.00295085
0.0223458
-0.00238933
0.0255706
-0.00191445
0.0285433
-0.00144195
0.0311949
-0.0011042
0.033403
-0.000808778
0.0351116
-0.000566103
0.0362204
-0.000295485
0.0367064
-9.30163e-06
0.0364642
0.000434372
0.035546
0.00106503
0.0338999
0.0018913
0.0315549
0.00300761
0.0285754
0.0044663
0.025069
0.00632251
0.0212222
0.00860592
0.0172824
0.0113219
0.0134757
0.0144397
0.010004
0.0178463
0.00702646
0.0213849
0.00463549
0.0248735
0.00284362
0.0280887
0.00157635
0.0307903
0.000689645
0.0327491
0.0337813
0.00304473
-0.00620592
0.00614287
-0.00601765
0.00932333
-0.00565876
0.0125894
-0.00515307
0.0159521
-0.00455558
0.019312
-0.00389215
0.022651
-0.00325046
0.0258134
-0.00263176
0.0287668
-0.00208387
0.0313661
-0.00162736
0.033556
-0.00125487
0.0352522
-0.000934199
0.0364066
-0.000590471
0.0369467
-0.000192949
0.0367993
0.000422417
0.0360063
0.0012003
0.0345283
0.00225796
0.0323824
0.00367752
0.0296236
0.00552987
0.0263534
0.0078846
0.022745
0.010785
0.0190104
0.0142503
0.0153575
0.0182336
0.0119627
0.0225933
0.00895079
0.027151
0.00639974
0.0316689
0.00431776
0.0358565
0.00263961
0.0393955
0.00124774
0.0419746
0.0433399
0.00315168
-0.00761866
0.00634278
-0.00740425
0.00960927
-0.00700573
0.0129366
-0.00642163
0.016321
-0.00574758
0.0196943
-0.00498056
0.0230003
-0.00424957
0.0261358
-0.0035218
0.0290366
-0.00288867
0.0316038
-0.00233188
0.0337714
-0.00186905
0.0354677
-0.00145843
0.0366563
-0.00103189
0.0372393
-0.000478693
0.0372307
0.000268978
0.0365963
0.00123072
0.0353258
0.00252543
0.0334289
0.00426016
0.0309508
0.00652261
0.0279838
0.0093965
0.0246819
0.0129425
0.0212248
0.0171976
0.017782
0.0221024
0.014492
0.0274918
0.0114492
0.0331649
0.00870597
0.0388294
0.0062583
0.0441203
0.0040484
0.0486267
0.00199099
0.0519343
0.0536973
0.00327429
-0.00912084
0.00657747
-0.00888495
0.00992263
-0.00844279
0.0133263
-0.0078189
0.016733
-0.00706239
0.0201265
-0.00623786
0.0234075
-0.00541496
0.0265097
-0.00460201
0.0293607
-0.00388567
0.0318912
-0.0032425
0.0340266
-0.00267545
0.0357267
-0.0021724
0.0369553
-0.00164871
0.0376251
-0.000934241
0.0377637
-5.33264e-05
0.0373299
0.00110173
0.0363064
0.00265007
0.0347064
0.00471284
0.0325718
0.00739745
0.0299841
0.0108068
0.0270606
0.0150376
0.0239498
0.0201289
0.0207842
0.0260127
0.0176459
0.032526
0.0145873
0.0394383
0.0116252
0.0464028
0.00873408
0.0529724
0.00585855
0.0586263
0.00295155
0.0628157
0.0650714
0.00340337
-0.0107169
0.00683151
-0.0104716
0.0102816
-0.00999709
0.0137505
-0.00933768
0.0172064
-0.00853396
0.0206
-0.00765461
0.0238537
-0.00675873
0.0269243
-0.00589197
0.0297251
-0.00509402
0.0322143
-0.00437755
0.0343406
-0.00372111
0.036064
-0.00311927
0.0373162
-0.00245312
0.0381056
-0.00161805
0.0384108
-0.000588392
0.0382008
0.000769794
0.0374657
0.0025773
0.0362252
0.00496835
0.0345029
0.00808976
0.0323614
0.0120608
0.0299057
0.0169985
0.0272321
0.0229732
0.0244194
0.0299085
0.0214931
0.0376535
0.0184494
0.0459548
0.0152529
0.0544144
0.0118409
0.0624948
0.00815051
0.0695429
0.00417737
0.0748311
0.0777214
0.00354354
-0.0124171
0.00709447
-0.0121619
0.0106567
-0.0116771
0.0141987
-0.0109883
0.0177039
-0.0101667
0.021108
-0.00924779
0.0243515
-0.00830667
0.0273859
-0.0073978
0.0301571
-0.00654766
0.0326038
-0.00575189
0.0347234
-0.00503017
0.0364485
-0.00430732
0.0377492
-0.00350335
0.038678
-0.00258067
0.0391684
-0.00138148
0.0392206
0.000170469
0.0388267
0.00223372
0.0379916
0.00496647
0.0367468
0.00852682
0.0351426
0.0130664
0.0332449
0.0187377
0.031109
0.0256338
0.0287474
0.0336949
0.0261178
0.0427912
0.0231437
0.0526588
0.0197156
0.0628566
0.0157107
0.0727508
0.0110388
0.0815313
0.00573926
0.0882263
0.0919676
0.00368771
-0.0142259
0.00737376
-0.0139692
0.0110401
-0.0134764
0.0146768
-0.012794
0.0182168
-0.0119479
0.0216337
-0.0110221
0.0248749
-0.01007
0.0278877
-0.0091386
0.0306193
-0.00824332
0.033049
-0.00739985
0.0351593
-0.00661381
0.0368886
-0.00575877
0.0382857
-0.00486915
0.0393343
-0.00382957
0.0400451
-0.0025027
0.0403893
-0.000754985
0.0403689
0.00156074
0.0400049
0.00461893
0.0393205
0.00860771
0.0383393
0.0137234
0.0371102
0.0201318
0.0356255
0.0279841
0.0338369
0.0372357
0.0316202
0.047807
0.0288054
0.0594425
0.0251794
0.0716753
0.0205241
0.0837752
0.0146862
0.0947509
0.00774238
0.103293
0.108224
0.00383288
-0.0161461
0.00764925
-0.0158906
0.0114366
-0.0154132
0.0151423
-0.0147295
0.0187492
-0.0139089
0.0221961
-0.0129936
0.0254252
-0.0120374
0.0284045
-0.0111014
0.0311031
-0.0101883
0.0335201
-0.00932828
0.0355946
-0.00845224
0.0373892
-0.00754902
0.038888
-0.0065747
0.0400873
-0.00542201
0.0410269
-0.003986
0.0416983
-0.00206763
0.0421069
0.000474573
0.0422716
0.00384012
0.042212
0.00824151
0.0419601
0.0138999
0.0415109
0.0210425
0.0408241
0.0298477
0.039761
0.0403469
0.0381154
0.0525095
0.0356003
0.0661304
0.0318598
0.0807506
0.0265279
0.0955565
0.0193256
0.109361
0.0103433
0.120386
0.127049
0.00397399
-0.0181768
0.00792884
-0.0179371
0.0118181
-0.0174702
0.015622
-0.0168241
0.0192744
-0.016026
0.0227347
-0.0151416
0.0259645
-0.0142162
0.0289202
-0.0132905
0.0316063
-0.0123984
0.0339918
-0.0115157
0.036091
-0.0106065
0.0379407
-0.00967451
0.0395479
-0.0086416
0.0409319
-0.00740978
0.0421124
-0.00586623
0.0431334
-0.00382733
0.044013
-0.00109351
0.0447661
0.00254021
0.045424
0.0073045
0.0459966
0.013467
0.0464667
0.0212918
0.0467291
0.0310299
0.0465862
0.042787
0.0457284
0.056633
0.0437269
0.0724585
0.0400336
0.0898697
0.0340588
0.108009
0.0252923
0.125511
0.0137825
0.139943
0.149229
0.00411401
-0.0203215
0.00819156
-0.0200965
0.0121908
-0.019657
0.0160622
-0.0190461
0.0197712
-0.0183066
0.0232552
-0.0174691
0.0264914
-0.016603
0.0294435
-0.0157162
0.0321127
-0.0148593
0.034481
-0.0139692
0.0366116
-0.013079
0.0385251
-0.0121424
0.0402536
-0.0110881
0.0418291
-0.00981205
0.0432855
-0.00819454
0.0446843
-0.00606821
0.046071
-0.00320266
0.0474718
0.000632963
0.0489232
0.00568856
0.0504319
0.0122745
0.0519533
0.0207008
0.0533608
0.0312809
0.0543734
0.0442622
0.0545897
0.0598303
0.0534156
0.0780503
0.0500519
0.0986864
0.0435776
0.120926
0.0330809
0.143302
0.0184397
0.162505
0.17592
0.00424258
-0.0225746
0.00843393
-0.0223642
0.012541
-0.0219734
0.0164937
-0.0214085
0.0202456
-0.020732
0.0237579
-0.0199719
0.0269934
-0.019179
0.0299521
-0.0183749
0.0325814
-0.0175342
0.0349716
-0.0167159
0.0371358
-0.0158628
0.0391235
-0.0149571
0.0409842
-0.013922
0.0427633
-0.012643
0.0445175
-0.0110031
0.0463269
-0.00884887
0.0482473
-0.00591191
0.0503499
-0.00195612
0.0526625
0.00329663
0.0552144
0.0101754
0.0579429
0.0190625
0.0606898
0.0303464
0.0631492
0.0444156
0.0648172
0.0616542
0.0649211
0.0823829
0.0623516
0.106662
0.0557137
0.133898
0.0434291
0.162721
0.0249172
0.188743
0.208875
0.00436007
-0.0249317
0.00866264
-0.0247428
0.0128584
-0.0244028
0.016881
-0.0238988
0.020683
-0.0233042
0.0242232
-0.0226397
0.027467
-0.0219393
0.0303957
-0.0212136
0.0330406
-0.020461
0.0354405
-0.0197269
0.0376457
-0.0189511
0.0397152
-0.0181148
0.0417134
-0.0171401
0.0437097
-0.0159103
0.045784
-0.01431
0.048006
-0.0121656
0.0504968
-0.00925196
0.053334
-0.00528706
0.0565868
2.63375e-05
0.0602638
0.00704918
0.0643393
0.0161855
0.068663
0.0279277
0.0729014
0.0428463
0.0764946
0.0615569
0.0785023
0.0847529
0.0774584
0.112988
0.0713211
0.146184
0.0574876
0.183455
0.0342819
0.219408
0.250914
0.00446238
-0.0273847
0.00886278
-0.0272246
0.0131371
-0.0269381
0.0172281
-0.0265144
0.0210741
-0.0260122
0.024624
-0.0254447
0.0278814
-0.0248751
0.0308023
-0.0242367
0.0334563
-0.0236137
0.0358699
-0.022986
0.0381189
-0.0223267
0.040271
-0.0215976
0.0424163
-0.0207355
0.0446302
-0.0196004
0.0470205
-0.0180997
0.0496866
-0.0160429
0.0527745
-0.0132474
0.0563663
-0.00936928
0.0605879
-0.0041672
0.0654743
0.00277685
0.0710313
0.0118854
0.077139
0.0237576
0.0835269
0.0391156
0.0896253
0.0588848
0.0943762
0.0842447
0.0959592
0.116486
0.0914937
0.156539
0.0767913
0.204757
0.0477673
0.255564
0.306095
0.00455223
-0.0299289
0.00903618
-0.0298016
0.0133807
-0.0295742
0.0175217
-0.0292367
0.0213924
-0.0288315
0.0249879
-0.0284131
0.0282146
-0.027928
0.0311436
-0.0274423
0.0338016
-0.0269667
0.0362394
-0.0264809
0.038536
-0.0259689
0.0407762
-0.0253862
0.0430543
-0.024669
0.0454904
-0.0236934
0.0482047
-0.0223576
0.0513288
-0.0204768
0.0549786
-0.0178549
0.0593562
-0.014246
0.0645474
-0.00931603
0.0706911
-0.00271601
0.0778009
0.00604383
0.0859053
0.0175676
0.0948183
0.0327851
0.104076
0.0529157
0.112652
0.0797077
0.118496
0.115455
0.117942
0.162662
0.105387
0.223555
0.0706028
0.297108
0.383734
0.00462529
-0.0325556
0.00917504
-0.0324627
0.0135696
-0.032295
0.0177464
-0.0320518
0.0216563
-0.0317724
0.0252337
-0.0314724
0.0284776
-0.0311321
0.0314083
-0.0308061
0.0340743
-0.0305022
0.0365295
-0.0301799
0.038867
-0.0298439
0.0411908
-0.0294464
0.0436144
-0.0289214
0.0462637
-0.0281475
0.0492802
-0.0270295
0.052827
-0.0254028
0.057088
-0.0231003
0.0621868
-0.0198361
0.0683493
-0.0154109
0.0756949
-0.00940862
0.0844298
-0.00145031
0.0946334
0.00920592
0.106372
0.0235004
0.119443
0.0429388
0.133061
0.069866
0.145103
0.107904
0.150179
0.162786
0.139196
0.240382
0.0963679
0.346286
0.48673
0.00467662
-0.0352518
0.00927375
-0.0351964
0.0137081
-0.0350947
0.0179172
-0.0349563
0.02184
-0.0348049
0.0254117
-0.0346266
0.0286547
-0.0344564
0.0315841
-0.0343076
0.0342433
-0.0341836
0.0367179
-0.0340596
0.0390994
-0.0339252
0.0414993
-0.0337371
0.0440556
-0.0334428
0.0469037
-0.0329081
0.0502146
-0.0320676
0.0541677
-0.0307682
0.0589413
-0.0288571
0.0647608
-0.0261237
0.0717967
-0.0223546
0.0803081
-0.0172593
0.0905594
-0.0104823
0.102879
-0.0013761
0.117631
0.0110337
0.13513
0.0282958
0.155396
0.0530717
0.178037
0.0893933
0.199985
0.145643
0.214812
0.230992
0.172068
0.394982
0.665047
0.00471065
-0.0380093
0.00933522
-0.0379903
0.0137909
-0.0379593
0.0180152
-0.0379345
0.0219229
-0.0378976
0.0254959
-0.0378749
0.0287314
-0.0378822
0.0316527
-0.037923
0.0343111
-0.0379954
0.0367962
-0.0380845
0.0392132
-0.0381728
0.0416864
-0.0382187
0.0443524
-0.0381685
0.0473872
-0.037918
0.0509599
-0.0373936
0.0552665
-0.0364785
0.0605086
-0.0350487
0.0669185
-0.0329618
0.0747456
-0.0300656
0.0842738
-0.0261417
0.0958762
-0.020939
0.110101
-0.0139792
0.127714
-0.00448752
0.149573
0.00902524
0.176495
0.0292909
0.208714
0.0609259
0.240533
0.118229
0.266059
0.210488
0.217166
0.449452
0.888194
0.00377554
-0.0402492
0.0074822
-0.0402621
0.0110533
-0.0402928
0.0144194
-0.0403467
0.0175383
-0.0404168
0.0203901
-0.0405285
0.0229653
-0.0406795
0.0252907
-0.0408796
0.0274112
-0.0411173
0.0294023
-0.0413844
0.0313551
-0.0416596
0.0333766
-0.0419023
0.0355856
-0.04206
0.038127
-0.0420488
0.0411461
-0.0417985
0.0448043
-0.0412216
0.0492691
-0.0402245
0.0547398
-0.0387316
0.0614068
-0.0366179
0.0695712
-0.0338032
0.0796286
-0.0301411
0.092146
-0.0253131
0.108015
-0.0188528
0.128717
-0.00981351
0.15671
0.00356861
0.196147
0.0242266
0.257149
0.0605096
0.351036
0.120342
0.546729
0.257952
0.523464
0.916091
0.00377035
-0.0425131
0.00747377
-0.0425618
0.0110348
-0.0426509
0.0143878
-0.0427854
0.0174975
-0.0429722
0.0203321
-0.0432162
0.0228918
-0.0435173
0.0252
-0.0438777
0.0273127
-0.0442896
0.0293039
-0.0447379
0.0312702
-0.0452031
0.0333236
-0.0456449
0.0355899
-0.0460144
0.0382198
-0.0462497
0.0413589
-0.046283
0.0451696
-0.0460612
0.0498232
-0.0455297
0.0555001
-0.044659
0.0624361
-0.0434155
0.0709281
-0.0418055
0.0814025
-0.0398162
0.0945452
-0.0373749
0.111423
-0.0343709
0.133729
-0.0304418
0.16423
-0.0248801
0.207488
-0.016529
0.273644
-0.00260901
0.37667
0.0208076
0.57401
0.0645988
0.146923
0.955059
0.00375606
-0.0447976
0.00744174
-0.0448798
0.0109788
-0.0450233
0.014317
-0.0452505
0.0174069
-0.0455528
0.0202214
-0.0459319
0.0227606
-0.0463847
0.0250517
-0.0469085
0.0271503
-0.0474938
0.0291366
-0.0481238
0.0311106
-0.0487777
0.0331909
-0.0494178
0.0355085
-0.0499996
0.0382074
-0.0504748
0.0414409
-0.0507965
0.0453642
-0.0509372
0.0501423
-0.0508856
0.0559547
-0.0506645
0.0630262
-0.050322
0.0716562
-0.0499593
0.0822962
-0.0497157
0.095667
-0.0497694
0.112909
-0.0503981
0.135963
-0.0520006
0.168296
-0.0553755
0.215764
-0.0617561
0.290253
-0.0744274
0.409808
-0.0955079
0.613487
-0.135289
-0.218125
0.982881
0.00372952
-0.0470968
0.00738206
-0.0472063
0.0108959
-0.0474147
0.0142057
-0.0477308
0.0172687
-0.0481507
0.0200563
-0.0486654
0.0225701
-0.0492704
0.0248393
-0.0499573
0.0269215
-0.0507141
0.0289006
-0.0515227
0.0308797
-0.0523594
0.0329803
-0.0531899
0.0353367
-0.0539764
0.0380904
-0.0546834
0.0413897
-0.0552875
0.0453818
-0.055788
0.0502208
-0.0562163
0.0560741
-0.0566474
0.0631509
-0.0572049
0.071736
-0.0580825
0.0822622
-0.0595624
0.0954125
-0.0620501
0.11227
-0.066187
0.134595
-0.0730112
0.165287
-0.0844324
0.208959
-0.103399
0.275106
-0.138119
0.379063
-0.196447
0.580157
-0.332817
-0.59431
0.96049
0.0036881
-0.0494025
0.0073023
-0.0495419
0.0107808
-0.0498174
0.0140531
-0.0502192
0.0170817
-0.0507582
0.0198368
-0.0514077
0.0223211
-0.0521633
0.0245653
-0.0530105
0.026629
-0.0539338
0.0285981
-0.0549131
0.0305791
-0.0559224
0.0326949
-0.0569305
0.0350799
-0.0579085
0.0378704
-0.0588331
0.0412067
-0.0597066
0.0452238
-0.060555
0.0500604
-0.0614493
0.0558644
-0.0625139
0.0628202
-0.0639378
0.0711801
-0.0659962
0.0813257
-0.0690916
0.0938478
-0.0738102
0.109662
-0.081078
0.130217
-0.0924254
0.157977
-0.11075
0.19711
-0.140697
0.25805
-0.196772
0.352291
-0.287882
0.550381
-0.527593
0.930035
-0.970092
0.876004
0.0431135
0.903997
-0.0247865
0.931053
-0.023609
0.949378
-0.0146452
0.960191
-0.00690611
0.967391
-0.00307602
0.973126
-0.00141033
0.978276
-0.00065389
0.983216
-0.00030621
0.988089
-0.000146686
0.99293
-7.17347e-05
0.997719
-3.5547e-05
1.00242
-1.813e-05
1.00696
-9.57164e-06
1.01131
-5.22363e-06
1.0154
-2.90069e-06
1.01918
-1.55782e-06
1.0226
-7.48737e-07
1.02563
-2.88613e-07
1.02824
-1.59162e-08
1.0304
9.18621e-08
1.0321
1.56094e-07
1.03332
1.65802e-07
1.03405
1.25619e-07
6.75939e-08
1.01754
-0.0163823
1.00544
-0.00948399
0.988378
-0.00310524
0.978025
-0.000628451
0.974206
0.000815077
0.974334
0.00091423
0.9766
0.000646923
0.980037
0.000405646
0.984126
0.000236068
0.988573
0.000132923
0.993198
7.26419e-05
0.997878
3.86423e-05
1.00252
1.97599e-05
1.00704
9.67804e-06
1.01137
4.50486e-06
1.01545
1.99188e-06
1.01923
9.21643e-07
1.02265
5.33542e-07
1.02568
4.32512e-07
1.02829
4.01064e-07
1.03045
3.62988e-07
1.03214
3.29514e-07
1.03336
2.7032e-07
1.0341
1.79514e-07
7.60009e-08
0.963197
0.00625376
0.952451
0.00443311
0.95122
0.00154528
0.954568
-0.000308182
0.960623
-0.00134278
0.966773
-0.00111904
0.972472
-0.000733778
0.97782
-0.000448141
0.982943
-0.000256694
0.987946
-0.00014387
0.992867
-7.9673e-05
0.997705
-4.39776e-05
1.00243
-2.4308e-05
1.00699
-1.36839e-05
1.01135
-7.81187e-06
1.01544
-4.38731e-06
1.01922
-2.3585e-06
1.02265
-1.12584e-06
1.02568
-4.27019e-07
1.02829
-4.14146e-08
1.03045
9.39234e-08
1.03214
1.80601e-07
1.03336
1.75151e-07
1.0341
1.29435e-07
4.6919e-08
1.02321
-0.0536114
1.00921
0.0215717
0.990597
0.0235509
0.979057
0.0148714
0.974579
0.0070193
0.974484
0.00308348
0.976667
0.00139831
0.980067
0.00064367
0.98414
0.000298748
0.988579
0.000141886
0.9932
6.79548e-05
0.997879
3.24258e-05
1.00252
1.53818e-05
1.00704
7.10252e-06
1.01137
3.15612e-06
1.01545
1.39479e-06
1.01923
6.45843e-07
1.02265
3.60546e-07
1.02568
2.73041e-07
1.02829
2.16018e-07
1.03045
1.74516e-07
1.03214
1.47846e-07
1.03336
1.03362e-07
1.0341
6.30023e-08
7.51798e-09
0.879268
0.903935
0.930864
0.949373
0.960272
0.96746
0.97317
0.978302
0.983229
0.988096
0.992933
0.99772
1.00242
1.00697
1.01131
1.0154
1.01918
1.0226
1.02564
1.02824
1.0304
1.0321
1.03332
1.03405
0.00458466
-0.0523194
0.0090787
-0.0524976
0.0134042
-0.0528575
0.0174743
-0.0533676
0.0212399
-0.0540541
0.0246662
-0.0548708
0.0277571
-0.0558115
0.0305529
-0.0568529
0.0331309
-0.0579745
0.0356022
-0.0591525
0.0381036
-0.0603588
0.0407912
-0.061567
0.0438292
-0.0627598
0.0473814
-0.0639339
0.0516062
-0.0651195
0.0566543
-0.0663778
0.0626717
-0.0678233
0.0698106
-0.0696333
0.0782563
-0.072063
0.0882618
-0.0754655
0.1002
-0.0803457
0.114621
-0.087422
0.132283
-0.0977768
0.154151
-0.113091
0.181094
-0.136129
0.213621
-0.171171
0.245676
-0.226194
0.271541
-0.310491
0.221178
-0.47338
-0.744603
0.00447857
-0.0552328
0.00887149
-0.055451
0.0130974
-0.0558897
0.0170834
-0.056513
0.0207668
-0.0573349
0.0241242
-0.0583145
0.0271568
-0.0594286
0.0299066
-0.0606491
0.0324521
-0.0619485
0.0349054
-0.0632989
0.0374036
-0.0646708
0.0400987
-0.0660447
0.0431445
-0.067416
0.0466903
-0.0688032
0.0508698
-0.0702601
0.0558057
-0.0718809
0.0616064
-0.0738152
0.0683777
-0.0762793
0.0762425
-0.0795731
0.0853664
-0.0840946
0.0959859
-0.0903935
0.108425
-0.0992261
0.123072
-0.111678
0.140293
-0.129354
0.160168
-0.1547
0.18216
-0.191375
0.2034
-0.245066
0.217618
-0.32174
0.174358
-0.426627
-0.56643
0.00434961
-0.0581354
0.00861903
-0.0583932
0.0127265
-0.0589046
0.0166133
-0.0596438
0.0202008
-0.0605823
0.023483
-0.0617188
0.0264541
-0.0629884
0.0291585
-0.0643668
0.0316744
-0.0658168
0.0341129
-0.0673068
0.0366075
-0.0688077
0.0393019
-0.0703088
0.0423363
-0.0718188
0.0458402
-0.0733778
0.0499226
-0.0750595
0.0546728
-0.0769861
0.0601612
-0.0793336
0.0664446
-0.0823435
0.0735826
-0.0863377
0.0816554
-0.0917293
0.0907716
-0.0990614
0.101059
-0.109054
0.112596
-0.122679
0.125245
-0.141271
0.138264
-0.166644
0.149575
-0.201122
0.153903
-0.247245
0.141971
-0.307065
0.0979204
-0.379334
-0.464974
0.00419818
-0.0610201
0.00832204
-0.0613154
0.0122948
-0.061894
0.0160606
-0.062739
0.0195512
-0.0637878
0.0227508
-0.0650588
0.0256613
-0.0664631
0.0283245
-0.0679715
0.0308169
-0.0695392
0.0332458
-0.0711315
0.0357376
-0.0727226
0.0384242
-0.0743111
0.041429
-0.0759193
0.0448591
-0.0776064
0.0487978
-0.0794646
0.0533006
-0.0816359
0.0584003
-0.0843161
0.0641078
-0.0877575
0.0704245
-0.0922845
0.0773562
-0.0982991
0.0849078
-0.106301
0.0930594
-0.116924
0.101683
-0.130968
0.110373
-0.149437
0.118147
-0.173541
0.123004
-0.2046
0.121284
-0.243547
0.107457
-0.290659
0.0715739
-0.340375
-0.390046
0.00402559
-0.0638804
0.00798405
-0.064209
0.0118078
-0.0648493
0.0154369
-0.0657808
0.0188285
-0.066937
0.0219407
-0.0683061
0.0247946
-0.0698226
0.0274234
-0.0714271
0.0299009
-0.0730758
0.0323267
-0.0747315
0.0348173
-0.0763739
0.0374894
-0.0780104
0.0404479
-0.0796777
0.0437762
-0.0814504
0.0475308
-0.0834376
0.0517371
-0.0857951
0.0563917
-0.0887289
0.0614661
-0.0924914
0.0669147
-0.0973935
0.0726841
-0.103805
0.0787058
-0.112161
0.0848643
-0.122983
0.0909167
-0.136878
0.0963508
-0.154534
0.100176
-0.17666
0.10064
-0.203835
0.094937
-0.235995
0.0789935
-0.27225
0.0488442
-0.30726
-0.337958
0.0038343
-0.0667088
0.00761008
-0.0670648
0.01127
-0.0677574
0.0147574
-0.0687566
0.0180419
-0.0700037
0.0210687
-0.0714335
0.0238729
-0.0730351
0.0264764
-0.0746968
0.0289486
-0.0763887
0.0313784
-0.0780691
0.0338694
-0.0797252
0.0365207
-0.0813731
0.0394176
-0.0830639
0.0426193
-0.0848842
0.0461568
-0.0869577
0.0500288
-0.089449
0.0542005
-0.092564
0.0586125
-0.096548
0.0631842
-0.101686
0.0678222
-0.108302
0.0724135
-0.116755
0.0767935
-0.127448
0.0806795
-0.140808
0.0835636
-0.157252
0.0845783
-0.177116
0.0823407
-0.200486
0.0749022
-0.226799
0.0597632
-0.254717
0.0353439
-0.279934
-0.299422
0.00362722
-0.0694953
0.00720722
-0.069872
0.010692
-0.0706024
0.0140309
-0.0716462
0.0171991
-0.0729546
0.0201568
-0.0744236
0.0229163
-0.0760636
0.0255054
-0.0777462
0.0279818
-0.0794425
0.0304227
-0.0811106
0.0329151
-0.0827459
0.0355395
-0.0843737
0.03836
-0.0860581
0.0414134
-0.0878955
0.0447075
-0.0900206
0.0482173
-0.0926014
0.0518851
-0.0958368
0.0556284
-0.0999572
0.0593447
-0.105214
0.062918
-0.111879
0.0662164
-0.120234
0.0690631
-0.130568
0.0711855
-0.143152
0.0721406
-0.158197
0.071232
-0.175773
0.0674396
-0.195675
0.0594689
-0.217135
0.0458454
-0.23874
0.0260657
-0.257274
-0.270183
0.003409
-0.0722267
0.00678347
-0.0726154
0.0100852
-0.0733646
0.0132794
-0.0744325
0.0163262
-0.0757551
0.0192323
-0.0772561
0.0219463
-0.0788646
0.0245328
-0.0805429
0.0270222
-0.0822037
0.0294794
-0.0838266
0.0319729
-0.0854122
0.0345632
-0.0869956
0.0372931
-0.0886514
0.0401791
-0.0904852
0.0432087
-0.0926369
0.0463383
-0.0952728
0.0494951
-0.0985809
0.0525815
-0.102768
0.0554852
-0.10805
0.0580833
-0.114645
0.0602436
-0.122762
0.0618034
-0.13259
0.0625294
-0.144272
0.0620694
-0.157868
0.0599038
-0.17328
0.0553233
-0.190148
0.0475073
-0.207668
0.0356429
-0.224541
0.0196768
-0.23843
-0.247329
0.00318469
-0.0748843
0.00634568
-0.0752712
0.00946259
-0.0760207
0.0125061
-0.0770814
0.0154562
-0.0783944
0.0182896
-0.0798696
0.0209881
-0.0814257
0.0235784
-0.083051
0.0260888
-0.0846441
0.0285655
-0.0861939
0.0310572
-0.0877083
0.0336044
-0.0892318
0.0362295
-0.0908471
0.0389309
-0.0926664
0.0416802
-0.0948298
0.0444205
-0.0974973
0.0470702
-0.100842
0.0495254
-0.105042
0.0516737
-0.11028
0.0533972
-0.116719
0.0545771
-0.124503
0.0550798
-0.13374
0.0547267
-0.144476
0.0532608
-0.156664
0.0503218
-0.170107
0.0454463
-0.184383
0.0381402
-0.198738
0.0279872
-0.212058
0.0151031
-0.22266
-0.229032
0.00295864
-0.0774394
0.00591048
-0.0778149
0.00884536
-0.078541
0.0117497
-0.0795673
0.0145943
-0.0808231
0.0173698
-0.0822368
0.020068
-0.0837206
0.0226619
-0.0852343
0.0251982
-0.0867412
0.0276933
-0.0881964
0.0301771
-0.0896278
0.0326699
-0.0910862
0.0351756
-0.0926595
0.0376776
-0.0944629
0.0401357
-0.0966326
0.0424849
-0.099318
0.0446402
-0.102674
0.0465005
-0.10685
0.0479587
-0.111992
0.0489111
-0.118216
0.0492618
-0.125611
0.0489134
-0.134219
0.0477455
-0.144016
0.0455906
-0.154886
0.0422209
-0.166582
0.0373573
-0.178675
0.0307231
-0.190496
0.0221288
-0.20113
0.0117334
-0.209361
-0.214083
0.00274085
-0.0798566
0.00549237
-0.0802108
0.00825279
-0.0808873
0.0110157
-0.0818418
0.0137713
-0.0830129
0.0165011
-0.0843279
0.019191
-0.0857054
0.0218011
-0.0870783
0.0243615
-0.0884781
0.0268698
-0.0898279
0.029336
-0.0911748
0.0317607
-0.0925728
0.0341323
-0.0941123
0.0364224
-0.0959071
0.038583
-0.0980857
0.040546
-0.100783
0.0422277
-0.104134
0.0435353
-0.10826
0.0443726
-0.113271
0.0446556
-0.119245
0.044316
-0.126223
0.043295
-0.134197
0.0415281
-0.143095
0.0389246
-0.152761
0.0353624
-0.16293
0.0306941
-0.173196
0.0247838
-0.182987
0.0175646
-0.191569
0.00918401
-0.19806
-0.201662
0.00253785
-0.0820873
0.00509638
-0.0824039
0.00769527
-0.0830136
0.0103425
-0.0838771
0.0130162
-0.084923
0.0156992
-0.0861026
0.0183744
-0.0873453
0.0210147
-0.0885816
0.0235841
-0.0898387
0.0260965
-0.0910935
0.0285309
-0.092363
0.0308722
-0.0937148
0.0330956
-0.0952369
0.035164
-0.0970372
0.0370255
-0.0992331
0.0386127
-0.101943
0.0398475
-0.10528
0.0406487
-0.10934
0.0409352
-0.114198
0.0406455
-0.119903
0.0397397
-0.126455
0.0381982
-0.133812
0.0360051
-0.141871
0.0331337
-0.150454
0.0295413
-0.159299
0.0251722
-0.168039
0.019978
-0.176196
0.0139526
-0.183192
0.00721108
-0.188382
-0.191194
0.0023543
-0.0840698
0.00474668
-0.0843438
0.00719623
-0.0848614
0.00972522
-0.0856091
0.0123287
-0.0865169
0.0149757
-0.0875374
0.0176325
-0.0886184
0.0202929
-0.0897325
0.0228674
-0.0908335
0.025368
-0.0920058
0.027754
-0.0932156
0.0299953
-0.0945429
0.0320574
-0.0960698
0.0338975
-0.0978943
0.0354628
-0.10012
0.0366898
-0.102847
0.0375088
-0.106167
0.0378517
-0.110152
0.0376569
-0.114847
0.0368836
-0.120275
0.0355217
-0.126408
0.0335868
-0.133178
0.0311049
-0.140463
0.0280993
-0.148081
0.0245853
-0.155783
0.0205686
-0.163249
0.0160523
-0.170083
0.0110557
-0.175835
0.00565562
-0.180033
-0.182269
0.00219608
-0.0857328
0.00443948
-0.085956
0.00677282
-0.0863827
0.00919626
-0.0869852
0.01173
-0.0877481
0.0143392
-0.0886034
0.0169817
-0.0895211
0.0196303
-0.0905102
0.0222168
-0.0914974
0.0246732
-0.0925729
0.0269929
-0.0937632
0.0291173
-0.0950914
0.031007
-0.0966494
0.0326156
-0.0985193
0.0338921
-0.100789
0.0347787
-0.103541
0.0352162
-0.106845
0.0351508
-0.11075
0.0345405
-0.11528
0.0333654
-0.120432
0.0316435
-0.12616
0.0294208
-0.13238
0.0267581
-0.138961
0.0237166
-0.145724
0.020352
-0.152441
0.0167089
-0.158836
0.0128187
-0.164589
0.00870607
-0.169353
0.0044105
-0.172781
-0.174584
0.00206858
-0.0869998
0.00419163
-0.0871698
0.00641621
-0.0875002
0.00876447
-0.08797
0.0112311
-0.0885756
0.0137963
-0.0892742
0.0164201
-0.0900516
0.019028
-0.0909088
0.0215958
-0.0918381
0.0240005
-0.0928357
0.0262311
-0.0940356
0.0282235
-0.0953965
0.0299322
-0.0970132
0.03131
-0.0989505
0.0323091
-0.10128
0.0328789
-0.104065
0.0329712
-0.107355
0.0325474
-0.111181
0.031584
-0.115548
0.0300814
-0.120431
0.0280825
-0.125777
0.0256596
-0.131487
0.022901
-0.13743
0.0198954
-0.143436
0.016725
-0.149302
0.0134575
-0.154794
0.0101371
-0.159656
0.0067831
-0.163623
0.00340201
-0.166442
-0.167911
0.00197174
-0.0877946
0.00400095
-0.0879134
0.00614141
-0.0881557
0.00841571
-0.0885031
0.0108222
-0.0889692
0.0133412
-0.0895358
0.015922
-0.0901972
0.018496
-0.0909659
0.0209859
-0.0918401
0.0233499
-0.0928557
0.0254497
-0.0940418
0.0272986
-0.0954926
0.0288205
-0.097193
0.029972
-0.0992198
0.0307088
-0.101624
0.0309883
-0.10445
0.0307734
-0.107732
0.0300403
-0.111482
0.0287817
-0.11569
0.0270192
-0.12032
0.0248147
-0.125305
0.0222643
-0.130547
0.0194765
-0.135915
0.0165588
-0.141252
0.0136097
-0.14638
0.0107083
-0.151105
0.00790159
-0.155224
0.00519887
-0.158539
0.00257825
-0.160869
-0.162072
0.0019021
-0.0880476
0.00386467
-0.0881258
0.00593655
-0.0882925
0.00814793
-0.0885442
0.0104978
-0.0889047
0.0129553
-0.089369
0.0154728
-0.0899554
0.0179812
-0.0906833
0.0203926
-0.0915463
0.0226417
-0.092605
0.0246404
-0.0938551
0.0263243
-0.0953945
0.0276595
-0.0972152
0.0285929
-0.09935
0.0290861
-0.101842
0.0291042
-0.10472
0.0286206
-0.107999
0.0276253
-0.111678
0.0261268
-0.115736
0.024164
-0.120127
0.0218162
-0.124779
0.0191984
-0.129593
0.0164342
-0.134444
0.0136422
-0.139189
0.0109294
-0.143674
0.00837807
-0.147742
0.00603202
-0.151237
0.00388826
-0.154011
0.00190192
-0.15594
-0.156929
0.00185525
-0.0877054
0.00376818
-0.0877554
0.00578739
-0.0878717
0.00794301
-0.0880636
0.0102267
-0.0883563
0.0126107
-0.0887659
0.0150527
-0.0893353
0.0174592
-0.0900575
0.0197664
-0.090969
0.0219003
-0.0921211
0.0237753
-0.0934844
0.0252882
-0.0951187
0.0264379
-0.0970918
0.0271647
-0.0993519
0.0274358
-0.101946
0.0272229
-0.104883
0.0265094
-0.108166
0.0252975
-0.111783
0.0236101
-0.115702
0.0215002
-0.119872
0.0190635
-0.124217
0.0164287
-0.128642
0.0137298
-0.133029
0.0110912
-0.137249
0.00862152
-0.141173
0.00640112
-0.144675
0.00446659
-0.147638
0.00280239
-0.149959
0.0013455
-0.151555
-0.152367
0.00182338
-0.0867366
0.00370192
-0.0867764
0.00567523
-0.0868692
0.0077762
-0.0870457
0.00998558
-0.0873144
0.0122908
-0.0877336
0.0146248
-0.088327
0.0169207
-0.0891081
0.0191188
-0.0901328
0.0211004
-0.0913916
0.0228156
-0.0929102
0.0241942
-0.094707
0.0251439
-0.0968014
0.0256807
-0.0992237
0.0257529
-0.101929
0.0253405
-0.104934
0.0244352
-0.10823
0.0230502
-0.111794
0.0212207
-0.115589
0.0190122
-0.119558
0.016534
-0.123625
0.0139248
-0.127699
0.0113248
-0.131669
0.0088596
-0.135424
0.00663498
-0.138856
0.00472514
-0.141867
0.00315732
-0.144373
0.00190399
-0.146309
0.000888441
-0.147626
-0.14829
0.00180054
-0.0851418
0.00364784
-0.0851865
0.00558213
-0.0852921
0.00761814
-0.0854881
0.00974674
-0.0857878
0.011953
-0.0862732
0.0141674
-0.0869431
0.0163436
-0.0878491
0.0183819
-0.0890054
0.0202062
-0.0904218
0.021766
-0.0921361
0.0229785
-0.0941146
0.0237775
-0.0963677
0.0241327
-0.0989374
0.0240325
-0.101773
0.023452
-0.104854
0.0223923
-0.108173
0.0208752
-0.111696
0.0189471
-0.115382
0.016684
-0.119172
0.0142057
-0.122991
0.0116588
-0.126749
0.00918547
-0.130348
0.00690855
-0.13369
0.00492759
-0.136689
0.00330802
-0.139272
0.00206644
-0.141385
0.00116433
-0.142991
0.000515112
-0.14407
-0.14461
0.00177682
-0.0829534
0.00359158
-0.0830177
0.00547475
-0.0831623
0.00742979
-0.0834092
0.00947124
-0.0838037
0.0115653
-0.0844023
0.0136442
-0.0851936
0.0156749
-0.0862732
0.0175478
-0.08759
0.0192312
-0.0892249
0.0206181
-0.0911284
0.0216627
-0.09331
0.0223287
-0.0957662
0.0225175
-0.0984549
0.0222697
-0.101441
0.0215521
-0.104606
0.0203735
-0.107958
0.0187631
-0.111456
0.0167766
-0.115052
0.0144988
-0.118686
0.0120577
-0.122286
0.0096051
-0.125765
0.00728167
-0.129034
0.0052044
-0.132012
0.00346408
-0.13463
0.00211555
-0.136839
0.00116419
-0.13861
0.000561555
-0.139933
0.000214051
-0.140809
-0.141243
0.00174103
-0.0802335
0.00350901
-0.0803276
0.00532498
-0.0805316
0.00720252
-0.0808741
0.00914411
-0.0814022
0.0110929
-0.0821303
0.0130401
-0.0831125
0.0148921
-0.0843643
0.0166225
-0.0859121
0.0181268
-0.0877494
0.019348
-0.0898669
0.0202483
-0.0922744
0.0207516
-0.0949118
0.0208549
-0.0977908
0.0204579
-0.100857
0.0196351
-0.104143
0.0183708
-0.107537
0.0167034
-0.111024
0.0146955
-0.11455
0.0124395
-0.118054
0.0100696
-0.121464
0.00773971
-0.124699
0.00558625
-0.127679
0.00371787
-0.130336
0.00221474
-0.13262
0.00112024
-0.134501
0.000428814
-0.135974
8.45937e-05
-0.137059
-1.36997e-05
-0.137762
-0.1381
0.00168353
-0.0770706
0.0033868
-0.0772048
0.00512731
-0.0774905
0.0069135
-0.0779551
0.00872117
-0.0786202
0.0105309
-0.0795183
0.0123209
-0.0807116
0.0140035
-0.0821513
0.0155631
-0.0839445
0.0168868
-0.0859774
0.0179734
-0.0883498
0.0187161
-0.090946
0.0190948
-0.0937817
0.0190702
-0.0968304
0.0186063
-0.100023
0.0176936
-0.103391
0.0163759
-0.106848
0.0146848
-0.110339
0.0126899
-0.113814
0.0104893
-0.117212
0.00822152
-0.120461
0.00603989
-0.123485
0.00407455
-0.126214
0.0024233
-0.128591
0.00115527
-0.130582
0.000305095
-0.132178
-0.00011617
-0.133413
-0.000284451
-0.134286
-0.000210169
-0.134822
-0.135085
0.00160651
-0.0735836
0.00322774
-0.0737649
0.00487089
-0.0741389
0.0065288
-0.0747212
0.00819579
-0.0755386
0.00986562
-0.0766333
0.0114675
-0.078006
0.0129994
-0.079679
0.0143632
-0.0816677
0.0155499
-0.0839398
0.0164639
-0.0865082
0.0170677
-0.0892977
0.0173365
-0.0923322
0.0172113
-0.0955309
0.0166941
-0.0988702
0.0157275
-0.102296
0.0143812
-0.10582
0.0126968
-0.109329
0.0107458
-0.112771
0.00863177
-0.116085
0.00649443
-0.119199
0.00448468
-0.122044
0.00272426
-0.124556
0.00129924
-0.126689
0.000271443
-0.128429
-0.000337965
-0.129813
-0.00063782
-0.130799
-0.000618589
-0.131485
-0.000368671
-0.131904
-0.1321
0.00150504
-0.069903
0.00301458
-0.070127
0.00452721
-0.07058
0.00605147
-0.0712862
0.00758145
-0.0722618
0.00907466
-0.0735181
0.0105078
-0.0750726
0.0118612
-0.0769556
0.0130492
-0.0791182
0.0140784
-0.0816135
0.0148337
-0.0843365
0.015338
-0.0873352
0.0154924
-0.0905108
0.0152848
-0.0938515
0.0147012
-0.0973152
0.0137477
-0.100845
0.012382
-0.104373
0.0107303
-0.107926
0.00885146
-0.111347
0.00685245
-0.114593
0.00487144
-0.117594
0.00305514
-0.120284
0.00151632
-0.122609
0.000331107
-0.124539
-0.00045897
-0.126097
-0.000941373
-0.127229
-0.00104622
-0.128047
-0.000868684
-0.128566
-0.000487492
-0.128887
-0.129031
0.00137377
-0.0661575
0.00274875
-0.0664205
0.00412755
-0.0669509
0.00550398
-0.0677623
0.00685659
-0.0688582
0.00817032
-0.0702578
0.00944152
-0.0719866
0.0105956
-0.07401
0.0116389
-0.0763573
0.0124825
-0.0789855
0.0131265
-0.0818813
0.0134893
-0.0850011
0.0135607
-0.0883206
0.0132902
-0.0917719
0.0126681
-0.0953333
0.0116905
-0.0989357
0.0103992
-0.102527
0.00877876
-0.106043
0.00699904
-0.109474
0.0051407
-0.11266
0.00333956
-0.115564
0.00173682
-0.118119
0.000436776
-0.120286
-0.000507334
-0.122079
-0.00114924
-0.12339
-0.00141167
-0.124379
-0.00135963
-0.125021
-0.00104956
-0.125421
-0.00056877
-0.12565
-0.125749
0.0012263
-0.0624799
0.00245015
-0.0627726
0.00366614
-0.063358
0.00486284
-0.064242
0.00604285
-0.065443
0.00719438
-0.0669629
0.00826983
-0.0687918
0.00925963
-0.0709397
0.0101292
-0.0734021
0.0108271
-0.0761302
0.0113313
-0.0791344
0.0115927
-0.0823467
0.0115637
-0.0857427
0.0112449
-0.0892936
0.0105889
-0.0929048
0.00961615
-0.0965604
0.00835908
-0.10019
0.00686895
-0.103715
0.00518694
-0.107079
0.00349115
-0.110225
0.00189146
-0.113047
0.000523768
-0.115491
-0.000542263
-0.117525
-0.00130234
-0.119097
-0.00172148
-0.120282
-0.00180891
-0.121107
-0.00161451
-0.121626
-0.00119749
-0.121935
-0.000634347
-0.122094
-0.122157
0.00105657
-0.0589779
0.00210841
-0.0592894
0.00314938
-0.0599108
0.00418088
-0.0608539
0.00518355
-0.0621148
0.00613884
-0.0636918
0.007032
-0.0655842
0.00785364
-0.0678114
0.00853941
-0.0703052
0.00910549
-0.073114
0.00946652
-0.0761397
0.00963257
-0.0794185
0.00953686
-0.0828385
0.00914845
-0.086411
0.00848082
-0.0900595
0.00752529
-0.0937262
0.00631693
-0.0973592
0.0049217
-0.100873
0.00341694
-0.104194
0.00191643
-0.107265
0.000532722
-0.109991
-0.000615904
-0.112305
-0.00147443
-0.114184
-0.0020038
-0.115614
-0.00221089
-0.116671
-0.00212343
-0.117357
-0.00179533
-0.117782
-0.00129093
-0.118007
-0.00067256
-0.11811
-0.118145
0.000880184
-0.0557498
0.00175597
-0.0560707
0.00261813
-0.0567071
0.0034611
-0.0576706
0.00426475
-0.0589401
0.00504328
-0.0605481
0.00577044
-0.062463
0.00639585
-0.0646736
0.00694929
-0.0671925
0.00735094
-0.0699763
0.00760699
-0.0730033
0.00763874
-0.0762395
0.00747637
-0.0796673
0.00705344
-0.0832091
0.00636919
-0.0868333
0.00543482
-0.0904677
0.00428653
-0.0940643
0.00298762
-0.0975278
0.00163564
-0.100788
0.000335882
-0.103759
-0.000821703
-0.106365
-0.00172362
-0.10855
-0.00233144
-0.110282
-0.00261211
-0.111592
-0.0026227
-0.112507
-0.00237203
-0.113081
-0.00192992
-0.113416
-0.0013523
-0.113573
-0.000693966
-0.113629
-0.113642
0.00069754
-0.0528655
0.00138788
-0.0531834
0.00206027
-0.0538109
0.00271648
-0.0547676
0.00335579
-0.0560268
0.00395654
-0.057605
0.00448716
-0.0594721
0.00496261
-0.06165
0.00535429
-0.0641116
0.00560795
-0.0668159
0.00574425
-0.0697876
0.00569353
-0.0729447
0.00543895
-0.0762887
0.00496613
-0.0797535
0.00427373
-0.0833081
0.00336975
-0.0868575
0.00228941
-0.0903675
0.00110726
-0.0937412
-8.56643e-05
-0.0968923
-0.00118405
-0.0997364
-0.00209513
-0.102203
-0.00274395
-0.104239
-0.00309444
-0.10583
-0.00315882
-0.106999
-0.00296955
-0.107787
-0.00256739
-0.10826
-0.00202268
-0.108509
-0.00138516
-0.108606
-0.000702111
-0.108621
-0.108617
0.000513502
-0.0503701
0.0010209
-0.0506763
0.0015212
-0.0512858
0.00200064
-0.0522025
0.00245714
-0.0534099
0.00286579
-0.054913
0.00323975
-0.0567133
0.00355847
-0.0588016
0.00377445
-0.0611307
0.00391404
-0.0637455
0.00390659
-0.0665633
0.00376573
-0.0696176
0.00344241
-0.072826
0.00292646
-0.0761498
0.0022153
-0.0795637
0.00134698
-0.083003
0.000348727
-0.0863675
-0.000707892
-0.0895969
-0.00172652
-0.0925954
-0.00260917
-0.0952739
-0.00327415
-0.0975674
-0.00366684
-0.0994329
-0.00377219
-0.10086
-0.00361638
-0.101881
-0.00324511
-0.102541
-0.0027117
-0.102913
-0.0020786
-0.103081
-0.00139526
-0.103122
-0.000699988
-0.103102
-0.103084
0.000341297
-0.0482911
0.000675588
-0.0485769
0.000999383
-0.0491482
0.00129928
-0.0499981
0.00158348
-0.0511318
0.00183987
-0.0525496
0.00205272
-0.0542376
0.00219565
-0.0561637
0.00229606
-0.0583774
0.00228286
-0.060811
0.00217758
-0.0634716
0.00192293
-0.0663317
0.00151287
-0.0693582
0.000960894
-0.0725172
0.00025936
-0.0757452
-0.000582541
-0.0789902
-0.00150624
-0.0821733
-0.00243284
-0.0852105
-0.00327153
-0.0880046
-0.00393122
-0.0904759
-0.00435073
-0.0925567
-0.00449169
-0.0942215
-0.00436381
-0.0954584
-0.00399915
-0.0963208
-0.0034613
-0.0968427
-0.00281201
-0.0971095
-0.0021042
-0.097202
-0.00139053
-0.0971856
-0.000690242
-0.097139
-0.0971071
0.000174285
-0.046622
0.000341951
-0.0468829
0.00050336
-0.0474068
0.000650314
-0.0481882
0.000783332
-0.049229
0.000876304
-0.0505209
0.000922024
-0.0520576
0.000946394
-0.0538438
0.000892867
-0.0558643
0.000758934
-0.0581048
0.000528285
-0.0605607
0.000198432
-0.0632038
-0.000269706
-0.0660106
-0.000874212
-0.0689434
-0.00159944
-0.0719502
-0.00241212
-0.0749693
-0.00325202
-0.0779197
-0.00404103
-0.0807107
-0.00469084
-0.0832525
-0.00513125
-0.085464
-0.00530928
-0.0872957
-0.00521726
-0.08872
-0.0048609
-0.0897577
-0.00431528
-0.0904258
-0.00361964
-0.0908165
-0.00287148
-0.0909619
-0.00210373
-0.0909822
-0.00136702
-0.0909131
-0.000672577
-0.09084
-0.0907934
2.63819e-05
-0.0453491
4.97621e-05
-0.0455813
6.52255e-05
-0.0460526
6.67107e-05
-0.0467483
4.99952e-05
-0.0476823
6.35743e-06
-0.0488394
-7.20407e-05
-0.0502221
-0.000193602
-0.0518287
-0.000374839
-0.0536463
-0.000626907
-0.0556772
-0.000967184
-0.057904
-0.0014028
-0.0603166
-0.00194912
-0.062878
-0.00260101
-0.0655593
-0.00333451
-0.0683107
-0.00410802
-0.0710623
-0.00485647
-0.0737316
-0.00550143
-0.0762286
-0.0059663
-0.0784674
-0.00618518
-0.0803817
-0.0061302
-0.0819261
-0.00580631
-0.0830851
-0.00525714
-0.0838818
-0.00452527
-0.0843634
-0.00371606
-0.0845875
-0.00287524
-0.0846282
-0.00207092
-0.0845586
-0.00132495
-0.0844463
-0.000646215
-0.0843441
-0.0842825
-0.000101856
-0.0444273
-0.000210053
-0.0446291
-0.000325463
-0.0450459
-0.000455229
-0.0456559
-0.000605212
-0.0464777
-0.000778166
-0.0475003
-0.000986806
-0.0487206
-0.00123617
-0.050147
-0.00153332
-0.0517683
-0.00190559
-0.0535717
-0.00234095
-0.0555802
-0.00287666
-0.0577331
-0.00349233
-0.0600439
-0.00418198
-0.062456
-0.00491613
-0.0649225
-0.00564224
-0.0673723
-0.00629183
-0.0697216
-0.00678893
-0.0718848
-0.00706433
-0.0737834
-0.00707344
-0.0753605
-0.00680478
-0.0765845
-0.0062763
-0.0774565
-0.00553431
-0.0780051
-0.00465348
-0.0782782
-0.0037308
-0.0783369
-0.00283444
-0.0782559
-0.00200591
-0.0780997
-0.00126593
-0.0779428
-0.00061076
-0.0778134
-0.0777351
-0.000219044
-0.0438122
-0.000442915
-0.0439868
-0.000676447
-0.0443488
-0.000921992
-0.0448795
-0.00118844
-0.0455929
-0.00147678
-0.0464879
-0.0018007
-0.0475513
-0.00216505
-0.0488034
-0.00257716
-0.0502334
-0.00304076
-0.0518336
-0.00359193
-0.053594
-0.00420116
-0.0555153
-0.00487881
-0.0575604
-0.0055998
-0.0596922
-0.00632408
-0.0618562
-0.00699358
-0.0639789
-0.00753586
-0.0659815
-0.0078809
-0.0677815
-0.00797106
-0.0693114
-0.0077764
-0.0705276
-0.00729868
-0.0714151
-0.00657646
-0.0719837
-0.00568524
-0.0722575
-0.00468792
-0.0723239
-0.003695
-0.0722059
-0.00274494
-0.0720222
-0.00190934
-0.0717741
-0.00118877
-0.0715678
-0.000566392
-0.0714114
-0.0713175
-0.000321363
-0.0434616
-0.000643985
-0.0436152
-0.000981863
-0.0439216
-0.00132921
-0.0443831
-0.00169594
-0.0449999
-0.0020886
-0.0457755
-0.00251365
-0.0466985
-0.00298292
-0.0477859
-0.00349657
-0.0490401
-0.00406566
-0.0504423
-0.00469363
-0.0519864
-0.00537767
-0.0536711
-0.00610466
-0.0554558
-0.00684229
-0.0573046
-0.00754415
-0.0591546
-0.00814346
-0.060937
-0.00857185
-0.0625734
-0.00876232
-0.0639941
-0.00867062
-0.0651403
-0.00828674
-0.0659809
-0.0076269
-0.0665206
-0.00675191
-0.0667706
-0.00571278
-0.0667972
-0.00463891
-0.0666284
-0.00356905
-0.0663695
-0.00261744
-0.0660511
-0.00177664
-0.0657458
-0.00108898
-0.0654755
-0.000517335
-0.0652831
-0.0651886
-0.000408508
-0.0433352
-0.000819008
-0.0434702
-0.00124321
-0.0437293
-0.00168106
-0.0441276
-0.00213258
-0.044667
-0.00262081
-0.0453286
-0.00313442
-0.0461364
-0.00369405
-0.0470757
-0.00430164
-0.0481678
-0.00495593
-0.0493944
-0.00565687
-0.0507414
-0.00640465
-0.0521958
-0.00716583
-0.0537336
-0.00790673
-0.0552992
-0.0085685
-0.0568354
-0.00908427
-0.0582713
-0.00938683
-0.0595353
-0.00942345
-0.0605662
-0.00915554
-0.0613297
-0.00859611
-0.0617914
-0.00777401
-0.0619852
-0.00674939
-0.0619355
-0.00561657
-0.0617022
-0.00446644
-0.0613305
-0.00338386
-0.0609145
-0.00242006
-0.0604927
-0.0016346
-0.0600972
-0.000986559
-0.059798
-0.000456442
-0.0595871
-0.0594716
-0.000482114
-0.0433964
-0.000972826
-0.0435097
-0.00146631
-0.0437398
-0.00197943
-0.0440805
-0.002514
-0.0445496
-0.00308308
-0.0451172
-0.00367727
-0.04583
-0.00431513
-0.0466444
-0.00500284
-0.0475917
-0.00573085
-0.048664
-0.00649809
-0.0498289
-0.00728591
-0.0510767
-0.00806699
-0.0523723
-0.00878944
-0.0536647
-0.00939347
-0.0548892
-0.0098112
-0.0559796
-0.00998096
-0.0568729
-0.00985797
-0.0575208
-0.00943583
-0.0578945
-0.00870594
-0.0580097
-0.00774323
-0.0578618
-0.00661086
-0.057529
-0.00541115
-0.0570501
-0.00422228
-0.0564994
-0.00313574
-0.0559425
-0.00220801
-0.0554158
-0.00144385
-0.0549763
-0.000853567
-0.054627
-0.00039502
-0.0543875
-0.054274
-0.000548554
-0.0436086
-0.00110372
-0.043706
-0.00166669
-0.0439099
-0.0022431
-0.0442109
-0.00285333
-0.0446123
-0.00348668
-0.045115
-0.00415285
-0.0457446
-0.00485823
-0.0464583
-0.00560768
-0.0472845
-0.00640124
-0.0482117
-0.00721606
-0.0492177
-0.00803153
-0.0502733
-0.00880949
-0.0513397
-0.00949318
-0.0523671
-0.0100203
-0.0532862
-0.0103247
-0.0540387
-0.0103532
-0.0545701
-0.0100754
-0.0548462
-0.00948585
-0.0548588
-0.0086284
-0.054624
-0.00754575
-0.0541784
-0.00633627
-0.0535805
-0.00509915
-0.0528807
-0.00390113
-0.0521803
-0.00283679
-0.0515007
-0.00194834
-0.0508907
-0.00124839
-0.0504103
-0.000722085
-0.0500244
-0.000324431
-0.0497739
-0.0496505
-0.000606586
-0.0439441
-0.00121382
-0.0440353
-0.00184249
-0.0442069
-0.00248258
-0.0444813
-0.00314821
-0.0448369
-0.00384026
-0.0452878
-0.00456993
-0.0458471
-0.00533204
-0.0464838
-0.0061405
-0.0472003
-0.00697774
-0.0480057
-0.0078232
-0.048865
-0.00864562
-0.0497412
-0.0093961
-0.0505915
-0.0100217
-0.0513569
-0.0104529
-0.0519812
-0.0106306
-0.052407
-0.0105127
-0.0525906
-0.0100821
-0.0525161
-0.00935118
-0.0521895
-0.00836915
-0.0516416
-0.00719968
-0.0509258
-0.00594987
-0.0500836
-0.00468033
-0.049225
-0.0035091
-0.0483793
-0.00248992
-0.0476064
-0.00165707
-0.0469476
-0.00103191
-0.0464164
-0.000577243
-0.0460194
-0.000251731
-0.0457604
-0.04563
-0.000654463
-0.0443844
-0.001319
-0.0444634
-0.00198951
-0.044625
-0.00268889
-0.0448648
-0.0034065
-0.0451941
-0.00414403
-0.0456137
-0.00493977
-0.046096
-0.00575741
-0.0466781
-0.00660175
-0.0473125
-0.0074697
-0.0480017
-0.00832695
-0.0487248
-0.00913442
-0.0494298
-0.00983943
-0.0500686
-0.0103803
-0.0505832
-0.0106975
-0.0509196
-0.0107406
-0.0510287
-0.0104694
-0.0508915
-0.00989515
-0.050486
-0.00903762
-0.0498528
-0.00795224
-0.0490335
-0.00673573
-0.048064
-0.00543622
-0.0470583
-0.00418616
-0.0460438
-0.00305956
-0.045093
-0.00210191
-0.0442528
-0.00134912
-0.0435632
-0.000800864
-0.0430005
-0.000426217
-0.0426005
-0.000176054
-0.0423383
-0.0422068
-0.000702617
-0.044908
-0.00141223
-0.0449809
-0.00212982
-0.045136
-0.00286514
-0.0453602
-0.00363012
-0.0456615
-0.0044367
-0.0460385
-0.00527063
-0.0464834
-0.00612954
-0.0470134
-0.0070066
-0.0475738
-0.00788414
-0.0481617
-0.00873225
-0.0487498
-0.00950159
-0.0492864
-0.0101355
-0.0497164
-0.0105737
-0.0499844
-0.0107612
-0.0500426
-0.010657
-0.0498521
-0.0102499
-0.0494033
-0.00952917
-0.0487186
-0.00856399
-0.0478024
-0.00741492
-0.04674
-0.00613439
-0.0456004
-0.00484631
-0.0444338
-0.00363677
-0.0433102
-0.00257329
-0.0422924
-0.00169603
-0.0414105
-0.00103261
-0.0406983
-0.00056767
-0.0401358
-0.000273715
-0.0397388
-9.95916e-05
-0.039478
-0.0393493
-0.000745542
-0.0455053
-0.00149321
-0.0455792
-0.00226575
-0.0457154
-0.00304961
-0.0459364
-0.00386065
-0.0462192
-0.00470205
-0.0465703
-0.00556453
-0.0469861
-0.00645647
-0.0474572
-0.00735102
-0.0479496
-0.00822408
-0.0484399
-0.00904059
-0.048893
-0.00974882
-0.049258
-0.0102898
-0.0494781
-0.0106071
-0.049502
-0.0106556
-0.0492892
-0.0104
-0.0488208
-0.00984307
-0.048091
-0.00901909
-0.0471338
-0.00795183
-0.046005
-0.00673839
-0.044742
-0.00546534
-0.0434428
-0.00422013
-0.0421652
-0.00306851
-0.0409805
-0.00207611
-0.0399333
-0.00128208
-0.0390476
-0.000711644
-0.0383137
-0.000326865
-0.0377755
-0.000122443
-0.0373807
-2.2869e-05
-0.0371304
-0.0370077
-0.000784356
-0.0461711
-0.00158142
-0.046237
-0.00237884
-0.0463816
-0.00321447
-0.0465764
-0.00406551
-0.0468552
-0.0049383
-0.0471887
-0.00582237
-0.0475804
-0.00674132
-0.0479762
-0.00763584
-0.0484076
-0.00848675
-0.0487942
-0.0092506
-0.0491071
-0.00987549
-0.0492936
-0.0103038
-0.0493
-0.0104853
-0.0490817
-0.0103833
-0.0486096
-0.0099831
-0.0478774
-0.00929309
-0.0468989
-0.00835387
-0.0457131
-0.00723624
-0.0443836
-0.00599673
-0.0429807
-0.00472713
-0.0415757
-0.00351573
-0.0402329
-0.00244479
-0.0390097
-0.0015561
-0.0379498
-0.000875882
-0.0370717
-0.00038311
-0.0363765
-9.06323e-05
-0.0358461
4.05868e-05
-0.0354717
5.07597e-05
-0.0352358
-0.035122
-0.000826873
-0.0468966
-0.00165377
-0.0469679
-0.00250595
-0.0470973
-0.00335811
-0.0473042
-0.00424008
-0.0475624
-0.00514405
-0.0478712
-0.00607502
-0.0482107
-0.00697978
-0.0485718
-0.007861
-0.0489113
-0.008668
-0.0491876
-0.0093584
-0.049348
-0.00987947
-0.0493462
-0.0101787
-0.0491337
-0.0102144
-0.0486752
-0.00996226
-0.0479545
-0.00942261
-0.0469786
-0.00861374
-0.0457836
-0.00758899
-0.044405
-0.00641768
-0.0429245
-0.00518279
-0.0414096
-0.00396448
-0.0399338
-0.00283064
-0.0385643
-0.00184404
-0.0373533
-0.00104572
-0.0363166
-0.000457806
-0.0354583
-6.77581e-05
-0.0347939
0.000134414
-0.0342953
0.000179955
-0.0339486
0.000117568
-0.033732
-0.0336279
-0.00086279
-0.0476863
-0.0017386
-0.04775
-0.00261655
-0.047886
-0.00352423
-0.048071
-0.00443648
-0.0483257
-0.00536165
-0.0486051
-0.00628224
-0.0489028
-0.00717082
-0.0492046
-0.00801978
-0.0494294
-0.00876144
-0.0495839
-0.00935805
-0.0495752
-0.00975777
-0.0493741
-0.00991567
-0.0489376
-0.00980064
-0.0482426
-0.00940176
-0.0472868
-0.00873211
-0.0460914
-0.00783338
-0.0446996
-0.00674027
-0.0431833
-0.00554668
-0.0415877
-0.00433074
-0.0400055
-0.00316334
-0.0385026
-0.00211196
-0.0371383
-0.00123481
-0.035951
-0.000557286
-0.0349467
-6.2648e-05
-0.0341463
0.000227572
-0.0335221
0.000337879
-0.0330648
0.000306819
-0.0327501
0.000178255
-0.0325549
-0.0324616
-0.000904847
-0.0485335
-0.00180973
-0.048601
-0.00273174
-0.0487238
-0.00365175
-0.0489103
-0.00459525
-0.0491278
-0.00552855
-0.0493786
-0.00643402
-0.0496269
-0.00731589
-0.0498212
-0.00809025
-0.0499536
-0.00875863
-0.0499361
-0.00924281
-0.0497527
-0.00950749
-0.049341
-0.00951676
-0.0486777
-0.00925168
-0.0477529
-0.00871493
-0.0465788
-0.00793188
-0.0451907
-0.00694829
-0.0436422
-0.0058359
-0.0420014
-0.00464784
-0.0403466
-0.00347061
-0.0387412
-0.00238226
-0.0372409
-0.00143579
-0.0359039
-0.000675545
-0.0347676
-7.85528e-05
-0.0338314
0.000304652
-0.0330798
0.000494699
-0.0325111
0.000521517
-0.0320995
0.000420681
-0.0318191
0.000232479
-0.0316467
-0.0315646
-0.000938656
-0.0494458
-0.0018885
-0.0495019
-0.00283472
-0.0496239
-0.00379631
-0.0497803
-0.00473987
-0.0499798
-0.00567283
-0.0501712
-0.00656904
-0.0503392
-0.00738898
-0.0504315
-0.00809758
-0.0504249
-0.00865005
-0.0502357
-0.00900731
-0.0498483
-0.00912694
-0.0492183
-0.00898576
-0.0483284
-0.00857729
-0.0471846
-0.00791719
-0.0458134
-0.0070415
-0.0442616
-0.0060033
-0.0425909
-0.00486898
-0.0408722
-0.00371752
-0.0391791
-0.00261858
-0.0375767
-0.00162447
-0.0361241
-0.000778803
-0.0348547
-0.000108603
-0.0337787
0.000361816
-0.0329048
0.00063586
-0.0322238
0.000734116
-0.0317148
0.000684668
-0.031351
0.000521037
-0.0311058
0.000280015
-0.0309564
-0.0308857
-0.000976816
-0.0504154
-0.00194855
-0.0504701
-0.00293133
-0.0505637
-0.00389284
-0.0507047
-0.00485501
-0.0508373
-0.00577355
-0.0509625
-0.00662144
-0.0510374
-0.0073669
-0.0510028
-0.00799404
-0.0508112
-0.00842587
-0.0504424
-0.00864525
-0.0498356
-0.00861627
-0.0489829
-0.0083289
-0.0478725
-0.00778947
-0.046526
-0.00702524
-0.044983
-0.00608082
-0.0432995
-0.00501423
-0.0415422
-0.00389301
-0.0397826
-0.00278948
-0.0380909
-0.00176639
-0.0365266
-0.000876373
-0.0351348
-0.000146706
-0.0339374
0.000402343
-0.032943
0.000757371
-0.0321505
0.00093131
-0.0315429
0.00094534
-0.0310949
0.000827062
-0.0307788
0.000607849
-0.0305684
0.000320885
-0.0304414
-0.0303817
-0.00100677
-0.0514415
-0.00201446
-0.0514797
-0.00300389
-0.0515557
-0.00398974
-0.0516339
-0.00492237
-0.0517162
-0.00580063
-0.0517401
-0.00660168
-0.0516758
-0.00727685
-0.0514843
-0.00777745
-0.0511136
-0.00808272
-0.0505257
-0.00815245
-0.0497007
-0.00797883
-0.0486191
-0.00755552
-0.0473017
-0.00690283
-0.0457744
-0.00605746
-0.044089
-0.00507017
-0.0423077
-0.00400178
-0.0404993
-0.00291903
-0.0387336
-0.00188799
-0.0370747
-0.000963114
-0.0355726
-0.000181899
-0.0342602
0.00043313
-0.0331513
0.000861801
-0.032249
0.00110945
-0.031542
0.00119094
-0.0310081
0.00112856
-0.0306202
0.000949106
-0.0303505
0.000681516
-0.0301732
0.000355341
-0.0300674
-0.0300179
-0.00103009
-0.0525129
-0.00204835
-0.0525351
-0.0030603
-0.0525575
-0.00401954
-0.0525878
-0.00494311
-0.0525575
-0.00578129
-0.0524607
-0.00649581
-0.0522488
-0.00705983
-0.0518719
-0.00744251
-0.0512848
-0.00760863
-0.0504729
-0.00753605
-0.0494241
-0.00722099
-0.0481267
-0.00667821
-0.0466164
-0.00593426
-0.0449357
-0.00503334
-0.0431404
-0.00403009
-0.0412961
-0.00298585
-0.0394715
-0.00196421
-0.037732
-0.00102291
-0.036133
-0.000204532
-0.0347139
0.000463276
-0.0334959
0.000955438
-0.0324867
0.00127085
-0.0316806
0.00141841
-0.0310591
0.00141548
-0.0305972
0.00128479
-0.0302668
0.00105183
-0.0300404
0.000742856
-0.0298939
0.000383813
-0.0298074
-0.0297674
-0.00104433
-0.0536081
-0.00207322
-0.0536028
-0.00306314
-0.053577
-0.00402243
-0.0534993
-0.00488597
-0.053367
-0.00564112
-0.0531188
-0.00626906
-0.0527106
-0.00672807
-0.0521212
-0.00697848
-0.0513123
-0.00699385
-0.0502825
-0.00679213
-0.0489938
-0.00635513
-0.0475037
-0.00571251
-0.0458273
-0.00490254
-0.0440235
-0.00397301
-0.0421532
-0.00298073
-0.0402808
-0.00198503
-0.0384734
-0.00104386
-0.0367892
-0.000203678
-0.0352728
0.000502522
-0.0339517
0.0010466
-0.0328396
0.00142132
-0.0319355
0.00163008
-0.0312254
0.00168552
-0.0306869
0.00160661
-0.0302932
0.00141578
-0.0300162
0.00113673
-0.0298295
0.000792915
-0.0297106
0.000406853
-0.0296414
-0.0296096
-0.00103679
-0.0547021
-0.00205698
-0.0546549
-0.00303441
-0.054555
-0.00393213
-0.0543784
-0.00474407
-0.0540839
-0.00542695
-0.0536562
-0.00594168
-0.053046
-0.00626461
-0.052234
-0.00637016
-0.0511951
-0.00626899
-0.0499179
-0.0059309
-0.0484341
-0.00539265
-0.0467603
-0.00467603
-0.0449502
-0.00382757
-0.0430577
-0.00289758
-0.0411475
-0.00194156
-0.0392833
-0.00101612
-0.0375229
-0.000168991
-0.0359185
0.000561151
-0.0345012
0.00114466
-0.0332905
0.00156862
-0.0322904
0.0018314
-0.0314913
0.00194112
-0.0308743
0.00191305
-0.0304142
0.00176677
-0.0300835
0.00152374
-0.0298548
0.0012056
-0.0297035
0.000832974
-0.0296087
0.000425106
-0.0295545
-0.0295298
-0.00101523
-0.0557447
-0.00199875
-0.0556549
-0.00293016
-0.0554618
-0.00377744
-0.0551519
-0.00450153
-0.0546882
-0.00507181
-0.0540667
-0.00546589
-0.05323
-0.00566751
-0.0521762
-0.00565408
-0.0509031
-0.00541504
-0.0494173
-0.00497454
-0.0477412
-0.00435205
-0.0459214
-0.00358848
-0.0440085
-0.00272907
-0.0420642
-0.00182526
-0.0401492
-0.000932256
-0.038324
-9.08006e-05
-0.0366398
0.00064953
-0.0351326
0.00125948
-0.0338282
0.00172161
-0.0327347
0.00202968
-0.0318472
0.00218752
-0.0311502
0.00220676
-0.030621
0.00210411
-0.030233
0.00189892
-0.029959
0.00161127
-0.0297729
0.00126046
-0.0296522
0.000864373
-0.029578
0.000439253
-0.0295364
-0.0295176
-0.000963577
-0.0566814
-0.00189317
-0.0565395
-0.00275181
-0.0562483
-0.00351376
-0.0557835
-0.00412668
-0.0551494
-0.00459802
-0.0542923
-0.00487045
-0.0532355
-0.00493808
-0.0519523
-0.00479394
-0.0504583
-0.00445371
-0.0487728
-0.00392931
-0.0469399
-0.00325352
-0.0450086
-0.00247098
-0.0430315
-0.00162798
-0.0410718
-0.00077427
-0.0391864
4.1869e-05
-0.0374287
0.000778048
-0.0358394
0.00140128
-0.0344462
0.00188981
-0.0332626
0.00223333
-0.0322878
0.00243168
-0.0315101
0.00249286
-0.0309094
0.00243069
-0.0304609
0.00226238
-0.0301376
0.00200643
-0.0299132
0.00168111
-0.0297638
0.00130339
-0.0296688
0.000888506
-0.0296117
0.000449975
-0.0295803
-0.0295664
-0.000878472
-0.0574454
-0.00172129
-0.0572452
-0.00249163
-0.0568414
-0.00313456
-0.0562339
-0.00365416
-0.0553914
-0.00399174
-0.0543324
-0.00413185
-0.0530532
-0.00407958
-0.05155
-0.00383411
-0.0498575
-0.00340154
-0.0480136
-0.00281668
-0.0460601
-0.00211773
-0.0440499
-0.00134456
-0.0420502
-0.00054399
-0.0401106
0.000237408
-0.0382856
0.000956964
-0.0366193
0.00158034
-0.0351424
0.00208314
-0.0338719
0.00245151
-0.0328115
0.00268162
-0.031953
0.00277802
-0.0312791
0.00275159
-0.0307669
0.00261725
-0.0303906
0.00239192
-0.0301239
0.00209277
-0.029942
0.00173607
-0.0298232
0.00133644
-0.0297492
0.000906692
-0.0297059
0.000457927
-0.0296826
-0.0296723
-0.000768601
-0.0579491
-0.00149311
-0.0576963
-0.00213613
-0.0571865
-0.0026677
-0.0564213
-0.00304222
-0.0554087
-0.00324263
-0.0541522
-0.00327047
-0.0526587
-0.0031074
-0.0509752
-0.00276885
-0.0491259
-0.00227774
-0.0471536
-0.00166563
-0.0451218
-0.000965813
-0.0430849
-0.000229623
-0.0410959
0.000505495
-0.0392108
0.00119613
-0.0374731
0.00180699
-0.0359173
0.00231177
-0.0345639
0.00269384
-0.03342
0.00294612
-0.032481
0.00306993
-0.0317327
0.00307325
-0.0311544
0.0029686
-0.0307216
0.00277116
-0.0304083
0.00249693
-0.0301896
0.00216144
-0.030043
0.00177886
-0.0299489
0.00136159
-0.0298916
0.000920206
-0.0298587
0.000463722
-0.0298415
-0.0298341
-0.000623562
-0.0581118
-0.00120388
-0.05781
-0.00170079
-0.0572066
-0.00208573
-0.0563034
-0.00232025
-0.0551431
-0.00240173
-0.0537084
-0.00230642
-0.052057
-0.00204777
-0.0502354
-0.00164359
-0.0482713
-0.0011131
-0.0462283
-0.000488842
-0.0441648
0.000174075
-0.0421374
0.000854123
-0.0402006
0.00150474
-0.0383999
0.0020911
-0.0367719
0.00258584
-0.0353404
0.00297025
-0.0341162
0.00323453
-0.0330982
0.00337709
-0.0322752
0.00340312
-0.0316288
0.00332275
-0.0311362
0.00314925
-0.0307724
0.00289732
-0.0305126
0.00258161
-0.0303336
0.00221582
-0.0302153
0.00181206
-0.0301405
0.00138064
-0.0300956
0.000930197
-0.0300704
0.000467921
-0.0300575
-0.030052
-0.000446562
-0.0578549
-0.000855736
-0.0575069
-0.00118724
-0.0568313
-0.00140603
-0.0558384
-0.00150349
-0.0545377
-0.00144909
-0.0530004
-0.00124084
-0.0512457
-0.000908507
-0.0493242
-0.000451959
-0.0473093
6.96496e-05
-0.0452492
0.000668092
-0.0432075
0.00128735
-0.0412367
0.00188938
-0.0393876
0.00244091
-0.0376992
0.00291451
-0.0361987
0.00329022
-0.0349005
0.00355618
-0.0338071
0.00370834
-0.0329108
0.00374931
-0.0321958
0.00368688
-0.0316414
0.0035324
-0.0312238
0.00329906
-0.0309188
0.00300056
-0.0307031
0.00264997
-0.0305558
0.00225908
-0.0304593
0.00183802
-0.0303988
0.00139527
-0.0303628
0.000937716
-0.0303427
0.000471026
-0.0303325
-0.0303281
-0.000251399
-0.0570982
-0.000463408
-0.0567301
-0.000615319
-0.0560023
-0.000676327
-0.0549474
-0.000616014
-0.0535937
-0.000442871
-0.0519917
-0.000162584
-0.0501945
0.000230777
-0.0482609
0.000708453
-0.0462548
0.00124262
-0.0442373
0.00180082
-0.0422678
0.00235026
-0.0403985
0.00286003
-0.0386725
0.00330374
-0.0371206
0.00366121
-0.0357616
0.00391927
-0.034602
0.004072
-0.033638
0.00411987
-0.0328573
0.00406852
-0.0322415
0.0039274
-0.0317686
0.00370819
-0.0314155
0.00342344
-0.0311592
0.0030855
-0.030979
0.00270574
-0.0308564
0.00229409
-0.0307759
0.00185889
-0.0307253
0.00140694
-0.030695
0.000943675
-0.0306779
0.000473474
-0.0306691
-0.0306652
-4.21348e-05
-0.0557928
-5.7022e-05
-0.0554177
-1.82327e-05
-0.0546823
9.29304e-05
-0.0536171
0.000290373
-0.0522629
0.000576367
-0.0506731
0.000945283
-0.0489071
0.00138294
-0.0470287
0.00186793
-0.0451031
0.00237464
-0.0431919
0.0028752
-0.0413511
0.00334244
-0.0396275
0.00375221
-0.0380568
0.00408521
-0.0366626
0.0043281
-0.0354564
0.00447379
-0.034439
0.00452123
-0.033602
0.00447431
-0.0329305
0.00434076
-0.0324051
0.00413079
-0.0320042
0.00385582
-0.0317061
0.00352736
-0.0314903
0.00315627
-0.0313382
0.0027522
-0.0312342
0.00232336
-0.0311653
0.00187647
-0.0311211
0.0014169
-0.031094
0.000948847
-0.0310782
0.000475632
-0.0310696
-0.0310658
0.000171435
-0.0539129
0.00036272
-0.053551
0.0005912
-0.0528435
0.000869141
-0.0518223
0.00120283
-0.0505317
0.00159083
-0.0490268
0.00202475
-0.0473688
0.00248982
-0.0456216
0.00296652
-0.0438481
0.00343272
-0.0421066
0.0038659
-0.0404473
0.00424531
-0.0389106
0.00455374
-0.0375251
0.00477874
-0.0363079
0.00491318
-0.035265
0.00495521
-0.034393
0.00490756
-0.0336813
0.00477668
-0.0331139
0.00457152
-0.032672
0.00430245
-0.0323357
0.00398019
-0.0320855
0.00361502
-0.0319037
0.00321629
-0.0317746
0.00279203
-0.031685
0.00234889
-0.0316244
0.00189221
-0.0315844
0.00142612
-0.0315589
0.000953821
-0.0315433
0.000477782
-0.0315344
-0.0315303
0.000379035
-0.0514599
0.000768659
-0.0511303
0.00117747
-0.0504873
0.00161038
-0.0495621
0.00206756
-0.0483984
0.00254384
-0.0470491
0.00302914
-0.0455725
0.0035093
-0.0440281
0.0039676
-0.0424732
0.00438646
-0.0409594
0.00474923
-0.0395297
0.00504174
-0.0382172
0.00525351
-0.037044
0.00537837
-0.0360218
0.00541459
-0.0351525
0.00536455
-0.0344305
0.00523396
-0.0338443
0.00503096
-0.0333787
0.00476511
-0.0330168
0.0044465
-0.032741
0.00408495
-0.0325349
0.00368948
-0.0323838
0.00326799
-0.032275
0.00282706
-0.032198
0.00237201
-0.0321444
0.001907
-0.0321078
0.0014352
-0.0320834
0.000958965
-0.0320677
0.00048009
-0.0320585
-0.032054
0.000568206
-0.0484693
0.00113776
-0.0481889
0.00170874
-0.047643
0.00227886
-0.0468596
0.00284292
-0.0458782
0.0033926
-0.0447459
0.00391692
-0.0435138
0.00440312
-0.0422334
0.00483782
-0.0409533
0.00520828
-0.0397162
0.0055037
-0.0385568
0.00571614
-0.0375004
0.0058412
-0.0365633
0.00587814
-0.0357526
0.00582974
-0.0350678
0.00570166
-0.0345021
0.00550175
-0.0340449
0.00523924
-0.0336826
0.00492385
-0.033401
0.00456515
-0.0331858
0.00417201
-0.033024
0.00375224
-0.032904
0.00331245
-0.0328161
0.00285803
-0.0327524
0.00239319
-0.0327068
0.00192115
-0.0326745
0.00144428
-0.0326522
0.000964334
-0.0326373
0.000482578
-0.0326282
-0.0326237
0.000729076
-0.0450101
0.0014511
-0.044792
0.00215845
-0.0443679
0.00284251
-0.0437612
0.00349353
-0.0430041
0.00410076
-0.0421349
0.00465294
-0.0411945
0.00513902
-0.0402236
0.00554902
-0.0392601
0.00587483
-0.0383362
0.00611093
-0.0374775
0.00625485
-0.036702
0.00630728
-0.03602
0.0062719
-0.0354353
0.00615495
-0.0349455
0.00596462
-0.0345442
0.00571014
-0.0342222
0.00540129
-0.0339685
0.00504771
-0.0337719
0.00465836
-0.0336217
0.00424117
-0.0335084
0.00380294
-0.0334237
0.00334922
-0.0333608
0.0028844
-0.0333143
0.00241186
-0.0332802
0.0019341
-0.0332553
0.00145293
-0.0332375
0.000969617
-0.0332253
0.000485081
-0.0332177
-0.0332138
0.000854177
-0.0411798
0.00169436
-0.0410317
0.00250663
-0.0407444
0.00327726
-0.0403351
0.00399296
-0.039827
0.00464129
-0.0392477
0.00521108
-0.0386262
0.00569304
-0.0379911
0.00608024
-0.037368
0.00636854
-0.0367783
0.00655681
-0.0362383
0.0066469
-0.0357585
0.00664347
-0.0353443
0.0065535
-0.0349962
0.00638567
-0.0347109
0.00614979
-0.0344826
0.00585608
-0.0343039
0.00551443
-0.0341668
0.00513418
-0.0340635
0.00472366
-0.0339865
0.00429004
-0.0339297
0.00383927
-0.033888
0.00337608
-0.0338574
0.00290416
-0.0338347
0.00242627
-0.0338179
0.00194442
-0.0338055
0.00146002
-0.0337964
0.000974059
-0.03379
0.000487221
-0.0337859
-0.0337837
0.000939042
-0.0370964
0.00185903
-0.0370204
0.00274146
-0.0368739
0.00356895
-0.036667
0.00432581
-0.0364138
0.00499854
-0.0361304
0.00557634
-0.0358336
0.00605146
-0.0355391
0.00641943
-0.0352606
0.00667915
-0.0350088
0.00683271
-0.0347908
0.0068851
-0.0346103
0.00684367
-0.0344678
0.00671755
-0.0343612
0.00651696
-0.0342865
0.00625258
-0.0342385
0.00593494
-0.0342117
0.00557396
-0.0342006
0.00517854
-0.0342004
0.00475644
-0.034207
0.00431417
-0.0342173
0.00385704
-0.0342288
0.00338923
-0.0342401
0.00291393
-0.0342502
0.00243353
-0.0342586
0.00194974
-0.0342653
0.00146377
-0.0342702
0.000976466
-0.0342737
0.000488397
-0.0342759
-0.0342768
0.000982495
-0.0328893
0.0019429
-0.032882
0.00285998
-0.0328693
0.00371423
-0.0328551
0.00448864
-0.0328445
0.00516931
-0.0328428
0.0057459
-0.0328551
0.00621188
-0.0328853
0.00656453
-0.0329361
0.00680474
-0.0330079
0.00693667
-0.0330999
0.00696714
-0.0332094
0.00690504
-0.0333325
0.00676058
-0.0334647
0.00654462
-0.0336011
0.00626809
-0.0337369
0.00594141
-0.0338682
0.00557416
-0.0339915
0.00517482
-0.0341045
0.00475065
-0.0342056
0.00430765
-0.0342941
0.00385069
-0.03437
0.00338356
-0.0344338
0.00290921
-0.0344865
0.00242981
-0.0345289
0.00194696
-0.0345623
0.00146183
-0.0345876
0.000975251
-0.0346057
0.000487814
-0.0346173
-0.0346229
0.000986536
-0.0286886
0.00194986
-0.0287417
0.00286779
-0.028847
0.00372016
-0.0290031
0.00448965
-0.0292071
0.0051625
-0.0294554
0.00572891
-0.0297429
0.00618318
-0.0300635
0.00652364
-0.0304103
0.00675223
-0.0307753
0.00687403
-0.0311505
0.00689659
-0.0315277
0.00682924
-0.0318992
0.00668233
-0.0322581
0.00646664
-0.0325985
0.00619275
-0.0329157
0.00587064
-0.0332065
0.00550935
-0.033469
0.00511683
-0.0337023
0.00469988
-0.0339068
0.0042641
-0.0340836
0.00381407
-0.0342343
0.00335339
-0.034361
0.00288489
-0.0344658
0.00241072
-0.034551
0.0019325
-0.0346185
0.00145148
-0.0346703
0.000968589
-0.0347077
0.000484558
-0.0347321
-0.0347439
0.000955846
-0.024615
0.001889
-0.024717
0.00277783
-0.0249182
0.00360273
-0.0252127
0.00434703
-0.025592
0.00499755
-0.0260455
0.00554507
-0.0265604
0.00598443
-0.0271228
0.00631437
-0.0277181
0.00653707
-0.028332
0.00665762
-0.0289506
0.00668338
-0.0295613
0.00662321
-0.0301531
0.0064869
-0.0307168
0.00628447
-0.0312455
0.00602574
-0.0317339
0.00571991
-0.0321791
0.00537535
-0.0325795
0.00499941
-0.0329354
0.00459839
-0.033248
0.00417759
-0.0335193
0.00374136
-0.0337522
0.00329323
-0.0339494
0.00283601
-0.0341142
0.00237194
-0.0342493
0.0019028
-0.0343576
0.00142999
-0.0344413
0.000954633
-0.0345023
0.000477693
-0.0345422
-0.0345617
0.000897015
-0.0207715
0.0017731
-0.0209093
0.00260829
-0.0211807
0.00338453
-0.021577
0.00408646
-0.0220859
0.00470192
-0.0226922
0.00522234
-0.023378
0.00564286
-0.0241243
0.00596217
-0.0249113
0.00618211
-0.02572
0.00630713
-0.0265324
0.00634366
-0.0273327
0.00629953
-0.0281072
0.00618335
-0.0288448
0.00600397
-0.0295371
0.00577009
-0.0301782
0.00548992
-0.0307646
0.00517096
-0.0312947
0.0048199
-0.0317686
0.00444255
-0.0321878
0.00404388
-0.0325548
0.00362808
-0.0328724
0.00319862
-0.033144
0.0027584
-0.0333729
0.00230979
-0.0335624
0.00185476
-0.0337155
0.00139495
-0.0338347
0.000931753
-0.0339222
0.000466397
-0.0339795
-0.0340079
0.00081763
-0.0172382
0.00161689
-0.0173984
0.00238026
-0.0177137
0.00309185
-0.0181742
0.00373803
-0.0187657
0.00430798
-0.0194705
0.0047939
-0.0202682
0.00519115
-0.0211369
0.00549809
-0.0220543
0.00571584
-0.0229987
0.00584779
-0.0239496
0.00589908
-0.024889
0.00587606
-0.0258015
0.00578584
-0.0266744
0.00563582
-0.0274981
0.00543335
-0.0282654
0.00518549
-0.028972
0.00489877
-0.0296157
0.00457912
-0.0301958
0.00423181
-0.0307135
0.00386146
-0.0311706
0.0034721
-0.0315699
0.00306715
-0.0319144
0.00264957
-0.0322073
0.00222189
-0.0324518
0.00178631
-0.0326506
0.00134471
-0.0328065
0.000898793
-0.0329214
0.000450078
-0.0329971
-0.0330346
0.000725417
-0.0140693
0.00143544
-0.0142394
0.00211536
-0.0145745
0.00275174
-0.0150643
0.00333298
-0.0156942
0.00384972
-0.0164461
0.00429502
-0.0172992
0.00466446
-0.0182309
0.00495606
-0.0192183
0.00517004
-0.0202389
0.00530856
-0.0212715
0.00537528
-0.0222971
0.00537493
-0.0232992
0.00531297
-0.0242642
0.00519523
-0.0251811
0.00502761
-0.0260419
0.0048159
-0.0268411
0.0045656
-0.0275753
0.00428183
-0.0282429
0.00396927
-0.0288438
0.00363215
-0.0293793
0.00327425
-0.0298511
0.00289893
-0.0302616
0.00250919
-0.0306133
0.00210768
-0.030909
0.0016968
-0.0311511
0.00127869
-0.0313418
0.000855312
-0.0314832
0.000428499
-0.0315765
-0.0316229
0.000627529
-0.0112938
0.00124271
-0.0114633
0.0018337
-0.0117974
0.00238959
-0.0122865
0.00290087
-0.0129169
0.00335965
-0.0136713
0.00375991
-0.0145301
0.00409749
-0.0154717
0.00437014
-0.0164742
0.00457728
-0.017516
0.00471986
-0.0185764
0.00480005
-0.0196365
0.00482102
-0.0206797
0.00478659
-0.0216918
0.00470102
-0.0226613
0.00456877
-0.023579
0.00439438
-0.0244384
0.00418228
-0.0252348
0.00393674
-0.0259654
0.0036618
-0.0266289
0.00336123
-0.0272251
0.00303853
-0.0277548
0.00269693
-0.0282192
0.00233939
-0.02862
0.00196866
-0.0289591
0.00158725
-0.0292383
0.00119753
-0.0294594
0.000801689
-0.0296238
0.000401835
-0.0297328
-0.029787
0.000530035
-0.0089174
0.00105058
-0.00907811
0.0015525
-0.00939521
0.00202728
-0.00986024
0.00246737
-0.010461
0.00286635
-0.0111824
0.00321909
-0.0120066
0.00352179
-0.0129145
0.00377201
-0.0138863
0.00396853
-0.0149021
0.00411131
-0.0159429
0.00420124
-0.0169908
0.00424005
-0.0180299
0.00423009
-0.0190463
0.00417417
-0.0200279
0.00407543
-0.0209652
0.00393718
-0.0218505
0.00376283
-0.0226781
0.00355581
-0.0234439
0.00331948
-0.0241452
0.00305712
-0.0247804
0.00277188
-0.0253492
0.00246677
-0.0258514
0.00214467
-0.0262878
0.00180832
-0.0266591
0.0014603
-0.0269664
0.00110312
-0.0272108
0.000739139
-0.0273932
0.000370679
-0.0275143
-0.0275746
0.000437637
-0.00692683
0.000868304
-0.00707307
0.00128523
-0.00736194
0.00168206
-0.00778642
0.00205299
-0.00833632
0.00239294
-0.00899884
0.00269767
-0.00975908
0.00296378
-0.0106007
0.00318878
-0.0115066
0.00337103
-0.0124595
0.00350971
-0.0134424
0.00360473
-0.0144395
0.00365666
-0.0154359
0.0036666
-0.0164184
0.00363614
-0.0173754
0.00356723
-0.018297
0.00346212
-0.019175
0.00332325
-0.0200026
0.00315323
-0.0207748
0.00295478
-0.0214877
0.00273063
-0.0221384
0.00248354
-0.0227251
0.00221626
-0.0232467
0.00193148
-0.0237026
0.00163186
-0.0240927
0.00132
-0.024417
0.00099842
-0.0246759
0.000669606
-0.0248697
0.000335995
-0.0249987
-0.0250631
0.000353596
-0.00529424
0.000702311
-0.00542268
0.00104136
-0.00567672
0.00136618
-0.00605078
0.00167248
-0.00653679
0.00195638
-0.00712451
0.00221442
-0.00780192
0.00244368
-0.00855574
0.00264174
-0.00937186
0.00280673
-0.0102358
0.00293733
-0.0111333
0.00303274
-0.0120505
0.00309265
-0.0129742
0.00311726
-0.0138923
0.00310714
-0.0147939
0.00306329
-0.0156694
0.00298703
-0.0165103
0.00288
-0.0173095
0.00274405
-0.0180611
0.00258125
-0.0187602
0.00239383
-0.019403
0.00218412
-0.0199864
0.00195454
-0.0205083
0.00170756
-0.020967
0.00144568
-0.0213615
0.00117138
-0.0216908
0.000887181
-0.0219546
0.000595565
-0.0221526
0.000299012
-0.0222847
-0.0223507
0.000279817
-0.00398229
0.0005564
-0.00409161
0.000826542
-0.00430812
0.0010871
-0.00462762
0.00133505
-0.00504401
0.00156748
-0.00554946
0.00178169
-0.00613474
0.00197521
-0.00678949
0.0021458
-0.00750258
0.00229156
-0.00826239
0.00241089
-0.00905718
0.00250254
-0.00987535
0.00256564
-0.0107057
0.0025997
-0.0115375
0.0026046
-0.0123608
0.00258059
-0.0131666
0.00252828
-0.0139467
0.0024486
-0.0146939
0.00234277
-0.0154017
0.00221231
-0.0160648
0.00205894
-0.0166786
0.00188456
-0.0172392
0.00169124
-0.0177436
0.00148117
-0.0181892
0.00125663
-0.0185741
0.00101995
-0.0188968
0.000773521
-0.0191561
0.000519761
-0.0193513
0.000261103
-0.0194817
-0.0195469
0.000217051
-0.00294861
0.000432102
-0.00303905
0.000643134
-0.00321841
0.000848106
-0.00348369
0.00104495
-0.00383049
0.00123159
-0.00425314
0.00140594
-0.00474483
0.00156599
-0.00529783
0.00170976
-0.00590369
0.00183544
-0.00655344
0.00194134
-0.00723779
0.00202601
-0.00794737
0.00208825
-0.00867284
0.00212714
-0.00940513
0.00214209
-0.0101355
0.00213284
-0.0108558
0.00209944
-0.0115583
0.00204231
-0.012236
0.00196217
-0.0128825
0.00186002
-0.0134922
0.00173714
-0.0140601
0.00159506
-0.0145818
0.00143546
-0.0150537
0.00126024
-0.0154726
0.00107142
-0.0158359
0.000871107
-0.0161416
0.00066152
-0.0163881
0.000444926
-0.0165739
0.000223638
-0.0166983
-0.0167607
0.000165152
-0.00214959
0.000329182
-0.00222248
0.000490923
-0.00236725
0.000649136
-0.00258185
0.000802481
-0.00286329
0.000949516
-0.00320764
0.0010887
-0.00361014
0.00121841
-0.00406526
0.001337
-0.00456684
0.0014428
-0.0051082
0.00153422
-0.00568227
0.00160974
-0.00628168
0.00166805
-0.00689896
0.00170801
-0.00752659
0.00172876
-0.00815718
0.00172969
-0.00878352
0.00171052
-0.00939871
0.00167126
-0.00999625
0.00161225
-0.01057
0.0015341
-0.0111145
0.0014377
-0.0116246
0.00132422
-0.0120958
0.00119503
-0.012524
0.00105169
-0.0129059
0.000895947
-0.0132384
0.000729669
-0.0135191
0.000554839
-0.013746
0.000373525
-0.0139175
0.000187855
-0.0140324
-0.0140901
0.000123347
-0.00154332
0.000246161
-0.00160066
0.000367856
-0.00171469
0.000487747
-0.00188414
0.000605021
-0.00210708
0.000718715
-0.00238094
0.000827715
-0.00270255
0.000930773
-0.00306815
0.00102653
-0.00347344
0.00111356
-0.00391363
0.0011904
-0.0043835
0.00125566
-0.00487748
0.001308
-0.00538974
0.00134625
-0.00591424
0.00136941
-0.0064449
0.00137671
-0.0069756
0.00136766
-0.00750035
0.00134201
-0.00801332
0.00129981
-0.00850895
0.00124138
-0.00898199
0.00116732
-0.00942756
0.00107847
-0.00984121
0.000975888
-0.0102189
0.000860865
-0.0105571
0.000734854
-0.0108526
0.00059946
-0.0111028
0.000456415
-0.0113056
0.000307548
-0.0114592
0.000154759
-0.0115623
-0.0116141
9.04815e-05
-0.00109149
0.0001808
-0.00113558
0.000270737
-0.00122339
0.000359977
-0.00135418
0.000448064
-0.0015268
0.000534386
-0.00173971
0.000618162
-0.0019909
0.000698455
-0.00227797
0.000774185
-0.00259803
0.000844173
-0.0029478
0.000907172
-0.00332357
0.000961926
-0.00372123
0.00100722
-0.00413638
0.00104191
-0.00456431
0.00106502
-0.00500015
0.00107572
-0.00543887
0.0010734
-0.00587543
0.00105769
-0.00630478
0.00102843
-0.00672202
0.000985751
-0.00712242
0.000929999
-0.0075015
0.000861765
-0.00785507
0.000781861
-0.00817928
0.000691298
-0.00847067
0.000591264
-0.00872618
0.000483102
-0.00894316
0.000368285
-0.00911941
0.000248386
-0.00925314
0.000125056
-0.00934304
-0.0093882
6.5226e-05
-0.000760609
0.0001305
-0.000793789
0.000195822
-0.000859968
0.000261099
-0.000958768
0.000326111
-0.00108959
0.000390491
-0.00125158
0.000453708
-0.00144359
0.000515077
-0.00166416
0.000573769
-0.00191148
0.00062884
-0.00218339
0.000679264
-0.00247732
0.000723973
-0.00279038
0.000761906
-0.00311932
0.000792048
-0.00346057
0.000813479
-0.00381034
0.000825406
-0.00416461
0.000827197
-0.00451923
0.000818409
-0.00487002
0.000798799
-0.00521278
0.000768336
-0.00554339
0.000727205
-0.00585789
0.000675801
-0.00615252
0.000614716
-0.00642376
0.000544731
-0.00666842
0.000466794
-0.00688363
0.000381999
-0.00706687
0.000291566
-0.00721604
0.000196816
-0.00732943
9.91442e-05
-0.00740574
-0.0074441
4.6232e-05
-0.000522375
9.26167e-05
-0.00054684
0.000139265
-0.000595707
0.000186211
-0.000668833
0.000233378
-0.000765967
0.000280562
-0.000886716
0.000327416
-0.0010305
0.000373452
-0.00119652
0.000418052
-0.0013837
0.000460483
-0.00159069
0.00049993
-0.00181581
0.000535522
-0.00205706
0.000566373
-0.00231211
0.000591617
-0.00257835
0.000610448
-0.00285289
0.000622149
-0.00313259
0.000626125
-0.00341418
0.000621925
-0.00369423
0.000609263
-0.00396927
0.000588025
-0.00423586
0.000558279
-0.0044906
0.000520272
-0.00473022
0.000474425
-0.00495166
0.000421327
-0.00515206
0.000361713
-0.00532886
0.000296456
-0.00547977
0.000226543
-0.00560287
0.000153053
-0.0056966
7.71384e-05
-0.00575975
-0.00579152
3.22361e-05
-0.000353656
6.46617e-05
-0.000371347
9.7433e-05
-0.000406733
0.000130643
-0.000459809
0.000164297
-0.000530532
0.000198294
-0.00061879
0.000232417
-0.00072436
0.000266327
-0.000846864
0.000299576
-0.000985733
0.000331612
-0.00114017
0.000361806
-0.00130911
0.000389473
-0.00149124
0.000413899
-0.00168494
0.000434375
-0.00188832
0.000450225
-0.00209925
0.000460833
-0.00231536
0.000465673
-0.00253409
0.000464325
-0.00275275
0.000456499
-0.00296855
0.000442041
-0.00317866
0.000420945
-0.00338029
0.000393355
-0.0035707
0.00035956
-0.00374727
0.00031999
-0.00390757
0.000275207
-0.00404937
0.000225889
-0.0041707
0.000172816
-0.00426987
0.000116851
-0.00434548
5.89217e-05
-0.00439649
-0.00442216
2.21228e-05
-0.000236068
4.44327e-05
-0.000248622
6.70911e-05
-0.000273768
9.0211e-05
-0.000311571
0.000113837
-0.000362101
0.000137931
-0.0004254
0.000162361
-0.00050145
0.000186902
-0.00059013
0.000211234
-0.000691184
0.000234955
-0.000804184
0.000257592
-0.0009285
0.000278621
-0.00106328
0.000297487
-0.00120744
0.000313628
-0.00135966
0.000326498
-0.0015184
0.00033559
-0.0016819
0.000340458
-0.00184823
0.000340736
-0.00201531
0.000336155
-0.00218097
0.00032655
-0.00234296
0.000311875
-0.00249902
0.000292201
-0.00264694
0.000267723
-0.00278456
0.000238746
-0.00290987
0.00020569
-0.00302101
0.00016907
-0.00311632
0.000129491
-0.00319435
8.76263e-05
-0.00325393
4.42065e-05
-0.00329416
-0.00331443
1.49513e-05
-0.000155371
3.00677e-05
-0.000164117
4.5495e-05
-0.000181661
6.13433e-05
-0.000208096
7.76714e-05
-0.000243537
9.44754e-05
-0.000288101
0.000111681
-0.000341872
0.000129142
-0.000404871
0.000146636
-0.000477027
0.000163876
-0.00055814
0.000180517
-0.000647859
0.000196169
-0.000745663
0.000210411
-0.000850843
0.000222812
-0.000962498
0.000232945
-0.00107954
0.000240405
-0.0012007
0.000244831
-0.00132456
0.000245917
-0.00144954
0.000243426
-0.001574
0.000237205
-0.00169619
0.000227188
-0.00181436
0.000213401
-0.00192674
0.000195968
-0.00203163
0.000175104
-0.00212739
0.000151114
-0.00221253
0.000124383
-0.00228569
9.53679e-05
-0.0023457
6.45852e-05
-0.00239158
3.25977e-05
-0.00242258
-0.00243821
9.95854e-06
-0.000100796
2.00527e-05
-0.000106778
3.04046e-05
-0.000118794
4.111e-05
-0.000136939
5.2228e-05
-0.000161339
6.37718e-05
-0.000192131
7.57027e-05
-0.000229439
8.79273e-05
-0.000273351
0.000100297
-0.000323891
0.000112611
-0.000380993
0.000124623
-0.000444481
0.000136049
-0.00051405
0.00014658
-0.000589251
0.000155892
-0.000669486
0.000163659
-0.000754005
0.00016957
-0.000841914
0.00017334
-0.000932185
0.000174722
-0.00102367
0.000173519
-0.00111514
0.000169597
-0.00120529
0.000162883
-0.00129277
0.00015338
-0.00137623
0.000141163
-0.00145436
0.000126377
-0.00152587
0.000109242
-0.0015896
9.00394e-05
-0.00164446
6.91084e-05
-0.00168953
4.68371e-05
-0.00172403
2.36506e-05
-0.00174736
-0.00175913
6.54619e-06
-6.437e-05
1.31986e-05
-6.83812e-05
2.00538e-05
-7.64487e-05
2.71903e-05
-8.86573e-05
3.46603e-05
-0.000105122
4.24835e-05
-0.000125971
5.06425e-05
-0.000151333
5.90799e-05
-0.000181315
6.76977e-05
-0.000215982
7.63591e-05
-0.000255338
8.48917e-05
-0.000299309
9.30941e-05
-0.000347727
0.000100742
-0.000400316
0.000107598
-0.00045669
0.000113421
-0.000516347
0.000117976
-0.00057867
0.000121043
-0.000642936
0.00012243
-0.000708329
0.000121979
-0.000773952
0.000119576
-0.000838852
0.000115154
-0.000902036
0.000108701
-0.000962498
0.00010026
-0.00101924
8.99297e-05
-0.00107131
7.78619e-05
-0.0011178
6.42604e-05
-0.00115789
4.93732e-05
-0.00119088
3.34867e-05
-0.00121616
1.69168e-05
-0.00123327
-0.00124191
4.25983e-06
-4.02965e-05
8.60007e-06
-4.29208e-05
1.30946e-05
-4.82055e-05
1.78047e-05
-5.6219e-05
2.27736e-05
-6.70547e-05
2.80219e-05
-8.0821e-05
3.35442e-05
-9.76291e-05
3.93064e-05
-0.000117579
4.52453e-05
-0.000140745
5.12691e-05
-0.00016716
5.72593e-05
-0.000196805
6.3075e-05
-0.000229593
6.85568e-05
-0.000265363
7.35335e-05
-0.000303871
7.78288e-05
-0.000344791
8.1268e-05
-0.00038771
8.36867e-05
-0.000432135
8.49371e-05
-0.000477501
8.48959e-05
-0.000523181
8.34697e-05
-0.000568499
8.06007e-05
-0.000612747
7.62699e-05
-0.0006552
7.04999e-05
-0.000695138
6.33553e-05
-0.000731862
5.49419e-05
-0.000764713
4.54042e-05
-0.00079309
3.49215e-05
-0.000816464
2.37026e-05
-0.000834397
1.19794e-05
-0.000846546
-0.000852678
2.76505e-06
-2.44181e-05
5.5899e-06
-2.60705e-05
8.52995e-06
-2.94015e-05
1.1632e-05
-3.44616e-05
1.49306e-05
-4.13201e-05
1.84447e-05
-5.00587e-05
2.21749e-05
-6.0763e-05
2.6102e-05
-7.35135e-05
3.01858e-05
-8.8375e-05
3.43651e-05
-0.000105387
3.85594e-05
-0.000124552
4.26705e-05
-0.000145832
4.65859e-05
-0.000169136
5.0183e-05
-0.000194317
5.33337e-05
-0.00022117
5.59095e-05
-0.000249432
5.77875e-05
-0.000278781
5.88556e-05
-0.000308845
5.90181e-05
-0.000339203
5.82006e-05
-0.000369402
5.6354e-05
-0.00039896
5.34578e-05
-0.000427384
4.95221e-05
-0.000454178
4.45887e-05
-0.00047886
3.87305e-05
-0.000500974
3.20499e-05
-0.000520102
2.46761e-05
-0.000535875
1.67612e-05
-0.000547986
8.47501e-06
-0.000556196
-0.000560342
1.82452e-06
-1.37638e-05
3.69379e-06
-1.4724e-05
5.64952e-06
-1.66614e-05
7.72758e-06
-1.96088e-05
9.95534e-06
-2.36113e-05
1.23493e-05
-2.87228e-05
1.49132e-05
-3.50007e-05
1.76365e-05
-4.25e-05
2.04936e-05
-5.1267e-05
2.34435e-05
-6.13333e-05
2.64304e-05
-7.27092e-05
2.93853e-05
-8.53788e-05
3.22277e-05
-9.92949e-05
3.48685e-05
-0.000114376
3.72134e-05
-0.000130504
3.91664e-05
-0.000147523
4.06347e-05
-0.000165243
4.15321e-05
-0.000183437
4.17838e-05
-0.000201851
4.133e-05
-0.000220206
4.01295e-05
-0.000238207
3.81621e-05
-0.000255547
3.54309e-05
-0.000271918
3.1963e-05
-0.000287021
2.78092e-05
-0.000300568
2.30435e-05
-0.000312298
1.77605e-05
-0.000321979
1.20729e-05
-0.000329418
6.10722e-06
-0.000334463
-0.000337011
1.27829e-06
-6.17561e-06
2.59158e-06
-6.61509e-06
3.9727e-06
-7.50242e-06
5.45025e-06
-8.85356e-06
7.04667e-06
-1.06908e-05
8.77643e-06
-1.30406e-05
1.06445e-05
-1.59316e-05
1.26453e-05
-1.93916e-05
1.47615e-05
-2.34443e-05
1.69642e-05
-2.8107e-05
1.92128e-05
-3.3387e-05
2.1456e-05
-3.9279e-05
2.36329e-05
-4.57634e-05
2.56754e-05
-5.28039e-05
2.75105e-05
-6.03467e-05
2.9063e-05
-6.83203e-05
3.02591e-05
-7.66353e-05
3.10296e-05
-8.51863e-05
3.13135e-05
-9.38532e-05
3.10609e-05
-0.000102504
3.02363e-05
-0.000110998
2.88206e-05
-0.00011919
2.6813e-05
-0.000126932
2.42318e-05
-0.00013408
2.11148e-05
-0.000140497
1.75181e-05
-0.000146057
1.35151e-05
-0.000150648
9.19341e-06
-0.000154177
4.65254e-06
-0.000156571
-0.000157781
1.02836e-06
2.08696e-06
3.20428e-06
4.40532e-06
5.71001e-06
7.13168e-06
8.67578e-06
1.03388e-05
1.21073e-05
1.3958e-05
1.58574e-05
1.77625e-05
1.96218e-05
2.13773e-05
2.29662e-05
2.43233e-05
2.53842e-05
2.6088e-05
2.63804e-05
2.62167e-05
2.55641e-05
2.44045e-05
2.27353e-05
2.05709e-05
1.79427e-05
1.48986e-05
1.15014e-05
7.82725e-06
3.96225e-06
)
;

boundaryField
{
    outerWall
    {
        type            calculated;
        value           uniform 0;
    }
    axis
    {
        type            symmetryPlane;
        value           uniform 0;
    }
    nozzle
    {
        type            calculated;
        value           nonuniform List<scalar> 5(1.0343 1.03434 1.03434 1.03434 1.0343);
    }
    back
    {
        type            empty;
    }
    front
    {
        type            empty;
    }
}


// ************************************************************************* //
