/*--------------------------------*- C++ -*----------------------------------*\
| =========                 |                                                 |
| \\      /  F ield         | OpenFOAM: The Open Source CFD Toolbox           |
|  \\    /   O peration     | Version:  2412                                  |
|   \\  /    A nd           | Website:  www.openfoam.com                      |
|    \\/     M anipulation  |                                                 |
\*---------------------------------------------------------------------------*/
FoamFile
{
    version     2.0;
    format      ascii;
    arch        "LSB;label=32;scalar=64";
    class       volScalarField;
    location    "0.00018";
    object      p;
}
// * * * * * * * * * * * * * * * * * * * * * * * * * * * * * * * * * * * * * //

dimensions      [1 -1 -2 0 0 0 0];

internalField   nonuniform List<scalar> 
3725
(
7.54197e+06
7.52331e+06
7.48761e+06
7.43787e+06
7.37793e+06
7.31202e+06
7.24431e+06
7.17827e+06
7.11635e+06
7.05988e+06
7.00923e+06
6.96394e+06
6.92288e+06
6.88443e+06
6.84662e+06
6.80714e+06
6.76345e+06
6.71251e+06
6.65107e+06
6.57568e+06
6.48307e+06
6.37093e+06
6.23868e+06
6.08832e+06
5.92538e+06
5.75914e+06
5.60162e+06
5.46644e+06
5.36708e+06
5.31414e+06
7.54124e+06
7.52286e+06
7.48769e+06
7.43868e+06
7.37955e+06
7.31444e+06
7.2474e+06
7.18186e+06
7.12019e+06
7.06378e+06
7.01298e+06
6.96739e+06
6.92594e+06
6.88705e+06
6.84878e+06
6.80888e+06
6.76479e+06
6.71348e+06
6.65173e+06
6.5761e+06
6.48336e+06
6.37123e+06
6.23913e+06
6.08908e+06
5.92664e+06
5.76106e+06
5.60433e+06
5.46989e+06
5.37112e+06
5.31856e+06
7.53976e+06
7.52194e+06
7.48783e+06
7.44024e+06
7.38273e+06
7.31919e+06
7.2535e+06
7.18893e+06
7.12782e+06
7.07152e+06
7.02045e+06
6.97431e+06
6.93208e+06
6.89232e+06
6.85316e+06
6.81242e+06
6.76752e+06
6.7155e+06
6.65313e+06
6.57703e+06
6.48404e+06
6.37192e+06
6.24013e+06
6.09072e+06
5.92927e+06
5.76501e+06
5.60983e+06
5.47688e+06
5.37925e+06
5.32743e+06
7.53748e+06
7.5205e+06
7.48797e+06
7.44247e+06
7.38731e+06
7.3261e+06
7.26241e+06
7.19931e+06
7.13905e+06
7.08298e+06
7.03158e+06
6.98466e+06
6.94136e+06
6.90035e+06
6.85989e+06
6.81789e+06
6.7718e+06
6.7187e+06
6.65543e+06
6.57864e+06
6.48527e+06
6.37317e+06
6.24189e+06
6.09347e+06
5.93351e+06
5.77121e+06
5.61829e+06
5.48757e+06
5.39163e+06
5.34081e+06
7.53435e+06
7.51847e+06
7.48799e+06
7.44522e+06
7.39312e+06
7.33492e+06
7.27386e+06
7.21273e+06
7.15367e+06
7.09798e+06
7.04626e+06
6.99843e+06
6.95382e+06
6.91125e+06
6.86915e+06
6.82551e+06
6.77785e+06
6.72331e+06
6.65886e+06
6.58117e+06
6.48732e+06
6.37528e+06
6.24468e+06
6.09763e+06
5.9397e+06
5.77998e+06
5.62997e+06
5.50212e+06
5.40844e+06
5.35885e+06
7.53033e+06
7.51577e+06
7.48777e+06
7.44828e+06
7.39988e+06
7.34534e+06
7.2875e+06
7.22884e+06
7.17134e+06
7.11628e+06
7.06432e+06
7.01555e+06
6.96948e+06
6.92513e+06
6.8811e+06
6.83551e+06
6.78595e+06
6.72976e+06
6.66378e+06
6.58498e+06
6.49055e+06
6.37861e+06
6.24889e+06
6.1036e+06
5.94825e+06
5.79174e+06
5.64526e+06
5.5208e+06
5.42985e+06
5.38174e+06
7.52537e+06
7.51234e+06
7.48716e+06
7.45145e+06
7.40729e+06
7.357e+06
7.30292e+06
7.24723e+06
7.19169e+06
7.13755e+06
7.08554e+06
7.0359e+06
6.98833e+06
6.94209e+06
6.89594e+06
6.84812e+06
6.79642e+06
6.7382e+06
6.67052e+06
6.59045e+06
6.49537e+06
6.38358e+06
6.25496e+06
6.11182e+06
5.95961e+06
5.80695e+06
5.66458e+06
5.54399e+06
5.45608e+06
5.40965e+06
7.51947e+06
7.5081e+06
7.48603e+06
7.45448e+06
7.41502e+06
7.36947e+06
7.31966e+06
7.26741e+06
7.21426e+06
7.16139e+06
7.1096e+06
7.05927e+06
7.0103e+06
6.96216e+06
6.91379e+06
6.8636e+06
6.80954e+06
6.74909e+06
6.67952e+06
6.59805e+06
6.50227e+06
6.3907e+06
6.2634e+06
6.12279e+06
5.97425e+06
5.82605e+06
5.68837e+06
5.57207e+06
5.48748e+06
5.44285e+06
7.51262e+06
7.50301e+06
7.48425e+06
7.45713e+06
7.42273e+06
7.3823e+06
7.33721e+06
7.28885e+06
7.23851e+06
7.18733e+06
7.13612e+06
7.08538e+06
7.03522e+06
6.98529e+06
6.93471e+06
6.88211e+06
6.82558e+06
6.76278e+06
6.69117e+06
6.60822e+06
6.51174e+06
6.4005e+06
6.27476e+06
6.13706e+06
5.99269e+06
5.8495e+06
5.71702e+06
5.60542e+06
5.52438e+06
5.48166e+06
7.50486e+06
7.49707e+06
7.48172e+06
7.45919e+06
7.43007e+06
7.39506e+06
7.35503e+06
7.31096e+06
7.26389e+06
7.21483e+06
7.16461e+06
7.11384e+06
7.0628e+06
7.01131e+06
6.95866e+06
6.90371e+06
6.84471e+06
6.77954e+06
6.70587e+06
6.62142e+06
6.52429e+06
6.41353e+06
6.28963e+06
6.15523e+06
6.01548e+06
5.87776e+06
5.7509e+06
5.64432e+06
5.56703e+06
5.52629e+06
7.49625e+06
7.49029e+06
7.47837e+06
7.4605e+06
7.43676e+06
7.40734e+06
7.37262e+06
7.33318e+06
7.28977e+06
7.24327e+06
7.19451e+06
7.14417e+06
7.09265e+06
7.03992e+06
6.98549e+06
6.92836e+06
6.86701e+06
6.79955e+06
6.72388e+06
6.63801e+06
6.54039e+06
6.43033e+06
6.30858e+06
6.17787e+06
6.04314e+06
5.91125e+06
5.7903e+06
5.68892e+06
5.61547e+06
5.57671e+06
7.48687e+06
7.48271e+06
7.47418e+06
7.46092e+06
7.44255e+06
7.41876e+06
7.38949e+06
7.35492e+06
7.31553e+06
7.27202e+06
7.2252e+06
7.17578e+06
7.12425e+06
7.07072e+06
7.01488e+06
6.95588e+06
6.89242e+06
6.82286e+06
6.74537e+06
6.65829e+06
6.5604e+06
6.45136e+06
6.33213e+06
6.20548e+06
6.0761e+06
5.95029e+06
5.83537e+06
5.73918e+06
5.66952e+06
5.63262e+06
7.47684e+06
7.4744e+06
7.46914e+06
7.46036e+06
7.44723e+06
7.42902e+06
7.40522e+06
7.37566e+06
7.34055e+06
7.30041e+06
7.25599e+06
7.20799e+06
7.15697e+06
7.10314e+06
7.04634e+06
6.98589e+06
6.92069e+06
6.84935e+06
6.77039e+06
6.68241e+06
6.58461e+06
6.47696e+06
6.36065e+06
6.23843e+06
6.11465e+06
5.99498e+06
5.88599e+06
5.79476e+06
5.72859e+06
5.69324e+06
7.46628e+06
7.46547e+06
7.46331e+06
7.45877e+06
7.45067e+06
7.43786e+06
7.41945e+06
7.39493e+06
7.36425e+06
7.3278e+06
7.28617e+06
7.24008e+06
7.19008e+06
7.1365e+06
7.07926e+06
7.01786e+06
6.9514e+06
6.87876e+06
6.79873e+06
6.71036e+06
6.61307e+06
6.50731e+06
6.39435e+06
6.27688e+06
6.15884e+06
6.04521e+06
5.94181e+06
5.85496e+06
5.79168e+06
5.75732e+06
7.45534e+06
7.45604e+06
7.45674e+06
7.45617e+06
7.45279e+06
7.44511e+06
7.43187e+06
7.4123e+06
7.38614e+06
7.35355e+06
7.31505e+06
7.27128e+06
7.22281e+06
7.17001e+06
7.11289e+06
7.0511e+06
6.98393e+06
6.91051e+06
6.82997e+06
6.74168e+06
6.64565e+06
6.54235e+06
6.43322e+06
6.32078e+06
6.20849e+06
6.1006e+06
6.00215e+06
5.91869e+06
5.85719e+06
5.82249e+06
7.44419e+06
7.44625e+06
7.44954e+06
7.45258e+06
7.45356e+06
7.45063e+06
7.44229e+06
7.42748e+06
7.40576e+06
7.37713e+06
7.34197e+06
7.30086e+06
7.25436e+06
7.20284e+06
7.1464e+06
7.08479e+06
7.01754e+06
6.94402e+06
6.86371e+06
6.77632e+06
6.68208e+06
6.58183e+06
6.47701e+06
6.36983e+06
6.2632e+06
6.16056e+06
6.06612e+06
5.9846e+06
5.92347e+06
5.88747e+06
7.433e+06
7.43625e+06
7.44184e+06
7.4481e+06
7.45298e+06
7.45439e+06
7.45056e+06
7.44025e+06
7.42279e+06
7.39806e+06
7.36635e+06
7.32814e+06
7.28395e+06
7.23416e+06
7.17892e+06
7.1181e+06
7.05141e+06
6.97848e+06
6.89912e+06
6.81339e+06
6.72179e+06
6.6253e+06
6.52529e+06
6.42358e+06
6.32241e+06
6.22435e+06
6.13257e+06
6.0505e+06
5.98476e+06
5.94058e+06
7.42192e+06
7.4262e+06
7.43377e+06
7.44283e+06
7.45113e+06
7.45638e+06
7.45662e+06
7.45043e+06
7.43697e+06
7.416e+06
7.38771e+06
7.35252e+06
7.31089e+06
7.26319e+06
7.2096e+06
7.15013e+06
7.08466e+06
7.0131e+06
6.93551e+06
6.85231e+06
6.76415e+06
6.67207e+06
6.57735e+06
6.48133e+06
6.38549e+06
6.29133e+06
6.20108e+06
6.11857e+06
6.05145e+06
6.00002e+06
7.41112e+06
7.41626e+06
7.42549e+06
7.43691e+06
7.44812e+06
7.45668e+06
7.46049e+06
7.45796e+06
7.44814e+06
7.43069e+06
7.4057e+06
7.37353e+06
7.33458e+06
7.28922e+06
7.23768e+06
7.18005e+06
7.11642e+06
7.04694e+06
6.97196e+06
6.89212e+06
6.80826e+06
6.72131e+06
6.63228e+06
6.54211e+06
6.45131e+06
6.35972e+06
6.26657e+06
6.1736e+06
6.08099e+06
5.99382e+06
7.40075e+06
7.40658e+06
7.41715e+06
7.43048e+06
7.44407e+06
7.45541e+06
7.46223e+06
7.46285e+06
7.45625e+06
7.44198e+06
7.42007e+06
7.39081e+06
7.35457e+06
7.3117e+06
7.26249e+06
7.20715e+06
7.14594e+06
7.07925e+06
7.00766e+06
6.93199e+06
6.8532e+06
6.77213e+06
6.68949e+06
6.60532e+06
6.51958e+06
6.43114e+06
6.33972e+06
6.24527e+06
6.14595e+06
6.03515e+06
7.39193e+06
7.39824e+06
7.40973e+06
7.42438e+06
7.43966e+06
7.45296e+06
7.46198e+06
7.46496e+06
7.46082e+06
7.44905e+06
7.42963e+06
7.4028e+06
7.36893e+06
7.32837e+06
7.28145e+06
7.22851e+06
7.16996e+06
7.10639e+06
7.03857e+06
6.96741e+06
6.89386e+06
6.81865e+06
6.74206e+06
6.66357e+06
6.58138e+06
6.49387e+06
6.39455e+06
6.28557e+06
6.1161e+06
5.82081e+06
7.38453e+06
7.39115e+06
7.40327e+06
7.41882e+06
7.43527e+06
7.44997e+06
7.46057e+06
7.46528e+06
7.46299e+06
7.45315e+06
7.43571e+06
7.41088e+06
7.37902e+06
7.3405e+06
7.29572e+06
7.24511e+06
7.18924e+06
7.12885e+06
7.06485e+06
6.9982e+06
6.92977e+06
6.8601e+06
6.78907e+06
6.71583e+06
6.63805e+06
6.5546e+06
6.45704e+06
6.3495e+06
6.18528e+06
5.9605e+06
7.37762e+06
7.38447e+06
7.39701e+06
7.41321e+06
7.43051e+06
7.44624e+06
7.45805e+06
7.46413e+06
7.46335e+06
7.45514e+06
7.43941e+06
7.41639e+06
7.38642e+06
7.34992e+06
7.30735e+06
7.25925e+06
7.20633e+06
7.1495e+06
7.08974e+06
7.02803e+06
6.9651e+06
6.90124e+06
6.83596e+06
6.76797e+06
6.69459e+06
6.6135e+06
6.51329e+06
6.39213e+06
6.19164e+06
5.96476e+06
7.37127e+06
7.37823e+06
7.39103e+06
7.40762e+06
7.42544e+06
7.44186e+06
7.45451e+06
7.46161e+06
7.46199e+06
7.45509e+06
7.44082e+06
7.41939e+06
7.39117e+06
7.35664e+06
7.31632e+06
7.2709e+06
7.22122e+06
7.16827e+06
7.11313e+06
7.05671e+06
6.99958e+06
6.94173e+06
6.88236e+06
6.81979e+06
6.75136e+06
6.67459e+06
6.58082e+06
6.46843e+06
6.29684e+06
6.05778e+06
7.3655e+06
7.3725e+06
7.38538e+06
7.4021e+06
7.42015e+06
7.43691e+06
7.45007e+06
7.45782e+06
7.45903e+06
7.45313e+06
7.44004e+06
7.41998e+06
7.39337e+06
7.36075e+06
7.32275e+06
7.28016e+06
7.23396e+06
7.18523e+06
7.13502e+06
7.08417e+06
7.03303e+06
6.9813e+06
6.92786e+06
6.87081e+06
6.80747e+06
6.73535e+06
6.6458e+06
6.53751e+06
6.35829e+06
6.01924e+06
5.14841e+06
5.16432e+06
4.97823e+06
4.77744e+06
4.57298e+06
4.35987e+06
4.14052e+06
3.91764e+06
3.69274e+06
3.46672e+06
3.24024e+06
3.01377e+06
2.78759e+06
2.56189e+06
2.33674e+06
2.11215e+06
1.88809e+06
1.66452e+06
1.4414e+06
1.21861e+06
996224
774285
552381
331375
110583
5.5025e+06
5.25856e+06
5.03612e+06
4.81353e+06
4.59147e+06
4.36942e+06
4.14571e+06
3.92017e+06
3.69408e+06
3.46745e+06
3.24064e+06
3.01398e+06
2.78772e+06
2.56197e+06
2.33679e+06
2.11218e+06
1.88812e+06
1.66453e+06
1.44141e+06
1.21862e+06
996224
774282
552379
331373
110582
5.34756e+06
5.20023e+06
5.00472e+06
4.79004e+06
4.57506e+06
4.35961e+06
4.14006e+06
3.91718e+06
3.69237e+06
3.46647e+06
3.24009e+06
3.01368e+06
2.78756e+06
2.56189e+06
2.33676e+06
2.11218e+06
1.88812e+06
1.66454e+06
1.44142e+06
1.21862e+06
996222
774279
552374
331370
110581
5.55508e+06
5.281e+06
5.0491e+06
4.82201e+06
4.59524e+06
4.37139e+06
4.14672e+06
3.92062e+06
3.69428e+06
3.46752e+06
3.24067e+06
3.01401e+06
2.78775e+06
2.56201e+06
2.33684e+06
2.11223e+06
1.88816e+06
1.66457e+06
1.44143e+06
1.21863e+06
996222
774275
552370
331367
110580
5.18742e+06
5.19886e+06
4.99513e+06
4.78703e+06
4.57841e+06
4.36283e+06
4.14204e+06
3.91836e+06
3.69305e+06
3.46685e+06
3.2403e+06
3.01381e+06
2.78765e+06
2.56197e+06
2.33682e+06
2.11223e+06
1.88817e+06
1.66457e+06
1.44144e+06
1.21863e+06
996221
774273
552368
331365
110579
7.35971e+06
7.36664e+06
7.3794e+06
7.39601e+06
7.41398e+06
7.43077e+06
7.4441e+06
7.45221e+06
7.45398e+06
7.44887e+06
7.43681e+06
7.41808e+06
7.39315e+06
7.36263e+06
7.32731e+06
7.28812e+06
7.24614e+06
7.20251e+06
7.15821e+06
7.1139e+06
7.06964e+06
7.02479e+06
6.97796e+06
6.92712e+06
6.86994e+06
6.80432e+06
6.7275e+06
6.63895e+06
6.53624e+06
6.41431e+06
7.35433e+06
7.36104e+06
7.3734e+06
7.38951e+06
7.40695e+06
7.42327e+06
7.43627e+06
7.44427e+06
7.44617e+06
7.44149e+06
7.43021e+06
7.41266e+06
7.38942e+06
7.36123e+06
7.32903e+06
7.2939e+06
7.25701e+06
7.21948e+06
7.18212e+06
7.1453e+06
7.10869e+06
7.07127e+06
7.03137e+06
6.98693e+06
6.93595e+06
6.87685e+06
6.80824e+06
6.73024e+06
6.64387e+06
6.55408e+06
7.35008e+06
7.35643e+06
7.36815e+06
7.3834e+06
7.39988e+06
7.41526e+06
7.42745e+06
7.43483e+06
7.43642e+06
7.43176e+06
7.42093e+06
7.40435e+06
7.38271e+06
7.3569e+06
7.32802e+06
7.29725e+06
7.26582e+06
7.23471e+06
7.20451e+06
7.17519e+06
7.14602e+06
7.11556e+06
7.0819e+06
7.04307e+06
6.99755e+06
6.94477e+06
6.88587e+06
6.82381e+06
6.76768e+06
6.71854e+06
7.34699e+06
7.35287e+06
7.36368e+06
7.37772e+06
7.39284e+06
7.40683e+06
7.41775e+06
7.42409e+06
7.42496e+06
7.42001e+06
7.40939e+06
7.39365e+06
7.37361e+06
7.35033e+06
7.32503e+06
7.29898e+06
7.27334e+06
7.24891e+06
7.22594e+06
7.20398e+06
7.18184e+06
7.15771e+06
7.12946e+06
7.09518e+06
7.05381e+06
7.00553e+06
6.95243e+06
6.89794e+06
6.84931e+06
6.81229e+06
7.34508e+06
7.35034e+06
7.36001e+06
7.37252e+06
7.38589e+06
7.39807e+06
7.40729e+06
7.41221e+06
7.41204e+06
7.40654e+06
7.396e+06
7.38109e+06
7.36279e+06
7.34229e+06
7.32092e+06
7.29995e+06
7.2804e+06
7.2628e+06
7.247e+06
7.2321e+06
7.21645e+06
7.19788e+06
7.17407e+06
7.14321e+06
7.10461e+06
7.05918e+06
7.00988e+06
6.96115e+06
6.92077e+06
6.8941e+06
7.3443e+06
7.34884e+06
7.35714e+06
7.3678e+06
7.37905e+06
7.38904e+06
7.3962e+06
7.39937e+06
7.39791e+06
7.39173e+06
7.38126e+06
7.3673e+06
7.35098e+06
7.33362e+06
7.31658e+06
7.30105e+06
7.28783e+06
7.27709e+06
7.26828e+06
7.26e+06
7.25016e+06
7.23628e+06
7.21589e+06
7.18725e+06
7.15006e+06
7.10586e+06
7.05829e+06
7.01245e+06
6.97556e+06
6.95276e+06
7.34462e+06
7.34831e+06
7.35502e+06
7.36354e+06
7.37234e+06
7.3798e+06
7.38459e+06
7.38576e+06
7.38286e+06
7.37598e+06
7.36569e+06
7.35293e+06
7.33897e+06
7.32518e+06
7.31288e+06
7.30311e+06
7.29636e+06
7.29243e+06
7.29028e+06
7.28806e+06
7.28326e+06
7.27312e+06
7.25508e+06
7.22751e+06
7.19048e+06
7.14611e+06
7.09862e+06
7.05366e+06
7.01823e+06
6.99759e+06
7.34593e+06
7.34867e+06
7.3536e+06
7.35972e+06
7.36576e+06
7.37043e+06
7.37259e+06
7.3716e+06
7.36723e+06
7.35975e+06
7.34988e+06
7.33871e+06
7.32756e+06
7.31779e+06
7.31063e+06
7.30687e+06
7.30665e+06
7.30933e+06
7.3134e+06
7.31656e+06
7.31596e+06
7.30857e+06
7.29182e+06
7.26424e+06
7.22628e+06
7.18057e+06
7.13189e+06
7.08637e+06
7.05091e+06
7.03092e+06
7.34812e+06
7.34982e+06
7.35281e+06
7.35631e+06
7.35936e+06
7.36098e+06
7.36039e+06
7.3572e+06
7.35144e+06
7.34359e+06
7.33451e+06
7.32538e+06
7.31753e+06
7.31226e+06
7.31057e+06
7.31296e+06
7.31919e+06
7.32815e+06
7.33788e+06
7.34566e+06
7.34833e+06
7.34271e+06
7.32625e+06
7.29771e+06
7.25791e+06
7.20998e+06
7.15921e+06
7.11214e+06
7.07577e+06
7.05564e+06
7.35106e+06
7.35165e+06
7.35256e+06
7.35326e+06
7.35315e+06
7.35162e+06
7.34824e+06
7.34292e+06
7.33598e+06
7.3281e+06
7.32027e+06
7.31369e+06
7.30964e+06
7.30926e+06
7.31329e+06
7.32187e+06
7.33432e+06
7.3491e+06
7.3638e+06
7.37535e+06
7.38035e+06
7.37554e+06
7.35847e+06
7.32816e+06
7.28582e+06
7.23506e+06
7.1816e+06
7.13241e+06
7.0946e+06
7.07391e+06
7.35457e+06
7.35401e+06
7.35276e+06
7.35058e+06
7.34724e+06
7.34254e+06
7.33645e+06
7.32922e+06
7.32144e+06
7.31397e+06
7.30789e+06
7.30439e+06
7.3046e+06
7.30942e+06
7.31929e+06
7.33392e+06
7.35221e+06
7.37218e+06
7.39104e+06
7.40545e+06
7.41184e+06
7.40695e+06
7.38849e+06
7.35577e+06
7.31041e+06
7.25644e+06
7.2e+06
7.14839e+06
7.10891e+06
7.08744e+06
7.35851e+06
7.35678e+06
7.35335e+06
7.3483e+06
7.34177e+06
7.33403e+06
7.32546e+06
7.31667e+06
7.30848e+06
7.30193e+06
7.29813e+06
7.29818e+06
7.30301e+06
7.31324e+06
7.32889e+06
7.34927e+06
7.37284e+06
7.39722e+06
7.41935e+06
7.43566e+06
7.44251e+06
7.43674e+06
7.41625e+06
7.38068e+06
7.332e+06
7.27467e+06
7.21517e+06
7.16109e+06
7.11989e+06
7.09758e+06
7.36273e+06
7.35986e+06
7.35432e+06
7.34651e+06
7.337e+06
7.32648e+06
7.3158e+06
7.3059e+06
7.29782e+06
7.29272e+06
7.2917e+06
7.2957e+06
7.30541e+06
7.32106e+06
7.34226e+06
7.36788e+06
7.39599e+06
7.4239e+06
7.44831e+06
7.46554e+06
7.47199e+06
7.46464e+06
7.44162e+06
7.40291e+06
7.35084e+06
7.29019e+06
7.22775e+06
7.17132e+06
7.1285e+06
7.10539e+06
7.36715e+06
7.36321e+06
7.35573e+06
7.34541e+06
7.33325e+06
7.3204e+06
7.30809e+06
7.29762e+06
7.29023e+06
7.28711e+06
7.28931e+06
7.29754e+06
7.31219e+06
7.33307e+06
7.35937e+06
7.38954e+06
7.42131e+06
7.45173e+06
7.47738e+06
7.49459e+06
7.49984e+06
7.49032e+06
7.46445e+06
7.42248e+06
7.36708e+06
7.30333e+06
7.23822e+06
7.17971e+06
7.13548e+06
7.11165e+06
7.37177e+06
7.36691e+06
7.35775e+06
7.34531e+06
7.33099e+06
7.31637e+06
7.30306e+06
7.29263e+06
7.2865e+06
7.28585e+06
7.29156e+06
7.30414e+06
7.32357e+06
7.34927e+06
7.38e+06
7.41384e+06
7.44824e+06
7.48011e+06
7.50599e+06
7.52227e+06
7.52562e+06
7.51348e+06
7.48453e+06
7.43935e+06
7.38085e+06
7.31433e+06
7.24696e+06
7.18674e+06
7.14137e+06
7.11698e+06
7.37675e+06
7.37116e+06
7.36069e+06
7.34666e+06
7.33081e+06
7.31511e+06
7.30149e+06
7.29175e+06
7.2874e+06
7.28959e+06
7.29897e+06
7.31577e+06
7.3396e+06
7.36946e+06
7.40374e+06
7.44022e+06
7.47615e+06
7.50838e+06
7.53349e+06
7.54804e+06
7.5489e+06
7.53381e+06
7.50172e+06
7.45348e+06
7.39222e+06
7.32341e+06
7.25427e+06
7.19279e+06
7.14662e+06
7.12184e+06
7.38247e+06
7.37639e+06
7.36507e+06
7.35007e+06
7.33343e+06
7.3174e+06
7.3042e+06
7.29577e+06
7.29364e+06
7.29886e+06
7.31185e+06
7.33251e+06
7.3601e+06
7.39324e+06
7.43002e+06
7.468e+06
7.50433e+06
7.53585e+06
7.55928e+06
7.57139e+06
7.56931e+06
7.55106e+06
7.51589e+06
7.46487e+06
7.40131e+06
7.33077e+06
7.26043e+06
7.19817e+06
7.15153e+06
7.12653e+06
7.38956e+06
7.38326e+06
7.37161e+06
7.35634e+06
7.33969e+06
7.32413e+06
7.31204e+06
7.30541e+06
7.30579e+06
7.31402e+06
7.33031e+06
7.35423e+06
7.3847e+06
7.42007e+06
7.45817e+06
7.49644e+06
7.53202e+06
7.56184e+06
7.58279e+06
7.59188e+06
7.58655e+06
7.56507e+06
7.52698e+06
7.47357e+06
7.40828e+06
7.33662e+06
7.26565e+06
7.20308e+06
7.15631e+06
7.13127e+06
7.39896e+06
7.39274e+06
7.38128e+06
7.36643e+06
7.35053e+06
7.33616e+06
7.32575e+06
7.3213e+06
7.32422e+06
7.33522e+06
7.35425e+06
7.38058e+06
7.41287e+06
7.44926e+06
7.48743e+06
7.52479e+06
7.55853e+06
7.58575e+06
7.60354e+06
7.60918e+06
7.60039e+06
7.57574e+06
7.53504e+06
7.47974e+06
7.41331e+06
7.34115e+06
7.27007e+06
7.20765e+06
7.16112e+06
7.13625e+06
7.41193e+06
7.40605e+06
7.39527e+06
7.38145e+06
7.36696e+06
7.35436e+06
7.34601e+06
7.34386e+06
7.34915e+06
7.36239e+06
7.38335e+06
7.41105e+06
7.44396e+06
7.48007e+06
7.51704e+06
7.55231e+06
7.58323e+06
7.60706e+06
7.62115e+06
7.62304e+06
7.61075e+06
7.58312e+06
7.5402e+06
7.48356e+06
7.41657e+06
7.34441e+06
7.27373e+06
7.21199e+06
7.16615e+06
7.1417e+06
7.42999e+06
7.42465e+06
7.41493e+06
7.40263e+06
7.39001e+06
7.37951e+06
7.37337e+06
7.37336e+06
7.38057e+06
7.39531e+06
7.41716e+06
7.44502e+06
7.47724e+06
7.51175e+06
7.54628e+06
7.5784e+06
7.6056e+06
7.6254e+06
7.63538e+06
7.63337e+06
7.61766e+06
7.58735e+06
7.54268e+06
7.48518e+06
7.41806e+06
7.34637e+06
7.27675e+06
7.21634e+06
7.17164e+06
7.14785e+06
7.45478e+06
7.45013e+06
7.44172e+06
7.43119e+06
7.42065e+06
7.41231e+06
7.40822e+06
7.40992e+06
7.41832e+06
7.43357e+06
7.45514e+06
7.48184e+06
7.51201e+06
7.54365e+06
7.57458e+06
7.60257e+06
7.62532e+06
7.64057e+06
7.64618e+06
7.64023e+06
7.62127e+06
7.58863e+06
7.5426e+06
7.48461e+06
7.41778e+06
7.34725e+06
7.27945e+06
7.22094e+06
7.17778e+06
7.15487e+06
7.488e+06
7.48407e+06
7.47702e+06
7.4683e+06
7.45975e+06
7.45334e+06
7.45082e+06
7.45351e+06
7.46214e+06
7.47674e+06
7.49673e+06
7.52091e+06
7.54771e+06
7.57525e+06
7.60155e+06
7.62456e+06
7.64223e+06
7.65256e+06
7.65364e+06
7.6438e+06
7.62181e+06
7.58713e+06
7.54007e+06
7.48199e+06
7.41609e+06
7.3475e+06
7.28201e+06
7.22598e+06
7.18476e+06
7.16297e+06
7.53114e+06
7.5279e+06
7.52209e+06
7.51494e+06
7.50802e+06
7.50297e+06
7.50127e+06
7.504e+06
7.51171e+06
7.5244e+06
7.54146e+06
7.56179e+06
7.58397e+06
7.60631e+06
7.62704e+06
7.64436e+06
7.65647e+06
7.66159e+06
7.65806e+06
7.64439e+06
7.61955e+06
7.5831e+06
7.53534e+06
7.47773e+06
7.41349e+06
7.34736e+06
7.28481e+06
7.2317e+06
7.1928e+06
7.1724e+06
7.58542e+06
7.58271e+06
7.57784e+06
7.57181e+06
7.56589e+06
7.56141e+06
7.55955e+06
7.56119e+06
7.56675e+06
7.57622e+06
7.58904e+06
7.60429e+06
7.6207e+06
7.63686e+06
7.65124e+06
7.6623e+06
7.66845e+06
7.66815e+06
7.65993e+06
7.64251e+06
7.615e+06
7.57701e+06
7.52899e+06
7.47242e+06
7.41043e+06
7.34725e+06
7.28819e+06
7.2386e+06
7.20232e+06
7.18312e+06
7.65148e+06
7.64909e+06
7.64474e+06
7.63921e+06
7.63349e+06
7.62861e+06
7.62549e+06
7.62485e+06
7.62704e+06
7.63203e+06
7.63942e+06
7.64846e+06
7.65813e+06
7.6673e+06
7.67469e+06
7.67901e+06
7.67891e+06
7.67302e+06
7.66008e+06
7.63897e+06
7.60894e+06
7.5697e+06
7.52177e+06
7.46667e+06
7.40729e+06
7.34787e+06
7.29307e+06
7.24679e+06
7.21334e+06
7.19576e+06
7.72933e+06
7.727e+06
7.72268e+06
7.71695e+06
7.71056e+06
7.70425e+06
7.69878e+06
7.69473e+06
7.69239e+06
7.69182e+06
7.69275e+06
7.69467e+06
7.69683e+06
7.69838e+06
7.6983e+06
7.69551e+06
7.68892e+06
7.67732e+06
7.65961e+06
7.63486e+06
7.60243e+06
7.56212e+06
7.51457e+06
7.46133e+06
7.40526e+06
7.34996e+06
7.29925e+06
7.25709e+06
7.22678e+06
7.2109e+06
7.81823e+06
7.81571e+06
7.81093e+06
7.80433e+06
7.7964e+06
7.78773e+06
7.77894e+06
7.77049e+06
7.76268e+06
7.75571e+06
7.74941e+06
7.74356e+06
7.73766e+06
7.73115e+06
7.72326e+06
7.71313e+06
7.69986e+06
7.68246e+06
7.65995e+06
7.63157e+06
7.59679e+06
7.55558e+06
7.50868e+06
7.45766e+06
7.4052e+06
7.35417e+06
7.30817e+06
7.27036e+06
7.24339e+06
7.22934e+06
7.91671e+06
7.91379e+06
7.90815e+06
7.90006e+06
7.8899e+06
7.87812e+06
7.86525e+06
7.85168e+06
7.83779e+06
7.82383e+06
7.80986e+06
7.79588e+06
7.78168e+06
7.76688e+06
7.75101e+06
7.73345e+06
7.71341e+06
7.69012e+06
7.66278e+06
7.63075e+06
7.59371e+06
7.55173e+06
7.50548e+06
7.4572e+06
7.4083e+06
7.36196e+06
7.32098e+06
7.28775e+06
7.26429e+06
7.25215e+06
8.02268e+06
8.0192e+06
8.01237e+06
8.00238e+06
7.98951e+06
7.97416e+06
7.95676e+06
7.9377e+06
7.91743e+06
7.89632e+06
7.8746e+06
7.85246e+06
7.82995e+06
7.80692e+06
7.78312e+06
7.75815e+06
7.73137e+06
7.70219e+06
7.66999e+06
7.63433e+06
7.59506e+06
7.55222e+06
7.50725e+06
7.46127e+06
7.41639e+06
7.37498e+06
7.33919e+06
7.31071e+06
7.29088e+06
7.28072e+06
8.13352e+06
8.12938e+06
8.12119e+06
8.1091e+06
8.09334e+06
8.07428e+06
8.05226e+06
8.02771e+06
8.00118e+06
7.97311e+06
7.94391e+06
7.91392e+06
7.88345e+06
7.85252e+06
7.82107e+06
7.78888e+06
7.75552e+06
7.72057e+06
7.68356e+06
7.64427e+06
7.60278e+06
7.55944e+06
7.51547e+06
7.47216e+06
7.43143e+06
7.3951e+06
7.36462e+06
7.34098e+06
7.32485e+06
7.31669e+06
8.24629e+06
8.24148e+06
8.23193e+06
8.21778e+06
8.19923e+06
8.17662e+06
8.15024e+06
8.12061e+06
8.08833e+06
8.05387e+06
8.01783e+06
7.98066e+06
7.94285e+06
7.90465e+06
7.86609e+06
7.82705e+06
7.78742e+06
7.74696e+06
7.70534e+06
7.66257e+06
7.61894e+06
7.57521e+06
7.53237e+06
7.49193e+06
7.45549e+06
7.42433e+06
7.39922e+06
7.38045e+06
7.36805e+06
7.36187e+06
8.35797e+06
8.35256e+06
8.3418e+06
8.32583e+06
8.30486e+06
8.27916e+06
8.24902e+06
8.21506e+06
8.17785e+06
8.13793e+06
8.09603e+06
8.05267e+06
8.00844e+06
7.96379e+06
7.91886e+06
7.87367e+06
7.82827e+06
7.78269e+06
7.7368e+06
7.69084e+06
7.6454e+06
7.60136e+06
7.55996e+06
7.52261e+06
7.4906e+06
7.46467e+06
7.44493e+06
7.43102e+06
7.4223e+06
7.41809e+06
8.46568e+06
8.4598e+06
8.44811e+06
8.43074e+06
8.40788e+06
8.37977e+06
8.34676e+06
8.30947e+06
8.2684e+06
8.22424e+06
8.17769e+06
8.12939e+06
8.07993e+06
8.02987e+06
7.97955e+06
7.92909e+06
7.87868e+06
7.82862e+06
7.77893e+06
7.73028e+06
7.68343e+06
7.63951e+06
7.59988e+06
7.56588e+06
7.53845e+06
7.51781e+06
7.50344e+06
7.49434e+06
7.48923e+06
7.48696e+06
8.56687e+06
8.56069e+06
8.54843e+06
8.53017e+06
8.5061e+06
8.47642e+06
8.44156e+06
8.40212e+06
8.35847e+06
8.31138e+06
8.26155e+06
8.20974e+06
8.1564e+06
8.10225e+06
8.04769e+06
7.99301e+06
7.93861e+06
7.88477e+06
7.83209e+06
7.78148e+06
7.73383e+06
7.69057e+06
7.65319e+06
7.62289e+06
7.60025e+06
7.58498e+06
7.57596e+06
7.57158e+06
7.56999e+06
7.56961e+06
8.65946e+06
8.65319e+06
8.64071e+06
8.62211e+06
8.59754e+06
8.56723e+06
8.53164e+06
8.4912e+06
8.44628e+06
8.39774e+06
8.34609e+06
8.29219e+06
8.23645e+06
8.17961e+06
8.12217e+06
8.06447e+06
8.00703e+06
7.95055e+06
7.89604e+06
7.84423e+06
7.79656e+06
7.75472e+06
7.72021e+06
7.69406e+06
7.67648e+06
7.66668e+06
7.66298e+06
7.66321e+06
7.66503e+06
7.66648e+06
8.74192e+06
8.73573e+06
8.72342e+06
8.705e+06
8.68063e+06
8.65058e+06
8.61531e+06
8.57503e+06
8.53009e+06
8.48156e+06
8.42947e+06
8.3749e+06
8.31825e+06
8.26014e+06
8.20108e+06
8.14163e+06
8.08264e+06
8.02496e+06
7.96943e+06
7.91747e+06
7.87082e+06
7.83131e+06
7.80044e+06
7.77898e+06
7.76677e+06
7.76253e+06
7.76415e+06
7.76887e+06
7.77396e+06
7.77715e+06
8.8133e+06
8.80734e+06
8.79549e+06
8.77774e+06
8.75424e+06
8.72529e+06
8.69116e+06
8.65202e+06
8.6084e+06
8.56092e+06
8.50979e+06
8.45588e+06
8.39968e+06
8.34167e+06
8.28233e+06
8.22281e+06
8.16353e+06
8.10558e+06
8.05031e+06
7.99946e+06
7.95503e+06
7.91892e+06
7.89253e+06
7.87637e+06
7.86986e+06
7.87132e+06
7.87817e+06
7.88725e+06
7.89545e+06
7.90027e+06
8.8732e+06
8.86761e+06
8.85646e+06
8.83978e+06
8.81771e+06
8.79038e+06
8.75832e+06
8.72106e+06
8.67965e+06
8.63426e+06
8.58532e+06
8.53319e+06
8.47866e+06
8.42202e+06
8.36394e+06
8.30521e+06
8.24677e+06
8.18991e+06
8.13628e+06
8.08794e+06
8.04702e+06
8.01542e+06
7.99438e+06
7.98413e+06
7.98365e+06
7.99092e+06
8.00293e+06
8.01616e+06
8.02727e+06
8.0336e+06
8.92174e+06
8.91662e+06
8.9064e+06
8.89111e+06
8.8708e+06
8.84564e+06
8.81592e+06
8.78158e+06
8.74299e+06
8.70052e+06
8.65445e+06
8.60517e+06
8.5531e+06
8.49877e+06
8.44281e+06
8.38608e+06
8.32973e+06
8.27531e+06
8.22475e+06
8.1803e+06
8.14418e+06
8.11819e+06
8.10336e+06
8.09954e+06
8.10539e+06
8.1185e+06
8.13551e+06
8.15268e+06
8.16649e+06
8.17418e+06
8.95971e+06
8.95511e+06
8.94592e+06
8.93217e+06
8.91388e+06
8.89116e+06
8.86413e+06
8.8329e+06
8.79759e+06
8.75848e+06
8.7158e+06
8.66983e+06
8.62096e+06
8.56969e+06
8.51671e+06
8.463e+06
8.40992e+06
8.35922e+06
8.31308e+06
8.27387e+06
8.24376e+06
8.22438e+06
8.21647e+06
8.21953e+06
8.23189e+06
8.25077e+06
8.27257e+06
8.29339e+06
8.30964e+06
8.31854e+06
8.98811e+06
8.98404e+06
8.9759e+06
8.96369e+06
8.94745e+06
8.9272e+06
8.90298e+06
8.87491e+06
8.84301e+06
8.80744e+06
8.76838e+06
8.72605e+06
8.68079e+06
8.63313e+06
8.58383e+06
8.53401e+06
8.48521e+06
8.4394e+06
8.3989e+06
8.36609e+06
8.34304e+06
8.33112e+06
8.33069e+06
8.34092e+06
8.3598e+06
8.38426e+06
8.41054e+06
8.43466e+06
8.45305e+06
8.46301e+06
9.00798e+06
9.00442e+06
8.99728e+06
8.98655e+06
8.97224e+06
8.95433e+06
8.93286e+06
8.90783e+06
8.87925e+06
8.84718e+06
8.81174e+06
8.77314e+06
8.7317e+06
8.688e+06
8.64289e+06
8.59765e+06
8.55401e+06
8.51408e+06
8.48025e+06
8.45482e+06
8.43966e+06
8.43579e+06
8.44319e+06
8.46067e+06
8.48591e+06
8.51561e+06
8.54596e+06
8.57297e+06
8.59317e+06
8.60399e+06
9.02045e+06
9.01733e+06
9.01108e+06
9.0017e+06
8.98914e+06
8.97338e+06
8.95439e+06
8.93215e+06
8.90663e+06
8.87784e+06
8.84587e+06
8.8109e+06
8.77331e+06
8.73375e+06
8.69319e+06
8.65309e+06
8.61531e+06
8.58207e+06
8.55572e+06
8.53841e+06
8.53169e+06
8.53621e+06
8.55155e+06
8.57614e+06
8.60736e+06
8.64185e+06
8.67573e+06
8.70514e+06
8.72679e+06
8.73828e+06
9.02658e+06
9.02385e+06
9.01838e+06
9.01013e+06
8.99908e+06
8.98518e+06
8.96835e+06
8.94855e+06
8.92574e+06
8.8999e+06
8.87109e+06
8.83956e+06
8.80574e+06
8.77039e+06
8.73464e+06
8.70008e+06
8.66873e+06
8.64279e+06
8.62452e+06
8.6158e+06
8.61781e+06
8.63079e+06
8.6539e+06
8.6852e+06
8.72189e+06
8.76054e+06
8.79731e+06
8.82858e+06
8.85129e+06
8.86323e+06
9.02739e+06
9.02498e+06
9.02014e+06
9.01284e+06
9.00303e+06
8.99064e+06
8.97561e+06
8.95786e+06
8.93734e+06
8.91404e+06
8.88806e+06
8.85971e+06
8.82953e+06
8.7984e+06
8.76764e+06
8.73897e+06
8.71446e+06
8.69628e+06
8.68645e+06
8.68653e+06
8.69728e+06
8.7185e+06
8.74895e+06
8.78636e+06
8.82782e+06
8.86986e+06
8.90883e+06
8.9414e+06
8.96474e+06
8.97693e+06
9.02376e+06
9.02159e+06
9.01724e+06
9.01067e+06
9.00183e+06
8.99065e+06
8.97704e+06
8.96093e+06
8.94228e+06
8.92113e+06
8.89764e+06
8.87222e+06
8.84554e+06
8.81867e+06
8.79306e+06
8.77055e+06
8.75319e+06
8.74303e+06
8.7418e+06
8.75066e+06
8.7699e+06
8.79887e+06
8.83596e+06
8.87872e+06
8.9241e+06
8.96871e+06
9.00915e+06
9.0424e+06
9.06598e+06
9.07819e+06
9.01644e+06
9.01445e+06
9.01045e+06
9.00442e+06
8.99629e+06
8.98599e+06
8.97345e+06
8.9586e+06
8.94146e+06
8.92211e+06
8.90083e+06
8.87815e+06
8.85492e+06
8.83237e+06
8.81209e+06
8.79597e+06
8.78598e+06
8.78395e+06
8.79127e+06
8.80863e+06
8.83586e+06
8.87188e+06
8.91478e+06
8.96195e+06
9.01029e+06
9.05659e+06
9.09773e+06
9.13107e+06
9.15449e+06
9.16655e+06
9.00603e+06
9.00415e+06
9.0004e+06
8.99472e+06
8.98707e+06
8.97738e+06
8.9656e+06
8.95171e+06
8.93576e+06
8.91796e+06
8.89872e+06
8.8787e+06
8.85895e+06
8.84086e+06
8.82612e+06
8.81659e+06
8.8141e+06
8.82017e+06
8.83579e+06
8.86117e+06
8.89569e+06
8.93788e+06
8.98561e+06
9.03615e+06
9.08643e+06
9.13354e+06
9.17463e+06
9.2075e+06
9.23038e+06
9.24213e+06
8.993e+06
8.99119e+06
8.98756e+06
8.98209e+06
8.97473e+06
8.96543e+06
8.95417e+06
8.94099e+06
8.92605e+06
8.90966e+06
8.8924e+06
8.87511e+06
8.859e+06
8.8456e+06
8.83664e+06
8.83388e+06
8.83892e+06
8.85292e+06
8.87643e+06
8.90917e+06
8.9501e+06
8.99746e+06
9.04894e+06
9.10172e+06
9.15296e+06
9.19999e+06
9.24036e+06
9.27223e+06
9.29428e+06
9.30552e+06
8.97769e+06
8.9759e+06
8.97232e+06
8.96693e+06
8.95971e+06
8.95063e+06
8.93973e+06
8.92715e+06
8.91314e+06
8.89818e+06
8.883e+06
8.86864e+06
8.85646e+06
8.84806e+06
8.84513e+06
8.84927e+06
8.86177e+06
8.8834e+06
8.91421e+06
8.95351e+06
8.99986e+06
9.05128e+06
9.10537e+06
9.15932e+06
9.21051e+06
9.25664e+06
9.29571e+06
9.32618e+06
9.34708e+06
9.35768e+06
8.96031e+06
8.95851e+06
8.95491e+06
8.94953e+06
8.94235e+06
8.93341e+06
8.92282e+06
8.91082e+06
8.89781e+06
8.88444e+06
8.87162e+06
8.86055e+06
8.85268e+06
8.84964e+06
8.85298e+06
8.86408e+06
8.88387e+06
8.91266e+06
8.95007e+06
8.99499e+06
9.04569e+06
9.10004e+06
9.15559e+06
9.20963e+06
9.25991e+06
9.30443e+06
9.34165e+06
9.37038e+06
9.38991e+06
9.39976e+06
8.941e+06
8.93917e+06
8.93554e+06
8.93011e+06
8.92295e+06
8.91414e+06
8.90391e+06
8.89263e+06
8.88085e+06
8.8694e+06
8.85934e+06
8.85202e+06
8.84893e+06
8.8516e+06
8.86143e+06
8.87946e+06
8.90621e+06
8.94159e+06
8.98476e+06
9.03428e+06
9.0882e+06
9.14433e+06
9.20022e+06
9.25343e+06
9.302e+06
9.3443e+06
9.37925e+06
9.40596e+06
9.42394e+06
9.43301e+06
8.91983e+06
8.91796e+06
8.91429e+06
8.90885e+06
8.90174e+06
8.89317e+06
8.88349e+06
8.8732e+06
8.86302e+06
8.85395e+06
8.84721e+06
8.84418e+06
8.84634e+06
8.85506e+06
8.87148e+06
8.89628e+06
8.92957e+06
8.9708e+06
9.0188e+06
9.07184e+06
9.12784e+06
9.18462e+06
9.23986e+06
9.29136e+06
9.33761e+06
9.37722e+06
9.40956e+06
9.43406e+06
9.45043e+06
9.45864e+06
8.89681e+06
8.89494e+06
8.89126e+06
8.88588e+06
8.87898e+06
8.87088e+06
8.86204e+06
8.85316e+06
8.84511e+06
8.83902e+06
8.8362e+06
8.83804e+06
8.84589e+06
8.86092e+06
8.88393e+06
8.91519e+06
8.95441e+06
9.00066e+06
9.05247e+06
9.10792e+06
9.16488e+06
9.22128e+06
9.27498e+06
9.32402e+06
9.36745e+06
9.40401e+06
9.4336e+06
9.45578e+06
9.47044e+06
9.47782e+06
8.87198e+06
8.87014e+06
8.86656e+06
8.86139e+06
8.85496e+06
8.84766e+06
8.84013e+06
8.83322e+06
8.82792e+06
8.82548e+06
8.82724e+06
8.83449e+06
8.8484e+06
8.86985e+06
8.89926e+06
8.93653e+06
8.98094e+06
9.03126e+06
9.08584e+06
9.14259e+06
9.19944e+06
9.25454e+06
9.30587e+06
9.35203e+06
9.39214e+06
9.4255e+06
9.45224e+06
9.47196e+06
9.48505e+06
9.49155e+06
8.84539e+06
8.84366e+06
8.84033e+06
8.83565e+06
8.83003e+06
8.82402e+06
8.81837e+06
8.81409e+06
8.81227e+06
8.81419e+06
8.82114e+06
8.83426e+06
8.85446e+06
8.88227e+06
8.91774e+06
8.96037e+06
9.00911e+06
9.06248e+06
9.11876e+06
9.17575e+06
9.23153e+06
9.28448e+06
9.33281e+06
9.37566e+06
9.41237e+06
9.44236e+06
9.46612e+06
9.48357e+06
9.4951e+06
9.50076e+06
8.81716e+06
8.81566e+06
8.81281e+06
8.80897e+06
8.80464e+06
8.80051e+06
8.79746e+06
8.79656e+06
8.79897e+06
8.80594e+06
8.81859e+06
8.83789e+06
8.86442e+06
8.89834e+06
8.93933e+06
8.98653e+06
9.03865e+06
9.09403e+06
9.15092e+06
9.20716e+06
9.26104e+06
9.3111e+06
9.35604e+06
9.39526e+06
9.42841e+06
9.45511e+06
9.47612e+06
9.49137e+06
9.50127e+06
9.50614e+06
8.78759e+06
8.78647e+06
8.78442e+06
8.78187e+06
8.77939e+06
8.77784e+06
8.77814e+06
8.78139e+06
8.78876e+06
8.80135e+06
8.82012e+06
8.84571e+06
8.8784e+06
8.91798e+06
8.96377e+06
9.01464e+06
9.06913e+06
9.12543e+06
9.18188e+06
9.23646e+06
9.28775e+06
9.33445e+06
9.37571e+06
9.41116e+06
9.44071e+06
9.46439e+06
9.48259e+06
9.49571e+06
9.50418e+06
9.50833e+06
8.75718e+06
8.75661e+06
8.75573e+06
8.75499e+06
8.75503e+06
8.75679e+06
8.76122e+06
8.76936e+06
8.7823e+06
8.80095e+06
8.826e+06
8.85781e+06
8.89627e+06
8.94085e+06
8.99057e+06
9.04411e+06
9.09991e+06
9.15613e+06
9.21117e+06
9.26333e+06
9.31143e+06
9.3545e+06
9.3919e+06
9.42368e+06
9.44969e+06
9.4703e+06
9.48596e+06
9.49717e+06
9.50435e+06
9.50786e+06
8.72669e+06
8.72689e+06
8.72756e+06
8.72918e+06
8.73242e+06
8.73822e+06
8.74748e+06
8.76113e+06
8.78008e+06
8.80503e+06
8.83634e+06
8.87402e+06
8.91765e+06
8.96639e+06
9.01907e+06
9.07423e+06
9.13023e+06
9.18546e+06
9.23831e+06
9.28746e+06
9.33191e+06
9.37116e+06
9.4048e+06
9.43282e+06
9.45549e+06
9.47326e+06
9.48663e+06
9.49612e+06
9.50217e+06
9.50511e+06
8.69722e+06
8.6984e+06
8.701e+06
8.7055e+06
8.71258e+06
8.72304e+06
8.73768e+06
8.75727e+06
8.78247e+06
8.81369e+06
8.85096e+06
8.89391e+06
8.94192e+06
8.99387e+06
9.04845e+06
9.10418e+06
9.15944e+06
9.21275e+06
9.26274e+06
9.30845e+06
9.34917e+06
9.38446e+06
9.41426e+06
9.43876e+06
9.45835e+06
9.47355e+06
9.48488e+06
9.49287e+06
9.49793e+06
9.50039e+06
8.67021e+06
8.67253e+06
8.67738e+06
8.68521e+06
8.6966e+06
8.71215e+06
8.73251e+06
8.75822e+06
8.78961e+06
8.82679e+06
8.86946e+06
8.9169e+06
8.96831e+06
9.02242e+06
9.07784e+06
9.13313e+06
9.1867e+06
9.23743e+06
9.28413e+06
9.32612e+06
9.36288e+06
9.39427e+06
9.42042e+06
9.44167e+06
9.45848e+06
9.47139e+06
9.48095e+06
9.48764e+06
9.49186e+06
9.4939e+06
8.64739e+06
8.65098e+06
8.6583e+06
8.66971e+06
8.68567e+06
8.70644e+06
8.73258e+06
8.76426e+06
8.80144e+06
8.84396e+06
8.89122e+06
8.9422e+06
8.99594e+06
9.05109e+06
9.10631e+06
9.16019e+06
9.21141e+06
9.25899e+06
9.30206e+06
9.34012e+06
9.37296e+06
9.40063e+06
9.4234e+06
9.4417e+06
9.45604e+06
9.46697e+06
9.475e+06
9.48059e+06
9.48411e+06
9.48581e+06
8.63077e+06
8.63565e+06
8.6455e+06
8.66051e+06
8.68095e+06
8.70681e+06
8.7384e+06
8.77554e+06
8.81782e+06
8.86471e+06
8.91546e+06
8.9689e+06
9.02381e+06
9.07894e+06
9.13297e+06
9.18466e+06
9.23292e+06
9.27694e+06
9.31617e+06
9.35032e+06
9.37939e+06
9.40358e+06
9.42329e+06
9.43897e+06
9.45117e+06
9.4604e+06
9.46716e+06
9.47184e+06
9.47479e+06
9.4762e+06
8.62242e+06
8.62853e+06
8.64075e+06
8.65907e+06
8.68365e+06
8.71405e+06
8.75044e+06
8.79201e+06
8.83833e+06
8.8885e+06
8.94151e+06
8.99609e+06
9.05103e+06
9.10509e+06
9.15706e+06
9.20589e+06
9.25071e+06
9.29095e+06
9.32628e+06
9.35664e+06
9.38218e+06
9.40322e+06
9.4202e+06
9.43361e+06
9.44398e+06
9.4518e+06
9.4575e+06
9.46145e+06
9.46393e+06
9.46512e+06
8.62439e+06
8.63155e+06
8.64577e+06
8.66693e+06
8.69481e+06
8.72889e+06
8.76886e+06
8.81375e+06
8.86269e+06
8.9147e+06
8.96857e+06
9.02302e+06
9.07684e+06
9.12885e+06
9.178e+06
9.22341e+06
9.26448e+06
9.30083e+06
9.33235e+06
9.35913e+06
9.38143e+06
9.39965e+06
9.41426e+06
9.42574e+06
9.43458e+06
9.44124e+06
9.44609e+06
9.44945e+06
9.45156e+06
9.45258e+06
8.63848e+06
8.64643e+06
8.6621e+06
8.6852e+06
8.71543e+06
8.75185e+06
8.79398e+06
8.84055e+06
8.89061e+06
8.94289e+06
8.99618e+06
9.04919e+06
9.10075e+06
9.14979e+06
9.19544e+06
9.23703e+06
9.27415e+06
9.30662e+06
9.33448e+06
9.35794e+06
9.37732e+06
9.39306e+06
9.40563e+06
9.41549e+06
9.42308e+06
9.42879e+06
9.43297e+06
9.43588e+06
9.43771e+06
9.43859e+06
8.66601e+06
8.67434e+06
8.69081e+06
8.71488e+06
8.74603e+06
8.78335e+06
8.82591e+06
8.87251e+06
8.92193e+06
8.97289e+06
9.0241e+06
9.07436e+06
9.12257e+06
9.16782e+06
9.2094e+06
9.24686e+06
9.27993e+06
9.3086e+06
9.33298e+06
9.35338e+06
9.37015e+06
9.38373e+06
9.39456e+06
9.40306e+06
9.40963e+06
9.4146e+06
9.41825e+06
9.4208e+06
9.42241e+06
9.42319e+06
8.70766e+06
8.71598e+06
8.73236e+06
8.75627e+06
8.78699e+06
8.82356e+06
8.86487e+06
8.90969e+06
8.95673e+06
9.00471e+06
9.05238e+06
9.09863e+06
9.14251e+06
9.18325e+06
9.22032e+06
9.2534e+06
9.28237e+06
9.3073e+06
9.3284e+06
9.34598e+06
9.36041e+06
9.37209e+06
9.38143e+06
9.38879e+06
9.39451e+06
9.39887e+06
9.4021e+06
9.40437e+06
9.40582e+06
9.40652e+06
8.76334e+06
8.77125e+06
8.78678e+06
8.80938e+06
8.83828e+06
8.87247e+06
8.91083e+06
8.95214e+06
8.99512e+06
9.03858e+06
9.08137e+06
9.12252e+06
9.16121e+06
9.19684e+06
9.22901e+06
9.25752e+06
9.28235e+06
9.30363e+06
9.32159e+06
9.33653e+06
9.34882e+06
9.3588e+06
9.36681e+06
9.37318e+06
9.37817e+06
9.38201e+06
9.38488e+06
9.38692e+06
9.38823e+06
9.38886e+06
8.83224e+06
8.83936e+06
8.85331e+06
8.87356e+06
8.89935e+06
8.92972e+06
8.96361e+06
8.99987e+06
9.03735e+06
9.07498e+06
9.11178e+06
9.14691e+06
9.17972e+06
9.20974e+06
9.2367e+06
9.26048e+06
9.28113e+06
9.29878e+06
9.31368e+06
9.32611e+06
9.33636e+06
9.34474e+06
9.35153e+06
9.35698e+06
9.36129e+06
9.36465e+06
9.36718e+06
9.369e+06
9.37018e+06
9.37075e+06
8.91274e+06
8.91876e+06
8.93053e+06
8.94758e+06
8.96922e+06
8.99462e+06
9.02282e+06
9.05284e+06
9.08371e+06
9.11452e+06
9.14447e+06
9.1729e+06
9.19931e+06
9.22337e+06
9.24488e+06
9.26381e+06
9.28022e+06
9.29425e+06
9.30612e+06
9.31605e+06
9.32431e+06
9.33111e+06
9.33668e+06
9.3412e+06
9.34483e+06
9.34769e+06
9.34987e+06
9.35145e+06
9.35248e+06
9.35298e+06
9.00254e+06
9.00724e+06
9.01642e+06
9.02969e+06
9.04648e+06
9.06612e+06
9.08783e+06
9.11085e+06
9.13439e+06
9.15776e+06
9.18035e+06
9.20169e+06
9.22141e+06
9.2393e+06
9.25524e+06
9.26923e+06
9.28135e+06
9.29173e+06
9.30054e+06
9.30796e+06
9.31418e+06
9.31935e+06
9.32364e+06
9.32717e+06
9.33004e+06
9.33233e+06
9.33411e+06
9.3354e+06
9.33625e+06
9.33668e+06
9.09883e+06
9.1021e+06
9.10849e+06
9.11771e+06
9.12933e+06
9.14287e+06
9.15777e+06
9.17347e+06
9.18942e+06
9.20514e+06
9.22024e+06
9.23438e+06
9.24737e+06
9.25906e+06
9.26942e+06
9.27847e+06
9.28629e+06
9.293e+06
9.2987e+06
9.30354e+06
9.30762e+06
9.31107e+06
9.31398e+06
9.3164e+06
9.31841e+06
9.32004e+06
9.32132e+06
9.32227e+06
9.32289e+06
9.32321e+06
9.19853e+06
9.20039e+06
9.20401e+06
9.20921e+06
9.21573e+06
9.22326e+06
9.23146e+06
9.23999e+06
9.24854e+06
9.25683e+06
9.26464e+06
9.27182e+06
9.27826e+06
9.28394e+06
9.28887e+06
9.29309e+06
9.29667e+06
9.29971e+06
9.30227e+06
9.30446e+06
9.30632e+06
9.30793e+06
9.30932e+06
9.31052e+06
9.31154e+06
9.31239e+06
9.31308e+06
9.31361e+06
9.31396e+06
9.31413e+06
9.29853e+06
9.29908e+06
9.30015e+06
9.30165e+06
9.30346e+06
9.30545e+06
9.30748e+06
9.30942e+06
9.31115e+06
9.31259e+06
9.31368e+06
9.31441e+06
9.31479e+06
9.31485e+06
9.31466e+06
9.31428e+06
9.31379e+06
9.31324e+06
9.3127e+06
9.31221e+06
9.31179e+06
9.31146e+06
9.31122e+06
9.31107e+06
9.31099e+06
9.31096e+06
9.31097e+06
9.31099e+06
9.31102e+06
9.31103e+06
9.39592e+06
9.39536e+06
9.39424e+06
9.39257e+06
9.39033e+06
9.38756e+06
9.38428e+06
9.38052e+06
9.37634e+06
9.37182e+06
9.36704e+06
9.3621e+06
9.35709e+06
9.35214e+06
9.34732e+06
9.34274e+06
9.33846e+06
9.33453e+06
9.33101e+06
9.32789e+06
9.32519e+06
9.32289e+06
9.32097e+06
9.31939e+06
9.31813e+06
9.31714e+06
9.31639e+06
9.31586e+06
9.31552e+06
9.31535e+06
9.48821e+06
9.48677e+06
9.48392e+06
9.47972e+06
9.47428e+06
9.46772e+06
9.46018e+06
9.45185e+06
9.4429e+06
9.43353e+06
9.42394e+06
9.4143e+06
9.4048e+06
9.39558e+06
9.3868e+06
9.37854e+06
9.3709e+06
9.36393e+06
9.35765e+06
9.35208e+06
9.34719e+06
9.34297e+06
9.33938e+06
9.33637e+06
9.33389e+06
9.33191e+06
9.33038e+06
9.32926e+06
9.32853e+06
9.32817e+06
9.57343e+06
9.57136e+06
9.56727e+06
9.56127e+06
9.55351e+06
9.54421e+06
9.53359e+06
9.5219e+06
9.50943e+06
9.49644e+06
9.4832e+06
9.46997e+06
9.45697e+06
9.4444e+06
9.43242e+06
9.42116e+06
9.41071e+06
9.40113e+06
9.39247e+06
9.38471e+06
9.37785e+06
9.37186e+06
9.3667e+06
9.36232e+06
9.35868e+06
9.35573e+06
9.35343e+06
9.35173e+06
9.35062e+06
9.35006e+06
9.65021e+06
9.64775e+06
9.6429e+06
9.63579e+06
9.6266e+06
9.61559e+06
9.60302e+06
9.5892e+06
9.57444e+06
9.55908e+06
9.54341e+06
9.52772e+06
9.51229e+06
9.49732e+06
9.483e+06
9.46948e+06
9.45687e+06
9.44525e+06
9.43465e+06
9.42509e+06
9.41657e+06
9.40906e+06
9.40253e+06
9.39694e+06
9.39225e+06
9.38842e+06
9.3854e+06
9.38317e+06
9.3817e+06
9.38097e+06
9.71779e+06
9.71516e+06
9.70998e+06
9.70237e+06
9.69254e+06
9.68074e+06
9.66726e+06
9.65242e+06
9.63654e+06
9.61995e+06
9.603e+06
9.58596e+06
9.56912e+06
9.55271e+06
9.53694e+06
9.52196e+06
9.50789e+06
9.49484e+06
9.48284e+06
9.47194e+06
9.46215e+06
9.45345e+06
9.44583e+06
9.43925e+06
9.4337e+06
9.42913e+06
9.42552e+06
9.42283e+06
9.42106e+06
9.42017e+06
9.77595e+06
9.77333e+06
9.76816e+06
9.76057e+06
9.75075e+06
9.73894e+06
9.72542e+06
9.71049e+06
9.69447e+06
9.67768e+06
9.66044e+06
9.64304e+06
9.62575e+06
9.6088e+06
9.59241e+06
9.57674e+06
9.56193e+06
9.54809e+06
9.53527e+06
9.52354e+06
9.51292e+06
9.50342e+06
9.49503e+06
9.48776e+06
9.48157e+06
9.47646e+06
9.47239e+06
9.46936e+06
9.46735e+06
9.46635e+06
9.82494e+06
9.82246e+06
9.81757e+06
9.81038e+06
9.80107e+06
9.78984e+06
9.77695e+06
9.76267e+06
9.74728e+06
9.7311e+06
9.71439e+06
9.69745e+06
9.68051e+06
9.66381e+06
9.64756e+06
9.63191e+06
9.61702e+06
9.60299e+06
9.58992e+06
9.57786e+06
9.56688e+06
9.55698e+06
9.54819e+06
9.54052e+06
9.53397e+06
9.52852e+06
9.52418e+06
9.52093e+06
9.51877e+06
9.51769e+06
9.86535e+06
9.86311e+06
9.85867e+06
9.85214e+06
9.84367e+06
9.83343e+06
9.82163e+06
9.80852e+06
9.79433e+06
9.77934e+06
9.76379e+06
9.74792e+06
9.73197e+06
9.71614e+06
9.70063e+06
9.68561e+06
9.6712e+06
9.65754e+06
9.64472e+06
9.63282e+06
9.6219e+06
9.61201e+06
9.60317e+06
9.59542e+06
9.58876e+06
9.5832e+06
9.57876e+06
9.57542e+06
9.5732e+06
9.57209e+06
9.89802e+06
9.89606e+06
9.89218e+06
9.88646e+06
9.87902e+06
9.87e+06
9.85957e+06
9.84794e+06
9.83531e+06
9.82189e+06
9.80789e+06
9.79353e+06
9.779e+06
9.7645e+06
9.75019e+06
9.73623e+06
9.72277e+06
9.70991e+06
9.69777e+06
9.68643e+06
9.67595e+06
9.66641e+06
9.65784e+06
9.65028e+06
9.64376e+06
9.6383e+06
9.63392e+06
9.63063e+06
9.62842e+06
9.62732e+06
9.92392e+06
9.92226e+06
9.91897e+06
9.91411e+06
9.90777e+06
9.90006e+06
9.89113e+06
9.88112e+06
9.8702e+06
9.85853e+06
9.84631e+06
9.83368e+06
9.82084e+06
9.80794e+06
9.79513e+06
9.78255e+06
9.77034e+06
9.7586e+06
9.74744e+06
9.73696e+06
9.72722e+06
9.7183e+06
9.71025e+06
9.70312e+06
9.69694e+06
9.69175e+06
9.68758e+06
9.68443e+06
9.68232e+06
9.68127e+06
9.94406e+06
9.94269e+06
9.93998e+06
9.93596e+06
9.9307e+06
9.92429e+06
9.91684e+06
9.90845e+06
9.89925e+06
9.88938e+06
9.87897e+06
9.86816e+06
9.8571e+06
9.84591e+06
9.83474e+06
9.8237e+06
9.81291e+06
9.80248e+06
9.7925e+06
9.78307e+06
9.77426e+06
9.76615e+06
9.7588e+06
9.75226e+06
9.74658e+06
9.74179e+06
9.73792e+06
9.735e+06
9.73304e+06
9.73206e+06
9.95943e+06
9.95832e+06
9.95613e+06
9.95288e+06
9.94862e+06
9.94342e+06
9.93734e+06
9.93046e+06
9.92289e+06
9.91472e+06
9.90606e+06
9.89701e+06
9.88769e+06
9.87821e+06
9.86868e+06
9.85921e+06
9.84989e+06
9.84083e+06
9.83211e+06
9.82382e+06
9.81605e+06
9.80885e+06
9.8023e+06
9.79644e+06
9.79134e+06
9.78702e+06
9.78353e+06
9.78089e+06
9.77911e+06
9.77822e+06
9.97091e+06
9.97003e+06
9.9683e+06
9.96572e+06
9.96234e+06
9.95819e+06
9.95332e+06
9.94779e+06
9.94166e+06
9.93502e+06
9.92794e+06
9.9205e+06
9.9128e+06
9.9049e+06
9.89692e+06
9.88893e+06
9.88103e+06
9.8733e+06
9.86582e+06
9.85867e+06
9.85193e+06
9.84567e+06
9.83994e+06
9.8348e+06
9.8303e+06
9.82649e+06
9.82339e+06
9.82105e+06
9.81947e+06
9.81868e+06
9.97929e+06
9.97861e+06
9.97725e+06
9.97523e+06
9.97258e+06
9.9693e+06
9.96545e+06
9.96105e+06
9.95616e+06
9.95083e+06
9.9451e+06
9.93906e+06
9.93275e+06
9.92625e+06
9.91964e+06
9.91298e+06
9.90635e+06
9.89983e+06
9.89349e+06
9.8874e+06
9.88163e+06
9.87623e+06
9.87128e+06
9.86683e+06
9.86291e+06
9.85959e+06
9.85688e+06
9.85483e+06
9.85344e+06
9.85275e+06
9.98523e+06
9.9847e+06
9.98364e+06
9.98206e+06
9.97998e+06
9.9774e+06
9.97436e+06
9.97087e+06
9.96696e+06
9.96268e+06
9.95805e+06
9.95314e+06
9.94798e+06
9.94264e+06
9.93716e+06
9.93162e+06
9.92607e+06
9.92058e+06
9.91521e+06
9.91002e+06
9.90508e+06
9.90045e+06
9.89618e+06
9.89233e+06
9.88893e+06
9.88604e+06
9.88368e+06
9.88188e+06
9.88068e+06
9.88007e+06
9.98924e+06
9.98882e+06
9.98798e+06
9.98672e+06
9.98506e+06
9.983e+06
9.98055e+06
9.97774e+06
9.97457e+06
9.97107e+06
9.96728e+06
9.96322e+06
9.95894e+06
9.95447e+06
9.94987e+06
9.94519e+06
9.94047e+06
9.93578e+06
9.93117e+06
9.9267e+06
9.92243e+06
9.9184e+06
9.91468e+06
9.9113e+06
9.90832e+06
9.90577e+06
9.9037e+06
9.90211e+06
9.90104e+06
9.90051e+06
9.9917e+06
9.99135e+06
9.99066e+06
9.98962e+06
9.98823e+06
9.98651e+06
9.98446e+06
9.98208e+06
9.9794e+06
9.97642e+06
9.97318e+06
9.9697e+06
9.966e+06
9.96213e+06
9.95812e+06
9.95402e+06
9.94987e+06
9.94573e+06
9.94164e+06
9.93766e+06
9.93384e+06
9.93023e+06
9.92689e+06
9.92385e+06
9.92116e+06
9.91885e+06
9.91697e+06
9.91553e+06
9.91456e+06
9.91408e+06
9.99287e+06
9.99256e+06
9.99194e+06
9.991e+06
9.98975e+06
9.98819e+06
9.98633e+06
9.98418e+06
9.98174e+06
9.97903e+06
9.97606e+06
9.97286e+06
9.96946e+06
9.96588e+06
9.96217e+06
9.95836e+06
9.9545e+06
9.95063e+06
9.94681e+06
9.94308e+06
9.9395e+06
9.9361e+06
9.93295e+06
9.93008e+06
9.92754e+06
9.92536e+06
9.92358e+06
9.92222e+06
9.9213e+06
9.92084e+06
)
;

boundaryField
{
    outerWall
    {
        type            zeroGradient;
    }
    axis
    {
        type            symmetryPlane;
    }
    nozzle
    {
        type            fixedValue;
        value           uniform 0;
    }
    back
    {
        type            empty;
    }
    front
    {
        type            empty;
    }
}


// ************************************************************************* //
