/*--------------------------------*- C++ -*----------------------------------*\
| =========                 |                                                 |
| \\      /  F ield         | OpenFOAM: The Open Source CFD Toolbox           |
|  \\    /   O peration     | Version:  2412                                  |
|   \\  /    A nd           | Website:  www.openfoam.com                      |
|    \\/     M anipulation  |                                                 |
\*---------------------------------------------------------------------------*/
FoamFile
{
    version     2.0;
    format      ascii;
    arch        "LSB;label=32;scalar=64";
    class       surfaceScalarField;
    location    "0.00018";
    object      phi;
}
// * * * * * * * * * * * * * * * * * * * * * * * * * * * * * * * * * * * * * //

dimensions      [1 0 -1 0 0 0 0];

oriented        oriented;

internalField   nonuniform List<scalar> 
7275
(
0.00651858
-0.000504991
0.0128596
-0.00053163
0.0188576
-0.000579778
0.0243858
-0.000657759
0.029336
-0.000746231
0.0336431
-0.000850962
0.0372789
-0.000969321
0.0402188
-0.00106212
0.0425264
-0.00118059
0.0442035
-0.00123811
0.0453289
-0.00129444
0.0459139
-0.00127378
0.0460193
-0.00122311
0.0456635
-0.00110182
0.0449039
-0.000950217
0.043691
-0.000662255
0.0420971
-0.000357527
0.0401326
3.00107e-05
0.0378211
0.000488329
0.0351856
0.00101744
0.0322521
0.00161317
0.0290519
0.00226753
0.0256192
0.00296805
0.0219969
0.00370035
0.0182591
0.00443903
0.0144988
0.00515472
0.0107887
0.00580775
0.0071504
0.00635084
0.00354604
0.00676982
0.00695984
0.00650417
-0.00103815
0.0128306
-0.00108963
0.0188197
-0.00118871
0.024335
-0.00133585
0.0292714
-0.00150525
0.0335848
-0.00172609
0.0372063
-0.00193213
0.0401823
-0.00215808
0.0424852
-0.00234524
0.0441834
-0.00247815
0.0453298
-0.00258504
0.0459383
-0.0025425
0.0460811
-0.00245363
0.0457663
-0.00221473
0.0450363
-0.00190119
0.0438699
-0.00134458
0.0423162
-0.000732048
0.0403919
3.91698e-05
0.0381206
0.000952451
0.0355214
0.00201136
0.0326195
0.00320538
0.0294454
0.00451854
0.0260256
0.00593277
0.0224009
0.00741347
0.0186439
0.00890764
0.0148445
0.0103571
0.0110726
0.0116839
0.00734721
0.0127951
0.00366559
0.0136206
0.0140433
0.00647574
-0.00162732
0.0127762
-0.00170286
0.0187393
-0.00184645
0.0242303
-0.00205518
0.0291646
-0.00231455
0.0334578
-0.00261668
0.0371007
-0.00293274
0.0400751
-0.00324928
0.0424049
-0.00351562
0.0441573
-0.00373597
0.0453314
-0.00385531
0.0460192
-0.0038348
0.0462117
-0.00367504
0.0459738
-0.00334548
0.0452964
-0.00284784
0.0442198
-0.00206391
0.0427483
-0.00114137
0.0409094
2.98847e-06
0.0387177
0.00136943
0.0361937
0.00295658
0.0333579
0.00475354
0.0302299
0.00674316
0.0268372
0.00889006
0.0232161
0.0111442
0.0194278
0.0134294
0.0155522
0.0156542
0.0116556
0.017699
0.0077624
0.0194198
0.00388006
0.0206812
0.0213477
0.00643539
-0.00230056
0.0126933
-0.00239289
0.01862
-0.00257769
0.0240876
-0.00284687
0.0289881
-0.00316723
0.0332834
-0.00356297
0.0369181
-0.00395142
0.0399278
-0.00437377
0.0422978
-0.00469805
0.0440972
-0.00498997
0.0453461
-0.00513248
0.046116
-0.00513004
0.0464065
-0.00490935
0.0462784
-0.00449985
0.0456961
-0.00380672
0.0447412
-0.00282824
0.0433958
-0.00160713
0.0416802
-9.58147e-05
0.0396122
0.00171307
0.0372037
0.00382762
0.0344689
0.00623554
0.0314262
0.00891356
0.0280819
0.0118297
0.0244671
0.014902
0.0206361
0.0180291
0.0166509
0.0210922
0.0125674
0.0239235
0.00841801
0.026319
0.00422193
0.0280719
0.0290031
0.00638139
-0.0030807
0.012593
-0.00319105
0.0184762
-0.00340741
0.023895
-0.00371407
0.0287846
-0.00410987
0.0330476
-0.00454852
0.0367125
-0.00503807
0.0397252
-0.00550381
0.0421637
-0.0059179
0.0440201
-0.0062408
0.045365
-0.0064223
0.0462296
-0.00642088
0.046659
-0.00617447
0.0466613
-0.00567441
0.046225
-0.00480439
0.0454276
-0.00364835
0.0442507
-0.00214909
0.0427051
-0.000284291
0.0408057
0.00195721
0.0385582
0.00459561
0.0359703
0.00762006
0.0330406
0.0110156
0.0297733
0.0147361
0.026188
0.0186777
0.0223105
0.0227264
0.0181839
0.0267198
0.0138504
0.0304347
0.00934595
0.0335986
0.00471045
0.0359232
0.0371622
0.00631994
-0.00399174
0.0124695
-0.00411207
0.0183042
-0.00435949
0.0236827
-0.00469131
0.0285336
-0.00513723
0.0327904
-0.0056178
0.0364516
-0.00617222
0.0395042
-0.00668406
0.0419947
-0.00716088
0.0439421
-0.00751867
0.0453947
-0.00772759
0.0463872
-0.00772683
0.0469662
-0.00746396
0.0471068
-0.00685661
0.0468715
-0.00587339
0.0462662
-0.00453668
0.0452983
-0.00278578
0.043974
-0.000591966
0.0422925
0.0020716
0.040258
0.00522678
0.0378681
0.00887328
0.0351065
0.0130105
0.0319596
0.0175821
0.028424
0.0224674
0.0245017
0.0275372
0.0202065
0.0325835
0.0155584
0.0373169
0.0105907
0.041381
0.00536928
0.0443881
0.0460015
0.00625316
-0.00505378
0.0123392
-0.0051797
0.0181036
-0.00543646
0.0234419
-0.00580183
0.0282453
-0.00626171
0.0324985
-0.00679221
0.0361609
-0.00737429
0.0392529
-0.00792559
0.0418032
-0.00844184
0.0438492
-0.00883355
0.0454159
-0.00905209
0.0465548
-0.00905918
0.0472983
-0.00878103
0.0476308
-0.00808482
0.047618
-0.00701686
0.0472529
-0.00552156
0.0465408
-0.00354432
0.0454791
-0.00104102
0.0440716
0.00202094
0.0423144
0.00567713
0.0401808
0.00995679
0.0376434
0.0148618
0.0346745
0.02033
0.0312312
0.0262488
0.0272794
0.032466
0.0227945
0.0387246
0.0177642
0.0446588
0.0122121
0.0498073
0.00623318
0.0536529
0.0557375
0.00617899
-0.00627833
0.012199
-0.00641062
0.0179038
-0.0066686
0.0231828
-0.00704589
0.027954
-0.00751789
0.0321805
-0.00806711
0.0358408
-0.00865818
0.0389731
-0.0092447
0.0415867
-0.00977683
0.0437319
-0.0101951
0.04544
-0.0104278
0.0467486
-0.0104414
0.0476577
-0.0101225
0.0482221
-0.00939073
0.0484579
-0.00824917
0.0483652
-0.0066202
0.0479487
-0.00444759
0.0472119
-0.00167307
0.0461408
0.00176315
0.0447193
0.00590967
0.0429211
0.010814
0.0406912
0.01651
0.037972
0.0229325
0.0346805
0.0299866
0.0307329
0.0375024
0.0260487
0.0451749
0.0205681
0.0525504
0.0142937
0.0590384
0.00735187
0.0639453
0.0666459
0.00610583
-0.00767879
0.0120503
-0.00780842
0.0176942
-0.00806867
0.0229134
-0.00843823
0.027648
-0.00891779
0.0318511
-0.0094636
0.035521
-0.0100542
0.0386859
-0.0106518
0.041377
-0.011197
0.0436188
-0.0116158
0.0454737
-0.0118722
0.0469382
-0.0118675
0.04804
-0.0115189
0.0488603
-0.0107974
0.0493702
-0.00959099
0.0495915
-0.00786605
0.0495242
-0.00553591
0.0491572
-0.00251843
0.0484832
0.00125605
0.0474816
0.00586177
0.0461036
0.0113844
0.0442789
0.0178836
0.0419084
0.0253186
0.0388575
0.0336206
0.0349751
0.042613
0.0301023
0.0519494
0.0241081
0.0610799
0.0169543
0.069257
0.00879867
0.0755437
0.0790837
0.00603294
-0.00926152
0.0119089
-0.00938721
0.0174823
-0.00963562
0.0226561
-0.010004
0.0273379
-0.0104582
0.0315159
-0.0109958
0.0351957
-0.0115813
0.0383999
-0.0121745
0.0411549
-0.0127099
0.0435095
-0.0131324
0.0455035
-0.0133967
0.0471271
-0.0133569
0.0484628
-0.0130234
0.0495258
-0.0122988
0.0503463
-0.011081
0.0509108
-0.00928533
0.051227
-0.00683591
0.0512912
-0.00362712
0.0510938
0.000435777
0.0505943
0.00547149
0.0497459
0.0115832
0.0484426
0.0188947
0.0465487
0.027391
0.0438633
0.0370575
0.0401459
0.0477296
0.035128
0.0590347
0.0285723
0.0703248
0.0203634
0.0806695
0.0106834
0.0887914
0.0935234
0.00596234
-0.0110292
0.0117672
-0.0111458
0.0172844
-0.0113872
0.0223919
-0.0117284
0.0270446
-0.0121722
0.0312083
-0.0126874
0.0348847
-0.0132436
0.0381109
-0.0138167
0.0409264
-0.0143364
0.0433885
-0.0147651
0.0454901
-0.014995
0.047318
-0.014978
0.0488883
-0.014657
0.0502186
-0.0139352
0.0513573
-0.0127366
0.0522985
-0.0109156
0.0530483
-0.00839776
0.053599
-0.00504711
0.0539403
-0.000747423
0.0540477
0.00465173
0.0538434
0.0113191
0.0532155
0.0194174
0.0519623
0.0290176
0.049814
0.0401601
0.0464157
0.0527325
0.0413491
0.0663691
0.0342168
0.0803349
0.0247618
0.0935031
0.0131687
0.104115
0.110605
0.00589405
-0.0129793
0.0116396
-0.0130923
0.0170892
-0.0133108
0.0221558
-0.0136384
0.0267627
-0.0140485
0.0308961
-0.0145328
0.034574
-0.0150615
0.0378215
-0.0155988
0.040704
-0.0161088
0.0432446
-0.0165133
0.0454918
-0.0167347
0.0475047
-0.016741
0.0493072
-0.0164444
0.0509285
-0.0157537
0.05239
-0.0145817
0.0537297
-0.0127933
0.0549404
-0.0102565
0.0560356
-0.00683696
0.0570053
-0.00237689
0.0578164
0.00331863
0.0584025
0.0104661
0.0586143
0.0193141
0.0582128
0.0300191
0.0568362
0.0427288
0.0539884
0.0574272
0.0490506
0.0738132
0.0413878
0.0911037
0.0304934
0.107992
0.0164979
0.122048
0.131218
0.00583404
-0.0151109
0.0115158
-0.0152144
0.0169116
-0.0154142
0.021918
-0.0157122
0.0264899
-0.0160993
0.0305993
-0.0165449
0.0342774
-0.0170463
0.0375539
-0.0175476
0.0404867
-0.0180355
0.0431032
-0.0184046
0.0454877
-0.0186404
0.047677
-0.0186713
0.0497097
-0.0184171
0.0516166
-0.0177804
0.0534225
-0.0166662
0.0551713
-0.0149515
0.0568822
-0.0124673
0.0585693
-0.00905501
0.06024
-0.00452857
0.0618699
0.00136329
0.0633897
0.00889592
0.064654
0.0183948
0.0653605
0.0301687
0.0650635
0.0444893
0.0631008
0.0615162
0.0585918
0.0811061
0.050555
0.102517
0.0380636
0.12434
0.0210616
0.143242
0.156645
0.00577703
-0.0174143
0.0113991
-0.0175042
0.0167482
-0.017695
0.0217119
-0.0179609
0.0262411
-0.0183153
0.0303304
-0.0187307
0.0339985
-0.0191973
0.0373037
-0.0196795
0.040254
-0.0201073
0.0429643
-0.0204863
0.04547
-0.0207305
0.0478273
-0.0207978
0.0500819
-0.0206052
0.0522681
-0.0200469
0.0544227
-0.0190297
0.0565998
-0.0174411
0.0588288
-0.0150742
0.0611474
-0.0117578
0.0635853
-0.00727308
0.0661492
-0.00132632
0.0687722
0.00644812
0.0713047
0.0164606
0.0734346
0.0291747
0.0746201
0.0450683
0.0740166
0.0645583
0.0704233
0.0877978
0.0623673
0.114259
0.0482308
0.142639
0.0274758
0.168493
0.18879
0.00572508
-0.0198791
0.0112985
-0.0199584
0.016597
-0.0201369
0.0215178
-0.0203752
0.0260153
-0.0207019
0.0300838
-0.0210898
0.0337455
-0.0215243
0.0370402
-0.0219681
0.040042
-0.0223786
0.0428192
-0.0227589
0.0454347
-0.0230267
0.0479466
-0.0231451
0.0504074
-0.0230335
0.0528651
-0.0225869
0.0553699
-0.0217142
0.0579589
-0.0202827
0.0607195
-0.0181214
0.0637044
-0.0150036
0.0669866
-0.0107064
0.0705688
-0.00484475
0.0744551
0.00296394
0.0785171
0.0132587
0.0824309
0.0266919
0.0856015
0.0439838
0.0870111
0.0659244
0.0850921
0.0931582
0.0777079
0.125676
0.062188
0.162671
0.0368576
0.198675
0.230678
0.00567624
-0.022491
0.0112052
-0.0225644
0.0164578
-0.0227297
0.0213439
-0.0229509
0.02581
-0.0232516
0.0298454
-0.0236065
0.0335019
-0.0240311
0.0367965
-0.0244329
0.0398328
-0.0248488
0.042664
-0.0252335
0.0453723
-0.0255427
0.0480182
-0.0257285
0.0506713
-0.0257285
0.0533773
-0.0254199
0.0562053
-0.0247356
0.0592159
-0.0235274
0.0625208
-0.0216598
0.066187
-0.0188402
0.0703217
-0.0148616
0.0750285
-0.00931094
0.0803344
-0.00172439
0.0861612
0.00855209
0.0922596
0.0223238
0.0980276
0.0406316
0.102321
0.0647541
0.103209
0.0960693
0.0976955
0.135589
0.081447
0.183813
0.0503519
0.235021
0.286476
0.00563428
-0.0252383
0.0111224
-0.025308
0.0163346
-0.0254622
0.0211823
-0.0256704
0.025609
-0.025946
0.0296433
-0.026307
0.0332559
-0.0266784
0.0365562
-0.0270853
0.0396105
-0.0275132
0.0424904
-0.0279236
0.0452762
-0.0282894
0.0480392
-0.0285637
0.0508465
-0.0286901
0.0537793
-0.028566
0.056913
-0.0281194
0.0603349
-0.0272067
0.06413
-0.0256737
0.0684886
-0.023312
0.0735143
-0.0198055
0.07938
-0.0147884
0.0862088
-0.00773792
0.0940408
0.0020904
0.102732
0.0156556
0.111787
0.0343162
0.120082
0.0599228
0.125458
0.0948459
0.124177
0.141644
0.110519
0.202769
0.0738114
0.277426
0.366217
0.00559588
-0.0281055
0.0110449
-0.0281723
0.0162152
-0.0283157
0.0210232
-0.028517
0.0254298
-0.0287917
0.0294136
-0.0291333
0.0330195
-0.0294995
0.0363146
-0.0299158
0.0393807
-0.0303731
0.042288
-0.030822
0.0451264
-0.0312624
0.0479801
-0.0316516
0.0509288
-0.0319385
0.0540532
-0.0320278
0.0574447
-0.0318582
0.0612208
-0.0313047
0.065537
-0.030235
0.0705194
-0.0283885
0.0764263
-0.0255595
0.0834507
-0.021297
0.0918666
-0.01515
0.101849
-0.0062883
0.113468
0.00633649
0.12649
0.0243377
0.140026
0.0501688
0.151819
0.0875426
0.156147
0.142453
0.143937
0.220681
0.0993642
0.328156
0.472043
0.00555608
-0.0310724
0.0109673
-0.0311403
0.0161022
-0.0312787
0.0208783
-0.0314825
0.0252509
-0.031761
0.0291977
-0.0320882
0.0327816
-0.0324722
0.0360633
-0.0329139
0.0391175
-0.0334078
0.0420408
-0.033926
0.0449171
-0.0344618
0.0478327
-0.0349845
0.0508854
-0.0354632
0.0541605
-0.0357956
0.0577761
-0.0359529
0.0618678
-0.0358192
0.0665944
-0.0352687
0.0721948
-0.0340991
0.0788968
-0.0320717
0.0870458
-0.0288381
0.0969977
-0.0239502
0.109167
-0.0166515
0.123943
-0.00589204
0.141594
0.00999974
0.162063
0.0337698
0.185004
0.0693968
0.207044
0.125892
0.222174
0.211656
0.178157
0.378831
0.65728
0.00552033
-0.0341247
0.0108928
-0.0341929
0.0159895
-0.0343313
0.0207324
-0.0345492
0.0250556
-0.034824
0.0289725
-0.0351664
0.0325276
-0.0355804
0.0357858
-0.036064
0.0388252
-0.0366133
0.041743
-0.0372178
0.0446319
-0.0378715
0.0475855
-0.0385528
0.0506954
-0.0392369
0.0540833
-0.0398557
0.057866
-0.0403737
0.0622015
-0.0407069
0.0672828
-0.0407474
0.0733739
-0.0403424
0.0807999
-0.0392944
0.0899493
-0.0373078
0.101303
-0.0340269
0.115488
-0.0288594
0.133262
-0.0209256
0.15549
-0.008705
0.182795
0.0107621
0.215282
0.0419498
0.247106
0.0998141
0.27327
0.191944
0.224529
0.434737
0.88965
0.00438803
-0.0366131
0.00865938
-0.0366848
0.0127126
-0.0368293
0.0164693
-0.0370502
0.0198984
-0.0373373
0.0230077
-0.0377056
0.0258241
-0.0381497
0.028405
-0.0386786
0.0308146
-0.0392857
0.0331315
-0.0399722
0.0354333
-0.0407346
0.037799
-0.041558
0.0403084
-0.0424238
0.0430619
-0.0432871
0.0461655
-0.0441152
0.049757
-0.0448475
0.0540076
-0.0453954
0.0591556
-0.0456569
0.0654665
-0.0454477
0.0733351
-0.0445959
0.0832466
-0.0428438
0.0958298
-0.0397619
0.111997
-0.0347894
0.133167
-0.0269351
0.161806
-0.0143268
0.201929
0.00597574
0.263704
0.0427682
0.358325
0.102669
0.554144
0.245005
0.524476
0.926421
0.00436151
-0.0391333
0.00860825
-0.039212
0.0126335
-0.0393625
0.0163618
-0.039591
0.0197663
-0.0399009
0.0228452
-0.0402973
0.0256329
-0.0407824
0.0281823
-0.0413637
0.0305658
-0.0420434
0.0328582
-0.0428227
0.0351399
-0.0437049
0.0374915
-0.044681
0.0399982
-0.0457405
0.0427665
-0.0468615
0.045907
-0.0480113
0.0495661
-0.0491558
0.0539298
-0.0502324
0.0592306
-0.0511701
0.065789
-0.0518609
0.0740042
-0.0522089
0.0843933
-0.0520874
0.0976963
-0.0513155
0.114981
-0.0496973
0.137872
-0.0468256
0.169081
-0.0419331
0.213123
-0.0338904
0.279991
-0.0193404
0.384349
0.00367804
0.584818
0.050751
0.139358
0.977277
0.00433546
-0.0416779
0.00855382
-0.041763
0.0125463
-0.0419188
0.0162478
-0.0421661
0.0196219
-0.042502
0.0226692
-0.0429339
0.025423
-0.0434672
0.0279381
-0.0441107
0.0302849
-0.044871
0.0325413
-0.0457533
0.0347883
-0.046765
0.0371109
-0.0479048
0.039598
-0.049169
0.0423523
-0.0505496
0.0454971
-0.0520294
0.0491816
-0.0535901
0.0535976
-0.055198
0.0589883
-0.0568201
0.0656737
-0.0584165
0.0740594
-0.0599785
0.0846857
-0.0615308
0.0983189
-0.06315
0.116093
-0.065044
0.139883
-0.0675819
0.173137
-0.0715746
0.221662
-0.0782498
0.298206
-0.0911483
0.419633
-0.112326
0.629938
-0.153346
-0.239197
1.01583
0.00430738
-0.0442377
0.00849214
-0.0443257
0.012457
-0.0444963
0.0161254
-0.0447625
0.0194654
-0.0451305
0.0224758
-0.0456037
0.0251901
-0.0461923
0.0276633
-0.0469062
0.0299659
-0.0477554
0.0321769
-0.0487495
0.0343779
-0.0498985
0.0366549
-0.051208
0.0391004
-0.0526829
0.0418182
-0.0543247
0.0449346
-0.0561326
0.0486013
-0.0581025
0.0530118
-0.0602298
0.0584089
-0.0625198
0.0651043
-0.0649962
0.073491
-0.0677381
0.0840856
-0.0709149
0.0976059
-0.074839
0.11511
-0.0800966
0.138279
-0.0877126
0.169924
-0.0996382
0.214569
-0.118803
0.282097
-0.15406
0.387543
-0.212547
0.593119
-0.352912
-0.625636
0.986685
0.0042748
-0.0468017
0.00842749
-0.0468951
0.0123605
-0.0470847
0.0159922
-0.0473707
0.019294
-0.0477767
0.0222628
-0.0482962
0.0249321
-0.0489464
0.0273567
-0.0497376
0.0296072
-0.0506826
0.0317625
-0.0517948
0.0339053
-0.0530868
0.0361221
-0.0545696
0.0385071
-0.0562562
0.0411647
-0.0581553
0.0442221
-0.0602815
0.047831
-0.062644
0.0521812
-0.0652642
0.0575071
-0.0681834
0.0641007
-0.0714828
0.0723217
-0.0753203
0.0826282
-0.0799893
0.095632
-0.0859936
0.112207
-0.0942198
0.13371
-0.106206
0.162528
-0.124948
0.202752
-0.155067
0.265007
-0.211905
0.360534
-0.303146
0.560433
-0.547207
0.950235
-1.00878
0.88594
0.0457396
0.919977
-0.0282188
0.95439
-0.0281034
0.979235
-0.0181334
0.994946
-0.00870364
1.00608
-0.00393245
1.01517
-0.00181128
1.02326
-0.000837942
1.03079
-0.000398098
1.0379
-0.000193145
1.04461
-9.56247e-05
1.05092
-4.79015e-05
1.05679
-2.44171e-05
1.06219
-1.26361e-05
1.06712
-6.58867e-06
1.07154
-3.39895e-06
1.07547
-1.63714e-06
1.0789
-6.39508e-07
1.08183
-7.91208e-08
1.08429
1.62958e-07
1.08629
2.76224e-07
1.08782
2.90082e-07
1.08891
2.50296e-07
1.08956
1.66196e-07
7.48661e-08
1.04951
-0.021244
1.04051
-0.0133898
1.02403
-0.00531257
1.01423
-0.00163074
1.01222
0.000309384
1.01465
0.000830299
1.01946
0.000666539
1.02545
0.000424034
1.03193
0.000254556
1.0385
0.000145531
1.04495
8.03076e-05
1.05111
4.32279e-05
1.05691
2.26579e-05
1.06228
1.16802e-05
1.06719
5.99792e-06
1.0716
3.14625e-06
1.07552
1.82806e-06
1.07895
1.26095e-06
1.08189
1.01253e-06
1.08435
8.5829e-07
1.08634
7.24181e-07
1.08787
5.82007e-07
1.08896
4.22036e-07
1.08961
2.49667e-07
8.83952e-08
0.995435
0.00443454
0.983367
0.00450253
0.98213
0.00223363
0.987352
-0.000145046
0.99624
-0.00157031
1.00564
-0.0013718
1.01452
-0.0009357
1.02276
-0.000564488
1.03048
-0.000330495
1.03773
-0.000188165
1.04454
-0.000105541
1.0509
-5.86816e-05
1.0568
-3.23217e-05
1.06222
-1.77649e-05
1.06716
-9.68272e-06
1.07159
-5.08284e-06
1.07552
-2.4667e-06
1.07895
-9.64736e-07
1.08189
-1.16285e-07
1.08434
2.1205e-07
1.08634
3.58059e-07
1.08787
3.61545e-07
1.08896
2.81676e-07
1.08961
1.77897e-07
5.328e-08
1.05787
-0.0615729
1.04611
0.0220575
1.02754
0.0270935
1.01609
0.0179967
1.01295
0.00856836
1.01498
0.0037919
1.01961
0.00170723
1.02552
0.000774285
1.03196
0.000359331
1.03852
0.000169747
1.04496
8.09475e-05
1.05112
3.86398e-05
1.05692
1.85456e-05
1.06229
8.89716e-06
1.06719
4.29303e-06
1.0716
2.17778e-06
1.07552
1.21926e-06
1.07895
8.02256e-07
1.08189
6.1819e-07
1.08435
4.8559e-07
1.08634
3.83595e-07
1.08787
2.88971e-07
1.08896
1.82142e-07
1.08961
9.4185e-08
1.10604e-08
0.89389
0.921727
0.955104
0.979794
0.995358
1.00634
1.01532
1.02335
1.03084
1.03792
1.04463
1.05093
1.05679
1.0622
1.06712
1.07154
1.07547
1.0789
1.08184
1.08429
1.08629
1.08782
1.08891
1.08956
0.00535037
-0.0500352
0.0105459
-0.050138
0.0154611
-0.0503548
0.019993
-0.0506713
0.0241022
-0.0511299
0.0277858
-0.0517152
0.0310848
-0.0524507
0.0340684
-0.0533472
0.0368251
-0.054421
0.0394545
-0.0556885
0.0420613
-0.0571648
0.0447558
-0.0588672
0.0476568
-0.0608153
0.0508976
-0.0630271
0.0546352
-0.0655299
0.0590581
-0.0683502
0.0643947
-0.0715359
0.0709181
-0.0751674
0.0789551
-0.0793855
0.0888894
-0.0844265
0.101177
-0.0906945
0.116368
-0.0988401
0.135141
-0.109924
0.158305
-0.125655
0.186522
-0.148896
0.220192
-0.183992
0.252951
-0.239471
0.28006
-0.324579
0.230074
-0.490985
-0.771865
0.00528867
-0.0532465
0.0104224
-0.0533621
0.0152688
-0.0536058
0.0197336
-0.0539642
0.0237631
-0.0544746
0.0273626
-0.0551348
0.0305686
-0.0559613
0.0334502
-0.0569695
0.0360955
-0.0581768
0.0386032
-0.0596018
0.0410778
-0.0612611
0.0436295
-0.0631759
0.0463756
-0.0653698
0.0494492
-0.0678687
0.0530001
-0.0707055
0.0572082
-0.0739231
0.0622807
-0.0775879
0.0684547
-0.0818099
0.0759959
-0.0867718
0.0851909
-0.09276
0.096339
-0.100235
0.109741
-0.109903
0.12567
-0.122848
0.144309
-0.140723
0.16553
-0.166089
0.188711
-0.202785
0.210792
-0.256865
0.225681
-0.334488
0.181238
-0.44126
-0.585054
0.00521967
-0.0564204
0.0102837
-0.0565516
0.0150534
-0.0568223
0.0194429
-0.0572335
0.0233818
-0.0577923
0.0268874
-0.0585374
0.0299886
-0.0594577
0.0327557
-0.0605811
0.0352756
-0.0619231
0.0376462
-0.0635031
0.0399713
-0.0653377
0.0423601
-0.0674504
0.0449283
-0.0698656
0.0478052
-0.0726145
0.0511341
-0.0757319
0.0550793
-0.0792717
0.0598231
-0.083314
0.06556
-0.087988
0.0724892
-0.0935003
0.0807987
-0.100161
0.0906377
-0.108441
0.102082
-0.119027
0.115065
-0.132908
0.129226
-0.151485
0.14357
-0.176684
0.15576
-0.210988
0.160159
-0.257114
0.14734
-0.317389
0.101458
-0.390969
-0.479054
0.00514219
-0.0595427
0.0101268
-0.0596913
0.0148132
-0.0599918
0.019112
-0.0604583
0.0229578
-0.0610744
0.0263566
-0.0619033
0.029343
-0.0629217
0.0319843
-0.0641607
0.0343668
-0.0656348
0.0365878
-0.0673622
0.0387502
-0.0693588
0.040962
-0.0716473
0.0433367
-0.0742514
0.0459979
-0.077203
0.049081
-0.0805389
0.0527314
-0.0843165
0.0571036
-0.0886272
0.0623479
-0.0936091
0.068598
-0.0994775
0.075951
-0.106545
0.0844281
-0.115256
0.0939304
-0.126233
0.104156
-0.140309
0.11445
-0.158567
0.123552
-0.182328
0.129203
-0.21306
0.127559
-0.251856
0.112983
-0.299198
0.0751421
-0.34951
-0.400272
0.00505529
-0.0626011
0.0099507
-0.062768
0.0145461
-0.0631033
0.0187418
-0.0636222
0.0224893
-0.0643113
0.025769
-0.0652147
0.0286316
-0.0663373
0.0311374
-0.0676885
0.0333735
-0.0692883
0.035436
-0.0711507
0.0374277
-0.0732899
0.0394546
-0.0757255
0.041628
-0.0784787
0.0440647
-0.0815793
0.0468894
-0.0850643
0.0502291
-0.088993
0.0542074
-0.0934617
0.0589327
-0.0986118
0.0644802
-0.104655
0.0708683
-0.11189
0.0780203
-0.120715
0.0857146
-0.13166
0.0935093
-0.145384
0.100621
-0.162657
0.105764
-0.184303
0.106917
-0.211028
0.101064
-0.242887
0.0839946
-0.279117
0.0517561
-0.314351
-0.345638
0.00495823
-0.0655845
0.00975433
-0.0657709
0.0142482
-0.0661449
0.0183347
-0.0667169
0.0219713
-0.0674873
0.0251244
-0.0684592
0.0278558
-0.0696896
0.0302189
-0.0711461
0.0323026
-0.0728618
0.0342022
-0.0748419
0.0360204
-0.0770989
0.0378614
-0.0796467
0.0398334
-0.0825035
0.0420459
-0.0856949
0.0446111
-0.0892575
0.0476369
-0.0932518
0.0512167
-0.0977732
0.0554209
-0.102964
0.0602746
-0.109023
0.0657348
-0.116224
0.0716556
-0.124911
0.0777413
-0.135514
0.0834893
-0.148523
0.0881074
-0.164449
0.0904266
-0.183734
0.088794
-0.206575
0.0810731
-0.232499
0.0646934
-0.260251
0.0381598
-0.285486
-0.305231
0.00485002
-0.0684838
0.00953673
-0.0686913
0.0139182
-0.0691064
0.0178865
-0.0697332
0.0213968
-0.0705847
0.0244262
-0.0716349
0.0270173
-0.0729608
0.0292344
-0.0745172
0.0311637
-0.076334
0.0329011
-0.0784105
0.0345487
-0.0807551
0.0362092
-0.0833755
0.0379868
-0.0862865
0.0399831
-0.0895089
0.0422966
-0.0930791
0.0450154
-0.0970579
0.0482063
-0.101538
0.0519051
-0.106657
0.0560972
-0.112601
0.0606949
-0.11961
0.0655095
-0.127974
0.0702113
-0.138026
0.0742918
-0.150114
0.0770166
-0.16454
0.0773871
-0.181482
0.0741206
-0.200821
0.0657534
-0.221858
0.0507708
-0.243229
0.0288096
-0.261681
-0.274688
0.00473024
-0.071292
0.00929643
-0.0715222
0.0135541
-0.0719793
0.0174002
-0.0726674
0.0207709
-0.0735879
0.0236804
-0.0747393
0.0261203
-0.0761295
0.0281926
-0.0777863
0.0299694
-0.0796838
0.0315501
-0.0818314
0.0330356
-0.0842294
0.034527
-0.0868798
0.036123
-0.0897937
0.037917
-0.0929888
0.0399931
-0.0965012
0.0424198
-0.100391
0.0452407
-0.104749
0.0484618
-0.109705
0.0520386
-0.11543
0.0558544
-0.122132
0.0596983
-0.130048
0.0632366
-0.139428
0.0659895
-0.150502
0.0673113
-0.163422
0.0663852
-0.178183
0.0622521
-0.194498
0.0539407
-0.211609
0.0406248
-0.228241
0.0224172
-0.242021
-0.250942
0.00459815
-0.074004
0.00902968
-0.0742555
0.0131539
-0.0747578
0.0168632
-0.0755063
0.0201049
-0.0765043
0.0228681
-0.0777381
0.0251746
-0.0791994
0.0271022
-0.0809328
0.0287344
-0.082891
0.0301689
-0.0850801
0.031506
-0.0874942
0.0328441
-0.0901306
0.034276
-0.0929972
0.0358856
-0.0961103
0.0377427
-0.0995062
0.0398975
-0.103244
0.0423725
-0.107414
0.04515
-0.112137
0.0481646
-0.117569
0.051283
-0.123888
0.0542885
-0.131283
0.0568633
-0.139936
0.0585755
-0.149985
0.0588781
-0.161475
0.0571237
-0.17429
0.0526139
-0.188062
0.044722
-0.202062
0.0330383
-0.215179
0.0178573
-0.225689
-0.232061
0.00445173
-0.0766147
0.00873915
-0.0768897
0.0127195
-0.0774367
0.0162904
-0.0782485
0.0193871
-0.0793131
0.0220087
-0.0806246
0.0241912
-0.0821611
0.0259759
-0.0839323
0.0274762
-0.0859346
0.0287791
-0.0881315
0.0299853
-0.0905236
0.0311896
-0.0931029
0.0324776
-0.0958748
0.0339228
-0.098857
0.0355816
-0.102086
0.0374865
-0.105623
0.0396415
-0.109555
0.0420123
-0.113995
0.0445183
-0.119087
0.0470202
-0.124979
0.0493083
-0.131822
0.0510919
-0.139742
0.051996
-0.148807
0.0515706
-0.158991
0.0493146
-0.170114
0.044731
-0.181783
0.0374275
-0.193335
0.0272366
-0.203837
0.0145015
-0.212025
-0.216754
0.00429294
-0.0791227
0.00842551
-0.0794229
0.0122527
-0.0800113
0.0156709
-0.0808789
0.0186272
-0.0820108
0.021114
-0.0833895
0.0231683
-0.0849863
0.0248302
-0.0867728
0.0262126
-0.0887902
0.0274028
-0.0909616
0.0284988
-0.0932936
0.0295905
-0.0957746
0.0307559
-0.0984101
0.0320578
-0.101219
0.0335385
-0.104242
0.0352154
-0.107541
0.0370763
-0.111202
0.0390755
-0.115332
0.041123
-0.120058
0.0430822
-0.125508
0.0447581
-0.131799
0.0458939
-0.139012
0.0461737
-0.147167
0.0452355
-0.156188
0.0427007
-0.165865
0.0382231
-0.175812
0.031567
-0.185443
0.0226995
-0.193987
0.0119538
-0.200501
-0.204137
0.00412178
-0.0815267
0.00808321
-0.081847
0.0117489
-0.0824764
0.015022
-0.0834014
0.0178373
-0.0845847
0.0201899
-0.0860124
0.0221191
-0.0876483
0.023687
-0.0894457
0.0249623
-0.091426
0.0260623
-0.0935476
0.0270702
-0.0957819
0.0280714
-0.0981282
0.0291352
-0.100591
0.0303133
-0.103195
0.0316346
-0.105983
0.0331029
-0.109021
0.0346934
-0.112393
0.0363523
-0.116202
0.0379866
-0.120559
0.0394674
-0.125575
0.04062
-0.131334
0.0412245
-0.137888
0.0410218
-0.14522
0.039728
-0.153225
0.0370634
-0.161681
0.0327932
-0.170225
0.0267848
-0.178348
0.0190751
-0.185413
0.0099632
-0.190706
-0.19359
0.00393725
-0.083823
0.00772306
-0.084164
0.0112172
-0.0848224
0.0143304
-0.0857935
0.017011
-0.0870242
0.0192441
-0.0884812
0.0210604
-0.0901235
0.0225499
-0.0919245
0.0237463
-0.0938242
0.0247778
-0.0958652
0.0257207
-0.0979693
0.0266527
-0.100149
0.0276342
-0.102412
0.0287055
-0.104788
0.029883
-0.107326
0.0311587
-0.110093
0.0324988
-0.113175
0.0338437
-0.116667
0.0351044
-0.120667
0.0361615
-0.12527
0.0368645
-0.130537
0.0370307
-0.13649
0.0364539
-0.143091
0.0349172
-0.150219
0.0322204
-0.157651
0.0282099
-0.165056
0.0228203
-0.17199
0.0161205
-0.177928
0.00836729
-0.182314
-0.184667
0.00374174
-0.0860068
0.00733774
-0.0863623
0.0106664
-0.0870514
0.0136186
-0.088041
0.0161649
-0.0893064
0.0182885
-0.0907731
0.020018
-0.0923975
0.0214322
-0.0941665
0.0225931
-0.095981
0.0235672
-0.0978807
0.0244685
-0.0998403
0.0253503
-0.101828
0.0262658
-0.103874
0.0272435
-0.106011
0.0282888
-0.108295
0.029384
-0.110796
0.0304891
-0.113598
0.0315428
-0.11679
0.0324626
-0.120459
0.033142
-0.12468
0.033456
-0.129499
0.033258
-0.134916
0.0323889
-0.140877
0.0306896
-0.147253
0.0280226
-0.15383
0.024294
-0.160307
0.0194814
-0.1663
0.0136646
-0.17137
0.00705657
-0.175075
-0.177041
0.00353889
-0.0880707
0.00694084
-0.088434
0.0100903
-0.089139
0.0128989
-0.0901419
0.0153168
-0.0914083
0.0173421
-0.0928617
0.0190089
-0.0944504
0.0203588
-0.0961355
0.0214983
-0.0978638
0.0224501
-0.0995871
0.0233264
-0.101379
0.0241745
-0.10316
0.0250363
-0.104982
0.0259293
-0.106882
0.0268496
-0.108921
0.0277723
-0.111171
0.028654
-0.113714
0.029435
-0.116633
0.0300414
-0.120003
0.030382
-0.123882
0.0303567
-0.128302
0.029853
-0.133247
0.028754
-0.138652
0.0269487
-0.144387
0.0243496
-0.15025
0.0209071
-0.15597
0.016626
-0.161211
0.0115853
-0.165605
0.00595627
-0.168789
-0.170466
0.00333144
-0.0900004
0.0065362
-0.0903626
0.00951075
-0.0910698
0.0121721
-0.0920647
0.0144759
-0.0933081
0.0164221
-0.0947232
0.0180366
-0.0962455
0.0193676
-0.0978292
0.0204748
-0.099418
0.0214534
-0.100998
0.0223016
-0.102558
0.02313
-0.104151
0.0239449
-0.105751
0.0247577
-0.107426
0.0255563
-0.10924
0.0263111
-0.111264
0.0269779
-0.113578
0.0275015
-0.116256
0.0278173
-0.119363
0.0278525
-0.122943
0.0275291
-0.127013
0.0267668
-0.131546
0.0254852
-0.136471
0.0236139
-0.141661
0.0211052
-0.146927
0.0179427
-0.152025
0.0141487
-0.156662
0.00979507
-0.160521
0.00501464
-0.1633
-0.164757
0.00312247
-0.0917716
0.00613346
-0.0921263
0.00893525
-0.0928159
0.011459
-0.0937829
0.0136646
-0.0949796
0.0155425
-0.0963225
0.0171206
-0.0977519
0.0184436
-0.0992148
0.0195577
-0.100646
0.0205336
-0.102059
0.0214065
-0.103419
0.0222116
-0.104801
0.0229845
-0.106203
0.0237174
-0.107676
0.0243943
-0.109292
0.0249831
-0.111124
0.0254415
-0.113244
0.0257205
-0.115718
0.0257666
-0.118599
0.0255245
-0.121921
0.024938
-0.125687
0.0239554
-0.129864
0.0225278
-0.134376
0.0206186
-0.139101
0.0182127
-0.143867
0.0153192
-0.148452
0.0119714
-0.152596
0.00823098
-0.156025
0.00419562
-0.158482
-0.159764
0.00291733
-0.0933506
0.00573759
-0.0936886
0.00837625
-0.0943446
0.0107743
-0.095263
0.0128895
-0.0963835
0.0147145
-0.0976282
0.0162789
-0.0989484
0.0175975
-0.100259
0.0187306
-0.101534
0.019731
-0.102783
0.0206278
-0.103962
0.0214135
-0.105129
0.0221419
-0.106366
0.0227919
-0.107667
0.0233449
-0.109122
0.0237682
-0.110798
0.0240237
-0.112761
0.0240698
-0.115069
0.0238652
-0.117763
0.0233707
-0.120865
0.0225516
-0.12437
0.0213802
-0.128239
0.0198352
-0.132396
0.0179082
-0.136726
0.0156112
-0.14107
0.0129739
-0.145226
0.0100364
-0.148962
0.00684808
-0.152037
0.00347411
-0.15423
-0.155371
0.00272052
-0.0946912
0.00536172
-0.0950067
0.00784735
-0.0956115
0.0101323
-0.0964645
0.0121691
-0.0974812
0.0139632
-0.0986164
0.0155142
-0.0997972
0.0168509
-0.100956
0.0180259
-0.102089
0.0190385
-0.103157
0.0199383
-0.10418
0.0207357
-0.105194
0.0213975
-0.106254
0.0219613
-0.10744
0.0223865
-0.108773
0.0226446
-0.110332
0.0227026
-0.112177
0.0225276
-0.114355
0.0220903
-0.116896
0.0213667
-0.119815
0.0203415
-0.123097
0.0190079
-0.1267
0.0173681
-0.130552
0.0154379
-0.134544
0.013253
-0.13853
0.0108603
-0.142322
0.00830259
-0.14571
0.00561463
-0.148486
0.00283266
-0.15046
-0.151484
0.00253937
-0.0957394
0.00501362
-0.0960244
0.00736518
-0.096571
0.00954488
-0.0973357
0.011519
-0.0982365
0.013288
-0.0992508
0.0148405
-0.100282
0.0162108
-0.101304
0.0174004
-0.10228
0.0184322
-0.103199
0.0193408
-0.104103
0.0201153
-0.104996
0.0207379
-0.105938
0.0212009
-0.107027
0.0214964
-0.108287
0.0215902
-0.10977
0.0214573
-0.111533
0.0210735
-0.113615
0.0204212
-0.116037
0.0194906
-0.118803
0.0182831
-0.121895
0.0168101
-0.125271
0.0150938
-0.12886
0.0131722
-0.13256
0.0111028
-0.136233
0.00894527
-0.139705
0.00674018
-0.142794
0.00450773
-0.145315
0.00225867
-0.147103
-0.148028
0.00237729
-0.0964322
0.00470344
-0.0966823
0.00693094
-0.0971614
0.00901229
-0.0978215
0.0109399
-0.0986155
0.0126928
-0.0995037
0.0142513
-0.100387
0.0156464
-0.101288
0.0168546
-0.10212
0.0179216
-0.102947
0.0188183
-0.103743
0.0195556
-0.104561
0.0201349
-0.105457
0.0204888
-0.106462
0.0206517
-0.107702
0.0205838
-0.109145
0.0202679
-0.110863
0.0196888
-0.11288
0.0188396
-0.11521
0.0177232
-0.117853
0.0163549
-0.120785
0.0147626
-0.123965
0.0129863
-0.127324
0.0110855
-0.130766
0.009136
-0.134157
0.00720406
-0.137348
0.00532688
-0.14018
0.00351217
-0.142482
0.00174464
-0.144101
-0.144933
0.0022346
-0.0967019
0.00442884
-0.0969146
0.00654457
-0.0973223
0.00855536
-0.0978895
0.0104458
-0.0985824
0.0121685
-0.0993324
0.0137492
-0.100115
0.0151446
-0.100888
0.0163928
-0.101648
0.0174548
-0.102389
0.0183349
-0.103132
0.0190392
-0.103933
0.01953
-0.104805
0.0198205
-0.105828
0.0198281
-0.107025
0.0196059
-0.108491
0.0191166
-0.110191
0.0183571
-0.112172
0.0173294
-0.114437
0.0160475
-0.116979
0.0145389
-0.119777
0.0128463
-0.122786
0.0110273
-0.125941
0.00916066
-0.129146
0.0073329
-0.132284
0.00561643
-0.135233
0.0040524
-0.137847
0.00260963
-0.13993
0.00127111
-0.141393
-0.142153
0.00210923
-0.0964823
0.00419013
-0.0966619
0.00621766
-0.0970094
0.00817092
-0.097499
0.0100107
-0.0980867
0.0117217
-0.0987355
0.0133052
-0.0994433
0.014709
-0.100122
0.0159644
-0.100854
0.0170082
-0.101543
0.017883
-0.102315
0.0185243
-0.103116
0.0189413
-0.104029
0.0191138
-0.105096
0.0190175
-0.106326
0.0186367
-0.10781
0.0179875
-0.109533
0.0170637
-0.111502
0.0158764
-0.113723
0.0144493
-0.116187
0.0128208
-0.118869
0.0110476
-0.121727
0.0092043
-0.124695
0.00738271
-0.127688
0.00567387
-0.130603
0.00418368
-0.133362
0.00285535
-0.135702
0.00176052
-0.137626
0.000832856
-0.138954
-0.139644
0.002006
-0.0957235
0.00399499
-0.095879
0.00594624
-0.0961787
0.00783098
-0.0965975
0.00962914
-0.0971121
0.0113351
-0.0977106
0.012891
-0.098348
0.0143135
-0.0990182
0.0155399
-0.0997279
0.0165891
-0.100462
0.0174077
-0.10127
0.0179854
-0.102136
0.0183245
-0.103143
0.0183868
-0.104285
0.0181841
-0.105605
0.0176645
-0.107118
0.0168667
-0.108886
0.0157964
-0.110868
0.0144692
-0.113065
0.0129174
-0.115467
0.0111898
-0.11805
0.00935629
-0.120773
0.00750479
-0.123575
0.00573474
-0.12638
0.00417016
-0.129123
0.00281195
-0.131615
0.00176237
-0.133783
0.000985746
-0.135519
0.000437566
-0.136741
-0.137364
0.00191912
-0.0943912
0.00382444
-0.0945282
0.00569703
-0.0947912
0.00752807
-0.095176
0.00929965
-0.0956633
0.0109672
-0.0962269
0.0125076
-0.0968546
0.0139106
-0.0975599
0.015111
-0.0982961
0.01613
-0.0991334
0.0168872
-0.100011
0.0174198
-0.101021
0.0176638
-0.102133
0.0176235
-0.103396
0.0172954
-0.104828
0.0166847
-0.10644
0.0157429
-0.108227
0.0145449
-0.110256
0.0130985
-0.112445
0.011443
-0.114801
0.00963748
-0.117302
0.007762
-0.119906
0.00591461
-0.122561
0.00422178
-0.125218
0.00273084
-0.127739
0.00155573
-0.130019
0.000759591
-0.132015
0.000289797
-0.133593
6.71499e-05
-0.134708
-0.135278
0.00183802
-0.0924698
0.00366806
-0.0926003
0.00548195
-0.0928566
0.00726085
-0.0932347
0.00897322
-0.0937156
0.0105963
-0.0942942
0.0121175
-0.0949805
0.0134669
-0.0957357
0.0146522
-0.0965909
0.0155988
-0.0975308
0.0163219
-0.0985723
0.0167618
-0.0997225
0.0169298
-0.101005
0.0167981
-0.102416
0.0163667
-0.103984
0.0156344
-0.105705
0.0146239
-0.107584
0.0132991
-0.109615
0.011757
-0.111835
0.0100182
-0.114158
0.00815505
-0.116593
0.00625466
-0.119096
0.00442987
-0.121627
0.00277518
-0.124114
0.0013864
-0.126436
0.000421106
-0.128547
-0.000181005
-0.130362
-0.000371337
-0.131808
-0.000266288
-0.132816
-0.133331
0.00176646
-0.0899814
0.0035268
-0.0901163
0.0052695
-0.0903821
0.00697364
-0.0907754
0.00863177
-0.0913016
0.0102187
-0.0919508
0.0116755
-0.0927101
0.0129877
-0.0935871
0.014113
-0.0945856
0.0150085
-0.0956829
0.0156595
-0.0969118
0.0160348
-0.0982501
0.0161086
-0.0997106
0.0158988
-0.101316
0.015372
-0.10303
0.0145476
-0.104883
0.0134417
-0.106867
0.0120714
-0.108961
0.0104375
-0.111172
0.00863687
-0.113492
0.00673557
-0.115879
0.00482992
-0.118301
0.00302822
-0.120714
0.00141791
-0.123028
0.000163034
-0.125186
-0.000664945
-0.127131
-0.00102655
-0.128792
-0.000959478
-0.130103
-0.000568082
-0.131009
-0.131471
0.00168742
-0.0869684
0.00336891
-0.0871177
0.00503498
-0.0874136
0.00667939
-0.0878636
0.00827214
-0.0884589
0.00977834
-0.0891974
0.0111687
-0.0900794
0.0124226
-0.0911219
0.0134637
-0.0922723
0.0143075
-0.0935911
0.0148756
-0.0950055
0.0151889
-0.0965789
0.0151984
-0.0982376
0.0148973
-0.100029
0.0143025
-0.101927
0.0134054
-0.103923
0.0122259
-0.10602
0.0107916
-0.108197
0.00913254
-0.110443
0.00730307
-0.112757
0.00538076
-0.115099
0.00347185
-0.117449
0.00168655
-0.119749
0.000162883
-0.121916
-0.000972137
-0.123934
-0.00163371
-0.125721
-0.00178854
-0.127234
-0.00148673
-0.128414
-0.000837762
-0.129224
-0.129635
0.00160421
-0.0835121
0.00320344
-0.0836849
0.00478675
-0.0840254
0.00634183
-0.0845451
0.00783617
-0.0852236
0.00926412
-0.0860969
0.0105868
-0.0871356
0.0117393
-0.0883307
0.0127283
-0.0897007
0.0134807
-0.0912162
0.0139941
-0.0928653
0.014212
-0.0946415
0.0141643
-0.0965437
0.0138085
-0.0985292
0.0131525
-0.100609
0.0121992
-0.102758
0.0109676
-0.104979
0.00948321
-0.107245
0.00779309
-0.109549
0.00594762
-0.111874
0.00403043
-0.114193
0.00214831
-0.116481
0.000428927
-0.118668
-0.00100895
-0.120725
-0.00201615
-0.122603
-0.00251255
-0.124244
-0.00247595
-0.125614
-0.0019586
-0.126669
-0.00107781
-0.127387
-0.127749
0.00150659
-0.0797125
0.00300539
-0.0799112
0.00448433
-0.0803014
0.00593751
-0.0809047
0.00734871
-0.0816986
0.00867958
-0.0827051
0.00988868
-0.0838914
0.0109653
-0.0852809
0.0118618
-0.0868539
0.0125306
-0.0885707
0.0129713
-0.0904587
0.01314
-0.0924512
0.0130215
-0.0945655
0.0126108
-0.0967532
0.0119123
-0.0990211
0.0109245
-0.101326
0.009661
-0.103674
0.00815477
-0.10604
0.00644932
-0.108408
0.00460538
-0.110762
0.00271306
-0.113072
0.000866282
-0.115303
-0.000782489
-0.11741
-0.00210393
-0.119364
-0.00297437
-0.121113
-0.00330818
-0.122616
-0.00309093
-0.123847
-0.00237687
-0.124783
-0.00128966
-0.125411
-0.125726
0.00139113
-0.0756861
0.00277494
-0.0759125
0.00414785
-0.0763634
0.00548825
-0.077046
0.00677811
-0.0779483
0.00798184
-0.0790787
0.00909431
-0.0804332
0.010071
-0.0820005
0.0108531
-0.0837434
0.0114586
-0.0856877
0.0118068
-0.0877594
0.0119216
-0.08998
0.0117595
-0.0922903
0.0113111
-0.0946652
0.0105734
-0.0971027
0.00957157
-0.0995724
0.00829971
-0.102043
0.00679073
-0.104509
0.00509303
-0.106948
0.00327127
-0.109337
0.00141223
-0.111649
-0.000359406
-0.113842
-0.00191616
-0.115884
-0.00311905
-0.117741
-0.00384818
-0.119369
-0.00402407
-0.120739
-0.00363603
-0.121838
-0.00274407
-0.12266
-0.00147435
-0.123201
-0.123473
0.0012644
-0.0715645
0.0025203
-0.0718151
0.00376004
-0.072317
0.00496283
-0.0730677
0.00611986
-0.0740721
0.00721118
-0.075328
0.00820514
-0.0768191
0.00904809
-0.0785188
0.00975746
-0.0804549
0.0102576
-0.0825522
0.010553
-0.0848166
0.0105949
-0.0872034
0.0103796
-0.0896872
0.00990771
-0.0922425
0.00916464
-0.094837
0.00814411
-0.0974328
0.00688061
-0.100034
0.00538639
-0.102589
0.00371552
-0.105101
0.00193932
-0.107531
0.000146104
-0.109847
-0.00154246
-0.112015
-0.00299191
-0.113997
-0.00406339
-0.115763
-0.00464497
-0.117275
-0.00466521
-0.118518
-0.00411547
-0.119494
-0.00306404
-0.120202
-0.00163308
-0.120664
-0.120891
0.0011179
-0.0674688
0.00222692
-0.0677383
0.00332183
-0.0682836
0.00438781
-0.0690953
0.00541017
-0.0701808
0.00635981
-0.0715229
0.00720741
-0.073109
0.00795559
-0.0749482
0.00854741
-0.0770001
0.00896054
-0.0792274
0.00917649
-0.0816328
0.00917182
-0.0841637
0.00892473
-0.0867802
0.0084201
-0.0894623
0.00765278
-0.0921782
0.00665026
-0.0949083
0.00539487
-0.0975982
0.00394151
-0.10025
0.00231986
-0.102819
0.000604385
-0.105282
-0.00110628
-0.107604
-0.00269374
-0.109745
-0.00401297
-0.111674
-0.0049464
-0.113342
-0.00536942
-0.114751
-0.00523533
-0.115864
-0.0045336
-0.116722
-0.00333602
-0.117322
-0.00176682
-0.117706
-0.11789
0.000964165
-0.063521
0.00192063
-0.0638039
0.00286139
-0.0643775
0.00377147
-0.0652268
0.00463594
-0.0663591
0.00543508
-0.0677541
0.00616472
-0.0694212
0.00678101
-0.0713309
0.00725066
-0.0734452
0.00758648
-0.0757816
0.00772255
-0.0782549
0.00764611
-0.0808724
0.0073614
-0.0835907
0.00685313
-0.086372
0.00610192
-0.089174
0.00510715
-0.0919787
0.00388292
-0.0947434
0.00246616
-0.0974588
0.000902075
-0.100076
-0.000731832
-0.10256
-0.00234085
-0.104878
-0.00380192
-0.106986
-0.00498523
-0.108845
-0.00575419
-0.110428
-0.00602509
-0.111717
-0.00573023
-0.112715
-0.00488948
-0.113447
-0.0035614
-0.113946
-0.00187601
-0.114252
-0.114395
0.000800699
-0.0598213
0.00159323
-0.0601093
0.00236759
-0.0606918
0.00311326
-0.0615544
0.00382393
-0.0627079
0.00449051
-0.0641332
0.00507217
-0.0658161
0.00554659
-0.0677382
0.0059294
-0.0699032
0.00614485
-0.0722436
0.00622824
-0.0747775
0.00610577
-0.0774146
0.00578616
-0.0801739
0.00524985
-0.0829911
0.00448615
-0.0858351
0.00350754
-0.0886838
0.00232798
-0.0914994
0.000963352
-0.0942434
-0.000523236
-0.0968753
-0.00206459
-0.0993579
-0.00355893
-0.101653
-0.0048806
-0.103713
-0.0059001
-0.105497
-0.00650096
-0.106979
-0.00660224
-0.108145
-0.00615748
-0.109018
-0.00518287
-0.109626
-0.00374208
-0.110025
-0.00196095
-0.110256
-0.110357
0.00063127
-0.0564489
0.00125699
-0.0567357
0.00186894
-0.0573137
0.0024609
-0.0581707
0.00301786
-0.0593083
0.00352347
-0.0607134
0.00395272
-0.06237
0.00432032
-0.0642874
0.00457886
-0.0664161
0.00471172
-0.0687353
0.00468588
-0.0712268
0.00452022
-0.0738675
0.00415922
-0.0765988
0.00360558
-0.0794054
0.00285384
-0.0822519
0.00189743
-0.0850949
0.000749932
-0.0879104
-0.000544065
-0.0906428
-0.00194958
-0.0932545
-0.00338338
-0.0957098
-0.00474046
-0.0979572
-0.00590137
-0.0999444
-0.00675325
-0.101623
-0.00717792
-0.102994
-0.00711526
-0.104022
-0.00651444
-0.104773
-0.00541476
-0.10525
-0.0038777
-0.105548
-0.00202219
-0.105704
-0.105763
0.000468065
-0.0534656
0.000931703
-0.0537438
0.00138048
-0.0542991
0.00180919
-0.055125
0.00220707
-0.0562187
0.00255599
-0.0575685
0.00286643
-0.0591826
0.0030999
-0.0610231
0.00323133
-0.0630665
0.00328113
-0.0653342
0.00319046
-0.0677332
0.00295145
-0.0702967
0.00255451
-0.0729648
0.00198225
-0.0757095
0.0012223
-0.0784961
0.000286976
-0.0812915
-0.000808949
-0.0840484
-0.00204553
-0.086731
-0.00336051
-0.0892933
-0.00467535
-0.0916818
-0.00588458
-0.0938454
-0.00688112
-0.0957212
-0.00753685
-0.0972874
-0.00778729
-0.0985021
-0.00753959
-0.0994016
-0.00680526
-0.0999972
-0.00558201
-0.10036
-0.00396579
-0.100542
-0.00206181
-0.100619
-0.100645
0.000308103
-0.0509031
0.000611096
-0.0511638
0.000899978
-0.0516824
0.00117151
-0.0524574
0.00142514
-0.0534928
0.00164224
-0.0547701
0.00181055
-0.0562862
0.00190995
-0.0580011
0.00194708
-0.0599587
0.00188105
-0.0620801
0.00171944
-0.0643843
0.00142256
-0.066813
0.000978947
-0.0693619
0.000368789
-0.0719925
-0.00036787
-0.0746739
-0.00128559
-0.0773649
-0.00234755
-0.0800297
-0.00351914
-0.0826211
-0.00473427
-0.0850925
-0.00591806
-0.087368
-0.00696737
-0.089405
-0.00777218
-0.091142
-0.00824139
-0.092549
-0.0082945
-0.093599
-0.00788702
-0.0943343
-0.00700582
-0.0947813
-0.00569912
-0.0949976
-0.00401802
-0.0950808
-0.00207447
-0.0950847
-0.0950671
0.000156738
-0.0487696
0.000309042
-0.0490086
0.000455834
-0.0494883
0.000588978
-0.0502015
0.000702265
-0.0511535
0.000773784
-0.0523224
0.000805788
-0.0537145
0.00080578
-0.0553129
0.00072312
-0.0571093
0.000578611
-0.0590867
0.000318016
-0.0612197
-2.83405e-05
-0.0634929
-0.000515559
-0.0658809
-0.0011414
-0.0683592
-0.00191026
-0.0708933
-0.00281568
-0.0734472
-0.0038375
-0.0759781
-0.00493482
-0.0784353
-0.00605308
-0.0807563
-0.00708774
-0.0828897
-0.0079661
-0.0847482
-0.00857976
-0.086307
-0.00885512
-0.0875183
-0.00871719
-0.0883847
-0.00814461
-0.0889363
-0.00714518
-0.0892135
-0.00573844
-0.0893019
-0.00401609
-0.0892668
-0.00206937
-0.0891919
-0.0891421
2.24723e-05
-0.0470579
4.15781e-05
-0.0472718
5.3255e-05
-0.0477027
5.36876e-05
-0.0483442
3.44002e-05
-0.0491966
-1.08792e-05
-0.0502483
-8.65015e-05
-0.0515112
-0.000207768
-0.0529506
-0.000385929
-0.0545783
-0.000635177
-0.0563767
-0.000966328
-0.0583289
-0.0013953
-0.0604163
-0.0019362
-0.0626198
-0.00259561
-0.064918
-0.00337682
-0.0672743
-0.0042694
-0.0696545
-0.0052488
-0.072011
-0.0062706
-0.0742884
-0.00726635
-0.0764232
-0.0081628
-0.0783497
-0.00885851
-0.0800026
-0.00927927
-0.0813381
-0.00935955
-0.0823223
-0.00903665
-0.0829857
-0.00831106
-0.0833351
-0.00719466
-0.083437
-0.00572519
-0.0833853
-0.00397963
-0.0832355
-0.00203826
-0.0830884
-0.0830002
-9.83137e-05
-0.04573
-0.00019767
-0.0459206
-0.000309095
-0.0462952
-0.000428177
-0.0468644
-0.000566295
-0.0476138
-0.000724086
-0.048546
-0.00091311
-0.0496659
-0.00113581
-0.0509495
-0.00141419
-0.0523946
-0.00175316
-0.054007
-0.00216433
-0.0557661
-0.00266096
-0.0576552
-0.00325231
-0.0596594
-0.00394905
-0.0617528
-0.00474403
-0.0639088
-0.00562341
-0.0660859
-0.00655774
-0.0682329
-0.00749657
-0.0702925
-0.0083736
-0.0721977
-0.00911146
-0.0738813
-0.00962549
-0.0752868
-0.00985904
-0.0763578
-0.00973199
-0.07711
-0.00924016
-0.0775327
-0.00837636
-0.0776712
-0.00715631
-0.0776
-0.00564634
-0.0773924
-0.00389616
-0.0771388
-0.00198718
-0.0769194
-0.076794
-0.000204742
-0.0447495
-0.000414964
-0.0449128
-0.000628412
-0.0452409
-0.000857992
-0.0457301
-0.00109995
-0.0463846
-0.00135455
-0.0472051
-0.00165148
-0.04817
-0.00197292
-0.0493062
-0.00233698
-0.0505793
-0.00276111
-0.0520003
-0.00324925
-0.0535653
-0.00381201
-0.0552528
-0.0044578
-0.0570488
-0.00518738
-0.0589304
-0.00599452
-0.060868
-0.00686057
-0.0628173
-0.00774048
-0.0647336
-0.00859172
-0.0665384
-0.00934242
-0.0681806
-0.00991559
-0.0695924
-0.0102577
-0.0707033
-0.0102792
-0.0715151
-0.00997204
-0.0719912
-0.00931911
-0.0721653
-0.00833113
-0.0720871
-0.0070375
-0.0718371
-0.0055007
-0.0714794
-0.00376991
-0.0711253
-0.0019154
-0.0708375
-0.0706777
-0.000299377
-0.0440729
-0.000602546
-0.0442122
-0.000909733
-0.0444964
-0.00122655
-0.0449174
-0.00155937
-0.0454797
-0.00191784
-0.0461826
-0.00229929
-0.0470191
-0.0027095
-0.0480109
-0.00315882
-0.0491219
-0.00365833
-0.0503657
-0.00421855
-0.0517406
-0.00484388
-0.0532315
-0.00553892
-0.0548212
-0.00630034
-0.0564873
-0.0071152
-0.0581985
-0.00795695
-0.0599072
-0.00878818
-0.0615614
-0.00953375
-0.0631056
-0.0101515
-0.0644492
-0.0105704
-0.0655553
-0.0107087
-0.0663804
-0.0105504
-0.0668881
-0.0100721
-0.0670822
-0.00927416
-0.0670046
-0.00818153
-0.0667097
-0.00683987
-0.0662785
-0.00529572
-0.0657868
-0.00360429
-0.0653373
-0.00182358
-0.0649865
-0.0647946
-0.000380218
-0.0436581
-0.000760738
-0.0437797
-0.00115481
-0.0440159
-0.00155418
-0.0443806
-0.0019692
-0.0448612
-0.00240499
-0.0454629
-0.00285946
-0.0461883
-0.00335156
-0.0470402
-0.00387817
-0.0480068
-0.00444939
-0.0490901
-0.00507481
-0.0502892
-0.00575738
-0.0515937
-0.00649629
-0.052985
-0.00728312
-0.0544387
-0.00809997
-0.0559194
-0.00890797
-0.0573836
-0.00966424
-0.0587672
-0.0103189
-0.0600129
-0.0107868
-0.0610652
-0.0110302
-0.06185
-0.0110031
-0.0623536
-0.0106783
-0.0625537
-0.0100416
-0.0624749
-0.00911419
-0.0621529
-0.00793129
-0.0616528
-0.00656102
-0.0610396
-0.00502814
-0.0604344
-0.00340246
-0.0598884
-0.00171329
-0.059488
-0.0592669
-0.00044745
-0.0434661
-0.00090216
-0.0435662
-0.00135544
-0.0437755
-0.00183142
-0.0440762
-0.00231635
-0.0444937
-0.00281939
-0.0450114
-0.00333888
-0.0456441
-0.00390807
-0.0463612
-0.00450289
-0.0472094
-0.0051401
-0.0481498
-0.00582437
-0.049192
-0.00655683
-0.0503249
-0.00733151
-0.0515293
-0.00813404
-0.0527776
-0.00893799
-0.0540317
-0.00970482
-0.0552438
-0.0103802
-0.0563534
-0.0109111
-0.0572988
-0.0112469
-0.0580292
-0.011324
-0.0585006
-0.0111172
-0.0586877
-0.0106173
-0.0585871
-0.00984163
-0.0582303
-0.00881923
-0.0576685
-0.00759341
-0.0569718
-0.00619841
-0.0562241
-0.00471118
-0.0554982
-0.00316429
-0.0548762
-0.00158985
-0.0544278
-0.0541902
-0.000507943
-0.0434566
-0.00101504
-0.0435466
-0.00153769
-0.043719
-0.00205997
-0.0439885
-0.00260357
-0.0443434
-0.00316792
-0.0447898
-0.00377028
-0.0453256
-0.00438624
-0.0459626
-0.00504581
-0.046693
-0.00574001
-0.0475151
-0.00647568
-0.0484186
-0.00724891
-0.0493965
-0.0080488
-0.0504269
-0.00885462
-0.0514785
-0.00963375
-0.0525099
-0.0103435
-0.0534695
-0.0109254
-0.0543046
-0.0113308
-0.0549469
-0.0115099
-0.0553606
-0.011428
-0.0555098
-0.0110678
-0.055383
-0.0104274
-0.0549959
-0.00952679
-0.0543896
-0.0084154
-0.0536121
-0.00714995
-0.0527376
-0.00578012
-0.0518594
-0.00435794
-0.0510374
-0.00290471
-0.0503631
-0.00145292
-0.0498742
-0.0496248
-0.000556234
-0.0436013
-0.00112064
-0.0436757
-0.00168638
-0.043832
-0.0022743
-0.0440577
-0.002871
-0.0443752
-0.00349106
-0.0447627
-0.00413533
-0.0452324
-0.00480213
-0.0457983
-0.00551786
-0.046423
-0.00626019
-0.0471498
-0.00703792
-0.0479313
-0.007841
-0.0487702
-0.00865306
-0.0496385
-0.00944708
-0.0505014
-0.0101851
-0.0513143
-0.01082
-0.0520246
-0.0113041
-0.0525773
-0.0115708
-0.0529327
-0.0115965
-0.0530315
-0.0113536
-0.0528705
-0.0108362
-0.0524492
-0.0100621
-0.0517933
-0.00907016
-0.0509521
-0.00791792
-0.0499774
-0.00664338
-0.0489659
-0.00531879
-0.0479738
-0.00396655
-0.0470926
-0.0026301
-0.0463696
-0.00130568
-0.0458645
-0.0455992
-0.00060238
-0.0438693
-0.00120524
-0.0439389
-0.0018223
-0.0440725
-0.002443
-0.0442819
-0.00309244
-0.0445537
-0.00375778
-0.0449037
-0.00444186
-0.0453282
-0.00517511
-0.0458122
-0.00591813
-0.0463848
-0.00671125
-0.0470038
-0.00751988
-0.0476888
-0.00833994
-0.0484005
-0.00914888
-0.0491162
-0.00991396
-0.0497963
-0.0105931
-0.050394
-0.0111377
-0.0508578
-0.0114979
-0.0511375
-0.0116385
-0.0511933
-0.0115128
-0.0510027
-0.0111157
-0.0505528
-0.010463
-0.0498553
-0.00958453
-0.0489535
-0.00852616
-0.0479072
-0.00732883
-0.0467882
-0.00607234
-0.0456514
-0.00479752
-0.0445841
-0.00354707
-0.04365
-0.00233106
-0.0429052
-0.00115687
-0.0423836
-0.0421201
-0.000639012
-0.0442443
-0.00128753
-0.0443028
-0.00193869
-0.0444308
-0.00261218
-0.0446131
-0.00329302
-0.0448705
-0.00400174
-0.0451829
-0.00473899
-0.045565
-0.00550067
-0.046004
-0.00628968
-0.0465165
-0.00710149
-0.0470601
-0.00792957
-0.0476466
-0.00875115
-0.0482401
-0.00953958
-0.0488075
-0.0102573
-0.0493073
-0.0108595
-0.0496915
-0.0112985
-0.0499116
-0.0115293
-0.049924
-0.0115181
-0.0496984
-0.0112497
-0.0492222
-0.0107242
-0.0485005
-0.00995444
-0.0475647
-0.00898095
-0.0464595
-0.0078657
-0.0452449
-0.00667421
-0.0439944
-0.00546292
-0.0427676
-0.00426818
-0.0416572
-0.00312122
-0.0407012
-0.00203753
-0.0399451
-0.00100118
-0.0394288
-0.0391617
-0.000676722
-0.0447061
-0.00135364
-0.0447651
-0.00204851
-0.0448765
-0.0027462
-0.0450578
-0.00347631
-0.045284
-0.00422385
-0.0455782
-0.0049907
-0.045936
-0.00577799
-0.0463406
-0.00660689
-0.0467819
-0.00743669
-0.04727
-0.00827017
-0.0477611
-0.00907722
-0.048239
-0.00982667
-0.048658
-0.010478
-0.0489763
-0.0109859
-0.0491469
-0.0113057
-0.0491259
-0.0113995
-0.0488786
-0.0112433
-0.0483859
-0.0108308
-0.0476481
-0.0101738
-0.0466852
-0.00930522
-0.0455374
-0.00827638
-0.0442583
-0.00714545
-0.0429133
-0.00598332
-0.0415614
-0.00481321
-0.0403059
-0.00371042
-0.0391601
-0.00268321
-0.0382032
-0.00173243
-0.0374577
-0.000851165
-0.0369466
-0.0366914
-0.000709218
-0.0452467
-0.00142611
-0.0453004
-0.00214519
-0.0454146
-0.00289127
-0.0455758
-0.00364106
-0.0458049
-0.00441552
-0.0460791
-0.0052229
-0.0464029
-0.00604978
-0.0467746
-0.00688256
-0.0471761
-0.0077238
-0.0475902
-0.00854175
-0.0479948
-0.00931806
-0.0483468
-0.0100095
-0.048614
-0.010576
-0.0487465
-0.0109739
-0.0487018
-0.0111637
-0.0484427
-0.0111165
-0.0479452
-0.010819
-0.0472026
-0.0102766
-0.0462282
-0.00951245
-0.0450545
-0.00856842
-0.04373
-0.00750307
-0.0423145
-0.00638389
-0.0408685
-0.00524338
-0.0394801
-0.0041651
-0.0381901
-0.00315593
-0.0370592
-0.00225158
-0.036114
-0.0014447
-0.0353887
-0.000700289
-0.0349044
-0.0346561
-0.0007412
-0.0458584
-0.00148408
-0.045914
-0.00224644
-0.046016
-0.00300851
-0.0461872
-0.00380383
-0.0463922
-0.00461608
-0.0466552
-0.00543991
-0.0469644
-0.00627659
-0.0473034
-0.00712299
-0.0476486
-0.00795567
-0.0479911
-0.00874817
-0.048299
-0.00947045
-0.0485212
-0.0100858
-0.0486242
-0.0105504
-0.0485646
-0.0108251
-0.0483024
-0.010878
-0.0478097
-0.0106898
-0.0470739
-0.0102589
-0.0461017
-0.00960175
-0.0449185
-0.00875064
-0.0435672
-0.00775471
-0.0421035
-0.00667722
-0.0405898
-0.00557564
-0.0390876
-0.00449969
-0.0376845
-0.0035123
-0.0363935
-0.00262331
-0.0352917
-0.00184255
-0.0343866
-0.00116029
-0.0337003
-0.00055905
-0.0332389
-0.0330052
-0.000773665
-0.0465363
-0.00155185
-0.0465917
-0.00233229
-0.0466996
-0.00314243
-0.0468504
-0.00395305
-0.047063
-0.00477708
-0.0473143
-0.00562502
-0.047588
-0.00648014
-0.0478856
-0.00732166
-0.0481766
-0.00812148
-0.0484468
-0.00887698
-0.0486277
-0.00953101
-0.0487137
-0.0100516
-0.0486429
-0.0104
-0.048383
-0.0105423
-0.0479022
-0.0104554
-0.0471821
-0.0101312
-0.0462231
-0.00957885
-0.0450447
-0.00882486
-0.043683
-0.00790903
-0.0421895
-0.00688579
-0.0406243
-0.00582334
-0.0390463
-0.00475853
-0.0375365
-0.00376126
-0.0361372
-0.00286822
-0.0348799
-0.00209422
-0.0338223
-0.0014394
-0.0329697
-0.000892292
-0.0323284
-0.000426617
-0.031896
-0.0316846
-0.000801906
-0.0472832
-0.00161224
-0.0473342
-0.00243141
-0.0474398
-0.00325191
-0.0475953
-0.00409753
-0.0477852
-0.00495245
-0.0480185
-0.00580606
-0.0482662
-0.00664855
-0.0485179
-0.00746144
-0.0487409
-0.0082392
-0.0488962
-0.00892165
-0.0489611
-0.00949108
-0.0488826
-0.00990245
-0.0486279
-0.0101241
-0.0481608
-0.0101298
-0.0474619
-0.00990485
-0.0465257
-0.00945419
-0.0453617
-0.00879613
-0.0440034
-0.00796608
-0.0424957
-0.00700898
-0.0408962
-0.00598153
-0.0392676
-0.0049476
-0.0376654
-0.00395199
-0.0361688
-0.00304948
-0.0348036
-0.00225791
-0.0336114
-0.00159921
-0.0326097
-0.00106761
-0.031817
-0.000645692
-0.0312253
-0.000301427
-0.0308317
-0.0306391
-0.000835478
-0.0480933
-0.00167195
-0.0481455
-0.00251789
-0.0482439
-0.0033734
-0.0483886
-0.00423402
-0.0485646
-0.00509051
-0.0487765
-0.00594208
-0.0489775
-0.00677624
-0.0491589
-0.00756609
-0.0492915
-0.00827484
-0.049336
-0.00888088
-0.0492493
-0.00934435
-0.048997
-0.00963451
-0.0485437
-0.00972253
-0.0478658
-0.00959178
-0.0469531
-0.00923884
-0.0458133
-0.00867403
-0.0444704
-0.00792948
-0.0429599
-0.00704622
-0.0413402
-0.0060722
-0.0396707
-0.00506449
-0.0380141
-0.00407841
-0.0364248
-0.00316694
-0.0349632
-0.00236263
-0.0336569
-0.00168356
-0.0325492
-0.00114237
-0.0316136
-0.000727744
-0.0308878
-0.00042255
-0.030347
-0.000190302
-0.0300017
-0.0298259
-0.000865296
-0.0489689
-0.001733
-0.0490173
-0.00260042
-0.0491108
-0.00347703
-0.0492335
-0.00433915
-0.0493972
-0.00521239
-0.0495477
-0.00605516
-0.0496963
-0.0068539
-0.0497959
-0.00758603
-0.0498173
-0.0082264
-0.0497165
-0.00873616
-0.0494636
-0.00908464
-0.049022
-0.00924534
-0.0483626
-0.00919839
-0.0474737
-0.00893601
-0.0463573
-0.00846611
-0.0450319
-0.00780918
-0.0435344
-0.00699851
-0.0419076
-0.00608604
-0.0402092
-0.00511897
-0.0385048
-0.00415246
-0.0368533
-0.00323491
-0.0353072
-0.00241613
-0.0339074
-0.00171328
-0.0326787
-0.00115571
-0.0316491
-0.000725987
-0.0308059
-0.000423882
-0.0301448
-0.000218414
-0.02967
-9.06016e-05
-0.0293589
-0.0292056
-0.000890026
-0.0499102
-0.00178236
-0.0499493
-0.00267726
-0.0500239
-0.00355707
-0.0501319
-0.00444388
-0.0502364
-0.00529807
-0.0503375
-0.0061111
-0.0504062
-0.00686576
-0.0503944
-0.00753498
-0.0502777
-0.0080817
-0.0500179
-0.0084803
-0.049578
-0.00870644
-0.048931
-0.00873506
-0.0480638
-0.00855721
-0.0469698
-0.00817444
-0.0456649
-0.0076033
-0.0441779
-0.00687561
-0.0425522
-0.00602379
-0.0408466
-0.00510582
-0.0391034
-0.00416853
-0.0373978
-0.00325968
-0.035782
-0.00242882
-0.0343032
-0.0017095
-0.0329851
-0.00111727
-0.0318486
-0.0006702
-0.0309044
-0.000352835
-0.0301506
-0.000150022
-0.0295679
-3.41208e-05
-0.0291476
1.49885e-06
-0.0288761
-0.0287435
-0.000916879
-0.0509041
-0.00182863
-0.0509334
-0.00273318
-0.0509838
-0.0036326
-0.0510442
-0.00449872
-0.051098
-0.00532471
-0.0511191
-0.00610627
-0.0510677
-0.00679858
-0.0509285
-0.00738107
-0.0506523
-0.00782794
-0.0502065
-0.00811193
-0.0495642
-0.00820644
-0.0487116
-0.00810698
-0.0476341
-0.00780774
-0.0463481
-0.00732025
-0.0448757
-0.00666866
-0.0432553
-0.0058897
-0.0415361
-0.00503263
-0.0397745
-0.00412488
-0.0380367
-0.00323876
-0.0363547
-0.00240415
-0.0348007
-0.00167071
-0.0334078
-0.00105512
-0.032185
-0.000571992
-0.0311506
-0.00023583
-0.0303015
8.72725e-07
-0.0296324
0.000109377
-0.0291218
0.000125709
-0.028759
7.89484e-05
-0.0285273
-0.0284144
-0.000933868
-0.0519395
-0.00186071
-0.0519516
-0.00277165
-0.0519673
-0.00366305
-0.051966
-0.00451051
-0.0519436
-0.00530977
-0.0518502
-0.00602799
-0.0516692
-0.00664187
-0.0513712
-0.00713065
-0.0509087
-0.0074612
-0.0502661
-0.00761745
-0.049413
-0.00759027
-0.0483457
-0.00736827
-0.0470733
-0.00696181
-0.0456126
-0.00638984
-0.0439982
-0.00568077
-0.0422774
-0.00487617
-0.0404984
-0.00402127
-0.0387202
-0.00316222
-0.0370057
-0.00234431
-0.0353851
-0.00159929
-0.0339139
-0.000968337
-0.0326186
-0.00045836
-0.0315024
-7.68104e-05
-0.0305725
0.000172915
-0.0298201
0.000298638
-0.029234
0.000320283
-0.0287956
0.000260258
-0.0284867
0.000144312
-0.028291
-0.028196
-0.000937643
-0.0529964
-0.00186822
-0.0529797
-0.00277564
-0.052946
-0.00363851
-0.0528762
-0.0044629
-0.0527341
-0.00520264
-0.0525185
-0.00584135
-0.0521822
-0.00636844
-0.0516905
-0.00674807
-0.0510299
-0.00697046
-0.0501671
-0.00700974
-0.0491051
-0.00685923
-0.0478402
-0.0065294
-0.046386
-0.00603436
-0.0447756
-0.00539983
-0.0430502
-0.00466298
-0.0412593
-0.00385381
-0.0394617
-0.00303331
-0.0376942
-0.00223621
-0.0360281
-0.00149804
-0.0345029
-0.000851748
-0.0331265
-0.000330459
-0.0319376
8.55039e-05
-0.0309326
0.000361576
-0.0301068
0.000512759
-0.0294507
0.000552581
-0.0289464
0.000499132
-0.0285739
0.000373583
-0.0283141
0.000199123
-0.0281509
-0.028072
-0.000932155
-0.0540347
-0.00184531
-0.0539891
-0.00273373
-0.0538845
-0.00357089
-0.0537197
-0.00433477
-0.053456
-0.00501002
-0.0530805
-0.00557471
-0.052558
-0.00599798
-0.0518691
-0.00626677
-0.0509944
-0.00636184
-0.0499197
-0.00628064
-0.0486504
-0.00602447
-0.0471968
-0.00560432
-0.0455868
-0.00504299
-0.043857
-0.00437065
-0.0420543
-0.00362432
-0.0402299
-0.00284863
-0.0384346
-0.00207452
-0.0367288
-0.00134868
-0.0351344
-0.000711083
-0.033703
-0.000163895
-0.0324436
0.000263606
-0.0313667
0.000563762
-0.0304728
0.000740958
-0.0297516
0.00080429
-0.0291866
0.000767904
-0.0287579
0.000649291
-0.0284451
0.00046798
-0.0282293
0.000244548
-0.0280947
-0.02803
-0.000906528
-0.055008
-0.00179219
-0.0549238
-0.00263137
-0.0547476
-0.00342077
-0.0544574
-0.0041182
-0.0540583
-0.00471438
-0.0535009
-0.00517837
-0.0527835
-0.00549196
-0.0518873
-0.00564714
-0.0507936
-0.00563269
-0.0495108
-0.00544903
-0.0480498
-0.00509968
-0.0464365
-0.00461053
-0.0446976
-0.0040071
-0.0428827
-0.00332247
-0.0410386
-0.00259207
-0.0392175
-0.00185689
-0.0374602
-0.00116059
-0.0358247
-0.000523354
-0.0343323
2.30052e-05
-0.0330095
0.000460628
-0.0318673
0.000779922
-0.0309084
0.000980161
-0.0301249
0.00106714
-0.0295021
0.00105177
-0.029021
0.000948504
-0.0286607
0.000773938
-0.028401
0.000545706
-0.0282237
0.000281754
-0.028114
-0.0280615
-0.000857675
-0.0558548
-0.00169139
-0.0557264
-0.00247552
-0.0554648
-0.00317999
-0.055057
-0.00380443
-0.0544864
-0.00429936
-0.0537522
-0.00465448
-0.0528344
-0.00486671
-0.0517188
-0.00491281
-0.0504228
-0.00479319
-0.0489517
-0.00451306
-0.0473278
-0.00410121
-0.0455742
-0.00356779
-0.0437464
-0.00294761
-0.0418832
-0.00227504
-0.0400336
-0.00158803
-0.0382427
-0.000915717
-0.0365615
-0.000301001
-0.0350151
0.000241195
-0.0336336
0.000682247
-0.03243
0.00101367
-0.0314092
0.00123174
-0.0305656
0.00133934
-0.0298867
0.00134467
-0.0293546
0.0012596
-0.0289491
0.00109836
-0.0286494
0.000876298
-0.0284358
0.000609013
-0.0282914
0.000311898
-0.0282028
-0.0281606
-0.000781581
-0.0565047
-0.00153805
-0.0563277
-0.0022423
-0.0559739
-0.00286272
-0.055441
-0.00338196
-0.05471
-0.00376918
-0.053796
-0.00402479
-0.0526734
-0.00412375
-0.0513692
-0.00406902
-0.0498855
-0.00386168
-0.0482517
-0.00351552
-0.046496
-0.00305089
-0.0446489
-0.00249714
-0.0427662
-0.00188435
-0.0408918
-0.00124618
-0.0390705
-0.000615056
-0.0373448
-2.52421e-05
-0.0357516
0.000498417
-0.0343157
0.000934652
-0.0330546
0.00127042
-0.0319747
0.00149973
-0.0310731
0.001623
-0.0303391
0.00164602
-0.0297566
0.00157843
-0.0293064
0.00143244
-0.0289676
0.00122155
-0.0287202
0.000959592
-0.0285458
0.000660117
-0.028429
0.000336105
-0.0283579
-0.0283241
-0.000683448
-0.0568724
-0.00133581
-0.0566528
-0.00193325
-0.0562108
-0.0024464
-0.0555539
-0.00284446
-0.0546815
-0.00313159
-0.0535853
-0.00327525
-0.0522959
-0.00326511
-0.0508309
-0.00311746
-0.0491942
-0.00284172
-0.0474286
-0.0024535
-0.0455746
-0.00196932
-0.0436811
-0.00142024
-0.0417882
-0.000837591
-0.03994
-0.000253516
-0.0381792
0.000301818
-0.0365423
0.000801292
-0.0350574
0.00122432
-0.0337428
0.00155638
-0.0326071
0.00178964
-0.0316495
0.00192247
-0.0308615
0.00195852
-0.0302289
0.00190545
-0.0297335
0.00177365
-0.0293553
0.00157506
-0.029074
0.00132209
-0.0288707
0.00102693
-0.0287288
0.000701118
-0.0286346
0.000355432
-0.0285777
-0.0285507
-0.000557846
-0.056878
-0.00108581
-0.0566199
-0.00155303
-0.056105
-0.00194507
-0.0553349
-0.00222716
-0.0543407
-0.00239113
-0.0531054
-0.00241972
-0.0516911
-0.00233099
-0.0500789
-0.00211667
-0.048341
-0.00178838
-0.0465013
-0.00136695
-0.0446069
-0.00088112
-0.0427062
-0.000358147
-0.0408416
0.000174527
-0.0390552
0.000687787
-0.0373837
0.0011558
-0.0358568
0.00155757
-0.0344945
0.00187787
-0.0333074
0.00210752
-0.0322971
0.0022432
-0.0314571
0.00228668
-0.0307751
0.0022438
-0.0302343
0.00212332
-0.0298157
0.00193571
-0.0294995
0.00169219
-0.0292666
0.00140386
-0.0290998
0.00108124
-0.0289842
0.000733971
-0.028908
0.00037085
-0.0288621
-0.0288404
-0.000409667
-0.0564428
-0.000790847
-0.0561562
-0.0011181
-0.0555856
-0.00136382
-0.0547438
-0.00152077
-0.0536452
-0.00156475
-0.0523308
-0.0015088
-0.0508082
-0.00133428
-0.0491338
-0.00106054
-0.0473462
-0.000700394
-0.0454855
-0.000275731
-0.0436019
0.000189041
-0.0417419
0.000668351
-0.0399474
0.00113525
-0.0382567
0.00156564
-0.0367005
0.00193917
-0.0353009
0.00224036
-0.0340706
0.00245912
-0.0330135
0.00259083
-0.0321256
0.00263571
-0.0313966
0.00259796
-0.0308114
0.00248481
-0.0303523
0.00230541
-0.0300002
0.00206985
-0.0297364
0.0017883
-0.0295435
0.00147046
-0.0294061
0.00112519
-0.0293114
0.000760425
-0.029249
0.000383228
-0.0292116
-0.0291939
-0.000242457
-0.0555072
-0.000462928
-0.0551996
-0.000636183
-0.0545983
-0.000742422
-0.0537164
-0.000765488
-0.0525751
-0.000702887
-0.0512169
-0.000548944
-0.04967
-0.000306185
-0.0479862
5.30033e-06
-0.0462092
0.000379532
-0.0443876
0.000792318
-0.042569
0.00122024
-0.0407984
0.00164002
-0.0391154
0.00202973
-0.0375526
0.00237027
-0.0361343
0.00264659
-0.0348759
0.00284828
-0.0337838
0.00296982
-0.0328567
0.00301025
-0.0320868
0.00297241
-0.0314612
0.00286218
-0.0309636
0.00268747
-0.0305764
0.00245729
-0.0302813
0.00218095
-0.0300614
0.00186745
-0.0299012
0.00152505
-0.0297872
0.0011611
-0.0297086
0.000782004
-0.0296569
0.000393313
-0.0296258
-0.0296111
-6.7714e-05
-0.0540237
-0.000112631
-0.053716
-0.000130618
-0.0531108
-9.32502e-05
-0.0522296
9.14822e-06
-0.0510998
0.000178144
-0.0497605
0.000414235
-0.0482528
0.00070938
-0.0466251
0.00105149
-0.0449262
0.00142459
-0.0432047
0.00180986
-0.0415069
0.00218745
-0.0398743
0.00253819
-0.0383416
0.00284494
-0.0369358
0.00309371
-0.0356751
0.00327447
-0.0345692
0.00338133
-0.0336199
0.00341261
-0.032822
0.00337013
-0.0321654
0.00325867
-0.0316361
0.00308503
-0.0312181
0.00285726
-0.0308943
0.00258388
-0.0306485
0.00227323
-0.0304656
0.00193307
-0.0303322
0.00157031
-0.0302371
0.00119091
-0.0301713
0.000799939
-0.0301277
0.000401708
-0.0301013
-0.0300888
0.000105565
-0.0519811
0.000225185
-0.0516875
0.000371272
-0.0511115
0.000553302
-0.0502749
0.000777233
-0.0492085
0.00104372
-0.0479512
0.00134931
-0.0465469
0.00168569
-0.045043
0.0020409
-0.0434875
0.00240037
-0.0419266
0.00274814
-0.0404028
0.00306826
-0.0389526
0.00334614
-0.0376054
0.00356955
-0.0363824
0.00372943
-0.0352966
0.00382025
-0.0343532
0.00384006
-0.0335505
0.00379017
-0.0328814
0.00367454
-0.0323346
0.00349917
-0.0318965
0.00327129
-0.0315519
0.00299869
-0.0312857
0.00268917
-0.0310837
0.00235003
-0.0309331
0.00198783
-0.0308228
0.00160824
-0.0307437
0.00121603
-0.0306884
0.00081514
-0.0306515
0.000408853
-0.030629
-0.0306182
0.000273959
-0.0493944
0.000555606
-0.0491298
0.000851402
-0.0486116
0.00116558
-0.0478612
0.0014994
-0.0469088
0.00185061
-0.0457918
0.0022136
-0.0445519
0.00257973
-0.0432335
0.00293801
-0.0418804
0.00327614
-0.0405338
0.00358156
-0.0392307
0.00384252
-0.0380016
0.00404904
-0.0368701
0.00419364
-0.035852
0.0042717
-0.034956
0.00428166
-0.0341841
0.00422472
-0.0335324
0.00410452
-0.0329929
0.00392651
-0.0325546
0.00369739
-0.032205
0.00342441
-0.0319308
0.00311492
-0.0317193
0.00277586
-0.0315586
0.00241353
-0.0314383
0.00203341
-0.0313496
0.00164008
-0.0312855
0.0012373
-0.0312402
0.000828119
-0.0312096
0.00041499
-0.0311908
-0.0311817
0.000425784
-0.0463105
0.000852971
-0.0460877
0.00128216
-0.0456521
0.00171246
-0.0450231
0.00214105
-0.0442278
0.00256298
-0.0432995
0.00297128
-0.042275
0.00335742
-0.0411927
0.00371191
-0.0400898
0.0040251
-0.0390007
0.00428795
-0.0379555
0.00449284
-0.036978
0.00463415
-0.0360861
0.00470859
-0.0352907
0.00471542
-0.034597
0.00465625
-0.0340045
0.00453484
-0.0335084
0.00435647
-0.033101
0.00412755
-0.0327724
0.00385507
-0.0325118
0.00354611
-0.0323082
0.0032074
-0.0321516
0.0028451
-0.0320326
0.00246458
-0.0319433
0.00207036
-0.0318773
0.00166615
-0.0318292
0.00125492
-0.0317949
0.000838967
-0.0317716
0.000420153
-0.0317571
-0.0317501
0.000553577
-0.0428067
0.00110285
-0.0426351
0.00164313
-0.0423003
0.002169
-0.0418183
0.00267419
-0.0412112
0.00315154
-0.0405063
0.00359326
-0.0397331
0.0039913
-0.0389221
0.00433784
-0.0381024
0.00462588
-0.0373003
0.00484973
-0.036538
0.00500548
-0.0358327
0.00509124
-0.0351965
0.00510731
-0.034636
0.00505598
-0.0341534
0.00494136
-0.0337468
0.00476899
-0.0334112
0.00454538
-0.0331395
0.00427742
-0.0329236
0.00397213
-0.032755
0.00363623
-0.0326252
0.00327588
-0.0325267
0.00289648
-0.0324527
0.00250263
-0.0323979
0.0020981
-0.0323576
0.00168589
-0.0323284
0.00126836
-0.0323077
0.000847314
-0.0322936
0.000424147
-0.0322849
-0.0322806
0.000651913
-0.0389847
0.00129481
-0.0388696
0.00191965
-0.0386456
0.00251736
-0.0383242
0.00307895
-0.037922
0.00359568
-0.0374585
0.0040593
-0.0369549
0.00446244
-0.0364327
0.00479891
-0.035912
0.00506408
-0.0354103
0.00525512
-0.0349421
0.00537116
-0.0345177
0.00541335
-0.034144
0.00538465
-0.0338237
0.00528967
-0.0335565
0.00513427
-0.0333396
0.00492515
-0.033168
0.00466945
-0.0330359
0.00437437
-0.0329369
0.00404677
-0.0328648
0.00369292
-0.0328138
0.00331843
-0.0327787
0.00292808
-0.0327552
0.00252585
-0.03274
0.00211494
-0.0327305
0.00169784
-0.0327246
0.0012765
-0.0327212
0.00085237
-0.0327192
0.000426569
-0.0327181
-0.0327176
0.000717824
-0.0349629
0.00142317
-0.0349049
0.00210382
-0.0347927
0.00274806
-0.0346336
0.00334502
-0.0344374
0.00388492
-0.034216
0.00435941
-0.0339818
0.00476182
-0.0337473
0.00508736
-0.0335232
0.00533332
-0.0333189
0.00549907
-0.033141
0.00558602
-0.0329938
0.00559745
-0.032879
0.0055382
-0.032796
0.00541438
-0.0327424
0.00523289
-0.0327146
0.00500108
-0.0327081
0.00472636
-0.0327181
0.00441585
-0.0327398
0.00407614
-0.0327692
0.00371314
-0.0328025
0.00333196
-0.0328369
0.00293688
-0.0328702
0.00253141
-0.0329008
0.00211835
-0.0329277
0.00169988
-0.0329503
0.00127767
-0.0329684
0.000852996
-0.032982
0.00042684
-0.0329909
-0.0329953
0.000750936
-0.0308663
0.00148727
-0.0308618
0.00219485
-0.0308545
0.00286041
-0.0308473
0.003472
-0.0308441
0.00401938
-0.0308493
0.00449429
-0.0308672
0.00489073
-0.0309016
0.005205
-0.0309551
0.00543574
-0.0310291
0.00558383
-0.0311235
0.00565213
-0.0312369
0.00564522
-0.0313667
0.00556902
-0.0315091
0.00543038
-0.0316602
0.00523666
-0.0318155
0.00499538
-0.0319708
0.00471387
-0.032122
0.00439901
-0.032266
0.00405703
-0.0324002
0.00369342
-0.0325225
0.00331288
-0.032632
0.00291934
-0.032728
0.00251599
-0.0328104
0.00210537
-0.0328794
0.0016895
-0.0329357
0.00126993
-0.0329797
0.000847868
-0.0330121
0.000424289
-0.0330334
-0.0330438
0.000753294
-0.0268171
0.00149113
-0.0268592
0.00219861
-0.0269431
0.00286191
-0.0270681
0.0034688
-0.027233
0.00400904
-0.0274359
0.00447466
-0.0276742
0.00486022
-0.0279442
0.00516276
-0.0282416
0.00538176
-0.0285611
0.00551889
-0.0288969
0.00557775
-0.0292429
0.00556346
-0.0295926
0.00548228
-0.0299399
0.00534119
-0.030279
0.0051475
-0.0306047
0.0049085
-0.0309129
0.00463116
-0.0312001
0.00432197
-0.0314639
0.00398674
-0.0317028
0.00363056
-0.031916
0.00325778
-0.0321038
0.00287204
-0.0322665
0.00247633
-0.0324051
0.00207308
-0.0325208
0.00166423
-0.0326149
0.00125133
-0.0326884
0.000835654
-0.0327426
0.000418239
-0.0327782
-0.0327957
0.000728916
-0.0229255
0.0014426
-0.0230048
0.0021264
-0.0231618
0.00276681
-0.0233928
0.00335198
-0.0236928
0.0038721
-0.0240552
0.00431965
-0.0244718
0.00468961
-0.0249335
0.00497949
-0.0254304
0.00518911
-0.0259522
0.0053204
-0.0264885
0.00537704
-0.0270295
0.00536409
-0.0275658
0.00528757
-0.028089
0.0051541
-0.028592
0.0049705
-0.0290689
0.00474354
-0.029515
0.00447964
-0.0299271
0.00418476
-0.0303032
0.00386422
-0.0306423
0.00352273
-0.0309443
0.00316432
-0.0312099
0.00279241
-0.0314403
0.00240987
-0.0316369
0.00201908
-0.0318015
0.00162199
-0.0319356
0.00122024
-0.0320408
0.000815219
-0.0321184
0.000408111
-0.0321695
-0.0321948
0.000683149
-0.0192828
0.00135211
-0.019389
0.00199327
-0.0195986
0.00259407
-0.0199064
0.00314356
-0.0203046
0.00363266
-0.0207832
0.00405446
-0.0213307
0.00440436
-0.0219342
0.00468003
-0.02258
0.0048813
-0.0232543
0.00500992
-0.0239438
0.00506921
-0.0246357
0.00506369
-0.0253186
0.00499875
-0.0259825
0.00488026
-0.0266189
0.00471429
-0.0272213
0.00450684
-0.0277844
0.00426363
-0.0283047
0.00399
-0.0287801
0.00369075
-0.0292097
0.00337017
-0.0295935
0.003032
-0.0299322
0.00267947
-0.0302272
0.00231537
-0.0304801
0.00194206
-0.0306926
0.00156156
-0.0308666
0.00117565
-0.0310036
0.000785842
-0.031105
0.00039353
-0.0311719
-0.0312052
0.000621968
-0.0159572
0.00123136
-0.0160799
0.00181607
-0.016322
0.00236498
-0.0166772
0.00286831
-0.0171363
0.00331799
-0.0176877
0.00370779
-0.018318
0.00403352
-0.0190121
0.0042929
-0.0197545
0.00448556
-0.0205296
0.00461277
-0.0213221
0.0046772
-0.0221177
0.00468256
-0.0229036
0.00463332
-0.0236688
0.00453441
-0.0244038
0.00439094
-0.0251012
0.00420803
-0.0257552
0.0039906
-0.0263618
0.00374328
-0.0269185
0.00347034
-0.0274238
0.00317562
-0.0278775
0.00286256
-0.02828
0.00253423
-0.0286325
0.0021933
-0.0289361
0.00184215
-0.0291926
0.00148289
-0.0294034
0.00111739
-0.02957
0.000747375
-0.0296938
0.000374409
-0.0297757
-0.0298164
0.000551341
-0.0129926
0.001092
-0.0131223
0.00161168
-0.0133784
0.0021009
-0.0137541
0.00255126
-0.01424
0.00295579
-0.0148241
0.00330901
-0.0154922
0.0036071
-0.0162291
0.00384787
-0.0170185
0.00403063
-0.0178444
0.00415606
-0.0186909
0.00422603
-0.0195434
0.00424332
-0.0203883
0.00421136
-0.021214
0.00413403
-0.0220105
0.00401543
-0.0227697
0.00385971
-0.0234853
0.00367097
-0.0241525
0.0034531
-0.0247682
0.0032098
-0.0253303
0.00294445
-0.025838
0.00266018
-0.0262909
0.00235984
-0.0266897
0.00204602
-0.0270351
0.00172108
-0.0273282
0.00138718
-0.0275702
0.00104631
-0.0277622
0.000700325
-0.0279052
0.000350988
-0.0280001
-0.0280473
0.000476704
-0.0104095
0.000944692
-0.0105383
0.00139555
-0.0107927
0.00182148
-0.0111663
0.00221554
-0.0116501
0.00257183
-0.0122325
0.00288568
-0.0129
0.00315366
-0.013638
0.00337361
-0.014431
0.00354458
-0.0152632
0.00366669
-0.0161195
0.003741
-0.0169854
0.00376933
-0.0178478
0.00375412
-0.0186947
0.00369818
-0.0195161
0.00360461
-0.0203035
0.00347663
-0.02105
0.00331748
-0.0217503
0.00313035
-0.0224005
0.00291833
-0.0229977
0.00268435
-0.0235403
0.0024312
-0.0240273
0.0021615
-0.0244583
0.00187771
-0.0248336
0.00158212
-0.0251536
0.00127693
-0.0254188
0.000964176
-0.02563
0.000645846
-0.0257877
0.000323834
-0.0258925
-0.0259448
0.000402617
-0.00820737
0.000798396
-0.00832919
0.00118071
-0.00856995
0.00154339
-0.008924
0.00188084
-0.00938314
0.00218827
-0.00993704
0.00246174
-0.0105736
0.00269824
-0.0112794
0.00289568
-0.0120406
0.0030529
-0.0128426
0.00316953
-0.0136715
0.00324594
-0.0145139
0.00328313
-0.0153573
0.00328258
-0.0161903
0.00324617
-0.017003
0.00317607
-0.0177869
0.0030746
-0.0185347
0.00294424
-0.0192407
0.00278748
-0.0199003
0.00260683
-0.02051
0.00240476
-0.0210672
0.00218371
-0.0215701
0.00194603
-0.0220177
0.001694
-0.0224092
0.00142984
-0.0227446
0.00115568
-0.0230236
0.00087361
-0.0232464
0.000585653
-0.0234133
0.000293795
-0.0235244
-0.0235799
0.000332575
-0.00636918
0.000659988
-0.00647985
0.000977218
-0.00669874
0.00127953
-0.00702105
0.0015626
-0.00743985
0.0018226
-0.0079463
0.00205632
-0.00853005
0.00226115
-0.00917962
0.00243513
-0.00988281
0.00257695
-0.0106271
0.00268589
-0.0114002
0.00276177
-0.0121899
0.0028049
-0.012985
0.00281602
-0.013775
0.00279619
-0.0145505
0.00274676
-0.0153032
0.00266932
-0.0160259
0.0025656
-0.0167125
0.0024375
-0.017358
0.00228697
-0.0179583
0.00211604
-0.01851
0.00192677
-0.0190109
0.00172123
-0.0194588
0.0015015
-0.0198525
0.00126965
-0.0201911
0.00102774
-0.0204738
0.000777798
-0.0207003
0.000521857
-0.0208703
0.000261922
-0.0209837
-0.0210404
0.000268975
-0.00486553
0.000534206
-0.00496262
0.000792028
-0.00515483
0.00103895
-0.00543828
0.0012717
-0.00580735
0.00148736
-0.00625485
0.00168332
-0.00677232
0.00185739
-0.00735028
0.00200778
-0.00797861
0.00213314
-0.00864682
0.00223251
-0.00934434
0.00230532
-0.0100608
0.00235138
-0.0107863
0.00237083
-0.0115115
0.0023641
-0.0122278
0.00233189
-0.0129273
0.00227517
-0.0136032
0.00219507
-0.0142493
0.00209293
-0.0148603
0.00197023
-0.0154319
0.00182856
-0.0159602
0.00166963
-0.0164423
0.00149522
-0.0168755
0.00130716
-0.017258
0.00110736
-0.0175881
0.000897723
-0.0178647
0.000680205
-0.0180869
0.000456764
-0.0182541
0.000229369
-0.0183657
-0.0184216
0.000213203
-0.00365924
0.000423803
-0.00374181
0.000629234
-0.00390544
0.000827008
-0.00414713
0.00101476
-0.00446251
0.00119027
-0.00484599
0.00135152
-0.00529091
0.0014967
-0.00578979
0.00162422
-0.00633452
0.00173276
-0.00691661
0.00182125
-0.0075274
0.00188888
-0.00815825
0.00193512
-0.00880072
0.00195968
-0.00944672
0.00196255
-0.0100886
0.00194394
-0.0107194
0.0019043
-0.0113324
0.00184431
-0.0119219
0.00176484
-0.0124827
0.00166695
-0.0130101
0.00155186
-0.0135002
0.00142094
-0.0139495
0.00127568
-0.0143551
0.00111766
-0.0147146
0.000948577
-0.0150261
0.000770173
-0.0152878
0.000584254
-0.0154987
0.000392666
-0.0156576
0.000197283
-0.0157639
-0.0158171
0.000165793
-0.00270933
0.000329861
-0.00277758
0.000490488
-0.00291297
0.000645976
-0.00311326
0.00079466
-0.00337523
0.000934925
-0.00369467
0.00106522
-0.00406658
0.00118409
-0.00448524
0.00129017
-0.00494441
0.00138224
-0.00543744
0.00145921
-0.00595746
0.00152017
-0.00649747
0.00156437
-0.00705055
0.00159128
-0.00760989
0.00160055
-0.00816892
0.00159207
-0.00872142
0.00156594
-0.00926152
0.00152245
-0.0097838
0.00146212
-0.0102833
0.00138566
-0.0107555
0.00129397
-0.0111964
0.00118811
-0.0116025
0.0010693
-0.0119706
0.000938885
-0.0122981
0.000798321
-0.0125827
0.000649162
-0.0128226
0.00049304
-0.0130163
0.000331645
-0.0131625
0.000166709
-0.0132605
-0.0133096
0.000126625
-0.00197434
0.000252175
-0.00202924
0.000375559
-0.00213826
0.000495673
-0.00229982
0.00061139
-0.0025116
0.000721566
-0.00277061
0.000825046
-0.00307319
0.000920678
-0.00341516
0.00100733
-0.00379186
0.00108391
-0.00419827
0.00114939
-0.00462909
0.00120284
-0.00507885
0.00124344
-0.00554201
0.0012705
-0.006013
0.00128352
-0.00648636
0.00128214
-0.00695676
0.00126621
-0.00741909
0.00123579
-0.00786853
0.00119111
-0.00830052
0.00113261
-0.00871087
0.00106092
-0.00909573
0.000976841
-0.00945164
0.000881338
-0.00977551
0.000775522
-0.0100646
0.000660631
-0.0103167
0.000538013
-0.0105296
0.000409106
-0.0107019
0.000275419
-0.0108322
0.000138517
-0.0109196
-0.0109634
9.51347e-05
-0.00141465
0.00018965
-0.00145764
0.000282904
-0.00154307
0.000374219
-0.0016699
0.000462863
-0.00183653
0.000548053
-0.0020409
0.000628946
-0.00228047
0.000704656
-0.00255226
0.000774261
-0.00285292
0.000836826
-0.00317879
0.000891429
-0.00352592
0.000937183
-0.00389013
0.000973269
-0.00426713
0.000998962
-0.0046525
0.00101366
-0.00504183
0.00101689
-0.00543071
0.00100836
-0.00581484
0.000987927
-0.00619006
0.000955655
-0.00655238
0.000911771
-0.00689805
0.000856687
-0.00722358
0.00079099
-0.00752575
0.000715427
-0.00780166
0.000630893
-0.00804872
0.000538419
-0.00826467
0.000439149
-0.00844756
0.000334324
-0.00859579
0.000225266
-0.00870808
0.000113351
-0.00878346
-0.0088213
7.04931e-05
-0.000994096
0.000140674
-0.00102678
0.000210206
-0.00109179
0.000278705
-0.00118846
0.000345723
-0.00131576
0.000410739
-0.0014723
0.000473157
-0.00165639
0.000532306
-0.00186601
0.000587453
-0.00209884
0.000637821
-0.00235227
0.000682609
-0.00262345
0.000721019
-0.00290932
0.000752283
-0.00320663
0.000775693
-0.00351201
0.000790626
-0.00382198
0.000796568
-0.00413305
0.000793136
-0.0044417
0.000780093
-0.00474451
0.000757361
-0.00503812
0.000725024
-0.00531934
0.000683331
-0.00558513
0.000632695
-0.00583268
0.000573679
-0.0060594
0.000506995
-0.00626296
0.000433483
-0.00644131
0.000354099
-0.00659267
0.000269897
-0.00671554
0.00018201
-0.00680875
9.1632e-05
-0.00687138
-0.00690284
5.17691e-05
-0.000680694
0.000103424
-0.000704653
0.000154823
-0.000752364
0.00020578
-0.000823406
0.000256039
-0.000917141
0.00030527
-0.00103271
0.000353056
-0.00116901
0.000398901
-0.00132474
0.000442231
-0.00149833
0.000482412
-0.00168802
0.000518769
-0.00189183
0.000550605
-0.00210758
0.000577232
-0.00233291
0.00059799
-0.00256534
0.000612282
-0.00280225
0.00061959
-0.00304097
0.0006195
-0.00327878
0.000611718
-0.00351297
0.000596086
-0.00374087
0.000572587
-0.00395987
0.00054135
-0.00416752
0.000502654
-0.00436147
0.000456916
-0.00453956
0.000404692
-0.00469984
0.000346661
-0.00484055
0.000283612
-0.00496017
0.000216431
-0.00505741
0.00014608
-0.00513126
7.35813e-05
-0.00518093
-0.00520588
3.80488e-05
-0.000446781
7.61029e-05
-0.000463423
0.000114143
-0.00049659
0.000152105
-0.000546038
0.000189863
-0.000611396
0.000227214
-0.000692151
0.000263874
-0.000787642
0.000299476
-0.000897049
0.000333576
-0.00101939
0.00036566
-0.00115352
0.000395165
-0.00129813
0.000421495
-0.00145175
0.000444043
-0.00161276
0.000462217
-0.00177944
0.00047546
-0.00194992
0.000483277
-0.00212229
0.000485252
-0.00229456
0.000481069
-0.00246474
0.000470523
-0.00263083
0.000453531
-0.00279088
0.000430141
-0.00294303
0.00040053
-0.00308546
0.000365006
-0.00321654
0.000324001
-0.00333472
0.000278061
-0.00343864
0.00022784
-0.00352712
0.000174079
-0.00359913
0.000117596
-0.00365386
5.92644e-05
-0.00369069
-0.00370921
2.85232e-05
-0.000268643
5.71197e-05
-0.000279089
8.58407e-05
-0.00029992
0.000114697
-0.000331009
0.00014364
-0.000372157
0.000172553
-0.000423084
0.000201242
-0.000483423
0.000229433
-0.00055271
0.000256775
-0.000630374
0.00028285
-0.000715739
0.000307185
-0.000808016
0.000329267
-0.000906306
0.000348564
-0.00100961
0.000364544
-0.00111683
0.000376698
-0.00122679
0.000384559
-0.00133825
0.000387726
-0.00144992
0.000385876
-0.00156049
0.000378782
-0.00166865
0.000366322
-0.00177309
0.000348487
-0.00187255
0.000325388
-0.00196584
0.000297251
-0.00205182
0.000264417
-0.00212945
0.000227335
-0.00219779
0.000186551
-0.00225604
0.000142697
-0.00230349
9.6476e-05
-0.00233957
4.8645e-05
-0.00236387
-0.00237609
2.25464e-05
-0.000125791
4.52013e-05
-0.000130817
6.80535e-05
-0.000140842
9.11538e-05
-0.000155814
0.0001145
-0.000175647
0.000138026
-0.000200221
0.000161591
-0.000229374
0.000184982
-0.000262896
0.000207911
-0.000300529
0.000230023
-0.000341961
0.000250908
-0.000386822
0.000270113
-0.000434687
0.000287159
-0.000485079
0.000301562
-0.00053747
0.00031285
-0.000591289
0.000320583
-0.000645928
0.000324374
-0.000700756
0.000323903
-0.000755122
0.000318932
-0.000808373
0.000309319
-0.000859861
0.000295022
-0.000908954
0.000276109
-0.000955046
0.000252754
-0.000997568
0.000225239
-0.00103599
0.000193947
-0.00106985
0.000159351
-0.00109872
0.00012201
-0.00112226
8.2547e-05
-0.00114016
4.16391e-05
-0.00115222
-0.00115828
1.96718e-05
3.94668e-05
5.94895e-05
7.98087e-05
0.000100443
0.000121348
0.000142411
0.000163447
0.0001842
0.000204346
0.000223507
0.000241262
0.00025716
0.000270741
0.000281555
0.000289177
0.000293229
0.000293394
0.000289431
0.000281188
0.000268609
0.00025174
0.000230731
0.000205834
0.000177398
0.000145863
0.000111747
7.56348e-05
3.81618e-05
)
;

boundaryField
{
    outerWall
    {
        type            calculated;
        value           uniform 0;
    }
    axis
    {
        type            symmetryPlane;
        value           uniform 0;
    }
    nozzle
    {
        type            calculated;
        value           nonuniform List<scalar> 5(1.08977 1.08983 1.08983 1.08983 1.08977);
    }
    back
    {
        type            empty;
    }
    front
    {
        type            empty;
    }
}


// ************************************************************************* //
