/*--------------------------------*- C++ -*----------------------------------*\
| =========                 |                                                 |
| \\      /  F ield         | OpenFOAM: The Open Source CFD Toolbox           |
|  \\    /   O peration     | Version:  2412                                  |
|   \\  /    A nd           | Website:  www.openfoam.com                      |
|    \\/     M anipulation  |                                                 |
\*---------------------------------------------------------------------------*/
FoamFile
{
    version     2.0;
    format      ascii;
    arch        "LSB;label=32;scalar=64";
    class       volVectorField;
    location    "0.00018";
    object      U;
}
// * * * * * * * * * * * * * * * * * * * * * * * * * * * * * * * * * * * * * //

dimensions      [0 1 -1 0 0 0 0];

internalField   nonuniform List<vector> 
3725
(
(0.064905 -0.00378897 0)
(0.192946 -0.00397534 0)
(0.315845 -0.00433433 0)
(0.430665 -0.00491738 0)
(0.534978 -0.00560144 0)
(0.627186 -0.00634861 0)
(0.706289 -0.00728353 0)
(0.772012 -0.00784609 0)
(0.82429 -0.00884693 0)
(0.864118 -0.0092112 0)
(0.89198 -0.0095598 0)
(0.908851 -0.00963498 0)
(0.915601 -0.00902096 0)
(0.91292 -0.00824567 0)
(0.900835 -0.00707617 0)
(0.881878 -0.00492645 0)
(0.85584 -0.00263447 0)
(0.820713 0.000287132 0)
(0.778565 0.00370541 0)
(0.729576 0.00766271 0)
(0.674294 0.0121104 0)
(0.61317 0.0169829 0)
(0.54675 0.0222406 0)
(0.475734 0.0276969 0)
(0.401322 0.0331569 0)
(0.325305 0.0384314 0)
(0.24972 0.0432605 0)
(0.175606 0.0472812 0)
(0.104079 0.0503899 0)
(0.0346148 0.0517935 0)
(0.0647649 -0.0115589 0)
(0.19254 -0.0121353 0)
(0.315145 -0.0132304 0)
(0.429723 -0.0149627 0)
(0.533914 -0.0168605 0)
(0.625935 -0.0192519 0)
(0.705179 -0.0216698 0)
(0.770856 -0.0239615 0)
(0.823281 -0.026317 0)
(0.863601 -0.0275727 0)
(0.891683 -0.028871 0)
(0.909276 -0.0282218 0)
(0.916666 -0.0273424 0)
(0.914404 -0.0246298 0)
(0.903351 -0.0212522 0)
(0.885238 -0.0148436 0)
(0.859777 -0.0080527 0)
(0.825495 0.000647344 0)
(0.784126 0.0109407 0)
(0.735907 0.0228154 0)
(0.681311 0.0361952 0)
(0.620796 0.0509395 0)
(0.554818 0.0666801 0)
(0.483957 0.0830436 0)
(0.409392 0.0995555 0)
(0.332893 0.115593 0)
(0.256373 0.130271 0)
(0.180964 0.142539 0)
(0.107471 0.151773 0)
(0.0356706 0.156313 0)
(0.064476 -0.0199482 0)
(0.191699 -0.0208783 0)
(0.313732 -0.0226955 0)
(0.427951 -0.0253968 0)
(0.531772 -0.0285414 0)
(0.623591 -0.032526 0)
(0.702771 -0.036302 0)
(0.768548 -0.0404238 0)
(0.821606 -0.0436657 0)
(0.862217 -0.0461343 0)
(0.891517 -0.047831 0)
(0.910022 -0.0472724 0)
(0.918323 -0.0455881 0)
(0.917519 -0.0412562 0)
(0.908207 -0.0353651 0)
(0.891815 -0.0252858 0)
(0.867489 -0.0138795 0)
(0.834992 0.000531994 0)
(0.795229 0.0176192 0)
(0.74855 0.0374209 0)
(0.695414 0.0597921 0)
(0.636062 0.0844396 0)
(0.570865 0.110948 0)
(0.500438 0.138589 0)
(0.425748 0.166552 0)
(0.348344 0.193821 0)
(0.269944 0.218856 0)
(0.191745 0.239884 0)
(0.11442 0.255379 0)
(0.0380253 0.263465 0)
(0.0640688 -0.029394 0)
(0.190483 -0.0307532 0)
(0.311762 -0.0330725 0)
(0.425343 -0.0366447 0)
(0.528571 -0.0410635 0)
(0.620117 -0.0462615 0)
(0.699259 -0.0515141 0)
(0.765339 -0.056959 0)
(0.819012 -0.0612422 0)
(0.86047 -0.0650475 0)
(0.890838 -0.0665483 0)
(0.910965 -0.066682 0)
(0.921184 -0.0636316 0)
(0.922084 -0.0582874 0)
(0.915342 -0.0494914 0)
(0.901363 -0.0364093 0)
(0.879145 -0.0203727 0)
(0.849128 -0.000393618 0)
(0.811803 0.0234346 0)
(0.767546 0.0511506 0)
(0.716578 0.0826017 0)
(0.659173 0.117401 0)
(0.595446 0.154999 0)
(0.525677 0.194415 0)
(0.450817 0.234593 0)
(0.372122 0.273892 0)
(0.290925 0.310139 0)
(0.208361 0.340732 0)
(0.125164 0.363129 0)
(0.0417406 0.374995 0)
(0.0634584 -0.0402723 0)
(0.188945 -0.0418734 0)
(0.30932 -0.0447638 0)
(0.421964 -0.0490694 0)
(0.524564 -0.0544516 0)
(0.615757 -0.0606953 0)
(0.694752 -0.0671688 0)
(0.761257 -0.0737896 0)
(0.815549 -0.0792044 0)
(0.858234 -0.0837188 0)
(0.890302 -0.0857709 0)
(0.91222 -0.0857284 0)
(0.924625 -0.0822716 0)
(0.928141 -0.0757231 0)
(0.924634 -0.063871 0)
(0.913662 -0.0480447 0)
(0.894506 -0.0277437 0)
(0.867856 -0.0024847 0)
(0.833898 0.0279516 0)
(0.792931 0.0635361 0)
(0.745109 0.10415 0)
(0.690376 0.149434 0)
(0.628632 0.198611 0)
(0.560141 0.250607 0)
(0.485363 0.304009 0)
(0.405009 0.356518 0)
(0.320078 0.405212 0)
(0.23149 0.446544 0)
(0.140126 0.476842 0)
(0.0469324 0.492958 0)
(0.06287 -0.0529537 0)
(0.18712 -0.0545844 0)
(0.306372 -0.0581071 0)
(0.418084 -0.0628388 0)
(0.519857 -0.0692442 0)
(0.610584 -0.0760259 0)
(0.689443 -0.08387 0)
(0.756317 -0.0910058 0)
(0.811572 -0.0975774 0)
(0.855551 -0.102447 0)
(0.889334 -0.105272 0)
(0.913603 -0.104956 0)
(0.928695 -0.101244 0)
(0.935898 -0.0931866 0)
(0.936117 -0.079245 0)
(0.928465 -0.0607602 0)
(0.91332 -0.0364297 0)
(0.890907 -0.00606754 0)
(0.861324 0.0307103 0)
(0.824698 0.0740523 0)
(0.781014 0.123998 0)
(0.730026 0.180061 0)
(0.671329 0.241497 0)
(0.604732 0.307194 0)
(0.530255 0.375087 0)
(0.448028 0.442371 0)
(0.358447 0.505215 0)
(0.262085 0.558938 0)
(0.159984 0.598537 0)
(0.0538365 0.619703 0)
(0.0622373 -0.0676747 0)
(0.185086 -0.0695099 0)
(0.303136 -0.0732225 0)
(0.413618 -0.0784223 0)
(0.51468 -0.0853336 0)
(0.604792 -0.0927325 0)
(0.683521 -0.101373 0)
(0.750981 -0.109175 0)
(0.806973 -0.116577 0)
(0.852471 -0.122049 0)
(0.888421 -0.124955 0)
(0.915255 -0.124542 0)
(0.933459 -0.120692 0)
(0.944648 -0.110769 0)
(0.948965 -0.0957374 0)
(0.94578 -0.0745764 0)
(0.93553 -0.0467058 0)
(0.918217 -0.0116189 0)
(0.893988 0.0312991 0)
(0.862904 0.0823699 0)
(0.824621 0.141611 0)
(0.7785 0.208895 0)
(0.723984 0.283367 0)
(0.660337 0.363854 0)
(0.586749 0.447928 0)
(0.502607 0.532079 0)
(0.407505 0.611417 0)
(0.301482 0.679864 0)
(0.18571 0.730726 0)
(0.0628179 0.75814 0)
(0.0614953 -0.0847329 0)
(0.182964 -0.0866831 0)
(0.299693 -0.0905229 0)
(0.409007 -0.0960261 0)
(0.509131 -0.102949 0)
(0.59856 -0.111204 0)
(0.677115 -0.119768 0)
(0.744917 -0.128349 0)
(0.801921 -0.136104 0)
(0.849272 -0.142116 0)
(0.887473 -0.145174 0)
(0.916801 -0.145109 0)
(0.939034 -0.140242 0)
(0.95462 -0.129632 0)
(0.963268 -0.113218 0)
(0.965244 -0.0899444 0)
(0.960543 -0.0589947 0)
(0.949411 -0.0195067 0)
(0.931819 0.0291987 0)
(0.907436 0.0877176 0)
(0.875905 0.15628 0)
(0.836343 0.235063 0)
(0.787549 0.32351 0)
(0.728154 0.420208 0)
(0.656425 0.522517 0)
(0.570645 0.626216 0)
(0.469286 0.725187 0)
(0.351566 0.81161 0)
(0.218703 0.876531 0)
(0.0744095 0.911966 0)
(0.0607758 -0.104349 0)
(0.180746 -0.106275 0)
(0.296134 -0.110193 0)
(0.404305 -0.11571 0)
(0.503302 -0.122821 0)
(0.592183 -0.131133 0)
(0.670667 -0.139796 0)
(0.738732 -0.148597 0)
(0.796651 -0.156563 0)
(0.845671 -0.162771 0)
(0.886185 -0.166315 0)
(0.918954 -0.166327 0)
(0.945072 -0.160558 0)
(0.96492 -0.149715 0)
(0.978734 -0.132378 0)
(0.98645 -0.107374 0)
(0.988358 -0.0737234 0)
(0.984363 -0.0303873 0)
(0.974409 0.0235879 0)
(0.958211 0.0892085 0)
(0.93513 0.167148 0)
(0.903922 0.257836 0)
(0.862843 0.361046 0)
(0.809593 0.47555 0)
(0.741256 0.598554 0)
(0.65461 0.725165 0)
(0.54655 0.847891 0)
(0.414988 0.956771 0)
(0.260991 1.03975 0)
(0.0894084 1.0859 0)
(0.060051 -0.126609 0)
(0.178582 -0.128517 0)
(0.292621 -0.132286 0)
(0.399542 -0.137797 0)
(0.49757 -0.144819 0)
(0.585834 -0.152838 0)
(0.664021 -0.161622 0)
(0.732345 -0.170498 0)
(0.791293 -0.178537 0)
(0.841961 -0.184741 0)
(0.884808 -0.188592 0)
(0.921128 -0.188096 0)
(0.951491 -0.182754 0)
(0.975756 -0.171342 0)
(0.995026 -0.153385 0)
(1.00924 -0.127139 0)
(1.01828 -0.0914333 0)
(1.02239 -0.0448849 0)
(1.02151 0.0138467 0)
(1.0151 0.086049 0)
(1.00238 0.173095 0)
(0.981766 0.27583 0)
(0.950835 0.394707 0)
(0.906287 0.528754 0)
(0.843639 0.675304 0)
(0.757651 0.828964 0)
(0.642992 0.980789 0)
(0.495456 1.11827 0)
(0.315564 1.225 0)
(0.109039 1.28604 0)
(0.0593446 -0.151635 0)
(0.17649 -0.15344 0)
(0.289177 -0.157094 0)
(0.394909 -0.162375 0)
(0.492027 -0.169116 0)
(0.579586 -0.176929 0)
(0.657426 -0.185446 0)
(0.726049 -0.194146 0)
(0.785971 -0.201977 0)
(0.838132 -0.208302 0)
(0.883669 -0.211931 0)
(0.923334 -0.211302 0)
(0.957642 -0.206305 0)
(0.986947 -0.19507 0)
(1.01189 -0.176524 0)
(1.03291 -0.14964 0)
(1.05005 -0.112501 0)
(1.06332 -0.0635066 0)
(1.0726 -0.00083844 0)
(1.07765 0.0772682 0)
(1.07747 0.17291 0)
(1.07013 0.287694 0)
(1.05254 0.422828 0)
(1.02004 0.57813 0)
(0.966419 0.7514 0)
(0.88373 0.937086 0)
(0.763534 1.12486 0)
(0.598146 1.29935 0)
(0.386845 1.43799 0)
(0.135209 1.52053 0)
(0.0586962 -0.179406 0)
(0.174487 -0.181115 0)
(0.285921 -0.184544 0)
(0.390528 -0.189527 0)
(0.486659 -0.195887 0)
(0.573591 -0.203352 0)
(0.651111 -0.211438 0)
(0.719948 -0.219719 0)
(0.780678 -0.227381 0)
(0.834497 -0.233604 0)
(0.882558 -0.236846 0)
(0.925346 -0.23669 0)
(0.963669 -0.231891 0)
(0.998095 -0.221092 0)
(1.0291 -0.202718 0)
(1.05725 -0.175563 0)
(1.08288 -0.137757 0)
(1.10614 -0.0872506 0)
(1.12709 -0.0217022 0)
(1.14542 0.0614692 0)
(1.1602 0.164935 0)
(1.16919 0.291343 0)
(1.16866 0.443081 0)
(1.15272 0.621194 0)
(1.11287 0.824552 0)
(1.03776 1.04809 0)
(0.914708 1.28048 0)
(0.730302 1.50351 0)
(0.48148 1.68581 0)
(0.170967 1.80054 0)
(0.0580629 -0.209892 0)
(0.172636 -0.21152 0)
(0.282868 -0.214627 0)
(0.386404 -0.219298 0)
(0.481661 -0.225237 0)
(0.567927 -0.232171 0)
(0.645154 -0.239856 0)
(0.714094 -0.247588 0)
(0.775559 -0.255045 0)
(0.831034 -0.260692 0)
(0.881355 -0.26412 0)
(0.927051 -0.264323 0)
(0.969339 -0.260091 0)
(1.00883 -0.249953 0)
(1.04603 -0.23242 0)
(1.08164 -0.205759 0)
(1.11628 -0.168044 0)
(1.15036 -0.116852 0)
(1.18414 -0.0495331 0)
(1.21763 0.0372428 0)
(1.24987 0.14731 0)
(1.27873 0.284417 0)
(1.29993 0.452469 0)
(1.30616 0.654462 0)
(1.28661 0.891173 0)
(1.2257 1.15911 0)
(1.10513 1.44684 0)
(0.902145 1.73406 0)
(0.609669 1.97725 0)
(0.221264 2.14161 0)
(0.0574738 -0.243028 0)
(0.170934 -0.244466 0)
(0.280087 -0.247388 0)
(0.382571 -0.251588 0)
(0.477007 -0.257119 0)
(0.562631 -0.263524 0)
(0.639552 -0.270616 0)
(0.708559 -0.278076 0)
(0.770852 -0.284897 0)
(0.827692 -0.290211 0)
(0.879835 -0.293964 0)
(0.928367 -0.294632 0)
(0.974446 -0.291147 0)
(1.01885 -0.282095 0)
(1.06224 -0.265828 0)
(1.10553 -0.240325 0)
(1.14956 -0.203743 0)
(1.19502 -0.153281 0)
(1.24266 -0.0857544 0)
(1.29305 0.0031315 0)
(1.34558 0.117826 0)
(1.39807 0.263897 0)
(1.4462 0.447121 0)
(1.48177 0.673157 0)
(1.49138 0.945875 0)
(1.45455 1.26504 0)
(1.346 1.62095 0)
(1.12812 1.99344 0)
(0.787247 2.3235 0)
(0.294203 2.56888 0)
(0.0569835 -0.27862 0)
(0.169364 -0.279888 0)
(0.277524 -0.282667 0)
(0.379105 -0.286421 0)
(0.472712 -0.291465 0)
(0.557807 -0.297434 0)
(0.634243 -0.304053 0)
(0.703386 -0.311097 0)
(0.76646 -0.317309 0)
(0.824234 -0.322702 0)
(0.878039 -0.326699 0)
(0.929164 -0.328009 0)
(0.978741 -0.325635 0)
(1.02782 -0.318045 0)
(1.07736 -0.303649 0)
(1.1282 -0.280368 0)
(1.18156 -0.246084 0)
(1.23885 -0.197595 0)
(1.30145 -0.131435 0)
(1.37031 -0.0428022 0)
(1.44545 0.0740564 0)
(1.52571 0.226378 0)
(1.60688 0.422324 0)
(1.68024 0.670966 0)
(1.73056 0.980835 0)
(1.73207 1.35738 0)
(1.65159 1.79595 0)
(1.42907 2.28082 0)
(1.04153 2.73432 0)
(0.405165 3.10243 0)
(0.0565219 -0.316482 0)
(0.167896 -0.317687 0)
(0.275184 -0.320083 0)
(0.375972 -0.323684 0)
(0.468749 -0.328326 0)
(0.553192 -0.333835 0)
(0.629308 -0.340264 0)
(0.698621 -0.346349 0)
(0.762149 -0.352642 0)
(0.82065 -0.358269 0)
(0.875855 -0.362637 0)
(0.929165 -0.364815 0)
(0.981917 -0.363745 0)
(1.03534 -0.358197 0)
(1.0905 -0.346389 0)
(1.14871 -0.326305 0)
(1.21164 -0.29522 0)
(1.28101 -0.250505 0)
(1.35875 -0.1878 0)
(1.44717 -0.102087 0)
(1.54747 0.0136747 0)
(1.65928 0.168164 0)
(1.77966 0.372384 0)
(1.90067 0.639781 0)
(2.00624 0.985149 0)
(2.06597 1.42298 0)
(2.03888 1.95982 0)
(1.83199 2.59341 0)
(1.40427 3.24666 0)
(0.56942 3.87241 0)
(0.0560787 -0.356518 0)
(0.166661 -0.35764 0)
(0.273023 -0.359705 0)
(0.372922 -0.363212 0)
(0.465098 -0.367509 0)
(0.548855 -0.372811 0)
(0.624861 -0.378704 0)
(0.694106 -0.384564 0)
(0.757523 -0.390983 0)
(0.81674 -0.39692 0)
(0.873129 -0.401904 0)
(0.928331 -0.405305 0)
(0.983704 -0.405985 0)
(1.04083 -0.402848 0)
(1.10128 -0.394177 0)
(1.16658 -0.378112 0)
(1.23842 -0.351978 0)
(1.31942 -0.312512 0)
(1.41277 -0.255847 0)
(1.52142 -0.175816 0)
(1.64814 -0.0654503 0)
(1.79475 0.0857431 0)
(1.96061 0.2915 0)
(2.13984 0.569912 0)
(2.31802 0.943885 0)
(2.46316 1.44026 0)
(2.5298 2.08255 0)
(2.39384 2.88159 0)
(2.0032 3.71858 0)
(0.87799 4.58594 0)
(0.0556797 -0.398399 0)
(0.165504 -0.399513 0)
(0.271002 -0.401579 0)
(0.370118 -0.404779 0)
(0.461549 -0.408852 0)
(0.544796 -0.414095 0)
(0.620496 -0.41938 0)
(0.689414 -0.425692 0)
(0.752885 -0.432062 0)
(0.812461 -0.438641 0)
(0.869567 -0.444609 0)
(0.926104 -0.449503 0)
(0.983759 -0.452485 0)
(1.04419 -0.452175 0)
(1.10905 -0.447412 0)
(1.18036 -0.436315 0)
(1.26084 -0.416408 0)
(1.35311 -0.384311 0)
(1.46128 -0.335903 0)
(1.58998 -0.265503 0)
(1.74364 -0.165321 0)
(1.927 -0.0243084 0)
(2.14281 0.173356 0)
(2.39 0.450544 0)
(2.65909 0.840466 0)
(2.92025 1.38952 0)
(3.12166 2.17002 0)
(3.0629 3.26406 0)
(2.69019 4.76032 0)
(1.18382 6.6442 0)
(0.0552429 -0.44197 0)
(0.164274 -0.443027 0)
(0.269072 -0.445055 0)
(0.367465 -0.448186 0)
(0.458111 -0.452284 0)
(0.54096 -0.457054 0)
(0.616165 -0.462684 0)
(0.684596 -0.469175 0)
(0.747813 -0.476057 0)
(0.807332 -0.483473 0)
(0.864983 -0.490727 0)
(0.922425 -0.497427 0)
(0.9817 -0.502816 0)
(1.04464 -0.506153 0)
(1.11318 -0.506015 0)
(1.18983 -0.500727 0)
(1.27742 -0.488101 0)
(1.3798 -0.465532 0)
(1.50188 -0.428327 0)
(1.64937 -0.371311 0)
(1.82905 -0.286589 0)
(2.04878 -0.163711 0)
(2.31678 0.0137256 0)
(2.6402 0.270884 0)
(3.02222 0.647387 0)
(3.45963 1.20254 0)
(3.9326 2.02748 0)
(4.32034 3.20305 0)
(4.54024 4.79024 0)
(2.38263 7.06739 0)
(0.0548864 -0.487078 0)
(0.163189 -0.488077 0)
(0.267131 -0.490069 0)
(0.364695 -0.493186 0)
(0.454898 -0.497261 0)
(0.536996 -0.502203 0)
(0.611406 -0.508282 0)
(0.679386 -0.515202 0)
(0.742163 -0.52297 0)
(0.801461 -0.53134 0)
(0.859102 -0.540189 0)
(0.917039 -0.549112 0)
(0.977215 -0.557479 0)
(1.04179 -0.564776 0)
(1.11312 -0.569773 0)
(1.19379 -0.571166 0)
(1.28724 -0.567172 0)
(1.39794 -0.555194 0)
(1.53195 -0.531645 0)
(1.69628 -0.492065 0)
(1.89935 -0.429606 0)
(2.15226 -0.334061 0)
(2.46881 -0.190506 0)
(2.86537 0.025381 0)
(3.35823 0.359487 0)
(3.95741 0.885148 0)
(4.63027 1.82214 0)
(5.20785 3.29768 0)
(5.73122 6.93811 0)
(3.00042 13.3807 0)
(0.0545323 -0.528472 0)
(0.162146 -0.529545 0)
(0.265429 -0.531699 0)
(0.362333 -0.534904 0)
(0.451702 -0.539025 0)
(0.533125 -0.544404 0)
(0.606916 -0.550798 0)
(0.674162 -0.558334 0)
(0.736356 -0.567058 0)
(0.795124 -0.576707 0)
(0.852401 -0.58727 0)
(0.910218 -0.598441 0)
(0.970681 -0.609921 0)
(1.03605 -0.621046 0)
(1.10886 -0.631088 0)
(1.19199 -0.638984 0)
(1.28919 -0.643287 0)
(1.4056 -0.641916 0)
(1.54751 -0.632313 0)
(1.72296 -0.611074 0)
(1.94277 -0.572881 0)
(2.22059 -0.510223 0)
(2.57474 -0.411279 0)
(3.03419 -0.256399 0)
(3.63637 -0.00845392 0)
(4.49478 0.39261 0)
(5.6006 1.14505 0)
(7.76562 2.36412 0)
(10.341 5.68498 0)
(18.1303 12.0861 0)
(0.0542035 -0.56591 0)
(0.161137 -0.567035 0)
(0.263727 -0.569334 0)
(0.360036 -0.572718 0)
(0.448843 -0.577177 0)
(0.529502 -0.582789 0)
(0.602548 -0.589789 0)
(0.669049 -0.598017 0)
(0.730495 -0.607685 0)
(0.788631 -0.618628 0)
(0.845319 -0.630904 0)
(0.902693 -0.644338 0)
(0.962928 -0.658697 0)
(1.02846 -0.673494 0)
(1.10189 -0.688296 0)
(1.18628 -0.702294 0)
(1.2857 -0.714395 0)
(1.40538 -0.723106 0)
(1.55219 -0.726806 0)
(1.73492 -0.722859 0)
(1.96472 -0.708365 0)
(2.25687 -0.67952 0)
(2.633 -0.629633 0)
(3.12614 -0.548233 0)
(3.77975 -0.415544 0)
(4.71348 -0.198322 0)
(5.94414 0.194248 0)
(8.21018 0.839857 0)
(10.8846 2.02632 0)
(19.0309 4.53688 0)
(0.0538576 -0.603956 0)
(0.160092 -0.605171 0)
(0.262019 -0.607492 0)
(0.357627 -0.611023 0)
(0.445659 -0.615862 0)
(0.525556 -0.622057 0)
(0.597778 -0.629647 0)
(0.663424 -0.6388 0)
(0.72399 -0.649519 0)
(0.781193 -0.661927 0)
(0.836976 -0.676079 0)
(0.893545 -0.69192 0)
(0.953188 -0.7093 0)
(1.0183 -0.727943 0)
(1.09158 -0.747637 0)
(1.17633 -0.767869 0)
(1.2767 -0.787934 0)
(1.39815 -0.80706 0)
(1.54766 -0.824106 0)
(1.73402 -0.838316 0)
(1.96878 -0.849011 0)
(2.26784 -0.855425 0)
(2.65355 -0.857304 0)
(3.16272 -0.854888 0)
(3.84648 -0.846908 0)
(4.8611 -0.831219 0)
(6.21926 -0.799545 0)
(8.89986 -0.76406 0)
(11.7142 -0.68771 0)
(20.7579 -0.712318 0)
(0.0534747 -0.642223 0)
(0.159016 -0.64352 0)
(0.260216 -0.645946 0)
(0.355014 -0.649788 0)
(0.442222 -0.655039 0)
(0.521231 -0.661795 0)
(0.592501 -0.670177 0)
(0.657125 -0.680321 0)
(0.716618 -0.692358 0)
(0.772695 -0.706388 0)
(0.827325 -0.722546 0)
(0.882762 -0.740861 0)
(0.941316 -0.761346 0)
(1.00545 -0.783965 0)
(1.07793 -0.808562 0)
(1.1621 -0.834986 0)
(1.26219 -0.862954 0)
(1.38368 -0.892259 0)
(1.53343 -0.922797 0)
(1.71998 -0.9551 0)
(1.95445 -0.990642 0)
(2.2519 -1.03239 0)
(2.63332 -1.08646 0)
(3.13238 -1.16347 0)
(3.794 -1.28496 0)
(4.74203 -1.48655 0)
(5.98521 -1.86359 0)
(8.2743 -2.48063 0)
(10.9588 -3.62277 0)
(19.4006 -6.00721 0)
(0.0530796 -0.680532 0)
(0.157859 -0.681889 0)
(0.25826 -0.684575 0)
(0.352172 -0.688702 0)
(0.438454 -0.69448 0)
(0.516473 -0.701894 0)
(0.586661 -0.71115 0)
(0.650115 -0.722399 0)
(0.708349 -0.735814 0)
(0.763079 -0.751565 0)
(0.816291 -0.769822 0)
(0.870265 -0.790714 0)
(0.927327 -0.814369 0)
(0.989968 -0.840866 0)
(1.06097 -0.870315 0)
(1.14369 -0.90276 0)
(1.24234 -0.938327 0)
(1.36225 -0.977375 0)
(1.50995 -1.02071 0)
(1.69331 -1.07013 0)
(1.92239 -1.12916 0)
(2.21033 -1.20406 0)
(2.57486 -1.30619 0)
(3.04353 -1.45565 0)
(3.65241 -1.69232 0)
(4.51356 -2.08003 0)
(5.62784 -2.82063 0)
(7.80283 -4.02527 0)
(10.4504 -7.35632 0)
(18.4214 -13.7614 0)
(24.348 3.84293 0)
(21.7654 -0.546188 0)
(23.1951 -0.975748 0)
(24.2433 -0.731518 0)
(24.6522 -0.403385 0)
(24.9591 -0.205183 0)
(25.2125 -0.104469 0)
(25.4286 -0.0529358 0)
(25.6249 -0.0270805 0)
(25.8094 -0.0139379 0)
(25.9841 -0.0072075 0)
(26.1489 -0.00372862 0)
(26.3032 -0.00193023 0)
(26.4463 -0.00100269 0)
(26.5776 -0.000522224 0)
(26.6964 -0.000270708 0)
(26.8032 -0.00013858 0)
(26.896 -6.87294e-05 0)
(26.9814 -3.25305e-05 0)
(27.0434 -1.27715e-05 0)
(27.1198 -3.22567e-06 0)
(27.1443 1.05619e-06 0)
(27.2267 2.41192e-06 0)
(27.2086 2.17945e-06 0)
(27.2456 1.3529e-06 0)
(26.569 -1.07115 0)
(26.4416 -0.657383 0)
(25.6562 -0.269563 0)
(25.383 -0.0719452 0)
(25.2673 0.0213496 0)
(25.2756 0.0347488 0)
(25.3638 0.0271563 0)
(25.5067 0.0174515 0)
(25.665 0.0104538 0)
(25.8305 0.005977 0)
(25.9956 0.00331139 0)
(26.1554 0.00179701 0)
(26.3072 0.000953602 0)
(26.4489 0.00050013 0)
(26.5795 0.000261026 0)
(26.698 0.000136284 0)
(26.8047 7.4414e-05 0)
(26.8973 4.45783e-05 0)
(26.9827 3.00955e-05 0)
(27.0447 2.26895e-05 0)
(27.1211 1.76497e-05 0)
(27.1455 1.34557e-05 0)
(27.228 9.65766e-06 0)
(27.2099 5.70195e-06 0)
(27.2469 2.18453e-06 0)
(26.5094 -0.32297 0)
(24.5381 -0.162498 0)
(24.2819 -0.0674329 0)
(24.5345 -0.0427473 0)
(24.7615 -0.0181103 0)
(24.9682 -0.00790083 0)
(25.1961 -0.00365959 0)
(25.4136 -0.00187504 0)
(25.6149 -0.00098277 0)
(25.8036 -0.000539924 0)
(25.9812 -0.000313592 0)
(26.1478 -0.000190173 0)
(26.3032 -0.000118465 0)
(26.4468 -7.45424e-05 0)
(26.5784 -4.50734e-05 0)
(26.6974 -2.37309e-05 0)
(26.8044 -7.89817e-06 0)
(26.8972 3.48796e-06 0)
(26.9827 1.04604e-05 0)
(27.0447 1.39713e-05 0)
(27.1211 1.40948e-05 0)
(27.1455 1.23076e-05 0)
(27.2279 9.08587e-06 0)
(27.2099 5.4457e-06 0)
(27.2468 1.81311e-06 0)
(26.7029 0.706789 0)
(26.6555 0.479033 0)
(25.7945 0.227642 0)
(25.4372 0.0507595 0)
(25.2977 -0.0336849 0)
(25.2877 -0.0419193 0)
(25.3691 -0.0314967 0)
(25.5092 -0.0198673 0)
(25.6663 -0.0118345 0)
(25.8312 -0.00677879 0)
(25.9959 -0.00379862 0)
(26.1556 -0.00209961 0)
(26.3073 -0.00114404 0)
(26.449 -0.000620547 0)
(26.5796 -0.000334624 0)
(26.698 -0.000175472 0)
(26.8047 -8.79084e-05 0)
(26.8974 -3.95361e-05 0)
(26.9828 -1.37239e-05 0)
(27.0447 -4.69969e-07 0)
(27.1211 4.91657e-06 0)
(27.1455 6.24345e-06 0)
(27.2279 4.86808e-06 0)
(27.2099 3.01529e-06 0)
(27.2468 7.13334e-07 0)
(24.9276 -4.36713 0)
(21.7316 0.439888 0)
(23.2424 0.967398 0)
(24.264 0.742639 0)
(24.6639 0.408791 0)
(24.9667 0.205694 0)
(25.2173 0.103941 0)
(25.4314 0.0524193 0)
(25.6265 0.0266902 0)
(25.8103 0.013679 0)
(25.9846 0.00703375 0)
(26.1492 0.00361655 0)
(26.3034 0.0018589 0)
(26.4464 0.000956775 0)
(26.5776 0.000493638 0)
(26.6964 0.000255251 0)
(26.8033 0.000132991 0)
(26.896 7.02882e-05 0)
(26.9814 3.8444e-05 0)
(27.0434 2.102e-05 0)
(27.1198 1.16972e-05 0)
(27.1442 6.33551e-06 0)
(27.2267 3.02797e-06 0)
(27.2086 1.09209e-06 0)
(27.2456 -2.6814e-07 0)
(0.0526057 -0.72389 0)
(0.156425 -0.725354 0)
(0.25585 -0.728393 0)
(0.348664 -0.732886 0)
(0.433761 -0.739347 0)
(0.510538 -0.747602 0)
(0.579346 -0.757959 0)
(0.641301 -0.770578 0)
(0.697902 -0.785678 0)
(0.750868 -0.803482 0)
(0.802195 -0.824197 0)
(0.854161 -0.848039 0)
(0.909106 -0.875251 0)
(0.969508 -0.906034 0)
(1.03814 -0.940713 0)
(1.11834 -0.979559 0)
(1.21414 -1.0231 0)
(1.33056 -1.07227 0)
(1.47354 -1.12877 0)
(1.64983 -1.1956 0)
(1.86769 -1.27812 0)
(2.13709 -1.38519 0)
(2.47004 -1.53193 0)
(2.88154 -1.74375 0)
(3.38735 -2.06741 0)
(4.00121 -2.57674 0)
(4.68885 -3.49337 0)
(5.27664 -4.95492 0)
(5.79923 -8.59721 0)
(3.03807 -15.1394 0)
(0.0520253 -0.772091 0)
(0.154614 -0.773721 0)
(0.252833 -0.777168 0)
(0.34428 -0.782191 0)
(0.427847 -0.789449 0)
(0.503055 -0.798752 0)
(0.570096 -0.810431 0)
(0.630129 -0.824678 0)
(0.684624 -0.841746 0)
(0.735303 -0.861896 0)
(0.784159 -0.885367 0)
(0.833443 -0.91245 0)
(0.885492 -0.943471 0)
(0.942734 -0.978762 0)
(1.0079 -1.01878 0)
(1.08419 -1.06405 0)
(1.17534 -1.11546 0)
(1.28584 -1.17444 0)
(1.42069 -1.24346 0)
(1.58515 -1.32652 0)
(1.78501 -1.43021 0)
(2.0264 -1.56494 0)
(2.31513 -1.74716 0)
(2.65626 -2.0027 0)
(3.0516 -2.37257 0)
(3.49433 -2.91854 0)
(3.96497 -3.73968 0)
(4.34634 -4.91617 0)
(4.55869 -6.49017 0)
(2.39852 -8.77141 0)
(0.0513706 -0.819843 0)
(0.152579 -0.821686 0)
(0.249434 -0.825533 0)
(0.339358 -0.831275 0)
(0.421209 -0.839269 0)
(0.494634 -0.849775 0)
(0.559695 -0.862839 0)
(0.617564 -0.878785 0)
(0.669693 -0.897862 0)
(0.717806 -0.920353 0)
(0.76388 -0.946508 0)
(0.810124 -0.976663 0)
(0.858851 -1.01118 0)
(0.912435 -1.0505 0)
(0.973502 -1.09512 0)
(1.04507 -1.14578 0)
(1.13048 -1.2036 0)
(1.23354 -1.27039 0)
(1.35827 -1.3491 0)
(1.50828 -1.44425 0)
(1.68698 -1.56291 0)
(1.89686 -1.71567 0)
(2.13822 -1.91825 0)
(2.40745 -2.19386 0)
(2.69294 -2.57653 0)
(2.96325 -3.11456 0)
(3.16723 -3.87849 0)
(3.10424 -4.95457 0)
(2.71666 -6.43538 0)
(1.19005 -8.30768 0)
(0.0506293 -0.866928 0)
(0.150304 -0.869013 0)
(0.245569 -0.873285 0)
(0.333871 -0.87985 0)
(0.413827 -0.888614 0)
(0.485191 -0.900393 0)
(0.548107 -0.914893 0)
(0.603581 -0.932569 0)
(0.653117 -0.953642 0)
(0.698433 -0.978397 0)
(0.741481 -1.00708 0)
(0.784426 -1.04003 0)
(0.829534 -1.07762 0)
(0.879121 -1.12033 0)
(0.935682 -1.16869 0)
(1.00197 -1.22354 0)
(1.0809 -1.28619 0)
(1.17556 -1.35865 0)
(1.28892 -1.44412 0)
(1.42309 -1.54728 0)
(1.5793 -1.67507 0)
(1.75707 -1.83735 0)
(1.95268 -2.04785 0)
(2.15732 -2.3252 0)
(2.35384 -2.69343 0)
(2.50819 -3.18098 0)
(2.5733 -3.81315 0)
(2.4257 -4.60454 0)
(2.01741 -5.43633 0)
(0.880935 -6.29686 0)
(0.0497916 -0.913144 0)
(0.147765 -0.915499 0)
(0.241224 -0.920247 0)
(0.327743 -0.927618 0)
(0.405641 -0.937363 0)
(0.474716 -0.95033 0)
(0.535307 -0.96634 0)
(0.588193 -0.985721 0)
(0.634956 -1.00872 0)
(0.677305 -1.03559 0)
(0.717166 -1.06655 0)
(0.756659 -1.10192 0)
(0.797996 -1.14204 0)
(0.843419 -1.18738 0)
(0.895276 -1.23848 0)
(0.956014 -1.29624 0)
(1.02807 -1.36206 0)
(1.11385 -1.43806 0)
(1.2153 -1.52745 0)
(1.33324 -1.63481 0)
(1.46713 -1.76651 0)
(1.61431 -1.93117 0)
(1.76846 -2.13997 0)
(1.91815 -2.40667 0)
(2.04427 -2.74701 0)
(2.11438 -3.17659 0)
(2.08666 -3.70305 0)
(1.87025 -4.32408 0)
(1.42714 -4.96298 0)
(0.576419 -5.57531 0)
(0.0488459 -0.958319 0)
(0.144924 -0.960958 0)
(0.236388 -0.966255 0)
(0.320901 -0.974415 0)
(0.396615 -0.985324 0)
(0.463229 -0.999345 0)
(0.521282 -1.01695 0)
(0.571455 -1.03796 0)
(0.615316 -1.06277 0)
(0.654602 -1.09153 0)
(0.691209 -1.12443 0)
(0.727213 -1.16174 0)
(0.76477 -1.20375 0)
(0.80603 -1.25087 0)
(0.853176 -1.30367 0)
(0.908313 -1.36303 0)
(0.973416 -1.43041 0)
(1.05022 -1.50793 0)
(1.1398 -1.59868 0)
(1.2419 -1.70695 0)
(1.35468 -1.8383 0)
(1.47402 -1.9999 0)
(1.59229 -2.2003 0)
(1.69722 -2.44895 0)
(1.77026 -2.75503 0)
(1.78353 -3.1248 0)
(1.70323 -3.55455 0)
(1.47117 -4.02914 0)
(1.06677 -4.47318 0)
(0.412764 -4.83432 0)
(0.0477935 -1.0023 0)
(0.141753 -1.00524 0)
(0.231028 -1.01114 0)
(0.313294 -1.0201 0)
(0.386748 -1.03224 0)
(0.450749 -1.04734 0)
(0.506042 -1.06648 0)
(0.553464 -1.08902 0)
(0.594352 -1.11545 0)
(0.630565 -1.14581 0)
(0.663948 -1.18025 0)
(0.696546 -1.21894 0)
(0.730445 -1.26212 0)
(0.767693 -1.31015 0)
(0.810273 -1.36357 0)
(0.859957 -1.42329 0)
(0.918257 -1.49072 0)
(0.986313 -1.56797 0)
(1.06446 -1.65792 0)
(1.15163 -1.7644 0)
(1.24511 -1.89216 0)
(1.33994 -2.04687 0)
(1.42812 -2.23474 0)
(1.4977 -2.46172 0)
(1.53199 -2.73223 0)
(1.50834 -3.04656 0)
(1.40097 -3.39571 0)
(1.17394 -3.76014 0)
(0.816119 -4.08257 0)
(0.30357 -4.32145 0)
(0.0466187 -1.04497 0)
(0.138228 -1.04825 0)
(0.225132 -1.05476 0)
(0.304915 -1.06459 0)
(0.375976 -1.07784 0)
(0.437279 -1.0943 0)
(0.48969 -1.11463 0)
(0.534338 -1.13867 0)
(0.572269 -1.16646 0)
(0.605486 -1.19807 0)
(0.635781 -1.23357 0)
(0.665163 -1.27302 0)
(0.695642 -1.31662 0)
(0.729145 -1.36467 0)
(0.767427 -1.4177 0)
(0.811944 -1.47662 0)
(0.863764 -1.54279 0)
(0.923503 -1.61825 0)
(0.990926 -1.70564 0)
(1.06437 -1.80831 0)
(1.1406 -1.93018 0)
(1.21437 -2.07558 0)
(1.27786 -2.24878 0)
(1.32016 -2.45307 0)
(1.32698 -2.68957 0)
(1.28062 -2.9551 0)
(1.16226 -3.23868 0)
(0.950586 -3.52055 0)
(0.641068 -3.75857 0)
(0.231828 -3.91867 0)
(0.0453141 -1.08625 0)
(0.134337 -1.08985 0)
(0.218645 -1.09702 0)
(0.295808 -1.10775 0)
(0.364231 -1.1221 0)
(0.422869 -1.13995 0)
(0.472419 -1.16126 0)
(0.514177 -1.18664 0)
(0.549326 -1.21548 0)
(0.579702 -1.24794 0)
(0.607145 -1.28395 0)
(0.633597 -1.32351 0)
(0.660984 -1.36678 0)
(0.691089 -1.414 0)
(0.725426 -1.46571 0)
(0.765145 -1.52281 0)
(0.810914 -1.58664 0)
(0.862895 -1.65909 0)
(0.92042 -1.7426 0)
(0.981457 -1.84003 0)
(1.04254 -1.95457 0)
(1.09847 -2.0894 0)
(1.14201 -2.24722 0)
(1.16361 -2.42943 0)
(1.15147 -2.63502 0)
(1.09214 -2.85901 0)
(0.97235 -3.09025 0)
(0.779902 -3.31091 0)
(0.514271 -3.49052 0)
(0.182248 -3.60283 0)
(0.0438933 -1.12604 0)
(0.130071 -1.12997 0)
(0.211563 -1.13781 0)
(0.285908 -1.14948 0)
(0.351578 -1.16491 0)
(0.407601 -1.18394 0)
(0.454303 -1.20636 0)
(0.493238 -1.23259 0)
(0.525807 -1.26222 0)
(0.553594 -1.29504 0)
(0.578499 -1.331 0)
(0.602384 -1.37003 0)
(0.627066 -1.41222 0)
(0.654167 -1.45784 0)
(0.684957 -1.50741 0)
(0.720285 -1.56186 0)
(0.760477 -1.62249 0)
(0.805304 -1.69104 0)
(0.853791 -1.76976 0)
(0.903724 -1.86108 0)
(0.951606 -1.96752 0)
(0.992567 -2.09136 0)
(1.02014 -2.23408 0)
(1.02623 -2.39578 0)
(1.00138 -2.57417 0)
(0.935572 -2.76352 0)
(0.819727 -2.95345 0)
(0.64722 -3.12868 0)
(0.419766 -3.26708 0)
(0.146687 -3.34889 0)
(0.0423369 -1.1643 0)
(0.125415 -1.1686 0)
(0.203861 -1.17709 0)
(0.275279 -1.18964 0)
(0.338118 -1.20607 0)
(0.391453 -1.22619 0)
(0.435545 -1.24963 0)
(0.471841 -1.27624 0)
(0.501993 -1.30632 0)
(0.527568 -1.339 0)
(0.550305 -1.37435 0)
(0.572036 -1.41221 0)
(0.594434 -1.45267 0)
(0.618943 -1.496 0)
(0.646588 -1.54277 0)
(0.677932 -1.5939 0)
(0.713007 -1.6507 0)
(0.751273 -1.7148 0)
(0.791546 -1.7882 0)
(0.831579 -1.87298 0)
(0.86801 -1.97111 0)
(0.896441 -2.08412 0)
(0.911287 -2.21264 0)
(0.905852 -2.35586 0)
(0.872748 -2.51082 0)
(0.804667 -2.67169 0)
(0.695579 -2.82916 0)
(0.542198 -2.97052 0)
(0.34733 -3.07946 0)
(0.120211 -3.14126 0)
(0.0406337 -1.20102 0)
(0.120382 -1.20566 0)
(0.195621 -1.21476 0)
(0.263948 -1.22816 0)
(0.323879 -1.24548 0)
(0.374579 -1.26647 0)
(0.41637 -1.29066 0)
(0.450273 -1.31745 0)
(0.478235 -1.34737 0)
(0.502034 -1.37949 0)
(0.523013 -1.41365 0)
(0.543025 -1.44976 0)
(0.563563 -1.4879 0)
(0.585877 -1.52839 0)
(0.610751 -1.57185 0)
(0.638482 -1.61923 0)
(0.668853 -1.67182 0)
(0.701096 -1.73117 0)
(0.733902 -1.79904 0)
(0.765097 -1.87724 0)
(0.791583 -1.96723 0)
(0.80951 -2.07 0)
(0.814192 -2.18553 0)
(0.800236 -2.31247 0)
(0.762007 -2.44754 0)
(0.694293 -2.58516 0)
(0.593237 -2.71716 0)
(0.457522 -2.83307 0)
(0.290328 -2.92064 0)
(0.099813 -2.9689 0)
(0.0388225 -1.23615 0)
(0.115 -1.24109 0)
(0.186808 -1.25072 0)
(0.252003 -1.26491 0)
(0.309083 -1.28295 0)
(0.35721 -1.30453 0)
(0.396911 -1.32906 0)
(0.428854 -1.35597 0)
(0.454973 -1.38499 0)
(0.477336 -1.41614 0)
(0.497043 -1.44859 0)
(0.515761 -1.48244 0)
(0.534841 -1.51779 0)
(0.555316 -1.55503 0)
(0.577736 -1.59485 0)
(0.602162 -1.63824 0)
(0.62817 -1.68648 0)
(0.654853 -1.74103 0)
(0.680839 -1.80345 0)
(0.704109 -1.87528 0)
(0.721919 -1.9576 0)
(0.730994 -2.05093 0)
(0.72752 -2.15483 0)
(0.707272 -2.26763 0)
(0.666071 -2.38598 0)
(0.600316 -2.50469 0)
(0.507682 -2.61667 0)
(0.387983 -2.71329 0)
(0.244352 -2.78514 0)
(0.0835987 -2.82397 0)
(0.0368906 -1.26964 0)
(0.109345 -1.27484 0)
(0.177574 -1.28492 0)
(0.23952 -1.29958 0)
(0.29385 -1.31825 0)
(0.339641 -1.34012 0)
(0.377388 -1.36455 0)
(0.407879 -1.39127 0)
(0.432629 -1.41903 0)
(0.453831 -1.44852 0)
(0.472762 -1.47891 0)
(0.490577 -1.51007 0)
(0.50855 -1.54229 0)
(0.527475 -1.57603 0)
(0.547682 -1.61207 0)
(0.569033 -1.65143 0)
(0.590945 -1.69539 0)
(0.61244 -1.74531 0)
(0.632154 -1.80257 0)
(0.648275 -1.86844 0)
(0.658465 -1.9437 0)
(0.660024 -2.02853 0)
(0.649952 -2.12219 0)
(0.62505 -2.22284 0)
(0.582337 -2.3272 0)
(0.519451 -2.43054 0)
(0.435137 -2.52671 0)
(0.329842 -2.60856 0)
(0.206417 -2.66867 0)
(0.0703521 -2.70073 0)
(0.034876 -1.30138 0)
(0.103424 -1.30675 0)
(0.168065 -1.31718 0)
(0.226739 -1.33208 0)
(0.278359 -1.35102 0)
(0.322124 -1.37286 0)
(0.358148 -1.39689 0)
(0.387564 -1.42274 0)
(0.411579 -1.44923 0)
(0.431952 -1.47631 0)
(0.450391 -1.50438 0)
(0.46772 -1.53255 0)
(0.484848 -1.56147 0)
(0.502432 -1.59164 0)
(0.520586 -1.62393 0)
(0.539011 -1.65941 0)
(0.55702 -1.69933 0)
(0.573617 -1.74495 0)
(0.587519 -1.79748 0)
(0.597148 -1.85793 0)
(0.600592 -1.92685 0)
(0.595717 -2.00414 0)
(0.580255 -2.08888 0)
(0.5519 -2.17914 0)
(0.508653 -2.27182 0)
(0.449106 -2.36264 0)
(0.372761 -2.44625 0)
(0.280392 -2.51666 0)
(0.174464 -2.56788 0)
(0.0592691 -2.59496 0)
(0.0328167 -1.33122 0)
(0.0973697 -1.33665 0)
(0.158386 -1.34721 0)
(0.213878 -1.36216 0)
(0.262947 -1.38092 0)
(0.304877 -1.40238 0)
(0.339588 -1.42566 0)
(0.36821 -1.4501 0)
(0.392021 -1.47492 0)
(0.412031 -1.49961 0)
(0.430138 -1.52466 0)
(0.447312 -1.54989 0)
(0.463768 -1.57546 0)
(0.480133 -1.60216 0)
(0.49631 -1.63093 0)
(0.511886 -1.66284 0)
(0.526119 -1.69909 0)
(0.538048 -1.74086 0)
(0.546525 -1.78918 0)
(0.550226 -1.84482 0)
(0.547655 -1.90815 0)
(0.537228 -1.97883 0)
(0.517321 -2.05584 0)
(0.486395 -2.13727 0)
(0.443259 -2.2202 0)
(0.387249 -2.30078 0)
(0.318408 -2.37433 0)
(0.237661 -2.43576 0)
(0.147047 -2.48013 0)
(0.0498028 -2.50345 0)
(0.0307641 -1.35888 0)
(0.0913087 -1.36424 0)
(0.148739 -1.37469 0)
(0.201195 -1.38936 0)
(0.247877 -1.40761 0)
(0.288223 -1.42824 0)
(0.321985 -1.45032 0)
(0.350229 -1.47311 0)
(0.374053 -1.49569 0)
(0.394248 -1.51807 0)
(0.412282 -1.53987 0)
(0.429224 -1.56212 0)
(0.445227 -1.58454 0)
(0.460389 -1.60804 0)
(0.474597 -1.63364 0)
(0.487345 -1.66241 0)
(0.497888 -1.69549 0)
(0.505338 -1.73393 0)
(0.508723 -1.7786 0)
(0.506985 -1.83007 0)
(0.499033 -1.8885 0)
(0.483782 -1.95345 0)
(0.460176 -2.02381 0)
(0.427335 -2.09771 0)
(0.384729 -2.17248 0)
(0.33229 -2.24464 0)
(0.270458 -2.31005 0)
(0.200205 -2.36433 0)
(0.123141 -2.40332 0)
(0.0415761 -2.4237 0)
(0.0287545 -1.38392 0)
(0.085391 -1.3891 0)
(0.139353 -1.39916 0)
(0.188932 -1.41326 0)
(0.23348 -1.43059 0)
(0.272511 -1.44994 0)
(0.305589 -1.47051 0)
(0.333824 -1.49125 0)
(0.357939 -1.51148 0)
(0.378545 -1.53139 0)
(0.396755 -1.55035 0)
(0.413459 -1.56938 0)
(0.42896 -1.58909 0)
(0.442916 -1.60978 0)
(0.455099 -1.6327 0)
(0.465006 -1.65886 0)
(0.471919 -1.68931 0)
(0.475063 -1.72496 0)
(0.473659 -1.76655 0)
(0.466928 -1.81445 0)
(0.454149 -1.86867 0)
(0.434683 -1.92866 0)
(0.407983 -1.9933 0)
(0.373717 -2.0608 0)
(0.331909 -2.12871 0)
(0.282988 -2.19387 0)
(0.227694 -2.25261 0)
(0.166977 -2.30106 0)
(0.102023 -2.33571 0)
(0.0343266 -2.35376 0)
(0.0268401 -1.40573 0)
(0.0797595 -1.41061 0)
(0.130432 -1.42004 0)
(0.177375 -1.43329 0)
(0.220076 -1.44928 0)
(0.257974 -1.46707 0)
(0.290679 -1.48578 0)
(0.319174 -1.50424 0)
(0.343633 -1.52224 0)
(0.364793 -1.53956 0)
(0.383487 -1.556 0)
(0.399854 -1.57227 0)
(0.414603 -1.58942 0)
(0.427337 -1.60796 0)
(0.4374 -1.62876 0)
(0.444441 -1.65288 0)
(0.447785 -1.68127 0)
(0.446798 -1.7147 0)
(0.440899 -1.75374 0)
(0.429589 -1.79864 0)
(0.412481 -1.84924 0)
(0.389328 -1.90496 0)
(0.360024 -1.96468 0)
(0.324704 -2.02674 0)
(0.283877 -2.08885 0)
(0.238394 -2.14811 0)
(0.18922 -2.20124 0)
(0.137222 -2.24485 0)
(0.0831779 -2.27591 0)
(0.0278702 -2.29206 0)
(0.0250519 -1.42357 0)
(0.0745471 -1.42806 0)
(0.122171 -1.43667 0)
(0.166778 -1.44877 0)
(0.207882 -1.4631 0)
(0.244848 -1.47918 0)
(0.277422 -1.49572 0)
(0.306188 -1.51202 0)
(0.331168 -1.52778 0)
(0.352959 -1.54262 0)
(0.37196 -1.55701 0)
(0.388128 -1.57124 0)
(0.401907 -1.58616 0)
(0.413101 -1.60313 0)
(0.421058 -1.62245 0)
(0.425205 -1.64513 0)
(0.425059 -1.67202 0)
(0.420131 -1.70377 0)
(0.410041 -1.74078 0)
(0.39455 -1.78317 0)
(0.373571 -1.8307 0)
(0.347193 -1.88274 0)
(0.315691 -1.93823 0)
(0.279616 -1.99561 0)
(0.239919 -2.05272 0)
(0.197809 -2.10691 0)
(0.154381 -2.15522 0)
(0.11038 -2.19473 0)
(0.066222 -2.22279 0)
(0.0220698 -2.23733 0)
(0.023438 -1.43656 0)
(0.0698345 -1.44056 0)
(0.114739 -1.44823 0)
(0.157345 -1.45888 0)
(0.197031 -1.47155 0)
(0.233254 -1.48578 0)
(0.265788 -1.50009 0)
(0.294874 -1.51447 0)
(0.320444 -1.52797 0)
(0.34264 -1.54101 0)
(0.361794 -1.5537 0)
(0.377764 -1.56645 0)
(0.390432 -1.58015 0)
(0.399827 -1.59575 0)
(0.405565 -1.6144 0)
(0.406867 -1.6362 0)
(0.403335 -1.66215 0)
(0.394687 -1.69269 0)
(0.380723 -1.72813 0)
(0.36144 -1.76845 0)
(0.337017 -1.81338 0)
(0.307828 -1.86227 0)
(0.274485 -1.9141 0)
(0.237936 -1.96738 0)
(0.199523 -2.02007 0)
(0.160712 -2.06979 0)
(0.122661 -2.11397 0)
(0.0860155 -2.14997 0)
(0.0508762 -2.17539 0)
(0.0168313 -2.18849 0)
(0.0220211 -1.44372 0)
(0.0657066 -1.44718 0)
(0.108289 -1.45381 0)
(0.149109 -1.46298 0)
(0.187496 -1.47411 0)
(0.223218 -1.48635 0)
(0.25568 -1.4988 0)
(0.28506 -1.51131 0)
(0.311058 -1.5232 0)
(0.333457 -1.53491 0)
(0.352674 -1.54638 0)
(0.368077 -1.55846 0)
(0.379701 -1.57163 0)
(0.387146 -1.58674 0)
(0.390399 -1.6049 0)
(0.389013 -1.62659 0)
(0.382237 -1.65206 0)
(0.370123 -1.68186 0)
(0.352621 -1.71612 0)
(0.329933 -1.75479 0)
(0.302469 -1.79752 0)
(0.27086 -1.84369 0)
(0.236033 -1.89229 0)
(0.199303 -1.94188 0)
(0.162302 -1.9906 0)
(0.126649 -2.03642 0)
(0.0936191 -2.07707 0)
(0.0638317 -2.1098 0)
(0.0370046 -2.13282 0)
(0.0121187 -2.14469 0)
(0.0208173 -1.44406 0)
(0.0621932 -1.44699 0)
(0.102771 -1.45263 0)
(0.141966 -1.46054 0)
(0.179322 -1.47011 0)
(0.214544 -1.48056 0)
(0.24687 -1.4917 0)
(0.276378 -1.50254 0)
(0.302563 -1.5137 0)
(0.325071 -1.52435 0)
(0.343944 -1.53566 0)
(0.358625 -1.54761 0)
(0.368997 -1.5609 0)
(0.374609 -1.57649 0)
(0.375361 -1.59456 0)
(0.371121 -1.61656 0)
(0.36144 -1.64208 0)
(0.346132 -1.67152 0)
(0.32545 -1.70497 0)
(0.299748 -1.74231 0)
(0.269642 -1.78319 0)
(0.236008 -1.82696 0)
(0.200069 -1.87265 0)
(0.163428 -1.9189 0)
(0.127872 -1.96407 0)
(0.095175 -2.00669 0)
(0.067045 -2.04367 0)
(0.0437687 -2.07359 0)
(0.0244165 -2.09443 0)
(0.00781134 -2.10526 0)
(0.0198001 -1.4367 0)
(0.0592099 -1.4392 0)
(0.0980268 -1.44404 0)
(0.135865 -1.45083 0)
(0.172322 -1.45906 0)
(0.206857 -1.46839 0)
(0.239025 -1.47844 0)
(0.268391 -1.48851 0)
(0.294523 -1.49929 0)
(0.31681 -1.5099 0)
(0.335048 -1.5217 0)
(0.348948 -1.53412 0)
(0.357811 -1.54843 0)
(0.361633 -1.56491 0)
(0.360027 -1.58391 0)
(0.352999 -1.60625 0)
(0.34058 -1.63229 0)
(0.322451 -1.66175 0)
(0.298966 -1.69469 0)
(0.270653 -1.73099 0)
(0.238317 -1.77028 0)
(0.20306 -1.81192 0)
(0.166352 -1.85498 0)
(0.130013 -1.89826 0)
(0.0957722 -1.94049 0)
(0.0663223 -1.9797 0)
(0.0429122 -2.01336 0)
(0.0253635 -2.0407 0)
(0.0129856 -2.05974 0)
(0.00389162 -2.06955 0)
(0.0189196 -1.42101 0)
(0.0566305 -1.4232 0)
(0.0939623 -1.4274 0)
(0.130583 -1.43341 0)
(0.166013 -1.4409 0)
(0.199857 -1.44958 0)
(0.231623 -1.45904 0)
(0.26058 -1.46932 0)
(0.286355 -1.48011 0)
(0.308088 -1.49184 0)
(0.325588 -1.50442 0)
(0.338362 -1.51841 0)
(0.345661 -1.53422 0)
(0.347718 -1.55215 0)
(0.344021 -1.57268 0)
(0.334454 -1.59598 0)
(0.319379 -1.62249 0)
(0.298834 -1.65241 0)
(0.272966 -1.68512 0)
(0.242461 -1.72062 0)
(0.208311 -1.75856 0)
(0.171812 -1.79831 0)
(0.134631 -1.83905 0)
(0.0986242 -1.87983 0)
(0.0661506 -1.91913 0)
(0.0399473 -1.95476 0)
(0.0208125 -1.98587 0)
(0.00861786 -2.01062 0)
(0.00253416 -2.02808 0)
(0.00035885 -2.03699 0)
(0.0181447 -1.39663 0)
(0.0543692 -1.39863 0)
(0.0902945 -1.40251 0)
(0.125643 -1.40822 0)
(0.160065 -1.41545 0)
(0.193113 -1.42398 0)
(0.224071 -1.4338 0)
(0.252421 -1.44472 0)
(0.27745 -1.4566 0)
(0.298388 -1.46988 0)
(0.314912 -1.4842 0)
(0.326357 -1.50033 0)
(0.33224 -1.5182 0)
(0.332483 -1.53813 0)
(0.326804 -1.56053 0)
(0.315247 -1.58539 0)
(0.297808 -1.61272 0)
(0.274979 -1.64302 0)
(0.247266 -1.67592 0)
(0.214993 -1.71083 0)
(0.179437 -1.74767 0)
(0.142059 -1.78579 0)
(0.104573 -1.82451 0)
(0.069323 -1.86292 0)
(0.0389803 -1.89908 0)
(0.0157412 -1.93188 0)
(0.000580151 -1.96035 0)
(-0.00662621 -1.98294 0)
(-0.00701848 -1.9988 0)
(-0.00288093 -2.00691 0)
(0.0174048 -1.3636 0)
(0.0521783 -1.36559 0)
(0.0867023 -1.36949 0)
(0.120781 -1.37525 0)
(0.154066 -1.38278 0)
(0.185949 -1.39196 0)
(0.215911 -1.40277 0)
(0.243301 -1.41496 0)
(0.267285 -1.42881 0)
(0.287175 -1.44402 0)
(0.302512 -1.46098 0)
(0.312594 -1.47956 0)
(0.317006 -1.50004 0)
(0.315631 -1.52256 0)
(0.308202 -1.54705 0)
(0.294894 -1.57372 0)
(0.275703 -1.60254 0)
(0.250935 -1.63332 0)
(0.221564 -1.66639 0)
(0.188079 -1.70105 0)
(0.1515 -1.73704 0)
(0.113578 -1.77381 0)
(0.076175 -1.81073 0)
(0.0421045 -1.84658 0)
(0.0138905 -1.88003 0)
(-0.00648581 -1.91033 0)
(-0.0178854 -1.9363 0)
(-0.0205199 -1.9569 0)
(-0.0156509 -1.97121 0)
(-0.00580595 -1.97851 0)
(0.0166404 -1.32241 0)
(0.04991 -1.32454 0)
(0.0829759 -1.32874 0)
(0.115575 -1.33504 0)
(0.147405 -1.34343 0)
(0.177966 -1.3538 0)
(0.206643 -1.36606 0)
(0.232683 -1.38042 0)
(0.25542 -1.39647 0)
(0.274007 -1.41452 0)
(0.287981 -1.43427 0)
(0.296757 -1.45601 0)
(0.299651 -1.4793 0)
(0.296848 -1.50468 0)
(0.288027 -1.53164 0)
(0.27319 -1.56037 0)
(0.252633 -1.59083 0)
(0.226587 -1.62272 0)
(0.195935 -1.65597 0)
(0.161441 -1.69057 0)
(0.124289 -1.72588 0)
(0.0862122 -1.76152 0)
(0.0494201 -1.79671 0)
(0.0168 -1.83017 0)
(-0.00933638 -1.86136 0)
(-0.026904 -1.88925 0)
(-0.0347099 -1.91296 0)
(-0.0330779 -1.93157 0)
(-0.0234093 -1.9444 0)
(-0.00842949 -1.95092 0)
(0.0157955 -1.27399 0)
(0.0473897 -1.2764 0)
(0.0787513 -1.28116 0)
(0.109653 -1.28841 0)
(0.139852 -1.29793 0)
(0.168793 -1.30997 0)
(0.195736 -1.32433 0)
(0.220259 -1.34106 0)
(0.241438 -1.35989 0)
(0.25853 -1.38108 0)
(0.271065 -1.40397 0)
(0.278459 -1.42899 0)
(0.280122 -1.45559 0)
(0.275963 -1.4838 0)
(0.265992 -1.51351 0)
(0.25003 -1.54445 0)
(0.228448 -1.57671 0)
(0.201563 -1.60987 0)
(0.170132 -1.64384 0)
(0.135094 -1.67848 0)
(0.0977329 -1.71328 0)
(0.0598931 -1.74792 0)
(0.0241433 -1.78143 0)
(-0.00688959 -1.81297 0)
(-0.0308825 -1.84208 0)
(-0.0455929 -1.86769 0)
(-0.0499601 -1.88924 0)
(-0.0443465 -1.90593 0)
(-0.0303335 -1.91735 0)
(-0.0107648 -1.92313 0)
(0.0148166 -1.21969 0)
(0.044482 -1.22247 0)
(0.0738797 -1.22793 0)
(0.102871 -1.23633 0)
(0.131062 -1.24733 0)
(0.157954 -1.26139 0)
(0.183085 -1.27803 0)
(0.205733 -1.29734 0)
(0.225089 -1.31934 0)
(0.240605 -1.34349 0)
(0.251672 -1.36993 0)
(0.257631 -1.39809 0)
(0.258108 -1.4281 0)
(0.252949 -1.45927 0)
(0.242057 -1.49175 0)
(0.225292 -1.52502 0)
(0.203051 -1.55915 0)
(0.175704 -1.59373 0)
(0.143931 -1.62862 0)
(0.10881 -1.66356 0)
(0.0716582 -1.69814 0)
(0.0345619 -1.73188 0)
(0.00011988 -1.76395 0)
(-0.0291707 -1.79392 0)
(-0.0508081 -1.82102 0)
(-0.0626408 -1.8445 0)
(-0.0636926 -1.86394 0)
(-0.0543853 -1.87881 0)
(-0.0364563 -1.88887 0)
(-0.0128232 -1.89393 0)
(0.0136909 -1.16114 0)
(0.0411479 -1.16432 0)
(0.0682542 -1.17061 0)
(0.0949578 -1.18022 0)
(0.120863 -1.1929 0)
(0.14553 -1.20887 0)
(0.168492 -1.22786 0)
(0.188947 -1.24997 0)
(0.206457 -1.27475 0)
(0.22019 -1.30212 0)
(0.229691 -1.33171 0)
(0.234374 -1.3632 0)
(0.233748 -1.39626 0)
(0.227719 -1.43035 0)
(0.216164 -1.4655 0)
(0.198949 -1.50118 0)
(0.176368 -1.53717 0)
(0.148905 -1.57326 0)
(0.117202 -1.60917 0)
(0.0824075 -1.64459 0)
(0.0459514 -1.67912 0)
(0.0100087 -1.71216 0)
(-0.0228756 -1.74315 0)
(-0.0501406 -1.77163 0)
(-0.0692168 -1.79685 0)
(-0.0781176 -1.81832 0)
(-0.0759631 -1.83572 0)
(-0.063241 -1.84885 0)
(-0.0418049 -1.85759 0)
(-0.0146168 -1.86197 0)
(0.0124083 -1.10019 0)
(0.0373112 -1.10376 0)
(0.0618348 -1.11088 0)
(0.0859824 -1.12159 0)
(0.10935 -1.13584 0)
(0.131456 -1.15368 0)
(0.151934 -1.17495 0)
(0.170196 -1.19937 0)
(0.185571 -1.22687 0)
(0.197436 -1.25708 0)
(0.205382 -1.28949 0)
(0.208713 -1.32392 0)
(0.207214 -1.35975 0)
(0.200467 -1.39659 0)
(0.188374 -1.43419 0)
(0.170971 -1.47204 0)
(0.148418 -1.50993 0)
(0.121136 -1.54744 0)
(0.0898681 -1.58442 0)
(0.0557913 -1.62042 0)
(0.0204466 -1.655 0)
(-0.0139699 -1.68758 0)
(-0.0449556 -1.71764 0)
(-0.0698686 -1.74471 0)
(-0.0861907 -1.76816 0)
(-0.0921011 -1.78769 0)
(-0.0868367 -1.80318 0)
(-0.0709567 -1.81461 0)
(-0.0464122 -1.8221 0)
(-0.0161582 -1.82583 0)
(0.0109883 -1.03873 0)
(0.0330491 -1.04262 0)
(0.0547431 -1.05044 0)
(0.0760438 -1.06212 0)
(0.0965465 -1.07774 0)
(0.115892 -1.09716 0)
(0.133862 -1.12016 0)
(0.149595 -1.14661 0)
(0.162721 -1.17643 0)
(0.172734 -1.20874 0)
(0.179033 -1.24365 0)
(0.181126 -1.2804 0)
(0.178673 -1.31851 0)
(0.171298 -1.35766 0)
(0.15898 -1.39734 0)
(0.141543 -1.43714 0)
(0.119216 -1.47667 0)
(0.0924444 -1.51558 0)
(0.0618873 -1.55354 0)
(0.0289152 -1.59009 0)
(-0.00494773 -1.62475 0)
(-0.0374679 -1.65694 0)
(-0.0661777 -1.68616 0)
(-0.0884289 -1.71182 0)
(-0.101786 -1.73363 0)
(-0.104662 -1.75123 0)
(-0.0963669 -1.76492 0)
(-0.07758 -1.77469 0)
(-0.0503182 -1.78101 0)
(-0.0174489 -1.78408 0)
(0.00946138 -0.978571 0)
(0.0284337 -0.982702 0)
(0.0470585 -0.991066 0)
(0.0652997 -1.00348 0)
(0.0827978 -1.02005 0)
(0.0993067 -1.0405 0)
(0.114455 -1.06482 0)
(0.127554 -1.09285 0)
(0.138482 -1.12398 0)
(0.146489 -1.1581 0)
(0.151073 -1.19456 0)
(0.151972 -1.23304 0)
(0.148662 -1.2729 0)
(0.140725 -1.31373 0)
(0.128134 -1.35497 0)
(0.110845 -1.39633 0)
(0.0889647 -1.43709 0)
(0.062877 -1.4772 0)
(0.0333908 -1.51595 0)
(0.00181754 -1.55292 0)
(-0.0302204 -1.58759 0)
(-0.060512 -1.61933 0)
(-0.0865436 -1.64763 0)
(-0.105852 -1.67191 0)
(-0.116066 -1.69206 0)
(-0.115817 -1.70783 0)
(-0.104614 -1.7197 0)
(-0.0831466 -1.7279 0)
(-0.0535396 -1.73305 0)
(-0.0184963 -1.73549 0)
(0.00785816 -0.921384 0)
(0.0235816 -0.925652 0)
(0.0390016 -0.934294 0)
(0.0540801 -0.947083 0)
(0.0684867 -0.964162 0)
(0.0819614 -0.985239 0)
(0.0941915 -1.01028 0)
(0.104761 -1.03892 0)
(0.11327 -1.0709 0)
(0.119245 -1.10586 0)
(0.122238 -1.14328 0)
(0.121748 -1.18255 0)
(0.117514 -1.22349 0)
(0.109101 -1.26532 0)
(0.0963773 -1.30752 0)
(0.0793006 -1.34977 0)
(0.0579269 -1.39147 0)
(0.0326776 -1.43226 0)
(0.00449787 -1.47148 0)
(-0.0253828 -1.5086 0)
(-0.055282 -1.54307 0)
(-0.0829742 -1.57421 0)
(-0.106031 -1.60142 0)
(-0.122107 -1.62431 0)
(-0.129012 -1.64265 0)
(-0.125607 -1.65662 0)
(-0.111577 -1.66662 0)
(-0.087702 -1.67332 0)
(-0.0560823 -1.67732 0)
(-0.019307 -1.67913 0)
(0.00622748 -0.868506 0)
(0.0186522 -0.872801 0)
(0.0308198 -0.881476 0)
(0.0426659 -0.894322 0)
(0.0538828 -0.911439 0)
(0.0643569 -0.93259 0)
(0.0737726 -0.957546 0)
(0.0816082 -0.986245 0)
(0.0877522 -1.01834 0)
(0.0916346 -1.05316 0)
(0.0929471 -1.09072 0)
(0.0911854 -1.13016 0)
(0.085928 -1.17119 0)
(0.0770368 -1.21322 0)
(0.0641337 -1.25574 0)
(0.0472174 -1.29828 0)
(0.0264379 -1.34036 0)
(0.00223038 -1.38128 0)
(-0.0244678 -1.42047 0)
(-0.0524381 -1.45736 0)
(-0.0799425 -1.4913 0)
(-0.104741 -1.52154 0)
(-0.124522 -1.5474 0)
(-0.137095 -1.56871 0)
(-0.140548 -1.58509 0)
(-0.133984 -1.59721 0)
(-0.117274 -1.6053 0)
(-0.0912597 -1.6105 0)
(-0.0579567 -1.61337 0)
(-0.0198803 -1.61456 0)
(0.00460346 -0.820989 0)
(0.0137539 -0.825212 0)
(0.022694 -0.833681 0)
(0.0313748 -0.846254 0)
(0.0394866 -0.862919 0)
(0.0470191 -0.883505 0)
(0.0535288 -0.907944 0)
(0.0586887 -0.936032 0)
(0.0625578 -0.967211 0)
(0.0643901 -1.00149 0)
(0.0638804 -1.03803 0)
(0.0607573 -1.07693 0)
(0.0545638 -1.11727 0)
(0.045019 -1.15876 0)
(0.0319089 -1.20085 0)
(0.0151677 -1.24299 0)
(-0.00498473 -1.28463 0)
(-0.0280369 -1.3251 0)
(-0.0531647 -1.36376 0)
(-0.0790703 -1.39995 0)
(-0.103923 -1.43291 0)
(-0.125497 -1.46177 0)
(-0.141782 -1.486 0)
(-0.150666 -1.5053 0)
(-0.150615 -1.51969 0)
(-0.14093 -1.52974 0)
(-0.121646 -1.53599 0)
(-0.093816 -1.53955 0)
(-0.059172 -1.54128 0)
(-0.0202178 -1.54191 0)
(0.00302721 -0.779532 0)
(0.00903461 -0.783562 0)
(0.0148751 -0.791581 0)
(0.02051 -0.803542 0)
(0.0256541 -0.819445 0)
(0.0302353 -0.83907 0)
(0.0339644 -0.862458 0)
(0.0366906 -0.889026 0)
(0.0381407 -0.918928 0)
(0.0379604 -0.951726 0)
(0.0357748 -0.98687 0)
(0.0311273 -1.02417 0)
(0.023909 -1.06316 0)
(0.0136926 -1.10332 0)
(0.000294315 -1.14418 0)
(-0.0162793 -1.18518 0)
(-0.0357927 -1.2257 0)
(-0.0577419 -1.26511 0)
(-0.081202 -1.30272 0)
(-0.104848 -1.33757 0)
(-0.126793 -1.36895 0)
(-0.144984 -1.39593 0)
(-0.157521 -1.41814 0)
(-0.162626 -1.43504 0)
(-0.159066 -1.44724 0)
(-0.146341 -1.455 0)
(-0.124715 -1.4593 0)
(-0.095269 -1.46126 0)
(-0.0597503 -1.46186 0)
(-0.0203638 -1.46191 0)
(0.00154955 -0.74443 0)
(0.00462359 -0.748165 0)
(0.0075543 -0.755623 0)
(0.0102606 -0.766737 0)
(0.0125628 -0.781584 0)
(0.0144217 -0.79985 0)
(0.0156692 -0.821579 0)
(0.0158916 -0.846335 0)
(0.0150389 -0.874387 0)
(0.0128973 -0.905016 0)
(0.00897184 -0.93817 0)
(0.0029379 -0.973303 0)
(-0.00542374 -1.01019 0)
(-0.0163904 -1.04836 0)
(-0.0301319 -1.08734 0)
(-0.0466118 -1.12653 0)
(-0.0655616 -1.16535 0)
(-0.0864158 -1.20308 0)
(-0.108082 -1.23889 0)
(-0.129265 -1.27183 0)
(-0.148161 -1.30092 0)
(-0.162779 -1.32554 0)
(-0.171421 -1.34508 0)
(-0.172719 -1.35938 0)
(-0.165745 -1.36897 0)
(-0.150077 -1.37435 0)
(-0.126393 -1.3766 0)
(-0.0957506 -1.37694 0)
(-0.0596673 -1.37639 0)
(-0.020264 -1.37588 0)
(0.000196811 -0.715688 0)
(0.000553648 -0.719072 0)
(0.00080257 -0.72588 0)
(0.000837605 -0.735995 0)
(0.000560577 -0.749467 0)
(-7.45877e-05 -0.766048 0)
(-0.00126433 -0.785884 0)
(-0.00333124 -0.80858 0)
(-0.00633299 -0.834164 0)
(-0.0103806 -0.862377 0)
(-0.0159791 -0.892899 0)
(-0.0234579 -0.92548 0)
(-0.0329805 -0.959785 0)
(-0.0447753 -0.995473 0)
(-0.0589459 -1.03201 0)
(-0.0754082 -1.06888 0)
(-0.093811 -1.1054 0)
(-0.113474 -1.14078 0)
(-0.133307 -1.17406 0)
(-0.151867 -1.2044 0)
(-0.167503 -1.23062 0)
(-0.178454 -1.25223 0)
(-0.18317 -1.26861 0)
(-0.18073 -1.28002 0)
(-0.170417 -1.28672 0)
(-0.152128 -1.28952 0)
(-0.126677 -1.28977 0)
(-0.0951112 -1.28836 0)
(-0.0589557 -1.28669 0)
(-0.0199835 -1.28565 0)
(-0.00101405 -0.692967 0)
(-0.00309874 -0.695993 0)
(-0.00526865 -0.70201 0)
(-0.00761243 -0.711053 0)
(-0.010212 -0.723007 0)
(-0.013177 -0.737821 0)
(-0.0165636 -0.755624 0)
(-0.0206979 -0.775965 0)
(-0.0257333 -0.798921 0)
(-0.031618 -0.824404 0)
(-0.0388533 -0.852132 0)
(-0.0477545 -0.88184 0)
(-0.0584717 -0.913276 0)
(-0.0711322 -0.946086 0)
(-0.0857672 -0.979798 0)
(-0.102232 -1.01385 0)
(-0.120053 -1.04749 0)
(-0.138459 -1.0799 0)
(-0.156301 -1.11008 0)
(-0.172129 -1.13704 0)
(-0.184416 -1.15988 0)
(-0.191572 -1.17784 0)
(-0.192481 -1.19079 0)
(-0.186446 -1.19888 0)
(-0.172948 -1.20249 0)
(-0.15239 -1.20269 0)
(-0.125517 -1.20072 0)
(-0.0934139 -1.19768 0)
(-0.057617 -1.19493 0)
(-0.0194844 -1.19332 0)
(-0.00209558 -0.675713 0)
(-0.00629785 -0.67836 0)
(-0.0106092 -0.683607 0)
(-0.0150736 -0.69151 0)
(-0.0197237 -0.701991 0)
(-0.0247926 -0.71508 0)
(-0.0301718 -0.730648 0)
(-0.0361445 -0.748725 0)
(-0.0430445 -0.76903 0)
(-0.0507089 -0.791692 0)
(-0.0595088 -0.816527 0)
(-0.0697983 -0.843244 0)
(-0.0816727 -0.871635 0)
(-0.0951923 -0.901329 0)
(-0.110303 -0.931911 0)
(-0.126716 -0.962738 0)
(-0.143872 -0.993095 0)
(-0.160908 -1.02196 0)
(-0.176617 -1.04846 0)
(-0.189614 -1.07158 0)
(-0.198424 -1.09036 0)
(-0.201879 -1.1044 0)
(-0.199116 -1.11356 0)
(-0.1896 -1.11798 0)
(-0.173305 -1.1184 0)
(-0.150788 -1.11597 0)
(-0.122885 -1.11171 0)
(-0.0907196 -1.10715 0)
(-0.0556582 -1.10334 0)
(-0.0187747 -1.1012 0)
(-0.00301955 -0.663325 0)
(-0.00907972 -0.665586 0)
(-0.0152331 -0.670165 0)
(-0.0215432 -0.676957 0)
(-0.0280725 -0.686041 0)
(-0.0348933 -0.697415 0)
(-0.0420612 -0.71086 0)
(-0.0497867 -0.72676 0)
(-0.0582977 -0.744571 0)
(-0.0676148 -0.764477 0)
(-0.0779234 -0.78644 0)
(-0.0895207 -0.810181 0)
(-0.102495 -0.835475 0)
(-0.116815 -0.861975 0)
(-0.13231 -0.889231 0)
(-0.148604 -0.916555 0)
(-0.164939 -0.943228 0)
(-0.180421 -0.968243 0)
(-0.193905 -0.99054 0)
(-0.203885 -1.00934 0)
(-0.209296 -1.02378 0)
(-0.209156 -1.03362 0)
(-0.202774 -1.03859 0)
(-0.190117 -1.03928 0)
(-0.171423 -1.03646 0)
(-0.147323 -1.03134 0)
(-0.118833 -1.02496 0)
(-0.0870697 -1.01893 0)
(-0.0531167 -1.01414 0)
(-0.0178694 -1.01151 0)
(-0.00380875 -0.655163 0)
(-0.0114803 -0.657116 0)
(-0.0192252 -0.661003 0)
(-0.0271031 -0.666873 0)
(-0.0352258 -0.674653 0)
(-0.043601 -0.684388 0)
(-0.052411 -0.69605 0)
(-0.0616929 -0.709825 0)
(-0.0716294 -0.725344 0)
(-0.0824405 -0.742729 0)
(-0.0941475 -0.761956 0)
(-0.106961 -0.782837 0)
(-0.120928 -0.805104 0)
(-0.135935 -0.828407 0)
(-0.15167 -0.852248 0)
(-0.167641 -0.875946 0)
(-0.183046 -0.898634 0)
(-0.196767 -0.91947 0)
(-0.207765 -0.937358 0)
(-0.21481 -0.951467 0)
(-0.216827 -0.961374 0)
(-0.213107 -0.966633 0)
(-0.203407 -0.967464 0)
(-0.187981 -0.964444 0)
(-0.167287 -0.958471 0)
(-0.142074 -0.95063 0)
(-0.113484 -0.942409 0)
(-0.0825237 -0.934949 0)
(-0.0500371 -0.92932 0)
(-0.0167826 -0.926225 0)
(-0.00449901 -0.650624 0)
(-0.0135047 -0.652283 0)
(-0.022626 -0.655613 0)
(-0.031886 -0.66058 0)
(-0.0413442 -0.667282 0)
(-0.0511074 -0.675636 0)
(-0.0613385 -0.685779 0)
(-0.0719879 -0.697492 0)
(-0.0832345 -0.711051 0)
(-0.0953627 -0.726169 0)
(-0.108321 -0.742911 0)
(-0.122222 -0.761117 0)
(-0.137033 -0.780505 0)
(-0.152545 -0.800686 0)
(-0.16834 -0.82111 0)
(-0.18376 -0.841097 0)
(-0.197927 -0.859714 0)
(-0.209771 -0.876072 0)
(-0.218156 -0.889378 0)
(-0.222088 -0.898744 0)
(-0.220791 -0.903879 0)
(-0.213772 -0.904593 0)
(-0.201115 -0.901306 0)
(-0.183302 -0.894668 0)
(-0.160955 -0.885695 0)
(-0.135151 -0.875492 0)
(-0.106948 -0.865523 0)
(-0.0771504 -0.856773 0)
(-0.0465117 -0.850417 0)
(-0.0155297 -0.846982 0)
(-0.00506494 -0.649113 0)
(-0.0152599 -0.650537 0)
(-0.0255113 -0.653392 0)
(-0.0359443 -0.657648 0)
(-0.0466346 -0.66341 0)
(-0.0576175 -0.670605 0)
(-0.0689737 -0.679329 0)
(-0.0808455 -0.689437 0)
(-0.093363 -0.701233 0)
(-0.106587 -0.714399 0)
(-0.120635 -0.728933 0)
(-0.135453 -0.744699 0)
(-0.150917 -0.76139 0)
(-0.16671 -0.778568 0)
(-0.182298 -0.795634 0)
(-0.196899 -0.811849 0)
(-0.209554 -0.826367 0)
(-0.219249 -0.838215 0)
(-0.224948 -0.846745 0)
(-0.225801 -0.851362 0)
(-0.221261 -0.851787 0)
(-0.211157 -0.848114 0)
(-0.195886 -0.840885 0)
(-0.176151 -0.830846 0)
(-0.152754 -0.819073 0)
(-0.126786 -0.806899 0)
(-0.0992969 -0.795306 0)
(-0.0710754 -0.785602 0)
(-0.0426224 -0.778583 0)
(-0.014185 -0.77494 0)
(-0.0055777 -0.650118 0)
(-0.0167465 -0.65135 0)
(-0.0280139 -0.653808 0)
(-0.0394764 -0.657507 0)
(-0.0511617 -0.662524 0)
(-0.0631697 -0.668744 0)
(-0.0756094 -0.676246 0)
(-0.0885879 -0.685236 0)
(-0.102152 -0.695354 0)
(-0.116356 -0.706928 0)
(-0.131286 -0.719515 0)
(-0.146821 -0.733084 0)
(-0.162701 -0.747263 0)
(-0.178499 -0.761561 0)
(-0.193564 -0.77533 0)
(-0.207053 -0.787795 0)
(-0.21791 -0.798151 0)
(-0.225217 -0.805589 0)
(-0.228122 -0.8094 0)
(-0.22591 -0.809289 0)
(-0.21833 -0.805168 0)
(-0.20551 -0.797347 0)
(-0.188028 -0.786502 0)
(-0.166771 -0.773378 0)
(-0.142806 -0.759256 0)
(-0.117138 -0.745255 0)
(-0.0908078 -0.732508 0)
(-0.0644767 -0.722051 0)
(-0.0384371 -0.714612 0)
(-0.0127742 -0.710761 0)
(-0.00599833 -0.653197 0)
(-0.0180553 -0.654276 0)
(-0.0301758 -0.656447 0)
(-0.0425476 -0.659696 0)
(-0.0551487 -0.664091 0)
(-0.0680154 -0.669594 0)
(-0.0814709 -0.676268 0)
(-0.095326 -0.684109 0)
(-0.109803 -0.693052 0)
(-0.124898 -0.703107 0)
(-0.140458 -0.714063 0)
(-0.156483 -0.725645 0)
(-0.172499 -0.737472 0)
(-0.187982 -0.748993 0)
(-0.202181 -0.759522 0)
(-0.214195 -0.768281 0)
(-0.223041 -0.774486 0)
(-0.227776 -0.777541 0)
(-0.227754 -0.776837 0)
(-0.222595 -0.772249 0)
(-0.212211 -0.763865 0)
(-0.19701 -0.752198 0)
(-0.177721 -0.738066 0)
(-0.155502 -0.722394 0)
(-0.131441 -0.706317 0)
(-0.106514 -0.690905 0)
(-0.0817109 -0.677324 0)
(-0.0575122 -0.666342 0)
(-0.0340708 -0.658661 0)
(-0.0112715 -0.654705 0)
(-0.00639466 -0.657998 0)
(-0.0192078 -0.658958 0)
(-0.0321194 -0.660917 0)
(-0.045268 -0.663843 0)
(-0.0586613 -0.667792 0)
(-0.0723966 -0.672732 0)
(-0.0866088 -0.678751 0)
(-0.101307 -0.685641 0)
(-0.11655 -0.693753 0)
(-0.13228 -0.702436 0)
(-0.148367 -0.711937 0)
(-0.164562 -0.721686 0)
(-0.180397 -0.731266 0)
(-0.195211 -0.740073 0)
(-0.208183 -0.747399 0)
(-0.218395 -0.752494 0)
(-0.224929 -0.754662 0)
(-0.226999 -0.753375 0)
(-0.224111 -0.748373 0)
(-0.216079 -0.739597 0)
(-0.203134 -0.727368 0)
(-0.185957 -0.712347 0)
(-0.16544 -0.695427 0)
(-0.14271 -0.677699 0)
(-0.118942 -0.660014 0)
(-0.0951651 -0.643724 0)
(-0.0721913 -0.629585 0)
(-0.0503322 -0.618358 0)
(-0.0296227 -0.610595 0)
(-0.00978098 -0.606627 0)
(-0.00672581 -0.664247 0)
(-0.0202666 -0.665129 0)
(-0.0338764 -0.666921 0)
(-0.0477559 -0.669639 0)
(-0.0618832 -0.673247 0)
(-0.0763196 -0.67777 0)
(-0.091253 -0.683292 0)
(-0.106695 -0.689593 0)
(-0.122531 -0.696717 0)
(-0.138679 -0.704428 0)
(-0.155048 -0.712478 0)
(-0.171133 -0.720481 0)
(-0.186434 -0.727845 0)
(-0.200209 -0.733948 0)
(-0.211596 -0.738082 0)
(-0.2197 -0.739555 0)
(-0.223709 -0.737784 0)
(-0.22301 -0.732398 0)
(-0.217312 -0.723307 0)
(-0.206676 -0.710699 0)
(-0.191559 -0.695107 0)
(-0.172803 -0.677269 0)
(-0.151462 -0.658121 0)
(-0.128663 -0.638652 0)
(-0.105691 -0.620086 0)
(-0.0834522 -0.603211 0)
(-0.062486 -0.588906 0)
(-0.04312 -0.577676 0)
(-0.025185 -0.569993 0)
(-0.00826883 -0.566087 0)
(-0.00706236 -0.671734 0)
(-0.021233 -0.672581 0)
(-0.0355358 -0.674271 0)
(-0.0500604 -0.676831 0)
(-0.0648216 -0.680229 0)
(-0.0800079 -0.684468 0)
(-0.0955677 -0.689553 0)
(-0.11148 -0.695351 0)
(-0.127792 -0.701645 0)
(-0.144225 -0.708389 0)
(-0.160534 -0.715081 0)
(-0.176209 -0.721279 0)
(-0.190604 -0.726402 0)
(-0.20297 -0.72976 0)
(-0.212433 -0.730689 0)
(-0.218169 -0.728581 0)
(-0.219505 -0.722999 0)
(-0.216028 -0.71375 0)
(-0.207666 -0.700937 0)
(-0.194707 -0.684952 0)
(-0.177798 -0.666458 0)
(-0.157926 -0.646302 0)
(-0.136173 -0.625427 0)
(-0.113883 -0.604932 0)
(-0.0920815 -0.585897 0)
(-0.0715339 -0.568872 0)
(-0.0528382 -0.554649 0)
(-0.0359983 -0.543651 0)
(-0.0208444 -0.536207 0)
(-0.00682556 -0.532444 0)
(-0.0073668 -0.680343 0)
(-0.0221876 -0.681163 0)
(-0.0370957 -0.682784 0)
(-0.0522694 -0.685269 0)
(-0.0676696 -0.68851 0)
(-0.0833846 -0.692516 0)
(-0.0994992 -0.697238 0)
(-0.115859 -0.702545 0)
(-0.132412 -0.708124 0)
(-0.148861 -0.713776 0)
(-0.164817 -0.719102 0)
(-0.179713 -0.723389 0)
(-0.192862 -0.726152 0)
(-0.203459 -0.726686 0)
(-0.210702 -0.724381 0)
(-0.213872 -0.718748 0)
(-0.212468 -0.709515 0)
(-0.20629 -0.696683 0)
(-0.195487 -0.680542 0)
(-0.180545 -0.661656 0)
(-0.162266 -0.640802 0)
(-0.141706 -0.618897 0)
(-0.120108 -0.596848 0)
(-0.0987038 -0.575976 0)
(-0.0783621 -0.556676 0)
(-0.0597692 -0.539983 0)
(-0.0433711 -0.526149 0)
(-0.0291436 -0.515594 0)
(-0.0166961 -0.508524 0)
(-0.00542101 -0.504921 0)
(-0.00768319 -0.689978 0)
(-0.0230815 -0.690812 0)
(-0.0386465 -0.692385 0)
(-0.0543984 -0.694794 0)
(-0.0703119 -0.697911 0)
(-0.0866207 -0.701748 0)
(-0.103167 -0.706096 0)
(-0.11973 -0.710848 0)
(-0.136304 -0.7156 0)
(-0.152545 -0.720181 0)
(-0.167819 -0.723832 0)
(-0.181551 -0.726134 0)
(-0.193103 -0.726369 0)
(-0.201628 -0.723972 0)
(-0.206417 -0.718407 0)
(-0.206903 -0.70933 0)
(-0.202782 -0.696648 0)
(-0.194069 -0.68056 0)
(-0.18112 -0.661525 0)
(-0.164589 -0.640251 0)
(-0.145391 -0.617601 0)
(-0.124614 -0.594482 0)
(-0.103644 -0.571961 0)
(-0.0834372 -0.551008 0)
(-0.064803 -0.531955 0)
(-0.0483979 -0.515811 0)
(-0.034354 -0.502671 0)
(-0.0226407 -0.492746 0)
(-0.0127597 -0.486064 0)
(-0.0040988 -0.482737 0)
(-0.00799812 -0.700625 0)
(-0.0240108 -0.701422 0)
(-0.0401122 -0.703026 0)
(-0.0564557 -0.705315 0)
(-0.0729379 -0.708322 0)
(-0.089586 -0.711937 0)
(-0.106395 -0.715825 0)
(-0.12306 -0.719925 0)
(-0.139484 -0.723765 0)
(-0.155099 -0.726945 0)
(-0.169329 -0.728781 0)
(-0.181636 -0.728835 0)
(-0.191224 -0.726397 0)
(-0.197425 -0.720956 0)
(-0.199605 -0.712128 0)
(-0.197382 -0.699736 0)
(-0.190664 -0.683855 0)
(-0.17967 -0.664883 0)
(-0.164937 -0.643424 0)
(-0.147255 -0.620296 0)
(-0.127579 -0.596416 0)
(-0.107116 -0.572637 0)
(-0.0871592 -0.55016 0)
(-0.0683837 -0.529492 0)
(-0.0516865 -0.511179 0)
(-0.037575 -0.495784 0)
(-0.0258907 -0.483485 0)
(-0.0165573 -0.474269 0)
(-0.00911424 -0.468093 0)
(-0.00290374 -0.465074 0)
(-0.00828688 -0.71226 0)
(-0.0248999 -0.713034 0)
(-0.0415953 -0.714564 0)
(-0.0584106 -0.716813 0)
(-0.0753287 -0.719542 0)
(-0.0923051 -0.722866 0)
(-0.10922 -0.726212 0)
(-0.125747 -0.729443 0)
(-0.141624 -0.732099 0)
(-0.156345 -0.73359 0)
(-0.169251 -0.733428 0)
(-0.179745 -0.730952 0)
(-0.187131 -0.725655 0)
(-0.190814 -0.71709 0)
(-0.190335 -0.705035 0)
(-0.185475 -0.689508 0)
(-0.176367 -0.670759 0)
(-0.163427 -0.649306 0)
(-0.147328 -0.62592 0)
(-0.128962 -0.601478 0)
(-0.109271 -0.576916 0)
(-0.0895576 -0.553055 0)
(-0.0709445 -0.530941 0)
(-0.0538936 -0.510969 0)
(-0.0392562 -0.493776 0)
(-0.0274086 -0.479293 0)
(-0.0180478 -0.467942 0)
(-0.0109755 -0.459478 0)
(-0.00579475 -0.453954 0)
(-0.0018144 -0.4512 0)
(-0.00858438 -0.724857 0)
(-0.0257557 -0.725614 0)
(-0.0429744 -0.727053 0)
(-0.0602264 -0.729053 0)
(-0.0775236 -0.731594 0)
(-0.0946394 -0.734295 0)
(-0.111378 -0.736901 0)
(-0.127521 -0.738994 0)
(-0.142626 -0.740143 0)
(-0.156106 -0.739722 0)
(-0.167329 -0.737182 0)
(-0.175744 -0.731994 0)
(-0.180718 -0.723672 0)
(-0.181797 -0.711955 0)
(-0.178701 -0.69678 0)
(-0.171404 -0.678345 0)
(-0.160196 -0.657105 0)
(-0.145688 -0.633647 0)
(-0.128689 -0.608838 0)
(-0.110115 -0.583613 0)
(-0.0908794 -0.558882 0)
(-0.072272 -0.535442 0)
(-0.0552625 -0.514052 0)
(-0.0402164 -0.495101 0)
(-0.0276796 -0.479124 0)
(-0.0179963 -0.465828 0)
(-0.0108727 -0.45546 0)
(-0.00595574 -0.447869 0)
(-0.00284419 -0.442962 0)
(-0.000820032 -0.440502 0)
(-0.00886017 -0.738436 0)
(-0.0265636 -0.739093 0)
(-0.044201 -0.740355 0)
(-0.0618508 -0.742085 0)
(-0.0792996 -0.744089 0)
(-0.0963252 -0.745961 0)
(-0.11278 -0.74758 0)
(-0.128203 -0.74823 0)
(-0.142174 -0.747514 0)
(-0.154101 -0.744818 0)
(-0.163394 -0.739638 0)
(-0.169505 -0.731498 0)
(-0.171944 -0.720084 0)
(-0.170433 -0.705258 0)
(-0.164862 -0.687153 0)
(-0.155406 -0.666124 0)
(-0.142491 -0.642772 0)
(-0.126845 -0.617857 0)
(-0.109408 -0.592126 0)
(-0.0911006 -0.566634 0)
(-0.0727623 -0.542209 0)
(-0.0555814 -0.519596 0)
(-0.0403706 -0.499279 0)
(-0.0274224 -0.481599 0)
(-0.01707 -0.466845 0)
(-0.00947385 -0.454907 0)
(-0.00443718 -0.445609 0)
(-0.00150335 -0.438919 0)
(-0.000215042 -0.434564 0)
(4.65965e-05 -0.432427 0)
(-0.00908195 -0.7529 0)
(-0.0272092 -0.753415 0)
(-0.0452405 -0.754354 0)
(-0.0630544 -0.755619 0)
(-0.0804594 -0.756799 0)
(-0.0972837 -0.75771 0)
(-0.113097 -0.757831 0)
(-0.12747 -0.756696 0)
(-0.140038 -0.753754 0)
(-0.150136 -0.748478 0)
(-0.157234 -0.740387 0)
(-0.160925 -0.729176 0)
(-0.160831 -0.714638 0)
(-0.156839 -0.696844 0)
(-0.149041 -0.67608 0)
(-0.137768 -0.652848 0)
(-0.123615 -0.62784 0)
(-0.107304 -0.60192 0)
(-0.0898676 -0.575896 0)
(-0.0722829 -0.550573 0)
(-0.0552296 -0.526878 0)
(-0.0397359 -0.505412 0)
(-0.0264646 -0.486418 0)
(-0.0156352 -0.470191 0)
(-0.00745033 -0.456786 0)
(-0.00190187 -0.446149 0)
(0.00124514 -0.437976 0)
(0.00241572 -0.432123 0)
(0.00207228 -0.428361 0)
(0.000795925 -0.426527 0)
(-0.00924982 -0.768067 0)
(-0.0276645 -0.768381 0)
(-0.0458703 -0.768882 0)
(-0.0637021 -0.769325 0)
(-0.0808828 -0.769564 0)
(-0.0971058 -0.769017 0)
(-0.112009 -0.767271 0)
(-0.125112 -0.763997 0)
(-0.135945 -0.75847 0)
(-0.143969 -0.750331 0)
(-0.148765 -0.739151 0)
(-0.14999 -0.7248 0)
(-0.147439 -0.707233 0)
(-0.14121 -0.6867 0)
(-0.131517 -0.663624 0)
(-0.118845 -0.638646 0)
(-0.103893 -0.612494 0)
(-0.0874773 -0.586032 0)
(-0.0704925 -0.560225 0)
(-0.05395 -0.535538 0)
(-0.0385351 -0.512925 0)
(-0.0249171 -0.492832 0)
(-0.013677 -0.475347 0)
(-0.00496469 -0.460665 0)
(0.00115081 -0.448693 0)
(0.00478172 -0.43931 0)
(0.00619346 -0.432216 0)
(0.00578371 -0.427195 0)
(0.00402277 -0.424 0)
(0.00143381 -0.422446 0)
(-0.00931982 -0.783708 0)
(-0.0278257 -0.783676 0)
(-0.0459545 -0.783548 0)
(-0.0635698 -0.783021 0)
(-0.0802243 -0.781791 0)
(-0.0955444 -0.779476 0)
(-0.10929 -0.775603 0)
(-0.120799 -0.769691 0)
(-0.12968 -0.76129 0)
(-0.135493 -0.750033 0)
(-0.137884 -0.735717 0)
(-0.136735 -0.718284 0)
(-0.131955 -0.697903 0)
(-0.123787 -0.674946 0)
(-0.112622 -0.64998 0)
(-0.0990172 -0.62373 0)
(-0.08374 -0.596994 0)
(-0.0676899 -0.57049 0)
(-0.0515986 -0.545221 0)
(-0.0364345 -0.521707 0)
(-0.0228626 -0.500421 0)
(-0.0112557 -0.481853 0)
(-0.00208571 -0.465998 0)
(0.00456558 -0.452874 0)
(0.00873406 -0.442345 0)
(0.010586 -0.434194 0)
(0.0104272 -0.428132 0)
(0.00864257 -0.423881 0)
(0.00566809 -0.421197 0)
(0.00197019 -0.419898 0)
(-0.00922537 -0.79937 0)
(-0.0275431 -0.798906 0)
(-0.0453734 -0.797877 0)
(-0.0623686 -0.796131 0)
(-0.0781941 -0.793094 0)
(-0.0924146 -0.788673 0)
(-0.104592 -0.782246 0)
(-0.114264 -0.773411 0)
(-0.121045 -0.761928 0)
(-0.124587 -0.747442 0)
(-0.124702 -0.730014 0)
(-0.121331 -0.709695 0)
(-0.114594 -0.686792 0)
(-0.104889 -0.661824 0)
(-0.0927012 -0.635453 0)
(-0.0786878 -0.60843 0)
(-0.0635431 -0.581574 0)
(-0.0482385 -0.555613 0)
(-0.0335199 -0.531242 0)
(-0.0199969 -0.509143 0)
(-0.00833033 -0.489441 0)
(0.00117227 -0.472505 0)
(0.00828596 -0.458312 0)
(0.012961 -0.446748 0)
(0.0153078 -0.43762 0)
(0.0155537 -0.430646 0)
(0.0140095 -0.425523 0)
(0.0110396 -0.421967 0)
(0.00703854 -0.41974 0)
(0.00241538 -0.418667 0)
(-0.00896839 -0.814405 0)
(-0.0266939 -0.813439 0)
(-0.04385 -0.811344 0)
(-0.0599434 -0.807946 0)
(-0.0745705 -0.802994 0)
(-0.087321 -0.796015 0)
(-0.0977216 -0.786738 0)
(-0.105399 -0.77488 0)
(-0.109998 -0.760159 0)
(-0.111305 -0.742534 0)
(-0.109275 -0.722124 0)
(-0.103976 -0.699201 0)
(-0.0956742 -0.674172 0)
(-0.0848785 -0.647677 0)
(-0.0721547 -0.620421 0)
(-0.0581826 -0.593174 0)
(-0.0437102 -0.56662 0)
(-0.0295437 -0.541648 0)
(-0.0163789 -0.518576 0)
(-0.00475389 -0.497989 0)
(0.00490438 -0.480039 0)
(0.0123367 -0.464822 0)
(0.0174357 -0.452285 0)
(0.0202478 -0.442238 0)
(0.0209375 -0.434418 0)
(0.0197546 -0.42852 0)
(0.0170048 -0.42424 0)
(0.0130253 -0.4213 0)
(0.00816623 -0.419473 0)
(0.00278045 -0.418597 0)
(-0.00849254 -0.828009 0)
(-0.0252222 -0.826423 0)
(-0.0412097 -0.823157 0)
(-0.0560394 -0.817941 0)
(-0.0691499 -0.810693 0)
(-0.0800923 -0.801033 0)
(-0.0885729 -0.788802 0)
(-0.0941188 -0.773754 0)
(-0.0965295 -0.755884 0)
(-0.0957592 -0.735296 0)
(-0.0918596 -0.712236 0)
(-0.0849878 -0.687073 0)
(-0.0755436 -0.660416 0)
(-0.0641521 -0.632927 0)
(-0.0513934 -0.605321 0)
(-0.037913 -0.578325 0)
(-0.024492 -0.552627 0)
(-0.0118257 -0.528846 0)
(-0.000431749 -0.507366 0)
(0.00920964 -0.488484 0)
(0.0168068 -0.472316 0)
(0.0222071 -0.458844 0)
(0.0254022 -0.447913 0)
(0.0265021 -0.43928 0)
(0.0257047 -0.432652 0)
(0.0232676 -0.427717 0)
(0.0194818 -0.424178 0)
(0.0146522 -0.421772 0)
(0.00908389 -0.420289 0)
(0.00307646 -0.419581 0)
(-0.00776575 -0.839195 0)
(-0.0230156 -0.836914 0)
(-0.0374209 -0.832319 0)
(-0.0504961 -0.825292 0)
(-0.0617546 -0.815559 0)
(-0.070728 -0.803236 0)
(-0.0770455 -0.787975 0)
(-0.0804498 -0.769878 0)
(-0.0808495 -0.749094 0)
(-0.0782244 -0.725883 0)
(-0.0727268 -0.700622 0)
(-0.0647017 -0.673711 0)
(-0.0546371 -0.64598 0)
(-0.0431222 -0.618049 0)
(-0.0307727 -0.590614 0)
(-0.0182466 -0.564333 0)
(-0.00620999 -0.539862 0)
(0.00475926 -0.517573 0)
(0.014211 -0.497824 0)
(0.0218099 -0.480757 0)
(0.0273682 -0.466388 0)
(0.0308318 -0.454597 0)
(0.0322629 -0.445168 0)
(0.031814 -0.437824 0)
(0.0297008 -0.43226 0)
(0.0261766 -0.428169 0)
(0.0215108 -0.425267 0)
(0.0159728 -0.423314 0)
(0.00982388 -0.422119 0)
(0.00331431 -0.421551 0)
(-0.00676366 -0.846795 0)
(-0.0200104 -0.843833 0)
(-0.0324002 -0.837888 0)
(-0.0433358 -0.828999 0)
(-0.0524325 -0.817012 0)
(-0.0591851 -0.801982 0)
(-0.06329 -0.783946 0)
(-0.0646501 -0.763239 0)
(-0.0631848 -0.739909 0)
(-0.0590217 -0.714497 0)
(-0.0523187 -0.687517 0)
(-0.0435752 -0.659562 0)
(-0.0333571 -0.631346 0)
(-0.0221904 -0.603528 0)
(-0.0106828 -0.576758 0)
(0.00055152 -0.551629 0)
(0.0109468 -0.528626 0)
(0.0200352 -0.508071 0)
(0.0274709 -0.490158 0)
(0.0330344 -0.47493 0)
(0.0366337 -0.462302 0)
(0.0382895 -0.452087 0)
(0.0381138 -0.44403 0)
(0.0362849 -0.437836 0)
(0.0330229 -0.4332 0)
(0.0285676 -0.429829 0)
(0.0231614 -0.427464 0)
(0.0170379 -0.425885 0)
(0.010417 -0.424927 0)
(0.0035043 -0.424473 0)
(-0.00552027 -0.849573 0)
(-0.0162638 -0.846005 0)
(-0.0261771 -0.838857 0)
(-0.0346735 -0.828195 0)
(-0.0412775 -0.814244 0)
(-0.0456658 -0.796813 0)
(-0.0476816 -0.776599 0)
(-0.0470735 -0.753592 0)
(-0.0439069 -0.728362 0)
(-0.0385164 -0.701413 0)
(-0.0310913 -0.673397 0)
(-0.0221294 -0.645042 0)
(-0.0121691 -0.616963 0)
(-0.00175041 -0.589803 0)
(0.00856094 -0.564155 0)
(0.0182322 -0.540512 0)
(0.0268022 -0.519236 0)
(0.0339142 -0.500541 0)
(0.0393282 -0.484502 0)
(0.0429218 -0.471068 0)
(0.0446804 -0.460081 0)
(0.0446798 -0.451311 0)
(0.0430639 -0.444478 0)
(0.0400224 -0.439285 0)
(0.0357692 -0.43544 0)
(0.0305241 -0.432672 0)
(0.0244999 -0.430746 0)
(0.0178952 -0.429471 0)
(0.0108917 -0.428701 0)
(0.00365595 -0.428337 0)
(-0.00405892 -0.846347 0)
(-0.0118878 -0.842279 0)
(-0.0189006 -0.834171 0)
(-0.0246808 -0.822128 0)
(-0.0286473 -0.806488 0)
(-0.0306529 -0.78743 0)
(-0.0305318 -0.765474 0)
(-0.0280902 -0.740903 0)
(-0.0236377 -0.714547 0)
(-0.0173637 -0.686889 0)
(-0.00959526 -0.658653 0)
(-0.000803615 -0.630549 0)
(0.00850829 -0.603207 0)
(0.0178327 -0.577225 0)
(0.0266746 -0.553107 0)
(0.034595 -0.531239 0)
(0.0412407 -0.511865 0)
(0.0463602 -0.495095 0)
(0.0498084 -0.480909 0)
(0.0515428 -0.469183 0)
(0.0516074 -0.459712 0)
(0.0501151 -0.452238 0)
(0.0472275 -0.446476 0)
(0.0431343 -0.442139 0)
(0.0380349 -0.438955 0)
(0.032125 -0.436679 0)
(0.0255875 -0.435105 0)
(0.0185879 -0.434068 0)
(0.0112738 -0.433445 0)
(0.00377773 -0.43315 0)
(-0.00243676 -0.836082 0)
(-0.00703529 -0.831644 0)
(-0.0109041 -0.822892 0)
(-0.0136918 -0.810016 0)
(-0.014979 -0.793279 0)
(-0.0145804 -0.773305 0)
(-0.0124178 -0.75036 0)
(-0.00847541 -0.725257 0)
(-0.00296943 -0.698612 0)
(0.00384588 -0.671091 0)
(0.0116088 -0.643422 0)
(0.0198933 -0.616292 0)
(0.0282452 -0.590308 0)
(0.0362203 -0.565998 0)
(0.0434137 -0.543773 0)
(0.049489 -0.523911 0)
(0.054195 -0.506558 0)
(0.0573755 -0.491732 0)
(0.0589665 -0.479343 0)
(0.0589871 -0.469219 0)
(0.0575233 -0.461126 0)
(0.0547112 -0.454799 0)
(0.0507175 -0.44996 0)
(0.0457229 -0.446343 0)
(0.0399075 -0.443702 0)
(0.0334414 -0.441821 0)
(0.0264784 -0.440524 0)
(0.0191538 -0.439671 0)
(0.0115854 -0.439157 0)
(0.003877 -0.438914 0)
(-0.00069579 -0.817978 0)
(-0.00189105 -0.813384 0)
(-0.0025081 -0.804375 0)
(-0.00223583 -0.791207 0)
(-0.000822573 -0.77424 0)
(0.0018758 -0.754082 0)
(0.00588423 -0.731253 0)
(0.0111302 -0.706502 0)
(0.0174156 -0.680523 0)
(0.024465 -0.654043 0)
(0.0319369 -0.627765 0)
(0.0394518 -0.602336 0)
(0.046626 -0.578309 0)
(0.0531017 -0.556128 0)
(0.0585719 -0.536112 0)
(0.0628 -0.518446 0)
(0.0656294 -0.503193 0)
(0.0669859 -0.490304 0)
(0.0668709 -0.479645 0)
(0.0653495 -0.471013 0)
(0.0625361 -0.464169 0)
(0.0585772 -0.458853 0)
(0.0536358 -0.45481 0)
(0.0478779 -0.451797 0)
(0.0414623 -0.4496 0)
(0.0345332 -0.448036 0)
(0.0272175 -0.446955 0)
(0.0196239 -0.446242 0)
(0.0118447 -0.445811 0)
(0.00395964 -0.445606 0)
(0.00104548 -0.791599 0)
(0.00327506 -0.787111 0)
(0.0059042 -0.778293 0)
(0.0091483 -0.765466 0)
(0.0131588 -0.749062 0)
(0.0180001 -0.729663 0)
(0.0236438 -0.707903 0)
(0.0299735 -0.6845 0)
(0.0367896 -0.660179 0)
(0.0438313 -0.63565 0)
(0.0507984 -0.611576 0)
(0.0573767 -0.588542 0)
(0.0632656 -0.567025 0)
(0.0682009 -0.547385 0)
(0.0719729 -0.529853 0)
(0.0744383 -0.514542 0)
(0.0755236 -0.501452 0)
(0.0752225 -0.490491 0)
(0.0735874 -0.4815 0)
(0.0707161 -0.474269 0)
(0.066739 -0.468568 0)
(0.0618043 -0.464158 0)
(0.0560656 -0.46081 0)
(0.0496712 -0.458315 0)
(0.0427579 -0.456492 0)
(0.035446 -0.455188 0)
(0.0278384 -0.454281 0)
(0.0200209 -0.453679 0)
(0.0120647 -0.453312 0)
(0.00403 -0.453137 0)
(0.00270626 -0.756976 0)
(0.00819431 -0.75281 0)
(0.0138968 -0.744645 0)
(0.0199187 -0.732798 0)
(0.0263135 -0.717724 0)
(0.033071 -0.699989 0)
(0.0401137 -0.680235 0)
(0.0473011 -0.659147 0)
(0.0544398 -0.637413 0)
(0.061301 -0.615688 0)
(0.0676399 -0.594565 0)
(0.0732172 -0.574548 0)
(0.0778192 -0.556029 0)
(0.0812741 -0.539287 0)
(0.0834629 -0.524482 0)
(0.0843252 -0.511666 0)
(0.0838575 -0.500801 0)
(0.0821076 -0.491771 0)
(0.0791654 -0.484411 0)
(0.0751502 -0.478524 0)
(0.0701995 -0.473898 0)
(0.0644573 -0.470326 0)
(0.0580641 -0.467614 0)
(0.0511504 -0.465587 0)
(0.0438322 -0.464099 0)
(0.0362085 -0.463026 0)
(0.0283615 -0.462273 0)
(0.0203583 -0.461768 0)
(0.012253 -0.461458 0)
(0.00409044 -0.461309 0)
(0.00420246 -0.714574 0)
(0.0126209 -0.710938 0)
(0.021072 -0.703824 0)
(0.0295524 -0.693531 0)
(0.0380251 -0.680486 0)
(0.0464131 -0.665214 0)
(0.0545987 -0.648302 0)
(0.0624295 -0.630367 0)
(0.0697279 -0.612017 0)
(0.0763055 -0.593821 0)
(0.0819785 -0.576276 0)
(0.0865835 -0.559792 0)
(0.08999 -0.544676 0)
(0.0921109 -0.53113 0)
(0.0929065 -0.519255 0)
(0.0923859 -0.509062 0)
(0.0906022 -0.500488 0)
(0.0876442 -0.493414 0)
(0.0836274 -0.487684 0)
(0.0786837 -0.483124 0)
(0.0729516 -0.479553 0)
(0.0665671 -0.4768 0)
(0.0596573 -0.474708 0)
(0.0523355 -0.47314 0)
(0.0446991 -0.471982 0)
(0.0368294 -0.471141 0)
(0.0287919 -0.470545 0)
(0.0206386 -0.470142 0)
(0.0124107 -0.469892 0)
(0.0041413 -0.469771 0)
(0.0054615 -0.665324 0)
(0.0163419 -0.662384 0)
(0.0270903 -0.656642 0)
(0.0376067 -0.648356 0)
(0.0477755 -0.637895 0)
(0.057464 -0.625705 0)
(0.0665248 -0.612283 0)
(0.0748017 -0.598142 0)
(0.0821386 -0.583781 0)
(0.0883898 -0.569654 0)
(0.0934306 -0.556152 0)
(0.0971669 -0.543583 0)
(0.099542 -0.532169 0)
(0.100541 -0.522043 0)
(0.100188 -0.513257 0)
(0.0985487 -0.505795 0)
(0.0957168 -0.499582 0)
(0.0918114 -0.49451 0)
(0.0869645 -0.490442 0)
(0.0813131 -0.487234 0)
(0.0749925 -0.484743 0)
(0.0681295 -0.482835 0)
(0.060838 -0.481392 0)
(0.0532164 -0.480313 0)
(0.0453472 -0.479517 0)
(0.037297 -0.478937 0)
(0.0291188 -0.478526 0)
(0.0208533 -0.478245 0)
(0.0125323 -0.478071 0)
(0.00418064 -0.477985 0)
(0.00643003 -0.610567 0)
(0.0192011 -0.608433 0)
(0.0317046 -0.604271 0)
(0.0437613 -0.598286 0)
(0.055193 -0.590763 0)
(0.0658247 -0.582048 0)
(0.0754888 -0.572521 0)
(0.0840316 -0.562568 0)
(0.0913194 -0.552558 0)
(0.097246 -0.542821 0)
(0.101738 -0.533631 0)
(0.10476 -0.525196 0)
(0.106315 -0.517654 0)
(0.106444 -0.511078 0)
(0.105221 -0.50548 0)
(0.10275 -0.500824 0)
(0.0991547 -0.497037 0)
(0.0945714 -0.494022 0)
(0.0891413 -0.49167 0)
(0.0830032 -0.489871 0)
(0.0762861 -0.48852 0)
(0.069107 -0.487521 0)
(0.0615684 -0.486792 0)
(0.0537565 -0.486267 0)
(0.0457418 -0.485893 0)
(0.0375806 -0.48563 0)
(0.0293166 -0.485448 0)
(0.0209833 -0.485328 0)
(0.0126059 -0.485254 0)
(0.0042045 -0.485217 0)
(0.0070788 -0.551949 0)
(0.0211134 -0.550664 0)
(0.0347808 -0.548166 0)
(0.0478449 -0.544594 0)
(0.0600827 -0.540141 0)
(0.0712905 -0.53504 0)
(0.0812896 -0.529541 0)
(0.089932 -0.523895 0)
(0.0971049 -0.518337 0)
(0.102735 -0.513067 0)
(0.106789 -0.508244 0)
(0.109276 -0.503979 0)
(0.110242 -0.500333 0)
(0.109767 -0.497324 0)
(0.10796 -0.494932 0)
(0.104948 -0.493107 0)
(0.100873 -0.491779 0)
(0.0958789 -0.490868 0)
(0.0901097 -0.490292 0)
(0.0837004 -0.489974 0)
(0.0767742 -0.489841 0)
(0.0694392 -0.489836 0)
(0.0617881 -0.489908 0)
(0.0538976 -0.490022 0)
(0.04583 -0.490151 0)
(0.0376341 -0.490276 0)
(0.0293481 -0.490384 0)
(0.0210009 -0.49047 0)
(0.0126147 -0.490529 0)
(0.00420715 -0.490557 0)
(0.00740418 -0.491288 0)
(0.0220686 -0.490829 0)
(0.0363052 -0.489951 0)
(0.0498433 -0.488725 0)
(0.0624342 -0.487254 0)
(0.0738591 -0.485655 0)
(0.0839356 -0.484052 0)
(0.0925232 -0.482565 0)
(0.0995264 -0.481297 0)
(0.104896 -0.480328 0)
(0.108627 -0.479708 0)
(0.110757 -0.47946 0)
(0.111359 -0.479575 0)
(0.110537 -0.480023 0)
(0.108418 -0.480756 0)
(0.10514 -0.481712 0)
(0.100851 -0.482825 0)
(0.095698 -0.484032 0)
(0.0898195 -0.485272 0)
(0.0833452 -0.486494 0)
(0.0763907 -0.487658 0)
(0.0690562 -0.488733 0)
(0.0614268 -0.489698 0)
(0.0535725 -0.490542 0)
(0.0455498 -0.491258 0)
(0.0374037 -0.491847 0)
(0.0291693 -0.492311 0)
(0.0208739 -0.492654 0)
(0.0125389 -0.492879 0)
(0.00418198 -0.49299 0)
(0.00742642 -0.43043 0)
(0.0221269 -0.430718 0)
(0.0363755 -0.431304 0)
(0.0498888 -0.432202 0)
(0.06241 -0.433428 0)
(0.0737174 -0.434999 0)
(0.0836316 -0.436925 0)
(0.0920204 -0.439208 0)
(0.098801 -0.441834 0)
(0.10394 -0.444777 0)
(0.107448 -0.447994 0)
(0.109377 -0.451429 0)
(0.109815 -0.455013 0)
(0.108872 -0.458675 0)
(0.10668 -0.462341 0)
(0.10338 -0.465937 0)
(0.0991142 -0.469402 0)
(0.0940248 -0.472679 0)
(0.0882437 -0.475727 0)
(0.0818922 -0.478515 0)
(0.0750776 -0.481024 0)
(0.067893 -0.483244 0)
(0.060417 -0.485177 0)
(0.052715 -0.486828 0)
(0.0448404 -0.488209 0)
(0.0368361 -0.489331 0)
(0.0287368 -0.49021 0)
(0.0205701 -0.490856 0)
(0.0123589 -0.491281 0)
(0.00412233 -0.49149 0)
(0.00718522 -0.37111 0)
(0.0214056 -0.372024 0)
(0.0351811 -0.373837 0)
(0.0482341 -0.376513 0)
(0.0603145 -0.380004 0)
(0.0712088 -0.384243 0)
(0.0807461 -0.389147 0)
(0.088803 -0.394622 0)
(0.0953056 -0.40056 0)
(0.100227 -0.406847 0)
(0.103586 -0.413363 0)
(0.105437 -0.41999 0)
(0.105867 -0.42661 0)
(0.104984 -0.433114 0)
(0.102914 -0.439407 0)
(0.0997884 -0.445405 0)
(0.0957417 -0.451042 0)
(0.0909039 -0.456268 0)
(0.0853966 -0.46105 0)
(0.0793312 -0.465368 0)
(0.0728064 -0.469219 0)
(0.0659084 -0.472606 0)
(0.0587105 -0.475543 0)
(0.0512747 -0.478048 0)
(0.0436527 -0.480142 0)
(0.0358873 -0.481847 0)
(0.0280138 -0.483182 0)
(0.0200621 -0.484167 0)
(0.0120575 -0.484815 0)
(0.00402247 -0.485135 0)
(0.00673336 -0.314834 0)
(0.0200604 -0.316227 0)
(0.0329735 -0.318977 0)
(0.0452146 -0.323018 0)
(0.056552 -0.32825 0)
(0.0667881 -0.334548 0)
(0.0757657 -0.341762 0)
(0.0833712 -0.349726 0)
(0.0895361 -0.358267 0)
(0.094236 -0.367203 0)
(0.0974867 -0.37636 0)
(0.0993382 -0.385568 0)
(0.0998677 -0.394675 0)
(0.0991731 -0.403543 0)
(0.0973651 -0.412055 0)
(0.0945616 -0.420117 0)
(0.0908814 -0.427657 0)
(0.0864402 -0.434624 0)
(0.0813466 -0.440985 0)
(0.0757007 -0.446728 0)
(0.069592 -0.451852 0)
(0.0630997 -0.456367 0)
(0.0562925 -0.460292 0)
(0.0492296 -0.463651 0)
(0.0419617 -0.466468 0)
(0.0345323 -0.46877 0)
(0.0269785 -0.470579 0)
(0.0193329 -0.471917 0)
(0.0116242 -0.472799 0)
(0.00387872 -0.473236 0)
(0.00612977 -0.262795 0)
(0.0182654 -0.26451 0)
(0.0300339 -0.267896 0)
(0.0412063 -0.272862 0)
(0.0515767 -0.27928 0)
(0.0609689 -0.286988 0)
(0.0692423 -0.295796 0)
(0.0762939 -0.305497 0)
(0.0820602 -0.315871 0)
(0.0865151 -0.326698 0)
(0.0896675 -0.337766 0)
(0.0915562 -0.348876 0)
(0.0922441 -0.359845 0)
(0.0918118 -0.370518 0)
(0.0903521 -0.380761 0)
(0.0879637 -0.390468 0)
(0.0847475 -0.399559 0)
(0.0808024 -0.407977 0)
(0.0762225 -0.415686 0)
(0.0710955 -0.42267 0)
(0.0655011 -0.428926 0)
(0.0595114 -0.434464 0)
(0.0531902 -0.4393 0)
(0.0465942 -0.443458 0)
(0.0397733 -0.446961 0)
(0.0327717 -0.449836 0)
(0.0256286 -0.452104 0)
(0.0183793 -0.453786 0)
(0.0110564 -0.454899 0)
(0.00369022 -0.455451 0)
(0.00543326 -0.21583 0)
(0.0161946 -0.21772 0)
(0.026644 -0.22145 0)
(0.0365865 -0.226921 0)
(0.0458459 -0.233992 0)
(0.0542707 -0.242484 0)
(0.0617382 -0.252191 0)
(0.068157 -0.262887 0)
(0.0734675 -0.274333 0)
(0.0776415 -0.286292 0)
(0.0806789 -0.298532 0)
(0.082605 -0.310839 0)
(0.0834653 -0.323017 0)
(0.0833212 -0.334896 0)
(0.0822447 -0.346333 0)
(0.0803144 -0.35721 0)
(0.0776116 -0.367438 0)
(0.0742175 -0.376951 0)
(0.0702109 -0.385707 0)
(0.0656663 -0.393679 0)
(0.0606537 -0.400859 0)
(0.0552373 -0.407249 0)
(0.0494759 -0.41286 0)
(0.0434232 -0.417708 0)
(0.0371279 -0.421813 0)
(0.0306347 -0.425195 0)
(0.0239843 -0.427874 0)
(0.0172147 -0.429867 0)
(0.0103617 -0.431187 0)
(0.00345933 -0.431844 0)
(0.00469741 -0.174418 0)
(0.0140064 -0.176353 0)
(0.0230609 -0.180172 0)
(0.0317009 -0.185777 0)
(0.0397812 -0.193029 0)
(0.0471755 -0.201749 0)
(0.0537794 -0.211733 0)
(0.0595132 -0.222753 0)
(0.0643218 -0.234575 0)
(0.0681745 -0.24696 0)
(0.071063 -0.259677 0)
(0.0729992 -0.272508 0)
(0.0740113 -0.285256 0)
(0.0741413 -0.297744 0)
(0.0734408 -0.309824 0)
(0.0719682 -0.321372 0)
(0.0697856 -0.332289 0)
(0.0669566 -0.342501 0)
(0.0635446 -0.351953 0)
(0.0596114 -0.36061 0)
(0.0552165 -0.368453 0)
(0.0504161 -0.375472 0)
(0.0452636 -0.381669 0)
(0.0398089 -0.387051 0)
(0.0340989 -0.39163 0)
(0.0281779 -0.395418 0)
(0.0220877 -0.398429 0)
(0.015868 -0.400675 0)
(0.00955697 -0.402167 0)
(0.00319165 -0.40291 0)
(0.00396713 -0.138708 0)
(0.0118341 -0.140582 0)
(0.0195011 -0.144285 0)
(0.0268419 -0.149725 0)
(0.0337408 -0.156773 0)
(0.0400954 -0.165265 0)
(0.0458197 -0.175009 0)
(0.0508452 -0.185795 0)
(0.0551216 -0.197402 0)
(0.058617 -0.209607 0)
(0.061316 -0.222192 0)
(0.0632188 -0.234947 0)
(0.064339 -0.247682 0)
(0.0647008 -0.260225 0)
(0.0643374 -0.272426 0)
(0.0632885 -0.284156 0)
(0.0615985 -0.295313 0)
(0.0593146 -0.305813 0)
(0.0564857 -0.315591 0)
(0.0531611 -0.324602 0)
(0.04939 -0.332814 0)
(0.0452205 -0.340205 0)
(0.0407 -0.346766 0)
(0.035874 -0.352492 0)
(0.0307869 -0.357385 0)
(0.0254816 -0.361449 0)
(0.0199998 -0.36469 0)
(0.0143819 -0.367114 0)
(0.00866749 -0.368727 0)
(0.00289553 -0.369531 0)
(0.00327681 -0.108566 0)
(0.00977963 -0.110304 0)
(0.0161313 -0.113739 0)
(0.0222357 -0.118793 0)
(0.0280037 -0.125353 0)
(0.0333549 -0.133274 0)
(0.03822 -0.142388 0)
(0.0425414 -0.152511 0)
(0.0462744 -0.163445 0)
(0.0493867 -0.174991 0)
(0.0518581 -0.186952 0)
(0.0536799 -0.199137 0)
(0.0548534 -0.211369 0)
(0.0553887 -0.223486 0)
(0.0553035 -0.235343 0)
(0.0546218 -0.246814 0)
(0.0533723 -0.257792 0)
(0.0515878 -0.268188 0)
(0.049304 -0.277931 0)
(0.0465587 -0.286964 0)
(0.0433913 -0.295243 0)
(0.039842 -0.302737 0)
(0.0359514 -0.309423 0)
(0.0317606 -0.315286 0)
(0.0273104 -0.320317 0)
(0.0226415 -0.324511 0)
(0.0177942 -0.327866 0)
(0.0128086 -0.330381 0)
(0.00772446 -0.332058 0)
(0.00258135 -0.332895 0)
(0.00265006 -0.0836433 0)
(0.00791333 -0.0851954 0)
(0.0130668 -0.0882663 0)
(0.0180398 -0.0927909 0)
(0.0227661 -0.0986747 0)
(0.0271844 -0.105798 0)
(0.0312402 -0.11402 0)
(0.0348864 -0.123184 0)
(0.0380838 -0.133124 0)
(0.0408013 -0.143668 0)
(0.0430161 -0.154645 0)
(0.0447132 -0.165888 0)
(0.0458852 -0.177239 0)
(0.0465313 -0.188549 0)
(0.0466572 -0.199685 0)
(0.0462742 -0.210525 0)
(0.0453986 -0.220965 0)
(0.044051 -0.230914 0)
(0.0422558 -0.240294 0)
(0.0400406 -0.249041 0)
(0.0374358 -0.257104 0)
(0.0344739 -0.264442 0)
(0.0311891 -0.27102 0)
(0.0276173 -0.276814 0)
(0.0237951 -0.281806 0)
(0.0197602 -0.285982 0)
(0.0155507 -0.289332 0)
(0.011205 -0.291849 0)
(0.00676197 -0.293529 0)
(0.00226048 -0.294369 0)
(0.0021005 -0.063441 0)
(0.00627589 -0.0647825 0)
(0.0103747 -0.0674392 0)
(0.0143473 -0.0713596 0)
(0.0181457 -0.0764687 0)
(0.0217249 -0.082671 0)
(0.0250431 -0.0898535 0)
(0.0280625 -0.0978897 0)
(0.0307496 -0.106644 0)
(0.0330758 -0.115974 0)
(0.0350176 -0.125738 0)
(0.0365563 -0.135792 0)
(0.0376789 -0.146001 0)
(0.0383771 -0.156235 0)
(0.038648 -0.166371 0)
(0.0384934 -0.1763 0)
(0.03792 -0.18592 0)
(0.0369389 -0.195142 0)
(0.0355652 -0.203889 0)
(0.0338179 -0.212092 0)
(0.0317196 -0.219694 0)
(0.0292956 -0.226646 0)
(0.0265742 -0.232908 0)
(0.0235857 -0.238447 0)
(0.0203624 -0.243236 0)
(0.016938 -0.247255 0)
(0.0133478 -0.250487 0)
(0.0096275 -0.252921 0)
(0.00581393 -0.254549 0)
(0.00194422 -0.255363 0)
(0.00163337 -0.0473736 0)
(0.00488313 -0.0484991 0)
(0.00808204 -0.0507303 0)
(0.0111965 -0.0540282 0)
(0.0141933 -0.0583357 0)
(0.0170402 -0.0635798 0)
(0.019706 -0.0696734 0)
(0.0221611 -0.0765181 0)
(0.0243777 -0.084007 0)
(0.0263303 -0.0920273 0)
(0.0279961 -0.100463 0)
(0.0293554 -0.109199 0)
(0.030392 -0.118118 0)
(0.0310931 -0.127112 0)
(0.0314501 -0.136073 0)
(0.0314584 -0.144902 0)
(0.0311179 -0.153507 0)
(0.0304322 -0.161804 0)
(0.0294096 -0.169717 0)
(0.0280621 -0.177177 0)
(0.0264055 -0.184126 0)
(0.0244592 -0.19051 0)
(0.0222455 -0.196285 0)
(0.0197897 -0.201413 0)
(0.0171194 -0.205862 0)
(0.0142644 -0.209606 0)
(0.0112561 -0.212625 0)
(0.00812706 -0.214903 0)
(0.00491117 -0.216428 0)
(0.00164289 -0.217192 0)
(0.00124747 -0.0348238 0)
(0.00373182 -0.0357423 0)
(0.00618426 -0.0375651 0)
(0.0085832 -0.0402636 0)
(0.0109066 -0.0437964 0)
(0.0131322 -0.0481098 0)
(0.0152373 -0.0531392 0)
(0.0171991 -0.058811 0)
(0.0189952 -0.0650439 0)
(0.0206036 -0.0717511 0)
(0.0220036 -0.078842 0)
(0.0231756 -0.0862238 0)
(0.0241026 -0.0938034 0)
(0.0247696 -0.101489 0)
(0.0251649 -0.10919 0)
(0.02528 -0.116821 0)
(0.0251099 -0.124299 0)
(0.0246536 -0.131549 0)
(0.0239139 -0.138499 0)
(0.0228976 -0.145085 0)
(0.021615 -0.151247 0)
(0.0200803 -0.156933 0)
(0.0183109 -0.162097 0)
(0.0163272 -0.166698 0)
(0.0141524 -0.170703 0)
(0.011812 -0.174083 0)
(0.00933339 -0.176814 0)
(0.00674569 -0.178878 0)
(0.00407917 -0.180261 0)
(0.00136503 -0.180955 0)
(0.000937218 -0.0251853 0)
(0.00280556 -0.0259149 0)
(0.0046554 -0.0273644 0)
(0.00647373 -0.0295138 0)
(0.00824668 -0.0323343 0)
(0.00995933 -0.0357879 0)
(0.0115956 -0.0398285 0)
(0.0131386 -0.044403 0)
(0.0145704 -0.0494519 0)
(0.0158727 -0.0549103 0)
(0.0170273 -0.0607097 0)
(0.0180163 -0.0667781 0)
(0.0188229 -0.0730422 0)
(0.0194318 -0.0794277 0)
(0.0198301 -0.0858608 0)
(0.020007 -0.0922691 0)
(0.0199551 -0.0985823 0)
(0.0196701 -0.104733 0)
(0.0191511 -0.110658 0)
(0.018401 -0.116298 0)
(0.017426 -0.121598 0)
(0.0162361 -0.126507 0)
(0.0148443 -0.130982 0)
(0.0132668 -0.134983 0)
(0.0115226 -0.138474 0)
(0.00963323 -0.141428 0)
(0.00762207 -0.143819 0)
(0.00551441 -0.14563 0)
(0.00333687 -0.146844 0)
(0.00111701 -0.147454 0)
(0.000694452 -0.0178916 0)
(0.00208029 -0.0184553 0)
(0.00345668 -0.0195761 0)
(0.00481651 -0.021241 0)
(0.0061516 -0.0234306 0)
(0.00745241 -0.0261191 0)
(0.00870792 -0.0292752 0)
(0.00990565 -0.0328616 0)
(0.0110318 -0.0368363 0)
(0.0120714 -0.0411526 0)
(0.0130091 -0.04576 0)
(0.0138289 -0.0506046 0)
(0.0145156 -0.0556303 0)
(0.0150545 -0.0607791 0)
(0.0154325 -0.065992 0)
(0.0156384 -0.0712103 0)
(0.0156634 -0.0763757 0)
(0.0155013 -0.0814314 0)
(0.0151491 -0.0863228 0)
(0.0146067 -0.0909979 0)
(0.0138774 -0.095408 0)
(0.0129678 -0.0995081 0)
(0.0118875 -0.103257 0)
(0.0106489 -0.106618 0)
(0.00926754 -0.10956 0)
(0.00776095 -0.112053 0)
(0.00614898 -0.114075 0)
(0.00445319 -0.115608 0)
(0.00269654 -0.116638 0)
(0.000902968 -0.117155 0)
(0.00050999 -0.0124337 0)
(0.00152885 -0.0128554 0)
(0.00254408 -0.0136947 0)
(0.00355244 -0.0149434 0)
(0.0045496 -0.0165891 0)
(0.00552977 -0.0186151 0)
(0.00648559 -0.0210008 0)
(0.00740808 -0.0237213 0)
(0.00828667 -0.0267479 0)
(0.00910949 -0.0300482 0)
(0.00986364 -0.0335862 0)
(0.0105356 -0.0373229 0)
(0.0111117 -0.0412168 0)
(0.0115788 -0.045224 0)
(0.0119243 -0.0492993 0)
(0.0121373 -0.0533967 0)
(0.0122086 -0.0574698 0)
(0.0121313 -0.0614727 0)
(0.0119007 -0.0653604 0)
(0.0115154 -0.0690898 0)
(0.0109762 -0.0726197 0)
(0.0102872 -0.0759116 0)
(0.00945536 -0.0789303 0)
(0.00849017 -0.0816435 0)
(0.0074038 -0.0840228 0)
(0.00621073 -0.0860437 0)
(0.00492747 -0.0876854 0)
(0.00357223 -0.0889313 0)
(0.00216458 -0.0897688 0)
(0.000725083 -0.0901896 0)
(0.000374824 -0.00836637 0)
(0.00112453 -0.00866853 0)
(0.00187415 -0.00927042 0)
(0.00262289 -0.0101671 0)
(0.00336886 -0.0113511 0)
(0.00410882 -0.0128121 0)
(0.00483798 -0.0145373 0)
(0.00554992 -0.0165107 0)
(0.00623665 -0.0187137 0)
(0.00688873 -0.0211245 0)
(0.00749557 -0.0237187 0)
(0.00804574 -0.0264692 0)
(0.0085274 -0.0293465 0)
(0.00892872 -0.0323192 0)
(0.00923839 -0.0353541 0)
(0.00944604 -0.0384168 0)
(0.00954268 -0.0414724 0)
(0.00952109 -0.0444856 0)
(0.00937612 -0.0474218 0)
(0.00910493 -0.0502471 0)
(0.00870717 -0.0529288 0)
(0.00818504 -0.0554364 0)
(0.00754333 -0.0577412 0)
(0.00678931 -0.0598171 0)
(0.00593263 -0.061641 0)
(0.00498512 -0.0631925 0)
(0.00396051 -0.0644545 0)
(0.00287418 -0.0654132 0)
(0.00174279 -0.0660582 0)
(0.000583997 -0.0663823 0)
(0.000280981 -0.00530653 0)
(0.000843669 -0.00550804 0)
(0.00140832 -0.00590972 0)
(0.00197553 -0.00650882 0)
(0.00254495 -0.00730111 0)
(0.00311494 -0.00828073 0)
(0.00368244 -0.00944007 0)
(0.00424283 -0.0107696 0)
(0.00478995 -0.0122579 0)
(0.00531623 -0.0138915 0)
(0.00581291 -0.0156546 0)
(0.00627027 -0.0175299 0)
(0.00667802 -0.0194978 0)
(0.00702566 -0.0215373 0)
(0.00730295 -0.0236258 0)
(0.00750028 -0.0257398 0)
(0.00760907 -0.0278549 0)
(0.00762218 -0.0299464 0)
(0.00753418 -0.0319897 0)
(0.00734163 -0.0339606 0)
(0.00704323 -0.0358355 0)
(0.00664 -0.0375923 0)
(0.00613523 -0.0392099 0)
(0.00553451 -0.0406694 0)
(0.00484563 -0.0419535 0)
(0.00407839 -0.0430471 0)
(0.0032444 -0.0439376 0)
(0.00235682 -0.0446146 0)
(0.00143003 -0.0450703 0)
(0.00047935 -0.0452995 0)
(0.0002221 -0.00292471 0)
(0.000667373 -0.00303977 0)
(0.00111567 -0.00326923 0)
(0.00156836 -0.00361176 0)
(0.00202594 -0.00406526 0)
(0.00248771 -0.00462677 0)
(0.00295165 -0.00529238 0)
(0.00341427 -0.00605711 0)
(0.00387062 -0.00691485 0)
(0.00431438 -0.00785825 0)
(0.00473801 -0.00887873 0)
(0.00513302 -0.00996649 0)
(0.00549022 -0.0111105 0)
(0.00580014 -0.0122987 0)
(0.00605334 -0.0135182 0)
(0.00624084 -0.014755 0)
(0.00635449 -0.015995 0)
(0.00638732 -0.0172235 0)
(0.00633381 -0.0184259 0)
(0.00619022 -0.0195875 0)
(0.00595473 -0.0206943 0)
(0.00562759 -0.0217329 0)
(0.00521118 -0.0226904 0)
(0.00470999 -0.0235552 0)
(0.00413056 -0.0243169 0)
(0.00348135 -0.0249662 0)
(0.00277252 -0.0254952 0)
(0.0020157 -0.0258976 0)
(0.00122373 -0.0261686 0)
(0.000410313 -0.0263049 0)
(0.00019378 -0.000932574 0)
(0.000582559 -0.00096994 0)
(0.000974803 -0.00104448 0)
(0.00137222 -0.0011558 0)
(0.00177568 -0.00130327 0)
(0.00218491 -0.001486 0)
(0.00259839 -0.00170279 0)
(0.00301316 -0.00195211 0)
(0.00342487 -0.00223204 0)
(0.00382781 -0.00254025 0)
(0.00421509 -0.00287403 0)
(0.00457881 -0.00323022 0)
(0.00491041 -0.00360526 0)
(0.00520091 -0.00399524 0)
(0.00544134 -0.0043959 0)
(0.00562307 -0.00480273 0)
(0.00573819 -0.005211 0)
(0.00577984 -0.00561589 0)
(0.00574252 -0.00601252 0)
(0.00562236 -0.00639605 0)
(0.00541729 -0.00676178 0)
(0.00512721 -0.00710518 0)
(0.00475405 -0.007422 0)
(0.00430176 -0.00770833 0)
(0.00377628 -0.00796063 0)
(0.00318537 -0.00817578 0)
(0.00253847 -0.00835115 0)
(0.00184646 -0.00848459 0)
(0.00112135 -0.00857446 0)
(0.000376048 -0.00861966 0)
)
;

boundaryField
{
    outerWall
    {
        type            noSlip;
    }
    axis
    {
        type            symmetryPlane;
    }
    nozzle
    {
        type            zeroGradient;
    }
    back
    {
        type            empty;
    }
    front
    {
        type            empty;
    }
}


// ************************************************************************* //
