/*--------------------------------*- C++ -*----------------------------------*\
| =========                 |                                                 |
| \\      /  F ield         | OpenFOAM: The Open Source CFD Toolbox           |
|  \\    /   O peration     | Version:  2412                                  |
|   \\  /    A nd           | Website:  www.openfoam.com                      |
|    \\/     M anipulation  |                                                 |
\*---------------------------------------------------------------------------*/
FoamFile
{
    version     2.0;
    format      ascii;
    arch        "LSB;label=32;scalar=64";
    class       volScalarField;
    location    "8e-05";
    object      p;
}
// * * * * * * * * * * * * * * * * * * * * * * * * * * * * * * * * * * * * * //

dimensions      [1 -1 -2 0 0 0 0];

internalField   nonuniform List<scalar> 
3725
(
9.99933e+06
9.99892e+06
9.99791e+06
9.99582e+06
9.99181e+06
9.98444e+06
9.9714e+06
9.94926e+06
9.9132e+06
9.85707e+06
9.77378e+06
9.65629e+06
9.49915e+06
9.3005e+06
9.06374e+06
8.79821e+06
8.51827e+06
8.2406e+06
7.98126e+06
7.75308e+06
7.5638e+06
7.41556e+06
7.30589e+06
7.22923e+06
7.17869e+06
7.14742e+06
7.12941e+06
7.11988e+06
7.11536e+06
7.11364e+06
9.99925e+06
9.9988e+06
9.99767e+06
9.99537e+06
9.99099e+06
9.98297e+06
9.96889e+06
9.94516e+06
9.90684e+06
9.84776e+06
9.76095e+06
9.63981e+06
9.47969e+06
9.27979e+06
9.04465e+06
8.78444e+06
8.5136e+06
8.24809e+06
8.00258e+06
7.78819e+06
7.611e+06
7.47201e+06
7.36831e+06
7.29458e+06
7.24459e+06
7.21232e+06
7.19256e+06
7.18118e+06
7.17519e+06
7.17266e+06
9.99908e+06
9.99854e+06
9.99719e+06
9.99447e+06
9.98932e+06
9.98001e+06
9.96387e+06
9.937e+06
9.89426e+06
9.8294e+06
9.73579e+06
9.6077e+06
9.44203e+06
9.24005e+06
9.0084e+06
8.7587e+06
8.50536e+06
8.26287e+06
8.04329e+06
7.85448e+06
7.69952e+06
7.57747e+06
7.48474e+06
7.41651e+06
7.36777e+06
7.33399e+06
7.31137e+06
7.29692e+06
7.28846e+06
7.28457e+06
9.99882e+06
9.99813e+06
9.99645e+06
9.99309e+06
9.9868e+06
9.97556e+06
9.95634e+06
9.92487e+06
9.87568e+06
9.80252e+06
9.69928e+06
9.56159e+06
9.38858e+06
9.18442e+06
8.95855e+06
8.72419e+06
8.49544e+06
8.28454e+06
8.09981e+06
7.94479e+06
7.81882e+06
7.7187e+06
7.64025e+06
7.57947e+06
7.53296e+06
7.49802e+06
7.47252e+06
7.45482e+06
7.44369e+06
7.43833e+06
9.99846e+06
9.99758e+06
9.99545e+06
9.99122e+06
9.9834e+06
9.96961e+06
9.94636e+06
9.90892e+06
9.85149e+06
9.76788e+06
9.65282e+06
9.50373e+06
9.32261e+06
9.1171e+06
8.8997e+06
8.68497e+06
8.48613e+06
8.31237e+06
8.16746e+06
8.05011e+06
7.95588e+06
7.87957e+06
7.81684e+06
7.7648e+06
7.7218e+06
7.68693e+06
7.65966e+06
7.6396e+06
7.62644e+06
7.61992e+06
9.99799e+06
9.99687e+06
9.99416e+06
9.98884e+06
9.9791e+06
9.96215e+06
9.93398e+06
9.88935e+06
9.82217e+06
9.72648e+06
9.59813e+06
9.43683e+06
9.24791e+06
9.04278e+06
8.83677e+06
8.64519e+06
8.47957e+06
8.34529e+06
8.24113e+06
8.1611e+06
8.09761e+06
8.04422e+06
7.99702e+06
7.95442e+06
7.91635e+06
7.88339e+06
7.85625e+06
7.8355e+06
7.8215e+06
7.81446e+06
9.99741e+06
9.99599e+06
9.99258e+06
9.98594e+06
9.97391e+06
9.95324e+06
9.91935e+06
9.86649e+06
9.78838e+06
9.6795e+06
9.53718e+06
9.3638e+06
9.16841e+06
8.96611e+06
8.77442e+06
8.60852e+06
8.47736e+06
8.38187e+06
8.3159e+06
8.26947e+06
8.23293e+06
8.19966e+06
8.16669e+06
8.13374e+06
8.10194e+06
8.07285e+06
8.04794e+06
8.02834e+06
8.01486e+06
8.00801e+06
9.9967e+06
9.99493e+06
9.9907e+06
9.98251e+06
9.96786e+06
9.94294e+06
9.90263e+06
9.84073e+06
9.75086e+06
9.62824e+06
9.472e+06
9.28759e+06
9.08788e+06
8.89124e+06
8.7165e+06
8.57768e+06
8.48028e+06
8.42046e+06
8.38761e+06
8.36894e+06
8.35409e+06
8.33722e+06
8.31663e+06
8.29313e+06
8.26854e+06
8.24486e+06
8.22387e+06
8.20696e+06
8.19514e+06
8.18906e+06
9.99586e+06
9.99369e+06
9.98852e+06
9.9786e+06
9.96099e+06
9.93138e+06
9.8841e+06
9.81256e+06
9.7105e+06
9.57411e+06
9.40467e+06
9.21097e+06
9.00959e+06
8.82146e+06
8.66575e+06
8.55424e+06
8.48829e+06
8.45937e+06
8.45323e+06
8.45569e+06
8.45696e+06
8.4527e+06
8.44249e+06
8.42782e+06
8.41075e+06
8.3933e+06
8.3772e+06
8.36388e+06
8.3544e+06
8.34948e+06
9.99491e+06
9.99228e+06
9.98606e+06
9.97422e+06
9.95339e+06
9.91874e+06
9.86409e+06
9.78256e+06
9.66823e+06
9.5185e+06
9.33714e+06
9.13635e+06
8.93613e+06
8.75911e+06
8.62373e+06
8.53866e+06
8.50071e+06
8.49704e+06
8.51094e+06
8.5282e+06
8.54062e+06
8.54561e+06
8.54381e+06
8.53698e+06
8.52706e+06
8.51582e+06
8.50479e+06
8.49529e+06
8.48835e+06
8.48468e+06
9.99384e+06
9.99071e+06
9.98336e+06
9.96944e+06
9.94519e+06
9.90525e+06
9.84298e+06
9.75139e+06
9.62502e+06
9.46281e+06
9.27116e+06
9.06573e+06
8.86934e+06
8.70548e+06
8.59091e+06
8.53049e+06
8.51642e+06
8.53227e+06
8.56009e+06
8.58683e+06
8.6064e+06
8.61792e+06
8.6227e+06
8.62243e+06
8.61871e+06
8.61298e+06
8.60654e+06
8.60054e+06
8.59596e+06
8.59344e+06
9.99268e+06
9.98902e+06
9.98046e+06
9.96436e+06
9.93654e+06
9.89117e+06
9.82124e+06
9.71973e+06
9.58187e+06
9.40831e+06
9.20824e+06
9.00056e+06
8.81033e+06
8.661e+06
8.56688e+06
8.52865e+06
8.53415e+06
8.56421e+06
8.6009e+06
8.63305e+06
8.65687e+06
8.67284e+06
8.68253e+06
8.68737e+06
8.68858e+06
8.68727e+06
8.68454e+06
8.68139e+06
8.67871e+06
8.6771e+06
9.99144e+06
9.98723e+06
9.97742e+06
9.95909e+06
9.92764e+06
9.87684e+06
9.79936e+06
9.68829e+06
9.53972e+06
9.35616e+06
9.14957e+06
8.94183e+06
8.75953e+06
8.62538e+06
8.55065e+06
8.53175e+06
8.55265e+06
8.59247e+06
8.63416e+06
8.6689e+06
8.69502e+06
8.71388e+06
8.72702e+06
8.73553e+06
8.7403e+06
8.74221e+06
8.74218e+06
8.74104e+06
8.73969e+06
8.73862e+06
9.99016e+06
9.98539e+06
9.97431e+06
9.95374e+06
9.91871e+06
9.86258e+06
9.77783e+06
9.65778e+06
9.49947e+06
9.30733e+06
9.09605e+06
8.89006e+06
8.71685e+06
8.5978e+06
8.54087e+06
8.53831e+06
8.57088e+06
8.61693e+06
8.66092e+06
8.69647e+06
8.72364e+06
8.74425e+06
8.75962e+06
8.77051e+06
8.7776e+06
8.78159e+06
8.78325e+06
8.78329e+06
8.78265e+06
8.78164e+06
9.98887e+06
9.98355e+06
9.97123e+06
9.94847e+06
9.90997e+06
9.84876e+06
9.75719e+06
9.62887e+06
9.4619e+06
9.26262e+06
9.04827e+06
8.84538e+06
8.6818e+06
8.5772e+06
8.53609e+06
8.54695e+06
8.58805e+06
8.63771e+06
8.68226e+06
8.71763e+06
8.7451e+06
8.76664e+06
8.78326e+06
8.7955e+06
8.80387e+06
8.80897e+06
8.81143e+06
8.81182e+06
8.81126e+06
8.80973e+06
9.98761e+06
9.98176e+06
9.96826e+06
9.94343e+06
9.90166e+06
9.83573e+06
9.73791e+06
9.60219e+06
9.42771e+06
9.22265e+06
9.00658e+06
8.80765e+06
8.65367e+06
8.56234e+06
8.53489e+06
8.55648e+06
8.60359e+06
8.65505e+06
8.69918e+06
8.73387e+06
8.76123e+06
8.78313e+06
8.80029e+06
8.81309e+06
8.82195e+06
8.82736e+06
8.82986e+06
8.82983e+06
8.8287e+06
8.82593e+06
9.98643e+06
9.98008e+06
9.96549e+06
9.93875e+06
9.89402e+06
9.82384e+06
9.72046e+06
9.57828e+06
9.39747e+06
9.18789e+06
8.97112e+06
8.77653e+06
8.63161e+06
8.55204e+06
8.53603e+06
8.56597e+06
8.61715e+06
8.66924e+06
8.71249e+06
8.74633e+06
8.77336e+06
8.79524e+06
8.81246e+06
8.82528e+06
8.83405e+06
8.83916e+06
8.84106e+06
8.83985e+06
8.83736e+06
8.83185e+06
9.98537e+06
9.97858e+06
9.96301e+06
9.9346e+06
9.88727e+06
9.8134e+06
9.70526e+06
9.55764e+06
9.37165e+06
9.15864e+06
8.94187e+06
8.75159e+06
8.61476e+06
8.54518e+06
8.53845e+06
8.57469e+06
8.62853e+06
8.68059e+06
8.72281e+06
8.75582e+06
8.78244e+06
8.80408e+06
8.82107e+06
8.83355e+06
8.84182e+06
8.84616e+06
8.8469e+06
8.8439e+06
8.8404e+06
8.8367e+06
9.98446e+06
9.9773e+06
9.96092e+06
9.93111e+06
9.88161e+06
9.80469e+06
9.69266e+06
9.54066e+06
9.35061e+06
9.13511e+06
8.91874e+06
8.73234e+06
8.60233e+06
8.54083e+06
8.5413e+06
8.58214e+06
8.63765e+06
8.68935e+06
8.73061e+06
8.76289e+06
8.7891e+06
8.81043e+06
8.82703e+06
8.83899e+06
8.8465e+06
8.84968e+06
8.84839e+06
8.84065e+06
8.82404e+06
8.80099e+06
9.98374e+06
9.9763e+06
9.95928e+06
9.92838e+06
9.8772e+06
9.79795e+06
9.68295e+06
9.52766e+06
9.33462e+06
9.1174e+06
8.90157e+06
8.71834e+06
8.59362e+06
8.53822e+06
8.54394e+06
8.58798e+06
8.64447e+06
8.69574e+06
8.73621e+06
8.76794e+06
8.79379e+06
8.81479e+06
8.83097e+06
8.84235e+06
8.84904e+06
8.85114e+06
8.849e+06
8.84393e+06
8.83897e+06
8.83274e+06
9.9833e+06
9.97568e+06
9.95827e+06
9.92669e+06
9.8745e+06
9.79381e+06
9.67702e+06
9.51975e+06
9.32494e+06
9.10676e+06
8.89135e+06
8.71014e+06
8.58867e+06
8.53693e+06
8.54574e+06
8.59158e+06
8.64855e+06
8.6995e+06
8.73949e+06
8.77087e+06
8.7965e+06
8.81726e+06
8.83314e+06
8.84405e+06
8.84987e+06
8.85017e+06
8.84305e+06
8.82877e+06
8.78195e+06
8.71873e+06
9.98306e+06
9.97534e+06
9.95772e+06
9.92578e+06
9.87304e+06
9.79158e+06
9.67383e+06
9.5155e+06
9.31975e+06
9.10109e+06
8.88593e+06
8.70582e+06
8.58611e+06
8.53632e+06
8.54676e+06
8.59352e+06
8.65073e+06
8.70149e+06
8.74122e+06
8.77242e+06
8.79793e+06
8.81857e+06
8.83427e+06
8.84492e+06
8.85034e+06
8.85007e+06
8.84286e+06
8.83178e+06
8.79965e+06
8.77919e+06
9.98298e+06
9.97523e+06
9.95754e+06
9.92548e+06
9.87255e+06
9.79083e+06
9.67276e+06
9.51408e+06
9.31802e+06
9.0992e+06
8.88413e+06
8.7044e+06
8.58527e+06
8.53614e+06
8.54711e+06
8.59418e+06
8.65146e+06
8.70217e+06
8.74181e+06
8.77296e+06
8.79843e+06
8.81904e+06
8.8347e+06
8.84527e+06
8.85053e+06
8.84989e+06
8.84122e+06
8.82439e+06
8.7732e+06
8.73729e+06
9.98306e+06
9.97534e+06
9.95772e+06
9.92579e+06
9.87304e+06
9.79158e+06
9.67383e+06
9.5155e+06
9.31976e+06
9.10109e+06
8.88594e+06
8.70583e+06
8.58611e+06
8.53633e+06
8.54677e+06
8.59354e+06
8.65075e+06
8.70154e+06
8.74128e+06
8.77251e+06
8.79805e+06
8.81874e+06
8.83449e+06
8.8452e+06
8.85067e+06
8.85046e+06
8.84332e+06
8.8323e+06
8.80016e+06
8.7796e+06
9.9833e+06
9.97568e+06
9.95827e+06
9.9267e+06
9.8745e+06
9.79382e+06
9.67702e+06
9.51975e+06
9.32495e+06
9.10677e+06
8.89137e+06
8.71016e+06
8.58869e+06
8.53695e+06
8.54577e+06
8.59162e+06
8.64861e+06
8.6996e+06
8.73963e+06
8.77108e+06
8.79679e+06
8.81765e+06
8.83364e+06
8.84467e+06
8.85062e+06
8.85105e+06
8.84403e+06
8.82981e+06
8.78297e+06
8.71957e+06
8.51198e+06
8.53058e+06
8.49287e+06
8.44244e+06
8.38476e+06
8.31877e+06
8.24283e+06
8.15438e+06
8.04984e+06
7.92458e+06
7.77295e+06
7.58847e+06
7.36399e+06
7.09216e+06
6.76614e+06
6.38031e+06
5.93087e+06
5.41645e+06
4.83855e+06
4.20136e+06
3.51178e+06
2.77768e+06
2.00941e+06
1.21776e+06
409745
8.6268e+06
8.57501e+06
8.51492e+06
8.45375e+06
8.39042e+06
8.32163e+06
8.24429e+06
8.15514e+06
8.05023e+06
7.92478e+06
7.77306e+06
7.58852e+06
7.36402e+06
7.09217e+06
6.76615e+06
6.38032e+06
5.93087e+06
5.41646e+06
4.83855e+06
4.20137e+06
3.51179e+06
2.77769e+06
2.00942e+06
1.21777e+06
409745
8.56109e+06
8.53568e+06
8.49216e+06
8.44072e+06
8.38322e+06
8.3177e+06
8.2422e+06
8.15403e+06
8.04966e+06
7.92449e+06
7.77291e+06
7.58844e+06
7.36398e+06
7.09215e+06
6.76614e+06
6.38032e+06
5.93087e+06
5.41646e+06
4.83855e+06
4.20137e+06
3.51179e+06
2.77769e+06
2.00942e+06
1.21777e+06
409745
8.62695e+06
8.57502e+06
8.51495e+06
8.45377e+06
8.39042e+06
8.32163e+06
8.24429e+06
8.15514e+06
8.05023e+06
7.92478e+06
7.77306e+06
7.58852e+06
7.36402e+06
7.09217e+06
6.76615e+06
6.38032e+06
5.93087e+06
5.41646e+06
4.83855e+06
4.20137e+06
3.51179e+06
2.77769e+06
2.00941e+06
1.21777e+06
409745
8.51245e+06
8.53084e+06
8.49291e+06
8.44243e+06
8.38475e+06
8.31876e+06
8.24281e+06
8.15437e+06
8.04983e+06
7.92457e+06
7.77295e+06
7.58846e+06
7.36399e+06
7.09216e+06
6.76614e+06
6.38032e+06
5.93087e+06
5.41646e+06
4.83855e+06
4.20137e+06
3.51178e+06
2.77769e+06
2.00941e+06
1.21776e+06
409744
9.98375e+06
9.97631e+06
9.95929e+06
9.92839e+06
9.87722e+06
9.79798e+06
9.68299e+06
9.52772e+06
9.33469e+06
9.11748e+06
8.90165e+06
8.71842e+06
8.59368e+06
8.53827e+06
8.54399e+06
8.58804e+06
8.64457e+06
8.69592e+06
8.73648e+06
8.76833e+06
8.79434e+06
8.81553e+06
8.83193e+06
8.84355e+06
8.85049e+06
8.85285e+06
8.85099e+06
8.84624e+06
8.84161e+06
8.83563e+06
9.98447e+06
9.97732e+06
9.96095e+06
9.93116e+06
9.88169e+06
9.80481e+06
9.69284e+06
9.54091e+06
9.35091e+06
9.13545e+06
8.91907e+06
8.73263e+06
8.60254e+06
8.54095e+06
8.54136e+06
8.58221e+06
8.63779e+06
8.68964e+06
8.73108e+06
8.76362e+06
8.79014e+06
8.81183e+06
8.82885e+06
8.84127e+06
8.84926e+06
8.85292e+06
8.85205e+06
8.84461e+06
8.82824e+06
8.80535e+06
9.98539e+06
9.97862e+06
9.96308e+06
9.93471e+06
9.88743e+06
9.81366e+06
9.70564e+06
9.55815e+06
9.37229e+06
9.15937e+06
8.9426e+06
8.75223e+06
8.61523e+06
8.54546e+06
8.53859e+06
8.57482e+06
8.62878e+06
8.6811e+06
8.72369e+06
8.75717e+06
8.78436e+06
8.80668e+06
8.82442e+06
8.83774e+06
8.84686e+06
8.85204e+06
8.85355e+06
8.85123e+06
8.84829e+06
8.84497e+06
9.98647e+06
9.98014e+06
9.96559e+06
9.93892e+06
9.89429e+06
9.82426e+06
9.72108e+06
9.57913e+06
9.39854e+06
9.18912e+06
8.97239e+06
8.77767e+06
8.63249e+06
8.55261e+06
8.53637e+06
8.56627e+06
8.61767e+06
8.67023e+06
8.71414e+06
8.74883e+06
8.77688e+06
8.79995e+06
8.81851e+06
8.83277e+06
8.84301e+06
8.84956e+06
8.85276e+06
8.85265e+06
8.85095e+06
8.8459e+06
9.98767e+06
9.98184e+06
9.96839e+06
9.94366e+06
9.90205e+06
9.83634e+06
9.73881e+06
9.60342e+06
9.4293e+06
9.22451e+06
9.00854e+06
8.80947e+06
8.65516e+06
8.56342e+06
8.53565e+06
8.55722e+06
8.6047e+06
8.65696e+06
8.70226e+06
8.73843e+06
8.76755e+06
8.79149e+06
8.81094e+06
8.82617e+06
8.8375e+06
8.8453e+06
8.84995e+06
8.85169e+06
8.85184e+06
8.84977e+06
9.98895e+06
9.98365e+06
9.97141e+06
9.94878e+06
9.91047e+06
9.84956e+06
9.75838e+06
9.63054e+06
9.46407e+06
9.26521e+06
9.05108e+06
8.84811e+06
8.68418e+06
8.5791e+06
8.53765e+06
8.54858e+06
8.59035e+06
8.64136e+06
8.68788e+06
8.72574e+06
8.75619e+06
8.78114e+06
8.80154e+06
8.81777e+06
8.83016e+06
8.8391e+06
8.845e+06
8.84822e+06
8.84965e+06
8.84919e+06
9.99025e+06
9.98552e+06
9.97453e+06
9.95412e+06
9.91933e+06
9.86357e+06
9.77933e+06
9.6599e+06
9.50228e+06
9.31076e+06
9.09989e+06
8.89397e+06
8.72049e+06
8.60103e+06
8.54385e+06
8.5416e+06
8.57537e+06
8.62364e+06
8.67085e+06
8.71051e+06
8.74256e+06
8.76871e+06
8.79014e+06
8.80738e+06
8.82083e+06
8.83084e+06
8.83784e+06
8.84223e+06
8.84465e+06
8.84524e+06
9.99154e+06
9.98738e+06
9.97767e+06
9.95952e+06
9.92837e+06
9.87801e+06
9.80114e+06
9.69086e+06
9.5432e+06
9.36053e+06
9.15464e+06
8.94726e+06
8.76495e+06
8.63063e+06
8.556e+06
8.53796e+06
8.56095e+06
8.60438e+06
8.65122e+06
8.69251e+06
8.72637e+06
8.75396e+06
8.77654e+06
8.79485e+06
8.80932e+06
8.82035e+06
8.82835e+06
8.83371e+06
8.83691e+06
8.83818e+06
9.99279e+06
9.98918e+06
9.98073e+06
9.96484e+06
9.93736e+06
9.8925e+06
9.8233e+06
9.72275e+06
9.58604e+06
9.41371e+06
9.21476e+06
9.00791e+06
8.8182e+06
8.66931e+06
8.57603e+06
8.53969e+06
8.54879e+06
8.58459e+06
8.6293e+06
8.67157e+06
8.70731e+06
8.73658e+06
8.76051e+06
8.77995e+06
8.79547e+06
8.80748e+06
8.81639e+06
8.82258e+06
8.82642e+06
8.82817e+06
9.99396e+06
9.99088e+06
9.98365e+06
9.96996e+06
9.94607e+06
9.90671e+06
9.84529e+06
9.75485e+06
9.62992e+06
9.46935e+06
9.2794e+06
9.07554e+06
8.88059e+06
8.71827e+06
8.60591e+06
8.54919e+06
8.54113e+06
8.56594e+06
8.60591e+06
8.64783e+06
8.68511e+06
8.71622e+06
8.74171e+06
8.76244e+06
8.77906e+06
8.79205e+06
8.80183e+06
8.80876e+06
8.81316e+06
8.81525e+06
9.99503e+06
9.99245e+06
9.98636e+06
9.97475e+06
9.95433e+06
9.92032e+06
9.86663e+06
9.78645e+06
9.67389e+06
9.52634e+06
9.34746e+06
9.14934e+06
8.95199e+06
8.77834e+06
8.64748e+06
8.56904e+06
8.54082e+06
8.55082e+06
8.58265e+06
8.62194e+06
8.65977e+06
8.69255e+06
8.71977e+06
8.74197e+06
8.75982e+06
8.77384e+06
8.78448e+06
8.7921e+06
8.797e+06
8.79937e+06
9.99598e+06
9.99386e+06
9.98882e+06
9.97915e+06
9.96197e+06
9.93307e+06
9.88686e+06
9.8169e+06
9.71703e+06
9.58348e+06
9.41758e+06
9.2281e+06
9.03174e+06
8.8498e+06
8.7022e+06
8.60179e+06
8.55105e+06
8.54241e+06
8.56203e+06
8.5954e+06
8.63182e+06
8.66547e+06
8.6943e+06
8.71811e+06
8.73734e+06
8.7525e+06
8.76406e+06
8.77239e+06
8.77777e+06
8.7804e+06
9.99681e+06
9.9951e+06
9.991e+06
9.98308e+06
9.96888e+06
9.94473e+06
9.90564e+06
9.8456e+06
9.75843e+06
9.63954e+06
9.48825e+06
9.3102e+06
9.11857e+06
8.93222e+06
8.77085e+06
8.64959e+06
8.57513e+06
8.54456e+06
8.54759e+06
8.57089e+06
8.60278e+06
8.63552e+06
8.6652e+06
8.69045e+06
8.71114e+06
8.72757e+06
8.74015e+06
8.74924e+06
8.75514e+06
8.75803e+06
9.99752e+06
9.99616e+06
9.99289e+06
9.98652e+06
9.97499e+06
9.95517e+06
9.92269e+06
9.87205e+06
9.7973e+06
9.69332e+06
9.55784e+06
9.39374e+06
9.21062e+06
9.02432e+06
8.8533e+06
8.71386e+06
8.61601e+06
8.56137e+06
8.54378e+06
8.55236e+06
8.57559e+06
8.60443e+06
8.6332e+06
8.65904e+06
8.68088e+06
8.69853e+06
8.71218e+06
8.72211e+06
8.72857e+06
8.73175e+06
9.9981e+06
9.99704e+06
9.99449e+06
9.98946e+06
9.98028e+06
9.96431e+06
9.9378e+06
9.89589e+06
9.83297e+06
9.74373e+06
9.62476e+06
9.4766e+06
9.30555e+06
9.12401e+06
8.94835e+06
8.79486e+06
8.67578e+06
8.59663e+06
8.55553e+06
8.54493e+06
8.55477e+06
8.57561e+06
8.60048e+06
8.62502e+06
8.64696e+06
8.66531e+06
8.67981e+06
8.6905e+06
8.69751e+06
8.70097e+06
9.99858e+06
9.99777e+06
9.99581e+06
9.99192e+06
9.98474e+06
9.97212e+06
9.95091e+06
9.91688e+06
9.86496e+06
9.78989e+06
9.68756e+06
9.55669e+06
9.40068e+06
9.22848e+06
9.05368e+06
8.89148e+06
8.75516e+06
8.65311e+06
8.58744e+06
8.55433e+06
8.54618e+06
8.55435e+06
8.57127e+06
8.59144e+06
8.61137e+06
8.62909e+06
8.64365e+06
8.65465e+06
8.66197e+06
8.66563e+06
9.99896e+06
9.99835e+06
9.99687e+06
9.99392e+06
9.98842e+06
9.97865e+06
9.96201e+06
9.93493e+06
9.89295e+06
9.83112e+06
9.745e+06
9.63205e+06
9.49327e+06
9.33442e+06
9.16596e+06
9.00116e+06
8.8531e+06
8.73194e+06
8.64292e+06
8.58591e+06
8.55635e+06
8.54738e+06
8.55185e+06
8.5637e+06
8.57849e+06
8.59329e+06
8.60633e+06
8.61662e+06
8.62367e+06
8.62723e+06
9.99925e+06
9.9988e+06
9.99771e+06
9.99552e+06
9.99139e+06
9.98397e+06
9.97118e+06
9.95009e+06
9.91686e+06
9.86704e+06
9.79619e+06
9.70101e+06
9.58072e+06
9.43833e+06
9.28117e+06
9.11999e+06
8.96672e+06
8.83203e+06
8.72329e+06
8.64345e+06
8.59115e+06
8.56191e+06
8.54989e+06
8.54929e+06
8.55525e+06
8.5641e+06
8.57331e+06
8.58127e+06
8.58701e+06
8.58999e+06
9.99947e+06
9.99915e+06
9.99836e+06
9.99676e+06
9.99373e+06
9.98821e+06
9.97859e+06
9.9625e+06
9.93677e+06
9.89752e+06
9.8406e+06
9.76237e+06
9.66084e+06
9.53689e+06
9.39501e+06
9.24318e+06
9.09148e+06
8.95004e+06
8.82723e+06
8.72821e+06
8.65442e+06
8.604e+06
8.57302e+06
8.55666e+06
8.55028e+06
8.54998e+06
8.55272e+06
8.55637e+06
8.55949e+06
8.56125e+06
9.99963e+06
9.99941e+06
9.99885e+06
9.99771e+06
9.99552e+06
9.99151e+06
9.98442e+06
9.97242e+06
9.95294e+06
9.92273e+06
9.87808e+06
9.81539e+06
9.73201e+06
9.62726e+06
9.50333e+06
9.36553e+06
9.22168e+06
9.08063e+06
8.9507e+06
8.83825e+06
8.74683e+06
8.67698e+06
8.62687e+06
8.59324e+06
8.57225e+06
8.56028e+06
8.5542e+06
8.5516e+06
8.55077e+06
8.55062e+06
9.99975e+06
9.9996e+06
9.99921e+06
9.99841e+06
9.99687e+06
9.99401e+06
9.9889e+06
9.98015e+06
9.96573e+06
9.94302e+06
9.90886e+06
9.8599e+06
9.79328e+06
9.70736e+06
9.6026e+06
9.48204e+06
9.3512e+06
9.21716e+06
9.08739e+06
8.96853e+06
8.86536e+06
8.7803e+06
8.7135e+06
8.66341e+06
8.62747e+06
8.60276e+06
8.58653e+06
8.57643e+06
8.57068e+06
8.56809e+06
9.99984e+06
9.99973e+06
9.99947e+06
9.99892e+06
9.99786e+06
9.99586e+06
9.99227e+06
9.98602e+06
9.9756e+06
9.95893e+06
9.93342e+06
9.89618e+06
9.84441e+06
9.776e+06
9.69029e+06
9.58855e+06
9.47422e+06
9.35253e+06
9.2296e+06
9.11156e+06
9.00361e+06
8.90933e+06
8.83046e+06
8.76706e+06
8.71797e+06
8.68133e+06
8.65508e+06
8.63727e+06
8.62631e+06
8.62112e+06
9.99989e+06
9.99982e+06
9.99965e+06
9.99928e+06
9.99856e+06
9.9972e+06
9.99472e+06
9.99037e+06
9.983e+06
9.97106e+06
9.95249e+06
9.9249e+06
9.88577e+06
9.8329e+06
9.76498e+06
9.68209e+06
9.58602e+06
9.48024e+06
9.36937e+06
9.25857e+06
9.15276e+06
9.05599e+06
8.97101e+06
8.89916e+06
8.8406e+06
8.7946e+06
8.75998e+06
8.73545e+06
8.71983e+06
8.71225e+06
9.99993e+06
9.99989e+06
9.99977e+06
9.99953e+06
9.99906e+06
9.99815e+06
9.99648e+06
9.99351e+06
9.98843e+06
9.98007e+06
9.96689e+06
9.94698e+06
9.9182e+06
9.87853e+06
9.82639e+06
9.76113e+06
9.68338e+06
9.59516e+06
9.49968e+06
9.40093e+06
9.30312e+06
9.21019e+06
9.12531e+06
9.05066e+06
8.9874e+06
8.93584e+06
8.89572e+06
8.86646e+06
8.84741e+06
8.83803e+06
9.99996e+06
9.99993e+06
9.99986e+06
9.9997e+06
9.99939e+06
9.9988e+06
9.9977e+06
9.99572e+06
9.99229e+06
9.98659e+06
9.97746e+06
9.96346e+06
9.94287e+06
9.91395e+06
9.87515e+06
9.82546e+06
9.76478e+06
9.69405e+06
9.61532e+06
9.53142e+06
9.44571e+06
9.36162e+06
9.28227e+06
9.21019e+06
9.14718e+06
9.09432e+06
9.05213e+06
9.02068e+06
8.99987e+06
8.98952e+06
9.99997e+06
9.99996e+06
9.99991e+06
9.99981e+06
9.99962e+06
9.99924e+06
9.99853e+06
9.99724e+06
9.99498e+06
9.99118e+06
9.98502e+06
9.97542e+06
9.96109e+06
9.9406e+06
9.91258e+06
9.87596e+06
9.83022e+06
9.77563e+06
9.71331e+06
9.64515e+06
9.57362e+06
9.50149e+06
9.43155e+06
9.36629e+06
9.30777e+06
9.25751e+06
9.21655e+06
9.1855e+06
9.16469e+06
9.15426e+06
9.99998e+06
9.99997e+06
9.99995e+06
9.99989e+06
9.99977e+06
9.99953e+06
9.99908e+06
9.99826e+06
9.99681e+06
9.99433e+06
9.99027e+06
9.98385e+06
9.97414e+06
9.96002e+06
9.94038e+06
9.91423e+06
9.8809e+06
9.84025e+06
9.7928e+06
9.7397e+06
9.68265e+06
9.62374e+06
9.56527e+06
9.50947e+06
9.45835e+06
9.41359e+06
9.37648e+06
9.34796e+06
9.32864e+06
9.3189e+06
9.99999e+06
9.99998e+06
9.99997e+06
9.99993e+06
9.99986e+06
9.99971e+06
9.99944e+06
9.99892e+06
9.99801e+06
9.99644e+06
9.99382e+06
9.98964e+06
9.98323e+06
9.97377e+06
9.96039e+06
9.94227e+06
9.91875e+06
9.88952e+06
9.8547e+06
9.81493e+06
9.7713e+06
9.72533e+06
9.67875e+06
9.63343e+06
9.59115e+06
9.55351e+06
9.52186e+06
9.49726e+06
9.48045e+06
9.47193e+06
9.99999e+06
9.99999e+06
9.99998e+06
9.99996e+06
9.99992e+06
9.99983e+06
9.99966e+06
9.99935e+06
9.99879e+06
9.99781e+06
9.99617e+06
9.99351e+06
9.98938e+06
9.98321e+06
9.97435e+06
9.96216e+06
9.94608e+06
9.92574e+06
9.90107e+06
9.87237e+06
9.8403e+06
9.80589e+06
9.7704e+06
9.73528e+06
9.702e+06
9.67195e+06
9.64638e+06
9.6263e+06
9.61248e+06
9.60545e+06
1e+07
9.99999e+06
9.99999e+06
9.99998e+06
9.99995e+06
9.9999e+06
9.9998e+06
9.99961e+06
9.99928e+06
9.99868e+06
9.99767e+06
9.99603e+06
9.99343e+06
9.98951e+06
9.9838e+06
9.97583e+06
9.96516e+06
9.95145e+06
9.93454e+06
9.91455e+06
9.89185e+06
9.86708e+06
9.84114e+06
9.81508e+06
9.79004e+06
9.76715e+06
9.74747e+06
9.73188e+06
9.72109e+06
9.71557e+06
1e+07
1e+07
9.99999e+06
9.99999e+06
9.99997e+06
9.99994e+06
9.99989e+06
9.99978e+06
9.99958e+06
9.99922e+06
9.99862e+06
9.99762e+06
9.99603e+06
9.9936e+06
9.99002e+06
9.98495e+06
9.97807e+06
9.9691e+06
9.95788e+06
9.94441e+06
9.92889e+06
9.91171e+06
9.89346e+06
9.87489e+06
9.85683e+06
9.84014e+06
9.82565e+06
9.81409e+06
9.80604e+06
9.80191e+06
1e+07
1e+07
1e+07
9.99999e+06
9.99998e+06
9.99997e+06
9.99994e+06
9.99987e+06
9.99976e+06
9.99955e+06
9.9992e+06
9.99861e+06
9.99766e+06
9.99618e+06
9.99399e+06
9.99086e+06
9.98654e+06
9.98084e+06
9.97362e+06
9.96483e+06
9.95457e+06
9.94306e+06
9.93068e+06
9.91793e+06
9.9054e+06
9.8937e+06
9.88347e+06
9.87525e+06
9.8695e+06
9.86654e+06
1e+07
1e+07
1e+07
1e+07
9.99999e+06
9.99998e+06
9.99996e+06
9.99993e+06
9.99986e+06
9.99975e+06
9.99954e+06
9.9992e+06
9.99865e+06
9.99778e+06
9.99647e+06
9.99458e+06
9.99194e+06
9.98842e+06
9.98391e+06
9.97834e+06
9.97177e+06
9.96431e+06
9.95619e+06
9.94774e+06
9.93935e+06
9.93146e+06
9.9245e+06
9.91888e+06
9.91493e+06
9.9129e+06
1e+07
1e+07
1e+07
1e+07
1e+07
9.99999e+06
9.99998e+06
9.99996e+06
9.99993e+06
9.99986e+06
9.99975e+06
9.99955e+06
9.99923e+06
9.99873e+06
9.99797e+06
9.99686e+06
9.99529e+06
9.99317e+06
9.99043e+06
9.98701e+06
9.98292e+06
9.97823e+06
9.97308e+06
9.96766e+06
9.96224e+06
9.9571e+06
9.95253e+06
9.94882e+06
9.94621e+06
9.94486e+06
1e+07
1e+07
1e+07
1e+07
1e+07
9.99999e+06
9.99999e+06
9.99998e+06
9.99996e+06
9.99992e+06
9.99986e+06
9.99975e+06
9.99958e+06
9.99929e+06
9.99886e+06
9.99822e+06
9.99731e+06
9.99607e+06
9.99445e+06
9.9924e+06
9.98993e+06
9.98707e+06
9.98389e+06
9.98053e+06
9.97714e+06
9.97389e+06
9.971e+06
9.96864e+06
9.96696e+06
9.9661e+06
1e+07
1e+07
1e+07
1e+07
1e+07
1e+07
9.99999e+06
9.99999e+06
9.99998e+06
9.99996e+06
9.99993e+06
9.99987e+06
9.99977e+06
9.99961e+06
9.99937e+06
9.99901e+06
9.9985e+06
9.99779e+06
9.99685e+06
9.99566e+06
9.99421e+06
9.99251e+06
9.99061e+06
9.98858e+06
9.98652e+06
9.98454e+06
9.98276e+06
9.9813e+06
9.98027e+06
9.97973e+06
1e+07
1e+07
1e+07
1e+07
1e+07
1e+07
1e+07
9.99999e+06
9.99999e+06
9.99998e+06
9.99996e+06
9.99993e+06
9.99988e+06
9.99979e+06
9.99966e+06
9.99947e+06
9.99918e+06
9.99878e+06
9.99826e+06
9.99758e+06
9.99675e+06
9.99577e+06
9.99466e+06
9.99348e+06
9.99226e+06
9.99108e+06
9.99002e+06
9.98915e+06
9.98853e+06
9.9882e+06
1e+07
1e+07
1e+07
1e+07
1e+07
1e+07
1e+07
1e+07
9.99999e+06
9.99999e+06
9.99998e+06
9.99996e+06
9.99994e+06
9.99989e+06
9.99982e+06
9.99972e+06
9.99956e+06
9.99935e+06
9.99906e+06
9.99868e+06
9.99822e+06
9.99767e+06
9.99704e+06
9.99636e+06
9.99566e+06
9.99498e+06
9.99437e+06
9.99386e+06
9.9935e+06
9.99331e+06
1e+07
1e+07
1e+07
1e+07
1e+07
1e+07
1e+07
1e+07
1e+07
9.99999e+06
9.99999e+06
9.99998e+06
9.99997e+06
9.99994e+06
9.99991e+06
9.99985e+06
9.99977e+06
9.99966e+06
9.9995e+06
9.9993e+06
9.99904e+06
9.99874e+06
9.99839e+06
9.99802e+06
9.99763e+06
9.99725e+06
9.9969e+06
9.99661e+06
9.99641e+06
9.9963e+06
1e+07
1e+07
1e+07
1e+07
1e+07
1e+07
1e+07
1e+07
1e+07
1e+07
9.99999e+06
9.99999e+06
9.99998e+06
9.99997e+06
9.99995e+06
9.99992e+06
9.99988e+06
9.99982e+06
9.99974e+06
9.99963e+06
9.9995e+06
9.99934e+06
9.99915e+06
9.99894e+06
9.99873e+06
9.99852e+06
9.99833e+06
9.99817e+06
9.99806e+06
9.998e+06
1e+07
1e+07
1e+07
1e+07
1e+07
1e+07
1e+07
1e+07
1e+07
1e+07
1e+07
1e+07
9.99999e+06
9.99999e+06
9.99998e+06
9.99996e+06
9.99994e+06
9.99991e+06
9.99987e+06
9.99981e+06
9.99974e+06
9.99966e+06
9.99956e+06
9.99945e+06
9.99934e+06
9.99923e+06
9.99912e+06
9.99904e+06
9.99898e+06
9.99894e+06
1e+07
1e+07
1e+07
1e+07
1e+07
1e+07
1e+07
1e+07
1e+07
1e+07
1e+07
1e+07
1e+07
9.99999e+06
9.99999e+06
9.99998e+06
9.99997e+06
9.99996e+06
9.99993e+06
9.99991e+06
9.99987e+06
9.99983e+06
9.99978e+06
9.99972e+06
9.99966e+06
9.9996e+06
9.99955e+06
9.9995e+06
9.99947e+06
9.99945e+06
1e+07
1e+07
1e+07
1e+07
1e+07
1e+07
1e+07
1e+07
1e+07
1e+07
1e+07
1e+07
1e+07
1e+07
9.99999e+06
9.99999e+06
9.99999e+06
9.99998e+06
9.99997e+06
9.99995e+06
9.99994e+06
9.99991e+06
9.99989e+06
9.99986e+06
9.99983e+06
9.9998e+06
9.99977e+06
9.99975e+06
9.99973e+06
9.99972e+06
1e+07
1e+07
1e+07
1e+07
1e+07
1e+07
1e+07
1e+07
1e+07
1e+07
1e+07
1e+07
1e+07
1e+07
1e+07
1e+07
9.99999e+06
9.99999e+06
9.99998e+06
9.99998e+06
9.99997e+06
9.99996e+06
9.99995e+06
9.99993e+06
9.99992e+06
9.9999e+06
9.99989e+06
9.99988e+06
9.99987e+06
9.99986e+06
1e+07
1e+07
1e+07
1e+07
1e+07
1e+07
1e+07
1e+07
1e+07
1e+07
1e+07
1e+07
1e+07
1e+07
1e+07
1e+07
1e+07
1e+07
9.99999e+06
9.99999e+06
9.99999e+06
9.99998e+06
9.99997e+06
9.99997e+06
9.99996e+06
9.99995e+06
9.99995e+06
9.99994e+06
9.99994e+06
9.99993e+06
1e+07
1e+07
1e+07
1e+07
1e+07
1e+07
1e+07
1e+07
1e+07
1e+07
1e+07
1e+07
1e+07
1e+07
1e+07
1e+07
1e+07
1e+07
1e+07
1e+07
9.99999e+06
9.99999e+06
9.99999e+06
9.99998e+06
9.99998e+06
9.99998e+06
9.99997e+06
9.99997e+06
9.99997e+06
9.99997e+06
1e+07
1e+07
1e+07
1e+07
1e+07
1e+07
1e+07
1e+07
1e+07
1e+07
1e+07
1e+07
1e+07
1e+07
1e+07
1e+07
1e+07
1e+07
1e+07
1e+07
1e+07
1e+07
9.99999e+06
9.99999e+06
9.99999e+06
9.99999e+06
9.99999e+06
9.99999e+06
9.99999e+06
9.99999e+06
1e+07
1e+07
1e+07
1e+07
1e+07
1e+07
1e+07
1e+07
1e+07
1e+07
1e+07
1e+07
1e+07
1e+07
1e+07
1e+07
1e+07
1e+07
1e+07
1e+07
1e+07
1e+07
1e+07
1e+07
1e+07
1e+07
9.99999e+06
9.99999e+06
9.99999e+06
9.99999e+06
1e+07
1e+07
1e+07
1e+07
1e+07
1e+07
1e+07
1e+07
1e+07
1e+07
1e+07
1e+07
1e+07
1e+07
1e+07
1e+07
1e+07
1e+07
1e+07
1e+07
1e+07
1e+07
1e+07
1e+07
1e+07
1e+07
1e+07
1e+07
1e+07
1e+07
1e+07
1e+07
1e+07
1e+07
1e+07
1e+07
1e+07
1e+07
1e+07
1e+07
1e+07
1e+07
1e+07
1e+07
1e+07
1e+07
1e+07
1e+07
1e+07
1e+07
1e+07
1e+07
1e+07
1e+07
1e+07
1e+07
1e+07
1e+07
1e+07
1e+07
1e+07
1e+07
1e+07
1e+07
1e+07
1e+07
1e+07
1e+07
1e+07
1e+07
1e+07
1e+07
1e+07
1e+07
1e+07
1e+07
1e+07
1e+07
1e+07
1e+07
1e+07
1e+07
1e+07
1e+07
1e+07
1e+07
1e+07
1e+07
1e+07
1e+07
1e+07
1e+07
1e+07
1e+07
1e+07
1e+07
1e+07
1e+07
1e+07
1e+07
1e+07
1e+07
1e+07
1e+07
1e+07
1e+07
1e+07
1e+07
1e+07
1e+07
1e+07
1e+07
1e+07
1e+07
1e+07
1e+07
1e+07
1e+07
1e+07
1e+07
1e+07
1e+07
1e+07
1e+07
1e+07
1e+07
1e+07
1e+07
1e+07
1e+07
1e+07
1e+07
1e+07
1e+07
1e+07
1e+07
1e+07
1e+07
1e+07
1e+07
1e+07
1e+07
1e+07
1e+07
1e+07
1e+07
1e+07
1e+07
1e+07
1e+07
1e+07
1e+07
1e+07
1e+07
1e+07
1e+07
1e+07
1e+07
1e+07
1e+07
1e+07
1e+07
1e+07
1e+07
1e+07
1e+07
1e+07
1e+07
1e+07
1e+07
1e+07
1e+07
1e+07
1e+07
1e+07
1e+07
1e+07
1e+07
1e+07
1e+07
1e+07
1e+07
1e+07
1e+07
1e+07
1e+07
1e+07
1e+07
1e+07
1e+07
1e+07
1e+07
1e+07
1e+07
1e+07
1e+07
1e+07
1e+07
1e+07
1e+07
1e+07
1e+07
1e+07
1e+07
1e+07
1e+07
1e+07
1e+07
1e+07
1e+07
1e+07
1e+07
1e+07
1e+07
1e+07
1e+07
1e+07
1e+07
1e+07
1e+07
1e+07
1e+07
1e+07
1e+07
1e+07
1e+07
1e+07
1e+07
1e+07
1e+07
1e+07
1e+07
1e+07
1e+07
1e+07
1e+07
1e+07
1e+07
1e+07
1e+07
1e+07
1e+07
1e+07
1e+07
1e+07
1e+07
1e+07
1e+07
1e+07
1e+07
1e+07
1e+07
1e+07
1e+07
1e+07
1e+07
1e+07
1e+07
1e+07
1e+07
1e+07
1e+07
1e+07
1e+07
1e+07
1e+07
1e+07
1e+07
1e+07
1e+07
1e+07
1e+07
1e+07
1e+07
1e+07
1e+07
1e+07
1e+07
1e+07
1e+07
1e+07
1e+07
1e+07
1e+07
1e+07
1e+07
1e+07
1e+07
1e+07
1e+07
1e+07
1e+07
1e+07
1e+07
1e+07
1e+07
1e+07
1e+07
1e+07
1e+07
1e+07
1e+07
1e+07
1e+07
1e+07
1e+07
1e+07
1e+07
1e+07
1e+07
1e+07
1e+07
1e+07
1e+07
1e+07
1e+07
1e+07
1e+07
1e+07
1e+07
1e+07
1e+07
1e+07
1e+07
1e+07
1e+07
1e+07
1e+07
1e+07
1e+07
1e+07
1e+07
1e+07
1e+07
1e+07
1e+07
1e+07
1e+07
1e+07
1e+07
1e+07
1e+07
1e+07
1e+07
1e+07
1e+07
1e+07
1e+07
1e+07
1e+07
1e+07
1e+07
1e+07
1e+07
1e+07
1e+07
1e+07
1e+07
1e+07
1e+07
1e+07
1e+07
1e+07
1e+07
1e+07
1e+07
1e+07
1e+07
1e+07
1e+07
1e+07
1e+07
1e+07
1e+07
1e+07
1e+07
1e+07
1e+07
1e+07
1e+07
1e+07
1e+07
1e+07
1e+07
1e+07
1e+07
1e+07
1e+07
1e+07
1e+07
1e+07
1e+07
1e+07
1e+07
1e+07
1e+07
1e+07
1e+07
1e+07
1e+07
1e+07
1e+07
1e+07
1e+07
1e+07
1e+07
1e+07
1e+07
1e+07
1e+07
1e+07
1e+07
1e+07
1e+07
1e+07
1e+07
1e+07
1e+07
1e+07
1e+07
1e+07
1e+07
1e+07
1e+07
1e+07
1e+07
1e+07
1e+07
1e+07
1e+07
1e+07
1e+07
1e+07
1e+07
1e+07
1e+07
1e+07
1e+07
1e+07
1e+07
1e+07
1e+07
1e+07
1e+07
1e+07
1e+07
1e+07
1e+07
1e+07
1e+07
1e+07
1e+07
1e+07
1e+07
1e+07
1e+07
1e+07
1e+07
1e+07
1e+07
1e+07
1e+07
1e+07
1e+07
1e+07
1e+07
1e+07
1e+07
1e+07
1e+07
1e+07
1e+07
1e+07
1e+07
1e+07
1e+07
1e+07
1e+07
1e+07
1e+07
1e+07
1e+07
1e+07
1e+07
1e+07
1e+07
1e+07
1e+07
1e+07
1e+07
1e+07
1e+07
1e+07
1e+07
1e+07
1e+07
1e+07
1e+07
1e+07
1e+07
1e+07
1e+07
1e+07
1e+07
1e+07
1e+07
1e+07
1e+07
1e+07
1e+07
1e+07
1e+07
1e+07
1e+07
1e+07
1e+07
1e+07
1e+07
1e+07
1e+07
1e+07
1e+07
1e+07
1e+07
1e+07
1e+07
1e+07
1e+07
1e+07
1e+07
1e+07
1e+07
1e+07
1e+07
1e+07
1e+07
1e+07
1e+07
1e+07
1e+07
1e+07
1e+07
1e+07
1e+07
1e+07
1e+07
1e+07
1e+07
1e+07
1e+07
1e+07
1e+07
1e+07
1e+07
1e+07
1e+07
1e+07
1e+07
1e+07
1e+07
1e+07
1e+07
1e+07
1e+07
1e+07
1e+07
1e+07
1e+07
1e+07
1e+07
1e+07
1e+07
1e+07
1e+07
1e+07
1e+07
1e+07
1e+07
1e+07
1e+07
1e+07
1e+07
1e+07
1e+07
1e+07
1e+07
1e+07
1e+07
1e+07
1e+07
1e+07
1e+07
1e+07
1e+07
1e+07
1e+07
1e+07
1e+07
1e+07
1e+07
1e+07
1e+07
1e+07
1e+07
1e+07
1e+07
1e+07
1e+07
1e+07
1e+07
1e+07
1e+07
1e+07
1e+07
1e+07
1e+07
1e+07
1e+07
1e+07
1e+07
1e+07
1e+07
1e+07
1e+07
1e+07
1e+07
1e+07
1e+07
1e+07
1e+07
1e+07
1e+07
1e+07
1e+07
1e+07
1e+07
1e+07
1e+07
1e+07
1e+07
1e+07
1e+07
1e+07
1e+07
1e+07
1e+07
1e+07
1e+07
1e+07
1e+07
1e+07
1e+07
1e+07
1e+07
1e+07
1e+07
1e+07
1e+07
1e+07
1e+07
1e+07
1e+07
1e+07
1e+07
1e+07
1e+07
1e+07
1e+07
1e+07
1e+07
1e+07
1e+07
1e+07
1e+07
1e+07
1e+07
1e+07
1e+07
1e+07
1e+07
1e+07
1e+07
1e+07
1e+07
1e+07
1e+07
1e+07
1e+07
1e+07
1e+07
1e+07
1e+07
1e+07
1e+07
1e+07
1e+07
1e+07
1e+07
1e+07
1e+07
1e+07
1e+07
1e+07
1e+07
1e+07
1e+07
1e+07
1e+07
1e+07
1e+07
1e+07
1e+07
1e+07
1e+07
1e+07
1e+07
1e+07
1e+07
1e+07
1e+07
1e+07
1e+07
1e+07
1e+07
1e+07
1e+07
1e+07
1e+07
1e+07
1e+07
1e+07
1e+07
1e+07
1e+07
1e+07
1e+07
1e+07
1e+07
1e+07
1e+07
1e+07
1e+07
1e+07
1e+07
1e+07
1e+07
1e+07
1e+07
1e+07
1e+07
1e+07
1e+07
1e+07
1e+07
1e+07
1e+07
1e+07
1e+07
1e+07
1e+07
1e+07
1e+07
1e+07
1e+07
1e+07
1e+07
1e+07
1e+07
1e+07
1e+07
1e+07
1e+07
1e+07
1e+07
1e+07
1e+07
1e+07
1e+07
1e+07
1e+07
1e+07
1e+07
1e+07
1e+07
1e+07
1e+07
1e+07
1e+07
1e+07
1e+07
1e+07
1e+07
1e+07
1e+07
1e+07
1e+07
1e+07
1e+07
1e+07
1e+07
1e+07
1e+07
1e+07
1e+07
1e+07
1e+07
1e+07
1e+07
1e+07
1e+07
1e+07
1e+07
1e+07
1e+07
1e+07
1e+07
1e+07
1e+07
1e+07
1e+07
1e+07
1e+07
1e+07
1e+07
1e+07
1e+07
1e+07
1e+07
1e+07
1e+07
1e+07
1e+07
1e+07
1e+07
1e+07
1e+07
1e+07
1e+07
1e+07
1e+07
1e+07
1e+07
1e+07
1e+07
1e+07
1e+07
1e+07
1e+07
1e+07
1e+07
1e+07
1e+07
1e+07
1e+07
1e+07
1e+07
1e+07
1e+07
1e+07
1e+07
1e+07
1e+07
1e+07
1e+07
1e+07
1e+07
1e+07
1e+07
1e+07
1e+07
1e+07
1e+07
1e+07
1e+07
1e+07
1e+07
1e+07
1e+07
1e+07
1e+07
1e+07
1e+07
1e+07
1e+07
1e+07
1e+07
1e+07
1e+07
1e+07
1e+07
1e+07
1e+07
1e+07
1e+07
1e+07
1e+07
1e+07
1e+07
1e+07
1e+07
1e+07
1e+07
1e+07
1e+07
1e+07
1e+07
1e+07
1e+07
1e+07
1e+07
1e+07
1e+07
1e+07
1e+07
1e+07
1e+07
1e+07
1e+07
1e+07
1e+07
1e+07
1e+07
1e+07
1e+07
1e+07
1e+07
1e+07
1e+07
1e+07
1e+07
1e+07
1e+07
1e+07
1e+07
1e+07
1e+07
1e+07
1e+07
1e+07
1e+07
1e+07
1e+07
1e+07
1e+07
1e+07
1e+07
1e+07
1e+07
1e+07
1e+07
1e+07
1e+07
1e+07
1e+07
1e+07
1e+07
1e+07
1e+07
1e+07
1e+07
1e+07
1e+07
1e+07
1e+07
1e+07
1e+07
1e+07
1e+07
1e+07
1e+07
1e+07
1e+07
1e+07
1e+07
1e+07
1e+07
1e+07
1e+07
1e+07
1e+07
1e+07
1e+07
1e+07
1e+07
1e+07
1e+07
1e+07
1e+07
1e+07
1e+07
1e+07
1e+07
1e+07
1e+07
1e+07
1e+07
1e+07
1e+07
1e+07
1e+07
1e+07
1e+07
1e+07
1e+07
1e+07
1e+07
1e+07
1e+07
1e+07
1e+07
1e+07
1e+07
1e+07
1e+07
1e+07
1e+07
1e+07
1e+07
1e+07
1e+07
1e+07
1e+07
1e+07
1e+07
1e+07
1e+07
1e+07
1e+07
1e+07
1e+07
1e+07
1e+07
1e+07
1e+07
1e+07
1e+07
1e+07
1e+07
1e+07
1e+07
1e+07
1e+07
1e+07
1e+07
1e+07
1e+07
1e+07
1e+07
1e+07
1e+07
1e+07
1e+07
1e+07
1e+07
1e+07
1e+07
1e+07
1e+07
1e+07
1e+07
1e+07
1e+07
1e+07
1e+07
1e+07
1e+07
1e+07
1e+07
1e+07
1e+07
1e+07
1e+07
1e+07
1e+07
1e+07
1e+07
1e+07
1e+07
1e+07
1e+07
1e+07
1e+07
1e+07
1e+07
1e+07
1e+07
1e+07
1e+07
1e+07
1e+07
1e+07
1e+07
1e+07
1e+07
1e+07
1e+07
1e+07
1e+07
1e+07
1e+07
1e+07
1e+07
1e+07
1e+07
1e+07
1e+07
1e+07
1e+07
1e+07
1e+07
1e+07
1e+07
1e+07
1e+07
1e+07
1e+07
1e+07
1e+07
1e+07
1e+07
1e+07
1e+07
1e+07
1e+07
1e+07
1e+07
1e+07
1e+07
1e+07
1e+07
1e+07
1e+07
1e+07
1e+07
1e+07
1e+07
1e+07
1e+07
1e+07
1e+07
1e+07
1e+07
1e+07
1e+07
1e+07
1e+07
1e+07
1e+07
1e+07
1e+07
1e+07
1e+07
1e+07
1e+07
1e+07
1e+07
1e+07
1e+07
1e+07
1e+07
1e+07
1e+07
1e+07
1e+07
1e+07
1e+07
1e+07
1e+07
1e+07
1e+07
1e+07
1e+07
1e+07
1e+07
1e+07
1e+07
1e+07
1e+07
1e+07
1e+07
1e+07
1e+07
1e+07
1e+07
1e+07
1e+07
1e+07
1e+07
1e+07
1e+07
1e+07
1e+07
1e+07
1e+07
1e+07
1e+07
1e+07
1e+07
1e+07
1e+07
1e+07
1e+07
1e+07
1e+07
1e+07
1e+07
1e+07
1e+07
1e+07
1e+07
1e+07
1e+07
1e+07
1e+07
1e+07
1e+07
1e+07
1e+07
1e+07
1e+07
1e+07
1e+07
1e+07
1e+07
1e+07
1e+07
1e+07
1e+07
1e+07
1e+07
1e+07
1e+07
1e+07
1e+07
1e+07
1e+07
1e+07
1e+07
1e+07
1e+07
1e+07
1e+07
1e+07
1e+07
1e+07
1e+07
1e+07
1e+07
1e+07
1e+07
1e+07
1e+07
1e+07
1e+07
1e+07
1e+07
1e+07
1e+07
1e+07
1e+07
1e+07
1e+07
1e+07
1e+07
1e+07
1e+07
1e+07
1e+07
1e+07
1e+07
1e+07
1e+07
1e+07
1e+07
1e+07
1e+07
1e+07
1e+07
1e+07
1e+07
1e+07
1e+07
1e+07
1e+07
1e+07
1e+07
1e+07
1e+07
1e+07
1e+07
1e+07
1e+07
1e+07
1e+07
1e+07
1e+07
1e+07
1e+07
1e+07
1e+07
1e+07
1e+07
1e+07
1e+07
1e+07
1e+07
1e+07
1e+07
1e+07
1e+07
1e+07
1e+07
1e+07
1e+07
1e+07
1e+07
1e+07
1e+07
1e+07
1e+07
1e+07
1e+07
1e+07
1e+07
1e+07
1e+07
1e+07
1e+07
1e+07
1e+07
1e+07
1e+07
1e+07
1e+07
1e+07
1e+07
1e+07
1e+07
1e+07
1e+07
1e+07
1e+07
1e+07
1e+07
1e+07
1e+07
1e+07
1e+07
1e+07
1e+07
1e+07
1e+07
1e+07
1e+07
1e+07
1e+07
1e+07
1e+07
1e+07
1e+07
1e+07
1e+07
1e+07
1e+07
1e+07
1e+07
1e+07
1e+07
1e+07
1e+07
1e+07
1e+07
1e+07
1e+07
1e+07
1e+07
1e+07
1e+07
1e+07
1e+07
1e+07
1e+07
1e+07
1e+07
1e+07
1e+07
1e+07
1e+07
1e+07
1e+07
1e+07
1e+07
1e+07
1e+07
1e+07
1e+07
1e+07
1e+07
1e+07
1e+07
1e+07
1e+07
1e+07
1e+07
1e+07
1e+07
1e+07
1e+07
1e+07
1e+07
)
;

boundaryField
{
    outerWall
    {
        type            zeroGradient;
    }
    axis
    {
        type            symmetryPlane;
    }
    nozzle
    {
        type            fixedValue;
        value           uniform 0;
    }
    back
    {
        type            empty;
    }
    front
    {
        type            empty;
    }
}


// ************************************************************************* //
