/*--------------------------------*- C++ -*----------------------------------*\
| =========                 |                                                 |
| \\      /  F ield         | OpenFOAM: The Open Source CFD Toolbox           |
|  \\    /   O peration     | Version:  2412                                  |
|   \\  /    A nd           | Website:  www.openfoam.com                      |
|    \\/     M anipulation  |                                                 |
\*---------------------------------------------------------------------------*/
FoamFile
{
    version     2.0;
    format      ascii;
    arch        "LSB;label=32;scalar=64";
    class       surfaceScalarField;
    location    "8e-05";
    object      phi;
}
// * * * * * * * * * * * * * * * * * * * * * * * * * * * * * * * * * * * * * //

dimensions      [1 0 -1 0 0 0 0];

oriented        oriented;

internalField   nonuniform List<scalar> 
7275
(
1.57202e-05
5.61651e-06
3.98971e-05
9.07163e-06
8.42778e-05
1.76316e-05
0.000167807
3.50969e-05
0.000321609
6.84356e-05
0.000595105
0.000129288
0.00106255
0.000235774
0.00182803
0.000414116
0.00302554
0.000699106
0.00480947
0.00113201
0.00733112
0.00175428
0.0107
0.00259612
0.0149349
0.00366086
0.0199187
0.00490936
0.0253765
0.00625153
0.0308951
0.00755342
0.0359911
0.00866465
0.0402047
0.00945586
0.0431714
0.00984741
0.0446719
0.0098282
0.0446459
0.0094564
0.0431658
0.00883959
0.0403887
0.00810232
0.0365097
0.0073577
0.0317254
0.00668919
0.0262166
0.00614378
0.0201453
0.00573595
0.0136593
0.00545753
0.00689837
0.0052892
0.00521111
1.77359e-05
1.15313e-05
4.48774e-05
1.85829e-05
9.4403e-05
3.60233e-05
0.000187059
7.15225e-05
0.000356613
0.000139094
0.000656126
0.000262044
0.00116437
0.00047646
0.00199018
0.000834222
0.00327107
0.0014036
0.00516139
0.00226464
0.00780607
0.0034963
0.0112996
0.00515363
0.0156373
0.00723758
0.0206737
0.00966572
0.0261096
0.0122586
0.0315215
0.0147574
0.036438
0.0168797
0.0404272
0.0183874
0.0431633
0.0191405
0.0444656
0.0191305
0.0443016
0.0184758
0.0427534
0.0173815
0.039972
0.0160784
0.0361349
0.0147717
0.0314185
0.0136087
0.0259858
0.0126698
0.0199867
0.0119772
0.0135626
0.0115119
0.0068532
0.0112355
0.0111092
2.18496e-05
1.80127e-05
5.5024e-05
2.89252e-05
0.000114982
5.58423e-05
0.000226079
0.000110424
0.000427333
0.000213856
0.00077899
0.00040112
0.00136863
0.000725919
0.00231415
0.00126463
0.00375946
0.00211641
0.00585805
0.0033953
0.00874136
0.00521023
0.0124737
0.00763125
0.017004
0.0106465
0.0221333
0.0141235
0.0275176
0.0177959
0.0327186
0.0212987
0.0372898
0.0242502
0.040855
0.0263404
0.0431621
0.0274041
0.0441019
0.0274575
0.0436899
0.0266816
0.0420236
0.0253595
0.0392391
0.0237949
0.0354812
0.0222476
0.0308888
0.0208958
0.0255926
0.0198314
0.0197202
0.019072
0.0134026
0.0185834
0.00677944
0.0183075
0.0181871
2.8215e-05
2.52702e-05
7.06821e-05
4.03959e-05
0.000146619
7.75765e-05
0.000285797
0.000152602
0.000535032
0.000293951
0.000965079
0.000548206
0.00167616
0.000986051
0.00279876
0.00170657
0.00448483
0.00283599
0.00688471
0.00451558
0.0101079
0.00687403
0.0141732
0.00998335
0.0189626
0.013806
0.0242026
0.0181519
0.0294927
0.0226745
0.0343838
0.0269304
0.0384704
0.0304787
0.0414583
0.0329853
0.0431973
0.0343021
0.0436704
0.0344942
0.0429502
0.033803
0.041146
0.0325623
0.0383692
0.0311069
0.034719
0.0297065
0.0302855
0.0285344
0.0251581
0.0276692
0.0194368
0.0271102
0.0132397
0.0268021
0.00670704
0.026664
0.0266189
3.7036e-05
3.34269e-05
9.23059e-05
5.31558e-05
0.000190095
0.000101457
0.000367387
0.000198367
0.000681221
0.000379706
0.00121587
0.000703404
0.00208739
0.00125612
0.0034412
0.0021572
0.00543736
0.00355503
0.00821884
0.00560989
0.0118634
0.00845835
0.0163288
0.0121601
0.0214124
0.0166387
0.0267531
0.0216414
0.0318929
0.0267549
0.0363852
0.0314888
0.0398852
0.035388
0.0422038
0.0381436
0.0433102
0.0396649
0.0432859
0.0400842
0.042255
0.0396934
0.0403276
0.0388454
0.0375784
0.0378629
0.0340535
0.036985
0.0297888
0.0363504
0.0248305
0.0360043
0.019249
0.0359156
0.0131493
0.0359996
0.0066741
0.0361461
0.0362523
4.85381e-05
4.24949e-05
0.000120388
6.7194e-05
0.000246234
0.000127399
0.000472024
0.000247437
0.000867269
0.000470375
0.00153234
0.000864969
0.00260147
0.00153242
0.00423607
0.00260917
0.00660245
0.00426008
0.00983003
0.00665539
0.0139536
0.00992724
0.0188553
0.0141092
0.0242346
0.019075
0.0296376
0.0245096
0.0345624
0.0299523
0.0385835
0.0348985
0.0414394
0.0389228
0.0430636
0.0417852
0.0435501
0.0434823
0.0430692
0.0442193
0.0417785
0.0443216
0.0397718
0.044128
0.0370773
0.0439149
0.0336845
0.0438638
0.0295771
0.0440603
0.0247594
0.0445047
0.0192737
0.0451262
0.0132121
0.0458006
0.00672193
0.0463758
0.0467108
6.29321e-05
5.23564e-05
0.000155377
8.23017e-05
0.000315742
0.000154961
0.000600606
0.000298881
0.00109396
0.000564069
0.00191433
0.00102925
0.0032155
0.00180821
0.00517447
0.00305082
0.00796017
0.00493215
0.0116805
0.00762321
0.0163152
0.0112402
0.0216578
0.015779
0.0273015
0.0210569
0.0327077
0.0267045
0.0373509
0.0322354
0.0408515
0.0371643
0.0430532
0.041133
0.0440221
0.0440017
0.0439683
0.0458677
0.0431286
0.0470026
0.0416681
0.0477413
0.0396459
0.0483821
0.037037
0.0491353
0.0337772
0.0501154
0.0298026
0.0513507
0.0250789
0.0527933
0.0196206
0.0543253
0.0135071
0.0557699
0.00689242
0.0569137
0.0575571
8.03755e-05
6.2753e-05
0.000197584
9.80619e-05
0.000399037
0.000183338
0.000753476
0.000351124
0.00136105
0.000657796
0.00235989
0.0011908
0.00392375
0.00207414
0.00624338
0.00346692
0.00948504
0.00554803
0.0137258
0.00848061
0.0188786
0.0123551
0.0246378
0.017122
0.0304891
0.0225417
0.0358273
0.0282039
0.040129
0.0336207
0.0430879
0.0383554
0.044671
0.0421443
0.0450762
0.0449635
0.0446106
0.0470086
0.0435457
0.0485986
0.042026
0.0500544
0.0400613
0.0516181
0.0375732
0.0534321
0.0344489
0.0555511
0.0305822
0.0579544
0.0259007
0.0605484
0.020389
0.063162
0.0141106
0.0655491
0.00722802
0.0674073
0.0684493
0.000100932
7.32866e-05
0.000247094
0.000113855
0.00049609
0.000211384
0.000930159
0.000402006
0.00166692
0.000747617
0.00286487
0.00134277
0.00471718
0.00231886
0.00742528
0.00383982
0.0111463
0.00608217
0.0159165
0.00919372
0.0215713
0.0132322
0.0276987
0.018099
0.0336849
0.0235042
0.038882
0.0290141
0.0427976
0.034162
0.0452238
0.0385835
0.0462621
0.0421245
0.0462327
0.0448762
0.0455102
0.0471167
0.0443669
0.0491878
0.0429031
0.0513776
0.0410728
0.0538718
0.0387477
0.0567582
0.0357732
0.0600508
0.032002
0.0636966
0.0273198
0.0675633
0.0216729
0.0714214
0.0151007
0.0749368
0.00777488
0.0776802
0.0792357
0.000124538
8.3434e-05
0.000303685
0.000128888
0.000606291
0.000237673
0.00112916
0.000448918
0.00200825
0.000828903
0.00342258
0.00147732
0.0055832
0.00252985
0.00869821
0.00415081
0.0129083
0.00650876
0.0181998
0.00973048
0.0243211
0.0138371
0.0307518
0.0186823
0.0367945
0.0239376
0.0417849
0.0291645
0.0452902
0.0339383
0.0472217
0.0379815
0.0478176
0.0412518
0.0475012
0.0439424
0.0466826
0.0463894
0.0456034
0.0489318
0.0443059
0.0518199
0.0426886
0.0551924
0.0405819
0.0591072
0.037793
0.0635648
0.0341303
0.0685004
0.0294259
0.0737545
0.0235719
0.0790372
0.0165676
0.0839071
0.00858988
0.087759
0.0899938
0.000150973
9.25755e-05
0.000366775
0.000142238
0.000728349
0.000260586
0.00134784
0.00048897
0.00237993
0.000896658
0.00402364
0.00158625
0.00650573
0.00269443
0.0100363
0.00438168
0.0147324
0.00680398
0.0205217
0.0100634
0.0270595
0.0141439
0.0337204
0.0188574
0.0397444
0.0238521
0.0444772
0.0287027
0.0475708
0.0330417
0.0490692
0.0366843
0.0493412
0.0396914
0.0488891
0.042337
0.0481239
0.044985
0.0472368
0.047958
0.0462069
0.0514682
0.0448865
0.0556294
0.0430729
0.0604988
0.0405365
0.0660919
0.0370316
0.0723575
0.0323181
0.0791271
0.026207
0.0860564
0.0186279
0.0925822
0.00975163
0.097857
0.10103
0.000179841
0.000100036
0.000435377
0.000152918
0.000860243
0.000278429
0.00158234
0.000519204
0.00277502
0.000945901
0.00465619
0.0016616
0.00746558
0.00280075
0.0114104
0.00451618
0.0165775
0.00694783
0.022829
0.0101715
0.0297241
0.0141367
0.0365419
0.0186234
0.0424818
0.0232723
0.0469249
0.0276871
0.0496274
0.0315665
0.0507712
0.0348155
0.0508423
0.0375819
0.050394
0.0401929
0.049812
0.0430174
0.0492256
0.0463517
0.0485577
0.0503816
0.0476274
0.0552201
0.0462074
0.0609535
0.0440289
0.0676424
0.0407793
0.0752793
0.0361195
0.0837178
0.0297389
0.0925797
0.0214464
0.101179
0.0113788
0.108337
0.112876
0.000210566
0.000105136
0.000508098
0.000159954
0.000999231
0.000289567
0.00182767
0.000536839
0.00318488
0.000972076
0.00530613
0.00169635
0.00844109
0.00283877
0.0127894
0.00454132
0.0184021
0.00692573
0.0250715
0.0100421
0.0322608
0.0138108
0.039168
0.0179922
0.0449735
0.0222344
0.0491144
0.0261817
0.0514643
0.029602
0.05234
0.0324801
0.0523277
0.0350291
0.0520023
0.0376024
0.0517087
0.0405569
0.0515136
0.044161
0.0512979
0.048589
0.0508639
0.053978
0.0499672
0.0604698
0.0482981
0.0682001
0.045463
0.0772449
0.0409907
0.0875298
0.0343914
0.0986906
0.0252664
0.109947
0.0136588
0.119676
0.126311
0.000242404
0.000107255
0.000583166
0.00016247
0.00114191
0.000292568
0.0020778
0.000539505
0.00359948
0.000971431
0.00595769
0.00168497
0.00940897
0.00280103
0.0141414
0.00444829
0.0201661
0.00672941
0.0272034
0.00967126
0.0346252
0.0131723
0.0415644
0.0169864
0.0472017
0.0207818
0.0510463
0.0242509
0.0530942
0.0272278
0.0537889
0.0297619
0.0537951
0.0321082
0.0536879
0.034623
0.053763
0.0376402
0.0540337
0.0414037
0.0543585
0.0460923
0.0545402
0.0518864
0.0543274
0.059005
0.0533722
0.0676907
0.0511896
0.0781541
0.0471412
0.0904691
0.0404788
0.104378
0.0304555
0.119097
0.0168955
0.132431
0.142435
0.000274461
0.000105887
0.000658488
0.000159771
0.00128434
0.000286337
0.00232594
0.000525464
0.00400779
0.000941358
0.00659401
0.00162387
0.0103452
0.00268328
0.0154345
0.00423319
0.0218312
0.00635744
0.0291844
0.00906348
0.036782
0.0122368
0.0437086
0.0156367
0.0491608
0.0189622
0.0527295
0.0219566
0.0545322
0.0245121
0.0551261
0.0267255
0.0552325
0.02887
0.055413
0.0312874
0.0559133
0.0342815
0.0567097
0.0380779
0.0576604
0.0428715
0.0585871
0.0488977
0.0592474
0.0564681
0.0592681
0.0659627
0.0580756
0.0777891
0.0548347
0.0922791
0.0484404
0.109443
0.0375796
0.128705
0.0215923
0.147216
0.16285
0.000305735
0.000100701
0.000731741
0.000151423
0.00142223
0.000270231
0.00256479
0.000493789
0.00439822
0.00088065
0.00719786
0.00151179
0.0112258
0.00248483
0.0166386
0.00389722
0.023363
0.00581518
0.0309802
0.00823155
0.0387048
0.0110279
0.0455875
0.0139802
0.0508525
0.016825
0.0541763
0.0193558
0.0557909
0.0215125
0.0563518
0.0234201
0.0566176
0.0253495
0.057129
0.0276143
0.0580886
0.030485
0.0594548
0.0341735
0.0611083
0.0388951
0.062911
0.0449417
0.0646543
0.0527233
0.0659706
0.0627818
0.0662252
0.0757876
0.0643819
0.0924721
0.0588741
0.113376
0.047514
0.138544
0.0285784
0.164667
0.189959
0.000335165
9.15822e-05
0.000800485
0.000137304
0.0015511
0.000244146
0.00278691
0.000444483
0.00475916
0.00078966
0.00775235
0.00134994
0.0120282
0.00220868
0.0177257
0.00344669
0.0247309
0.00511439
0.032563
0.0071953
0.0403745
0.00957591
0.0471951
0.0120577
0.0522832
0.0144194
0.055399
0.0165011
0.0568781
0.0182779
0.0574574
0.0198851
0.0579184
0.0215737
0.0587787
0.0236191
0.0602088
0.0262564
0.0621694
0.0296841
0.0645846
0.0341334
0.0673814
0.0399423
0.0704215
0.0476093
0.0733982
0.0578444
0.0756871
0.0716319
0.0761093
0.0902566
0.0725752
0.115172
0.0616971
0.147721
0.0394255
0.185259
0.227713
0.000361688
7.86599e-05
0.00086229
0.000117642
0.00166656
0.000208556
0.00298504
0.000378534
0.00507951
0.00067035
0.0082416
0.00114202
0.0127314
0.00186143
0.0186709
0.00289269
0.0259091
0.0042726
0.0339106
0.00598052
0.0417782
0.00791581
0.0485299
0.00991247
0.0534608
0.0117934
0.0564079
0.0134402
0.0577961
0.0148509
0.0584273
0.0161549
0.059096
0.0175686
0.0602985
0.0193223
0.062186
0.0216124
0.0647391
0.0246195
0.0679435
0.0285765
0.0718177
0.0338426
0.0763415
0.040973
0.0813542
0.0508158
0.0863745
0.064672
0.0902554
0.084493
0.0904615
0.113121
0.0819711
0.154388
0.055117
0.210291
0.281
0.000384297
6.23157e-05
0.000914872
9.30196e-05
0.0017645
0.000164519
0.00315251
0.000297893
0.00534915
0.000526224
0.0086514
0.000894061
0.0133171
0.00145296
0.0194529
0.00225055
0.0268762
0.00331215
0.0350063
0.00461774
0.0429077
0.00608603
0.0495933
0.00758865
0.054393
0.00899332
0.0572101
0.0102176
0.0585424
0.011271
0.0592412
0.0122628
0.060108
0.0133649
0.061622
0.0147556
0.0639271
0.0165891
0.0670357
0.0190179
0.0710083
0.0222543
0.0759785
0.0266389
0.0820978
0.032723
0.0894626
0.0414053
0.0979586
0.0541941
0.106908
0.0736063
0.114322
0.103796
0.116124
0.150687
0.0886676
0.23584
0.36773
0.000402103
4.31671e-05
0.000956218
6.43487e-05
0.00184134
0.000113621
0.00328353
0.000205385
0.0055594
0.000362168
0.00896973
0.000614149
0.01377
0.00099597
0.0200546
0.00153913
0.0276156
0.00225936
0.0358376
0.00314107
0.0437577
0.00412737
0.0503876
0.00513098
0.0550865
0.00606419
0.0578099
0.00687525
0.0591113
0.00757587
0.0598769
0.0082449
0.0609124
0.00900099
0.0626848
0.0099661
0.065339
0.011247
0.0689247
0.0129553
0.0735803
0.0152551
0.0795678
0.0184172
0.0872517
0.022901
0.0970864
0.0295095
0.109523
0.0397508
0.124588
0.0565699
0.139789
0.0866373
0.147485
0.141028
0.113412
0.267946
0.479167
0.000330523
2.6419e-05
0.000785482
3.93547e-05
0.00151112
6.94286e-05
0.00269157
0.000125392
0.00455118
0.000220906
0.00733231
0.000374229
0.011238
0.000606225
0.0163375
0.000935699
0.0224519
0.00137171
0.029072
0.0019042
0.0354148
0.00249817
0.0406899
0.00310074
0.0443999
0.00365948
0.0465351
0.00414441
0.0475652
0.00456427
0.0482153
0.00496822
0.0491314
0.0054288
0.050682
0.00602005
0.052986
0.0068075
0.0561064
0.00786158
0.0602019
0.00928837
0.065567
0.0112655
0.0726566
0.0140988
0.0821824
0.018329
0.0953538
0.0249641
0.114452
0.0358779
0.145032
0.0544672
0.196929
0.0875189
0.308947
0.154263
0.273343
0.513065
0.000335321
8.88572e-06
0.000796605
1.32321e-05
0.00153175
2.33344e-05
0.00272663
4.21255e-05
0.00460723
7.41808e-05
0.00741682
0.000125606
0.0113577
0.000203363
0.0164955
0.000313698
0.0226449
0.000459563
0.0292871
0.000637481
0.0356328
0.00083565
0.0408919
0.00103637
0.0445756
0.00122219
0.046688
0.00138332
0.0477132
0.00152294
0.0483851
0.00165773
0.0493498
0.00181207
0.0509735
0.00201071
0.0533776
0.00227573
0.0566388
0.00263116
0.0609441
0.00311363
0.0666383
0.00378502
0.0742705
0.00475256
0.0847337
0.00620756
0.0995674
0.00850919
0.121498
0.0123439
0.155273
0.0190861
0.209875
0.0312809
0.312741
0.0497135
0.0846581
0.499711
0.000336933
-8.91303e-06
0.000800341
-1.32719e-05
0.00153867
-2.34024e-05
0.00273839
-4.22451e-05
0.00462603
-7.4387e-05
0.00744515
-0.000125949
0.0113978
-0.000203912
0.0165484
-0.000314541
0.0227093
-0.000460802
0.0293589
-0.000639222
0.0357054
-0.000837992
0.0409592
-0.00103939
0.0446339
-0.00122595
0.0467388
-0.00138787
0.0477627
-0.00152838
0.048442
-0.00166424
0.0494233
-0.00181995
0.0510717
-0.00202044
0.0535098
-0.00228796
0.0568192
-0.00264678
0.0611968
-0.00313377
0.0670056
-0.00381117
0.0748286
-0.00478661
0.0856269
-0.00625194
0.101077
-0.00856688
0.124231
-0.0124178
0.160883
-0.0191767
0.22191
-0.0313811
0.319692
-0.0497545
-0.084486
0.487087
0.000335316
-2.64447e-05
0.000796595
-3.93922e-05
0.00153173
-6.94931e-05
0.0027266
-0.000125506
0.00460718
-0.000221104
0.00741675
-0.00037456
0.0113576
-0.000606757
0.0164954
-0.000936521
0.0226447
-0.00137293
0.0292869
-0.00190592
0.0356325
-0.0025005
0.0408917
-0.00310377
0.0445753
-0.00366329
0.0466876
-0.00414908
0.0477129
-0.00456994
0.0483846
-0.00497511
0.0493492
-0.00543732
0.0509726
-0.00603075
0.0533764
-0.00682117
0.0566371
-0.00787923
0.0609419
-0.00931129
0.0666354
-0.0112953
0.0742667
-0.0141374
0.0847289
-0.0183791
0.0995617
-0.025029
0.121492
-0.0359601
0.155264
-0.0545657
0.209882
-0.0876462
0.312762
-0.154328
-0.273168
0.499719
0.000330514
-4.31889e-05
0.000785461
-6.43809e-05
0.00151109
-0.000113677
0.00269151
-0.000205486
0.00455108
-0.000362344
0.00733216
-0.000614449
0.0112378
-0.000996462
0.0163372
-0.0015399
0.0224516
-0.00226052
0.0290716
-0.00314274
0.0354143
-0.00412968
0.0406893
-0.00513405
0.0443993
-0.00606813
0.0465344
-0.00688022
0.0475643
-0.00758209
0.0482143
-0.00825272
0.0491299
-0.00901097
0.05068
-0.00997904
0.0529833
-0.0112639
0.0561028
-0.0129777
0.0601972
-0.0152844
0.065561
-0.0184554
0.0726488
-0.0229502
0.0821727
-0.0295727
0.0953433
-0.0398326
0.114448
-0.0566788
0.145053
-0.0867844
0.196998
-0.141227
0.308982
-0.268003
0.512984
-0.478901
0.499755
0.0121629
0.498492
3.5455e-05
0.497994
-0.000742378
0.497177
-0.000469341
0.496103
-0.000239142
0.494902
-0.000106694
0.493696
-5.06901e-05
0.492575
-2.39589e-05
0.491638
-1.1186e-05
0.490996
-5.11214e-06
0.490777
-2.25833e-06
0.491119
-9.73906e-07
0.492168
-4.45546e-07
0.494054
-2.68338e-07
0.496876
-2.19655e-07
0.500675
-2.07561e-07
0.505413
-2.07157e-07
0.510954
-2.10582e-07
0.517054
-2.03182e-07
0.523367
-1.76697e-07
0.52947
-1.49435e-07
0.534904
-1.04347e-07
0.539204
-6.82825e-08
0.541977
-6.90133e-09
3.71496e-08
0.509133
0.00160252
0.505239
0.00275568
0.501519
0.0017268
0.498897
0.000860158
0.496918
0.000423918
0.495294
0.000207416
0.493885
9.96888e-05
0.492668
4.74144e-05
0.491686
2.22283e-05
0.491023
1.02593e-05
0.490795
4.64074e-06
0.491133
2.02818e-06
0.49218
8.10249e-07
0.494066
2.18766e-07
0.496887
-2.53157e-08
0.500685
-1.14798e-07
0.505423
-1.6037e-07
0.510964
-1.72469e-07
0.517065
-1.60681e-07
0.523379
-1.32363e-07
0.529481
-9.8816e-08
0.534915
-5.91751e-08
0.539215
-2.73319e-08
0.541989
6.93801e-09
2.80842e-08
0.489147
-0.00157681
0.493434
-0.00273211
0.495608
-0.00171236
0.496018
-0.00085216
0.49554
-0.00041959
0.494641
-0.000205205
0.493578
-9.85884e-05
0.492526
-4.68942e-05
0.491622
-2.20238e-05
0.490995
-1.02385e-05
0.490782
-4.7383e-06
0.491127
-2.21191e-06
0.492177
-1.06271e-06
0.494065
-5.37863e-07
0.496886
-2.86629e-07
0.500685
-1.66687e-07
0.505423
-1.10775e-07
0.510964
-7.91192e-08
0.517065
-5.55787e-08
0.523379
-3.54781e-08
0.529481
-4.99422e-09
0.534915
1.23819e-08
0.539215
2.81941e-08
0.541989
2.48962e-08
5.0669e-10
0.509141
-0.0121379
0.505239
-7.91869e-06
0.501516
0.000760387
0.498894
0.000477225
0.496916
0.000242934
0.495293
0.000108509
0.493884
5.1565e-05
0.492668
2.43747e-05
0.491686
1.13669e-05
0.491023
5.1599e-06
0.490795
2.21737e-06
0.491133
8.59788e-07
0.492179
2.56132e-07
0.494066
5.19208e-08
0.496887
-1.00645e-08
0.500685
-1.55943e-08
0.505423
-8.13263e-09
0.510964
6.60389e-09
0.517065
1.86891e-08
0.523379
2.25826e-08
0.529481
3.87944e-08
0.534915
3.88929e-08
0.539215
4.5177e-08
0.541989
1.84923e-08
-2.37247e-08
0.499694
0.498459
0.497978
0.497169
0.496099
0.4949
0.493695
0.492574
0.491638
0.490996
0.490777
0.491119
0.492168
0.494054
0.496876
0.500675
0.505413
0.510954
0.517054
0.523368
0.52947
0.534904
0.539204
0.541977
0.000406253
-6.2524e-05
0.000966094
-9.3332e-05
0.00186037
-0.000165075
0.0033175
-0.000298907
0.00561696
-0.000528028
0.0090627
-0.000897153
0.0139129
-0.00145803
0.0202629
-0.00225849
0.0279029
-0.00332399
0.036211
-0.00463449
0.0442143
-0.0061085
0.050914
-0.00761726
0.0556626
-0.00902802
0.0584148
-0.0102581
0.0597296
-0.011317
0.0605024
-0.0123148
0.0615472
-0.0134239
0.0633361
-0.0148236
0.0660153
-0.0166691
0.0696348
-0.0191137
0.0743341
-0.0223701
0.0803772
-0.0267796
0.0881305
-0.0328936
0.0980492
-0.0416101
0.11058
-0.054433
0.125725
-0.0738661
0.140927
-0.104019
0.148443
-0.150786
0.114012
-0.235621
-0.366946
0.000388009
-7.89875e-05
0.000923727
-0.000118137
0.00178163
-0.000209447
0.00318324
-0.000380175
0.0054015
-0.000673299
0.00873647
-0.00114712
0.0134487
-0.0018699
0.0196463
-0.00290612
0.027145
-0.00429287
0.0353587
-0.0060096
0.0433427
-0.00795538
0.0500993
-0.00996351
0.054951
-0.011856
0.057799
-0.013514
0.0591451
-0.0149354
0.059849
-0.0162501
0.0607203
-0.0176761
0.0622435
-0.0194454
0.0645639
-0.0217557
0.0676935
-0.0247887
0.0716923
-0.0287777
0.076693
-0.0340817
0.0828455
-0.0412545
0.0902416
-0.0511404
0.0987581
-0.0650311
0.107703
-0.0848587
0.115082
-0.113428
0.116788
-0.154519
0.089105
-0.209981
-0.279917
0.000364821
-9.19453e-05
0.000869797
-0.00013786
0.00168117
-0.000245163
0.00301145
-0.000446386
0.00512489
-0.000793136
0.00831602
-0.00135606
0.0128477
-0.00221902
0.0188437
-0.00346338
0.0261523
-0.0051401
0.0342338
-0.00723299
0.0421827
-0.00962836
0.0490067
-0.012127
0.0539926
-0.0145063
0.0569736
-0.0166054
0.0583767
-0.0183992
0.0590106
-0.0200236
0.0596777
-0.0217313
0.06088
-0.0238002
0.0627707
-0.0264676
0.0653295
-0.0299331
0.0685403
-0.0344282
0.0724192
-0.0402893
0.0769424
-0.0480112
0.0819425
-0.0582966
0.0869278
-0.0721155
0.0907368
-0.0907287
0.0908189
-0.11555
0.082135
-0.147867
0.0551148
-0.185
-0.226854
0.000337621
-0.000101011
0.00080641
-0.00015191
0.00156275
-0.000271149
0.00280819
-0.000495555
0.00479621
-0.000883966
0.00781395
-0.00151779
0.0121259
-0.00249528
0.0178733
-0.00391461
0.0249422
-0.00584281
0.0328491
-0.00827339
0.0407395
-0.0110881
0.0476334
-0.0140624
0.0527799
-0.0169315
0.0559335
-0.0194877
0.0574292
-0.02167
0.058009
-0.0236041
0.0584615
-0.0255627
0.0593106
-0.0278628
0.0607296
-0.0307781
0.0626789
-0.0345222
0.0650803
-0.0393101
0.0678578
-0.045431
0.0708693
-0.0532889
0.0738026
-0.063415
0.076026
-0.0764626
0.0763539
-0.0931373
0.0726976
-0.113946
0.0616888
-0.138896
0.0393488
-0.164691
-0.189536
0.000307462
-0.000106061
0.000735954
-0.000160067
0.00143065
-0.000286939
0.00258046
-0.000526705
0.00442604
-0.000943838
0.00724513
-0.00162863
0.0113025
-0.00269205
0.0167572
-0.0042486
0.0235371
-0.00638325
0.0312222
-0.00910465
0.0390217
-0.0122991
0.0459777
-0.015726
0.0513043
-0.0190835
0.05467
-0.0221134
0.0563037
-0.0247069
0.056863
-0.0269611
0.0571127
-0.0291515
0.0576003
-0.0316238
0.0585327
-0.0346865
0.059869
-0.0385679
0.0614882
-0.0434626
0.06325
-0.049602
0.0649431
-0.0572893
0.0661969
-0.0668913
0.0663742
-0.0787962
0.0644389
-0.0933105
0.0588339
-0.110417
0.047398
-0.129516
0.0284537
-0.147791
-0.163123
0.000275453
-0.000107226
0.000660967
-0.000162472
0.00128946
-0.000292673
0.00233582
-0.000539887
0.004026
-0.000972481
0.00662615
-0.00168747
0.0103993
-0.00280647
0.0155216
-0.00445921
0.021964
-0.00674982
0.0293761
-0.00970702
0.0370425
-0.0132312
0.0440405
-0.0170772
0.0495562
-0.0209136
0.0531707
-0.0244317
0.0549949
-0.0274647
0.055585
-0.0300624
0.0556668
-0.0324822
0.0558087
-0.0350853
0.0562629
-0.0382118
0.0570082
-0.0421099
0.0579032
-0.0469584
0.0587689
-0.0529327
0.0593623
-0.0602408
0.0593107
-0.069109
0.0580421
-0.079726
0.0547264
-0.0921404
0.0482718
-0.106071
0.0373896
-0.120717
0.0214456
-0.133916
-0.143739
0.000242698
-0.000104863
0.000583988
-0.000159597
0.00114384
-0.00028905
0.00208203
-0.000536126
0.00360818
-0.000971257
0.00597463
-0.00169583
0.00944013
-0.00283959
0.0141955
-0.00454569
0.0202547
-0.00693775
0.0273398
-0.0100685
0.0348216
-0.0138615
0.0418273
-0.0180801
0.0475275
-0.0223743
0.0514196
-0.026389
0.05349
-0.0298921
0.0541774
-0.0328694
0.0541482
-0.0355369
0.0539846
-0.038254
0.0539903
-0.0413853
0.0541845
-0.0452053
0.0544293
-0.049889
0.0545293
-0.055567
0.0542359
-0.0623669
0.0532047
-0.070404
0.0509563
-0.0797283
0.0468602
-0.0902373
0.0401811
-0.101542
0.0301904
-0.112848
0.0167244
-0.122554
-0.129111
0.000210235
-9.95047e-05
0.000507422
-0.000152177
0.000998254
-0.000277237
0.00182665
-0.000517283
0.00318461
-0.000942988
0.00530847
-0.00165762
0.00844967
-0.0027962
0.0128105
-0.00451279
0.0184451
-0.00694962
0.0251487
-0.010186
0.0323857
-0.0141765
0.0393502
-0.0187067
0.0452132
-0.023422
0.0493991
-0.0279297
0.0517686
-0.031931
0.0526298
-0.0353336
0.0525674
-0.0382895
0.0521621
-0.0411328
0.0517691
-0.0442417
0.0514653
-0.0479199
0.0511394
-0.0523539
0.0506001
-0.0576483
0.0496096
-0.0638707
0.0478655
-0.0710544
0.0449821
-0.0791593
0.0404979
-0.088005
0.0339336
-0.0971835
0.0249016
-0.10599
0.0134473
-0.113253
-0.117807
0.000178982
-9.18044e-05
0.000433425
-0.000141135
0.000856748
-0.00025875
0.0015767
-0.00048588
0.00276668
-0.000891692
0.00464507
-0.00157884
0.00745279
-0.00268449
0.0113992
-0.00437045
0.0165744
-0.00679542
0.0228442
-0.0100662
0.0297703
-0.0141739
0.0366302
-0.0189394
0.0426153
-0.0240203
0.0470932
-0.0289998
0.0498047
-0.0335174
0.0509191
-0.0373944
0.0509174
-0.0406986
0.050357
-0.0437122
0.0496357
-0.0468087
0.0488981
-0.0503179
0.0480811
-0.0544519
0.0470166
-0.0593115
0.0454886
-0.0649285
0.0432396
-0.071282
0.0399675
-0.0782777
0.0353426
-0.0857033
0.0290617
-0.0931751
0.0209373
-0.100102
0.0111001
-0.105629
-0.10891
0.000149698
-8.2471e-05
0.000363802
-0.000127493
0.000722794
-0.000235309
0.00133833
-0.000444863
0.00236464
-0.00082223
0.00400058
-0.00146706
0.00647332
-0.00251545
0.00999439
-0.0041332
0.0146837
-0.00649222
0.0204724
-0.00972543
0.0270194
-0.0138638
0.0336994
-0.0187743
0.0397458
-0.0241445
0.0444911
-0.0295514
0.04757
-0.0345847
0.0490108
-0.0389792
0.0491734
-0.0427035
0.0485634
-0.0459608
0.047605
-0.0490952
0.0465105
-0.0524505
0.0452815
-0.0562717
0.0437908
-0.0606777
0.0418538
-0.0656904
0.0392565
-0.0712612
0.0357658
-0.0772687
0.0311501
-0.0834959
0.0252232
-0.0896012
0.0179114
-0.0951037
0.00937091
-0.0993772
-0.101815
0.000122959
-7.2208e-05
0.000299947
-0.000112282
0.000599143
-0.000208698
0.00111654
-0.000397361
0.00198717
-0.000739918
0.00338916
-0.00133084
0.00553307
-0.00230204
0.00862731
-0.00381925
0.0128143
-0.00606321
0.0180831
-0.00918977
0.0241855
-0.0132699
0.030602
-0.0182241
0.0366302
-0.0237865
0.0415929
-0.0295491
0.0450395
-0.0350703
0.0468638
-0.0400072
0.0472928
-0.0442224
0.046752
-0.0478183
0.0456676
-0.051079
0.0443086
-0.054342
0.0427491
-0.0578807
0.0409186
-0.0618481
0.0386736
-0.0662815
0.0358422
-0.0711295
0.0322465
-0.076266
0.0277254
-0.0814856
0.0221685
-0.0864938
0.0155635
-0.0909047
0.00806448
-0.0942561
-0.0961146
9.91455e-05
-6.16616e-05
0.000242812
-9.64703e-05
0.000487757
-0.000180624
0.000915106
-0.00034645
0.00164106
-0.000650119
0.00282246
-0.00117912
0.00465082
-0.00205827
0.00732639
-0.00344915
0.0110061
-0.00553627
0.0157273
-0.0084934
0.0213271
-0.0124287
0.0273941
-0.0173188
0.0333096
-0.0229587
0.0384142
-0.0289768
0.0421984
-0.0349239
0.0444371
-0.0403974
0.0452207
-0.0451578
0.0448722
-0.0491933
0.0437876
-0.0526978
0.0422735
-0.0559747
0.0404734
-0.0593099
0.0383833
-0.0628941
0.0359108
-0.0667989
0.0329268
-0.0709941
0.029299
-0.0753684
0.0249159
-0.0797401
0.0197152
-0.0838609
0.0137156
-0.0874234
0.00705637
-0.0900834
-0.0915294
7.84489e-05
-5.13811e-05
0.000192916
-8.08958e-05
0.000389796
-0.000152607
0.000736429
-0.00029494
0.00133102
-0.000557874
0.00230917
-0.00102053
0.00384158
-0.0017982
0.00611583
-0.00304445
0.0092953
-0.00494217
0.013455
-0.00767671
0.0185064
-0.0113879
0.024142
-0.0161066
0.0298419
-0.0216971
0.0349906
-0.0278446
0.0390498
-0.0341183
0.0416991
-0.0400809
0.042899
-0.0454068
0.0428556
-0.0499674
0.0419031
-0.0538461
0.0403589
-0.0572774
0.0384211
-0.0605361
0.0361539
-0.0638391
0.0335232
-0.0673009
0.0304466
-0.0709299
0.0268315
-0.0746472
0.0226035
-0.0783056
0.0177301
-0.0817027
0.012244
-0.0845959
0.00626509
-0.0867265
-0.0878684
6.08906e-05
-4.17934e-05
0.000150372
-6.62285e-05
0.000305666
-0.000125902
0.000581627
-0.000245217
0.00105971
-0.000467598
0.00185485
-0.0008629
0.00311607
-0.00153502
0.00501456
-0.00262618
0.00771269
-0.00431242
0.0113116
-0.00678355
0.0157848
-0.0102032
0.0209192
-0.014651
0.0263001
-0.0200619
0.0313791
-0.0261934
0.0356203
-0.0326586
0.0386376
-0.0390156
0.040278
-0.0448779
0.0406267
-0.0500113
0.039933
-0.0543801
0.0384909
-0.0581221
0.0365324
-0.0614673
0.0341799
-0.0646386
0.0314602
-0.0677857
0.0283404
-0.0709633
0.0247673
-0.074138
0.0206965
-0.0772065
0.0161155
-0.0800139
0.0110618
-0.0823737
0.0056361
-0.084092
-0.0850034
4.63472e-05
-3.31929e-05
0.000114953
-5.29479e-05
0.000235104
-0.000101443
0.000450626
-0.000199131
0.000827753
-0.000382846
0.00146195
-0.000712775
0.00248046
-0.00128024
0.00403548
-0.00221352
0.00628189
-0.0036771
0.00933611
-0.00585812
0.0132194
-0.00893488
0.0178008
-0.0130266
0.022768
-0.0181345
0.0276576
-0.0240962
0.0319644
-0.0305902
0.0352687
-0.0372003
0.0373296
-0.0435115
0.0381187
-0.0492078
0.0377865
-0.0541394
0.0365751
-0.0583332
0.0347204
-0.0619422
0.0323868
-0.0651646
0.029655
-0.0681677
0.0265427
-0.071046
0.0230364
-0.0738157
0.0191199
-0.0764233
0.0147968
-0.0787644
0.010106
-0.0807042
0.00513168
-0.0821014
-0.0828361
3.45845e-05
-2.5746e-05
8.61559e-05
-4.13439e-05
0.000177305
-7.98354e-05
0.00034235
-0.000157954
0.000634056
-0.000306193
0.00113004
-0.000575146
0.00193652
-0.00104307
0.00318521
-0.00182261
0.00501844
-0.00306296
0.00755804
-0.00494202
0.010859
-0.00764313
0.0148575
-0.0113139
0.0193345
-0.0160119
0.02392
-0.0216547
0.0281631
-0.0280004
0.0316424
-0.0346851
0.0340591
-0.0412997
0.035289
-0.047479
0.0353823
-0.0529792
0.034509
-0.0577155
0.0328795
-0.0617452
0.0306759
-0.0652094
0.0280199
-0.0682643
0.0249744
-0.0710292
0.0215652
-0.0735614
0.0178045
-0.0758567
0.0137114
-0.0778614
0.00932733
-0.0794901
0.00472353
-0.0806473
-0.0812504
2.52939e-05
-1.95065e-05
6.32914e-05
-3.15351e-05
0.000131067
-6.13747e-05
0.000254945
-0.000122388
0.000476084
-0.000239209
0.000856226
-0.00045332
0.00148194
-0.000830078
0.00246428
-0.00146576
0.00392942
-0.00249172
0.00599647
-0.00407121
0.00874107
-0.0063836
0.0121506
-0.00959241
0.0160855
-0.0137989
0.0202682
-0.0189919
0.0243191
-0.0250145
0.0278421
-0.0315748
0.0305117
-0.0383003
0.0321339
-0.044813
0.0326676
-0.0508062
0.0322021
-0.0560985
0.0308998
-0.060646
0.0289342
-0.0645115
0.0264481
-0.0678108
0.0235396
-0.07066
0.0202693
-0.0731424
0.0166768
-0.0752943
0.0127987
-0.0771068
0.00868097
-0.0785401
0.0043875
-0.0795395
-0.0800545
1.81277e-05
-1.44388e-05
4.55617e-05
-2.34994e-05
9.49423e-05
-4.60939e-05
0.000186042
-9.26373e-05
0.000350278
-0.000182544
0.000635666
-0.000348984
0.00111111
-0.000645141
0.00186769
-0.00115107
0.00301364
-0.00197906
0.00465915
-0.00327386
0.00688918
-0.00520326
0.00972672
-0.00793485
0.0130962
-0.0115985
0.0168031
-0.0162407
0.0205472
-0.0217853
0.0239783
-0.0280225
0.0267733
-0.03464
0.0286963
-0.041281
0.0296344
-0.0476117
0.0295982
-0.0533818
0.0286894
-0.0584563
0.0270512
-0.0628114
0.0248258
-0.0665009
0.0221303
-0.0696121
0.0190519
-0.0722291
0.0156552
-0.0744102
0.0119936
-0.0761814
0.00812121
-0.0775404
0.00409959
-0.0784674
-0.0789386
1.27289e-05
-1.04433e-05
3.21348e-05
-1.71102e-05
6.73802e-05
-3.3822e-05
0.000133001
-6.85003e-05
0.000252455
-0.000136073
0.000462237
-0.0002624
0.000815856
-0.000489644
0.00138605
-0.00088258
0.00226266
-0.00153437
0.00354299
-0.00256915
0.00531235
-0.00413749
0.00761541
-0.00640086
0.0104241
-0.00950308
0.0136138
-0.0135316
0.0169615
-0.0184782
0.0201768
-0.0242155
0.0229613
-0.0305054
0.0250652
-0.037039
0.0263273
-0.0434901
0.0266921
-0.0495729
0.0261977
-0.0550843
0.0249432
-0.0599204
0.0230515
-0.0640632
0.0206415
-0.0675512
0.0178146
-0.0704461
0.0146534
-0.0728071
0.0112273
-0.0746764
0.0075999
-0.0760764
0.00383502
-0.0770129
-0.0774829
8.75632e-06
-7.3821e-06
2.22032e-05
-1.21748e-05
4.68428e-05
-2.42498e-05
9.31314e-05
-4.94874e-05
0.000178196
-9.90855e-05
0.000329136
-0.000192699
0.000586495
-0.000362892
0.00100681
-0.00066065
0.00166235
-0.00116104
0.0026355
-0.00196706
0.00400558
-0.00320868
0.00582751
-0.00503348
0.00810541
-0.00758635
0.010769
-0.0109787
0.0136638
-0.0152531
0.0165639
-0.0203547
0.0192112
-0.0261233
0.0213652
-0.0323143
0.022841
-0.0386373
0.0235353
-0.0448043
0.0234298
-0.0505742
0.0225742
-0.0557808
0.0210594
-0.0603383
0.018991
-0.0642268
0.0164715
-0.0674681
0.0135926
-0.0701021
0.0104347
-0.0721686
0.00707076
-0.0736984
0.00356972
-0.0747106
-0.0752148
5.90081e-06
-5.1009e-06
1.50277e-05
-8.46734e-06
3.18969e-05
-1.69916e-05
6.3867e-05
-3.49336e-05
0.000123164
-7.0488e-05
0.000229442
-0.000138222
0.00041267
-0.000262633
0.000715623
-0.000482773
0.00119467
-0.000857381
0.00191696
-0.00146923
0.00295192
-0.00242642
0.00435616
-0.00385766
0.00615298
-0.0058989
0.0083113
-0.00867042
0.0107322
-0.0122473
0.0132507
-0.0166311
0.0156579
-0.0217326
0.0177386
-0.0273771
0.0193064
-0.0333287
0.0202304
-0.0393244
0.0204491
-0.0451152
0.0199668
-0.0504985
0.0188366
-0.055335
0.0171402
-0.0595488
0.0149696
-0.0631138
0.0124162
-0.0660362
0.00956538
-0.0683368
0.00649635
-0.0700395
0.00328381
-0.0711638
-0.0717227
3.89548e-06
-3.44617e-06
9.96321e-06
-5.75707e-06
2.12733e-05
-1.16373e-05
4.28913e-05
-2.40992e-05
8.33483e-05
-4.89939e-05
0.000156568
-9.68485e-05
0.000284157
-0.000185621
0.000497625
-0.000344415
0.000839653
-0.00061789
0.00136301
-0.00107051
0.0021255
-0.00178904
0.00317975
-0.00288105
0.00455806
-0.00446688
0.00625508
-0.0066637
0.0082138
-0.00956258
0.0103212
-0.0132032
0.0124184
-0.0175536
0.0143252
-0.0225043
0.0158699
-0.0278801
0.0169133
-0.0334625
0.0173671
-0.0390199
0.0171992
-0.0443394
0.0164268
-0.0492496
0.0151028
-0.0536302
0.013301
-0.0574097
0.0111039
-0.0605549
0.00859522
-0.0630574
0.0058563
-0.064922
0.00296577
-0.066158
-0.0667736
2.51936e-06
-2.27696e-06
6.47067e-06
-3.82759e-06
1.38965e-05
-7.79211e-06
2.8208e-05
-1.62501e-05
5.52242e-05
-3.32787e-05
0.000104579
-6.62972e-05
0.000191468
-0.000128133
0.000338498
-0.000239903
0.00057705
-0.000434603
0.000947216
-0.00076092
0.00149504
-0.00128618
0.00226595
-0.00209676
0.00329413
-0.00329397
0.00458911
-0.00498366
0.00612314
-0.00725956
0.00782395
-0.0101826
0.00957751
-0.0137614
0.011242
-0.0179404
0.0126701
-0.0226016
0.0137298
-0.027578
0.0143215
-0.0326732
0.0143893
-0.0376868
0.0139211
-0.0424375
0.012942
-0.0467785
0.011504
-0.0506031
0.00967503
-0.0538416
0.00753118
-0.056454
0.00515136
-0.0584202
0.00261475
-0.0597325
-0.0603887
1.5964e-06
-1.47171e-06
4.11699e-06
-2.48902e-06
8.89182e-06
-5.10206e-06
1.8168e-05
-1.07128e-05
3.58256e-05
-2.20941e-05
6.83752e-05
-4.43474e-05
0.000126245
-8.64039e-05
0.000225234
-0.000163182
0.000387768
-0.00029839
0.000643333
-0.000527712
0.00102716
-0.000901699
0.00157627
-0.00148719
0.00232228
-0.00236568
0.00328166
-0.0036272
0.00444527
-0.00535886
0.00577062
-0.00762915
0.00718038
-0.010471
0.00856904
-0.0138685
0.00981774
-0.0177519
0.0108108
-0.0220031
0.0114509
-0.0264679
0.0116705
-0.0309737
0.0114379
-0.0353489
0.0107552
-0.0394391
0.0096531
-0.0431174
0.00818267
-0.0462876
0.00640837
-0.0488821
0.00440225
-0.050857
0.00224024
-0.0521855
-0.0528528
9.91234e-07
-9.30822e-07
2.56653e-06
-1.58355e-06
5.57368e-06
-3.2677e-06
1.14608e-05
-6.90642e-06
2.27577e-05
-1.43412e-05
4.37626e-05
-2.89945e-05
8.14599e-05
-5.69303e-05
0.000146609
-0.000108415
0.000254797
-0.000200022
0.000427046
-0.000357153
0.000689343
-0.000616581
0.00107039
-0.00102822
0.00159701
-0.00165502
0.00228734
-0.00256966
0.0031428
-0.00384727
0.00414107
-0.00555417
0.00523264
-0.00773445
0.0063431
-0.0103974
0.00738154
-0.0135095
0.00825312
-0.0169946
0.00887077
-0.0207396
0.00916639
-0.024606
0.00909798
-0.028444
0.00865192
-0.0321079
0.00784108
-0.0354665
0.00670021
-0.0384104
0.00528034
-0.040854
0.00364363
-0.0427348
0.00185918
-0.0440101
-0.0446539
6.03207e-07
-5.76265e-07
1.5679e-06
-9.85989e-07
3.42315e-06
-2.04773e-06
7.08216e-06
-4.35548e-06
1.41578e-05
-9.1036e-06
2.74229e-05
-1.85337e-05
5.14442e-05
-3.66616e-05
9.33659e-05
-7.03732e-05
0.000163731
-0.000130946
0.000277086
-0.000235956
0.000451952
-0.000411346
0.000709643
-0.000693167
0.00107147
-0.00112821
0.00155419
-0.00177254
0.0021642
-0.00268716
0.00289177
-0.00393042
0.00370715
-0.00554804
0.00456036
-0.00756254
0.00538534
-0.00996482
0.00610843
-0.0127107
0.0066572
-0.0157229
0.00696971
-0.0188968
0.00700179
-0.0221106
0.00673119
-0.0252365
0.00615823
-0.0281518
0.00530383
-0.0307465
0.0042059
-0.0329285
0.00291523
-0.0346255
0.00149152
-0.035785
-0.0363729
3.59834e-07
-3.49329e-07
9.38831e-07
-6.01019e-07
2.06029e-06
-1.25597e-06
4.28785e-06
-2.68775e-06
8.62727e-06
-5.65328e-06
1.68272e-05
-1.15862e-05
3.18032e-05
-2.3082e-05
5.8183e-05
-4.4644e-05
0.000102911
-8.37468e-05
0.000175768
-0.000152219
0.000289531
-0.000267831
0.000459428
-0.0004558
0.000701507
-0.000749683
0.00102973
-0.00119099
0.00145198
-0.00182676
0.00196565
-0.0027048
0.00255413
-0.00386663
0.00318539
-0.00533932
0.00381366
-0.00712792
0.00438442
-0.00921066
0.0048409
-0.0115382
0.00513099
-0.0140361
0.00521378
-0.0166105
0.00506414
-0.0191571
0.00467494
-0.0215689
0.00405682
-0.0237452
0.00323631
-0.0255968
0.00225289
-0.0270503
0.00115567
-0.0280503
-0.0285595
2.10468e-07
-2.07421e-07
5.51126e-07
-3.58781e-07
1.21548e-06
-7.54241e-07
2.5441e-06
-1.62354e-06
5.15065e-06
-3.43554e-06
1.01133e-05
-7.08605e-06
1.92508e-05
-1.42129e-05
3.54882e-05
-2.76892e-05
6.32841e-05
-5.23434e-05
0.000109033
-9.59245e-05
0.000181285
-0.000170264
0.000290534
-0.000292465
0.000448328
-0.000485802
0.000665483
-0.00077985
0.000949439
-0.00120931
0.00130112
-0.00181112
0.00171207
-0.00261978
0.00216272
-0.00366143
0.00262268
-0.00494773
0.00305337
-0.00647097
0.00341251
-0.00820202
0.00365895
-0.0100906
0.00375798
-0.0120683
0.00368561
-0.0140542
0.00343132
-0.0159612
0.00299893
-0.0177031
0.00240597
-0.0192008
0.00168176
-0.0203863
0.00086484
-0.021207
-0.0216264
1.20734e-07
-1.2068e-07
3.17264e-07
-2.09822e-07
7.03068e-07
-4.43629e-07
1.47966e-06
-9.60308e-07
3.01351e-06
-2.04387e-06
5.95484e-06
-4.24141e-06
1.14125e-05
-8.56247e-06
2.11919e-05
-1.67964e-05
3.80844e-05
-3.1985e-05
6.6161e-05
-5.90736e-05
0.000110976
-0.000105725
0.000179527
-0.000183203
0.000279792
-0.000307145
0.000419683
-0.000497891
0.00060536
-0.000780014
0.000839106
-0.00118068
0.00111715
-0.00172671
0.00142812
-0.00244045
0.00175262
-0.00333523
0.00206448
-0.00441115
0.00233358
-0.0056525
0.00252913
-0.00702709
0.00262363
-0.00848732
0.00259648
-0.00997345
0.00243659
-0.0114183
0.00214383
-0.0127527
0.00172912
-0.0139108
0.00121332
-0.0148344
0.00062541
-0.0154772
-0.0158069
6.7945e-08
-6.8824e-08
1.79151e-07
-1.20258e-07
3.98836e-07
-2.55664e-07
8.43804e-07
-5.56413e-07
1.72833e-06
-1.19081e-06
3.43614e-06
-2.48559e-06
6.62826e-06
-5.04889e-06
1.23934e-05
-9.9691e-06
2.24369e-05
-1.91163e-05
3.9284e-05
-3.55673e-05
6.64435e-05
-6.41538e-05
0.000108438
-0.00011209
0.000170583
-0.000189564
0.00025839
-0.000310112
0.000376548
-0.000490499
0.000527521
-0.000749857
0.000710031
-0.0011079
0.00091778
-0.00158223
0.00113887
-0.00218511
0.00135621
-0.00292018
0.00154921
-0.00378
0.00169588
-0.00474498
0.00177565
-0.00578339
0.00177212
-0.00685312
0.00167534
-0.00790477
0.00148327
-0.00888567
0.0012023
-0.00974408
0.000846705
-0.0104334
0.000437395
-0.0109155
-0.0111634
3.75226e-08
-3.84883e-08
9.92599e-08
-6.75739e-08
2.21958e-07
-1.44419e-07
4.71962e-07
-3.1593e-07
9.71989e-07
-6.79725e-07
1.9437e-06
-1.4267e-06
3.77264e-06
-2.91509e-06
7.10051e-06
-5.79181e-06
1.29447e-05
-1.11795e-05
2.28329e-05
-2.09458e-05
3.89229e-05
-3.80601e-05
6.40529e-05
-6.70176e-05
0.000101646
-0.00011427
0.000155389
-0.000188545
0.000228624
-0.000300894
0.000323479
-0.000464273
0.000439841
-0.000692506
0.000574418
-0.000998602
0.000720161
-0.00139256
0.000866324
-0.00187902
0.000999315
-0.0024552
0.00110411
-0.00310975
0.00116605
-0.00382238
0.00117287
-0.0045646
0.00111645
-0.00530163
0.000994212
-0.00599519
0.000809618
-0.00660677
0.000572087
-0.00710084
0.000296136
-0.00744792
-0.00762693
2.0341e-08
-2.11138e-08
5.39782e-08
-3.72404e-08
1.21216e-07
-7.99935e-08
2.58997e-07
-1.75857e-07
5.36183e-07
-3.80275e-07
1.07818e-06
-8.02414e-07
2.10506e-06
-1.64872e-06
3.98677e-06
-3.29517e-06
7.31639e-06
-6.4003e-06
1.2996e-05
-1.20709e-05
2.23187e-05
-2.20868e-05
3.70165e-05
-3.9177e-05
5.92262e-05
-6.73145e-05
9.13221e-05
-0.000111964
0.00013557
-0.00018018
0.000193599
-0.000280424
0.000265742
-0.000421996
0.000350387
-0.000614015
0.000443505
-0.000864008
0.000538553
-0.00117628
0.000626883
-0.00155038
0.000698602
-0.00198011
0.000743715
-0.00245294
0.000753502
-0.0029503
0.00072185
-0.0034487
0.000646286
-0.00392148
0.000528558
-0.00434123
0.000374656
-0.00468219
0.000194307
-0.00492267
-0.00504701
1.08276e-08
-1.13663e-08
2.88198e-08
-2.01365e-08
6.49837e-08
-4.34637e-08
1.39491e-07
-9.60016e-08
2.90221e-07
-2.08599e-07
5.86688e-07
-4.42393e-07
1.1519e-06
-9.1384e-07
2.19456e-06
-1.83671e-06
4.05272e-06
-3.58868e-06
7.24663e-06
-6.81059e-06
1.25323e-05
-1.25438e-05
2.09387e-05
-2.24037e-05
3.37613e-05
-3.87733e-05
5.24782e-05
-6.49791e-05
7.85597e-05
-0.000105388
0.000113157
-0.000165348
0.000156699
-0.000250884
0.000208458
-0.000368107
0.000266209
-0.000522334
0.000326092
-0.000717029
0.000382781
-0.000952721
0.000429988
-0.0012262
0.00046116
-0.00153002
0.00047038
-0.0018525
0.000453293
-0.00217832
0.000407876
-0.00248965
0.00033491
-0.00276778
0.000238084
-0.00299482
0.000123695
-0.00315554
-0.00323882
5.66122e-09
-6.00689e-09
1.51124e-08
-1.0687e-08
3.42094e-08
-2.31745e-08
7.37581e-08
-5.14184e-08
1.54191e-07
-1.12241e-07
3.13278e-07
-2.39189e-07
6.18378e-07
-4.96598e-07
1.18477e-06
-1.00344e-06
2.20097e-06
-1.97163e-06
3.96027e-06
-3.76391e-06
6.89421e-06
-6.97551e-06
1.15987e-05
-1.25397e-05
1.88376e-05
-2.18498e-05
2.95029e-05
-3.68768e-05
4.45126e-05
-6.02488e-05
6.46341e-05
-9.52409e-05
9.0242e-05
-0.000145625
0.000121048
-0.000215334
0.000155863
-0.000307941
0.000192477
-0.000425985
0.000227709
-0.000570257
0.000257691
-0.000739208
0.000278278
-0.000928561
0.000285616
-0.0011312
0.000276755
-0.00133748
0.000250183
-0.00153591
0.000206189
-0.00171416
0.000146973
-0.00186034
7.64841e-05
-0.00196415
-0.00201805
2.90839e-09
-3.11762e-09
7.78551e-09
-5.56928e-09
1.769e-08
-1.21304e-08
3.83029e-08
-2.70305e-08
8.04367e-08
-5.9265e-08
1.64216e-07
-1.26876e-07
3.25795e-07
-2.6469e-07
6.27549e-07
-5.37559e-07
1.1724e-06
-1.06187e-06
2.12208e-06
-2.03851e-06
3.71727e-06
-3.80007e-06
6.2948e-06
-6.87323e-06
1.02933e-05
-1.20529e-05
1.62356e-05
-2.04774e-05
2.46756e-05
-3.36856e-05
3.61003e-05
-5.3626e-05
5.07905e-05
-8.25851e-05
6.86562e-05
-0.000123006
8.90839e-05
-0.000177184
0.000110841
-0.000246862
0.000132085
-0.000332771
0.000150507
-0.000434231
0.000163571
-0.000548861
0.000168858
-0.000672461
0.000164454
-0.000799143
0.000149305
-0.000921739
0.000123473
-0.00103244
8.82332e-05
-0.00112359
4.59861e-05
-0.00118852
-0.0012223
1.46859e-09
-1.58965e-09
3.94184e-09
-2.85084e-09
8.98876e-09
-6.2358e-09
1.95417e-08
-1.39526e-08
4.12163e-08
-3.072e-08
8.45319e-08
-6.60549e-08
1.68519e-07
-1.38438e-07
3.26257e-07
-2.8251e-07
6.12785e-07
-5.60882e-07
1.11539e-06
-1.08245e-06
1.96537e-06
-2.02904e-06
3.34866e-06
-3.69119e-06
5.51093e-06
-6.51184e-06
8.75035e-06
-1.11325e-05
1.33907e-05
-1.8431e-05
1.97287e-05
-2.9535e-05
2.79559e-05
-4.57903e-05
3.80621e-05
-6.86644e-05
4.97409e-05
-9.9577e-05
6.23242e-05
-0.000139661
7.47721e-05
-0.000189483
8.57461e-05
-0.000248783
9.37424e-05
-0.000316276
9.72935e-05
-0.000389554
9.52046e-05
-0.000465131
8.67805e-05
-0.000538676
7.19955e-05
-0.000605399
5.15672e-05
-0.000660544
2.69142e-05
-0.000699934
-0.000720457
7.29114e-10
-7.96608e-10
1.96206e-09
-1.43398e-09
4.4896e-09
-3.14937e-09
9.79832e-09
-7.07445e-09
2.07518e-08
-1.56386e-08
4.27471e-08
-3.3767e-08
8.56111e-08
-7.10784e-08
1.66547e-07
-1.45715e-07
3.14403e-07
-2.90684e-07
5.75323e-07
-5.6381e-07
1.01939e-06
-1.06239e-06
1.74696e-06
-1.94323e-06
2.89237e-06
-3.44761e-06
4.62131e-06
-5.92851e-06
7.11761e-06
-9.87458e-06
1.05557e-05
-1.59215e-05
1.50578e-05
-2.48394e-05
2.06392e-05
-3.74834e-05
2.71523e-05
-5.47013e-05
3.42437e-05
-7.71973e-05
4.1342e-05
-0.000105368
4.76918e-05
-0.000139138
5.24273e-05
-0.000177836
5.46856e-05
-0.000220118
5.37469e-05
-0.000263977
4.91732e-05
-0.000306875
4.09165e-05
-0.000345961
2.937e-05
-0.000378377
1.53491e-05
-0.00040159
-0.000413703
3.56026e-10
-3.92475e-10
9.60442e-10
-7.0904e-10
2.20494e-09
-1.56327e-09
4.83002e-09
-3.52479e-09
1.027e-08
-7.82163e-09
2.12436e-08
-1.69558e-08
4.27319e-08
-3.584e-08
8.35125e-08
-7.37938e-08
1.58411e-07
-1.4788e-07
2.91336e-07
-2.88192e-07
5.1892e-07
-5.45733e-07
8.94165e-07
-1.00335e-06
1.48886e-06
-1.78962e-06
2.39283e-06
-3.09441e-06
3.70768e-06
-5.18331e-06
5.53263e-06
-8.40588e-06
7.94177e-06
-1.31912e-05
1.09539e-05
-2.00237e-05
1.45004e-05
-2.93936e-05
1.8399e-05
-4.17219e-05
2.23433e-05
-5.72666e-05
2.5918e-05
-7.6025e-05
2.86379e-05
-9.7656e-05
3.00104e-05
-0.000121428
2.9616e-05
-0.000146218
2.71894e-05
-0.000170578
2.26865e-05
-0.000192862
1.63171e-05
-0.000211402
8.53793e-06
-0.000224708
-0.000231662
1.71041e-10
-1.90177e-10
4.62507e-10
-3.44756e-10
1.06516e-09
-7.6293e-10
2.34154e-09
-1.7264e-09
4.9976e-09
-3.84493e-09
1.03787e-08
-8.36668e-09
2.0964e-08
-1.7755e-08
4.11497e-08
-3.67085e-08
7.84118e-08
-7.38805e-08
1.44896e-07
-1.44628e-07
2.59369e-07
-2.75158e-07
4.49237e-07
-5.08351e-07
7.52027e-07
-9.11281e-07
1.21532e-06
-1.58387e-06
1.89382e-06
-2.66721e-06
2.84235e-06
-4.34899e-06
4.10395e-06
-6.86241e-06
5.69375e-06
-1.04745e-05
7.58107e-06
-1.54605e-05
9.67404e-06
-2.20636e-05
1.18122e-05
-3.04426e-05
1.37729e-05
-4.06161e-05
1.52911e-05
-5.24157e-05
1.60934e-05
-6.54531e-05
1.59424e-05
-7.91156e-05
1.46833e-05
-9.2599e-05
1.2283e-05
-0.000104978
8.85101e-06
-0.000115308
4.63655e-06
-0.000122737
-0.000126625
8.08704e-11
-9.06637e-11
2.19176e-10
-1.649e-10
5.06292e-10
-3.66213e-10
1.11675e-09
-8.31527e-10
2.39211e-09
-1.85838e-09
4.98663e-09
-4.05852e-09
1.01125e-08
-8.6451e-09
1.99319e-08
-1.79441e-08
3.81453e-08
-3.62629e-08
7.0807e-08
-7.12913e-08
1.27343e-07
-1.36235e-07
2.21641e-07
-2.52849e-07
3.72903e-07
-4.55416e-07
6.05771e-07
-7.95417e-07
9.49009e-07
-1.34618e-06
1.43207e-06
-2.20622e-06
2.07907e-06
-3.49924e-06
2.90032e-06
-5.36877e-06
3.88272e-06
-7.96518e-06
4.98099e-06
-1.14245e-05
6.11299e-06
-1.58403e-05
7.16202e-06
-2.12323e-05
7.98702e-06
-2.75198e-05
8.44008e-06
-3.45015e-05
8.39056e-06
-4.18512e-05
7.75107e-06
-4.91335e-05
6.49951e-06
-5.5842e-05
4.69166e-06
-6.14548e-05
2.46031e-06
-6.54998e-05
-6.76189e-05
3.76432e-11
-4.2539e-11
1.02244e-10
-7.76156e-11
2.36865e-10
-1.72956e-10
5.24156e-10
-3.94002e-10
1.12662e-09
-8.83483e-10
2.35705e-09
-1.93609e-09
4.79797e-09
-4.1389e-09
9.4942e-09
-8.623e-09
1.82446e-08
-1.74939e-08
3.40115e-08
-3.45315e-08
6.14404e-08
-6.62655e-08
1.07431e-07
-1.23522e-07
1.81611e-07
-2.23479e-07
2.96468e-07
-3.92122e-07
4.66784e-07
-6.66769e-07
7.07983e-07
-1.09799e-06
1.03314e-06
-1.74995e-06
1.44867e-06
-2.69794e-06
1.94924e-06
-4.022e-06
2.51303e-06
-5.79606e-06
3.0989e-06
-8.0731e-06
3.64705e-06
-1.08683e-05
4.08412e-06
-1.41439e-05
4.33208e-06
-1.77982e-05
4.32093e-06
-2.16611e-05
4.00278e-06
-2.55028e-05
3.36395e-06
-2.90528e-05
2.43222e-06
-3.20304e-05
1.27672e-06
-3.41803e-05
-3.53077e-05
1.72554e-11
-1.96501e-11
4.69662e-11
-3.5962e-11
1.09107e-10
-8.03969e-11
2.42188e-10
-1.83721e-10
5.22268e-10
-4.13272e-10
1.09642e-09
-9.08633e-10
2.23989e-09
-1.94908e-09
4.44891e-09
-4.07518e-09
8.58268e-09
-8.29811e-09
1.60648e-08
-1.64427e-08
2.91428e-08
-3.16788e-08
5.11794e-08
-5.92937e-08
8.69079e-08
-1.0773e-07
1.42528e-07
-1.89849e-07
2.25469e-07
-3.24256e-07
3.43616e-07
-5.36375e-07
5.03855e-07
-8.58759e-07
7.0992e-07
-1.33001e-06
9.59784e-07
-1.99169e-06
1.24315e-06
-2.88292e-06
1.53982e-06
-4.03271e-06
1.81984e-06
-5.45109e-06
2.04588e-06
-7.121e-06
2.17774e-06
-8.99191e-06
2.17887e-06
-1.09774e-05
2.02372e-06
-1.29587e-05
1.70429e-06
-1.4795e-05
1.23411e-06
-1.63387e-05
6.48408e-07
-1.74551e-05
-1.80413e-05
7.79209e-12
-8.93927e-12
2.12506e-11
-1.64075e-11
4.94979e-11
-3.67952e-11
1.10197e-10
-8.43351e-11
2.38382e-10
-1.90283e-10
5.0209e-10
-4.19674e-10
1.02924e-09
-9.03162e-10
2.05158e-09
-1.89474e-09
3.97253e-09
-3.87175e-09
7.46431e-09
-7.69982e-09
1.35949e-08
-1.48906e-08
2.39734e-08
-2.79795e-08
4.08824e-08
-5.10393e-08
6.73393e-08
-9.0314e-08
1.07e-07
-1.549e-07
1.63806e-07
-2.57322e-07
2.41286e-07
-4.13749e-07
3.41509e-07
-6.43543e-07
4.63774e-07
-9.678e-07
6.03321e-07
-1.40668e-06
7.50432e-07
-1.97561e-06
8.90398e-07
-2.68066e-06
1.00465e-06
-3.51433e-06
1.07293e-06
-4.45209e-06
1.0766e-06
-5.45089e-06
1.00238e-06
-6.45077e-06
8.4581e-07
-7.37994e-06
6.13341e-07
-8.16278e-06
3.22531e-07
-8.72983e-06
-9.02781e-06
3.46726e-12
-4.00631e-12
9.47378e-12
-7.37381e-12
2.21229e-11
-1.65855e-11
4.93916e-11
-3.81235e-11
1.07165e-10
-8.62661e-11
2.26424e-10
-1.90831e-10
4.65662e-10
-4.11953e-10
9.31356e-10
-8.67021e-10
1.80977e-09
-1.7776e-09
3.41295e-09
-3.54739e-09
6.23961e-09
-6.8848e-09
1.1046e-08
-1.29843e-08
1.89127e-08
-2.37753e-08
3.12803e-08
-4.22336e-08
4.99121e-08
-7.27226e-08
7.67352e-08
-1.21292e-07
1.13515e-07
-1.95813e-07
1.6135e-07
-3.05794e-07
2.20038e-07
-4.61707e-07
2.87418e-07
-6.73703e-07
3.58906e-07
-9.49742e-07
4.27423e-07
-1.2933e-06
4.83918e-07
-1.70117e-06
5.18406e-07
-2.16167e-06
5.21588e-07
-2.65381e-06
4.86744e-07
-3.14795e-06
4.11466e-07
-3.6083e-06
2.98773e-07
-3.99692e-06
1.57239e-07
-4.27884e-06
-4.42712e-06
1.52075e-12
-1.76927e-12
4.16275e-12
-3.26511e-12
9.74432e-12
-7.36549e-12
2.1814e-11
-1.69767e-11
4.74651e-11
-3.85213e-11
1.00586e-10
-8.54568e-11
2.07508e-10
-1.85024e-10
4.16371e-10
-3.90607e-10
8.11783e-10
-8.03385e-10
1.53622e-09
-1.60851e-09
2.81862e-09
-3.13239e-09
5.00826e-09
-5.92812e-09
8.60765e-09
-1.08938e-08
1.42918e-08
-1.94224e-08
2.2895e-08
-3.35686e-08
3.53401e-08
-5.61999e-08
5.24894e-08
-9.10739e-08
7.49079e-08
-1.42767e-07
1.02558e-07
-2.16366e-07
1.34478e-07
-3.16871e-07
1.68546e-07
-4.48284e-07
2.01419e-07
-6.12497e-07
2.28774e-07
-8.08184e-07
2.45789e-07
-1.0299e-06
2.47927e-07
-1.26759e-06
2.31862e-07
-1.50691e-06
1.96339e-07
-1.73038e-06
1.42743e-07
-1.91939e-06
7.51803e-08
-2.05669e-06
-2.12896e-06
6.57593e-13
-7.69976e-13
1.80325e-12
-1.42503e-12
4.23092e-12
-3.22342e-12
9.49589e-12
-7.44945e-12
2.07187e-11
-1.69479e-11
4.40316e-11
-3.77006e-11
9.11059e-11
-8.18564e-11
1.83369e-10
-1.73313e-10
3.58647e-10
-3.57541e-10
6.80941e-10
-7.18091e-10
1.25363e-09
-1.40291e-09
2.23532e-09
-2.66383e-09
3.85564e-09
-4.91182e-09
6.42532e-09
-8.7876e-09
1.03316e-08
-1.52416e-08
1.6008e-08
-2.56083e-08
2.38663e-08
-4.1648e-08
3.41884e-08
-6.55205e-08
4.69819e-08
-9.96485e-08
6.18276e-08
-1.4644e-07
7.77591e-08
-2.07861e-07
9.32288e-08
-2.849e-07
1.0621e-07
-3.7703e-07
1.1442e-07
-4.81753e-07
1.1569e-07
-5.94354e-07
1.08412e-07
-7.08021e-07
9.19497e-08
-8.14393e-07
6.69279e-08
-9.0452e-07
3.52749e-08
-9.70071e-07
-1.0046e-06
2.80351e-13
-3.30312e-13
7.70211e-13
-6.13066e-13
1.81134e-12
-1.39064e-12
4.07559e-12
-3.22197e-12
8.91551e-12
-7.34915e-12
1.89991e-11
-1.63903e-11
3.94222e-11
-3.56833e-11
7.95775e-11
-7.57616e-11
1.56115e-10
-1.56744e-10
2.97336e-10
-3.15743e-10
5.49171e-10
-6.18741e-10
9.8247e-10
-1.17855e-09
1.70041e-09
-2.18012e-09
2.84354e-09
-3.91321e-09
4.58846e-09
-6.8099e-09
7.13478e-09
-1.14803e-08
1.06753e-08
-1.87341e-08
1.53468e-08
-2.95718e-08
2.11635e-08
-4.51246e-08
2.79457e-08
-6.65289e-08
3.52613e-08
-9.47286e-08
4.24061e-08
-1.30224e-07
4.84475e-08
-1.72812e-07
5.23259e-08
-2.2137e-07
5.30258e-08
-2.73725e-07
4.97837e-08
-3.26703e-07
4.2288e-08
-3.76383e-07
3.08142e-08
-4.18544e-07
1.62518e-08
-4.49246e-07
-4.65431e-07
1.18199e-13
-1.39607e-13
3.24626e-13
-2.59734e-13
7.64851e-13
-5.91385e-13
1.72502e-12
-1.37384e-12
3.78336e-12
-3.14164e-12
8.08291e-12
-7.02412e-12
1.68169e-11
-1.53319e-11
3.40414e-11
-3.26388e-11
6.69753e-11
-6.7712e-11
1.2794e-10
-1.36783e-10
2.37028e-10
-2.68823e-10
4.2538e-10
-5.1357e-10
7.38603e-10
-9.52917e-10
1.23921e-09
-1.71576e-09
2.00632e-09
-2.99525e-09
3.13023e-09
-5.06554e-09
4.6994e-09
-8.29264e-09
6.77849e-09
-1.31316e-08
9.3785e-09
-2.01008e-08
1.24237e-08
-2.97261e-08
1.5724e-08
-4.24509e-08
1.89648e-08
-5.85209e-08
2.17244e-08
-7.78619e-08
2.35199e-08
-9.99769e-08
2.38848e-08
-1.23883e-07
2.24644e-08
-1.48129e-07
1.91091e-08
-1.70909e-07
1.39387e-08
-1.90271e-07
7.35605e-09
-2.04386e-07
-2.11832e-07
4.8877e-14
-5.78303e-14
1.34764e-13
-1.08671e-13
3.18599e-13
-2.47875e-13
7.20186e-13
-5.77636e-13
1.58345e-12
-1.32418e-12
3.39146e-12
-2.96829e-12
7.07434e-12
-6.49498e-12
1.43586e-11
-1.38619e-11
2.83276e-11
-2.88326e-11
5.42662e-11
-5.84004e-11
1.00829e-10
-1.15093e-10
1.81493e-10
-2.20501e-10
3.16097e-10
-4.10318e-10
5.31993e-10
-7.4097e-10
8.64037e-10
-1.2974e-09
1.35235e-09
-2.20076e-09
2.03676e-09
-3.61368e-09
2.94715e-09
-5.73954e-09
4.09027e-09
-8.81166e-09
5.43474e-09
-1.30687e-08
6.89837e-09
-1.87149e-08
8.34278e-09
-2.58676e-08
9.58074e-09
-3.45012e-08
1.03961e-08
-4.43997e-08
1.05783e-08
-5.51258e-08
9.9659e-09
-6.60275e-08
8.48871e-09
-7.62886e-08
6.19793e-09
-8.50225e-08
3.27285e-09
-9.13963e-08
-9.4761e-08
1.99979e-14
-2.33572e-14
5.52801e-14
-4.44898e-14
1.30796e-13
-1.02213e-13
2.96552e-13
-2.39346e-13
6.53657e-13
-5.50354e-13
1.40393e-12
-1.23711e-12
2.93564e-12
-2.71336e-12
5.97331e-12
-5.8054e-12
1.18158e-11
-1.21055e-11
2.2696e-11
-2.45824e-11
4.22865e-11
-4.85735e-11
7.63325e-11
-9.33099e-11
1.3333e-10
-1.74112e-10
2.25057e-10
-3.15297e-10
3.66621e-10
-5.5363e-10
5.75548e-10
-9.41796e-10
8.69436e-10
-1.55086e-09
1.26182e-09
-2.47019e-09
1.75639e-09
-3.80297e-09
2.34036e-09
-5.65561e-09
2.97874e-09
-8.1203e-09
3.61168e-09
-1.12517e-08
4.15742e-09
-1.50418e-08
4.52086e-09
-1.93982e-08
4.60872e-09
-2.41296e-08
4.34874e-09
-2.8948e-08
3.70881e-09
-3.3491e-08
2.71042e-09
-3.73631e-08
1.43205e-09
-4.01916e-08
-4.16856e-08
8.15721e-15
-9.2274e-15
2.2344e-14
-1.79694e-14
5.29011e-14
-4.12774e-14
1.20393e-13
-9.78261e-14
2.66301e-13
-2.2568e-13
5.73247e-13
-5.08294e-13
1.20161e-12
-1.11807e-12
2.45143e-12
-2.39819e-12
4.86156e-12
-5.0128e-12
9.36244e-12
-1.02045e-11
1.74899e-11
-2.02137e-11
3.16565e-11
-3.89302e-11
5.54464e-11
-7.28317e-11
9.38539e-11
-1.32239e-10
1.53322e-10
-2.32822e-10
2.41382e-10
-3.9713e-10
3.65676e-10
-6.55723e-10
5.32208e-10
-1.04723e-09
7.42858e-10
-1.61652e-09
9.92509e-10
-2.4102e-09
1.26649e-09
-3.46911e-09
1.53932e-09
-4.81817e-09
1.77586e-09
-6.45522e-09
1.935e-09
-8.34133e-09
1.97607e-09
-1.03942e-08
1.86738e-09
-1.24888e-08
1.59447e-09
-1.44667e-08
1.16626e-09
-1.61547e-08
6.16515e-10
-1.73889e-08
-1.80412e-08
3.06221e-15
-3.43473e-15
8.91066e-15
-7.19616e-15
2.11937e-14
-1.65549e-14
4.83326e-14
-3.92553e-14
1.07119e-13
-9.12298e-14
2.31058e-13
-2.06012e-13
4.85597e-13
-4.54695e-13
9.9312e-13
-9.77454e-13
1.97376e-12
-2.04785e-12
3.81021e-12
-4.17845e-12
7.13602e-12
-8.2972e-12
1.29494e-11
-1.60185e-11
2.27401e-11
-3.00425e-11
3.85942e-11
-5.46851e-11
6.32177e-11
-9.65237e-11
9.97952e-11
-1.65064e-10
1.51589e-10
-2.73242e-10
2.21214e-10
-4.37492e-10
3.09579e-10
-6.77004e-10
4.14669e-10
-1.01185e-09
5.30422e-10
-1.45981e-09
6.46159e-10
-2.03199e-09
7.47024e-10
-2.72801e-09
8.15508e-10
-3.5317e-09
8.34206e-10
-4.40822e-09
7.89423e-10
-5.30413e-09
6.74808e-10
-6.15143e-09
4.93982e-10
-6.87537e-09
2.61261e-10
-7.40516e-09
-7.68529e-09
1.12807e-15
-1.159e-15
3.23898e-15
-2.78575e-15
8.26775e-15
-6.70019e-15
1.89256e-14
-1.5322e-14
4.22761e-14
-3.6264e-14
9.18743e-14
-8.24107e-14
1.93578e-13
-1.8226e-13
3.96872e-13
-3.92827e-13
7.90822e-13
-8.25448e-13
1.53033e-12
-1.68833e-12
2.873e-12
-3.3604e-12
5.22648e-12
-6.5025e-12
9.20062e-12
-1.22239e-11
1.56544e-11
-2.23038e-11
2.57072e-11
-3.94627e-11
4.06851e-11
-6.76482e-11
6.19587e-11
-1.12255e-10
9.06439e-11
-1.80164e-10
1.27167e-10
-2.79456e-10
1.70743e-10
-4.18636e-10
2.18906e-10
-6.05305e-10
2.67246e-10
-8.44319e-10
3.09577e-10
-1.13573e-09
3.38563e-10
-1.47293e-09
3.46869e-10
-1.84139e-09
3.28682e-10
-2.21862e-09
2.81258e-10
-2.57589e-09
2.06048e-10
-2.88149e-09
1.09028e-10
-3.10531e-09
-3.22372e-09
7.28212e-16
-5.63948e-16
1.3584e-15
-1.05153e-15
2.83299e-15
-2.25036e-15
7.21103e-15
-6.05062e-15
1.63987e-14
-1.40296e-14
3.58907e-14
-3.23459e-14
7.62542e-14
-7.18508e-14
1.56604e-13
-1.55795e-13
3.1274e-13
-3.28214e-13
6.06512e-13
-6.7305e-13
1.14148e-12
-1.34304e-12
2.08162e-12
-2.6046e-12
3.67343e-12
-4.90749e-12
6.26521e-12
-8.97492e-12
1.03134e-11
-1.59155e-11
1.63615e-11
-2.73455e-11
2.49766e-11
-4.54809e-11
3.66276e-11
-7.31611e-11
5.15058e-11
-1.13735e-10
6.93122e-11
-1.7075e-10
8.90565e-11
-2.47402e-10
1.08944e-10
-3.45775e-10
1.26437e-10
-4.65972e-10
1.3851e-10
-6.05334e-10
1.42118e-10
-7.57885e-10
1.34835e-10
-9.14316e-10
1.15495e-10
-1.06266e-09
8.46724e-11
-1.18969e-09
4.48231e-11
-1.2828e-09
-1.33208e-09
1.60888e-17
-5.4423e-18
4.5218e-16
-4.33075e-16
1.27283e-15
-5.56687e-16
2.6665e-15
-2.28169e-15
6.15386e-15
-5.3214e-15
1.37769e-14
-1.24074e-14
2.94959e-14
-2.80413e-14
6.09673e-14
-6.08602e-14
1.2201e-13
-1.28771e-13
2.37298e-13
-2.64818e-13
4.47752e-13
-5.29809e-13
8.1847e-13
-1.02966e-12
1.44786e-12
-1.94452e-12
2.4748e-12
-3.56382e-12
4.08297e-12
-6.33387e-12
6.4924e-12
-1.09063e-11
9.93356e-12
-1.81787e-11
1.46001e-11
-2.93052e-11
2.05765e-11
-4.56539e-11
2.77491e-11
-6.86807e-11
3.57266e-11
-9.97093e-11
4.37893e-11
-1.39617e-10
5.09107e-11
-1.88477e-10
5.58607e-11
-2.45234e-10
5.73962e-11
-3.07467e-10
5.4519e-11
-3.71378e-10
4.67431e-11
-4.32062e-10
3.42921e-11
-4.84076e-10
1.81609e-11
-5.22228e-10
-5.4243e-10
-8.29715e-18
-7.39614e-18
2.792e-17
-3.47956e-17
3.28422e-16
-1.70949e-16
9.43134e-16
-7.32888e-16
2.19137e-15
-1.78698e-15
5.19582e-15
-4.47361e-15
1.10678e-14
-1.07229e-14
2.32458e-14
-2.32747e-14
4.69186e-14
-4.97678e-14
9.16718e-14
-1.02844e-13
1.73402e-13
-2.06033e-13
3.17976e-13
-4.01638e-13
5.6377e-13
-7.60509e-13
9.64878e-13
-1.39672e-12
1.59561e-12
-2.48781e-12
2.54269e-12
-4.29284e-12
3.89865e-12
-7.17005e-12
5.74266e-12
-1.15823e-11
8.11042e-12
-1.80801e-11
1.09596e-11
-2.72522e-11
1.41377e-11
-3.96381e-11
1.73597e-11
-5.56011e-11
2.02171e-11
-7.51826e-11
2.22165e-11
-9.79693e-11
2.28572e-11
-1.22994e-10
2.17356e-11
-1.4873e-10
1.8652e-11
-1.73195e-10
1.36926e-11
-1.94184e-10
7.25442e-12
-2.0959e-10
-2.17751e-10
-6.18153e-17
-6.36615e-18
-1.07261e-16
-3.99621e-18
-1.02215e-16
2.02476e-16
4.28524e-16
-4.94426e-16
8.44466e-16
-5.80558e-16
1.90691e-15
-1.63399e-15
4.08454e-15
-4.18316e-15
8.71071e-15
-8.81545e-15
1.775e-14
-1.89469e-14
3.47196e-14
-3.93132e-14
6.61096e-14
-7.9024e-14
1.21747e-13
-1.54653e-13
2.16605e-13
-2.93667e-13
3.71634e-13
-5.40227e-13
6.15719e-13
-9.64687e-13
9.83287e-13
-1.66797e-12
1.51077e-12
-2.79162e-12
2.22979e-12
-4.51818e-12
3.15487e-12
-7.06622e-12
4.27152e-12
-1.06705e-11
5.52045e-12
-1.55481e-11
6.79012e-12
-2.18459e-11
7.92026e-12
-2.95854e-11
8.71613e-12
-3.8607e-11
8.97878e-12
-4.85297e-11
8.54709e-12
-5.87475e-11
7.34052e-12
-6.84716e-11
5.39213e-12
-7.68218e-11
2.85774e-12
-8.29547e-11
-8.62048e-11
-1.1963e-16
1.38954e-17
-2.53609e-16
2.41433e-17
-5.28647e-17
-1.35719e-17
9.40405e-17
-1.95897e-16
2.39689e-16
-2.81034e-16
6.10498e-16
-4.92524e-16
1.46629e-15
-1.44018e-15
3.21337e-15
-3.13705e-15
6.48909e-15
-7.16239e-15
1.29898e-14
-1.47177e-14
2.48743e-14
-2.98257e-14
4.60987e-14
-5.86286e-14
8.2032e-14
-1.11885e-13
1.41533e-13
-2.06278e-13
2.34718e-13
-3.69265e-13
3.75352e-13
-6.39874e-13
5.78102e-13
-1.07329e-12
8.54718e-13
-1.73994e-12
1.21164e-12
-2.72617e-12
1.64343e-12
-4.12394e-12
2.12755e-12
-6.01936e-12
2.62124e-12
-8.47088e-12
3.06187e-12
-1.14889e-11
3.3744e-12
-1.50122e-11
3.47997e-12
-1.88933e-11
3.31606e-12
-2.28947e-11
2.85037e-12
-2.67066e-11
2.0949e-12
-2.99827e-11
1.11085e-12
-3.23904e-11
-3.36666e-11
-1.46913e-16
-1.4748e-16
-1.23455e-16
-9.74615e-17
-1.37098e-17
-3.652e-17
5.40378e-18
-2.70572e-17
5.07118e-17
-2.33755e-16
2.6547e-16
1.28326e-17
3.73489e-16
-2.84409e-16
1.00711e-15
-1.32679e-15
2.28416e-15
-2.45836e-15
4.80052e-15
-5.33959e-15
9.13411e-15
-1.09841e-14
1.71037e-14
-2.17751e-14
3.06417e-14
-4.16375e-14
5.30894e-14
-7.77434e-14
8.83258e-14
-1.39573e-13
1.41557e-13
-2.42439e-13
2.18259e-13
-4.07374e-13
3.23535e-13
-6.61676e-13
4.59665e-13
-1.03868e-12
6.24505e-13
-1.57365e-12
8.09618e-13
-2.3006e-12
9.98819e-13
-3.24258e-12
1.16857e-12
-4.40403e-12
1.28955e-12
-5.76183e-12
1.33133e-12
-7.25944e-12
1.26985e-12
-8.80568e-12
1.09238e-12
-1.028e-11
8.03159e-13
-1.15479e-11
4.26019e-13
-1.24803e-11
-1.29749e-11
-1.8677e-16
6.33823e-17
-1.72573e-16
-2.1104e-16
3.53661e-17
9.69448e-17
2.732e-16
8.98379e-17
1.21278e-16
-8.96159e-17
-8.56479e-17
1.61096e-17
3.74983e-17
-1.46567e-16
2.62577e-16
-4.66555e-16
7.44367e-16
-8.87497e-16
1.65932e-15
-2.02049e-15
3.25155e-15
-3.74081e-15
6.32968e-15
-7.64533e-15
1.13789e-14
-1.51299e-14
1.97231e-14
-2.86616e-14
3.29199e-14
-5.20125e-14
5.27315e-14
-9.06661e-14
8.1358e-14
-1.52568e-13
1.20872e-13
-2.4847e-13
1.71962e-13
-3.90638e-13
2.34314e-13
-5.93117e-13
3.04071e-13
-8.68343e-13
3.75999e-13
-1.2256e-12
4.40405e-13
-1.66664e-12
4.86401e-13
-2.18339e-12
5.02858e-13
-2.75379e-12
4.79827e-13
-3.34329e-12
4.12998e-13
-3.9061e-12
3.04024e-13
-4.39046e-12
1.61352e-13
-4.7466e-12
-4.93589e-12
8.81855e-17
8.34478e-17
-1.6949e-16
-6.28835e-17
-1.70711e-16
-2.15354e-16
-7.04125e-17
6.52595e-17
5.20253e-17
1.02356e-16
5.1568e-17
9.18493e-17
-2.88744e-16
1.09848e-16
-2.27429e-16
5.15524e-17
1.22775e-16
-1.3166e-16
5.05221e-16
-3.8801e-16
1.25738e-15
-1.14495e-15
2.46535e-15
-2.47779e-15
4.13204e-15
-5.22909e-15
7.41858e-15
-1.04496e-14
1.23337e-14
-1.90156e-14
1.94282e-14
-3.34072e-14
2.99195e-14
-5.63831e-14
4.45358e-14
-9.21718e-14
6.37023e-14
-1.45174e-13
8.67449e-14
-2.20671e-13
1.12805e-13
-3.2355e-13
1.39734e-13
-4.57544e-13
1.63897e-13
-6.22922e-13
1.81203e-13
-8.17073e-13
1.87581e-13
-1.03159e-12
1.7908e-13
-1.25351e-12
1.54293e-13
-1.46563e-12
1.13694e-13
-1.64821e-12
6.05213e-14
-1.78248e-12
-1.85399e-12
-7.55644e-18
7.96947e-18
-9.80219e-17
1.48523e-16
-2.52058e-16
-1.81306e-16
1.16682e-16
7.72156e-17
3.60093e-17
1.61291e-17
-2.01025e-16
-3.80982e-17
-1.36118e-16
1.3664e-16
5.1744e-17
4.98578e-16
5.87701e-17
1.89353e-16
1.65355e-16
2.62542e-16
3.72793e-16
9.7917e-17
7.64438e-16
-8.05005e-16
1.39592e-15
-1.68644e-15
2.45941e-15
-3.48167e-15
4.22686e-15
-6.52776e-15
7.08964e-15
-1.17625e-14
1.09318e-14
-2.03643e-14
1.61639e-14
-3.34096e-14
2.32833e-14
-5.32096e-14
3.1759e-14
-8.11195e-14
4.1418e-14
-1.18861e-13
5.13658e-14
-1.68424e-13
6.01838e-14
-2.29827e-13
6.66142e-14
-3.01797e-13
6.90593e-14
-3.81656e-13
6.59724e-14
-4.63936e-13
5.69087e-14
-5.43195e-13
4.18674e-14
-6.11192e-13
2.21122e-14
-6.60936e-13
-6.8771e-13
4.86792e-17
6.29259e-17
-2.80612e-16
4.64256e-16
-8.35777e-17
-3.00081e-16
1.26821e-17
1.04526e-16
-1.68026e-16
6.50259e-17
1.89549e-17
-1.35862e-16
1.51537e-16
1.19913e-16
-4.68532e-17
5.81311e-16
1.09122e-16
3.01222e-16
3.20313e-17
1.12011e-16
7.49323e-17
2.52445e-16
1.44902e-16
-1.20119e-16
3.61626e-16
-3.87187e-16
7.68145e-16
-1.02607e-15
1.4891e-15
-2.13401e-15
2.74809e-15
-4.0494e-15
3.91964e-15
-6.97643e-15
5.93475e-15
-1.19119e-14
8.28032e-15
-1.8869e-14
1.13996e-14
-2.91646e-14
1.49358e-14
-4.32299e-14
1.84822e-14
-6.1045e-14
2.17984e-14
-8.34606e-14
2.41792e-14
-1.10177e-13
2.50847e-14
-1.39308e-13
2.38384e-14
-1.69616e-13
2.07342e-14
-1.98604e-13
1.52594e-14
-2.23806e-13
8.23329e-15
-2.4218e-13
-2.52006e-13
4.67553e-17
-8.32283e-17
-2.95671e-17
2.27436e-16
-1.83113e-16
-2.23287e-16
2.26887e-17
-2.32272e-18
1.7434e-16
-2.03201e-16
-3.17027e-17
-1.72262e-17
-2.85148e-16
-2.22336e-17
-9.20958e-17
5.49854e-17
1.94439e-18
1.14059e-16
2.25245e-17
5.59959e-17
-1.58702e-16
3.61644e-16
-8.56679e-17
7.597e-17
9.62887e-17
-2.036e-16
2.17183e-16
-1.77755e-16
4.60531e-16
-5.01046e-16
8.14046e-16
-1.2684e-15
1.28119e-15
-2.17849e-15
2.07926e-15
-4.12174e-15
3.06674e-15
-6.50103e-15
4.00366e-15
-1.00325e-14
5.33894e-15
-1.54e-14
6.64663e-15
-2.19582e-14
7.94574e-15
-2.98119e-14
8.7304e-15
-3.93912e-14
9.05478e-15
-5.01169e-14
8.87033e-15
-6.11973e-14
7.4836e-15
-7.15058e-14
5.30792e-15
-8.07114e-14
3.00169e-15
-8.7535e-14
-9.10952e-14
-1.82192e-16
1.39656e-16
1.68162e-16
2.7512e-17
1.91997e-17
2.43452e-16
-5.74106e-17
2.19145e-16
-7.02918e-17
1.21757e-16
-6.14882e-17
3.21415e-17
-3.2979e-17
4.59259e-17
9.0358e-17
-2.17916e-16
1.26797e-16
1.82784e-17
3.05481e-17
-1.92744e-16
-1.69892e-16
4.53299e-16
2.69528e-17
2.65525e-17
-2.84562e-18
-7.30303e-17
1.17577e-16
5.23724e-17
1.483e-16
5.07647e-17
2.06825e-16
-2.46397e-16
3.81495e-16
-6.01641e-16
5.74237e-16
-1.29721e-15
9.95858e-16
-2.17927e-15
1.5378e-15
-3.22918e-15
1.74678e-15
-5.30553e-15
2.29257e-15
-7.59137e-15
2.81339e-15
-1.03247e-14
3.02267e-15
-1.37341e-14
3.29861e-15
-1.76287e-14
2.98315e-15
-2.16512e-14
2.56826e-15
-2.51817e-14
1.86999e-15
-2.86997e-14
9.64932e-16
-3.10209e-14
-3.22623e-14
-5.84377e-20
3.47372e-16
-2.70453e-16
3.27268e-16
-6.68893e-17
1.59159e-16
5.66673e-18
4.06692e-17
-1.03159e-17
2.3419e-17
-5.13413e-17
1.95051e-16
-1.35302e-16
4.17007e-17
-2.47388e-16
-1.97754e-17
-8.53732e-17
-2.18931e-17
1.23925e-16
-1.40499e-16
5.6946e-17
3.63585e-16
-3.42255e-17
-4.34537e-18
-4.13517e-17
-6.53352e-17
3.85073e-17
8.6623e-17
8.89486e-17
1.78809e-16
9.93194e-17
6.00493e-17
4.97319e-17
-1.7371e-16
3.22421e-16
-2.8947e-16
3.04891e-16
-4.59111e-16
5.03865e-16
-9.71273e-16
6.20619e-16
-1.63997e-15
6.46053e-16
-2.33057e-15
8.76401e-16
-3.37638e-15
1.01782e-15
-4.71566e-15
1.06746e-15
-5.90978e-15
1.04016e-15
-7.42521e-15
8.00165e-16
-8.87591e-15
8.17029e-16
-9.90462e-15
5.91688e-16
-1.05873e-14
-1.10913e-14
9.83334e-17
-6.80232e-17
1.40854e-16
1.63959e-16
1.11996e-16
2.56628e-17
1.61467e-17
-7.35464e-18
-2.40969e-17
-4.28749e-17
-4.31019e-17
1.29252e-16
-1.67153e-17
1.9364e-16
-3.52749e-17
1.33422e-16
-6.5299e-17
1.38136e-16
-1.19921e-16
7.72364e-17
1.60222e-17
1.4244e-16
-5.73846e-18
-1.53316e-17
-7.53148e-17
2.37486e-17
7.38674e-17
1.37172e-16
-3.25541e-17
-1.6246e-17
8.5144e-17
4.58006e-17
6.69039e-17
-9.99347e-17
6.37479e-17
-1.34695e-16
3.92545e-17
-8.0071e-17
9.20345e-17
-3.40539e-16
2.65001e-16
-3.35013e-16
2.98234e-16
-5.46772e-16
2.87892e-16
-1.07777e-15
2.47845e-16
-1.52232e-15
2.87969e-16
-1.6232e-15
2.49815e-16
-2.47857e-15
2.95829e-16
-3.11554e-15
2.11252e-16
-3.19878e-15
2.41579e-16
-3.5261e-15
-3.63332e-15
-1.80182e-16
-2.11653e-16
-5.76102e-17
-5.92801e-17
-4.6708e-17
5.23192e-17
1.5366e-17
2.09131e-16
2.87238e-17
2.46614e-16
6.52527e-17
1.49922e-16
-1.85027e-16
1.62909e-16
-1.23869e-16
1.02503e-16
-8.2828e-17
1.92139e-16
1.08805e-16
2.09546e-16
3.60963e-17
2.25447e-16
-4.35526e-17
4.68611e-17
-8.24002e-17
-4.65592e-17
5.14217e-17
-1.11138e-16
-5.75139e-17
-1.85456e-17
-2.66469e-17
1.31639e-16
1.35084e-16
1.35884e-16
8.07492e-18
3.59642e-17
-1.16008e-19
-1.00207e-16
-5.77861e-17
-1.68552e-16
9.7929e-17
-1.33396e-16
1.24781e-16
-2.281e-16
1.18959e-16
2.21891e-17
1.10617e-17
-3.0897e-16
-8.94327e-17
-1.90341e-16
2.62951e-16
-7.80973e-16
6.32917e-17
-8.25583e-16
-1.07725e-16
-5.62022e-16
1.50609e-16
-1.27164e-15
-1.07553e-15
-1.50106e-16
-1.57985e-16
-7.77587e-17
-1.24679e-17
1.62377e-16
1.64989e-16
-8.50599e-17
2.52776e-16
-6.23113e-17
3.7386e-16
1.72268e-18
4.8749e-17
-1.15361e-16
-2.50259e-17
-1.10986e-16
2.99412e-16
-1.60453e-17
-1.15294e-18
-7.6111e-17
1.51988e-16
2.54554e-17
-4.63268e-19
-7.38492e-17
4.73933e-17
-4.3029e-17
9.96057e-17
2.02767e-16
-8.09956e-17
-1.15886e-17
8.69536e-17
-1.33827e-17
1.05375e-16
5.56077e-17
-3.38321e-17
-3.019e-17
7.37478e-17
-2.07139e-17
2.6836e-18
-4.15626e-17
-2.45919e-16
-3.56625e-16
3.34545e-16
-2.23787e-16
-2.17007e-16
1.50457e-16
-1.35498e-16
1.98129e-16
1.04078e-17
2.84717e-17
-1.42742e-17
5.83086e-17
-2.87108e-16
5.29599e-17
7.02377e-17
5.13062e-17
1.11037e-16
1.64124e-16
-2.29104e-16
-1.6401e-16
2.17257e-16
-6.14072e-17
2.22754e-17
4.01347e-17
4.9475e-17
6.37904e-17
4.79166e-17
1.22263e-16
1.19069e-17
1.33605e-16
-1.20161e-16
-3.00275e-17
-6.11087e-17
2.59225e-16
8.59547e-18
-1.10731e-16
-1.48036e-16
3.48956e-17
-8.59468e-17
2.15114e-17
-1.23099e-16
-3.83104e-16
-5.18853e-17
8.56513e-17
-2.85633e-17
1.75481e-17
-1.4125e-17
1.04125e-16
-7.05259e-17
1.33873e-17
-5.2988e-17
-2.64027e-16
-7.80059e-17
-6.69742e-18
7.56041e-17
-2.53248e-16
7.60174e-17
-8.69158e-17
1.65013e-16
-2.34418e-16
9.00066e-17
3.09713e-17
-1.37026e-16
1.16564e-16
-2.28748e-17
-3.30022e-16
1.83509e-16
-1.0361e-16
1.06062e-16
-3.65096e-17
-2.04212e-16
-2.03393e-17
-1.67347e-16
1.69453e-16
-1.22586e-16
-1.55775e-16
8.72222e-17
2.67449e-16
2.20162e-16
7.57676e-17
2.10841e-16
-2.81048e-17
2.9859e-16
-1.2069e-16
2.27028e-17
7.91877e-17
8.11579e-17
-7.32251e-17
3.77355e-16
-2.16329e-16
1.37629e-16
-2.21706e-17
1.22565e-16
3.36732e-17
-3.19253e-17
-5.51759e-17
7.31538e-17
-3.31873e-17
-1.53103e-16
-2.02834e-16
8.86432e-17
-2.20001e-16
1.57041e-17
-9.21125e-17
1.71524e-16
5.49865e-17
-1.16027e-17
3.72086e-17
-1.10844e-16
9.30656e-17
-2.75799e-16
-6.81993e-18
-2.44887e-16
-1.35611e-17
-1.18421e-16
1.43693e-18
-6.2794e-17
1.70737e-16
-1.96221e-16
1.64006e-16
-9.22191e-17
-8.84143e-17
2.54623e-16
2.87064e-18
-1.6954e-16
2.25588e-16
5.27534e-17
-7.31495e-17
-4.72184e-17
6.87746e-18
1.11366e-16
-1.25505e-16
1.26123e-17
-6.44118e-17
-4.06803e-17
4.45889e-17
5.68912e-17
1.83061e-16
2.93859e-20
1.00283e-16
1.38041e-16
1.07028e-16
5.43182e-17
2.75355e-17
-1.03469e-16
-5.64918e-17
-2.12244e-16
7.76701e-17
8.74334e-18
9.04815e-17
-1.04454e-18
2.95486e-16
-2.41559e-16
2.74015e-16
-1.78343e-16
6.70346e-17
3.60554e-17
-1.16529e-17
-8.7476e-17
9.54697e-17
1.21021e-16
-1.30957e-16
-2.09868e-16
4.56817e-17
-1.38485e-16
1.15082e-16
-1.43989e-16
-7.62966e-17
-2.58191e-17
-9.97002e-17
9.54805e-17
-3.24911e-17
2.06748e-16
7.87881e-17
1.2686e-16
-6.66127e-17
1.59514e-16
-1.95884e-16
8.33984e-17
-1.00361e-16
2.36772e-17
-4.62323e-17
-1.04816e-16
-1.93332e-16
9.37412e-17
-7.87374e-17
-1.4194e-17
9.60122e-19
-5.93599e-17
7.55419e-17
-2.30436e-17
8.1454e-17
8.93186e-17
1.91485e-16
1.83634e-16
-4.39412e-17
2.58544e-16
6.65582e-17
1.92833e-16
-9.07537e-17
1.16248e-16
1.11938e-17
2.06283e-16
1.54849e-16
-6.63418e-17
7.12298e-17
-1.15058e-16
-4.77251e-17
1.09822e-16
-1.40309e-16
2.35653e-16
-4.72017e-17
2.99678e-16
-1.94087e-16
7.32209e-17
-2.99814e-16
1.81503e-16
-8.65794e-17
-2.06737e-16
-1.06375e-16
3.44963e-17
-2.09576e-16
1.10121e-16
-1.23281e-16
1.58084e-16
-1.00599e-16
-1.2317e-16
3.7931e-17
3.41347e-17
1.08091e-16
2.58019e-16
1.90686e-17
6.93488e-17
2.25778e-16
-1.74388e-17
1.74718e-16
2.03442e-16
-4.6291e-17
3.53513e-17
5.81515e-17
-3.86444e-17
-9.30739e-17
7.05562e-17
1.90721e-16
-2.21385e-16
1.47353e-16
8.94405e-17
-3.01516e-18
-3.50473e-18
-2.58196e-17
-2.88061e-16
-9.20008e-17
1.58425e-16
-6.30767e-17
2.0655e-16
3.52827e-17
2.18033e-17
9.69628e-17
-8.80549e-17
1.36364e-16
-1.91251e-16
1.88415e-16
2.85288e-17
4.26184e-17
4.05236e-17
1.58309e-17
-1.39118e-16
3.30458e-16
-1.00064e-16
5.36157e-17
-1.59376e-16
4.17972e-17
-1.12331e-16
-5.89955e-17
-6.78728e-17
1.14686e-16
-6.47691e-17
-6.43478e-17
-5.27118e-17
9.57885e-17
8.44174e-17
-1.27804e-16
-4.54878e-17
-4.49377e-17
-1.41435e-16
-1.12486e-16
-9.13723e-17
1.51167e-16
9.05776e-17
-7.13758e-17
8.44109e-17
-5.80691e-17
-3.83047e-17
-2.8256e-17
2.08796e-17
2.01812e-16
2.09808e-16
-1.02428e-16
4.42827e-18
-1.92634e-16
-3.98723e-17
-2.95894e-17
1.26948e-17
-1.74519e-16
-1.50218e-17
3.6939e-17
2.96904e-17
-1.91652e-16
8.35906e-17
2.44385e-17
1.27205e-16
1.97871e-16
-1.29701e-16
1.86095e-16
-1.74175e-16
-4.2416e-17
6.08265e-17
6.33226e-19
-1.93223e-16
3.34775e-17
5.95864e-17
7.02635e-17
-8.10976e-17
-3.13655e-17
-6.04726e-18
9.07535e-17
5.11597e-17
-1.34845e-17
-1.60626e-16
-1.62765e-16
-1.52714e-16
-1.69417e-16
-1.53569e-16
-5.42168e-17
-1.39342e-16
-8.19687e-17
-1.8569e-16
-2.31831e-16
3.4425e-16
-1.40883e-16
-1.27696e-16
-6.93664e-17
-1.61199e-16
-1.8475e-16
-1.29092e-16
-6.28937e-17
-8.38353e-17
-4.95547e-17
3.41738e-17
-3.62951e-17
3.61423e-17
1.19007e-16
-8.87606e-17
2.37964e-16
1.89338e-16
1.72584e-16
-8.87887e-17
-1.27113e-16
-1.67149e-16
-1.93386e-16
-1.25055e-16
3.5843e-17
-7.14795e-17
2.29234e-16
-2.35958e-17
1.87638e-16
1.5214e-16
6.8718e-17
2.44393e-16
1.05449e-16
7.28237e-17
9.82519e-17
3.77464e-17
-1.56609e-16
-1.19656e-16
5.87847e-17
-1.79492e-16
-2.10393e-16
3.96367e-17
-5.80785e-17
-2.6345e-17
1.08974e-16
-2.96831e-17
-9.63181e-17
1.89683e-16
-1.50449e-16
4.27017e-17
-1.31511e-16
-1.66685e-16
1.19794e-17
-6.25685e-17
7.74e-17
-2.22679e-16
-1.46794e-16
-2.35702e-16
-3.16308e-16
-2.36108e-17
-3.27233e-17
-1.26479e-16
-1.02163e-16
2.66702e-17
-2.64749e-16
-8.33351e-17
-1.15629e-16
-3.58351e-17
-4.57797e-17
4.95191e-17
-2.20141e-16
-7.6767e-17
-6.52461e-17
5.68261e-17
-1.1807e-16
1.45661e-16
-4.80733e-17
5.54221e-17
-1.07677e-16
-1.79878e-16
-1.23708e-16
1.6083e-16
-3.21041e-16
3.14485e-16
-1.07599e-16
-1.5565e-16
4.766e-17
-1.05314e-16
3.13291e-17
-5.58921e-17
3.88131e-16
2.67954e-16
-1.72599e-16
3.69094e-16
1.49508e-16
-1.03616e-16
1.30958e-16
4.71881e-17
1.38781e-16
-3.44506e-16
-4.88112e-17
-1.77124e-16
-8.32684e-17
7.84748e-17
4.29025e-17
-3.44503e-16
-3.07345e-17
-3.70315e-16
-1.84561e-16
-3.1621e-16
-1.24872e-16
-5.60721e-16
-4.19381e-17
1.34778e-16
-2.52397e-16
8.12895e-17
-1.74311e-16
-2.919e-16
-1.22419e-16
-1.55432e-16
9.7233e-18
-3.47311e-16
-1.35099e-16
-1.0645e-16
-3.53262e-17
-2.39281e-16
-1.15445e-16
-9.14795e-17
-6.37105e-17
-3.217e-16
-1.19239e-16
-1.0199e-16
1.36105e-18
2.80101e-17
8.35931e-17
-2.52113e-16
5.32002e-17
-1.00914e-16
2.95057e-17
3.21994e-17
-2.70152e-19
-2.34036e-16
2.3796e-16
-4.06871e-17
2.72554e-16
-1.13498e-16
2.64433e-16
-6.29666e-17
2.47309e-16
3.75285e-17
-6.80684e-17
-2.72525e-16
-1.07888e-16
-1.54463e-16
-8.56598e-17
-1.1615e-16
-1.31145e-16
-1.94149e-18
-5.31772e-16
-6.89981e-17
-3.36065e-17
7.02601e-17
-1.22424e-16
5.8291e-17
-2.14678e-16
-3.72765e-17
-3.77233e-16
-1.61123e-16
-7.20962e-16
-4.01663e-16
-3.54786e-16
-1.23261e-16
-2.46373e-16
1.06831e-16
-2.94054e-16
-1.11253e-16
-4.36464e-16
-1.76221e-16
-4.8453e-16
-1.97355e-16
-4.88482e-16
-1.39869e-16
-5.63089e-17
-9.84166e-17
-2.25724e-16
5.47881e-17
-1.87633e-16
-8.67074e-18
-2.50117e-16
-5.52465e-17
-1.5044e-16
1.64399e-16
-8.22272e-17
7.50888e-17
-2.73517e-16
-3.38167e-17
-8.43747e-17
-7.71619e-17
-5.28083e-17
7.12845e-17
1.87627e-16
4.89734e-18
1.42184e-16
9.90714e-17
-3.87199e-16
2.58173e-16
-1.63487e-16
1.88187e-16
-2.30872e-16
-4.45308e-17
-9.66605e-17
6.35721e-17
-2.74718e-16
-1.09307e-16
6.27003e-17
-2.88718e-16
-1.42165e-16
-3.56e-16
-7.80908e-17
-1.42012e-16
1.08347e-16
-6.47858e-16
9.18549e-17
-2.74129e-16
1.81675e-16
-5.87022e-16
-2.62538e-16
-6.15236e-16
-3.26662e-16
-1.52311e-16
-8.65694e-17
-6.58945e-16
-2.00231e-16
-6.49541e-16
-6.31351e-17
-4.25914e-16
1.31945e-16
-7.6229e-16
9.52159e-18
-1.5627e-16
2.72757e-17
1.78451e-18
-1.84128e-17
-1.51985e-16
3.53941e-17
-1.43785e-16
6.28608e-17
-1.53524e-16
7.9792e-17
-2.82857e-16
1.6089e-16
-3.11745e-16
1.25378e-19
-2.49513e-17
6.38515e-17
-1.65326e-17
7.86538e-17
3.45532e-17
1.00864e-16
4.65329e-16
1.70698e-16
1.31954e-16
-3.50156e-17
-7.04424e-17
2.70771e-16
-1.24995e-16
7.69531e-17
-4.44561e-17
-2.34201e-16
9.12132e-17
-9.7652e-17
-1.52912e-16
4.74266e-18
4.65354e-17
-3.92725e-16
-1.68336e-16
-2.1407e-16
-1.56496e-17
-3.43443e-16
-2.42997e-16
-4.47625e-16
-2.17386e-16
-2.0221e-16
-7.06292e-17
-6.02025e-16
3.49655e-17
-3.9878e-16
9.17674e-17
-5.18059e-16
-1.76014e-16
-6.49507e-16
8.76675e-17
-5.59993e-16
6.72234e-17
-5.25638e-16
-3.90669e-16
-3.70603e-16
-2.71889e-16
-3.10917e-16
-4.33089e-17
-1.35085e-16
1.3508e-18
-2.80009e-16
3.06734e-17
-1.98711e-16
4.00255e-17
-7.52417e-17
6.37216e-17
-2.02038e-16
1.25308e-16
-2.48979e-16
-5.57226e-18
-7.35901e-17
9.76886e-17
6.30906e-17
-2.43677e-17
2.41233e-16
-1.98653e-16
4.81348e-16
1.33308e-16
1.75807e-16
8.01182e-17
3.10886e-16
9.3523e-17
-5.21948e-17
1.89667e-16
-1.53452e-17
4.23974e-16
9.43725e-17
2.10117e-16
1.53494e-16
1.07064e-16
-1.23896e-16
-3.73379e-16
-2.02104e-16
-4.19433e-16
-1.87415e-16
-2.07737e-16
-1.59849e-16
-4.37726e-16
-8.2165e-17
-3.02261e-16
-6.39746e-17
-2.70371e-16
-3.77268e-17
-3.11269e-16
-1.9559e-16
-2.27584e-16
-1.50134e-16
-3.51102e-16
-4.5063e-17
-3.25602e-16
-1.66009e-16
-2.69869e-16
5.27142e-17
-1.41797e-16
6.28613e-17
8.96716e-18
-6.2704e-18
9.40361e-18
6.60436e-17
-2.30294e-17
7.46531e-17
-4.32155e-17
5.30958e-17
5.16605e-17
6.41373e-17
-3.66963e-17
2.19744e-16
-1.1222e-16
2.80321e-16
-1.93636e-16
2.57427e-16
4.96448e-17
2.73952e-17
6.71688e-17
2.98359e-17
-1.60027e-17
1.39129e-16
9.97592e-17
5.72123e-17
4.25214e-17
2.41576e-16
3.69894e-17
1.12183e-17
-1.22386e-16
-1.343e-16
1.12542e-16
-1.68354e-17
-1.29111e-16
-5.94029e-17
-3.4768e-16
-3.77586e-17
-2.19066e-16
-3.88114e-16
-1.79286e-16
-2.33767e-16
-1.69502e-16
-2.27247e-16
-1.40038e-16
-2.10612e-16
1.50083e-17
-8.46677e-17
-5.6412e-17
-1.50144e-16
-4.61997e-17
-8.01769e-17
9.18184e-17
-1.53518e-16
1.09636e-16
-2.32347e-16
1.16455e-16
-9.38765e-17
2.43983e-17
-1.17411e-16
6.40677e-18
1.05546e-16
-1.47367e-16
-1.73043e-17
1.08433e-17
-7.56935e-17
-8.3312e-18
7.82792e-17
-4.01908e-17
1.71385e-16
2.11619e-17
1.74671e-17
1.9887e-16
4.09928e-17
1.84193e-16
-1.49852e-16
1.09727e-16
-1.10363e-17
1.59384e-16
-5.21575e-17
-7.34509e-17
-1.53525e-17
3.13479e-16
7.35625e-17
1.47068e-16
9.45653e-17
6.41863e-17
1.96184e-16
-1.71659e-17
-3.62888e-17
-1.36739e-16
6.2396e-17
-5.33672e-17
-1.27314e-16
-1.96226e-17
-1.66976e-16
-5.74961e-18
-1.33101e-16
-3.26152e-16
-3.02048e-17
-1.7129e-16
-1.0146e-16
9.28946e-17
-8.78258e-17
-2.53518e-16
-7.59257e-17
1.76627e-16
-1.0746e-16
1.94566e-18
-1.71305e-16
2.60711e-18
-4.55093e-17
-1.20214e-16
6.33036e-17
-4.86439e-18
-1.33727e-16
-1.90514e-17
9.11752e-17
1.62871e-17
1.39723e-16
6.37105e-17
1.13725e-16
-1.87649e-16
-1.51222e-17
4.93657e-17
-3.90702e-17
4.35438e-17
5.1514e-17
-5.96211e-17
6.77995e-17
1.06878e-16
7.39985e-17
1.43301e-16
2.97539e-16
-1.09332e-16
3.43049e-16
3.25467e-17
1.23019e-16
-1.52801e-16
-4.34288e-17
-2.35556e-16
-2.36107e-17
-5.52552e-17
7.71665e-17
-1.28497e-16
4.5985e-17
2.92308e-16
-6.21507e-17
7.99898e-17
1.57852e-16
-5.24005e-17
1.92246e-16
-5.25969e-17
-8.02647e-17
9.80162e-17
6.31646e-17
-6.68522e-17
-2.15981e-17
-4.54505e-18
-3.13083e-16
-4.95591e-17
2.95239e-17
-1.26574e-16
-5.5472e-17
-5.83177e-17
-1.13398e-17
8.44519e-17
1.08417e-17
-7.5126e-17
-8.60478e-17
1.1579e-16
-1.86432e-16
1.11685e-16
-1.12749e-16
-1.06512e-16
-7.99601e-17
-1.55873e-17
-1.29246e-16
-2.5742e-17
-2.00684e-16
-1.05836e-16
-3.90931e-17
1.29838e-16
-1.17925e-16
1.932e-17
-2.00328e-17
-6.44018e-17
-1.13119e-16
8.60956e-17
5.49602e-17
2.18702e-16
8.62343e-17
2.8512e-16
1.37472e-16
1.00427e-16
-8.12298e-17
-1.08718e-16
1.45719e-16
1.21151e-16
-3.29576e-16
1.57502e-16
1.8952e-16
1.16718e-16
3.3782e-17
1.71814e-16
3.67928e-16
8.96044e-18
-1.55888e-16
-7.90424e-17
-8.91908e-17
-3.08959e-17
2.44578e-17
-1.86916e-16
-1.33559e-16
-1.67563e-16
-1.49673e-16
-3.52805e-17
4.14679e-17
-3.86326e-16
-1.44942e-16
-5.40874e-17
-1.37699e-17
-6.44224e-17
5.42309e-17
-8.02105e-17
-4.59609e-17
1.83016e-18
-6.02715e-17
-1.78916e-16
-3.60086e-17
-2.70374e-17
8.43668e-17
-1.65641e-16
-9.25806e-17
-5.46832e-17
-1.29914e-17
-1.92153e-16
8.41622e-17
-2.81291e-16
-1.07977e-16
-2.21626e-16
6.35485e-17
-1.46521e-16
7.53675e-17
-1.10794e-16
1.381e-16
-1.10668e-16
5.93497e-18
-1.36097e-16
-1.0206e-17
-9.81077e-17
1.9833e-16
3.51392e-18
1.08141e-16
-3.35406e-16
1.86732e-16
-4.62646e-17
1.44063e-16
-1.76715e-16
7.6461e-17
-1.42872e-16
2.33622e-17
1.64507e-16
-5.61677e-17
2.44631e-17
4.2705e-17
-1.80758e-18
-2.42121e-17
-1.21678e-16
-1.9578e-17
-1.92259e-16
-2.05616e-16
-6.76103e-17
-1.7877e-16
-2.00191e-16
1.97487e-16
-5.07353e-17
-2.08736e-16
-3.32567e-17
-4.42669e-17
5.4985e-17
-2.08141e-16
-9.78746e-17
-2.06503e-17
-1.83198e-16
6.97269e-17
1.14169e-16
-2.59235e-16
1.03674e-17
1.28645e-17
-6.14896e-18
-1.96875e-16
5.93147e-17
-2.04255e-16
7.2163e-17
-6.95212e-17
6.23334e-18
-1.99208e-16
4.16235e-17
-1.47408e-16
-6.30437e-17
2.51411e-16
-1.83632e-16
-2.30576e-16
-1.15281e-17
-2.70362e-16
1.20381e-16
-1.67617e-16
2.2481e-16
-1.40809e-16
3.09361e-16
-2.24863e-16
1.01197e-17
-3.50981e-16
-8.03275e-17
-3.25145e-16
-4.44448e-17
-6.12322e-17
1.71613e-16
-5.61315e-16
1.66398e-16
5.54583e-17
8.44921e-17
1.56498e-17
3.29565e-17
-4.3259e-17
2.45537e-16
-4.40065e-17
3.92439e-16
2.89651e-17
3.57384e-17
-8.93679e-18
-2.6947e-16
-1.06541e-16
-4.19709e-18
-1.1366e-16
-6.49206e-17
-8.02924e-17
-1.93233e-16
1.01412e-16
-2.3963e-16
-1.86913e-16
-2.56541e-17
-2.15181e-16
-1.18188e-16
-4.75247e-17
-4.75026e-16
-4.38511e-17
-1.26487e-16
5.78896e-17
-2.83495e-16
-3.59255e-18
-2.16594e-16
-2.81548e-17
-1.04604e-16
-2.36114e-17
-6.48169e-17
1.52633e-17
-3.62566e-16
5.5234e-17
1.31438e-17
9.79434e-17
-1.63576e-16
1.47433e-16
-4.06279e-16
-1.61216e-16
-2.19181e-16
1.52016e-16
-2.1133e-16
4.28738e-16
-1.89702e-16
-1.63475e-16
-2.19929e-16
-1.22683e-16
-2.50514e-16
4.35788e-17
-1.51145e-16
1.73186e-16
-3.83354e-16
2.13483e-16
-3.19277e-16
5.5242e-17
4.72397e-17
1.08502e-16
-2.18404e-16
-1.35993e-16
-1.45666e-16
-7.57063e-17
1.12735e-16
9.07887e-17
-1.47571e-16
-2.12607e-16
-6.50275e-17
-2.17156e-16
2.13415e-16
3.57156e-17
5.70817e-17
4.27236e-18
1.27179e-16
-1.8264e-16
-1.17977e-16
-2.79588e-16
-1.83418e-16
-4.26713e-16
-6.496e-17
-4.92197e-16
-5.05726e-17
-7.17034e-17
1.96515e-16
-4.00071e-16
6.99693e-17
-1.22596e-16
-4.07521e-17
-4.52291e-16
-1.63928e-16
-1.13113e-16
-9.88435e-17
-5.18754e-16
-2.50878e-17
-2.26788e-16
6.96947e-18
-8.4131e-17
6.83729e-17
-1.47632e-16
1.25231e-16
-2.04442e-16
2.42643e-17
-4.84189e-17
1.40689e-16
-2.1059e-16
1.81635e-16
4.72164e-17
1.10804e-17
-3.87046e-16
3.14862e-17
-1.09296e-16
1.62506e-16
-1.86059e-16
1.87769e-16
-5.26627e-16
1.50491e-16
-1.8104e-16
5.18203e-17
2.74287e-18
-2.76649e-17
-6.4179e-17
7.48482e-17
-2.58148e-17
1.90823e-17
-2.56612e-17
-1.90668e-16
-1.20738e-16
-2.1082e-16
4.29177e-17
-4.26832e-17
-5.16393e-17
-9.55527e-17
-2.96862e-16
-1.5691e-16
-1.53383e-16
-5.21304e-16
5.43543e-17
-5.15023e-16
-1.09874e-16
-3.25614e-16
-1.84333e-16
-9.60589e-17
-9.72281e-17
-4.38132e-16
9.88614e-17
-1.59567e-16
1.52061e-16
-3.13579e-16
3.03905e-16
-1.16017e-16
-6.62862e-17
-2.38715e-17
-1.58169e-16
-2.27465e-16
2.15091e-17
-2.23783e-16
1.21372e-16
1.0977e-16
1.49121e-16
-1.42562e-16
2.5498e-16
-1.20227e-16
1.99062e-17
1.9637e-17
3.31902e-17
-3.02417e-17
8.59245e-17
-1.43646e-16
1.59709e-16
8.93174e-17
3.11932e-16
-2.59594e-17
1.35875e-16
-2.66502e-16
1.65673e-16
-6.96657e-17
9.43856e-17
-1.38423e-16
1.71543e-17
-1.15353e-16
-7.63758e-18
1.09068e-16
6.55379e-17
1.14649e-16
-1.82133e-16
-1.81307e-16
-4.90304e-17
-2.76913e-16
-3.25524e-17
-6.33862e-17
-2.4683e-16
5.80456e-18
-3.26943e-17
4.20233e-18
-3.26148e-16
-8.52075e-17
-2.04212e-16
-1.09847e-16
-6.05796e-17
-1.49685e-16
-4.91107e-16
7.65043e-18
-2.29073e-16
-2.16652e-17
-2.12005e-16
5.82745e-17
7.99577e-17
4.20314e-17
3.2631e-17
9.03158e-17
4.78302e-17
1.36146e-18
-2.10095e-16
-1.10001e-16
-1.08253e-16
1.3853e-16
-3.39508e-17
1.41952e-16
-5.80567e-17
1.30025e-16
3.98786e-17
1.76319e-17
-7.67809e-18
2.58835e-16
3.09881e-17
1.65312e-16
-2.57112e-17
2.12468e-17
1.76733e-16
1.57712e-17
8.28624e-17
5.83231e-17
-4.76776e-17
1.06932e-16
-1.15774e-16
1.56954e-16
-1.54834e-16
2.04102e-16
-2.32963e-17
6.89062e-17
3.01922e-16
2.36836e-17
-8.43465e-17
-1.88335e-16
-2.7096e-16
8.42855e-18
-7.7448e-17
-1.66073e-17
-1.70058e-16
-8.08878e-17
-1.11116e-16
-2.78811e-16
-4.54523e-17
-2.74597e-16
-1.23853e-16
-1.1071e-16
-8.37451e-18
-2.11397e-16
-1.02784e-16
-2.86354e-16
8.42843e-18
-5.92437e-18
4.60843e-17
-4.36144e-18
2.51929e-17
1.61401e-16
1.44373e-16
-1.83132e-16
1.20308e-16
2.09491e-16
-6.27739e-17
2.75923e-16
9.29181e-18
2.57089e-17
-1.09397e-16
1.81672e-16
1.8585e-16
1.18008e-16
2.87037e-16
1.93259e-16
1.48288e-16
-3.79055e-17
8.22164e-17
-1.53715e-17
9.32433e-17
3.974e-17
1.01354e-16
-2.03125e-16
1.78278e-16
5.58095e-17
2.18337e-16
-6.76982e-17
3.60449e-16
-1.72583e-16
6.3117e-17
1.16428e-17
-9.37268e-17
-5.05984e-17
6.41331e-17
-1.82005e-16
-2.53315e-16
-1.80425e-16
4.40374e-17
-1.9352e-16
1.62737e-16
-1.21288e-16
-8.11918e-17
-7.68294e-17
1.6335e-16
-1.39469e-16
-1.10412e-16
-2.04951e-16
-5.18727e-17
2.88273e-17
9.7946e-17
1.3489e-16
-2.10879e-16
1.09885e-16
1.74646e-18
1.59318e-17
1.99334e-16
-5.54359e-17
1.06078e-16
4.32678e-17
6.25479e-17
-1.15719e-16
4.33665e-17
-1.24507e-16
1.18231e-16
1.66619e-16
9.21212e-17
1.39785e-16
1.64437e-16
1.64565e-16
2.48503e-16
7.83224e-17
2.56871e-16
-1.01204e-17
1.42328e-16
6.10609e-17
-2.63455e-17
6.11203e-17
1.04411e-16
1.40655e-16
1.67469e-17
7.18257e-17
-2.80019e-16
5.08741e-17
2.96584e-18
1.86216e-16
-1.22776e-16
1.47577e-16
-3.63275e-16
-1.00723e-16
1.22481e-16
1.20503e-16
-2.16055e-16
-4.0745e-17
-1.63592e-16
-3.4368e-16
-2.1295e-16
2.15547e-17
-1.59194e-16
5.65867e-19
-1.6138e-16
-1.1427e-16
-2.02295e-16
1.11877e-16
-7.92158e-17
-1.59182e-16
-5.17061e-17
3.97479e-16
-5.82375e-17
2.23675e-16
4.46114e-17
-9.16346e-17
1.526e-16
1.72368e-16
2.77158e-16
2.43234e-16
1.46506e-16
1.43515e-16
5.84416e-18
-3.31237e-17
-2.43385e-16
1.56216e-17
-2.14649e-16
-3.48105e-17
-5.57232e-18
-2.0357e-16
1.51845e-16
5.38242e-17
1.68795e-16
1.43007e-16
9.63127e-17
3.16259e-16
-9.0221e-18
2.52764e-17
7.11554e-17
1.47826e-16
7.61381e-17
1.6385e-16
5.94724e-17
-1.05373e-16
4.39135e-18
-3.39843e-16
4.27472e-17
-2.18785e-16
8.50543e-17
-1.3164e-16
2.45832e-16
-2.38241e-16
1.59819e-16
7.26887e-17
-2.2756e-17
-1.65464e-16
1.60139e-16
-3.05233e-16
-2.89931e-16
-7.03783e-17
-5.07757e-18
-2.90486e-17
-3.14675e-16
-8.06588e-17
-1.97513e-17
-1.75264e-16
7.46636e-17
-8.85158e-17
-1.32307e-16
-1.51111e-16
2.21587e-16
-1.96602e-17
1.22104e-16
9.92303e-18
-6.45862e-17
6.20769e-17
2.00457e-17
5.70107e-17
1.21548e-16
-2.94237e-17
-9.08478e-17
-4.45242e-17
2.20054e-16
2.74419e-17
-1.77071e-16
3.74603e-17
8.05917e-17
7.64556e-17
-2.53943e-17
1.76413e-16
9.00522e-17
7.25262e-17
3.31224e-16
9.46685e-17
1.66353e-16
6.29666e-17
6.83579e-17
-1.11729e-17
1.70625e-16
-4.6755e-17
1.51401e-16
1.59752e-17
1.01219e-16
5.42868e-17
-2.78736e-16
1.53915e-16
-8.21236e-17
2.39582e-16
-1.37827e-16
1.03509e-16
-9.22628e-17
-9.22416e-17
-1.0257e-16
-6.74937e-17
1.62828e-17
-5.25737e-17
-1.98558e-16
-1.2626e-16
-1.44764e-17
-1.22285e-16
-1.73585e-16
-2.18355e-16
-1.04057e-17
-1.08294e-16
-1.21289e-16
-1.98609e-17
1.31435e-16
1.65566e-16
2.3946e-17
-6.98234e-17
-1.0805e-16
5.91624e-17
1.25101e-16
9.16818e-17
8.77728e-17
1.13163e-16
-3.70377e-17
7.80132e-18
-1.35337e-17
-5.35084e-17
-3.4782e-17
5.26116e-17
2.3642e-16
2.41772e-16
5.68836e-19
-1.23721e-16
-2.00126e-16
)
;

boundaryField
{
    outerWall
    {
        type            calculated;
        value           uniform 0;
    }
    axis
    {
        type            symmetryPlane;
        value           uniform 0;
    }
    nozzle
    {
        type            calculated;
        value           nonuniform List<scalar> 5(0.542966 0.542978 0.542978 0.542978 0.542966);
    }
    back
    {
        type            empty;
    }
    front
    {
        type            empty;
    }
}


// ************************************************************************* //
