/*--------------------------------*- C++ -*----------------------------------*\
| =========                 |                                                 |
| \\      /  F ield         | OpenFOAM: The Open Source CFD Toolbox           |
|  \\    /   O peration     | Version:  2412                                  |
|   \\  /    A nd           | Website:  www.openfoam.com                      |
|    \\/     M anipulation  |                                                 |
\*---------------------------------------------------------------------------*/
FoamFile
{
    version     2.0;
    format      ascii;
    arch        "LSB;label=32;scalar=64";
    class       surfaceScalarField;
    location    "0.000165";
    object      phi;
}
// * * * * * * * * * * * * * * * * * * * * * * * * * * * * * * * * * * * * * //

dimensions      [1 0 -1 0 0 0 0];

oriented        oriented;

internalField   nonuniform List<scalar> 
7275
(
0.00132655
-0.00156551
0.00273812
-0.00152586
0.0043062
-0.00144258
0.00609548
-0.00132811
0.00813208
-0.00116692
0.0104174
-0.000973884
0.0129311
-0.000765392
0.0155642
-0.000511934
0.0182532
-0.000303594
0.0208336
-5.45817e-05
0.0232111
0.00014208
0.0252127
0.00036091
0.0266978
0.00054942
0.0275363
0.000732008
0.0276866
0.0008803
0.0270282
0.00113198
0.0256642
0.00135682
0.0236836
0.00165531
0.0212692
0.00203237
0.0186816
0.00250773
0.0161474
0.0030881
0.0138029
0.00376429
0.0117218
0.00451464
0.00991707
0.0053124
0.00833426
0.00611646
0.00685371
0.0068854
0.0053397
0.00757304
0.00369509
0.00813666
0.00189739
0.00853767
0.00874625
0.00134972
-0.00313976
0.00278237
-0.00306022
0.00437755
-0.00290213
0.00618553
-0.00266826
0.00823266
-0.00234483
0.0105452
-0.00198434
0.0130462
-0.00154158
0.0157198
-0.00110028
0.0183835
-0.000630275
0.0209577
-0.000160582
0.0233273
0.00023155
0.0253042
0.000678307
0.0267906
0.00103367
0.0276388
0.00140231
0.0277888
0.00172244
0.027161
0.00221284
0.0258313
0.00268013
0.0238964
0.00328593
0.0215382
0.00404887
0.0190088
0.00501182
0.0165275
0.00618406
0.0142261
0.00754684
0.012168
0.00906511
0.0103639
0.010679
0.00875899
0.0123054
0.0072339
0.0138618
0.0056513
0.0152584
0.00391654
0.0164059
0.0020125
0.0172236
0.0176495
0.0013955
-0.00473193
0.00287408
-0.00461502
0.00451062
-0.0043826
0.00635608
-0.00403388
0.00845647
-0.00357711
0.0107792
-0.00302573
0.0133228
-0.00240532
0.015978
-0.00173998
0.0186418
-0.00104886
0.0212247
-0.000383047
0.0235513
0.000247244
0.0255407
0.000856093
0.0269979
0.00142475
0.0278526
0.00196313
0.0279952
0.00249626
0.0274255
0.00319469
0.0261679
0.00393071
0.0243292
0.00485948
0.0220814
0.0060322
0.0196691
0.00750312
0.0172952
0.00928911
0.0150715
0.0113693
0.0130598
0.013682
0.011265
0.0161414
0.00962186
0.0186289
0.00800719
0.0210162
0.00628543
0.0231662
0.0043676
0.0249389
0.00224719
0.0262061
0.0268677
0.00146316
-0.00635109
0.00300381
-0.00619466
0.00470314
-0.0058963
0.00661871
-0.00545291
0.00875399
-0.00484864
0.0111369
-0.00415979
0.0136839
-0.00333835
0.0163741
-0.00251211
0.0190349
-0.00159373
0.0215954
-0.000742568
0.0239029
9.82804e-05
0.0258618
0.000878246
0.0273114
0.00164719
0.0281804
0.00235833
0.0283362
0.00314536
0.0278394
0.00404148
0.0266898
0.00506821
0.0249902
0.00634685
0.0229108
0.00795439
0.0206735
0.00996455
0.0184579
0.0123981
0.0163646
0.015225
0.0144276
0.0183813
0.0126443
0.0217381
0.0109455
0.0251409
0.00919786
0.0284256
0.0072651
0.0313998
0.00506639
0.0338644
0.00261148
0.0356341
0.0365614
0.00154664
-0.00800164
0.00317908
-0.00781878
0.00496234
-0.00745741
0.00694073
-0.00691599
0.00916617
-0.00621765
0.0115741
-0.0053634
0.01419
-0.00442196
0.0168627
-0.00338981
0.0195494
-0.00232459
0.0220795
-0.00126591
0.0243591
-0.000252749
0.0262815
0.000703956
0.0277362
0.00163806
0.0286115
0.0025514
0.0288168
0.0035979
0.0284098
0.00471432
0.0274086
0.00604527
0.0259014
0.00770218
0.0240457
0.00978021
0.0220428
0.012365
0.0200445
0.0154832
0.018117
0.0191104
0.0162873
0.0231605
0.0145374
0.0274745
0.0127705
0.0318781
0.0108458
0.0361553
0.00862675
0.0400543
0.0060414
0.043308
0.0031213
0.0456589
0.0468976
0.00165068
-0.00969487
0.00338025
-0.00948514
0.00526851
-0.00908184
0.0073443
-0.00845612
0.00964154
-0.00767096
0.0121251
-0.00669338
0.0147708
-0.00563007
0.0174769
-0.00444385
0.0201565
-0.00323692
0.0226823
-0.00201508
0.0249401
-0.000836898
0.0268339
0.000286089
0.0282737
0.00137803
0.0291367
0.00252279
0.0294349
0.00377834
0.0291517
0.00515849
0.0283386
0.00681166
0.0270745
0.00887493
0.0255026
0.0114582
0.0237961
0.0146553
0.0220735
0.0185007
0.0203717
0.0229798
0.0186921
0.0279896
0.0169895
0.0333467
0.0151465
0.038856
0.0130051
0.0442511
0.0104222
0.0492131
0.00733432
0.0533921
0.00380035
0.0564369
0.0580538
0.00177095
-0.0114406
0.00361813
-0.0112088
0.00560482
-0.01076
0.00779605
-0.0100911
0.0101713
-0.00921576
0.0127435
-0.00816652
0.0154356
-0.00699015
0.018173
-0.0056888
0.0208547
-0.00436463
0.0233746
-0.00301706
0.0256046
-0.00169162
0.0274639
-0.000425704
0.0289025
0.000816825
0.0298026
0.0021934
0.0302002
0.00365324
0.0300857
0.00530919
0.0295031
0.00731156
0.0285323
0.00980754
0.0273055
0.0129231
0.0259653
0.0167626
0.0245791
0.0213863
0.0231582
0.0267735
0.0216812
0.0328095
0.0200589
0.0393131
0.0181431
0.0460607
0.0157507
0.052736
0.0127245
0.0589451
0.00900494
0.0642366
0.00468327
0.0681341
0.0702271
0.00189763
-0.0132417
0.00387605
-0.0130003
0.00598948
-0.0125178
0.00828637
-0.0118106
0.0107711
-0.0108834
0.0134157
-0.00977132
0.016155
-0.00851189
0.0189294
-0.00714409
0.0216127
-0.00572276
0.0241237
-0.00428686
0.0263518
-0.0028551
0.0282116
-0.00146601
0.0296279
-3.93521e-05
0.0306036
0.0015069
0.031127
0.00317715
0.0312107
0.00511985
0.0309053
0.00748286
0.0302933
0.0104204
0.0294787
0.014093
0.0285638
0.0186107
0.0275915
0.0240425
0.0265283
0.0303919
0.025315
0.0375337
0.0238193
0.0452993
0.0218498
0.0534439
0.0191832
0.0616038
0.0156345
0.0693014
0.0111378
0.0759608
0.00582036
0.0809339
0.0836477
0.00203579
-0.015108
0.00414331
-0.0148566
0.00639169
-0.014363
0.00880382
-0.0136241
0.0113989
-0.0126773
0.0141287
-0.0115251
0.0169344
-0.0102206
0.0197415
-0.00881358
0.0224513
-0.00734498
0.024951
-0.00583304
0.02718
-0.00434229
0.0290246
-0.00282984
0.0304545
-0.00124564
0.0315335
0.000415586
0.0322114
0.00231159
0.032542
0.00453016
0.0325735
0.00725074
0.0323696
0.0106467
0.0320303
0.0148826
0.0316232
0.0200889
0.0311419
0.026358
0.0305229
0.0337101
0.0296573
0.042036
0.0283598
0.0511886
0.0263801
0.0609149
0.0234351
0.0708117
0.0192895
0.0803106
0.0138518
0.0886845
0.00728454
0.0950476
0.0986007
0.00217792
-0.0170444
0.00442774
-0.0167912
0.00680319
-0.0162887
0.00935305
-0.0155557
0.0120426
-0.0145849
0.0148585
-0.013432
0.0177386
-0.012128
0.0205932
-0.0107156
0.0233169
-0.00922124
0.0258319
-0.0076857
0.0280616
-0.00615453
0.0299003
-0.00452257
0.0314029
-0.00285986
0.0325774
-0.00106608
0.0334647
0.00100303
0.0340805
0.00349685
0.0344886
0.00656485
0.0347632
0.0103994
0.0349794
0.015186
0.0351563
0.0210853
0.035264
0.0281904
0.0351894
0.0365773
0.0347803
0.0461513
0.033785
0.0568173
0.0318749
0.0683321
0.0286784
0.0802702
0.0238759
0.091971
0.0173139
0.10253
0.00918288
0.11073
0.115461
0.00232118
-0.0190556
0.00470873
-0.0188027
0.00722872
-0.0183149
0.00988813
-0.0175804
0.0127038
-0.0166409
0.0156216
-0.0155101
0.0185622
-0.0142209
0.0214479
-0.0128319
0.0241901
-0.011354
0.0267234
-0.00984326
0.0289238
-0.00825501
0.0308324
-0.00661013
0.0324313
-0.00488122
0.0337437
-0.0029662
0.034863
-0.000754969
0.0358147
0.00197163
0.036664
0.00535665
0.0374792
0.00960381
0.0383118
0.0149169
0.0391692
0.0214641
0.039965
0.0293907
0.0405702
0.0387996
0.0407586
0.0496736
0.0402132
0.0619676
0.0385046
0.0754905
0.0351343
0.0898271
0.0296458
0.104237
0.0217612
0.117622
0.0116744
0.128299
0.13475
0.00246077
-0.0211428
0.00499472
-0.0209048
0.00763889
-0.0204262
0.0104362
-0.0197318
0.0133515
-0.0188217
0.0163478
-0.0177373
0.0193573
-0.0165058
0.0222813
-0.0151638
0.0250601
-0.0137542
0.0275902
-0.0122713
0.0298339
-0.0107004
0.0318053
-0.00907026
0.0335186
-0.00731028
0.0350265
-0.00532064
0.0363956
-0.00298182
0.0377261
-7.95388e-05
0.0390671
0.00358039
0.0404871
0.00818776
0.0420243
0.0139627
0.0436467
0.0211011
0.0452597
0.0297786
0.0466862
0.0401743
0.047658
0.0523476
0.0477711
0.0663553
0.0464713
0.0821033
0.0430849
0.0992437
0.0369416
0.116995
0.0275336
0.134079
0.0150016
0.148162
0.157219
0.00260013
-0.0233123
0.00526427
-0.0230878
0.00803941
-0.0226358
0.0109391
-0.0219799
0.013961
-0.0211386
0.0170407
-0.0201199
0.0201192
-0.0189798
0.0230977
-0.01772
0.0259042
-0.0164001
0.0284471
-0.0149674
0.0307444
-0.0134772
0.0327962
-0.0118937
0.0346491
-0.010146
0.0363722
-0.00812228
0.0380469
-0.00569015
0.0397956
-0.00266614
0.0416794
0.00119793
0.0437621
0.00609055
0.0460728
0.0122331
0.0485618
0.0198573
0.0511151
0.0291819
0.0535518
0.0404528
0.0555358
0.0538759
0.0565883
0.069624
0.0560076
0.0877806
0.0528851
0.108158
0.0462284
0.13002
0.0351287
0.151984
0.0195448
0.17084
0.184
0.00272862
-0.0255613
0.00551357
-0.0253504
0.00841584
-0.024948
0.0114295
-0.0243425
0.0145383
-0.0235758
0.0176993
-0.0226566
0.0208318
-0.0216242
0.0238687
-0.0204962
0.0266732
-0.0192465
0.0292722
-0.0179523
0.0316302
-0.0165629
0.0337828
-0.0150645
0.0357987
-0.0133728
0.0377644
-0.0113586
0.039785
-0.00888859
0.0419856
-0.0057982
0.0444602
-0.00181735
0.0472535
0.00326608
0.0503962
0.00965307
0.0538495
0.0176029
0.0574924
0.0274075
0.0611281
0.0393918
0.0644121
0.0539075
0.0667794
0.0713289
0.067368
0.0919991
0.064974
0.116029
0.0581385
0.142902
0.0452861
0.17132
0.0259074
0.196997
0.216829
0.00284656
-0.0278887
0.00574947
-0.0276992
0.00875672
-0.0273497
0.0118684
-0.026811
0.0150666
-0.0261401
0.0183018
-0.0253413
0.0214902
-0.0244372
0.0245382
-0.0234346
0.0273983
-0.0223326
0.0300404
-0.0211869
0.0324719
-0.0199368
0.0347425
-0.0185595
0.0369399
-0.0169628
0.039177
-0.0150098
0.0415798
-0.012568
0.0442514
-0.00945649
0.0473307
-0.00546077
0.0508857
-0.000333775
0.0549243
0.00614738
0.0594143
0.0142406
0.0642814
0.024284
0.0693508
0.0367101
0.074266
0.0520581
0.0784229
0.0709373
0.0808095
0.09407
0.079878
0.122063
0.073527
0.154913
0.0591525
0.19179
0.0351448
0.227395
0.258508
0.00294932
-0.0302905
0.0059557
-0.0301306
0.00905517
-0.0298376
0.0122599
-0.0293877
0.0155361
-0.0288247
0.0188182
-0.0281469
0.0220609
-0.0274122
0.0251388
-0.0265416
0.0280442
-0.0256274
0.0307348
-0.0246479
0.0332482
-0.0235705
0.0356471
-0.0223451
0.0380483
-0.0208888
0.0405702
-0.0190378
0.0433606
-0.0166843
0.0465411
-0.013636
0.050259
-0.00973343
0.0545714
-0.00468283
0.0595304
0.00168607
0.0651349
0.00967525
0.0713561
0.0196525
0.0780654
0.0321659
0.0849846
0.047914
0.0915159
0.0678217
0.0965468
0.0931031
0.0981852
0.125107
0.0934929
0.16483
0.0782864
0.212651
0.0485395
0.263087
0.313128
0.00303923
-0.0327663
0.00613364
-0.0326407
0.0093154
-0.0324113
0.0125898
-0.0320567
0.015917
-0.0316068
0.0192797
-0.0311069
0.0225211
-0.0304874
0.0256421
-0.029817
0.0285861
-0.0291025
0.0313384
-0.0283175
0.0339434
-0.0274343
0.0364861
-0.0263896
0.0390881
-0.025095
0.0419096
-0.0234035
0.0451022
-0.0212014
0.0488073
-0.0183107
0.0531219
-0.0145689
0.0582035
-0.00979411
0.0640886
-0.00373798
0.0708405
0.00386246
0.0784832
0.0134271
0.0870471
0.02552
0.096351
0.0410679
0.105919
0.0612928
0.114684
0.0879813
0.12053
0.123492
0.119708
0.170409
0.106567
0.230968
0.0710736
0.304039
0.389787
0.00311161
-0.0353119
0.0062745
-0.0352226
0.00951482
-0.0350576
0.0128404
-0.0348072
0.01623
-0.0345018
0.0195972
-0.0341442
0.0228864
-0.0337045
0.02604
-0.0332355
0.0290261
-0.0327382
0.0318363
-0.0321592
0.0345336
-0.0314864
0.0372247
-0.0306471
0.0400504
-0.0295489
0.0431702
-0.0280493
0.0467456
-0.0260486
0.0509352
-0.0233998
0.0558879
-0.0199826
0.0616673
-0.0155833
0.0684421
-0.0100905
0.0763035
-0.00316449
0.0854309
0.00553569
0.0959547
0.0166538
0.107951
0.0311985
0.121224
0.05067
0.134959
0.0774556
0.14698
0.115238
0.151914
0.169749
0.140571
0.246985
0.0970723
0.352478
0.491909
0.0031615
-0.0379193
0.00637248
-0.0378693
0.00965825
-0.0377753
0.0130282
-0.0376412
0.0164474
-0.0374807
0.0198291
-0.037267
0.0231424
-0.037031
0.0263239
-0.0367761
0.0293381
-0.0364943
0.0322134
-0.0361442
0.0350138
-0.035692
0.0378552
-0.0350664
0.0408996
-0.0341887
0.0443067
-0.0329089
0.0482549
-0.0311674
0.0529033
-0.0288415
0.0583791
-0.0258374
0.0648428
-0.0220229
0.0724077
-0.0172667
0.0813085
-0.0113461
0.0918418
-0.00395058
0.104332
0.00555615
0.119215
0.0181091
0.136811
0.0353351
0.157113
0.0599337
0.179599
0.0960625
0.201167
0.151979
0.215062
0.237274
0.171548
0.400425
0.667966
0.0031927
-0.0405849
0.00643034
-0.0405736
0.00974041
-0.0405557
0.0131327
-0.0405453
0.0165468
-0.0405133
0.0199488
-0.0404789
0.0232779
-0.0404483
0.0264802
-0.0404117
0.0295322
-0.0403512
0.0324696
-0.0402299
0.0353731
-0.0400026
0.0383702
-0.0395981
0.0416153
-0.0389402
0.0452973
-0.0379178
0.0495778
-0.0364754
0.0546171
-0.03454
0.0605549
-0.0320561
0.0675553
-0.0289594
0.0758198
-0.0251742
0.0856215
-0.0205394
0.0973604
-0.0148384
0.111648
-0.00760416
0.129265
0.00195843
0.15114
0.0153458
0.178088
0.0353559
0.210294
0.0667315
0.242047
0.123566
0.266944
0.216084
0.217011
0.454302
0.889008
0.00255809
-0.0427528
0.00515319
-0.0427751
0.00780784
-0.0428234
0.01051
-0.042898
0.0132411
-0.042984
0.0159671
-0.0430995
0.018633
-0.0432296
0.0212058
-0.0433683
0.0236727
-0.0434833
0.0260684
-0.0435409
0.0284651
-0.0434894
0.0309697
-0.0432596
0.0337086
-0.0427817
0.0368271
-0.0419748
0.0404538
-0.0407972
0.0447123
-0.0392149
0.0497153
-0.037206
0.0556097
-0.034772
0.0625537
-0.0318566
0.0708501
-0.0284294
0.0809248
-0.0243686
0.0933931
-0.0193555
0.109203
-0.0129018
0.129841
-0.0040358
0.157751
0.0090698
0.19707
0.0294281
0.257724
0.06529
0.351389
0.125074
0.547302
0.261173
0.521584
0.917497
0.00254964
-0.044949
0.00513945
-0.045009
0.00778231
-0.0451187
0.0104717
-0.0452786
0.0131982
-0.0454911
0.0159159
-0.0457503
0.0185811
-0.046042
0.0211586
-0.046349
0.0236492
-0.046639
0.0260872
-0.0468674
0.0285501
-0.0469836
0.0311455
-0.0469214
0.0339995
-0.0466227
0.0372539
-0.0460392
0.041029
-0.0451421
0.0454424
-0.0439393
0.0506088
-0.0424484
0.0566587
-0.0407137
0.0638036
-0.0387633
0.0723506
-0.0366434
0.0827642
-0.0343566
0.0957874
-0.031821
0.112545
-0.0288994
0.134753
-0.0251984
0.16519
-0.0199659
0.208424
-0.0120181
0.274312
0.00153843
0.377156
0.024649
0.573492
0.0673943
0.147502
0.950137
0.00253178
-0.0471728
0.00510026
-0.0472674
0.00771569
-0.0474324
0.010391
-0.0476898
0.0131016
-0.0480234
0.0158081
-0.0484239
0.0184685
-0.0488716
0.0210536
-0.0493411
0.0235653
-0.0497946
0.0260452
-0.0501834
0.0285717
-0.0504556
0.0312535
-0.0505533
0.034213
-0.0504323
0.0375769
-0.0500695
0.0414648
-0.049466
0.0459828
-0.0486597
0.0512393
-0.0477106
0.0573681
-0.0467109
0.0645777
-0.0457617
0.0731859
-0.0449948
0.0836917
-0.0445556
0.0968788
-0.0446044
0.113945
-0.0453846
0.136853
-0.0472543
0.169043
-0.0509524
0.216309
-0.0576914
0.290392
-0.0705726
0.409309
-0.092024
0.610454
-0.13135
-0.212673
0.973048
0.00250103
-0.0494205
0.00503159
-0.0495417
0.00762142
-0.0497725
0.010268
-0.05012
0.0129551
-0.0505724
0.0156443
-0.0511083
0.018297
-0.0517038
0.0208881
-0.0523254
0.023423
-0.0529294
0.0259463
-0.0534644
0.028536
-0.0538781
0.031296
-0.054124
0.0343432
-0.0541754
0.0377933
-0.0540317
0.0417552
-0.0537255
0.0463239
-0.0533224
0.0515984
-0.0529245
0.0577064
-0.0526695
0.0648482
-0.052725
0.0733365
-0.0533059
0.0836599
-0.054691
0.0965706
-0.0572592
0.113212
-0.0616111
0.135376
-0.0687409
0.165958
-0.0805051
0.209555
-0.0998651
0.275551
-0.134764
0.37929
-0.193663
0.579078
-0.328869
-0.586084
0.954813
0.00245479
-0.0516853
0.00494303
-0.0518355
0.00749473
-0.0521321
0.0101031
-0.0525618
0.01276
-0.0531287
0.0154276
-0.053791
0.018071
-0.0545232
0.0206686
-0.0552828
0.0232286
-0.0560208
0.0257959
-0.0566841
0.0284457
-0.0572236
0.0312754
-0.0576052
0.034393
-0.057821
0.0379017
-0.0578915
0.041898
-0.0578796
0.0464638
-0.0578779
0.0516855
-0.0580259
0.0576779
-0.0585029
0.0646248
-0.0595333
0.0728154
-0.0614033
0.0826956
-0.0645015
0.0949308
-0.0693797
0.110499
-0.0769181
0.13088
-0.0886001
0.158515
-0.107262
0.197529
-0.137595
0.258232
-0.193787
0.352284
-0.285719
0.550585
-0.524991
0.929557
-0.962801
0.877441
0.0415605
0.901892
-0.0230542
0.924777
-0.0214886
0.939318
-0.0131159
0.946956
-0.00614642
0.951291
-0.00273344
0.954295
-0.00125064
0.956819
-0.000583622
0.959247
-0.000276189
0.961755
-0.000131939
0.964417
-6.43006e-05
0.967251
-3.10268e-05
0.970242
-1.47875e-05
0.97335
-6.85486e-06
0.976521
-3.05863e-06
0.979689
-1.31182e-06
0.98278
-5.13452e-07
0.985722
-1.56252e-07
0.98844
-1.59181e-08
0.990867
5.1494e-08
0.992943
6.3123e-08
0.994614
6.9062e-08
0.995841
6.36539e-08
0.996591
4.33543e-08
3.06088e-08
1.00769
-0.0145506
0.994086
-0.00805378
0.976388
-0.00239843
0.965046
-0.000354045
0.959503
0.000884913
0.957496
0.000875819
0.9574
0.000595671
0.958392
0.000365352
0.96006
0.000210732
0.962187
0.000116293
0.964657
6.36361e-05
0.967394
3.48182e-05
0.970336
1.9226e-05
0.973419
1.08964e-05
0.976577
6.30982e-06
0.979738
3.65815e-06
0.982826
2.12957e-06
0.985766
1.25149e-06
0.988484
7.5399e-07
0.990911
4.66298e-07
0.992986
2.67185e-07
0.994658
1.45571e-07
0.995884
8.66617e-08
0.996635
4.36582e-08
1.43317e-08
0.953981
0.00593773
0.943604
0.00369472
0.941603
0.000980083
0.943358
-0.000702457
0.947087
-0.00136066
0.950636
-0.0010727
0.953676
-0.000687805
0.956397
-0.000416241
0.959004
-0.000240863
0.961632
-0.000133512
0.964367
-7.30039e-05
0.967244
-3.88172e-05
0.970257
-1.98e-05
0.973378
-9.72044e-06
0.976556
-4.55042e-06
0.979727
-1.95793e-06
0.982821
-7.50343e-07
0.985763
-2.11711e-07
0.988482
-9.96517e-09
0.99091
3.46795e-08
0.992986
3.58997e-08
0.994657
3.93708e-08
0.995884
1.31254e-08
0.996635
-1.08658e-10
-1.40107e-08
1.01294
-0.0508332
0.997569
0.0204315
0.978456
0.0214539
0.965909
0.0132446
0.959811
0.00622007
0.957619
0.00272011
0.957458
0.001225
0.958421
0.000563666
0.960076
0.000262007
0.962196
0.00012288
0.964663
5.89119e-05
0.967398
2.86915e-05
0.970338
1.45003e-05
0.973419
7.60088e-06
0.976577
4.13343e-06
0.979738
2.34293e-06
0.982826
1.34527e-06
0.985766
7.80054e-07
0.988483
4.5922e-07
0.990911
2.45126e-07
0.992986
1.01455e-07
0.994658
4.27209e-08
0.995884
-1.08261e-10
0.996635
-1.91332e-08
-2.9872e-08
0.880106
0.901871
0.924683
0.939335
0.94704
0.951361
0.954341
0.956849
0.959267
0.961769
0.964426
0.967257
0.970245
0.973351
0.976521
0.979688
0.98278
0.985721
0.988439
0.990867
0.992943
0.994614
0.995841
0.996591
0.00302076
-0.0545686
0.00608693
-0.0547545
0.00923804
-0.0551289
0.0124699
-0.055655
0.0157737
-0.0563528
0.0191079
-0.0571583
0.0224329
-0.0580421
0.0257253
-0.0589508
0.0289978
-0.0598303
0.0323042
-0.0606278
0.0357314
-0.0613022
0.0393906
-0.0618363
0.0434016
-0.0622449
0.0478776
-0.0625761
0.0529174
-0.0629229
0.0586052
-0.0634136
0.0650276
-0.0642252
0.0723045
-0.0655804
0.0806336
-0.0677571
0.0903271
-0.0711061
0.101851
-0.0761055
0.115855
-0.0834315
0.133183
-0.0941173
0.154843
-0.109799
0.181708
-0.133202
0.214201
-0.168628
0.246325
-0.223923
0.271659
-0.308622
0.2204
-0.470987
-0.739501
0.00290973
-0.0574706
0.00587063
-0.0576896
0.00892035
-0.0581283
0.0120719
-0.0587449
0.0153062
-0.0595459
0.0185977
-0.0604722
0.0219081
-0.0614763
0.0252175
-0.0625003
0.0285373
-0.0634865
0.0319129
-0.0643867
0.0354189
-0.0651687
0.039149
-0.065833
0.0432019
-0.0664152
0.0476692
-0.06699
0.0526225
-0.0676736
0.0581215
-0.0686266
0.0642243
-0.0700522
0.0710175
-0.0722016
0.0786515
-0.0753841
0.0873645
-0.0799812
0.0974958
-0.0865046
0.109475
-0.0956612
0.123772
-0.108486
0.140788
-0.126539
0.160581
-0.152233
0.182482
-0.189203
0.203506
-0.24306
0.217046
-0.319798
0.173305
-0.424548
-0.563364
0.00277984
-0.0603825
0.00561733
-0.060629
0.00855158
-0.061116
0.0116133
-0.0618121
0.0147698
-0.0626787
0.0180188
-0.0636999
0.0213176
-0.0647865
0.024649
-0.0658886
0.0280181
-0.0669467
0.0314594
-0.0679179
0.0350307
-0.0687809
0.0388061
-0.0695529
0.0428615
-0.0702888
0.0472638
-0.0710866
0.0520596
-0.0720819
0.0572815
-0.0734575
0.0629603
-0.0754337
0.0691487
-0.0782742
0.0759485
-0.0822963
0.0835253
-0.0878833
0.0920974
-0.0955305
0.101899
-0.105903
0.113087
-0.119924
0.125554
-0.138887
0.138534
-0.164579
0.149873
-0.199313
0.154257
-0.245622
0.142318
-0.30553
0.098055
-0.377595
-0.462447
0.0026344
-0.0632911
0.00533348
-0.0635568
0.0081431
-0.0640748
0.0110997
-0.0648235
0.0141855
-0.0657302
0.0173909
-0.0668035
0.0206829
-0.0679346
0.0240398
-0.0690767
0.0274586
-0.0701715
0.0309589
-0.0711831
0.0345801
-0.072102
0.0383738
-0.0729611
0.0423926
-0.0738327
0.0466773
-0.0748327
0.0512519
-0.0761133
0.0561231
-0.0778673
0.0612971
-0.0803235
0.066796
-0.0837425
0.0726782
-0.0884302
0.0790455
-0.0947475
0.0860162
-0.103138
0.0936747
-0.114179
0.101964
-0.12862
0.110502
-0.147434
0.118271
-0.171812
0.123186
-0.203065
0.12147
-0.242122
0.107486
-0.289227
0.0714278
-0.33883
-0.388123
0.00247833
-0.0661778
0.00502947
-0.0664519
0.00771017
-0.0669825
0.0105551
-0.0677468
0.0135758
-0.0686729
0.016737
-0.0697436
0.0200262
-0.0708845
0.0234103
-0.0720272
0.0268763
-0.0731249
0.0304263
-0.0741488
0.0340792
-0.0751022
0.0378632
-0.0760318
0.0418067
-0.0770252
0.0459267
-0.0782103
0.0502251
-0.0797498
0.0546886
-0.0818385
0.0593016
-0.0847015
0.064062
-0.0885857
0.0689944
-0.0937712
0.0741499
-0.100577
0.0795747
-0.109378
0.0852517
-0.120637
0.0910011
-0.134916
0.0963252
-0.152877
0.100192
-0.175219
0.100763
-0.202519
0.0951312
-0.234725
0.0791645
-0.270939
0.0489099
-0.305852
-0.336288
0.00231797
-0.0690171
0.00471776
-0.069287
0.00726734
-0.0698085
0.0100061
-0.0705541
0.0129595
-0.0714673
0.01608
-0.0724848
0.0193695
-0.073601
0.0227798
-0.0747051
0.0262872
-0.0757754
0.0298741
-0.0767879
0.0335379
-0.0777603
0.0372827
-0.0787503
0.0411141
-0.079857
0.0450276
-0.0812148
0.0490061
-0.0829896
0.0530213
-0.0853712
0.0570407
-0.08857
0.0610456
-0.0928125
0.0650372
-0.0983424
0.0690324
-0.105427
0.0730316
-0.114364
0.0769608
-0.125496
0.0805899
-0.139212
0.0834158
-0.15591
0.0845221
-0.175923
0.0824361
-0.199347
0.0751066
-0.22564
0.059967
-0.253472
0.0354375
-0.278584
-0.297901
0.00216004
-0.0717748
0.00441256
-0.0720281
0.00683416
-0.072516
0.00947001
-0.0732076
0.0123514
-0.0740669
0.0154466
-0.0750033
0.0187331
-0.0760461
0.022166
-0.0770804
0.0257045
-0.0780977
0.0293117
-0.0790829
0.0329623
-0.0800662
0.0366379
-0.0811139
0.0403225
-0.0823314
0.0439939
-0.0838543
0.0476201
-0.0858441
0.0511619
-0.0884796
0.0545769
-0.0919494
0.0578362
-0.0964534
0.0609282
-0.102194
0.0638508
-0.109384
0.0665819
-0.118242
0.0690259
-0.129004
0.0709512
-0.141906
0.0719084
-0.157145
0.0711448
-0.1748
0.0675463
-0.194683
0.0597149
-0.216057
0.0461087
-0.237534
0.0262167
-0.255942
-0.268721
0.00201249
-0.0744061
0.00412757
-0.0746304
0.00642908
-0.0750597
0.00897593
-0.0756706
0.0117826
-0.0764246
0.0148658
-0.0772743
0.0181354
-0.0781779
0.0215837
-0.0791307
0.0251376
-0.0800756
0.0287437
-0.0810267
0.0323543
-0.0820213
0.0359302
-0.0831313
0.0394369
-0.0844628
0.0428377
-0.0861469
0.0460903
-0.088335
0.0491482
-0.0911888
0.0519665
-0.0948728
0.054511
-0.0995536
0.0567671
-0.105394
0.0587271
-0.11255
0.0603634
-0.121172
0.0615835
-0.131402
0.0621836
-0.143356
0.061793
-0.157085
0.0598277
-0.172504
0.0554797
-0.189282
0.0478226
-0.206653
0.0359753
-0.223354
0.0198773
-0.237093
-0.245878
0.00188244
-0.0768536
0.00387287
-0.0770345
0.00606825
-0.0773867
0.00852846
-0.0778882
0.0112861
-0.0785188
0.0143263
-0.0792329
0.0175941
-0.0799938
0.0210411
-0.080838
0.0245908
-0.0817049
0.0281699
-0.0826239
0.0317114
-0.0836382
0.035158
-0.084821
0.0384597
-0.0862738
0.0415689
-0.0881185
0.0444368
-0.0904908
0.0470143
-0.093532
0.0492577
-0.0973805
0.0511341
-0.102167
0.0526327
-0.108018
0.0537501
-0.115037
0.0544655
-0.123314
0.0547046
-0.132916
0.0543053
-0.143868
0.0529809
-0.156124
0.0502983
-0.169507
0.0456894
-0.183626
0.0385528
-0.197773
0.0284044
-0.210879
0.0153572
-0.221305
-0.227567
0.0017743
-0.0790454
0.00366526
-0.0791774
0.0057719
-0.0794375
0.0081638
-0.0798147
0.0108607
-0.0802913
0.013862
-0.0808564
0.0171236
-0.0814826
0.0205423
-0.0821889
0.0240633
-0.0829921
0.0275858
-0.0838889
0.0310279
-0.0849384
0.0343172
-0.0862089
0.0373917
-0.0877934
0.0401959
-0.0897995
0.0426777
-0.0923444
0.0447892
-0.0955462
0.0464906
-0.0995162
0.0477565
-0.104352
0.0485838
-0.110143
0.0489801
-0.116951
0.04894
-0.124814
0.0484142
-0.133741
0.0472858
-0.143695
0.0453471
-0.154567
0.0422888
-0.166137
0.0377214
-0.178012
0.0312593
-0.189573
0.0226471
-0.199954
0.0120465
-0.207985
-0.212592
0.00169608
-0.080905
0.00351467
-0.080987
0.00555189
-0.0811451
0.00787662
-0.0813845
0.0105249
-0.0817101
0.0134855
-0.0821238
0.0167101
-0.0826185
0.0200864
-0.0831957
0.0235482
-0.0839499
0.0269826
-0.084844
0.0302952
-0.0859495
0.033402
-0.0873256
0.0362323
-0.0890529
0.0387253
-0.0912223
0.0408283
-0.0939296
0.0424971
-0.0972689
0.0436985
-0.101325
0.0444177
-0.106165
0.0446619
-0.111844
0.0444552
-0.118391
0.0438105
-0.125801
0.042706
-0.134042
0.0410679
-0.143035
0.0387558
-0.15264
0.0355573
-0.162619
0.0312098
-0.172612
0.0254671
-0.182096
0.0181988
-0.190392
0.00956233
-0.196662
-0.200142
0.00164931
-0.0823496
0.00341531
-0.0823778
0.00540401
-0.0824421
0.00768938
-0.0825599
0.010288
-0.0827354
0.0131907
-0.083006
0.0163495
-0.0833866
0.0196724
-0.0838833
0.0230334
-0.084588
0.0263488
-0.085517
0.0295033
-0.0867016
0.0324061
-0.0882025
0.0349807
-0.090084
0.0371632
-0.0924181
0.0389018
-0.0952785
0.0401582
-0.0987355
0.0409074
-0.102848
0.0411462
-0.107658
0.0408951
-0.113188
0.0401958
-0.119443
0.0390809
-0.126385
0.0375548
-0.133954
0.0355817
-0.142045
0.033075
-0.150504
0.0298946
-0.159102
0.0258652
-0.16752
0.0208274
-0.175332
0.014715
-0.182013
0.00765981
-0.186964
-0.189648
0.001631
-0.0832971
0.00337913
-0.0832836
0.00533271
-0.083259
0.007571
-0.0832739
0.0101227
-0.0833372
0.0129627
-0.0834937
0.0160315
-0.0837836
0.0192684
-0.0842595
0.0225048
-0.084935
0.02567
-0.0859335
0.0286411
-0.0872234
0.0313231
-0.088868
0.033636
-0.0909141
0.0355148
-0.0934137
0.0369097
-0.0964188
0.0377891
-0.0999766
0.0381371
-0.104122
0.0379618
-0.108876
0.0373003
-0.114235
0.0362093
-0.120182
0.0347416
-0.126658
0.0329247
-0.133583
0.0307538
-0.140841
0.0281833
-0.148276
0.0251248
-0.155679
0.0214604
-0.162779
0.0170829
-0.169235
0.0119553
-0.174651
0.00617836
-0.178597
-0.180701
0.00163744
-0.083678
0.00338224
-0.0836331
0.00533129
-0.0835566
0.00752687
-0.0834831
0.01002
-0.083481
0.0127807
-0.0835724
0.0157471
-0.0838211
0.018849
-0.0843152
0.0219565
-0.0850346
0.02493
-0.0861005
0.0276983
-0.0875386
0.0301473
-0.089343
0.0321978
-0.0915631
0.0337849
-0.0942284
0.0348615
-0.0973705
0.0354026
-0.101015
0.035402
-0.105177
0.0348786
-0.109856
0.0338852
-0.115032
0.0324936
-0.120666
0.0307746
-0.12669
0.0287746
-0.133009
0.0265126
-0.139507
0.0239729
-0.146033
0.0211017
-0.152406
0.0178175
-0.158399
0.0140424
-0.16375
0.00974952
-0.168161
0.00500983
-0.171329
-0.172996
0.0016643
-0.0834436
0.00342349
-0.0833823
0.00536233
-0.0832806
0.00753564
-0.0831766
0.00996
-0.0831455
0.0126223
-0.0832313
0.0154701
-0.0835072
0.0183989
-0.0840461
0.0213411
-0.0848877
0.0241161
-0.0860465
0.0266636
-0.0876569
0.0288734
-0.0896383
0.0306661
-0.0920401
0.031978
-0.0948707
0.032765
-0.0981433
0.0330087
-0.101864
0.0327116
-0.106031
0.0319034
-0.110624
0.0306507
-0.115613
0.02904
-0.120941
0.0271567
-0.126534
0.0250618
-0.132292
0.0227913
-0.138101
0.0203496
-0.143825
0.017705
-0.149308
0.0147969
-0.15437
0.0115622
-0.158811
0.00797464
-0.162416
0.00407949
-0.164973
-0.166303
0.00170102
-0.0825694
0.0034815
-0.082508
0.00541768
-0.0824171
0.00755302
-0.082329
0.00990312
-0.0823279
0.0124554
-0.082473
0.0151548
-0.0828339
0.0179176
-0.0834841
0.0206363
-0.0844598
0.0232336
-0.0858106
0.0255264
-0.0875537
0.0274979
-0.0897532
0.0290412
-0.0923402
0.0300978
-0.0953359
0.0306263
-0.0987338
0.030614
-0.102524
0.0300717
-0.106687
0.0290385
-0.111193
0.0275925
-0.115996
0.0258352
-0.121032
0.0238619
-0.126222
0.0217441
-0.131466
0.0195287
-0.136656
0.0172323
-0.141673
0.0148354
-0.146389
0.0122881
-0.150666
0.00953309
-0.154354
0.00654021
-0.157305
0.00333417
-0.159373
-0.16044
0.00173537
-0.0810609
0.00353795
-0.0810201
0.00546366
-0.0809701
0.00755433
-0.0809491
0.0098217
-0.0810387
0.0122422
-0.081296
0.0147735
-0.0818003
0.017344
-0.0826178
0.0198495
-0.0837706
0.0222029
-0.0853272
0.024289
-0.0872675
0.0260148
-0.0896599
0.0273235
-0.0924462
0.0281473
-0.0956042
0.0284496
-0.0991236
0.0282224
-0.102978
0.027484
-0.107137
0.0262813
-0.111557
0.0247031
-0.116184
0.0228627
-0.120949
0.0208626
-0.125768
0.0187808
-0.130545
0.0166696
-0.135183
0.0145512
-0.13958
0.0124113
-0.143635
0.0102034
-0.147245
0.0078709
-0.150308
0.00537834
-0.152723
0.00273515
-0.154397
-0.155253
0.00175731
-0.0789576
0.00356664
-0.0789533
0.00547194
-0.0789767
0.00750602
-0.0790677
0.00966987
-0.0792932
0.0119448
-0.0797142
0.0143018
-0.0804179
0.0166541
-0.0814293
0.0189349
-0.0828053
0.0210632
-0.0846003
0.0229358
-0.0867648
0.0244249
-0.0893291
0.0255143
-0.0923242
0.0261289
-0.0956413
0.0262373
-0.0992796
0.0258348
-0.103197
0.0249466
-0.107353
0.0236261
-0.111695
0.0219708
-0.116162
0.0201031
-0.120679
0.018131
-0.125162
0.0161335
-0.129522
0.0141642
-0.13367
0.012246
-0.137526
0.0103644
-0.141013
0.00847186
-0.144058
0.00650961
-0.146599
0.00443712
-0.148572
0.00225332
-0.149925
-0.150613
0.00175672
-0.0763311
0.00355465
-0.076379
0.00541863
-0.0764973
0.00737864
-0.0767364
0.00942238
-0.0771286
0.0115479
-0.077761
0.0137074
-0.0786838
0.015848
-0.0799295
0.0179186
-0.0815674
0.0198012
-0.083583
0.0214393
-0.0859851
0.0227481
-0.0887652
0.0236135
-0.0919076
0.0240449
-0.095403
0.0239904
-0.0991556
0.0234501
-0.103137
0.022455
-0.107295
0.0210641
-0.11157
0.0193816
-0.115893
0.0175363
-0.12019
0.0156388
-0.124374
0.0137656
-0.128364
0.0119676
-0.132085
0.0102643
-0.135471
0.00863744
-0.13847
0.00703553
-0.141039
0.00539648
-0.143143
0.00367586
-0.144753
0.00186636
-0.145844
-0.146394
0.00172972
-0.0732847
0.00348675
-0.0733909
0.00529103
-0.0736239
0.00715008
-0.0740208
0.00906147
-0.0746041
0.0110208
-0.0754686
0.0129829
-0.076625
0.014919
-0.0781323
0.0167453
-0.08001
0.0183966
-0.0822594
0.019822
-0.0849054
0.0209284
-0.0878892
0.0216328
-0.0911921
0.0218957
-0.0948277
0.0217091
-0.0986984
0.0210657
-0.102741
0.020003
-0.106906
0.0185846
-0.111126
0.0169196
-0.115327
0.015141
-0.119431
0.0133582
-0.123354
0.0116424
-0.127021
0.0100385
-0.13037
0.00855967
-0.133353
0.00718108
-0.135937
0.00584582
-0.138105
0.00448829
-0.139846
0.00306184
-0.141157
0.00155646
-0.142035
-0.142474
0.00167119
-0.0699415
0.00335828
-0.0701071
0.00506882
-0.0704547
0.00679846
-0.0710038
0.00856821
-0.0717973
0.0103535
-0.0728914
0.012114
-0.0742745
0.0138353
-0.0760414
0.0154309
-0.0781385
0.0168864
-0.0806391
0.0180948
-0.083481
0.0190065
-0.0866558
0.0195752
-0.0901386
0.0196869
-0.0938571
0.0193943
-0.097851
0.0186789
-0.10195
0.0175836
-0.106126
0.0161762
-0.110301
0.0145688
-0.114398
0.0128957
-0.118335
0.0112619
-0.122033
0.00973132
-0.125421
0.00833927
-0.128451
0.0070906
-0.13109
0.00595225
-0.133326
0.0048612
-0.135159
0.00374884
-0.136602
0.00256802
-0.137669
0.00130917
-0.138374
-0.138724
0.00157734
-0.0664331
0.00315931
-0.0666523
0.00474528
-0.0671034
0.00634239
-0.0678052
0.00795672
-0.0687941
0.00954074
-0.0700765
0.0111151
-0.0716972
0.012603
-0.0736639
0.0140086
-0.0759978
0.0152414
-0.0786827
0.0162515
-0.0817028
0.0170008
-0.0850557
0.0174021
-0.0886633
0.0174521
-0.0925177
0.0170468
-0.0965332
0.0162889
-0.100711
0.015191
-0.104893
0.0138285
-0.10903
0.0123138
-0.113036
0.0107801
-0.116829
0.00932508
-0.120331
0.00800217
-0.12348
0.00683554
-0.126238
0.00581988
-0.128588
0.00491296
-0.130533
0.00404558
-0.132091
0.00314706
-0.133291
0.00217153
-0.134162
0.00111225
-0.134729
-0.135008
0.00144786
-0.0628899
0.00289505
-0.0631562
0.00434135
-0.0637005
0.00578906
-0.0645359
0.00721517
-0.0656694
0.00861169
-0.0671219
0.00998516
-0.06894
0.0112625
-0.0710633
0.0124616
-0.0735935
0.0134802
-0.0764057
0.0143338
-0.0796041
0.0149088
-0.0830564
0.0151834
-0.0867758
0.0151186
-0.0907141
0.0146864
-0.0947755
0.0138957
-0.098966
0.0128223
-0.103157
0.0115339
-0.107255
0.0101422
-0.111177
0.00877661
-0.114839
0.00752521
-0.118169
0.00642782
-0.12111
0.00549654
-0.123637
0.00471435
-0.125744
0.00402965
-0.127448
0.00336745
-0.128783
0.00265611
-0.129788
0.00185271
-0.130504
0.000955355
-0.130963
-0.131186
0.00129497
-0.0594407
0.00258769
-0.0597459
0.00387213
-0.0603601
0.00513515
-0.061284
0.0063711
-0.0625303
0.0075876
-0.0641259
0.00873834
-0.0660529
0.00983547
-0.0683256
0.0108123
-0.0709505
0.0116699
-0.0738908
0.0123305
-0.0771637
0.0127494
-0.0806853
0.0129116
-0.0844847
0.0127571
-0.0884564
0.0123051
-0.0925578
0.0115101
-0.0967052
0.0104789
-0.100885
0.00928917
-0.104936
0.00804601
-0.108769
0.00687217
-0.112306
0.00584398
-0.115476
0.00498569
-0.118233
0.00429578
-0.120559
0.00374529
-0.12246
0.00327321
-0.123966
0.00279949
-0.12512
0.00225282
-0.125971
0.00159471
-0.126566
0.000829566
-0.126943
-0.127124
0.0011224
-0.0561955
0.00223656
-0.0565225
0.00333199
-0.0571743
0.00441133
-0.0581625
0.00546901
-0.0594897
0.00647811
-0.0611501
0.00743393
-0.0631444
0.00833177
-0.0654996
0.00911387
-0.0681564
0.00979326
-0.071172
0.0102768
-0.0744421
0.0105814
-0.0780209
0.0106224
-0.0818059
0.0103907
-0.085774
0.00989386
-0.0898627
0.00916169
-0.0939903
0.00816977
-0.0980546
0.00709763
-0.102058
0.00602375
-0.105788
0.00505925
-0.10919
0.00426869
-0.112206
0.00365825
-0.11479
0.00321179
-0.116935
0.00288887
-0.118659
0.00261917
-0.119999
0.00231863
-0.121006
0.00191761
-0.121736
0.00138331
-0.122238
0.000727463
-0.122553
-0.122702
0.000931877
-0.0532363
0.00185645
-0.0535737
0.00277043
-0.0542474
0.00366199
-0.0552611
0.00451182
-0.056605
0.00532075
-0.058282
0.00609666
-0.0603095
0.00678129
-0.0626476
0.00740535
-0.065321
0.00788057
-0.0682933
0.00823693
-0.0715588
0.0083791
-0.075076
0.00832783
-0.0788267
0.00803586
-0.0827325
0.0075156
-0.0867538
0.0067913
-0.0907992
0.00593772
-0.0947851
0.00496919
-0.0986127
0.00408183
-0.102242
0.00333688
-0.105488
0.002793
-0.108343
0.00243409
-0.110755
0.00222909
-0.112728
0.00212664
-0.114291
0.00204806
-0.115487
0.00190625
-0.116373
0.00163455
-0.117006
0.00120694
-0.117438
0.000642917
-0.117705
-0.117832
0.000741748
-0.0506327
0.00147575
-0.0509678
0.00219294
-0.0516344
0.00287813
-0.0526307
0.00353845
-0.0539631
0.00417368
-0.0556213
0.00474386
-0.0575939
0.00525838
-0.059888
0.00569798
-0.0624944
0.00601342
-0.0653826
0.0062131
-0.0685626
0.00623598
-0.0719813
0.00606759
-0.0756092
0.00572628
-0.0794227
0.00517988
-0.0833036
0.00448684
-0.0872211
0.00371568
-0.0910741
0.00295418
-0.0947439
0.00223665
-0.0981535
0.00171244
-0.101231
0.00141813
-0.10391
0.00130859
-0.10614
0.00133829
-0.107943
0.00144589
-0.10935
0.00154564
-0.110415
0.00154826
-0.111195
0.00139147
-0.111749
0.00105672
-0.112124
0.000571266
-0.112356
-0.112466
0.00054762
-0.0484188
0.00108728
-0.0487409
0.00161145
-0.0493812
0.00212094
-0.0503451
0.00260029
-0.05162
0.00303539
-0.0531994
0.00342178
-0.0550841
0.0037701
-0.0572909
0.00401467
-0.0597509
0.00419083
-0.0625371
0.00422737
-0.0655449
0.00414195
-0.0688395
0.00389166
-0.0722849
0.00347117
-0.0759141
0.00291922
-0.0796344
0.00226595
-0.0833613
0.00158552
-0.0870196
0.000976782
-0.0904897
0.000509748
-0.0936757
0.000229164
-0.0965222
0.000163753
-0.098948
0.000285575
-0.100987
0.000536565
-0.102627
0.000839642
-0.103875
0.0011028
-0.104812
0.00123514
-0.105495
0.00117998
-0.105979
0.000926384
-0.106307
0.00050916
-0.10651
-0.106607
0.000365272
-0.046614
0.000724367
-0.046917
0.00106881
-0.0475154
0.00139369
-0.0484157
0.00167954
-0.0495918
0.00194399
-0.0510835
0.00217303
-0.0528573
0.00233049
-0.0548905
0.00243883
-0.0572202
0.00244596
-0.0598088
0.00236062
-0.0626373
0.00213012
-0.0656963
0.00179669
-0.0689668
0.00133632
-0.0723623
0.000773492
-0.0758475
0.000160572
-0.0793333
-0.000424413
-0.0827419
-0.000890263
-0.0859483
-0.00115903
-0.0888747
-0.00120163
-0.0914524
-0.00100367
-0.093637
-0.000625434
-0.0954353
-0.000168
-0.0968513
0.00030594
-0.0979491
0.000715059
-0.0987591
0.000961602
-0.0993459
0.000995104
-0.0997621
0.000812142
-0.100047
0.000454576
-0.100224
-0.10031
0.000193215
-0.0452116
0.000378161
-0.0454875
0.000546914
-0.0460283
0.000702115
-0.0468552
0.000838295
-0.0479388
0.000940181
-0.0493004
0.000990864
-0.0509124
0.00100743
-0.0527859
0.000957911
-0.0549216
0.000817299
-0.0572883
0.000601174
-0.0598989
0.000287561
-0.0627187
-0.000134706
-0.0657285
-0.000656808
-0.0688567
-0.00123196
-0.0720745
-0.00179363
-0.0752801
-0.0022742
-0.0783778
-0.00257876
-0.0812755
-0.00265179
-0.0838861
-0.00247093
-0.086155
-0.00205461
-0.0880559
-0.00146764
-0.089592
-0.000801691
-0.0907923
-0.000155548
-0.0917045
0.000381558
-0.0923769
0.000725926
-0.092864
0.000834836
-0.0932119
0.000712282
-0.0934526
0.00040653
-0.0936055
-0.0936793
3.30086e-05
-0.0441857
6.08556e-05
-0.0444323
8.40502e-05
-0.0449185
9.19889e-05
-0.0456569
7.48377e-05
-0.0466261
2.91103e-05
-0.047847
-5.97875e-05
-0.0492885
-0.000188968
-0.0509814
-0.000388083
-0.0528941
-0.000647996
-0.0550456
-0.000992602
-0.0574045
-0.00142392
-0.0599654
-0.00194081
-0.062692
-0.00250464
-0.0655374
-0.00307644
-0.0684439
-0.00358281
-0.071319
-0.00394211
-0.0740686
-0.00408359
-0.0766064
-0.0039604
-0.0788592
-0.00356794
-0.0807815
-0.00294274
-0.082365
-0.00216086
-0.0836206
-0.00132686
-0.0845792
-0.000539614
-0.0852943
0.000104157
-0.0858183
0.000528957
-0.0862004
0.000699362
-0.0864763
0.000626726
-0.086671
0.000364935
-0.0867972
-0.086859
-9.82434e-05
-0.0434921
-0.000202944
-0.0437079
-0.000316466
-0.0441376
-0.000451482
-0.044783
-0.000603663
-0.0456423
-0.000791042
-0.0467146
-0.00100855
-0.047996
-0.00128858
-0.0494827
-0.00160217
-0.0512069
-0.00200452
-0.0531044
-0.0024681
-0.0552228
-0.00299795
-0.0575166
-0.00358013
-0.0599528
-0.00417588
-0.0624879
-0.0047302
-0.0650535
-0.00516529
-0.0675629
-0.00540236
-0.0699274
-0.00538049
-0.0720696
-0.00507095
-0.073929
-0.00447969
-0.075481
-0.00366561
-0.0767202
-0.00271226
-0.0776771
-0.00173958
-0.0783751
-0.000840245
-0.0788895
-0.000114648
-0.0792514
0.000372965
-0.0795244
0.000590259
-0.0797245
0.000556418
-0.0798698
0.000330214
-0.0799672
-0.0800159
-0.000220139
-0.0430837
-0.000446876
-0.0432702
-0.000681891
-0.043647
-0.000938965
-0.0442043
-0.00121497
-0.0449583
-0.00152671
-0.0458895
-0.00187195
-0.047016
-0.00225442
-0.0483304
-0.00271401
-0.0498294
-0.00321408
-0.0515239
-0.00377993
-0.0533911
-0.00439924
-0.0554117
-0.00503826
-0.0575557
-0.00565119
-0.0597672
-0.00617338
-0.0619741
-0.00652558
-0.0640955
-0.00663468
-0.0660504
-0.00645209
-0.067773
-0.00596055
-0.0692218
-0.00519435
-0.0703788
-0.00421493
-0.0712628
-0.00312877
-0.0719023
-0.00203411
-0.0723515
-0.00106634
-0.0726372
-0.00027707
-0.0728603
0.000260393
-0.073009
0.000509538
-0.073129
0.000502721
-0.0732223
0.000303072
-0.0732889
-0.0733234
-0.000326466
-0.0429183
-0.000659857
-0.0430779
-0.00100207
-0.043407
-0.00136504
-0.0438866
-0.00175287
-0.0445412
-0.00217055
-0.0453518
-0.00262799
-0.046333
-0.00312823
-0.047485
-0.00368118
-0.0487971
-0.0042904
-0.0502815
-0.00494919
-0.0519139
-0.00563003
-0.0536798
-0.00630705
-0.0555264
-0.00692016
-0.0574064
-0.0073933
-0.0592484
-0.00765016
-0.0609712
-0.00762587
-0.0625052
-0.00728447
-0.0637987
-0.00663004
-0.0648249
-0.00570204
-0.065589
-0.00458208
-0.0661144
-0.00337434
-0.0664406
-0.00220957
-0.0666224
-0.00117486
-0.0667184
-0.000375292
-0.0667715
0.000194182
-0.0668107
0.000458958
-0.0668492
0.000466836
-0.0668895
0.000284132
-0.0669243
-0.0669441
-0.000418494
-0.0429557
-0.000844478
-0.0430913
-0.00128042
-0.0433789
-0.00173582
-0.0437935
-0.00221942
-0.0443603
-0.00273179
-0.0450695
-0.00328745
-0.0459219
-0.0038872
-0.04693
-0.00452938
-0.0480823
-0.00523148
-0.0493643
-0.00595201
-0.0507955
-0.00669552
-0.0522955
-0.00739115
-0.053863
-0.00797893
-0.055417
-0.00838417
-0.056892
-0.00853266
-0.0582158
-0.00837023
-0.0593292
-0.00787503
-0.0601965
-0.0070654
-0.0608078
-0.00600309
-0.0611822
-0.00477812
-0.061356
-0.00349193
-0.0613838
-0.0022629
-0.0613227
-0.00120328
-0.0612292
-0.000386366
-0.0611268
0.000175454
-0.0610545
0.000439132
-0.0610171
0.000449326
-0.061006
0.000273755
-0.0610097
-0.0610149
-0.000498987
-0.0431589
-0.00100362
-0.0432762
-0.00152174
-0.0435268
-0.00205852
-0.0438897
-0.0026248
-0.0443834
-0.00322103
-0.0450089
-0.00386228
-0.0457517
-0.0045486
-0.0466356
-0.00527705
-0.0476457
-0.00603401
-0.0487673
-0.00683089
-0.0499764
-0.00759358
-0.0512564
-0.00828474
-0.0525441
-0.00882732
-0.0537793
-0.00914557
-0.0548951
-0.00917458
-0.0558265
-0.00887013
-0.0565314
-0.00822693
-0.0569869
-0.00727995
-0.0572004
-0.00610047
-0.0572077
-0.00478241
-0.0570574
-0.00343528
-0.0568086
-0.00220024
-0.0565097
-0.00114401
-0.0562502
-0.000356942
-0.0560027
0.00020122
-0.0558393
0.00044915
-0.0557298
0.00044984
-0.0556715
0.000271824
-0.0556463
-0.0556377
-0.000569197
-0.0434966
-0.00113957
-0.0436039
-0.00173197
-0.0438176
-0.00234066
-0.0441435
-0.00297765
-0.0445811
-0.00364986
-0.0451356
-0.00436372
-0.0457915
-0.00512578
-0.0465664
-0.00592261
-0.0474556
-0.00674539
-0.0484258
-0.00756459
-0.0494528
-0.00833522
-0.0505115
-0.00899558
-0.051533
-0.00946769
-0.0524602
-0.00968172
-0.0532258
-0.00957913
-0.0537807
-0.00913385
-0.0540933
-0.00835178
-0.0541624
-0.00728362
-0.0540081
-0.0060128
-0.0536766
-0.00463984
-0.053231
-0.00328316
-0.052728
-0.00203866
-0.0522531
-0.00102157
-0.0518119
-0.00023976
-0.0514751
0.000269039
-0.0512154
0.00048654
-0.0510455
0.00046702
-0.0509464
0.000277779
-0.0508961
-0.0508756
-0.000629674
-0.0439446
-0.00126182
-0.0440447
-0.00191488
-0.0442309
-0.00258972
-0.0445257
-0.00328573
-0.0449281
-0.00402975
-0.0454146
-0.00480497
-0.0460096
-0.00562649
-0.0466913
-0.0064801
-0.0474705
-0.00733922
-0.0483094
-0.00816825
-0.04917
-0.00892372
-0.0500112
-0.00952738
-0.0507811
-0.00990954
-0.0514079
-0.0100013
-0.0518399
-0.00975966
-0.0520369
-0.0091718
-0.0519838
-0.00826533
-0.0516935
-0.00709385
-0.0512134
-0.00575462
-0.050577
-0.00435275
-0.0498767
-0.00298839
-0.0491707
-0.0017848
-0.0485288
-0.00080134
-0.0479612
-7.57696e-05
-0.0475255
0.000372122
-0.0472017
0.000547389
-0.0469849
0.000498603
-0.0468534
0.000290592
-0.0467828
-0.0467526
-0.000682309
-0.044485
-0.0013762
-0.0445726
-0.00207654
-0.044753
-0.00280646
-0.0450184
-0.0035672
-0.0453874
-0.00437091
-0.0458232
-0.00520098
-0.0463726
-0.00606781
-0.0469775
-0.00695879
-0.0476548
-0.00783503
-0.0483736
-0.00865737
-0.049072
-0.00936373
-0.0497106
-0.00988951
-0.0502293
-0.0101583
-0.0505694
-0.0101149
-0.0506824
-0.00973001
-0.0505438
-0.0090065
-0.050155
-0.00798384
-0.0495455
-0.00674467
-0.0487632
-0.00534912
-0.0478917
-0.00394289
-0.0469699
-0.00261396
-0.0461018
-0.00146681
-0.0453205
-0.000545263
-0.044668
0.000119197
-0.0441597
0.000501941
-0.0437871
0.000626683
-0.0435364
0.000541654
-0.0433817
0.000308911
-0.0432964
-0.0432591
-0.000734814
-0.0450994
-0.00147894
-0.0451801
-0.00223592
-0.0453538
-0.00301346
-0.045606
-0.00383447
-0.0459369
-0.00468164
-0.0463468
-0.00555779
-0.0468524
-0.00645662
-0.0473928
-0.00736011
-0.0479779
-0.00823757
-0.0485688
-0.00902529
-0.0491122
-0.00966313
-0.0495494
-0.0100853
-0.0498228
-0.0102238
-0.0498855
-0.010036
-0.0496958
-0.00950681
-0.0492474
-0.00865564
-0.0485556
-0.00753609
-0.0476653
-0.00622349
-0.0466395
-0.00482623
-0.0455519
-0.00343617
-0.0444759
-0.00216499
-0.0434791
-0.00109647
-0.0425945
-0.000251294
-0.0418941
0.000340426
-0.0413369
0.000650798
-0.0409338
0.000719034
-0.0406628
0.000592907
-0.0404942
0.000331194
-0.0404
-0.0403583
-0.000783825
-0.0457786
-0.00156948
-0.0458625
-0.00238545
-0.0460158
-0.0032171
-0.046264
-0.00407761
-0.0465759
-0.00496424
-0.0469623
-0.00587643
-0.0474243
-0.00679269
-0.0479078
-0.00770042
-0.048393
-0.00854848
-0.0488601
-0.00927714
-0.0492417
-0.00982184
-0.049475
-0.0101178
-0.0495085
-0.0101156
-0.0492972
-0.0097788
-0.0488247
-0.00910956
-0.048094
-0.00814427
-0.0471338
-0.00694471
-0.0460061
-0.00559765
-0.0447781
-0.00420287
-0.0435308
-0.00285998
-0.0423388
-0.00167333
-0.0412371
-0.000676515
-0.0403292
8.63024e-05
-0.0395795
0.000577978
-0.0390016
0.000810733
-0.0385877
0.00081898
-0.0383094
0.000648993
-0.0381356
0.000355868
-0.038038
-0.0379945
-0.00082636
-0.0465219
-0.0016662
-0.0465984
-0.0025151
-0.0467545
-0.00339888
-0.046981
-0.00429882
-0.0472866
-0.00520957
-0.0476596
-0.00615931
-0.048052
-0.00708726
-0.0484839
-0.0079678
-0.048877
-0.00876605
-0.0492036
-0.00941179
-0.0494142
-0.00984166
-0.0494381
-0.0100007
-0.0492298
-0.00984443
-0.0487584
-0.00935886
-0.0480196
-0.00856273
-0.0470313
-0.00749469
-0.0458492
-0.00623874
-0.0445182
-0.00488112
-0.0431353
-0.00351086
-0.041778
-0.00224823
-0.0404863
-0.00112955
-0.0393777
-0.000233941
-0.0384313
0.000425981
-0.0376706
0.000820678
-0.0370955
0.000974269
-0.0366862
0.000921434
-0.0364118
0.000706782
-0.0362406
0.000381421
-0.0361443
-0.0361013
-0.000874318
-0.0473199
-0.00175707
-0.0473944
-0.00264883
-0.0475528
-0.00355766
-0.0477732
-0.00449248
-0.0480566
-0.00545368
-0.048387
-0.00640466
-0.0487367
-0.00732162
-0.0490984
-0.008165
-0.0493851
-0.0088861
-0.0495649
-0.00942602
-0.0495877
-0.00972265
-0.0493945
-0.00973061
-0.0489452
-0.00942018
-0.0482232
-0.00879166
-0.0472393
-0.00787761
-0.0460251
-0.00674452
-0.0446428
-0.00544046
-0.0431746
-0.00409721
-0.0416678
-0.0027896
-0.0402295
-0.00158525
-0.0389351
-0.000577106
-0.0377968
0.000217777
-0.0368548
0.000761961
-0.0361107
0.00105992
-0.0355559
0.00113495
-0.0351638
0.00102194
-0.0349026
0.000763508
-0.0347404
0.000406553
-0.0346494
-0.0346088
-0.00091809
-0.0481756
-0.00183784
-0.0482537
-0.00278518
-0.0483923
-0.00373663
-0.0486123
-0.00470111
-0.0488727
-0.00566607
-0.0491639
-0.0066019
-0.049459
-0.0074916
-0.0497216
-0.00827517
-0.0498855
-0.00890152
-0.0499032
-0.00931541
-0.0497252
-0.00946518
-0.0493065
-0.0093164
-0.048618
-0.00885494
-0.0476572
-0.00809803
-0.0464486
-0.0070831
-0.0450454
-0.00588444
-0.0435057
-0.00459206
-0.0419137
-0.00326771
-0.0403611
-0.00202117
-0.0388851
-0.0009321
-0.0375795
-2.49752e-05
-0.036465
0.000651585
-0.0355523
0.00108514
-0.0348446
0.00128852
-0.0343228
0.00128749
-0.0339579
0.00111692
-0.033717
0.000816955
-0.0335685
0.000430191
-0.0334857
-0.0334489
-0.000958818
-0.0490914
-0.00193025
-0.0491593
-0.00289481
-0.049305
-0.00388954
-0.049485
-0.0048727
-0.0497242
-0.00583313
-0.0499681
-0.00673931
-0.0501943
-0.00758791
-0.0503193
-0.00828861
-0.0503487
-0.00880195
-0.0501841
-0.00907563
-0.0497932
-0.00907025
-0.0491432
-0.00876485
-0.0482201
-0.0081608
-0.0470362
-0.00728749
-0.0456309
-0.00620016
-0.0440661
-0.00496817
-0.042412
-0.0036799
-0.0407439
-0.0024297
-0.0391513
-0.00127593
-0.0376962
-0.000285229
-0.0364177
0.00050697
-0.0353416
0.00106279
-0.0344797
0.0013884
-0.0338217
0.00150092
-0.0333428
0.00142795
-0.0330119
0.00120368
-0.032796
0.00086547
-0.0326644
0.000451561
-0.0325916
-0.0325595
-0.00100358
-0.0500619
-0.00200153
-0.0501316
-0.00301714
-0.050248
-0.00400793
-0.0504217
-0.00499266
-0.0506036
-0.00594246
-0.0507719
-0.00683825
-0.0508802
-0.00759541
-0.0508922
-0.0081972
-0.050741
-0.00857928
-0.0503796
-0.00870331
-0.0497642
-0.00854053
-0.0488812
-0.00808502
-0.0477322
-0.00735332
-0.0463448
-0.00638733
-0.0447709
-0.00525071
-0.0430789
-0.00401067
-0.0413504
-0.00276276
-0.0396434
-0.00157929
-0.0380553
-0.000533317
-0.0366326
0.000345581
-0.0354069
0.00100696
-0.034395
0.00144447
-0.0335987
0.0016664
-0.0329995
0.00169325
-0.0325697
0.00155364
-0.0322769
0.00128047
-0.0320887
0.000907992
-0.0319756
0.000470156
-0.0319139
-0.031887
-0.00103773
-0.0510922
-0.00208155
-0.0511429
-0.00310808
-0.0512461
-0.00413463
-0.0513604
-0.00511257
-0.0514894
-0.00603006
-0.0515596
-0.00684508
-0.0515416
-0.0075045
-0.0513985
-0.00798985
-0.051035
-0.00822738
-0.0504648
-0.00819712
-0.0496163
-0.007881
-0.0485044
-0.00728808
-0.0471441
-0.00644873
-0.0455775
-0.00541437
-0.0438661
-0.00425231
-0.0420821
-0.00304211
-0.0403018
-0.00185166
-0.038615
-0.000760549
-0.0370531
0.000182853
-0.0356885
0.000931769
-0.0345341
0.00146814
-0.0336009
0.00179164
-0.0328784
0.00191565
-0.0323434
0.00186324
-0.0319657
0.00166314
-0.0317127
0.00134639
-0.0315529
0.000943987
-0.0314587
0.000485729
-0.0314083
-0.0313865
-0.00107368
-0.0521675
-0.00213334
-0.052207
-0.00318427
-0.0522632
-0.00418824
-0.0523305
-0.00515129
-0.0523518
-0.0060155
-0.0523083
-0.00674073
-0.052141
-0.00731198
-0.0517845
-0.00764322
-0.0512308
-0.00774241
-0.050407
-0.00755899
-0.0493355
-0.00709996
-0.0480048
-0.00638803
-0.0464542
-0.00546495
-0.0447374
-0.00438833
-0.0429225
-0.00322745
-0.0410837
-0.00205662
-0.0392959
-0.000967068
-0.0376315
3.18175e-05
-0.0361426
0.000850957
-0.0348515
0.00147149
-0.0337854
0.0018862
-0.0329391
0.00210141
-0.0322948
0.00213451
-0.0318259
0.00201003
-0.0315008
0.00175603
-0.0312871
0.00140127
-0.0311551
0.000973399
-0.0310791
0.000498257
-0.0310396
-0.0310229
-0.00109082
-0.0532834
-0.00217551
-0.0532881
-0.00321919
-0.0533004
-0.0042229
-0.0532711
-0.00512726
-0.0531899
-0.00592123
-0.0529856
-0.00655995
-0.052629
-0.00699119
-0.0520637
-0.00718852
-0.0512794
-0.00712381
-0.0502186
-0.00679561
-0.0489163
-0.00620944
-0.0473845
-0.00540149
-0.0456695
-0.00442151
-0.0438347
-0.00333061
-0.0419513
-0.00219854
-0.0400927
-0.00109716
-0.0383299
-8.82662e-05
-0.0367237
0.000778272
-0.035312
0.00146691
-0.0341188
0.00196065
-0.0331502
0.00225874
-0.0323947
0.00237276
-0.0318298
0.00232282
-0.0314261
0.00213393
-0.0311517
0.00183278
-0.0309754
0.00144551
-0.0308693
0.000996481
-0.0308103
0.000507871
-0.0307807
-0.0307685
-0.0011005
-0.0544089
-0.00217184
-0.0543846
-0.0032099
-0.054313
-0.00415723
-0.0541892
-0.00501534
-0.0539423
-0.00572081
-0.0535626
-0.00623441
-0.0530027
-0.00652143
-0.0522112
-0.00658465
-0.0511627
-0.0063742
-0.0498819
-0.00591527
-0.0483614
-0.00522432
-0.0466524
-0.00434697
-0.0448042
-0.00333848
-0.042886
-0.00226143
-0.0409694
-0.00118414
-0.0391246
-0.000170375
-0.0374156
0.000727238
-0.0358896
0.00146704
-0.0345764
0.00202621
-0.0334886
0.00239707
-0.0326214
0.00258526
-0.0319573
0.00260625
-0.0314698
0.00248171
-0.0311282
0.00223616
-0.0309011
0.00189442
-0.030759
0.00147992
-0.0306763
0.00101379
-0.0306323
0.000514835
-0.0306115
-0.0306033
-0.00108526
-0.0555128
-0.00214422
-0.0554394
-0.00313026
-0.0552884
-0.00403743
-0.0550137
-0.00479252
-0.054614
-0.00538269
-0.0540233
-0.00577987
-0.053218
-0.00594078
-0.0521843
-0.00584409
-0.050905
-0.00550671
-0.0493929
-0.00492984
-0.0476874
-0.00416237
-0.0458238
-0.00324438
-0.0438785
-0.00223621
-0.041913
-0.00120016
-0.039998
-0.000199819
-0.0381984
0.000710278
-0.0365673
0.0014846
-0.0351409
0.00209465
-0.0339379
0.0025267
-0.03296
0.00278059
-0.0321947
0.00286695
-0.0316193
0.00280379
-0.0312049
0.0026132
-0.0309207
0.00231856
-0.0307363
0.00194249
-0.0306245
0.0015056
-0.0305622
0.00102601
-0.0305311
0.000519491
-0.0305176
-0.0305128
-0.00104461
-0.0565463
-0.00204726
-0.0564224
-0.00298455
-0.0561522
-0.00378979
-0.0557447
-0.00446034
-0.05513
-0.00493868
-0.0543182
-0.00519083
-0.0532796
-0.00520137
-0.0520004
-0.00497868
-0.0504826
-0.00452684
-0.0487697
-0.00386438
-0.0469049
-0.003043
-0.0449275
-0.00211447
-0.0429172
-0.00113481
-0.0409411
-0.000164503
-0.039061
0.000740337
-0.0373338
0.00153233
-0.0358011
0.00217813
-0.0344875
0.00265865
-0.0334008
0.00296829
-0.0325336
0.0031128
-0.0318672
0.00310631
-0.0313754
0.00296814
-0.0310282
0.00271994
-0.0307953
0.00238341
-0.0306484
0.00197874
-0.0305627
0.00152382
-0.0305175
0.00103397
-0.0304969
0.000522227
-0.0304894
-0.0304871
-0.000975061
-0.057444
-0.00190455
-0.0572602
-0.00273547
-0.0568827
-0.00345778
-0.0562886
-0.00399246
-0.0554867
-0.00432217
-0.0544445
-0.00444477
-0.0531539
-0.00433572
-0.0516389
-0.00399746
-0.0499145
-0.00344106
-0.0480434
-0.00272918
-0.0460283
-0.00188944
-0.0439852
-0.000978324
-0.0419515
-5.33514e-05
-0.0399987
0.000829924
-0.0381831
0.00162302
-0.0365509
0.00228909
-0.0351317
0.00280449
-0.0339388
0.0031587
-0.0329698
0.00335272
-0.0322104
0.00339668
-0.0316371
0.00330684
-0.0312218
0.00310278
-0.0309346
0.00280501
-0.0307466
0.00243322
-0.0306315
0.00200511
-0.0305673
0.00153594
-0.0305359
0.00103848
-0.0305235
0.000523436
-0.0305205
-0.0305202
-0.000864758
-0.0581365
-0.00168625
-0.0578859
-0.00241076
-0.0573876
-0.00298205
-0.0566364
-0.00339459
-0.0556167
-0.00360315
-0.0543529
-0.00358768
-0.0528431
-0.00334626
-0.0511253
-0.00290341
-0.0492301
-0.00230031
-0.0471955
-0.00154921
-0.0451134
-0.000720892
-0.0430286
0.000144502
-0.0410108
0.00099111
-0.039114
0.00176938
-0.0373885
0.00244017
-0.0358687
0.00297628
-0.0345726
0.00336287
-0.0335027
0.00359653
-0.032649
0.00368335
-0.0319912
0.00363635
-0.0315033
0.00347274
-0.0311563
0.00321154
-0.0309211
0.00287167
-0.0307708
0.00247058
-0.0306819
0.0020235
-0.0306348
0.00154326
-0.0306139
0.00104039
-0.0306077
0.000523513
-0.0306078
-0.0306089
-0.000726727
-0.0585339
-0.00139904
-0.0582274
-0.00197634
-0.0576121
-0.00241201
-0.0567016
-0.00267286
-0.0554964
-0.0027304
-0.0540482
-0.00259017
-0.0523416
-0.00225734
-0.050443
-0.00175519
-0.0484137
-0.00110237
-0.0463007
-0.000357619
-0.0441738
0.000438665
-0.0420962
0.00123523
-0.040126
0.00198372
-0.0383142
0.00264404
-0.0366993
0.00318642
-0.0353037
0.00359245
-0.0341347
0.00385478
-0.0331861
0.00397565
-0.0324415
0.00396473
-0.0318771
0.00383662
-0.0314652
0.00360857
-0.0311772
0.00329845
-0.0309858
0.00292323
-0.0308664
0.00249803
-0.0307981
0.00203579
-0.0307638
0.00154707
-0.0307505
0.00104045
-0.0307482
0.000522826
-0.0307503
-0.0307521
-0.000550692
-0.0585531
-0.0010517
-0.0581964
-0.00145319
-0.057491
-0.00172275
-0.0564395
-0.00182105
-0.0551059
-0.00175802
-0.0534708
-0.00151196
-0.0516326
-0.0010943
-0.0496235
-0.000532996
-0.047513
0.000114634
-0.0453625
0.000835308
-0.0432424
0.0015714
-0.0412114
0.00227707
-0.0393244
0.00291271
-0.0376229
0.00344718
-0.0361337
0.00385941
-0.0348688
0.00413868
-0.0338265
0.00428373
-0.0329938
0.00430095
-0.0323498
0.00420223
-0.0318687
0.00400279
-0.0315226
0.00371916
-0.0312842
0.00336757
-0.0311283
0.0029629
-0.031033
0.00251804
-0.0309799
0.00204371
-0.0309546
0.00154856
-0.030946
0.00103941
-0.0309459
0.000521714
-0.0309487
-0.0309507
-0.000341716
-0.0581203
-0.000641339
-0.0577228
-0.000856922
-0.0569433
-0.000940121
-0.0558168
-0.000905213
-0.0543587
-0.000704865
-0.0526448
-0.000357283
-0.0507248
0.000109972
-0.048664
0.000687715
-0.0465349
0.00133275
-0.0444046
0.00200275
-0.0423402
0.00265629
-0.0403991
0.00325554
-0.0386273
0.00376933
-0.0370566
0.00417503
-0.0357038
0.00445938
-0.0345721
0.00461813
-0.0336527
0.00465467
-0.032928
0.0045782
-0.0323746
0.00440178
-0.0319661
0.00414037
-0.0316754
0.00380925
-0.0314773
0.00342279
-0.031349
0.00299374
-0.0312714
0.00253285
-0.0312288
0.0020489
-0.031209
0.00154879
-0.0312026
0.0010379
-0.0312029
0.000520485
-0.0312055
-0.0312072
-0.000119935
-0.0571584
-0.00019843
-0.0567444
-0.000202919
-0.0559342
-0.000129193
-0.0547613
6.93195e-05
-0.0532737
0.000386799
-0.0515327
0.000814253
-0.0496057
0.00133224
-0.0475655
0.00191192
-0.0454862
0.00251943
-0.0434378
0.00311857
-0.0414829
0.00367493
-0.0396728
0.00415881
-0.0380449
0.00454746
-0.0366221
0.00482618
-0.0354132
0.00498849
-0.0344145
0.00503532
-0.0336127
0.00497339
-0.0329874
0.00481363
-0.0325143
0.00456937
-0.0321678
0.00425472
-0.0319227
0.00388337
-0.0317563
0.00346774
-0.0316487
0.00301852
-0.0315833
0.00254454
-0.031547
0.00205279
-0.0315294
0.00154873
-0.0315231
0.00103653
-0.0315225
0.000519411
-0.031524
-0.0315251
0.000114146
-0.0556306
0.000256785
-0.0552198
0.000452722
-0.054418
0.000719774
-0.0532628
0.00106712
-0.0518073
0.00149316
-0.0501168
0.00198656
-0.0482636
0.00252741
-0.0463226
0.00308942
-0.0443673
0.00364316
-0.0424645
0.00415915
-0.0406709
0.00461087
-0.0390304
0.00497698
-0.0375726
0.00524279
-0.036313
0.00540069
-0.0352541
0.00544992
-0.0343878
0.00539527
-0.0336983
0.00524582
-0.0331644
0.0050133
-0.0327625
0.00471065
-0.032469
0.00435076
-0.0322613
0.00394558
-0.0321196
0.00350563
-0.0320269
0.0030397
-0.0319693
0.00255485
-0.0319359
0.00205662
-0.0319183
0.0015492
-0.0319104
0.00103576
-0.0319079
0.000518719
-0.0319076
-0.0319078
0.00034958
-0.0535178
0.00071662
-0.0531318
0.00111561
-0.0523799
0.00155557
-0.0513008
0.00203847
-0.0499484
0.00255843
-0.0483876
0.0031024
-0.0466896
0.00365152
-0.0449264
0.00418329
-0.0431664
0.0046742
-0.04147
0.00510223
-0.0398864
0.005449
-0.038452
0.00570129
-0.0371891
0.00585177
-0.0361073
0.005899
-0.0352049
0.00584668
-0.0344718
0.00570259
-0.0338912
0.00547721
-0.0334431
0.00518244
-0.033106
0.00483039
-0.0328592
0.00443255
-0.0326832
0.00399919
-0.0325614
0.00353902
-0.0324799
0.00305914
-0.0324272
0.00256516
-0.0323948
0.00206132
-0.0323758
0.00155082
-0.0323654
0.00103598
-0.0323602
0.000518582
-0.032358
-0.032357
0.000571153
-0.0508332
0.00114831
-0.0504924
0.0017354
-0.04983
0.00233266
-0.0488822
0.00293554
-0.0476995
0.0035346
-0.0463418
0.0041161
-0.0448737
0.00466335
-0.0433595
0.00515852
-0.0418592
0.00558454
-0.040424
0.00592692
-0.0390945
0.00617512
-0.0378992
0.00632333
-0.0368545
0.00637067
-0.0359654
0.00632072
-0.0352279
0.00618073
-0.0346311
0.0059605
-0.0341597
0.00567128
-0.0337958
0.00532468
-0.0335212
0.00493184
-0.0333185
0.00450284
-0.0331721
0.00404635
-0.0330687
0.00356952
-0.0329972
0.00307805
-0.0329488
0.00257627
-0.032917
0.00206744
-0.0328965
0.0015539
-0.0328838
0.00103737
-0.0328762
0.000519085
-0.032872
-0.0328699
0.000766735
-0.0476254
0.00152862
-0.0473472
0.00227972
-0.0468073
0.00301218
-0.0460369
0.00371589
-0.0450791
0.00437858
-0.0439846
0.00498661
-0.0428075
0.00552598
-0.0416008
0.00598366
-0.0404127
0.00634887
-0.0392838
0.00661411
-0.0382452
0.00677583
-0.0373178
0.00683458
-0.0365124
0.00679476
-0.035831
0.00666397
-0.0352686
0.00645197
-0.034815
0.00616994
-0.0344572
0.00582941
-0.0341807
0.00544147
-0.033971
0.00501626
-0.0338147
0.00456256
-0.0337001
0.0040877
-0.0336171
0.00359753
-0.0335578
0.00309657
-0.0335159
0.00258822
-0.0334866
0.00207491
-0.0334663
0.00155839
-0.0334526
0.00103986
-0.0334437
0.000520185
-0.0334383
-0.0334357
0.000926358
-0.0439757
0.00183851
-0.0437722
0.00272205
-0.0433778
0.0035624
-0.0428169
0.00434489
-0.0421224
0.00505531
-0.041333
0.00568049
-0.0404891
0.00620917
-0.0396301
0.00663277
-0.038791
0.00694602
-0.0380004
0.00714736
-0.0372796
0.00723895
-0.0366421
0.00722642
-0.0360937
0.00711819
-0.0356341
0.00692482
-0.0352583
0.00665784
-0.0349577
0.00632912
-0.0347222
0.00595019
-0.034541
0.00553155
-0.0344036
0.00508242
-0.0343007
0.00461049
-0.0342244
0.00412201
-0.0341682
0.00362183
-0.0341268
0.00311361
-0.0340964
0.00260001
-0.0340741
0.00208292
-0.0340579
0.00156363
-0.0340463
0.00104301
-0.0340383
0.000521665
-0.0340333
-0.0340307
0.00104309
-0.0399917
0.00206473
-0.0398687
0.00304405
-0.0396312
0.00396132
-0.0392952
0.00479865
-0.0388823
0.00554055
-0.0384176
0.00617457
-0.0379269
0.00669186
-0.0374348
0.00708749
-0.0369622
0.00736055
-0.0365258
0.00751402
-0.036137
0.00755433
-0.0358022
0.00749072
-0.0355228
0.00733439
-0.0352966
0.00709769
-0.0351186
0.00679334
-0.0349823
0.00643349
-0.0348804
0.00602937
-0.0348059
0.00559089
-0.0347524
0.00512649
-0.0347142
0.00464305
-0.034687
0.004146
-0.0346674
0.00363949
-0.0346531
0.00312658
-0.0346424
0.00260948
-0.0346342
0.00208972
-0.0346278
0.00156832
-0.034623
0.00104597
-0.0346194
0.000523092
-0.034617
-0.0346157
0.00111355
-0.0357987
0.00220088
-0.0357557
0.00323686
-0.0356739
0.00419848
-0.0355609
0.00506584
-0.0354271
0.00582287
-0.0352841
0.0064579
-0.0351431
0.00696394
-0.0350143
0.0073387
-0.0349052
0.00758429
-0.0348211
0.00770671
-0.0347639
0.0077151
-0.0347334
0.00762088
-0.0347268
0.00743683
-0.0347402
0.0071762
-0.0347686
0.00685202
-0.0348071
0.00647644
-0.0348509
0.00606034
-0.0348962
0.00561304
-0.03494
0.00514233
-0.0349802
0.00465448
-0.0350156
0.00415441
-0.0350456
0.00364582
-0.0350701
0.00313146
-0.0350896
0.00261328
-0.0351046
0.00209263
-0.0351158
0.00157046
-0.0351239
0.00104738
-0.0351293
0.000523797
-0.0351327
-0.0351342
0.00113807
-0.0315297
0.00224763
-0.0315601
0.00330153
-0.0316214
0.0042753
-0.0317138
0.00514824
-0.0318375
0.00590428
-0.0319918
0.00653249
-0.0321751
0.00702714
-0.0323846
0.00738755
-0.032616
0.0076175
-0.032864
0.00772455
-0.0331225
0.00771908
-0.0333849
0.00761338
-0.0336448
0.00742065
-0.0338962
0.00715426
-0.0341338
0.00682698
-0.0343537
0.00645054
-0.0345531
0.00603529
-0.0347304
0.00559006
-0.0348851
0.00512216
-0.035018
0.00463743
-0.0351301
0.00414047
-0.0352233
0.00363479
-0.0352996
0.00312298
-0.035361
0.00260696
-0.0354095
0.00208811
-0.035447
0.00156739
-0.0354751
0.00104549
-0.035495
0.000522896
-0.0355077
-0.0355138
0.00112037
-0.0273145
0.00221215
-0.0274073
0.0032482
-0.0275902
0.0042042
-0.0278576
0.00505978
-0.0282014
0.00579938
-0.0286113
0.00641271
-0.0290752
0.00689478
-0.0295795
0.00724558
-0.0301104
0.0074694
-0.0306539
0.00757407
-0.0311969
0.00756998
-0.0317278
0.00746913
-0.0322362
0.00728425
-0.0327143
0.00702804
-0.0331559
0.00671256
-0.0335574
0.00634881
-0.0339168
0.00594648
-0.0342341
0.00551386
-0.0345103
0.00505783
-0.0347478
0.00458399
-0.0349496
0.00409676
-0.035119
0.00359961
-0.0352593
0.00309519
-0.0353741
0.00258551
-0.0354664
0.00207207
-0.0355389
0.00155602
-0.0355942
0.00103823
-0.0356339
0.00051936
-0.0356596
-0.0356721
0.00106685
-0.0232704
0.0021068
-0.0234115
0.00309431
-0.0236886
0.00400656
-0.0240922
0.00482442
-0.0246085
0.00553329
-0.0252202
0.00612351
-0.0259076
0.00659038
-0.0266497
0.00693386
-0.0274253
0.00715785
-0.0282141
0.00726946
-0.0289976
0.00727812
-0.0297598
0.00719468
-0.0304874
0.00703065
-0.0311702
0.0067975
-0.0318011
0.00650616
-0.0323756
0.00616665
-0.032892
0.00578786
-0.0333505
0.00537749
-0.0337529
0.004942
-0.0341023
0.00448679
-0.0344024
0.0040162
-0.0346574
0.00353375
-0.0348717
0.00304224
-0.0350493
0.00254387
-0.035194
0.0020404
-0.0353093
0.00153323
-0.0353981
0.00102348
-0.0354626
0.000512124
-0.0355046
-0.0355252
0.000985629
-0.019494
0.00194726
-0.019668
0.00286213
-0.0200097
0.00370978
-0.0205073
0.00447304
-0.0211435
0.00513867
-0.0218972
0.00569767
-0.0227442
0.00614539
-0.0236591
0.00648125
-0.024616
0.00670821
-0.0255907
0.006832
-0.0265609
0.00686044
-0.0275074
0.00680265
-0.0284146
0.0066684
-0.0292702
0.00646756
-0.0300655
0.0062096
-0.0307951
0.00590336
-0.0314563
0.00555677
-0.032049
0.00517686
-0.0325745
0.00476967
-0.0330359
0.00434033
-0.033437
0.00389318
-0.033782
0.00343179
-0.0340753
0.00295914
-0.0343213
0.00247768
-0.0345241
0.00198946
-0.0346873
0.0014962
-0.034814
0.000999362
-0.0349068
0.000500233
-0.0349676
-0.0349975
0.000885497
-0.016057
0.00175062
-0.016249
0.00257596
-0.0166264
0.00334404
-0.0171764
0.00404001
-0.0178808
0.00465222
-0.0187168
0.00517249
-0.0196588
0.00559616
-0.0206795
0.0059219
-0.0217515
0.00615139
-0.0228483
0.0062887
-0.0239459
0.00633969
-0.0250233
0.00631145
-0.0260629
0.00621176
-0.027051
0.00604862
-0.0279772
0.00582988
-0.0288347
0.00556303
-0.0296196
0.00525494
-0.0303304
0.00491187
-0.0309677
0.00453934
-0.0315335
0.00414222
-0.0320308
0.00372473
-0.0324633
0.0032905
-0.0328351
0.00284268
-0.0331501
0.00238397
-0.0334123
0.0019167
-0.033625
0.00144293
-0.0337914
0.000964465
-0.0339139
0.000482972
-0.0339945
-0.0340344
0.000775019
-0.0130048
0.00153351
-0.0132016
0.00225968
-0.0135889
0.00293918
-0.0141542
0.00355964
-0.0148797
0.00411114
-0.0157436
0.00458638
-0.0167207
0.00498078
-0.0177843
0.00529235
-0.0189073
0.00552141
-0.0200635
0.0056703
-0.0212285
0.00574292
-0.0223807
0.00574425
-0.0235018
0.00568001
-0.0245767
0.00555627
-0.0255938
0.00537921
-0.0265449
0.00515486
-0.0274244
0.00488899
-0.0282294
0.00458697
-0.0289589
0.00425375
-0.0296134
0.00389382
-0.0301948
0.00351122
-0.0307056
0.00310958
-0.0311489
0.00269214
-0.031528
0.0022618
-0.0318459
0.00182115
-0.0321058
0.00137256
-0.0323103
0.000918176
-0.0324617
0.000460015
-0.0325616
-0.0326112
0.000661809
-0.0103575
0.00131081
-0.0105483
0.0019347
-0.0109243
0.00252217
-0.0114742
0.00306331
-0.0121821
0.0035499
-0.013028
0.0039756
-0.0139891
0.00433601
-0.0150408
0.00462862
-0.0161581
0.00485267
-0.0173165
0.00500893
-0.0184927
0.00509944
-0.0196657
0.00512723
-0.0208172
0.0050961
-0.0219317
0.00501026
-0.0229966
0.00487425
-0.0240025
0.00469269
-0.0249422
0.00447017
-0.0258111
0.00421115
-0.0266067
0.00391991
-0.0273277
0.00360048
-0.0279744
0.00325665
-0.028548
0.00289192
-0.02905
0.00250955
-0.0294828
0.00211255
-0.0298484
0.00170371
-0.0301491
0.00128565
-0.030387
0.000860801
-0.0305638
0.000431499
-0.0306808
-0.030739
0.000552061
-0.00811263
0.00109465
-0.0082896
0.00161862
-0.0086387
0.00211541
-0.00915045
0.00257736
-0.00981126
0.00299789
-0.0106041
0.00337162
-0.0115093
0.00369446
-0.0125056
0.0039636
-0.013571
0.00417747
-0.0146836
0.00433558
-0.0158224
0.00443848
-0.0169679
0.00448753
-0.0181028
0.0044848
-0.0192116
0.00443289
-0.0202816
0.00433481
-0.0213023
0.00419385
-0.0222654
0.00401347
-0.0231649
0.0037972
-0.0239964
0.00354861
-0.0247572
0.00327119
-0.0254458
0.00296837
-0.0260616
0.00264346
-0.026605
0.00229962
-0.0270767
0.00193987
-0.0274779
0.00156713
-0.0278096
0.00118415
-0.0280733
0.000793592
-0.0282699
0.000398035
-0.0284005
-0.0284655
0.000450339
-0.00625024
0.000894026
-0.00640821
0.00132457
-0.00672027
0.00173579
-0.00717883
0.00212199
-0.00777294
0.00247804
-0.00848879
0.00279953
-0.00931034
0.00308277
-0.01022
0.00332486
-0.0111993
0.00352371
-0.0122296
0.00367798
-0.0132928
0.00378706
-0.0143715
0.00385105
-0.0154498
0.00387062
-0.0165133
0.00384702
-0.0175495
0.00378196
-0.0185474
0.00367753
-0.0194982
0.00353615
-0.0203946
0.00336048
-0.0212309
0.00315333
-0.0220028
0.00291765
-0.0227074
0.00265642
-0.0233425
0.00237265
-0.0239069
0.00206933
-0.0244001
0.0017494
-0.024822
0.00141577
-0.0251726
0.00107125
-0.0254525
0.000718639
-0.0256618
0.000360654
-0.0258012
-0.0258707
0.000359579
-0.00473739
0.000714756
-0.00487376
0.00106117
-0.00514357
0.00139459
-0.00554104
0.00171093
-0.00605781
0.00200635
-0.00668322
0.00227729
-0.00740479
0.00252058
-0.00820863
0.0027334
-0.00907995
0.00291342
-0.0100036
0.00305877
-0.0109643
0.0031681
-0.0119473
0.00324057
-0.0129387
0.00327587
-0.0139254
0.0032742
-0.0148956
0.00323621
-0.0158386
0.00316302
-0.0167454
0.00305614
-0.0176079
0.0029174
-0.0184195
0.00274894
-0.019175
0.00255311
-0.0198698
0.00233242
-0.0205008
0.00208954
-0.0210653
0.00182718
-0.0215615
0.00154811
-0.0219882
0.00125514
-0.0223445
0.000951054
-0.0226299
0.000638648
-0.0228442
0.000320704
-0.022987
-0.0230584
0.000281264
-0.00353327
0.000559827
-0.00364752
0.000832965
-0.00387391
0.00109792
-0.00420829
0.00135192
-0.00464459
0.00159218
-0.00517501
0.00181592
-0.00579026
0.00202048
-0.00647989
0.00220329
-0.00723253
0.00236201
-0.00803627
0.00249453
-0.00887895
0.00259907
-0.00974839
0.00267423
-0.0106327
0.00271902
-0.0115205
0.0027329
-0.0124012
0.00271577
-0.0132647
0.00266797
-0.0141021
0.00259026
-0.0149053
0.00248381
-0.0156673
0.00235011
-0.016382
0.00219097
-0.0170442
0.00200842
-0.0176495
0.00180471
-0.0181945
0.00158226
-0.0186762
0.0013436
-0.0190924
0.00109132
-0.0194415
0.000828097
-0.0197221
0.000556647
-0.0199332
0.000279697
-0.0200743
-0.0201449
0.000215686
-0.00259363
0.00042989
-0.00268676
0.000641066
-0.00287159
0.000847557
-0.00314531
0.00104757
-0.00350375
0.00123915
-0.00394151
0.00142023
-0.00445202
0.00158862
-0.00502776
0.0017421
-0.00566038
0.00187846
-0.00634091
0.0019956
-0.00705992
0.00209157
-0.00780775
0.00216471
-0.00857468
0.00221362
-0.00935109
0.00223731
-0.0101276
0.00223515
-0.0108954
0.00220695
-0.011646
0.0021529
-0.0123716
0.00207361
-0.0130651
0.00197006
-0.0137203
0.00184354
-0.0143313
0.00169565
-0.0148934
0.00152823
-0.0154023
0.00134336
-0.0158545
0.00114326
-0.016247
0.000930284
-0.0165773
0.000706905
-0.0168438
0.000475663
-0.0170448
0.000239151
-0.0171793
-0.0172468
0.000162263
-0.00187429
0.000323863
-0.00194829
0.000484059
-0.00209541
0.000641963
-0.00231387
0.000796493
-0.00260099
0.000946347
-0.00295325
0.00109001
-0.00336626
0.00122576
-0.00383488
0.00135174
-0.00435325
0.001466
-0.00491486
0.00156657
-0.00551271
0.00165156
-0.00613937
0.00171923
-0.00678714
0.00176804
-0.00744814
0.00179675
-0.00811452
0.00180443
-0.00877851
0.00179054
-0.00943258
0.00175488
-0.0100696
0.00169764
-0.0106827
0.00161936
-0.0112657
0.00152094
-0.0118128
0.00140358
-0.012319
0.00126873
-0.0127798
0.00111811
-0.013191
0.000953638
-0.0135495
0.000777377
-0.0138524
0.000591539
-0.0140973
0.000398433
-0.0142825
0.000200442
-0.0144067
-0.014469
0.000119832
-0.00133372
0.000239516
-0.00139115
0.00035882
-0.00150551
0.000477363
-0.00167578
0.000594556
-0.00190039
0.000709572
-0.0021772
0.00082134
-0.00250349
0.000928552
-0.00287593
0.00102971
-0.00329061
0.00112316
-0.00374304
0.00120718
-0.00422817
0.00128004
-0.00474049
0.00134007
-0.0052741
0.00138578
-0.00582277
0.00141583
-0.00638006
0.00142918
-0.00693947
0.00142508
-0.00749447
0.00140309
-0.00803869
0.00136312
-0.00856597
0.00130539
-0.00907046
0.00123046
-0.00954669
0.0011392
-0.00998964
0.00103272
-0.0103947
0.000912404
-0.0107579
0.000779848
-0.0110757
0.000636823
-0.0113451
0.000485247
-0.0115635
0.00032716
-0.011729
0.000164683
-0.0118402
-0.011896
8.69245e-05
-0.000934771
0.000173991
-0.000978357
0.000261265
-0.00106529
0.000348675
-0.00119507
0.000435954
-0.00136688
0.000522611
-0.00157959
0.000607916
-0.00183164
0.000690903
-0.00212104
0.000770401
-0.00244533
0.000845074
-0.00280153
0.000913472
-0.00318619
0.000974098
-0.00359534
0.00102547
-0.00402459
0.0010662
-0.00446917
0.00109501
-0.00492396
0.00111087
-0.00538367
0.00111293
-0.00584284
0.00110064
-0.00629602
0.00107372
-0.00673779
0.00103219
-0.00716293
0.000976351
-0.00756643
0.000906785
-0.00794359
0.000824334
-0.00829009
0.000730078
-0.00860202
0.000625308
-0.00887591
0.000511497
-0.00910877
0.00039027
-0.00929807
0.000263376
-0.00944182
0.000132652
-0.00953849
-0.00958707
6.19665e-05
-0.000645457
0.000124213
-0.000677842
0.000186956
-0.00074254
0.000250291
-0.000839381
0.000314151
-0.000968058
0.000378269
-0.00112807
0.000442167
-0.00131866
0.000505153
-0.00153876
0.000566343
-0.00178693
0.000624689
-0.00206132
0.000679021
-0.00235965
0.000728098
-0.00267918
0.000770664
-0.00301675
0.000805499
-0.00336878
0.000831477
-0.00373136
0.000847611
-0.00410027
0.00085309
-0.00447111
0.000847317
-0.00483935
0.000829925
-0.0052004
0.000800791
-0.00554975
0.000760043
-0.00588299
0.000708052
-0.00619594
0.000645423
-0.00648467
0.00057298
-0.00674557
0.000491745
-0.00697542
0.00040291
-0.00717138
0.000307816
-0.00733106
0.000207924
-0.00745254
0.000104781
-0.00753434
-0.00757548
4.34346e-05
-0.000439199
8.71913e-05
-0.000462782
0.000131541
-0.000509971
0.000176658
-0.000580792
0.000222582
-0.00067523
0.00026919
-0.000793181
0.000316183
-0.000934389
0.000363082
-0.00109838
0.000409237
-0.00128442
0.000453853
-0.00149142
0.000496017
-0.00171796
0.000534739
-0.00196222
0.000568992
-0.00222198
0.000597761
-0.00249466
0.000620083
-0.00277733
0.00063509
-0.00306674
0.000642045
-0.00335942
0.00064037
-0.00365172
0.000629672
-0.00393988
0.000609756
-0.00422012
0.000580632
-0.00448872
0.000542518
-0.00474207
0.000495834
-0.00497674
0.000441193
-0.00518954
0.000379382
-0.0053776
0.000311345
-0.00553835
0.00023816
-0.00566964
0.000161017
-0.00576968
8.11868e-05
-0.00583713
-0.00587107
2.99491e-05
-0.000294577
6.0207e-05
-0.000311423
9.10432e-05
-0.000345184
0.000122653
-0.000395985
0.000155125
-0.000463967
0.000188424
-0.000549241
0.000222372
-0.000651839
0.000256647
-0.000771649
0.000290785
-0.000908364
0.000324201
-0.00106143
0.000356203
-0.00123
0.000386026
-0.00141292
0.000412861
-0.00160869
0.000435893
-0.00181549
0.00045433
-0.00203118
0.000467446
-0.00225333
0.000474603
-0.00247927
0.000475282
-0.00270615
0.000469105
-0.00293098
0.000455848
-0.00315068
0.000435455
-0.0033622
0.000408038
-0.00356252
0.000373877
-0.00374877
0.000333414
-0.00391823
0.000287245
-0.00406842
0.000236097
-0.00419712
0.000180819
-0.00430244
0.000122355
-0.00438283
6.17254e-05
-0.00443709
-0.00446442
2.03232e-05
-0.0001948
4.09147e-05
-0.000206613
6.20136e-05
-0.000230325
8.38035e-05
-0.000266096
0.00010639
-0.000314132
0.000129782
-0.000374643
0.000153881
-0.000447801
0.000178479
-0.000533692
0.000203254
-0.000632264
0.000227784
-0.000743283
0.000251563
-0.000866295
0.000274015
-0.0010006
0.000294522
-0.00114521
0.000312449
-0.00129889
0.000327171
-0.00146011
0.000338098
-0.0016271
0.000344705
-0.00179786
0.000346549
-0.00197022
0.000343291
-0.00214184
0.000334712
-0.00231033
0.00032072
-0.00247322
0.000301359
-0.00262809
0.000276809
-0.00277259
0.000247381
-0.00290447
0.000213514
-0.00302167
0.000175758
-0.00312235
0.000134765
-0.00320489
9.12684e-05
-0.00326799
4.6066e-05
-0.00331062
-0.00333211
1.35783e-05
-0.00012704
2.73749e-05
-0.000135177
4.1587e-05
-0.000151537
5.63722e-05
-0.00017628
7.18312e-05
-0.000209621
8.79947e-05
-0.000251794
0.000104814
-0.000303025
0.000122158
-0.000363487
0.000139809
-0.000433261
0.000157473
-0.000512299
0.000174785
-0.000600389
0.000191326
-0.00069713
0.000206636
-0.000801908
0.000220235
-0.000913892
0.000231643
-0.00103203
0.000240399
-0.00115505
0.000246083
-0.0012815
0.000248334
-0.00140975
0.000246865
-0.00153805
0.000241477
-0.00166454
0.000232068
-0.00178733
0.000218642
-0.0019045
0.000201307
-0.00201418
0.000180279
-0.00211459
0.000155872
-0.00220405
0.000128495
-0.00228106
9.86369e-05
-0.00234432
6.6855e-05
-0.00239274
3.37602e-05
-0.0024255
-0.00244201
8.93548e-06
-8.17247e-05
1.80401e-05
-8.72346e-05
2.74684e-05
-9.83298e-05
3.73471e-05
-0.000115153
4.77631e-05
-0.000137896
5.87536e-05
-0.000166783
7.02991e-05
-0.000202037
8.23195e-05
-0.000243854
9.46725e-05
-0.000292371
0.000107157
-0.000347637
0.000119518
-0.00040958
0.000131455
-0.00047799
0.000142637
-0.000552499
0.00015271
-0.000632567
0.000161314
-0.000717482
0.0001681
-0.000806363
0.000172744
-0.000898168
0.00017496
-0.000991716
0.000174515
-0.00108571
0.000171241
-0.00117876
0.00016504
-0.00126942
0.000155892
-0.00135624
0.000143862
-0.00143776
0.000129092
-0.0015126
0.000111805
-0.00157944
9.22966e-05
-0.0016371
7.09269e-05
-0.00168455
4.81111e-05
-0.00172092
2.43064e-05
-0.00174554
-0.00175796
5.79405e-06
-5.18701e-05
1.17142e-05
-5.55395e-05
1.78766e-05
-6.29398e-05
2.43786e-05
-7.41879e-05
3.12901e-05
-8.94449e-05
3.86469e-05
-0.0001089
4.64452e-05
-0.00013275
5.46383e-05
-0.000161181
6.31353e-05
-0.000194339
7.18018e-05
-0.000232311
8.04635e-05
-0.000275103
8.89118e-05
-0.000322618
9.69108e-05
-0.000374647
0.000104207
-0.00043085
0.000110538
-0.000490757
0.000115646
-0.000553768
0.000119287
-0.000619156
0.000121243
-0.000686079
0.000121331
-0.000753599
0.000119415
-0.000820702
0.000115408
-0.00088632
0.000109283
-0.00094936
0.000101073
-0.00100873
9.0871e-05
-0.00106338
7.88315e-05
-0.0011123
6.51643e-05
-0.00115459
5.01294e-05
-0.00118944
3.40294e-05
-0.00121619
1.71999e-05
-0.00123431
-0.00124347
3.70363e-06
-3.24849e-05
7.49824e-06
-3.48892e-05
1.14683e-05
-3.97452e-05
1.56857e-05
-4.71439e-05
2.02042e-05
-5.72118e-05
2.50543e-05
-7.00998e-05
3.02399e-05
-8.59692e-05
3.57351e-05
-0.000104976
4.14831e-05
-0.000127255
4.73963e-05
-0.000152901
5.33582e-05
-0.000181952
5.92263e-05
-0.000214378
6.48374e-05
-0.000250065
7.0013e-05
-0.000288808
7.4567e-05
-0.000330305
7.83127e-05
-0.000374153
8.10717e-05
-0.000419857
8.26818e-05
-0.00046683
8.30044e-05
-0.00051441
8.19322e-05
-0.000561869
7.93946e-05
-0.000608436
7.53621e-05
-0.000653313
6.98493e-05
-0.000695698
6.29163e-05
-0.000734807
5.46672e-05
-0.000769897
4.52483e-05
-0.000800283
3.4844e-05
-0.000825365
2.36704e-05
-0.000844638
1.19693e-05
-0.00085771
-0.000864313
2.33506e-06
-2.00719e-05
4.73399e-06
-2.16218e-05
7.25647e-06
-2.47567e-05
9.95399e-06
-2.95443e-05
1.28662e-05
-3.60796e-05
1.60175e-05
-4.44769e-05
1.94145e-05
-5.48608e-05
2.30439e-05
-6.7355e-05
2.68712e-05
-8.20708e-05
3.08404e-05
-9.90942e-05
3.48752e-05
-0.000118475
3.88803e-05
-0.000140214
4.27449e-05
-0.000164255
4.63462e-05
-0.000190479
4.95545e-05
-0.000218696
5.22379e-05
-0.000248643
5.42688e-05
-0.000279988
5.55295e-05
-0.000312331
5.59176e-05
-0.000345214
5.53518e-05
-0.000378127
5.37763e-05
-0.000410526
5.11642e-05
-0.000441841
4.752e-05
-0.000471495
4.28808e-05
-0.000498922
3.7316e-05
-0.000523581
3.09257e-05
-0.000544972
2.38382e-05
-0.000562654
1.62054e-05
-0.000576256
8.198e-06
-0.000585489
-0.000590156
1.45356e-06
-1.22248e-05
2.95093e-06
-1.32068e-05
4.53323e-06
-1.51959e-05
6.23643e-06
-1.82407e-05
8.08888e-06
-2.24093e-05
1.01092e-05
-2.77851e-05
1.23043e-05
-3.44597e-05
1.46679e-05
-4.25262e-05
1.71797e-05
-5.20705e-05
1.98047e-05
-6.31635e-05
2.24938e-05
-7.58521e-05
2.51845e-05
-9.01515e-05
2.78029e-05
-0.000106038
3.02661e-05
-0.000123444
3.24853e-05
-0.000142253
3.43691e-05
-0.000162298
3.58282e-05
-0.000183361
3.67787e-05
-0.000205176
3.71469e-05
-0.000227432
3.68729e-05
-0.000249781
3.5914e-05
-0.000271847
3.42475e-05
-0.000293232
3.18727e-05
-0.000313534
2.88119e-05
-0.000332353
2.51106e-05
-0.000349304
2.08362e-05
-0.000364033
1.60765e-05
-0.000376225
1.09365e-05
-0.000385613
5.53487e-06
-0.000391991
-0.000395216
8.95493e-07
-7.31491e-06
1.82048e-06
-7.92422e-06
2.80279e-06
-9.16011e-06
3.86703e-06
-1.10559e-05
5.03304e-06
-1.3659e-05
6.31447e-06
-1.70272e-05
7.7175e-06
-2.12252e-05
9.23974e-06
-2.63195e-05
1.08695e-05
-3.23729e-05
1.25854e-05
-3.94393e-05
1.43563e-05
-4.75575e-05
1.61418e-05
-5.67458e-05
1.78933e-05
-6.69974e-05
1.95557e-05
-7.82755e-05
2.10691e-05
-9.05109e-05
2.23712e-05
-0.0001036
2.34002e-05
-0.000117403
2.40977e-05
-0.000131747
2.44112e-05
-0.000146428
2.42975e-05
-0.000161214
2.37249e-05
-0.000175853
2.26751e-05
-0.000190076
2.11451e-05
-0.000203608
1.9148e-05
-0.000216177
1.6713e-05
-0.000227519
1.3885e-05
-0.000237389
1.07235e-05
-0.000245568
7.29993e-06
-0.000251872
3.69596e-06
-0.000256158
-0.000258326
5.49494e-07
-4.25373e-06
1.11866e-06
-4.61962e-06
1.72617e-06
-5.36265e-06
2.38868e-06
-6.50467e-06
3.11991e-06
-8.07672e-06
3.9297e-06
-1.01171e-05
4.82311e-06
-1.26689e-05
5.79974e-06
-1.57768e-05
6.85309e-06
-1.9484e-05
7.97019e-06
-2.38284e-05
9.13151e-06
-2.88387e-05
1.03112e-05
-3.45313e-05
1.14775e-05
-4.09062e-05
1.2594e-05
-4.79449e-05
1.36205e-05
-5.56075e-05
1.45148e-05
-6.38318e-05
1.52346e-05
-7.25323e-05
1.57392e-05
-8.16008e-05
1.59918e-05
-9.0908e-05
1.59613e-05
-0.000100306
1.56245e-05
-0.000109633
1.49671e-05
-0.000118714
1.39855e-05
-0.000127372
1.2687e-05
-0.000135427
1.10903e-05
-0.000142706
9.22514e-06
-0.000149049
7.13148e-06
-0.000154311
4.85807e-06
-0.000158371
2.46067e-06
-0.000161132
-0.000162529
3.41882e-07
-2.31708e-06
6.97038e-07
-2.52164e-06
1.07812e-06
-2.93748e-06
1.49653e-06
-3.57764e-06
1.96185e-06
-4.46071e-06
2.48118e-06
-5.60974e-06
3.0586e-06
-7.05078e-06
3.6946e-06
-8.81114e-06
4.38566e-06
-1.09175e-05
5.12391e-06
-1.33935e-05
5.89699e-06
-1.62582e-05
6.68812e-06
-1.95228e-05
7.47638e-06
-2.31899e-05
8.23729e-06
-2.72504e-05
8.9436e-06
-3.16833e-05
9.56633e-06
-3.64537e-05
1.0076e-05
-4.1513e-05
1.0444e-05
-4.67989e-05
1.06442e-05
-5.22359e-05
1.06539e-05
-5.77374e-05
1.0456e-05
-6.32072e-05
1.00395e-05
-6.85425e-05
9.40043e-06
-7.36367e-05
8.54301e-06
-7.83829e-05
7.47931e-06
-8.26774e-05
6.2293e-06
-8.64231e-05
4.82029e-06
-8.95332e-05
3.28597e-06
-9.19339e-05
1.66509e-06
-9.35677e-05
-9.43947e-05
2.25882e-07
-1.01581e-06
4.61225e-07
-1.10706e-06
7.15081e-07
-1.29269e-06
9.957e-07
-1.57876e-06
1.31011e-06
-1.97394e-06
1.6637e-06
-2.48901e-06
2.0598e-06
-3.13617e-06
2.49929e-06
-3.92833e-06
2.98023e-06
-4.87811e-06
3.4976e-06
-5.99697e-06
4.04315e-06
-7.29407e-06
4.60534e-06
-8.77534e-06
5.16958e-06
-1.04425e-05
5.71848e-06
-1.2292e-05
6.23249e-06
-1.43149e-05
6.69054e-06
-1.64955e-05
7.071e-06
-1.88121e-05
7.35263e-06
-2.12361e-05
7.5157e-06
-2.37331e-05
7.54312e-06
-2.62631e-05
7.4214e-06
-2.87816e-05
7.14169e-06
-3.1241e-05
6.70041e-06
-3.35916e-05
6.09981e-06
-3.57836e-05
5.34817e-06
-3.77685e-05
4.45972e-06
-3.95009e-05
3.45423e-06
-4.09401e-05
2.35632e-06
-4.20516e-05
1.1945e-06
-4.28082e-05
-4.31912e-05
1.74159e-07
3.56006e-07
5.52921e-07
7.71672e-07
1.01809e-06
1.29673e-06
1.61054e-06
1.96053e-06
2.34544e-06
2.76152e-06
3.20237e-06
3.65887e-06
4.11929e-06
4.56956e-06
4.99369e-06
5.37433e-06
5.69351e-06
5.93347e-06
6.0776e-06
6.11135e-06
6.02313e-06
5.80512e-06
5.45392e-06
4.971e-06
4.36289e-06
3.64115e-06
2.82205e-06
1.92597e-06
9.7661e-07
)
;

boundaryField
{
    outerWall
    {
        type            calculated;
        value           uniform 0;
    }
    axis
    {
        type            symmetryPlane;
        value           uniform 0;
    }
    nozzle
    {
        type            calculated;
        value           nonuniform List<scalar> 5(0.996846 0.99689 0.99689 0.99689 0.996846);
    }
    back
    {
        type            empty;
    }
    front
    {
        type            empty;
    }
}


// ************************************************************************* //
