/*--------------------------------*- C++ -*----------------------------------*\
| =========                 |                                                 |
| \\      /  F ield         | OpenFOAM: The Open Source CFD Toolbox           |
|  \\    /   O peration     | Version:  2412                                  |
|   \\  /    A nd           | Website:  www.openfoam.com                      |
|    \\/     M anipulation  |                                                 |
\*---------------------------------------------------------------------------*/
FoamFile
{
    version     2.0;
    format      ascii;
    arch        "LSB;label=32;scalar=64";
    class       volScalarField;
    location    "0.000175";
    object      p;
}
// * * * * * * * * * * * * * * * * * * * * * * * * * * * * * * * * * * * * * //

dimensions      [1 -1 -2 0 0 0 0];

internalField   nonuniform List<scalar> 
3725
(
7.8854e+06
7.85856e+06
7.80678e+06
7.73359e+06
7.64371e+06
7.54242e+06
7.43494e+06
7.32615e+06
7.22035e+06
7.12076e+06
7.02929e+06
6.94657e+06
6.87227e+06
6.80531e+06
6.74389e+06
6.68584e+06
6.62887e+06
6.57029e+06
6.50728e+06
6.43743e+06
6.35902e+06
6.27127e+06
6.17532e+06
6.07471e+06
5.97458e+06
5.88052e+06
5.79807e+06
5.73198e+06
5.68567e+06
5.66195e+06
7.8825e+06
7.85596e+06
7.80475e+06
7.73234e+06
7.64339e+06
7.54313e+06
7.43672e+06
7.32895e+06
7.22402e+06
7.12509e+06
7.03402e+06
6.95147e+06
6.87714e+06
6.80993e+06
6.74811e+06
6.68959e+06
6.63211e+06
6.573e+06
6.50954e+06
6.43935e+06
6.36075e+06
6.27299e+06
6.17723e+06
6.07699e+06
5.97733e+06
5.8837e+06
5.80158e+06
5.7358e+06
5.68979e+06
5.66609e+06
7.87675e+06
7.8508e+06
7.80069e+06
7.72981e+06
7.64271e+06
7.5445e+06
7.44018e+06
7.33442e+06
7.23121e+06
7.1336e+06
7.04337e+06
6.96118e+06
6.88679e+06
6.81911e+06
6.75652e+06
6.69712e+06
6.6386e+06
6.57851e+06
6.51417e+06
6.44332e+06
6.36434e+06
6.27657e+06
6.18119e+06
6.08169e+06
5.98295e+06
5.89023e+06
5.80878e+06
5.74348e+06
5.69806e+06
5.67453e+06
7.86828e+06
7.84316e+06
7.79465e+06
7.726e+06
7.64161e+06
7.54638e+06
7.44515e+06
7.34231e+06
7.24164e+06
7.14599e+06
7.05705e+06
6.97545e+06
6.90101e+06
6.83273e+06
6.76912e+06
6.70847e+06
6.64852e+06
6.58697e+06
6.52137e+06
6.44956e+06
6.37005e+06
6.28227e+06
6.18747e+06
6.08905e+06
5.99169e+06
5.90033e+06
5.81999e+06
5.75543e+06
5.71051e+06
5.6874e+06
7.85724e+06
7.83317e+06
7.78669e+06
7.7209e+06
7.63998e+06
7.5486e+06
7.45133e+06
7.35227e+06
7.2549e+06
7.16183e+06
7.07464e+06
6.99391e+06
6.9195e+06
6.85057e+06
6.78582e+06
6.72361e+06
6.66194e+06
6.59858e+06
6.53139e+06
6.4584e+06
6.37824e+06
6.29049e+06
6.19647e+06
6.09948e+06
6.00389e+06
5.91434e+06
5.83553e+06
5.77202e+06
5.72767e+06
5.7049e+06
7.84386e+06
7.82103e+06
7.77693e+06
7.71451e+06
7.63772e+06
7.55092e+06
7.45838e+06
7.36385e+06
7.27048e+06
7.18057e+06
7.0956e+06
7.01608e+06
6.9419e+06
6.87237e+06
6.80641e+06
6.74251e+06
6.67881e+06
6.61349e+06
6.54452e+06
6.47019e+06
6.38934e+06
6.30171e+06
6.2087e+06
6.11345e+06
6.02002e+06
5.93266e+06
5.85575e+06
5.79361e+06
5.75004e+06
5.72761e+06
7.82839e+06
7.80694e+06
7.76551e+06
7.70687e+06
7.6347e+06
7.55308e+06
7.46588e+06
7.37653e+06
7.28776e+06
7.20158e+06
7.11929e+06
7.04136e+06
6.96769e+06
6.89775e+06
6.83064e+06
6.76502e+06
6.69935e+06
6.63189e+06
6.56103e+06
6.48531e+06
6.40381e+06
6.31647e+06
6.22473e+06
6.13158e+06
6.04067e+06
5.95583e+06
5.88113e+06
5.82066e+06
5.77812e+06
5.75615e+06
7.81113e+06
7.79116e+06
7.7526e+06
7.69803e+06
7.63085e+06
7.55482e+06
7.47344e+06
7.38975e+06
7.30609e+06
7.22414e+06
7.145e+06
7.06907e+06
6.99628e+06
6.92624e+06
6.85817e+06
6.79095e+06
6.72333e+06
6.65384e+06
6.58115e+06
6.50413e+06
6.42215e+06
6.33534e+06
6.24521e+06
6.1545e+06
6.06643e+06
5.98444e+06
5.91223e+06
5.85368e+06
5.8124e+06
5.79103e+06
7.79238e+06
7.77396e+06
7.73839e+06
7.68806e+06
7.6261e+06
7.55591e+06
7.48065e+06
7.40296e+06
7.32479e+06
7.24749e+06
7.17192e+06
7.09843e+06
7.02696e+06
6.9572e+06
6.88851e+06
6.81998e+06
6.7506e+06
6.6793e+06
6.605e+06
6.52694e+06
6.44477e+06
6.35886e+06
6.27072e+06
6.18282e+06
6.09794e+06
6.01906e+06
5.94959e+06
5.89318e+06
5.85333e+06
5.83266e+06
7.77249e+06
7.75562e+06
7.72308e+06
7.67705e+06
7.62039e+06
7.55616e+06
7.48717e+06
7.41565e+06
7.34321e+06
7.27088e+06
7.19927e+06
7.12864e+06
7.05894e+06
6.98993e+06
6.92103e+06
6.8516e+06
6.78084e+06
6.70811e+06
6.63259e+06
6.55391e+06
6.47202e+06
6.38747e+06
6.30178e+06
6.21708e+06
6.13569e+06
6.06019e+06
5.99366e+06
5.93955e+06
5.90124e+06
5.88134e+06
7.75177e+06
7.73644e+06
7.70688e+06
7.6651e+06
7.6137e+06
7.55541e+06
7.49266e+06
7.42733e+06
7.36072e+06
7.29357e+06
7.22623e+06
7.15886e+06
7.09139e+06
7.02357e+06
6.95499e+06
6.88515e+06
6.81358e+06
6.73992e+06
6.66377e+06
6.58506e+06
6.50404e+06
6.42144e+06
6.33871e+06
6.25763e+06
6.18006e+06
6.10816e+06
6.04473e+06
5.99301e+06
5.9563e+06
5.93715e+06
7.73054e+06
7.7167e+06
7.69002e+06
7.65235e+06
7.60605e+06
7.55353e+06
7.49687e+06
7.43763e+06
7.3768e+06
7.31489e+06
7.25203e+06
7.18824e+06
7.1234e+06
7.05726e+06
6.98954e+06
6.91993e+06
6.84825e+06
6.77424e+06
6.69818e+06
6.6202e+06
6.54078e+06
6.46083e+06
6.38164e+06
6.30462e+06
6.23117e+06
6.16308e+06
6.10285e+06
6.05354e+06
6.01837e+06
5.99988e+06
7.70912e+06
7.69667e+06
7.67271e+06
7.63894e+06
7.59748e+06
7.55043e+06
7.49959e+06
7.4462e+06
7.391e+06
7.33426e+06
7.27597e+06
7.21598e+06
7.1541e+06
7.09012e+06
7.02381e+06
6.95506e+06
6.88388e+06
6.81045e+06
6.73531e+06
6.65893e+06
6.58198e+06
6.50543e+06
6.43042e+06
6.35792e+06
6.2889e+06
6.22477e+06
6.16776e+06
6.12075e+06
6.08697e+06
6.06888e+06
7.68778e+06
7.67662e+06
7.65519e+06
7.62502e+06
7.58804e+06
7.5461e+06
7.50069e+06
7.45281e+06
7.40295e+06
7.35123e+06
7.29746e+06
7.24137e+06
7.18271e+06
7.12126e+06
7.0569e+06
6.98965e+06
6.9198e+06
6.84786e+06
6.77445e+06
6.70066e+06
6.62711e+06
6.55482e+06
6.48462e+06
6.4171e+06
6.35276e+06
6.29269e+06
6.23882e+06
6.19383e+06
6.1611e+06
6.14301e+06
7.66678e+06
7.6568e+06
7.63765e+06
7.61076e+06
7.57784e+06
7.54053e+06
7.50009e+06
7.45727e+06
7.41241e+06
7.36543e+06
7.31601e+06
7.26381e+06
7.20852e+06
7.14993e+06
7.08799e+06
7.02289e+06
6.95511e+06
6.88545e+06
6.81489e+06
6.74466e+06
6.67549e+06
6.60829e+06
6.54355e+06
6.48139e+06
6.42193e+06
6.36588e+06
6.31492e+06
6.27146e+06
6.23918e+06
6.22015e+06
7.64635e+06
7.63742e+06
7.6203e+06
7.5963e+06
7.56699e+06
7.53379e+06
7.49778e+06
7.45953e+06
7.41922e+06
7.3766e+06
7.33128e+06
7.28286e+06
7.23098e+06
7.17546e+06
7.11634e+06
7.05397e+06
6.98905e+06
6.92264e+06
6.85597e+06
6.7901e+06
6.72627e+06
6.66493e+06
6.60621e+06
6.54972e+06
6.4952e+06
6.443e+06
6.39453e+06
6.35191e+06
6.31944e+06
6.29902e+06
7.6267e+06
7.61867e+06
7.60331e+06
7.58181e+06
7.55561e+06
7.52598e+06
7.49381e+06
7.45958e+06
7.42328e+06
7.38458e+06
7.34304e+06
7.29818e+06
7.24966e+06
7.19733e+06
7.14134e+06
7.0822e+06
7.02082e+06
6.95843e+06
6.89649e+06
6.83617e+06
6.77868e+06
6.72367e+06
6.67141e+06
6.62078e+06
6.5711e+06
6.52237e+06
6.47568e+06
6.4325e+06
6.39647e+06
6.36919e+06
7.60799e+06
7.60072e+06
7.58683e+06
7.56744e+06
7.54384e+06
7.51719e+06
7.48829e+06
7.45747e+06
7.42461e+06
7.38934e+06
7.35116e+06
7.3096e+06
7.26431e+06
7.21523e+06
7.16262e+06
7.10715e+06
7.04994e+06
6.9924e+06
6.93601e+06
6.882e+06
6.83096e+06
6.78344e+06
6.73789e+06
6.69311e+06
6.648e+06
6.60226e+06
6.55683e+06
6.5141e+06
6.47913e+06
6.44807e+06
7.59035e+06
7.5837e+06
7.57101e+06
7.55331e+06
7.53182e+06
7.50759e+06
7.48135e+06
7.45331e+06
7.42331e+06
7.39093e+06
7.35567e+06
7.31706e+06
7.27482e+06
7.22898e+06
7.17993e+06
7.12854e+06
7.07608e+06
7.02411e+06
6.97413e+06
6.92726e+06
6.88384e+06
6.84341e+06
6.80449e+06
6.76525e+06
6.72405e+06
6.68011e+06
6.63244e+06
6.58195e+06
6.52676e+06
6.46675e+06
7.57391e+06
7.56773e+06
7.55595e+06
7.53954e+06
7.51966e+06
7.49731e+06
7.47311e+06
7.44724e+06
7.4195e+06
7.38948e+06
7.35667e+06
7.32067e+06
7.28127e+06
7.23862e+06
7.19328e+06
7.1463e+06
7.0991e+06
7.05328e+06
7.0103e+06
6.97106e+06
6.9355e+06
6.90242e+06
6.86998e+06
6.83609e+06
6.79843e+06
6.75677e+06
6.71121e+06
6.66293e+06
6.61041e+06
6.54281e+06
7.56025e+06
7.55437e+06
7.54315e+06
7.52756e+06
7.50871e+06
7.48755e+06
7.46466e+06
7.44021e+06
7.414e+06
7.38562e+06
7.35461e+06
7.32064e+06
7.2836e+06
7.24378e+06
7.20192e+06
7.15919e+06
7.11712e+06
7.0773e+06
7.04103e+06
7.00889e+06
6.98043e+06
6.95395e+06
6.92705e+06
6.89707e+06
6.86201e+06
6.82045e+06
6.76725e+06
6.70798e+06
6.59675e+06
6.37971e+06
7.54897e+06
7.54325e+06
7.53237e+06
7.51725e+06
7.49901e+06
7.47858e+06
7.4565e+06
7.43295e+06
7.40774e+06
7.3805e+06
7.35083e+06
7.31846e+06
7.28341e+06
7.2461e+06
7.20741e+06
7.16865e+06
7.1314e+06
7.09719e+06
7.0671e+06
7.04137e+06
7.01913e+06
6.99831e+06
6.97611e+06
6.94985e+06
6.91709e+06
6.87711e+06
6.82497e+06
6.76724e+06
6.66837e+06
6.5322e+06
7.53855e+06
7.53292e+06
7.52219e+06
7.50732e+06
7.4894e+06
7.46936e+06
7.44775e+06
7.42476e+06
7.40024e+06
7.37385e+06
7.34527e+06
7.31433e+06
7.28118e+06
7.24639e+06
7.21099e+06
7.1764e+06
7.14419e+06
7.11579e+06
7.092e+06
7.07269e+06
7.0565e+06
7.04102e+06
7.02316e+06
7.00007e+06
6.96908e+06
6.92903e+06
6.87264e+06
6.80453e+06
6.66822e+06
6.53159e+06
7.52902e+06
7.52337e+06
7.51264e+06
7.49779e+06
7.47991e+06
7.45995e+06
7.43849e+06
7.41573e+06
7.39159e+06
7.36579e+06
7.3381e+06
7.30847e+06
7.27717e+06
7.24496e+06
7.21299e+06
7.18276e+06
7.1558e+06
7.13334e+06
7.11588e+06
7.10286e+06
7.09248e+06
7.08195e+06
7.06797e+06
7.04758e+06
7.0183e+06
6.97926e+06
6.9257e+06
6.86189e+06
6.75337e+06
6.60456e+06
7.52036e+06
7.51463e+06
7.50374e+06
7.48867e+06
7.47056e+06
7.45038e+06
7.42876e+06
7.40595e+06
7.38192e+06
7.3565e+06
7.32954e+06
7.30112e+06
7.2717e+06
7.24216e+06
7.21379e+06
7.18811e+06
7.16656e+06
7.15011e+06
7.13892e+06
7.13197e+06
7.12705e+06
7.12101e+06
7.1104e+06
7.09222e+06
7.06418e+06
7.02561e+06
6.97114e+06
6.90488e+06
6.78032e+06
6.5253e+06
5.82787e+06
5.91699e+06
5.79761e+06
5.65276e+06
5.49148e+06
5.30833e+06
5.10495e+06
4.88389e+06
4.64717e+06
4.39667e+06
4.13441e+06
3.86252e+06
3.58313e+06
3.29824e+06
3.0097e+06
2.71911e+06
2.42778e+06
2.13673e+06
1.84675e+06
1.55822e+06
1.27149e+06
986614
703034
421359
140475
6.18052e+06
6.01262e+06
5.8559e+06
5.68799e+06
5.50938e+06
5.31767e+06
5.11006e+06
4.88643e+06
4.64856e+06
4.39743e+06
4.13483e+06
3.86275e+06
3.58325e+06
3.2983e+06
3.00973e+06
2.71912e+06
2.42778e+06
2.13672e+06
1.84674e+06
1.55822e+06
1.27149e+06
986611
703033
421358
140475
6.0267e+06
5.95201e+06
5.82298e+06
5.66458e+06
5.49351e+06
5.30808e+06
5.10456e+06
4.88356e+06
4.64696e+06
4.39655e+06
4.13436e+06
3.8625e+06
3.58311e+06
3.29822e+06
3.00967e+06
2.71907e+06
2.42774e+06
2.1367e+06
1.84672e+06
1.55821e+06
1.27148e+06
986608
703030
421356
140474
6.21961e+06
6.02808e+06
5.86461e+06
5.69417e+06
5.51228e+06
5.31919e+06
5.11095e+06
4.88701e+06
4.64894e+06
4.39769e+06
4.135e+06
3.86286e+06
3.5833e+06
3.29831e+06
3.00971e+06
2.71908e+06
2.42774e+06
2.13669e+06
1.84671e+06
1.5582e+06
1.27147e+06
986604
703028
421355
140474
5.85319e+06
5.942e+06
5.80886e+06
5.65907e+06
5.4952e+06
5.31053e+06
5.10629e+06
4.88477e+06
4.64777e+06
4.39707e+06
4.13468e+06
3.86269e+06
3.58321e+06
3.29826e+06
3.00967e+06
2.71905e+06
2.42771e+06
2.13667e+06
1.8467e+06
1.55819e+06
1.27147e+06
986602
703027
421354
140473
7.51154e+06
7.50562e+06
7.49438e+06
7.47883e+06
7.46016e+06
7.43942e+06
7.41729e+06
7.39412e+06
7.36996e+06
7.34476e+06
7.31851e+06
7.29146e+06
7.26423e+06
7.23789e+06
7.21381e+06
7.19349e+06
7.17819e+06
7.16856e+06
7.16428e+06
7.16386e+06
7.16462e+06
7.16309e+06
7.15567e+06
7.13945e+06
7.11265e+06
7.07512e+06
7.02675e+06
6.97045e+06
6.90511e+06
6.82311e+06
7.50304e+06
7.49678e+06
7.48491e+06
7.46851e+06
7.44884e+06
7.42704e+06
7.40394e+06
7.38e+06
7.35541e+06
7.33028e+06
7.30476e+06
7.27931e+06
7.25476e+06
7.2323e+06
7.21336e+06
7.19931e+06
7.1911e+06
7.18894e+06
7.19199e+06
7.19824e+06
7.20454e+06
7.20713e+06
7.20232e+06
7.18735e+06
7.1608e+06
7.12302e+06
7.07488e+06
7.01834e+06
6.95435e+06
6.88508e+06
7.49578e+06
7.48908e+06
7.47638e+06
7.45883e+06
7.4378e+06
7.41458e+06
7.39016e+06
7.36516e+06
7.33995e+06
7.31481e+06
7.29011e+06
7.26649e+06
7.24494e+06
7.22676e+06
7.21331e+06
7.20574e+06
7.20462e+06
7.20968e+06
7.21955e+06
7.23171e+06
7.24263e+06
7.24834e+06
7.24515e+06
7.23054e+06
7.2036e+06
7.16563e+06
7.1198e+06
7.07069e+06
7.02744e+06
6.9893e+06
7.48966e+06
7.48242e+06
7.46868e+06
7.44972e+06
7.42704e+06
7.40209e+06
7.37608e+06
7.34982e+06
7.32391e+06
7.29884e+06
7.27516e+06
7.25371e+06
7.23561e+06
7.22213e+06
7.21449e+06
7.21352e+06
7.21937e+06
7.23127e+06
7.24731e+06
7.26453e+06
7.27909e+06
7.28689e+06
7.28432e+06
7.26917e+06
7.24105e+06
7.2019e+06
7.15577e+06
7.10771e+06
7.06527e+06
7.03316e+06
7.48453e+06
7.47667e+06
7.46173e+06
7.44114e+06
7.41656e+06
7.38965e+06
7.36186e+06
7.33427e+06
7.30771e+06
7.28289e+06
7.26059e+06
7.24176e+06
7.22758e+06
7.21921e+06
7.21762e+06
7.22326e+06
7.23584e+06
7.25405e+06
7.27552e+06
7.29688e+06
7.31406e+06
7.32292e+06
7.32003e+06
7.30353e+06
7.27356e+06
7.2327e+06
7.18573e+06
7.13867e+06
7.0999e+06
7.07476e+06
7.48022e+06
7.47165e+06
7.4554e+06
7.433e+06
7.40636e+06
7.37735e+06
7.34773e+06
7.31885e+06
7.29183e+06
7.2676e+06
7.24711e+06
7.23142e+06
7.22162e+06
7.2187e+06
7.22329e+06
7.23545e+06
7.25436e+06
7.27824e+06
7.3043e+06
7.32882e+06
7.3476e+06
7.35654e+06
7.35248e+06
7.33394e+06
7.30161e+06
7.25859e+06
7.21018e+06
7.16298e+06
7.12504e+06
7.10197e+06
7.47651e+06
7.46721e+06
7.44956e+06
7.42527e+06
7.39649e+06
7.36538e+06
7.33398e+06
7.30402e+06
7.27685e+06
7.25365e+06
7.2355e+06
7.22344e+06
7.21844e+06
7.2212e+06
7.232e+06
7.2504e+06
7.27512e+06
7.30392e+06
7.33362e+06
7.36028e+06
7.37966e+06
7.38778e+06
7.38182e+06
7.36074e+06
7.32571e+06
7.2803e+06
7.23018e+06
7.18231e+06
7.14453e+06
7.12275e+06
7.47321e+06
7.46316e+06
7.4441e+06
7.41794e+06
7.38705e+06
7.35397e+06
7.32103e+06
7.2903e+06
7.26344e+06
7.24178e+06
7.22648e+06
7.21851e+06
7.21863e+06
7.2272e+06
7.24406e+06
7.26828e+06
7.29813e+06
7.33095e+06
7.36329e+06
7.39108e+06
7.4101e+06
7.41663e+06
7.4082e+06
7.38422e+06
7.34634e+06
7.2985e+06
7.24664e+06
7.19788e+06
7.15984e+06
7.13853e+06
7.47012e+06
7.45934e+06
7.43895e+06
7.41102e+06
7.37825e+06
7.34346e+06
7.30937e+06
7.27834e+06
7.2523e+06
7.23273e+06
7.22079e+06
7.21729e+06
7.22272e+06
7.23705e+06
7.25963e+06
7.28908e+06
7.32323e+06
7.35909e+06
7.39301e+06
7.42091e+06
7.4387e+06
7.44297e+06
7.43166e+06
7.40461e+06
7.36391e+06
7.31379e+06
7.26034e+06
7.21074e+06
7.17239e+06
7.15126e+06
7.46706e+06
7.45565e+06
7.43408e+06
7.40466e+06
7.37034e+06
7.33431e+06
7.29959e+06
7.26884e+06
7.24421e+06
7.22726e+06
7.21909e+06
7.22032e+06
7.23109e+06
7.25093e+06
7.27872e+06
7.31262e+06
7.3501e+06
7.38793e+06
7.42236e+06
7.44939e+06
7.46519e+06
7.46667e+06
7.45222e+06
7.4221e+06
7.37875e+06
7.32665e+06
7.27192e+06
7.2217e+06
7.18318e+06
7.16216e+06
7.46396e+06
7.45205e+06
7.42959e+06
7.39908e+06
7.36374e+06
7.32706e+06
7.29237e+06
7.26255e+06
7.23991e+06
7.22607e+06
7.222e+06
7.22805e+06
7.24398e+06
7.26887e+06
7.30113e+06
7.33855e+06
7.37828e+06
7.41695e+06
7.45083e+06
7.47611e+06
7.48925e+06
7.48757e+06
7.46987e+06
7.43681e+06
7.39113e+06
7.33745e+06
7.28187e+06
7.23139e+06
7.19292e+06
7.17208e+06
7.46086e+06
7.44865e+06
7.42569e+06
7.39464e+06
7.35895e+06
7.32235e+06
7.28842e+06
7.26023e+06
7.24017e+06
7.22983e+06
7.23002e+06
7.24078e+06
7.26145e+06
7.29069e+06
7.32651e+06
7.36634e+06
7.40717e+06
7.44557e+06
7.47791e+06
7.50064e+06
7.51059e+06
7.50549e+06
7.48456e+06
7.44881e+06
7.40123e+06
7.34647e+06
7.29055e+06
7.24024e+06
7.20215e+06
7.1816e+06
7.45798e+06
7.44573e+06
7.42275e+06
7.39184e+06
7.35659e+06
7.3209e+06
7.28854e+06
7.26268e+06
7.24569e+06
7.23911e+06
7.24351e+06
7.25862e+06
7.28338e+06
7.31605e+06
7.35431e+06
7.39537e+06
7.43612e+06
7.47316e+06
7.50307e+06
7.52259e+06
7.52895e+06
7.52032e+06
7.49628e+06
7.4582e+06
7.4092e+06
7.35393e+06
7.29823e+06
7.24857e+06
7.2112e+06
7.19111e+06
7.45578e+06
7.44379e+06
7.42137e+06
7.39134e+06
7.35739e+06
7.32351e+06
7.2935e+06
7.27058e+06
7.25706e+06
7.25429e+06
7.26263e+06
7.28147e+06
7.30942e+06
7.34442e+06
7.38389e+06
7.42494e+06
7.46444e+06
7.49913e+06
7.52581e+06
7.5416e+06
7.54413e+06
7.53197e+06
7.50506e+06
7.46504e+06
7.41517e+06
7.35999e+06
7.30511e+06
7.2566e+06
7.22032e+06
7.2009e+06
7.45504e+06
7.44363e+06
7.42235e+06
7.39399e+06
7.36221e+06
7.33099e+06
7.30406e+06
7.28456e+06
7.27468e+06
7.27555e+06
7.28728e+06
7.30902e+06
7.33907e+06
7.37514e+06
7.41454e+06
7.45433e+06
7.49147e+06
7.5229e+06
7.54573e+06
7.55741e+06
7.55599e+06
7.5404e+06
7.51094e+06
7.46947e+06
7.41928e+06
7.36482e+06
7.31134e+06
7.26451e+06
7.22969e+06
7.21112e+06
7.45685e+06
7.44633e+06
7.42675e+06
7.4008e+06
7.37199e+06
7.34415e+06
7.32085e+06
7.30504e+06
7.29872e+06
7.30283e+06
7.31719e+06
7.34077e+06
7.37167e+06
7.40748e+06
7.44549e+06
7.48282e+06
7.51661e+06
7.54403e+06
7.56249e+06
7.56982e+06
7.56445e+06
7.54566e+06
7.51403e+06
7.47161e+06
7.4217e+06
7.36856e+06
7.31706e+06
7.2724e+06
7.23942e+06
7.2219e+06
7.46264e+06
7.45326e+06
7.43585e+06
7.41291e+06
7.3877e+06
7.36375e+06
7.34439e+06
7.33228e+06
7.32919e+06
7.33584e+06
7.35187e+06
7.37606e+06
7.40647e+06
7.44067e+06
7.47602e+06
7.50981e+06
7.53936e+06
7.56214e+06
7.57588e+06
7.57875e+06
7.56955e+06
7.54785e+06
7.51448e+06
7.47164e+06
7.42259e+06
7.37135e+06
7.3224e+06
7.28039e+06
7.24961e+06
7.23333e+06
7.47409e+06
7.46603e+06
7.45111e+06
7.43156e+06
7.41029e+06
7.39046e+06
7.37502e+06
7.36632e+06
7.36586e+06
7.37413e+06
7.39067e+06
7.41416e+06
7.44271e+06
7.47399e+06
7.50551e+06
7.53477e+06
7.55936e+06
7.57703e+06
7.58581e+06
7.58422e+06
7.57137e+06
7.54711e+06
7.51247e+06
7.46973e+06
7.42212e+06
7.37336e+06
7.32749e+06
7.28859e+06
7.26035e+06
7.2455e+06
7.49302e+06
7.48634e+06
7.47403e+06
7.45799e+06
7.44068e+06
7.42485e+06
7.41298e+06
7.40707e+06
7.40835e+06
7.41713e+06
7.4329e+06
7.45435e+06
7.47969e+06
7.50682e+06
7.53346e+06
7.55737e+06
7.57641e+06
7.58861e+06
7.59233e+06
7.58637e+06
7.57012e+06
7.54367e+06
7.50821e+06
7.46611e+06
7.42047e+06
7.37472e+06
7.33245e+06
7.29713e+06
7.27175e+06
7.25849e+06
7.52121e+06
7.51587e+06
7.50606e+06
7.49332e+06
7.47966e+06
7.46732e+06
7.45833e+06
7.45431e+06
7.45622e+06
7.46426e+06
7.47791e+06
7.49599e+06
7.51688e+06
7.53873e+06
7.55959e+06
7.57747e+06
7.5905e+06
7.59701e+06
7.59563e+06
7.58544e+06
7.56607e+06
7.53781e+06
7.50199e+06
7.46101e+06
7.41786e+06
7.37567e+06
7.33752e+06
7.30618e+06
7.28388e+06
7.27228e+06
7.5602e+06
7.55605e+06
7.54843e+06
7.5385e+06
7.52783e+06
7.51815e+06
7.51103e+06
7.50775e+06
7.50903e+06
7.51501e+06
7.5252e+06
7.53863e+06
7.55395e+06
7.56958e+06
7.58389e+06
7.59519e+06
7.60188e+06
7.60256e+06
7.59612e+06
7.58186e+06
7.55965e+06
7.52994e+06
7.49417e+06
7.45478e+06
7.41464e+06
7.3766e+06
7.3431e+06
7.31596e+06
7.29671e+06
7.28676e+06
7.61116e+06
7.60796e+06
7.60202e+06
7.59417e+06
7.58555e+06
7.57743e+06
7.57097e+06
7.56712e+06
7.56642e+06
7.569e+06
7.57449e+06
7.58214e+06
7.5909e+06
7.59953e+06
7.60666e+06
7.61095e+06
7.61106e+06
7.60583e+06
7.59438e+06
7.57623e+06
7.55143e+06
7.52058e+06
7.48526e+06
7.44795e+06
7.41144e+06
7.37813e+06
7.34945e+06
7.32631e+06
7.31028e+06
7.30213e+06
7.67469e+06
7.67209e+06
7.66719e+06
7.66052e+06
7.65286e+06
7.64505e+06
7.6379e+06
7.63212e+06
7.62814e+06
7.62609e+06
7.62575e+06
7.62666e+06
7.62807e+06
7.62906e+06
7.62856e+06
7.62551e+06
7.61888e+06
7.6077e+06
7.59129e+06
7.56939e+06
7.54222e+06
7.51053e+06
7.47604e+06
7.44135e+06
7.40903e+06
7.38055e+06
7.35625e+06
7.33763e+06
7.32504e+06
7.31881e+06
7.75063e+06
7.74828e+06
7.74372e+06
7.73728e+06
7.72941e+06
7.72064e+06
7.7115e+06
7.70253e+06
7.69407e+06
7.68635e+06
7.67927e+06
7.67269e+06
7.66614e+06
7.65903e+06
7.65059e+06
7.64e+06
7.6265e+06
7.60933e+06
7.58802e+06
7.56248e+06
7.53313e+06
7.50089e+06
7.46763e+06
7.43595e+06
7.40782e+06
7.38368e+06
7.36471e+06
7.35056e+06
7.3415e+06
7.33719e+06
7.83807e+06
7.83561e+06
7.83074e+06
7.82362e+06
7.81447e+06
7.80358e+06
7.79132e+06
7.77808e+06
7.7642e+06
7.74999e+06
7.73553e+06
7.72097e+06
7.70608e+06
7.69061e+06
7.67406e+06
7.65584e+06
7.63538e+06
7.6122e+06
7.58603e+06
7.55696e+06
7.52559e+06
7.49307e+06
7.4613e+06
7.43257e+06
7.40825e+06
7.3893e+06
7.37537e+06
7.3659e+06
7.36039e+06
7.35795e+06
7.93532e+06
7.93246e+06
7.92674e+06
7.91818e+06
7.90687e+06
7.89295e+06
7.8767e+06
7.85842e+06
7.8385e+06
7.81732e+06
7.79518e+06
7.77242e+06
7.74909e+06
7.72518e+06
7.7005e+06
7.67464e+06
7.64726e+06
7.61806e+06
7.58705e+06
7.55453e+06
7.52124e+06
7.48856e+06
7.45828e+06
7.43237e+06
7.41241e+06
7.39834e+06
7.38953e+06
7.38476e+06
7.38274e+06
7.38215e+06
8.04006e+06
8.03659e+06
8.02962e+06
8.0191e+06
8.00503e+06
7.98753e+06
7.96679e+06
7.94308e+06
7.91687e+06
7.88862e+06
7.85883e+06
7.82798e+06
7.79637e+06
7.76421e+06
7.73153e+06
7.69817e+06
7.66397e+06
7.62887e+06
7.59304e+06
7.55708e+06
7.52188e+06
7.48905e+06
7.46033e+06
7.43764e+06
7.42174e+06
7.41258e+06
7.40881e+06
7.40856e+06
7.40991e+06
7.41109e+06
8.14947e+06
8.14529e+06
8.13686e+06
8.12412e+06
8.10705e+06
8.08578e+06
8.06044e+06
8.03134e+06
7.99901e+06
7.96398e+06
7.92691e+06
7.88843e+06
7.84903e+06
7.80902e+06
7.7687e+06
7.72814e+06
7.68734e+06
7.6465e+06
7.60601e+06
7.56666e+06
7.52959e+06
7.49669e+06
7.46972e+06
7.45002e+06
7.43831e+06
7.43395e+06
7.43497e+06
7.43902e+06
7.44358e+06
7.44646e+06
8.26049e+06
8.25558e+06
8.24568e+06
8.23073e+06
8.21077e+06
8.18591e+06
8.15626e+06
8.1222e+06
8.08433e+06
8.04318e+06
7.99962e+06
7.95425e+06
7.90779e+06
7.86065e+06
7.81328e+06
7.76601e+06
7.71901e+06
7.67273e+06
7.62782e+06
7.58529e+06
7.54657e+06
7.51373e+06
7.4884e+06
7.47184e+06
7.46425e+06
7.46447e+06
7.47004e+06
7.47812e+06
7.48565e+06
7.49011e+06
8.37002e+06
8.36444e+06
8.35322e+06
8.33635e+06
8.31389e+06
8.28594e+06
8.25262e+06
8.21442e+06
8.17192e+06
8.12568e+06
8.07665e+06
8.02545e+06
7.97292e+06
7.91962e+06
7.86608e+06
7.8128e+06
7.76022e+06
7.70899e+06
7.66007e+06
7.61475e+06
7.57468e+06
7.54211e+06
7.51857e+06
7.50514e+06
7.50159e+06
7.50618e+06
7.51603e+06
7.52783e+06
7.53808e+06
7.54398e+06
8.47513e+06
8.46903e+06
8.45681e+06
8.43847e+06
8.41411e+06
8.38379e+06
8.34774e+06
8.30649e+06
8.26052e+06
8.21044e+06
8.15723e+06
8.10152e+06
8.04415e+06
7.98588e+06
7.92727e+06
7.86889e+06
7.81158e+06
7.75613e+06
7.70383e+06
7.65626e+06
7.61542e+06
7.58344e+06
7.56198e+06
7.55176e+06
7.55212e+06
7.56086e+06
7.57473e+06
7.58994e+06
7.60267e+06
7.60987e+06
8.57331e+06
8.56689e+06
8.55405e+06
8.53481e+06
8.50928e+06
8.47751e+06
8.4398e+06
8.39671e+06
8.3486e+06
8.29607e+06
8.24012e+06
8.1814e+06
8.12062e+06
8.05867e+06
7.99624e+06
7.93398e+06
7.87301e+06
7.81429e+06
7.7595e+06
7.71052e+06
7.66954e+06
7.63875e+06
7.61974e+06
7.61288e+06
7.61713e+06
7.62984e+06
7.64745e+06
7.66577e+06
7.68072e+06
7.68908e+06
8.66255e+06
8.65602e+06
8.64297e+06
8.62343e+06
8.59749e+06
8.56523e+06
8.52707e+06
8.48334e+06
8.4344e+06
8.38098e+06
8.32373e+06
8.26352e+06
8.20085e+06
8.13664e+06
8.07173e+06
8.00711e+06
7.94373e+06
7.88267e+06
7.82672e+06
7.77733e+06
7.73711e+06
7.70826e+06
7.6922e+06
7.68898e+06
7.69714e+06
7.71371e+06
7.73481e+06
7.75593e+06
7.77285e+06
7.78223e+06
8.74142e+06
8.73499e+06
8.72212e+06
8.70286e+06
8.67723e+06
8.64544e+06
8.60787e+06
8.56469e+06
8.51619e+06
8.46332e+06
8.40617e+06
8.34588e+06
8.28292e+06
8.21799e+06
8.15212e+06
8.08624e+06
8.02182e+06
7.96046e+06
7.90426e+06
7.85566e+06
7.81729e+06
7.79129e+06
7.77881e+06
7.77961e+06
7.79178e+06
7.81213e+06
7.83648e+06
7.86014e+06
7.87877e+06
7.88901e+06
8.8091e+06
8.80293e+06
8.79055e+06
8.77206e+06
8.74746e+06
8.71698e+06
8.68086e+06
8.63919e+06
8.59246e+06
8.54117e+06
8.48551e+06
8.42653e+06
8.36456e+06
8.30033e+06
8.23498e+06
8.16963e+06
8.10568e+06
8.04501e+06
7.99009e+06
7.94369e+06
7.90842e+06
7.88628e+06
7.87816e+06
7.88339e+06
7.89975e+06
7.92382e+06
7.95121e+06
7.97714e+06
7.99722e+06
8.00816e+06
8.86532e+06
8.85952e+06
8.84791e+06
8.83058e+06
8.80755e+06
8.77897e+06
8.74512e+06
8.7057e+06
8.66163e+06
8.61304e+06
8.56001e+06
8.50328e+06
8.4437e+06
8.38159e+06
8.31809e+06
8.25441e+06
8.19223e+06
8.13376e+06
8.08173e+06
8.03902e+06
8.00818e+06
7.99097e+06
7.98792e+06
7.99803e+06
8.0188e+06
8.04655e+06
8.07677e+06
8.10468e+06
8.12601e+06
8.1375e+06
8.91026e+06
8.90498e+06
8.89433e+06
8.8785e+06
8.85741e+06
8.83115e+06
8.79995e+06
8.76374e+06
8.72287e+06
8.67756e+06
8.62801e+06
8.57472e+06
8.51817e+06
8.45907e+06
8.39845e+06
8.3377e+06
8.27873e+06
8.22402e+06
8.17644e+06
8.13888e+06
8.11375e+06
8.10248e+06
8.10524e+06
8.12061e+06
8.14594e+06
8.1773e+06
8.21016e+06
8.23979e+06
8.26211e+06
8.27405e+06
8.94485e+06
8.9401e+06
8.93058e+06
8.91636e+06
8.8974e+06
8.87373e+06
8.8455e+06
8.81266e+06
8.77537e+06
8.73378e+06
8.68809e+06
8.63862e+06
8.58586e+06
8.53053e+06
8.47376e+06
8.41709e+06
8.36267e+06
8.31314e+06
8.27146e+06
8.2404e+06
8.22211e+06
8.21768e+06
8.22681e+06
8.24778e+06
8.27771e+06
8.31258e+06
8.34779e+06
8.37892e+06
8.40203e+06
8.41429e+06
8.97015e+06
8.96594e+06
8.95754e+06
8.94493e+06
8.92809e+06
8.90703e+06
8.88181e+06
8.85235e+06
8.81869e+06
8.78096e+06
8.73927e+06
8.6939e+06
8.64533e+06
8.59435e+06
8.5422e+06
8.49061e+06
8.44189e+06
8.3988e+06
8.36425e+06
8.34083e+06
8.33033e+06
8.33338e+06
8.34929e+06
8.37604e+06
8.4105e+06
8.44864e+06
8.48597e+06
8.51829e+06
8.54198e+06
8.55445e+06
8.98726e+06
8.98357e+06
8.9762e+06
8.96511e+06
8.95027e+06
8.93167e+06
8.90928e+06
8.88303e+06
8.85287e+06
8.81886e+06
8.78113e+06
8.73992e+06
8.69574e+06
8.64949e+06
8.60255e+06
8.55683e+06
8.51477e+06
8.47915e+06
8.45275e+06
8.43782e+06
8.43575e+06
8.4467e+06
8.46958e+06
8.50207e+06
8.54087e+06
8.58192e+06
8.62101e+06
8.65423e+06
8.67827e+06
8.69083e+06
8.9973e+06
8.99408e+06
8.98761e+06
8.97787e+06
8.96482e+06
8.94842e+06
8.92857e+06
8.90521e+06
8.87824e+06
8.84771e+06
8.81371e+06
8.77655e+06
8.73681e+06
8.69552e+06
8.65421e+06
8.61498e+06
8.58033e+06
8.55297e+06
8.53541e+06
8.52952e+06
8.53622e+06
8.55522e+06
8.585e+06
8.62298e+06
8.66572e+06
8.70925e+06
8.74969e+06
8.78347e+06
8.80763e+06
8.82015e+06
9.00135e+06
8.99851e+06
8.99282e+06
8.98422e+06
8.97269e+06
8.95815e+06
8.94047e+06
8.9196e+06
8.89544e+06
8.86799e+06
8.83743e+06
8.80411e+06
8.76876e+06
8.73255e+06
8.6972e+06
8.66492e+06
8.63821e+06
8.61962e+06
8.61134e+06
8.61474e+06
8.63025e+06
8.65714e+06
8.69347e+06
8.73645e+06
8.78261e+06
8.82807e+06
8.86941e+06
8.90335e+06
8.92739e+06
8.93973e+06
9.00037e+06
8.99784e+06
8.99277e+06
8.98511e+06
8.9748e+06
8.96174e+06
8.94586e+06
8.92705e+06
8.90524e+06
8.88048e+06
8.853e+06
8.8233e+06
8.79225e+06
8.7612e+06
8.73204e+06
8.70704e+06
8.68864e+06
8.67911e+06
8.68023e+06
8.69288e+06
8.71696e+06
8.75125e+06
8.79356e+06
8.84086e+06
8.88973e+06
8.93659e+06
8.97826e+06
9.01195e+06
9.03561e+06
9.04765e+06
8.99521e+06
8.99293e+06
8.98832e+06
8.98136e+06
8.97198e+06
8.96009e+06
8.9456e+06
8.92842e+06
8.90854e+06
8.88608e+06
8.86138e+06
8.8351e+06
8.80828e+06
8.78248e+06
8.7597e+06
8.74223e+06
8.7323e+06
8.7319e+06
8.74232e+06
8.76389e+06
8.79599e+06
8.837e+06
8.88447e+06
8.9353e+06
8.98608e+06
9.03366e+06
9.0751e+06
9.10815e+06
9.13113e+06
9.1428e+06
8.98658e+06
8.98446e+06
8.98019e+06
8.97372e+06
8.96501e+06
8.95395e+06
8.9405e+06
8.92457e+06
8.90627e+06
8.88581e+06
8.86366e+06
8.84067e+06
8.8181e+06
8.79768e+06
8.78146e+06
8.77165e+06
8.77026e+06
8.77885e+06
8.7982e+06
8.82812e+06
8.8675e+06
8.91434e+06
8.96599e+06
9.01938e+06
9.07127e+06
9.11879e+06
9.15951e+06
9.19153e+06
9.21357e+06
9.22479e+06
8.97504e+06
8.97302e+06
8.96895e+06
8.96281e+06
8.95452e+06
8.94403e+06
8.9313e+06
8.91636e+06
8.89937e+06
8.88069e+06
8.86099e+06
8.84131e+06
8.82312e+06
8.80825e+06
8.79877e+06
8.79671e+06
8.80376e+06
8.82103e+06
8.84875e+06
8.88624e+06
8.93195e+06
8.98359e+06
9.03835e+06
9.09329e+06
9.14541e+06
9.19218e+06
9.23165e+06
9.26233e+06
9.28322e+06
9.29385e+06
8.961e+06
8.95902e+06
8.95507e+06
8.94908e+06
8.94104e+06
8.9309e+06
8.9187e+06
8.90453e+06
8.88871e+06
8.87177e+06
8.85457e+06
8.83836e+06
8.82477e+06
8.81569e+06
8.81311e+06
8.81881e+06
8.8341e+06
8.85957e+06
8.89493e+06
8.93904e+06
8.99001e+06
9.04531e+06
9.10207e+06
9.15759e+06
9.20904e+06
9.2544e+06
9.29218e+06
9.32119e+06
9.34084e+06
9.35072e+06
8.94475e+06
8.94279e+06
8.93885e+06
8.93293e+06
8.92498e+06
8.91506e+06
8.90327e+06
8.88982e+06
8.87519e+06
8.86008e+06
8.8456e+06
8.83316e+06
8.8245e+06
8.82149e+06
8.82595e+06
8.83934e+06
8.86252e+06
8.89555e+06
8.93769e+06
8.98738e+06
9.04243e+06
9.10021e+06
9.15791e+06
9.21296e+06
9.26302e+06
9.30644e+06
9.34205e+06
9.36917e+06
9.38736e+06
9.39649e+06
8.92649e+06
8.92451e+06
8.92055e+06
8.91459e+06
8.90669e+06
8.89694e+06
8.88556e+06
8.87291e+06
8.85963e+06
8.84664e+06
8.83524e+06
8.82699e+06
8.82366e+06
8.82701e+06
8.83861e+06
8.85951e+06
8.8901e+06
8.92996e+06
8.97789e+06
9.03202e+06
9.08996e+06
9.14904e+06
9.20659e+06
9.26031e+06
9.30824e+06
9.34927e+06
9.38247e+06
9.40749e+06
9.4241e+06
9.43245e+06
8.90632e+06
8.90431e+06
8.90029e+06
8.89431e+06
8.88644e+06
8.87693e+06
8.86609e+06
8.85445e+06
8.84285e+06
8.83244e+06
8.82462e+06
8.82107e+06
8.82348e+06
8.83345e+06
8.85218e+06
8.8803e+06
8.91771e+06
8.96353e+06
9.01619e+06
9.07358e+06
9.13321e+06
9.19249e+06
9.24891e+06
9.30043e+06
9.34586e+06
9.38402e+06
9.41457e+06
9.43735e+06
9.45246e+06
9.4599e+06
8.88428e+06
8.88225e+06
8.8782e+06
8.87223e+06
8.86452e+06
8.8554e+06
8.84536e+06
8.83511e+06
8.8257e+06
8.81843e+06
8.8148e+06
8.81649e+06
8.82505e+06
8.84179e+06
8.86754e+06
8.90245e+06
8.94595e+06
8.99676e+06
9.05304e+06
9.11251e+06
9.17268e+06
9.23108e+06
9.28546e+06
9.33439e+06
9.37672e+06
9.41174e+06
9.43958e+06
9.46014e+06
9.47352e+06
9.48022e+06
8.86041e+06
8.85838e+06
8.85437e+06
8.84854e+06
8.84116e+06
8.83275e+06
8.82393e+06
8.81562e+06
8.80902e+06
8.80554e+06
8.80675e+06
8.8142e+06
8.82923e+06
8.8528e+06
8.88529e+06
8.92641e+06
8.97515e+06
9.02992e+06
9.08867e+06
9.14906e+06
9.20869e+06
9.26531e+06
9.31703e+06
9.36268e+06
9.40178e+06
9.43359e+06
9.45849e+06
9.47682e+06
9.48868e+06
9.49451e+06
8.83471e+06
8.83275e+06
8.82891e+06
8.82341e+06
8.81673e+06
8.80945e+06
8.80242e+06
8.7967e+06
8.79364e+06
8.79468e+06
8.80135e+06
8.815e+06
8.83668e+06
8.86695e+06
8.90576e+06
8.95235e+06
9.00538e+06
9.06301e+06
9.1231e+06
9.18333e+06
9.24147e+06
9.29556e+06
9.34394e+06
9.38618e+06
9.42162e+06
9.45035e+06
9.47249e+06
9.48848e+06
9.49881e+06
9.50386e+06
8.80727e+06
8.80547e+06
8.80199e+06
8.79718e+06
8.79162e+06
8.78607e+06
8.78151e+06
8.77914e+06
8.78038e+06
8.78666e+06
8.79932e+06
8.81948e+06
8.84783e+06
8.8845e+06
8.92899e+06
8.98019e+06
9.03649e+06
9.09587e+06
9.1562e+06
9.21527e+06
9.27109e+06
9.32201e+06
9.3667e+06
9.40532e+06
9.43726e+06
9.4627e+06
9.48208e+06
9.49595e+06
9.50485e+06
9.50919e+06
8.77825e+06
8.77675e+06
8.77393e+06
8.77024e+06
8.76639e+06
8.76324e+06
8.76192e+06
8.76372e+06
8.77004e+06
8.78217e+06
8.80124e+06
8.82803e+06
8.86285e+06
8.9054e+06
8.9548e+06
9.00963e+06
9.06812e+06
9.12816e+06
9.18769e+06
9.24472e+06
9.29758e+06
9.34468e+06
9.38581e+06
9.42061e+06
9.44894e+06
9.47123e+06
9.48803e+06
9.49996e+06
9.50757e+06
9.51126e+06
8.74799e+06
8.74697e+06
8.74518e+06
8.74315e+06
8.74166e+06
8.7417e+06
8.74447e+06
8.75123e+06
8.7633e+06
8.78176e+06
8.80744e+06
8.84079e+06
8.88166e+06
8.92939e+06
8.98278e+06
9.04019e+06
9.09977e+06
9.15942e+06
9.21721e+06
9.27145e+06
9.32079e+06
9.36403e+06
9.40134e+06
9.43226e+06
9.45712e+06
9.47646e+06
9.49091e+06
9.50108e+06
9.50753e+06
9.51065e+06
8.71708e+06
8.71676e+06
8.71643e+06
8.71666e+06
8.71824e+06
8.72227e+06
8.72994e+06
8.74237e+06
8.76071e+06
8.7858e+06
8.81809e+06
8.85763e+06
8.90393e+06
8.95598e+06
9.01233e+06
9.07125e+06
9.13084e+06
9.18913e+06
9.24436e+06
9.29526e+06
9.34069e+06
9.38012e+06
9.41336e+06
9.44057e+06
9.4622e+06
9.47884e+06
9.49116e+06
9.49977e+06
9.5052e+06
9.50782e+06
8.6864e+06
8.68702e+06
8.68858e+06
8.69167e+06
8.69706e+06
8.70584e+06
8.71908e+06
8.73771e+06
8.76266e+06
8.79441e+06
8.83306e+06
8.87821e+06
8.92912e+06
8.98448e+06
9.04271e+06
9.10203e+06
9.16064e+06
9.2168e+06
9.26871e+06
9.31596e+06
9.35736e+06
9.39271e+06
9.42207e+06
9.44581e+06
9.46447e+06
9.47869e+06
9.48913e+06
9.49638e+06
9.50092e+06
9.50311e+06
8.65717e+06
8.65895e+06
8.66281e+06
8.6693e+06
8.67916e+06
8.69329e+06
8.7126e+06
8.73774e+06
8.76933e+06
8.80747e+06
8.85194e+06
8.90196e+06
8.95648e+06
9.01408e+06
9.07309e+06
9.13178e+06
9.18847e+06
9.24166e+06
9.29019e+06
9.33332e+06
9.37058e+06
9.40194e+06
9.42765e+06
9.4482e+06
9.46419e+06
9.47627e+06
9.48507e+06
9.49115e+06
9.49494e+06
9.49676e+06
8.63095e+06
8.63408e+06
8.64055e+06
8.65087e+06
8.66565e+06
8.68549e+06
8.71104e+06
8.74273e+06
8.7807e+06
8.82468e+06
8.87417e+06
8.92809e+06
8.98516e+06
9.04386e+06
9.10258e+06
9.15973e+06
9.21372e+06
9.26351e+06
9.30814e+06
9.34713e+06
9.38032e+06
9.4079e+06
9.43024e+06
9.44792e+06
9.46155e+06
9.47177e+06
9.47918e+06
9.48427e+06
9.48744e+06
9.48896e+06
8.60962e+06
8.61418e+06
8.62349e+06
8.6378e+06
8.65764e+06
8.68322e+06
8.71491e+06
8.75274e+06
8.79651e+06
8.84555e+06
8.89904e+06
8.95571e+06
9.01416e+06
9.07287e+06
9.13033e+06
9.18507e+06
9.23587e+06
9.28184e+06
9.32238e+06
9.35728e+06
9.3866e+06
9.41067e+06
9.42998e+06
9.44511e+06
9.4567e+06
9.46535e+06
9.47159e+06
9.47586e+06
9.47852e+06
9.4798e+06
8.59527e+06
8.60127e+06
8.61335e+06
8.63158e+06
8.65629e+06
8.68725e+06
8.72454e+06
8.76782e+06
8.81639e+06
8.86939e+06
8.92566e+06
8.98387e+06
9.04253e+06
9.10021e+06
9.15551e+06
9.20721e+06
9.25435e+06
9.2963e+06
9.33276e+06
9.36373e+06
9.38945e+06
9.41034e+06
9.42696e+06
9.43991e+06
9.44977e+06
9.4571e+06
9.46238e+06
9.466e+06
9.46825e+06
9.46933e+06
8.59002e+06
8.59734e+06
8.61196e+06
8.63377e+06
8.66266e+06
8.69829e+06
8.7402e+06
8.78777e+06
8.83989e+06
8.89548e+06
8.95316e+06
9.01171e+06
9.0694e+06
9.12508e+06
9.17747e+06
9.2256e+06
9.2688e+06
9.30669e+06
9.33919e+06
9.36648e+06
9.38893e+06
9.40701e+06
9.42131e+06
9.43239e+06
9.44082e+06
9.44708e+06
9.4516e+06
9.4547e+06
9.45663e+06
9.45755e+06
8.59595e+06
8.60436e+06
8.62101e+06
8.64561e+06
8.67784e+06
8.71687e+06
8.76216e+06
8.81244e+06
8.86656e+06
8.92321e+06
8.98094e+06
9.03836e+06
9.09407e+06
9.14686e+06
9.19572e+06
9.23993e+06
9.27905e+06
9.31295e+06
9.34171e+06
9.36563e+06
9.38515e+06
9.4008e+06
9.41312e+06
9.42267e+06
9.42993e+06
9.43534e+06
9.43925e+06
9.44195e+06
9.44364e+06
9.44445e+06
8.61479e+06
8.62388e+06
8.6419e+06
8.66834e+06
8.70243e+06
8.74362e+06
8.79036e+06
8.84167e+06
8.8961e+06
8.95218e+06
9.00846e+06
9.06352e+06
9.11613e+06
9.16523e+06
9.21006e+06
9.2501e+06
9.28514e+06
9.31518e+06
9.34046e+06
9.36134e+06
9.3783e+06
9.39185e+06
9.40253e+06
9.41082e+06
9.41715e+06
9.42189e+06
9.42535e+06
9.42775e+06
9.42926e+06
9.42999e+06
8.64768e+06
8.65706e+06
8.67555e+06
8.70255e+06
8.73722e+06
8.77849e+06
8.82507e+06
8.87556e+06
8.92845e+06
8.98225e+06
9.03553e+06
9.08698e+06
9.13551e+06
9.18026e+06
9.22066e+06
9.25638e+06
9.28735e+06
9.31372e+06
9.33577e+06
9.35392e+06
9.36864e+06
9.38042e+06
9.38973e+06
9.39699e+06
9.40259e+06
9.40681e+06
9.40993e+06
9.41211e+06
9.41349e+06
9.41416e+06
8.69507e+06
8.70428e+06
8.72236e+06
8.74867e+06
8.78226e+06
8.82196e+06
8.86641e+06
8.91414e+06
8.96365e+06
9.0135e+06
9.06234e+06
9.10902e+06
9.1526e+06
9.19243e+06
9.22806e+06
9.25934e+06
9.2863e+06
9.30915e+06
9.32821e+06
9.34389e+06
9.35664e+06
9.36688e+06
9.37504e+06
9.38145e+06
9.38645e+06
9.39027e+06
9.39311e+06
9.39513e+06
9.39642e+06
9.39705e+06
8.75671e+06
8.76529e+06
8.7821e+06
8.80647e+06
8.83744e+06
8.87384e+06
8.91433e+06
8.9575e+06
9.00194e+06
9.04632e+06
9.08945e+06
9.13035e+06
9.16825e+06
9.20264e+06
9.23324e+06
9.25997e+06
9.28294e+06
9.30238e+06
9.31861e+06
9.332e+06
9.34295e+06
9.35182e+06
9.35895e+06
9.36464e+06
9.36911e+06
9.37259e+06
9.3752e+06
9.37708e+06
9.37829e+06
9.37888e+06
8.8315e+06
8.83904e+06
8.85379e+06
8.87512e+06
8.90213e+06
8.93373e+06
8.96871e+06
9.00579e+06
9.04373e+06
9.08138e+06
9.11776e+06
9.15205e+06
9.18367e+06
9.21222e+06
9.23754e+06
9.25961e+06
9.27857e+06
9.29464e+06
9.30811e+06
9.31931e+06
9.32853e+06
9.33609e+06
9.34225e+06
9.34723e+06
9.35121e+06
9.35434e+06
9.35673e+06
9.35845e+06
9.35958e+06
9.36013e+06
8.91754e+06
8.92372e+06
8.9358e+06
8.95323e+06
8.97525e+06
9.00091e+06
9.0292e+06
9.05905e+06
9.08946e+06
9.11948e+06
9.14835e+06
9.17545e+06
9.20033e+06
9.22275e+06
9.2426e+06
9.2599e+06
9.2748e+06
9.28747e+06
9.29817e+06
9.30715e+06
9.31463e+06
9.32085e+06
9.32599e+06
9.33022e+06
9.33365e+06
9.33639e+06
9.33851e+06
9.34006e+06
9.34107e+06
9.34157e+06
9.01225e+06
9.01688e+06
9.02591e+06
9.03892e+06
9.05531e+06
9.07435e+06
9.09525e+06
9.11722e+06
9.13949e+06
9.16138e+06
9.18233e+06
9.20191e+06
9.21984e+06
9.23595e+06
9.25021e+06
9.26265e+06
9.2734e+06
9.28262e+06
9.29047e+06
9.29713e+06
9.30277e+06
9.30753e+06
9.31155e+06
9.31491e+06
9.31768e+06
9.31994e+06
9.32171e+06
9.32301e+06
9.32388e+06
9.32431e+06
9.11264e+06
9.11564e+06
9.1215e+06
9.12991e+06
9.14047e+06
9.15268e+06
9.16602e+06
9.17994e+06
9.19396e+06
9.20764e+06
9.22064e+06
9.2327e+06
9.24367e+06
9.25348e+06
9.26213e+06
9.26969e+06
9.27624e+06
9.2819e+06
9.28678e+06
9.29099e+06
9.29464e+06
9.29779e+06
9.30051e+06
9.30285e+06
9.30483e+06
9.30647e+06
9.30777e+06
9.30876e+06
9.30941e+06
9.30974e+06
9.21547e+06
9.21691e+06
9.2197e+06
9.22368e+06
9.22863e+06
9.23428e+06
9.24036e+06
9.24658e+06
9.25271e+06
9.25853e+06
9.26391e+06
9.26875e+06
9.27302e+06
9.27672e+06
9.27991e+06
9.28265e+06
9.285e+06
9.28706e+06
9.28887e+06
9.2905e+06
9.29198e+06
9.29335e+06
9.2946e+06
9.29573e+06
9.29675e+06
9.29763e+06
9.29836e+06
9.29892e+06
9.2993e+06
9.2995e+06
9.31758e+06
9.31761e+06
9.31766e+06
9.31767e+06
9.31758e+06
9.31734e+06
9.31688e+06
9.31616e+06
9.31515e+06
9.31386e+06
9.3123e+06
9.31052e+06
9.30861e+06
9.30663e+06
9.30466e+06
9.30278e+06
9.30106e+06
9.29954e+06
9.29825e+06
9.29721e+06
9.29641e+06
9.29583e+06
9.29544e+06
9.29522e+06
9.29512e+06
9.2951e+06
9.29513e+06
9.29519e+06
9.29524e+06
9.29527e+06
9.41608e+06
9.41495e+06
9.41271e+06
9.40941e+06
9.40513e+06
9.39996e+06
9.39401e+06
9.38744e+06
9.38038e+06
9.373e+06
9.36547e+06
9.35795e+06
9.3506e+06
9.34355e+06
9.33692e+06
9.33081e+06
9.32526e+06
9.32033e+06
9.31601e+06
9.3123e+06
9.30916e+06
9.30656e+06
9.30444e+06
9.30274e+06
9.30141e+06
9.30039e+06
9.29964e+06
9.29911e+06
9.29878e+06
9.29861e+06
9.50855e+06
9.50653e+06
9.50256e+06
9.49674e+06
9.48924e+06
9.48028e+06
9.47009e+06
9.45894e+06
9.44712e+06
9.43491e+06
9.42258e+06
9.41038e+06
9.39853e+06
9.38722e+06
9.3766e+06
9.36678e+06
9.35783e+06
9.34978e+06
9.34264e+06
9.33639e+06
9.33099e+06
9.32639e+06
9.32251e+06
9.3193e+06
9.31669e+06
9.31462e+06
9.31303e+06
9.31188e+06
9.31113e+06
9.31076e+06
9.59316e+06
9.59055e+06
9.5854e+06
9.57787e+06
9.56818e+06
9.55661e+06
9.54347e+06
9.52912e+06
9.51392e+06
9.49823e+06
9.48238e+06
9.46668e+06
9.4514e+06
9.43676e+06
9.42296e+06
9.41011e+06
9.3983e+06
9.38759e+06
9.37798e+06
9.36945e+06
9.36198e+06
9.3555e+06
9.34997e+06
9.3453e+06
9.34144e+06
9.33833e+06
9.33591e+06
9.33413e+06
9.33297e+06
9.3324e+06
9.66873e+06
9.66578e+06
9.65999e+06
9.65151e+06
9.64059e+06
9.62753e+06
9.6127e+06
9.59647e+06
9.57923e+06
9.56139e+06
9.5433e+06
9.52531e+06
9.50772e+06
9.49078e+06
9.47468e+06
9.45959e+06
9.4456e+06
9.43279e+06
9.42117e+06
9.41076e+06
9.40153e+06
9.39344e+06
9.38643e+06
9.38046e+06
9.37547e+06
9.3714e+06
9.36821e+06
9.36586e+06
9.36431e+06
9.36354e+06
9.73465e+06
9.73161e+06
9.72562e+06
9.71685e+06
9.70553e+06
9.69199e+06
9.67655e+06
9.65961e+06
9.64156e+06
9.62279e+06
9.60368e+06
9.58456e+06
9.56574e+06
9.5475e+06
9.53004e+06
9.51353e+06
9.49811e+06
9.48384e+06
9.47079e+06
9.45898e+06
9.4484e+06
9.43904e+06
9.43086e+06
9.42382e+06
9.41789e+06
9.41302e+06
9.40918e+06
9.40633e+06
9.40444e+06
9.4035e+06
9.79088e+06
9.78793e+06
9.78211e+06
9.77357e+06
9.76254e+06
9.74929e+06
9.73416e+06
9.71748e+06
9.69964e+06
9.68099e+06
9.66188e+06
9.64266e+06
9.62362e+06
9.60502e+06
9.58707e+06
9.56997e+06
9.55385e+06
9.53882e+06
9.52494e+06
9.51227e+06
9.50083e+06
9.49061e+06
9.48161e+06
9.47381e+06
9.4672e+06
9.46173e+06
9.4574e+06
9.45417e+06
9.45202e+06
9.45095e+06
9.83784e+06
9.8351e+06
9.82971e+06
9.82178e+06
9.81152e+06
9.79916e+06
9.78499e+06
9.76931e+06
9.75246e+06
9.73475e+06
9.7165e+06
9.69801e+06
9.67958e+06
9.66143e+06
9.64379e+06
9.62684e+06
9.61074e+06
9.59559e+06
9.58149e+06
9.56852e+06
9.5567e+06
9.54607e+06
9.53665e+06
9.52843e+06
9.52141e+06
9.51559e+06
9.51095e+06
9.50748e+06
9.50517e+06
9.50402e+06
9.87624e+06
9.8738e+06
9.869e+06
9.86193e+06
9.85274e+06
9.84166e+06
9.82889e+06
9.81471e+06
9.79938e+06
9.78319e+06
9.7664e+06
9.74929e+06
9.73209e+06
9.71505e+06
9.69835e+06
9.68219e+06
9.66671e+06
9.65203e+06
9.63827e+06
9.6255e+06
9.61379e+06
9.60319e+06
9.59373e+06
9.58543e+06
9.5783e+06
9.57236e+06
9.56761e+06
9.56405e+06
9.56167e+06
9.56049e+06
9.90702e+06
9.90493e+06
9.90079e+06
9.89469e+06
9.88675e+06
9.87713e+06
9.86601e+06
9.8536e+06
9.84012e+06
9.8258e+06
9.81086e+06
9.79553e+06
9.78002e+06
9.76453e+06
9.74925e+06
9.73435e+06
9.71996e+06
9.70623e+06
9.69326e+06
9.68114e+06
9.66995e+06
9.65976e+06
9.65061e+06
9.64254e+06
9.63558e+06
9.62976e+06
9.62508e+06
9.62157e+06
9.61922e+06
9.61805e+06
9.93122e+06
9.92947e+06
9.92601e+06
9.92091e+06
9.91425e+06
9.90615e+06
9.89675e+06
9.88621e+06
9.8747e+06
9.8624e+06
9.84949e+06
9.83616e+06
9.82258e+06
9.80893e+06
9.79536e+06
9.78204e+06
9.76908e+06
9.75663e+06
9.74479e+06
9.73366e+06
9.72332e+06
9.71384e+06
9.70529e+06
9.69771e+06
9.69115e+06
9.68564e+06
9.6812e+06
9.67785e+06
9.67562e+06
9.6745e+06
9.94989e+06
9.94847e+06
9.94566e+06
9.9415e+06
9.93606e+06
9.92943e+06
9.92169e+06
9.91298e+06
9.90341e+06
9.89314e+06
9.88228e+06
9.871e+06
9.85943e+06
9.84773e+06
9.83601e+06
9.82443e+06
9.81309e+06
9.80212e+06
9.79163e+06
9.7817e+06
9.77242e+06
9.76388e+06
9.75613e+06
9.74924e+06
9.74325e+06
9.7382e+06
9.73412e+06
9.73104e+06
9.72898e+06
9.72794e+06
9.96403e+06
9.96291e+06
9.96068e+06
9.95738e+06
9.95305e+06
9.94774e+06
9.94154e+06
9.93451e+06
9.92676e+06
9.91838e+06
9.90948e+06
9.90017e+06
9.89056e+06
9.88078e+06
9.87092e+06
9.86111e+06
9.85145e+06
9.84204e+06
9.83299e+06
9.82438e+06
9.81629e+06
9.8088e+06
9.80198e+06
9.79589e+06
9.79057e+06
9.78608e+06
9.78244e+06
9.77969e+06
9.77784e+06
9.77692e+06
9.97456e+06
9.97369e+06
9.97197e+06
9.96941e+06
9.96603e+06
9.96189e+06
9.95702e+06
9.95148e+06
9.94534e+06
9.93867e+06
9.93154e+06
9.92403e+06
9.91624e+06
9.90825e+06
9.90016e+06
9.89205e+06
9.88401e+06
9.87615e+06
9.86853e+06
9.86125e+06
9.85438e+06
9.84798e+06
9.84214e+06
9.8369e+06
9.83231e+06
9.82842e+06
9.82526e+06
9.82287e+06
9.82126e+06
9.82046e+06
9.98226e+06
9.9816e+06
9.9803e+06
9.97835e+06
9.97578e+06
9.97261e+06
9.96887e+06
9.9646e+06
9.95984e+06
9.95464e+06
9.94904e+06
9.94312e+06
9.93694e+06
9.93056e+06
9.92405e+06
9.9175e+06
9.91097e+06
9.90454e+06
9.89828e+06
9.89227e+06
9.88656e+06
9.88124e+06
9.87635e+06
9.87194e+06
9.86808e+06
9.86479e+06
9.86212e+06
9.8601e+06
9.85873e+06
9.85805e+06
9.9878e+06
9.98731e+06
9.98633e+06
9.98488e+06
9.98296e+06
9.98059e+06
9.97777e+06
9.97454e+06
9.97092e+06
9.96694e+06
9.96264e+06
9.95805e+06
9.95324e+06
9.94825e+06
9.94312e+06
9.93793e+06
9.93273e+06
9.92758e+06
9.92254e+06
9.91768e+06
9.91305e+06
9.9087e+06
9.9047e+06
9.90108e+06
9.8979e+06
9.89518e+06
9.89297e+06
9.89129e+06
9.89016e+06
9.88959e+06
9.9917e+06
9.99135e+06
9.99063e+06
9.98957e+06
9.98816e+06
9.98641e+06
9.98432e+06
9.98191e+06
9.9792e+06
9.97621e+06
9.97295e+06
9.96946e+06
9.96578e+06
9.96193e+06
9.95796e+06
9.95392e+06
9.94985e+06
9.94579e+06
9.94181e+06
9.93794e+06
9.93424e+06
9.93076e+06
9.92754e+06
9.92462e+06
9.92204e+06
9.91984e+06
9.91805e+06
9.91668e+06
9.91575e+06
9.91529e+06
9.99441e+06
9.99415e+06
9.99363e+06
9.99286e+06
9.99184e+06
9.99056e+06
9.98903e+06
9.98726e+06
9.98525e+06
9.98302e+06
9.98059e+06
9.97796e+06
9.97517e+06
9.97224e+06
9.9692e+06
9.96608e+06
9.96293e+06
9.95977e+06
9.95666e+06
9.95362e+06
9.9507e+06
9.94794e+06
9.94538e+06
9.94305e+06
9.94099e+06
9.93922e+06
9.93778e+06
9.93668e+06
9.93594e+06
9.93556e+06
9.99623e+06
9.99604e+06
9.99567e+06
9.99511e+06
9.99437e+06
9.99344e+06
9.99232e+06
9.99102e+06
9.98953e+06
9.98788e+06
9.98605e+06
9.98408e+06
9.98197e+06
9.97974e+06
9.97741e+06
9.97501e+06
9.97257e+06
9.97012e+06
9.96768e+06
9.96529e+06
9.96299e+06
9.96081e+06
9.95877e+06
9.95692e+06
9.95527e+06
9.95386e+06
9.9527e+06
9.95182e+06
9.95122e+06
9.95092e+06
9.99741e+06
9.99727e+06
9.997e+06
9.99659e+06
9.99604e+06
9.99535e+06
9.99451e+06
9.99354e+06
9.99242e+06
9.99117e+06
9.98978e+06
9.98827e+06
9.98664e+06
9.98491e+06
9.9831e+06
9.98122e+06
9.9793e+06
9.97736e+06
9.97542e+06
9.97351e+06
9.97167e+06
9.96991e+06
9.96827e+06
9.96677e+06
9.96543e+06
9.96429e+06
9.96334e+06
9.96262e+06
9.96213e+06
9.96188e+06
9.99811e+06
9.998e+06
9.99779e+06
9.99747e+06
9.99705e+06
9.9965e+06
9.99585e+06
9.99508e+06
9.9942e+06
9.9932e+06
9.99209e+06
9.99087e+06
9.98955e+06
9.98815e+06
9.98667e+06
9.98512e+06
9.98354e+06
9.98193e+06
9.98032e+06
9.97873e+06
9.97719e+06
9.97571e+06
9.97433e+06
9.97306e+06
9.97193e+06
9.97095e+06
9.97015e+06
9.96954e+06
9.96912e+06
9.96891e+06
9.99844e+06
9.99834e+06
9.99816e+06
9.99789e+06
9.99752e+06
9.99705e+06
9.99648e+06
9.99581e+06
9.99504e+06
9.99416e+06
9.99318e+06
9.99211e+06
9.99095e+06
9.9897e+06
9.98838e+06
9.987e+06
9.98558e+06
9.98414e+06
9.98269e+06
9.98126e+06
9.97986e+06
9.97852e+06
9.97727e+06
9.97612e+06
9.97509e+06
9.9742e+06
9.97347e+06
9.97291e+06
9.97253e+06
9.97234e+06
)
;

boundaryField
{
    outerWall
    {
        type            zeroGradient;
    }
    axis
    {
        type            symmetryPlane;
    }
    nozzle
    {
        type            fixedValue;
        value           uniform 0;
    }
    back
    {
        type            empty;
    }
    front
    {
        type            empty;
    }
}


// ************************************************************************* //
