/*--------------------------------*- C++ -*----------------------------------*\
| =========                 |                                                 |
| \\      /  F ield         | OpenFOAM: The Open Source CFD Toolbox           |
|  \\    /   O peration     | Version:  2412                                  |
|   \\  /    A nd           | Website:  www.openfoam.com                      |
|    \\/     M anipulation  |                                                 |
\*---------------------------------------------------------------------------*/
FoamFile
{
    version     2.0;
    format      ascii;
    arch        "LSB;label=32;scalar=64";
    class       volVectorField;
    location    "0.000175";
    object      U;
}
// * * * * * * * * * * * * * * * * * * * * * * * * * * * * * * * * * * * * * //

dimensions      [0 1 -1 0 0 0 0];

internalField   nonuniform List<vector> 
3725
(
(0.0474573 -0.00561852 0)
(0.142034 -0.00549557 0)
(0.235524 -0.0052774 0)
(0.326952 -0.00507355 0)
(0.414979 -0.00483366 0)
(0.498262 -0.00461766 0)
(0.575378 -0.00464712 0)
(0.644956 -0.00444621 0)
(0.705249 -0.00491325 0)
(0.755437 -0.00496543 0)
(0.794345 -0.0052417 0)
(0.82155 -0.00543981 0)
(0.836846 -0.00510719 0)
(0.840132 -0.00472648 0)
(0.83083 -0.00401631 0)
(0.811117 -0.00233019 0)
(0.780326 -0.00051337 0)
(0.735944 0.00195665 0)
(0.679804 0.00497988 0)
(0.612309 0.00863604 0)
(0.534961 0.0129111 0)
(0.450128 0.0177694 0)
(0.361589 0.0231933 0)
(0.274449 0.0289961 0)
(0.194249 0.0349469 0)
(0.125734 0.0407983 0)
(0.0722148 0.0462472 0)
(0.0347431 0.0508844 0)
(0.0133502 0.0545414 0)
(0.00336549 0.0561465 0)
(0.0475492 -0.0170384 0)
(0.142292 -0.0166933 0)
(0.235847 -0.0160674 0)
(0.327293 -0.0154549 0)
(0.41533 -0.0146066 0)
(0.498412 -0.0141358 0)
(0.575519 -0.0138601 0)
(0.644772 -0.013892 0)
(0.704873 -0.0146249 0)
(0.755208 -0.0149375 0)
(0.794009 -0.0159953 0)
(0.821671 -0.0156834 0)
(0.837403 -0.0156285 0)
(0.840974 -0.0140642 0)
(0.832652 -0.0120358 0)
(0.813772 -0.00700239 0)
(0.783567 -0.00162116 0)
(0.74009 0.00573639 0)
(0.684841 0.0148599 0)
(0.618284 0.0258392 0)
(0.541837 0.038706 0)
(0.457866 0.0534118 0)
(0.37004 0.0696546 0)
(0.2833 0.0870656 0)
(0.20312 0.105061 0)
(0.134219 0.122834 0)
(0.0797944 0.139355 0)
(0.040975 0.153446 0)
(0.0173042 0.16424 0)
(0.00457239 0.169456 0)
(0.0477193 -0.0290466 0)
(0.142768 -0.028467 0)
(0.23646 -0.027451 0)
(0.328056 -0.0263 0)
(0.415978 -0.0249515 0)
(0.498833 -0.0242639 0)
(0.575574 -0.0236248 0)
(0.644403 -0.0240375 0)
(0.704488 -0.0245561 0)
(0.754423 -0.0254212 0)
(0.793808 -0.0266299 0)
(0.821849 -0.0265531 0)
(0.838087 -0.0261434 0)
(0.842855 -0.0236314 0)
(0.836159 -0.0198928 0)
(0.818964 -0.0120551 0)
(0.78991 -0.00293349 0)
(0.748339 0.00928962 0)
(0.694917 0.0244661 0)
(0.630226 0.042803 0)
(0.555666 0.0643376 0)
(0.473366 0.0889334 0)
(0.386864 0.116293 0)
(0.301051 0.145701 0)
(0.221089 0.176166 0)
(0.151456 0.206349 0)
(0.0951876 0.234412 0)
(0.0534193 0.258365 0)
(0.0253683 0.27629 0)
(0.00728238 0.28559 0)
(0.0479853 -0.0420383 0)
(0.143493 -0.0413467 0)
(0.237477 -0.0397853 0)
(0.329172 -0.0380964 0)
(0.41686 -0.0364047 0)
(0.49941 -0.0352392 0)
(0.575692 -0.0344681 0)
(0.644079 -0.0348088 0)
(0.703849 -0.0352813 0)
(0.753645 -0.036776 0)
(0.793168 -0.0374335 0)
(0.822043 -0.0380748 0)
(0.839601 -0.0365927 0)
(0.84567 -0.0336074 0)
(0.841349 -0.0276246 0)
(0.826504 -0.0175727 0)
(0.79958 -0.00459978 0)
(0.760649 0.0124165 0)
(0.709986 0.0336602 0)
(0.648197 0.0593886 0)
(0.576438 0.089713 0)
(0.496843 0.124473 0)
(0.412632 0.163292 0)
(0.328222 0.205215 0)
(0.248605 0.248937 0)
(0.177905 0.292347 0)
(0.118813 0.332784 0)
(0.0723874 0.367273 0)
(0.03773 0.392813 0)
(0.0115533 0.406367 0)
(0.0482399 -0.0563265 0)
(0.144463 -0.0553856 0)
(0.238904 -0.053477 0)
(0.330597 -0.0512677 0)
(0.418125 -0.0490889 0)
(0.500289 -0.0474362 0)
(0.575901 -0.0464168 0)
(0.643798 -0.0466195 0)
(0.703022 -0.047159 0)
(0.752805 -0.0485898 0)
(0.792845 -0.0493443 0)
(0.822489 -0.0496531 0)
(0.841446 -0.047882 0)
(0.849592 -0.0440309 0)
(0.848203 -0.0354657 0)
(0.836243 -0.0233027 0)
(0.812407 -0.00674859 0)
(0.777042 0.0149007 0)
(0.730157 0.042145 0)
(0.672272 0.0752912 0)
(0.604486 0.114547 0)
(0.528566 0.159847 0)
(0.447428 0.210645 0)
(0.365292 0.2659 0)
(0.286445 0.323888 0)
(0.214348 0.381698 0)
(0.151388 0.435724 0)
(0.0984448 0.481847 0)
(0.054697 0.515862 0)
(0.0174546 0.534006 0)
(0.048693 -0.0722137 0)
(0.145635 -0.0708856 0)
(0.240572 -0.0688489 0)
(0.332469 -0.0660122 0)
(0.419739 -0.0636163 0)
(0.501418 -0.0611734 0)
(0.576309 -0.0602243 0)
(0.643527 -0.0597231 0)
(0.702378 -0.0603867 0)
(0.752012 -0.0613451 0)
(0.792374 -0.0622991 0)
(0.823153 -0.0619842 0)
(0.843826 -0.0598712 0)
(0.854991 -0.0546022 0)
(0.856912 -0.0442366 0)
(0.84805 -0.0298433 0)
(0.828238 -0.00979855 0)
(0.797327 0.0164379 0)
(0.755285 0.0495523 0)
(0.702502 0.090114 0)
(0.639867 0.138558 0)
(0.568924 0.19476 0)
(0.492175 0.258256 0)
(0.413161 0.327969 0)
(0.335459 0.401458 0)
(0.261787 0.475182 0)
(0.193929 0.544455 0)
(0.132493 0.603831 0)
(0.0768588 0.647674 0)
(0.0251704 0.671125 0)
(0.0492378 -0.0898738 0)
(0.146992 -0.0884437 0)
(0.242566 -0.0859984 0)
(0.334528 -0.0828013 0)
(0.42176 -0.0799168 0)
(0.502838 -0.0770061 0)
(0.576993 -0.0757428 0)
(0.64368 -0.0748233 0)
(0.701811 -0.0753246 0)
(0.751379 -0.0760279 0)
(0.792366 -0.0763602 0)
(0.824324 -0.0754356 0)
(0.84699 -0.0728608 0)
(0.861324 -0.0655734 0)
(0.866784 -0.0541953 0)
(0.862079 -0.0373412 0)
(0.847123 -0.0140713 0)
(0.821561 0.0165399 0)
(0.785415 0.0555073 0)
(0.739033 0.103603 0)
(0.682977 0.161319 0)
(0.61834 0.228959 0)
(0.547337 0.305984 0)
(0.472697 0.391246 0)
(0.396858 0.481874 0)
(0.321598 0.573519 0)
(0.247877 0.660304 0)
(0.175859 0.735234 0)
(0.105178 0.790877 0)
(0.0350537 0.820828 0)
(0.0497673 -0.109555 0)
(0.148546 -0.108035 0)
(0.24481 -0.105306 0)
(0.337037 -0.101822 0)
(0.424092 -0.0982163 0)
(0.504553 -0.0953526 0)
(0.57795 -0.093111 0)
(0.643844 -0.0920527 0)
(0.701479 -0.0919841 0)
(0.75124 -0.0923601 0)
(0.792827 -0.0920564 0)
(0.825778 -0.090815 0)
(0.851233 -0.0866633 0)
(0.868997 -0.0783261 0)
(0.878093 -0.0653842 0)
(0.878148 -0.0463824 0)
(0.868654 -0.0200982 0)
(0.849511 0.0148038 0)
(0.820585 0.0594516 0)
(0.781864 0.114982 0)
(0.733882 0.182156 0)
(0.677422 0.261636 0)
(0.613891 0.353203 0)
(0.54508 0.455444 0)
(0.472165 0.565208 0)
(0.39561 0.677353 0)
(0.315216 0.784684 0)
(0.230422 0.878359 0)
(0.141066 0.948593 0)
(0.0476455 0.986825 0)
(0.050379 -0.131438 0)
(0.150183 -0.129783 0)
(0.247231 -0.126905 0)
(0.339851 -0.12309 0)
(0.426618 -0.119223 0)
(0.506672 -0.115867 0)
(0.579472 -0.113083 0)
(0.644529 -0.111516 0)
(0.701584 -0.110848 0)
(0.751327 -0.110572 0)
(0.793533 -0.109924 0)
(0.828369 -0.107957 0)
(0.856362 -0.102174 0)
(0.877287 -0.0930174 0)
(0.890747 -0.0787139 0)
(0.896047 -0.0576793 0)
(0.893013 -0.0284933 0)
(0.881224 0.0103772 0)
(0.860551 0.0604367 0)
(0.831058 0.123278 0)
(0.792966 0.200163 0)
(0.746624 0.292043 0)
(0.692694 0.399036 0)
(0.631701 0.519872 0)
(0.563291 0.651179 0)
(0.486207 0.787082 0)
(0.398631 0.91895 0)
(0.298791 1.03574 0)
(0.186543 1.12449 0)
(0.0637423 1.17367 0)
(0.0510092 -0.155576 0)
(0.151948 -0.153884 0)
(0.249834 -0.150801 0)
(0.342804 -0.146876 0)
(0.429515 -0.142738 0)
(0.509164 -0.13881 0)
(0.581217 -0.135778 0)
(0.645523 -0.13378 0)
(0.70219 -0.132529 0)
(0.751936 -0.13147 0)
(0.79479 -0.130281 0)
(0.8316 -0.126907 0)
(0.862436 -0.120709 0)
(0.886593 -0.110197 0)
(0.904599 -0.0945929 0)
(0.915815 -0.0717538 0)
(0.919697 -0.0400367 0)
(0.916209 0.00243179 0)
(0.905254 0.0576498 0)
(0.886652 0.12753 0)
(0.860463 0.21408 0)
(0.826577 0.318683 0)
(0.784763 0.442124 0)
(0.734189 0.583327 0)
(0.672575 0.73898 0)
(0.596441 0.902657 0)
(0.50171 1.06424 0)
(0.384578 1.21011 0)
(0.244532 1.32294 0)
(0.0845454 1.38714 0)
(0.0516481 -0.182069 0)
(0.153765 -0.180338 0)
(0.25249 -0.177249 0)
(0.345904 -0.173201 0)
(0.432673 -0.168854 0)
(0.511897 -0.16472 0)
(0.583247 -0.161307 0)
(0.646968 -0.158862 0)
(0.703318 -0.156939 0)
(0.753015 -0.155349 0)
(0.796956 -0.153115 0)
(0.83555 -0.148696 0)
(0.868899 -0.141911 0)
(0.896875 -0.130663 0)
(0.919578 -0.11359 0)
(0.936964 -0.0893118 0)
(0.948651 -0.0554394 0)
(0.954485 -0.00983217 0)
(0.954369 0.0499958 0)
(0.94838 0.126513 0)
(0.936336 0.222467 0)
(0.917653 0.339997 0)
(0.891177 0.480605 0)
(0.854346 0.643927 0)
(0.802794 0.827044 0)
(0.73016 1.02333 0)
(0.629227 1.22127 0)
(0.492817 1.40438 0)
(0.31934 1.54922 0)
(0.11191 1.63487 0)
(0.0523068 -0.210883 0)
(0.155563 -0.209195 0)
(0.255188 -0.206126 0)
(0.349103 -0.202086 0)
(0.43588 -0.197663 0)
(0.514828 -0.193435 0)
(0.585613 -0.189726 0)
(0.648801 -0.186829 0)
(0.704826 -0.184493 0)
(0.754805 -0.182307 0)
(0.79978 -0.178969 0)
(0.840001 -0.174176 0)
(0.875965 -0.166628 0)
(0.907837 -0.154814 0)
(0.935612 -0.136914 0)
(0.959427 -0.111375 0)
(0.979305 -0.0758771 0)
(0.995283 -0.0277812 0)
(1.00751 0.0358938 0)
(1.01602 0.118501 0)
(1.02057 0.223345 0)
(1.02017 0.353586 0)
(1.01271 0.511838 0)
(0.994024 0.698862 0)
(0.957136 0.91273 0)
(0.892125 1.14727 0)
(0.787518 1.38997 0)
(0.630545 1.62151 0)
(0.41743 1.80982 0)
(0.148801 1.92735 0)
(0.0529143 -0.241983 0)
(0.157332 -0.240415 0)
(0.257821 -0.237383 0)
(0.352253 -0.233511 0)
(0.439165 -0.229181 0)
(0.517853 -0.224897 0)
(0.588206 -0.221165 0)
(0.650896 -0.21792 0)
(0.70671 -0.215357 0)
(0.757158 -0.212292 0)
(0.803055 -0.208605 0)
(0.844807 -0.203425 0)
(0.883419 -0.195532 0)
(0.919162 -0.183362 0)
(0.952159 -0.165226 0)
(0.982742 -0.13906 0)
(1.01135 -0.102481 0)
(1.03831 -0.0524975 0)
(1.06408 0.0142062 0)
(1.08897 0.101724 0)
(1.11264 0.214464 0)
(1.13402 0.356682 0)
(1.15014 0.532393 0)
(1.15503 0.744184 0)
(1.13912 0.991947 0)
(1.08811 1.27105 0)
(0.984947 1.5689 0)
(0.807715 1.86413 0)
(0.548764 2.11274 0)
(0.200062 2.27926 0)
(0.0534818 -0.275309 0)
(0.15901 -0.273794 0)
(0.260365 -0.271043 0)
(0.355256 -0.267312 0)
(0.442343 -0.263266 0)
(0.520844 -0.259132 0)
(0.59085 -0.255396 0)
(0.653159 -0.252307 0)
(0.709048 -0.249288 0)
(0.759869 -0.245821 0)
(0.80643 -0.242129 0)
(0.849806 -0.236824 0)
(0.891012 -0.228876 0)
(0.930565 -0.216827 0)
(0.968838 -0.198858 0)
(1.00649 -0.172645 0)
(1.04423 -0.13589 0)
(1.0828 -0.0852245 0)
(1.12318 -0.016804 0)
(1.16621 0.0742858 0)
(1.21179 0.193181 0)
(1.25862 0.345789 0)
(1.30335 0.537879 0)
(1.3387 0.774547 0)
(1.35231 1.05869 0)
(1.32488 1.3889 0)
(1.2324 1.75436 0)
(1.03844 2.13382 0)
(0.728877 2.46813 0)
(0.273659 2.71427 0)
(0.0540497 -0.31068 0)
(0.160529 -0.309275 0)
(0.262681 -0.306924 0)
(0.358085 -0.303469 0)
(0.445301 -0.299769 0)
(0.523759 -0.296051 0)
(0.593328 -0.292613 0)
(0.65548 -0.289721 0)
(0.711577 -0.286485 0)
(0.762528 -0.283264 0)
(0.809803 -0.279698 0)
(0.854746 -0.27464 0)
(0.898415 -0.267166 0)
(0.941674 -0.25572 0)
(0.985296 -0.23857 0)
(1.02997 -0.21335 0)
(1.07691 -0.177504 0)
(1.12763 -0.127271 0)
(1.18371 -0.0585934 0)
(1.24646 0.0339051 0)
(1.31627 0.156651 0)
(1.39255 0.317021 0)
(1.47172 0.523036 0)
(1.54565 0.783033 0)
(1.59992 1.10448 0)
(1.60993 1.49163 0)
(1.54379 1.93876 0)
(1.34306 2.42896 0)
(0.984373 2.88517 0)
(0.384546 3.25289 0)
(0.0545346 -0.347931 0)
(0.161825 -0.346772 0)
(0.264717 -0.344625 0)
(0.360621 -0.341829 0)
(0.447907 -0.338672 0)
(0.526213 -0.335471 0)
(0.595601 -0.332772 0)
(0.657758 -0.329685 0)
(0.713893 -0.327135 0)
(0.764961 -0.324517 0)
(0.812898 -0.321422 0)
(0.859204 -0.317057 0)
(0.9052 -0.310442 0)
(0.952011 -0.300337 0)
(1.00062 -0.284825 0)
(1.05229 -0.261614 0)
(1.10879 -0.227565 0)
(1.17198 -0.179525 0)
(1.24406 -0.112571 0)
(1.32764 -0.0211242 0)
(1.42413 0.1022 0)
(1.53342 0.266269 0)
(1.65287 0.48168 0)
(1.77481 0.76099 0)
(1.88381 1.11783 0)
(1.95067 1.56551 0)
(1.93569 2.10935 0)
(1.74834 2.74549 0)
(1.3476 3.39654 0)
(0.548671 4.01555 0)
(0.054918 -0.386997 0)
(0.163006 -0.38608 0)
(0.266386 -0.384222 0)
(0.362549 -0.382196 0)
(0.45007 -0.379706 0)
(0.528185 -0.377382 0)
(0.597671 -0.375172 0)
(0.65971 -0.372787 0)
(0.715455 -0.371136 0)
(0.766815 -0.36938 0)
(0.815398 -0.367205 0)
(0.86298 -0.364104 0)
(0.910954 -0.359002 0)
(0.960886 -0.350789 0)
(1.01434 -0.337607 0)
(1.07291 -0.317328 0)
(1.13848 -0.286882 0)
(1.21387 -0.24251 0)
(1.30252 -0.179819 0)
(1.40754 -0.0922186 0)
(1.53182 0.0274358 0)
(1.67717 0.189694 0)
(1.84277 0.407628 0)
(2.02279 0.698313 0)
(2.20336 1.08346 0)
(2.35365 1.58872 0)
(2.42916 2.23648 0)
(2.30815 3.03729 0)
(1.93921 3.87398 0)
(0.85179 4.7325 0)
(0.0552209 -0.427584 0)
(0.163904 -0.426994 0)
(0.267628 -0.425772 0)
(0.364006 -0.424319 0)
(0.451517 -0.422665 0)
(0.529616 -0.421419 0)
(0.599049 -0.419703 0)
(0.660787 -0.418828 0)
(0.71645 -0.418034 0)
(0.767911 -0.417631 0)
(0.816855 -0.416929 0)
(0.865356 -0.415559 0)
(0.915186 -0.412722 0)
(0.968057 -0.406997 0)
(1.02571 -0.397075 0)
(1.09033 -0.380799 0)
(1.1649 -0.355311 0)
(1.25228 -0.316777 0)
(1.35678 -0.260636 0)
(1.48309 -0.180905 0)
(1.63557 -0.0697287 0)
(1.81857 0.0836396 0)
(2.03435 0.294264 0)
(2.28171 0.583858 0)
(2.5517 0.984397 0)
(2.8157 1.54079 0)
(3.02374 2.32239 0)
(2.97999 3.41024 0)
(2.62584 4.88735 0)
(1.16056 6.74309 0)
(0.05536 -0.469577 0)
(0.164364 -0.469262 0)
(0.26839 -0.468636 0)
(0.364877 -0.468006 0)
(0.452245 -0.467447 0)
(0.530407 -0.466863 0)
(0.599616 -0.46668 0)
(0.660964 -0.467109 0)
(0.716355 -0.467833 0)
(0.767646 -0.469109 0)
(0.816952 -0.470337 0)
(0.866136 -0.471179 0)
(0.917375 -0.470883 0)
(0.972621 -0.468638 0)
(1.03399 -0.46284 0)
(1.10424 -0.45153 0)
(1.1865 -0.432147 0)
(1.28488 -0.401686 0)
(1.40442 -0.355112 0)
(1.55073 -0.287101 0)
(1.73024 -0.189917 0)
(1.95018 -0.0536907 0)
(2.21796 0.137116 0)
(2.54041 0.406847 0)
(2.92102 0.793595 0)
(3.35652 1.35554 0)
(3.82847 2.18249 0)
(4.21715 3.35328 0)
(4.44098 4.92483 0)
(2.3285 7.15653 0)
(0.0554569 -0.512863 0)
(0.164608 -0.512815 0)
(0.268568 -0.512779 0)
(0.364896 -0.513016 0)
(0.452373 -0.513477 0)
(0.530191 -0.514218 0)
(0.598866 -0.515689 0)
(0.659924 -0.51771 0)
(0.714952 -0.520387 0)
(0.766035 -0.523553 0)
(0.815304 -0.527131 0)
(0.864947 -0.530732 0)
(0.917092 -0.533687 0)
(0.974089 -0.535367 0)
(1.03854 -0.534331 0)
(1.11335 -0.528974 0)
(1.20229 -0.517159 0)
(1.31006 -0.495957 0)
(1.44272 -0.461568 0)
(1.60699 -0.409551 0)
(1.81064 -0.333441 0)
(2.06387 -0.223791 0)
(2.3798 -0.0666372 0)
(2.77418 0.161354 0)
(3.26357 0.504871 0)
(3.85926 1.03624 0)
(4.52972 1.96995 0)
(5.10546 3.44146 0)
(5.61476 7.04109 0)
(2.93536 13.3683 0)
(0.055402 -0.552447 0)
(0.164444 -0.55276 0)
(0.268271 -0.553443 0)
(0.364408 -0.554532 0)
(0.451445 -0.555954 0)
(0.528893 -0.558171 0)
(0.597184 -0.561026 0)
(0.65769 -0.564714 0)
(0.712272 -0.569333 0)
(0.762934 -0.574658 0)
(0.811943 -0.580684 0)
(0.861594 -0.587081 0)
(0.91422 -0.593468 0)
(0.972334 -0.59902 0)
(1.03876 -0.602768 0)
(1.11674 -0.603335 0)
(1.21037 -0.598948 0)
(1.32493 -0.587279 0)
(1.46659 -0.565689 0)
(1.64286 -0.53096 0)
(1.8637 -0.478308 0)
(2.1417 -0.401072 0)
(2.49424 -0.288364 0)
(2.94977 -0.121704 0)
(3.54602 0.135292 0)
(4.39393 0.542751 0)
(5.49413 1.29195 0)
(7.63594 2.51193 0)
(10.1911 5.79357 0)
(17.9612 12.0427 0)
(0.0552633 -0.58815 0)
(0.163993 -0.588769 0)
(0.267472 -0.590073 0)
(0.363335 -0.591991 0)
(0.450086 -0.594557 0)
(0.527004 -0.597902 0)
(0.594753 -0.602291 0)
(0.654692 -0.60759 0)
(0.708689 -0.614025 0)
(0.758881 -0.62143 0)
(0.807479 -0.629837 0)
(0.856907 -0.639008 0)
(0.909612 -0.648585 0)
(0.968315 -0.657882 0)
(1.03598 -0.666192 0)
(1.11602 -0.672391 0)
(1.21282 -0.675098 0)
(1.33167 -0.672666 0)
(1.47917 -0.663526 0)
(1.66342 -0.645383 0)
(1.89449 -0.615981 0)
(2.18654 -0.572393 0)
(2.56026 -0.508842 0)
(3.04818 -0.415603 0)
(3.69475 -0.273884 0)
(4.61667 -0.0501814 0)
(5.84005 0.342129 0)
(8.07809 0.978836 0)
(10.7294 2.12673 0)
(18.7891 4.54113 0)
(0.0550314 -0.624374 0)
(0.163291 -0.625329 0)
(0.266338 -0.627106 0)
(0.361717 -0.629812 0)
(0.447899 -0.633543 0)
(0.524252 -0.638333 0)
(0.59137 -0.644211 0)
(0.650649 -0.651329 0)
(0.703968 -0.659665 0)
(0.753447 -0.669306 0)
(0.801397 -0.680244 0)
(0.850348 -0.69232 0)
(0.902897 -0.705221 0)
(0.96177 -0.71843 0)
(1.03005 -0.731438 0)
(1.1114 -0.743422 0)
(1.2102 -0.753444 0)
(1.33187 -0.760678 0)
(1.48296 -0.764187 0)
(1.67139 -0.763702 0)
(1.9075 -0.759285 0)
(2.206 -0.751058 0)
(2.58835 -0.739612 0)
(3.09082 -0.725855 0)
(3.76543 -0.709129 0)
(4.76396 -0.687867 0)
(6.10765 -0.653564 0)
(8.73727 -0.623076 0)
(11.5377 -0.555924 0)
(20.3785 -0.586388 0)
(0.0546903 -0.660748 0)
(0.162354 -0.662017 0)
(0.264784 -0.664339 0)
(0.359473 -0.667984 0)
(0.444974 -0.67288 0)
(0.520602 -0.679064 0)
(0.586954 -0.686599 0)
(0.645419 -0.695566 0)
(0.697902 -0.706033 0)
(0.746534 -0.718029 0)
(0.793671 -0.73159 0)
(0.841922 -0.746599 0)
(0.893947 -0.762866 0)
(0.952586 -0.780081 0)
(1.02098 -0.797774 0)
(1.10282 -0.815505 0)
(1.20247 -0.832829 0)
(1.32523 -0.849603 0)
(1.47736 -0.866069 0)
(1.66636 -0.883391 0)
(1.90208 -0.903864 0)
(2.19834 -0.93134 0)
(2.57538 -0.97267 0)
(3.06648 -1.03899 0)
(3.71758 -1.15187 0)
(4.65014 -1.34707 0)
(5.87961 -1.71646 0)
(8.13412 -2.3258 0)
(10.79 -3.43475 0)
(19.1009 -5.76005 0)
(0.0542703 -0.697111 0)
(0.161137 -0.698661 0)
(0.262759 -0.70168 0)
(0.356593 -0.706209 0)
(0.44125 -0.71236 0)
(0.51602 -0.720001 0)
(0.581468 -0.729235 0)
(0.638988 -0.740121 0)
(0.690489 -0.75273 0)
(0.738112 -0.767126 0)
(0.784255 -0.78334 0)
(0.831583 -0.801317 0)
(0.88281 -0.820944 0)
(0.940827 -0.841999 0)
(1.0088 -0.864278 0)
(1.09037 -0.887575 0)
(1.18974 -0.911946 0)
(1.31193 -0.937939 0)
(1.46268 -0.966847 0)
(1.6487 -1.00121 0)
(1.87872 -1.04546 0)
(2.1647 -1.10671 0)
(2.52372 -1.19694 0)
(2.98321 -1.33657 0)
(3.58038 -1.56502 0)
(4.42487 -1.94628 0)
(5.52505 -2.67661 0)
(7.6697 -3.87475 0)
(10.2787 -7.16301 0)
(18.1618 -13.4076 0)
(24.1234 3.68203 0)
(21.5553 -0.546403 0)
(22.8872 -0.920272 0)
(23.8336 -0.670808 0)
(24.1918 -0.365476 0)
(24.4601 -0.184621 0)
(24.6825 -0.0935233 0)
(24.8741 -0.0474737 0)
(25.0508 -0.0241929 0)
(25.2193 -0.0123936 0)
(25.3813 -0.00637267 0)
(25.5363 -0.00327128 0)
(25.6835 -0.00167619 0)
(25.8217 -0.000859931 0)
(25.9501 -0.000442177 0)
(26.0676 -0.000227553 0)
(26.1744 -0.000118022 0)
(26.2681 -6.20971e-05 0)
(26.3546 -3.37428e-05 0)
(26.4188 -1.83523e-05 0)
(26.4966 -1.03344e-05 0)
(26.5223 -5.63961e-06 0)
(26.6087 -2.80128e-06 0)
(26.5876 -1.08379e-06 0)
(26.6287 2.53764e-07 0)
(26.1381 -0.984754 0)
(25.9127 -0.577185 0)
(25.1304 -0.21624 0)
(24.8712 -0.0481715 0)
(24.7502 0.0268952 0)
(24.7443 0.034706 0)
(24.8205 0.025802 0)
(24.9441 0.0164247 0)
(25.0869 0.00973673 0)
(25.2383 0.00554512 0)
(25.3916 0.00308267 0)
(25.5422 0.00169506 0)
(25.687 0.000922505 0)
(25.8241 0.000502691 0)
(25.9519 0.000273627 0)
(26.0691 0.000145434 0)
(26.1757 7.40127e-05 0)
(26.2693 3.37228e-05 0)
(26.3559 1.09594e-05 0)
(26.42 -6.5059e-07 0)
(26.4979 -5.57402e-06 0)
(26.5235 -6.4777e-06 0)
(26.6099 -5.18911e-06 0)
(26.5888 -3.30804e-06 0)
(26.6299 -8.46042e-07 0)
(25.9729 -0.256046 0)
(24.0632 -0.126421 0)
(23.8323 -0.0508512 0)
(24.0764 -0.0314097 0)
(24.2777 -0.0129588 0)
(24.4625 -0.00537448 0)
(24.6652 -0.00237602 0)
(24.8595 -0.00121293 0)
(25.0413 -0.000607365 0)
(25.2139 -0.000303396 0)
(25.3786 -0.000144115 0)
(25.5353 -5.73966e-05 0)
(25.6835 -1.14746e-05 0)
(25.8223 9.02371e-06 0)
(25.9509 1.44796e-05 0)
(26.0686 1.13955e-05 0)
(26.1755 4.37873e-06 0)
(26.2692 -3.04594e-06 0)
(26.3558 -9.18651e-06 0)
(26.42 -1.24468e-05 0)
(26.4978 -1.308e-05 0)
(26.5235 -1.13915e-05 0)
(26.6099 -8.68822e-06 0)
(26.5888 -5.37656e-06 0)
(26.6299 -1.84057e-06 0)
(26.2265 0.723915 0)
(26.0965 0.454059 0)
(25.2358 0.194235 0)
(24.9126 0.0378832 0)
(24.7722 -0.0331493 0)
(24.7526 -0.0386272 0)
(24.8241 -0.0282454 0)
(24.9457 -0.0178425 0)
(25.0878 -0.0105339 0)
(25.2387 -0.00596884 0)
(25.3918 -0.00329547 0)
(25.5423 -0.00178162 0)
(25.6871 -0.000938951 0)
(25.8242 -0.000487522 0)
(25.9519 -0.000250842 0)
(26.0691 -0.000127927 0)
(26.1757 -6.78524e-05 0)
(26.2693 -3.94686e-05 0)
(26.3559 -2.65195e-05 0)
(26.42 -2.00698e-05 0)
(26.4979 -1.60329e-05 0)
(26.5235 -1.22925e-05 0)
(26.6099 -9.0971e-06 0)
(26.5888 -5.52567e-06 0)
(26.6299 -2.17492e-06 0)
(24.5729 -4.13598 0)
(21.4818 0.466089 0)
(22.9107 0.921856 0)
(23.841 0.683101 0)
(24.1962 0.372102 0)
(24.4635 0.185955 0)
(24.685 0.0935203 0)
(24.8757 0.0472894 0)
(25.0517 0.0240099 0)
(25.2199 0.012276 0)
(25.3816 0.00630377 0)
(25.5365 0.00324248 0)
(25.6836 0.00167185 0)
(25.8218 0.000866015 0)
(25.9501 0.000450422 0)
(26.0676 0.000233667 0)
(26.1743 0.000119811 0)
(26.268 5.94016e-05 0)
(26.3546 2.73713e-05 0)
(26.4188 1.00788e-05 0)
(26.4966 1.80766e-06 0)
(26.5223 -1.73905e-06 0)
(26.6087 -2.79668e-06 0)
(26.5876 -2.37335e-06 0)
(26.6287 -1.43415e-06 0)
(0.0536932 -0.738229 0)
(0.159414 -0.740131 0)
(0.259927 -0.743977 0)
(0.352602 -0.749519 0)
(0.4361 -0.757138 0)
(0.509746 -0.766478 0)
(0.574013 -0.777695 0)
(0.630311 -0.790804 0)
(0.680541 -0.805884 0)
(0.726858 -0.823004 0)
(0.771694 -0.842194 0)
(0.817751 -0.863442 0)
(0.867792 -0.886713 0)
(0.924712 -0.911893 0)
(0.991644 -0.939013 0)
(1.07209 -0.968174 0)
(1.16994 -0.999963 0)
(1.28969 -1.03565 0)
(1.43631 -1.07755 0)
(1.61528 -1.12954 0)
(1.83349 -1.19787 0)
(2.09985 -1.29227 0)
(2.42596 -1.42835 0)
(2.82718 -1.63165 0)
(3.32041 -1.94817 0)
(3.92052 -2.45138 0)
(4.59551 -3.35631 0)
(5.1721 -4.80621 0)
(5.6718 -8.40118 0)
(2.96476 -14.8058 0)
(0.0528958 -0.783927 0)
(0.156982 -0.786258 0)
(0.255975 -0.791017 0)
(0.347084 -0.797778 0)
(0.428996 -0.807028 0)
(0.501168 -0.81832 0)
(0.563896 -0.831774 0)
(0.618629 -0.847377 0)
(0.667239 -0.86519 0)
(0.7119 -0.885273 0)
(0.755066 -0.907639 0)
(0.799449 -0.932314 0)
(0.847836 -0.959315 0)
(0.903064 -0.988664 0)
(0.96814 -1.02059 0)
(1.0463 -1.05556 0)
(1.1409 -1.09467 0)
(1.2557 -1.13987 0)
(1.39457 -1.19439 0)
(1.56137 -1.26313 0)
(1.7606 -1.35362 0)
(1.99748 -1.47703 0)
(2.27772 -1.65024 0)
(2.60714 -1.899 0)
(2.98905 -2.26357 0)
(3.41811 -2.80439 0)
(3.87666 -3.61771 0)
(4.24948 -4.78171 0)
(4.45901 -6.33396 0)
(2.34179 -8.55998 0)
(0.0519272 -0.829225 0)
(0.154043 -0.832017 0)
(0.251198 -0.83765 0)
(0.340469 -0.84579 0)
(0.420532 -0.856544 0)
(0.490989 -0.869878 0)
(0.551989 -0.885543 0)
(0.604982 -0.903596 0)
(0.651817 -0.924037 0)
(0.694684 -0.946896 0)
(0.736042 -0.972158 0)
(0.778586 -0.999863 0)
(0.825086 -1.03006 0)
(0.878277 -1.06292 0)
(0.940946 -1.09881 0)
(1.01594 -1.13857 0)
(1.10604 -1.18368 0)
(1.21411 -1.23662 0)
(1.3429 -1.30118 0)
(1.49459 -1.38284 0)
(1.67136 -1.48957 0)
(1.87502 -1.63261 0)
(2.10612 -1.82802 0)
(2.36226 -2.09877 0)
(2.63395 -2.47804 0)
(2.89255 -3.01254 0)
(3.08976 -3.76979 0)
(3.03123 -4.83326 0)
(2.6551 -6.28939 0)
(1.16732 -8.12918 0)
(0.0507807 -0.87396 0)
(0.150599 -0.877227 0)
(0.24554 -0.883727 0)
(0.332767 -0.893308 0)
(0.410741 -0.905533 0)
(0.479188 -0.920901 0)
(0.538339 -0.938719 0)
(0.589451 -0.959113 0)
(0.634419 -0.981995 0)
(0.675427 -1.00735 0)
(0.714923 -1.03511 0)
(0.755564 -1.06532 0)
(0.800047 -1.09807 0)
(0.850964 -1.13364 0)
(0.910808 -1.17258 0)
(0.981968 -1.21598 0)
(1.06658 -1.26567 0)
(1.16664 -1.32444 0)
(1.28374 -1.39638 0)
(1.41859 -1.48715 0)
(1.57129 -1.60449 0)
(1.74096 -1.75883 0)
(1.92439 -1.9641 0)
(2.11446 -2.2386 0)
(2.29654 -2.60554 0)
(2.43965 -3.09202 0)
(2.49933 -3.72173 0)
(2.35544 -4.50809 0)
(1.96069 -5.33463 0)
(0.856532 -6.1828 0)
(0.0494527 -0.917987 0)
(0.146643 -0.921739 0)
(0.239014 -0.929122 0)
(0.323945 -0.940067 0)
(0.399621 -0.953909 0)
(0.465837 -0.971111 0)
(0.523025 -0.991026 0)
(0.57218 -1.01357 0)
(0.615259 -1.03863 0)
(0.654427 -1.06609 0)
(0.6921 -1.09585 0)
(0.730867 -1.12796 0)
(0.773307 -1.16252 0)
(0.82181 -1.19994 0)
(0.878544 -1.24094 0)
(0.945386 -1.28681 0)
(1.02384 -1.3396 0)
(1.11505 -1.40229 0)
(1.21957 -1.47903 0)
(1.33686 -1.57532 0)
(1.46545 -1.69823 0)
(1.60246 -1.85685 0)
(1.74249 -2.06237 0)
(1.87609 -2.3282 0)
(1.98708 -2.66921 0)
(2.04638 -3.09975 0)
(2.015 -3.62606 0)
(1.80539 -4.24419 0)
(1.37969 -4.87707 0)
(0.558277 -5.48051 0)
(0.0479383 -0.961193 0)
(0.142163 -0.965422 0)
(0.231653 -0.973716 0)
(0.313984 -0.985932 0)
(0.387213 -1.00148 0)
(0.451057 -1.02024 0)
(0.506154 -1.04218 0)
(0.553371 -1.06661 0)
(0.594617 -1.09349 0)
(0.632054 -1.12259 0)
(0.668031 -1.15378 0)
(0.705037 -1.18709 0)
(0.745488 -1.2227 0)
(0.791529 -1.2611 0)
(0.844977 -1.30318 0)
(0.907192 -1.35037 0)
(0.979055 -1.40487 0)
(1.06097 -1.46972 0)
(1.15261 -1.54893 0)
(1.25246 -1.64762 0)
(1.35792 -1.77197 0)
(1.46497 -1.92944 0)
(1.56714 -2.12851 0)
(1.65451 -2.37813 0)
(1.71173 -2.68662 0)
(1.71438 -3.05912 0)
(1.63158 -3.4908 0)
(1.4076 -3.9654 0)
(1.02147 -4.40813 0)
(0.395781 -4.76653 0)
(0.0462493 -1.00349 0)
(0.137156 -1.00818 0)
(0.223473 -1.01737 0)
(0.302904 -1.03077 0)
(0.373617 -1.04797 0)
(0.434992 -1.06814 0)
(0.487883 -1.09186 0)
(0.533292 -1.11784 0)
(0.572831 -1.14612 0)
(0.608728 -1.17632 0)
(0.643211 -1.20833 0)
(0.678635 -1.24214 0)
(0.717212 -1.27803 0)
(0.760815 -1.31658 0)
(0.810892 -1.3588 0)
(0.868312 -1.40628 0)
(0.93338 -1.46124 0)
(1.00586 -1.5267 0)
(1.08474 -1.60643 0)
(1.16783 -1.70499 0)
(1.25185 -1.8276 0)
(1.33224 -1.98008 0)
(1.40242 -2.16842 0)
(1.45308 -2.39799 0)
(1.47091 -2.67233 0)
(1.43681 -2.99074 0)
(1.32786 -3.34326 0)
(1.11007 -3.7095 0)
(0.771781 -4.0324 0)
(0.287414 -4.27004 0)
(0.0443826 -1.04479 0)
(0.131642 -1.04994 0)
(0.214536 -1.05996 0)
(0.290799 -1.07448 0)
(0.35889 -1.09303 0)
(0.417795 -1.11473 0)
(0.468489 -1.1396 0)
(0.512246 -1.16687 0)
(0.550288 -1.19604 0)
(0.5849 -1.22679 0)
(0.618147 -1.25897 0)
(0.652211 -1.2926 0)
(0.68907 -1.32805 0)
(0.73031 -1.36598 0)
(0.776995 -1.40754 0)
(0.829553 -1.4544 0)
(0.887782 -1.5088 0)
(0.950931 -1.57361 0)
(1.01749 -1.65231 0)
(1.08484 -1.74883 0)
(1.14943 -1.86742 0)
(1.20665 -2.0124 0)
(1.2504 -2.18768 0)
(1.27258 -2.39588 0)
(1.26245 -2.63729 0)
(1.20583 -2.9078 0)
(1.0867 -3.19563 0)
(0.885284 -3.4804 0)
(0.596373 -3.72004 0)
(0.215781 -3.88022 0)
(0.0423503 -1.08504 0)
(0.125666 -1.09057 0)
(0.204879 -1.10134 0)
(0.277843 -1.11686 0)
(0.343113 -1.13654 0)
(0.399694 -1.15955 0)
(0.448366 -1.18512 0)
(0.490515 -1.21326 0)
(0.52741 -1.24279 0)
(0.561026 -1.27352 0)
(0.59333 -1.30526 0)
(0.62628 -1.33808 0)
(0.661597 -1.37244 0)
(0.700566 -1.4091 0)
(0.743879 -1.44934 0)
(0.791573 -1.49486 0)
(0.843031 -1.54789 0)
(0.897099 -1.6111 0)
(0.95195 -1.68763 0)
(1.0048 -1.78077 0)
(1.05208 -1.89386 0)
(1.08951 -2.02992 0)
(1.11177 -2.19118 0)
(1.1123 -2.37832 0)
(1.08291 -2.58951 0)
(1.01361 -2.81894 0)
(0.893816 -3.05484 0)
(0.712613 -3.27887 0)
(0.468648 -3.46057 0)
(0.16602 -3.57353 0)
(0.0401936 -1.12415 0)
(0.119294 -1.12999 0)
(0.194615 -1.14139 0)
(0.264124 -1.15773 0)
(0.326541 -1.17828 0)
(0.380977 -1.20211 0)
(0.427781 -1.22825 0)
(0.468535 -1.2565 0)
(0.504613 -1.28594 0)
(0.537553 -1.31607 0)
(0.569214 -1.3468 0)
(0.601296 -1.37826 0)
(0.635242 -1.41099 0)
(0.672029 -1.44588 0)
(0.712 -1.48429 0)
(0.75486 -1.52797 0)
(0.799683 -1.57907 0)
(0.845022 -1.64004 0)
(0.888895 -1.71365 0)
(0.928537 -1.80257 0)
(0.960598 -1.90931 0)
(0.981309 -2.03584 0)
(0.986341 -2.18308 0)
(0.970681 -2.35039 0)
(0.928489 -2.5347 0)
(0.853139 -2.72959 0)
(0.738082 -2.92413 0)
(0.577775 -3.10276 0)
(0.372992 -3.2433 0)
(0.130143 -3.32598 0)
(0.0379232 -1.162 0)
(0.112603 -1.16811 0)
(0.183863 -1.17993 0)
(0.249893 -1.19681 0)
(0.309483 -1.21786 0)
(0.361822 -1.24214 0)
(0.407136 -1.26849 0)
(0.446786 -1.29616 0)
(0.48226 -1.32505 0)
(0.514899 -1.35404 0)
(0.546196 -1.38326 0)
(0.577633 -1.41291 0)
(0.610346 -1.44361 0)
(0.64501 -1.4764 0)
(0.681661 -1.51268 0)
(0.719733 -1.55422 0)
(0.75809 -1.60307 0)
(0.795106 -1.66144 0)
(0.828774 -1.73168 0)
(0.856503 -1.81595 0)
(0.87529 -1.916 0)
(0.882017 -2.03294 0)
(0.873368 -2.16677 0)
(0.845803 -2.31596 0)
(0.795508 -2.47683 0)
(0.718449 -2.64297 0)
(0.610975 -2.80469 0)
(0.47071 -2.9491 0)
(0.299426 -3.05995 0)
(0.10333 -3.12258 0)
(0.0355632 -1.19845 0)
(0.105711 -1.20469 0)
(0.172872 -1.21672 0)
(0.23538 -1.23384 0)
(0.292187 -1.255 0)
(0.342598 -1.2792 0)
(0.386833 -1.30525 0)
(0.42567 -1.33198 0)
(0.460745 -1.35962 0)
(0.49343 -1.38709 0)
(0.524593 -1.41441 0)
(0.555555 -1.44193 0)
(0.587125 -1.47038 0)
(0.619684 -1.50089 0)
(0.653015 -1.53493 0)
(0.686347 -1.57424 0)
(0.718421 -1.62072 0)
(0.74755 -1.67635 0)
(0.771797 -1.74306 0)
(0.788847 -1.82254 0)
(0.796142 -1.9159 0)
(0.79125 -2.02359 0)
(0.771836 -2.14494 0)
(0.73568 -2.27791 0)
(0.680643 -2.41858 0)
(0.604646 -2.56092 0)
(0.506052 -2.69654 0)
(0.384307 -2.81492 0)
(0.241477 -2.90396 0)
(0.0826436 -2.95287 0)
(0.0331961 -1.23326 0)
(0.0987612 -1.23948 0)
(0.161774 -1.25142 0)
(0.220886 -1.26848 0)
(0.275103 -1.28929 0)
(0.323732 -1.31287 0)
(0.367136 -1.338 0)
(0.405576 -1.36364 0)
(0.440496 -1.38927 0)
(0.473377 -1.41495 0)
(0.50463 -1.44009 0)
(0.53521 -1.46532 0)
(0.565657 -1.49147 0)
(0.596084 -1.51973 0)
(0.626068 -1.55159 0)
(0.654709 -1.58874 0)
(0.680695 -1.63292 0)
(0.702388 -1.68585 0)
(0.717984 -1.74906 0)
(0.72551 -1.82383 0)
(0.722915 -1.91075 0)
(0.708425 -2.00975 0)
(0.680616 -2.11973 0)
(0.638409 -2.23835 0)
(0.581007 -2.36175 0)
(0.507785 -2.4844 0)
(0.418467 -2.59914 0)
(0.313501 -2.69746 0)
(0.194845 -2.7702 0)
(0.0662344 -2.80938 0)
(0.030847 -1.26603 0)
(0.0919484 -1.27211 0)
(0.150901 -1.28369 0)
(0.206682 -1.30012 0)
(0.258543 -1.32026 0)
(0.305684 -1.34271 0)
(0.348357 -1.36635 0)
(0.386807 -1.39056 0)
(0.421852 -1.41395 0)
(0.454916 -1.43736 0)
(0.486415 -1.46031 0)
(0.516615 -1.48324 0)
(0.545891 -1.5072 0)
(0.574111 -1.53339 0)
(0.600706 -1.5633 0)
(0.624707 -1.59851 0)
(0.644821 -1.64058 0)
(0.65953 -1.69097 0)
(0.667225 -1.75086 0)
(0.666301 -1.82115 0)
(0.655234 -1.90202 0)
(0.632866 -1.99301 0)
(0.59858 -2.09275 0)
(0.552258 -2.19879 0)
(0.49416 -2.30744 0)
(0.424725 -2.41377 0)
(0.344572 -2.51169 0)
(0.254658 -2.59433 0)
(0.156621 -2.65466 0)
(0.0529172 -2.68672 0)
(0.0285891 -1.29625 0)
(0.085375 -1.302 0)
(0.140547 -1.31301 0)
(0.193179 -1.32838 0)
(0.242828 -1.3473 0)
(0.2888 -1.36819 0)
(0.330867 -1.39002 0)
(0.369503 -1.4122 0)
(0.405029 -1.43355 0)
(0.438241 -1.45425 0)
(0.469851 -1.47517 0)
(0.49967 -1.49596 0)
(0.527649 -1.518 0)
(0.553557 -1.54245 0)
(0.576713 -1.57075 0)
(0.596141 -1.60433 0)
(0.610621 -1.64457 0)
(0.618803 -1.69267 0)
(0.619323 -1.74952 0)
(0.610949 -1.81563 0)
(0.592659 -1.89092 0)
(0.563871 -1.97462 0)
(0.524659 -2.06522 0)
(0.475702 -2.16026 0)
(0.418075 -2.25632 0)
(0.352983 -2.34904 0)
(0.281616 -2.43329 0)
(0.205143 -2.50349 0)
(0.124795 -2.55419 0)
(0.0419075 -2.58087 0)
(0.0264873 -1.32324 0)
(0.0792478 -1.3285 0)
(0.130913 -1.33862 0)
(0.180695 -1.35267 0)
(0.228373 -1.36987 0)
(0.273309 -1.38886 0)
(0.315005 -1.40861 0)
(0.353811 -1.42843 0)
(0.389979 -1.44766 0)
(0.423377 -1.46609 0)
(0.454801 -1.48471 0)
(0.484151 -1.50389 0)
(0.510655 -1.52438 0)
(0.53413 -1.54753 0)
(0.553806 -1.57463 0)
(0.568751 -1.60697 0)
(0.577864 -1.64573 0)
(0.579989 -1.69184 0)
(0.574039 -1.74594 0)
(0.559139 -1.80823 0)
(0.534732 -1.87842 0)
(0.500764 -1.95555 0)
(0.457887 -2.03801 0)
(0.407427 -2.12345 0)
(0.351085 -2.20872 0)
(0.290601 -2.29002 0)
(0.227513 -2.36303 0)
(0.163027 -2.42321 0)
(0.0979489 -2.46629 0)
(0.0326683 -2.4888 0)
(0.0246051 -1.34614 0)
(0.0737208 -1.35078 0)
(0.122231 -1.35978 0)
(0.169501 -1.37222 0)
(0.215405 -1.38745 0)
(0.25944 -1.40425 0)
(0.300877 -1.42172 0)
(0.339906 -1.43927 0)
(0.376485 -1.45622 0)
(0.410158 -1.47293 0)
(0.441201 -1.48948 0)
(0.469602 -1.50744 0)
(0.494573 -1.52694 0)
(0.515475 -1.54926 0)
(0.531658 -1.57563 0)
(0.54225 -1.60716 0)
(0.546295 -1.64479 0)
(0.542851 -1.68923 0)
(0.531113 -1.74089 0)
(0.510545 -1.79974 0)
(0.48101 -1.8653 0)
(0.44292 -1.93651 0)
(0.39741 -2.01175 0)
(0.346322 -2.08878 0)
(0.29183 -2.16477 0)
(0.236037 -2.23639 0)
(0.180671 -2.30004 0)
(0.126879 -2.35204 0)
(0.0750605 -2.38898 0)
(0.0248223 -2.40818 0)
(0.0229693 -1.36394 0)
(0.0689147 -1.3679 0)
(0.11467 -1.37561 0)
(0.159731 -1.38633 0)
(0.204104 -1.39943 0)
(0.247333 -1.41389 0)
(0.288462 -1.42917 0)
(0.327667 -1.4445 0)
(0.364463 -1.45953 0)
(0.398163 -1.47485 0)
(0.428651 -1.4902 0)
(0.455766 -1.50703 0)
(0.478952 -1.52624 0)
(0.497218 -1.54826 0)
(0.509925 -1.5744 0)
(0.516339 -1.60551 0)
(0.515655 -1.64237 0)
(0.507148 -1.68547 0)
(0.490284 -1.735 0)
(0.464851 -1.79077 0)
(0.431079 -1.85214 0)
(0.389775 -1.91803 0)
(0.342486 -1.98684 0)
(0.291456 -2.05648 0)
(0.239208 -2.12441 0)
(0.188075 -2.18777 0)
(0.139869 -2.24353 0)
(0.0956237 -2.28873 0)
(0.0553778 -2.32064 0)
(0.0180955 -2.33715 0)
(0.0216014 -1.37555 0)
(0.064879 -1.37884 0)
(0.108275 -1.38523 0)
(0.151455 -1.39426 0)
(0.194515 -1.40519 0)
(0.236898 -1.41752 0)
(0.277681 -1.43076 0)
(0.316893 -1.44416 0)
(0.353484 -1.45793 0)
(0.386914 -1.47218 0)
(0.416808 -1.48706 0)
(0.442289 -1.50348 0)
(0.463322 -1.52266 0)
(0.478974 -1.54508 0)
(0.488266 -1.57144 0)
(0.49073 -1.60255 0)
(0.485693 -1.63898 0)
(0.472647 -1.68103 0)
(0.451308 -1.72872 0)
(0.421763 -1.78173 0)
(0.384557 -1.83935 0)
(0.340831 -1.90046 0)
(0.292481 -1.96354 0)
(0.242059 -2.02664 0)
(0.192331 -2.08752 0)
(0.145756 -2.14373 0)
(0.104158 -2.19277 0)
(0.0684419 -2.23224 0)
(0.0383382 -2.25995 0)
(0.0122872 -2.27423 0)
(0.0204782 -1.37996 0)
(0.0615893 -1.38263 0)
(0.102994 -1.38782 0)
(0.144604 -1.39529 0)
(0.186475 -1.40427 0)
(0.227956 -1.41487 0)
(0.268275 -1.42635 0)
(0.307079 -1.43852 0)
(0.343221 -1.4515 0)
(0.376084 -1.46521 0)
(0.404929 -1.48036 0)
(0.42878 -1.49728 0)
(0.447424 -1.51678 0)
(0.460246 -1.54009 0)
(0.466365 -1.56717 0)
(0.465149 -1.59865 0)
(0.456177 -1.63496 0)
(0.439131 -1.67623 0)
(0.413958 -1.72237 0)
(0.381005 -1.77294 0)
(0.341097 -1.82718 0)
(0.295655 -1.88399 0)
(0.246856 -1.94193 0)
(0.197493 -1.99922 0)
(0.150475 -2.05387 0)
(0.108309 -2.10385 0)
(0.0727872 -2.14713 0)
(0.0447076 -2.1817 0)
(0.0235345 -2.20578 0)
(0.00725697 -2.21809 0)
(0.0195783 -1.37629 0)
(0.0589262 -1.37844 0)
(0.0986893 -1.38267 0)
(0.13899 -1.38876 0)
(0.179673 -1.39636 0)
(0.220167 -1.40572 0)
(0.259765 -1.41597 0)
(0.297838 -1.42768 0)
(0.333252 -1.44029 0)
(0.365035 -1.45447 0)
(0.392501 -1.47042 0)
(0.414685 -1.48845 0)
(0.430876 -1.50924 0)
(0.440782 -1.53344 0)
(0.443879 -1.56183 0)
(0.439352 -1.59399 0)
(0.42689 -1.63047 0)
(0.406398 -1.67124 0)
(0.378018 -1.71607 0)
(0.342327 -1.76449 0)
(0.30039 -1.81571 0)
(0.253865 -1.86865 0)
(0.205153 -1.92197 0)
(0.15722 -1.97406 0)
(0.113033 -2.02322 0)
(0.0750823 -2.06778 0)
(0.0451562 -2.10608 0)
(0.0239894 -2.13632 0)
(0.0107376 -2.15704 0)
(0.00293588 -2.16751 0)
(0.0188495 -1.36389 0)
(0.056759 -1.36566 0)
(0.0951803 -1.36919 0)
(0.134229 -1.37436 0)
(0.17362 -1.38128 0)
(0.213096 -1.38984 0)
(0.251632 -1.39979 0)
(0.288653 -1.41155 0)
(0.322919 -1.42478 0)
(0.353245 -1.44008 0)
(0.379175 -1.45736 0)
(0.399356 -1.47724 0)
(0.413322 -1.49986 0)
(0.42039 -1.52562 0)
(0.42047 -1.55522 0)
(0.413118 -1.58858 0)
(0.39763 -1.62549 0)
(0.374254 -1.666 0)
(0.343284 -1.70978 0)
(0.305492 -1.75633 0)
(0.262152 -1.80485 0)
(0.215118 -1.85433 0)
(0.166967 -1.90351 0)
(0.120761 -1.95098 0)
(0.0794498 -1.99531 0)
(0.0455106 -2.03518 0)
(0.0208429 -2.06907 0)
(0.00608468 -2.09503 0)
(-0.000118947 -2.11268 0)
(-0.000691338 -2.12156 0)
(0.0182379 -1.34242 0)
(0.054916 -1.34399 0)
(0.0921003 -1.3472 0)
(0.129826 -1.35212 0)
(0.167944 -1.35884 0)
(0.206145 -1.36727 0)
(0.24331 -1.3779 0)
(0.278899 -1.39021 0)
(0.311628 -1.40513 0)
(0.34034 -1.42188 0)
(0.364342 -1.44146 0)
(0.382477 -1.46355 0)
(0.394202 -1.48839 0)
(0.398822 -1.51645 0)
(0.396159 -1.54735 0)
(0.386092 -1.5821 0)
(0.368216 -1.61974 0)
(0.342506 -1.66025 0)
(0.309554 -1.70325 0)
(0.270273 -1.74821 0)
(0.226115 -1.79437 0)
(0.179098 -1.84076 0)
(0.131908 -1.88626 0)
(0.0876425 -1.92967 0)
(0.0492208 -1.96978 0)
(0.0191832 -2.00556 0)
(-0.000203597 -2.03471 0)
(-0.00905833 -2.05693 0)
(-0.00938817 -2.07197 0)
(-0.00381374 -2.07959 0)
(0.017657 -1.312 0)
(0.0531374 -1.31361 0)
(0.0890289 -1.31692 0)
(0.125415 -1.32206 0)
(0.162137 -1.32912 0)
(0.198652 -1.33843 0)
(0.234248 -1.35018 0)
(0.268014 -1.36408 0)
(0.29892 -1.38104 0)
(0.32571 -1.40011 0)
(0.347591 -1.42245 0)
(0.363787 -1.44705 0)
(0.373226 -1.47472 0)
(0.375701 -1.50515 0)
(0.370713 -1.53815 0)
(0.35825 -1.57404 0)
(0.338398 -1.61274 0)
(0.310965 -1.6535 0)
(0.276619 -1.69598 0)
(0.23643 -1.73966 0)
(0.192003 -1.78381 0)
(0.145475 -1.82753 0)
(0.0995862 -1.86981 0)
(0.0574657 -1.90963 0)
(0.0219368 -1.94608 0)
(-0.00370003 -1.97732 0)
(-0.0180919 -2.00222 0)
(-0.022154 -2.02146 0)
(-0.017306 -2.03429 0)
(-0.00648111 -2.04073 0)
(0.0170177 -1.27325 0)
(0.051185 -1.27508 0)
(0.085703 -1.2788 0)
(0.120584 -1.28464 0)
(0.15554 -1.2928 0)
(0.19019 -1.30353 0)
(0.223866 -1.31691 0)
(0.255512 -1.3333 0)
(0.284323 -1.35248 0)
(0.308956 -1.37478 0)
(0.328767 -1.39978 0)
(0.342857 -1.42764 0)
(0.350167 -1.45821 0)
(0.350748 -1.49123 0)
(0.343947 -1.52664 0)
(0.329553 -1.56409 0)
(0.307986 -1.60363 0)
(0.279417 -1.64505 0)
(0.244255 -1.68728 0)
(0.203705 -1.73 0)
(0.159518 -1.77252 0)
(0.11392 -1.81397 0)
(0.0696882 -1.85344 0)
(0.0298419 -1.89011 0)
(-0.00208136 -1.92265 0)
(-0.0233655 -1.94953 0)
(-0.0336563 -1.97137 0)
(-0.0333587 -1.98775 0)
(-0.0240109 -1.99862 0)
(-0.00871587 -2.00399 0)
(0.0162722 -1.22718 0)
(0.0489286 -1.22937 0)
(0.081786 -1.23382 0)
(0.114815 -1.24082 0)
(0.147819 -1.25047 0)
(0.180377 -1.263 0)
(0.211689 -1.27875 0)
(0.241061 -1.29772 0)
(0.267482 -1.31982 0)
(0.289861 -1.3453 0)
(0.307532 -1.37347 0)
(0.319501 -1.40466 0)
(0.325027 -1.43825 0)
(0.323836 -1.47403 0)
(0.31549 -1.51187 0)
(0.299897 -1.5513 0)
(0.277039 -1.59188 0)
(0.247557 -1.63378 0)
(0.21223 -1.67626 0)
(0.17183 -1.7183 0)
(0.128363 -1.75955 0)
(0.0841451 -1.7991 0)
(0.0418837 -1.83613 0)
(0.00501382 -1.86975 0)
(-0.0231019 -1.89831 0)
(-0.0406215 -1.92209 0)
(-0.0470503 -1.94093 0)
(-0.0428037 -1.95473 0)
(-0.0296347 -1.96379 0)
(-0.0105714 -1.96822 0)
(0.0153591 -1.17524 0)
(0.0461542 -1.1779 0)
(0.0770284 -1.1833 0)
(0.107966 -1.19161 0)
(0.138733 -1.20303 0)
(0.168764 -1.21779 0)
(0.197552 -1.23609 0)
(0.224388 -1.25777 0)
(0.24826 -1.28311 0)
(0.268292 -1.31158 0)
(0.28378 -1.34324 0)
(0.293759 -1.37751 0)
(0.297593 -1.41417 0)
(0.294948 -1.45285 0)
(0.285382 -1.49301 0)
(0.268911 -1.53441 0)
(0.245468 -1.5766 0)
(0.215469 -1.61902 0)
(0.180193 -1.66166 0)
(0.140575 -1.70342 0)
(0.0982829 -1.74372 0)
(0.0558768 -1.78172 0)
(0.0161406 -1.8166 0)
(-0.0172778 -1.84707 0)
(-0.0417461 -1.87264 0)
(-0.0556701 -1.89358 0)
(-0.0583923 -1.90961 0)
(-0.0506829 -1.92116 0)
(-0.0342486 -1.92855 0)
(-0.0120851 -1.93212 0)
(0.0142546 -1.11918 0)
(0.0428234 -1.12235 0)
(0.0714054 -1.12872 0)
(0.0998654 -1.13847 0)
(0.12798 -1.15179 0)
(0.155326 -1.16879 0)
(0.181384 -1.18951 0)
(0.205422 -1.21415 0)
(0.226703 -1.24227 0)
(0.244292 -1.27395 0)
(0.257567 -1.30857 0)
(0.265742 -1.34603 0)
(0.267923 -1.38541 0)
(0.264078 -1.4268 0)
(0.253676 -1.46927 0)
(0.236545 -1.51261 0)
(0.212909 -1.55636 0)
(0.183091 -1.59983 0)
(0.148258 -1.64258 0)
(0.109632 -1.68423 0)
(0.069022 -1.72375 0)
(0.0289118 -1.76046 0)
(-0.00764892 -1.7932 0)
(-0.0374613 -1.82108 0)
(-0.0583518 -1.84427 0)
(-0.068639 -1.86246 0)
(-0.0679447 -1.87608 0)
(-0.0571555 -1.88555 0)
(-0.0379555 -1.89145 0)
(-0.0132882 -1.89424 0)
(0.0129596 -1.0609 0)
(0.0389299 -1.06456 0)
(0.0648185 -1.07185 0)
(0.0904846 -1.08302 0)
(0.115751 -1.09798 0)
(0.140178 -1.11709 0)
(0.163177 -1.14015 0)
(0.184404 -1.16722 0)
(0.202943 -1.19796 0)
(0.218046 -1.23241 0)
(0.229147 -1.26964 0)
(0.235516 -1.30974 0)
(0.236375 -1.35178 0)
(0.231392 -1.39536 0)
(0.220349 -1.44 0)
(0.202903 -1.48509 0)
(0.179359 -1.53028 0)
(0.150121 -1.57479 0)
(0.116223 -1.61807 0)
(0.0790533 -1.65959 0)
(0.0405088 -1.69847 0)
(0.00324219 -1.73386 0)
(-0.0298007 -1.76471 0)
(-0.055983 -1.79064 0)
(-0.0731116 -1.81153 0)
(-0.0797779 -1.82733 0)
(-0.075891 -1.83879 0)
(-0.0623292 -1.84639 0)
(-0.0408424 -1.85093 0)
(-0.0142118 -1.85302 0)
(0.0114871 -1.00235 0)
(0.0345293 -1.0064 0)
(0.0574156 -1.01445 0)
(0.0800697 -1.02679 0)
(0.102165 -1.04316 0)
(0.123367 -1.06405 0)
(0.14339 -1.08894 0)
(0.161606 -1.11792 0)
(0.177297 -1.15095 0)
(0.189966 -1.18726 0)
(0.198954 -1.22684 0)
(0.203491 -1.26879 0)
(0.203036 -1.31298 0)
(0.197211 -1.35839 0)
(0.185669 -1.40479 0)
(0.16812 -1.45132 0)
(0.144923 -1.49771 0)
(0.116555 -1.54311 0)
(0.0839812 -1.58691 0)
(0.0486907 -1.62838 0)
(0.0127378 -1.66669 0)
(-0.0212901 -1.70083 0)
(-0.0506824 -1.73018 0)
(-0.0729438 -1.75428 0)
(-0.0861637 -1.77302 0)
(-0.0893015 -1.78674 0)
(-0.0823842 -1.7962 0)
(-0.0663532 -1.80214 0)
(-0.0429925 -1.80547 0)
(-0.0148818 -1.80692 0)
(0.00988635 -0.945305 0)
(0.0297623 -0.949648 0)
(0.0493738 -0.958279 0)
(0.0687254 -0.971452 0)
(0.0875113 -0.988917 0)
(0.105488 -1.01088 0)
(0.122352 -1.03703 0)
(0.137407 -1.0675 0)
(0.150392 -1.10174 0)
(0.160529 -1.13953 0)
(0.167361 -1.18043 0)
(0.170231 -1.22387 0)
(0.168465 -1.2693 0)
(0.161804 -1.31596 0)
(0.149911 -1.36358 0)
(0.13248 -1.41122 0)
(0.10979 -1.4584 0)
(0.0825134 -1.50443 0)
(0.0515932 -1.54852 0)
(0.0185894 -1.58984 0)
(-0.0144034 -1.62748 0)
(-0.0448776 -1.66059 0)
(-0.0703075 -1.68844 0)
(-0.0884519 -1.71074 0)
(-0.097713 -1.72754 0)
(-0.0973503 -1.73935 0)
(-0.0875595 -1.74699 0)
(-0.0693486 -1.75144 0)
(-0.0444792 -1.75366 0)
(-0.0153269 -1.75456 0)
(0.00819699 -0.891402 0)
(0.0246995 -0.895904 0)
(0.0408939 -0.904908 0)
(0.0568531 -0.918455 0)
(0.0722878 -0.936472 0)
(0.0869059 -0.958978 0)
(0.100477 -0.985835 0)
(0.112565 -1.01678 0)
(0.122708 -1.05165 0)
(0.130325 -1.09005 0)
(0.135037 -1.13144 0)
(0.136138 -1.17552 0)
(0.133234 -1.22144 0)
(0.12575 -1.26871 0)
(0.113473 -1.31685 0)
(0.0962594 -1.36496 0)
(0.0742788 -1.41256 0)
(0.0482464 -1.45872 0)
(0.0192444 -1.50279 0)
(-0.011157 -1.54369 0)
(-0.0408827 -1.58052 0)
(-0.0674884 -1.61245 0)
(-0.0886953 -1.63873 0)
(-0.102579 -1.65927 0)
(-0.107846 -1.67419 0)
(-0.10404 -1.68417 0)
(-0.091541 -1.69015 0)
(-0.0714112 -1.69321 0)
(-0.0453746 -1.69448 0)
(-0.0155755 -1.69488 0)
(0.00647513 -0.841954 0)
(0.0195292 -0.846471 0)
(0.0322865 -0.855554 0)
(0.0448061 -0.869103 0)
(0.056802 -0.887181 0)
(0.0680789 -0.909645 0)
(0.0785472 -0.936352 0)
(0.087524 -0.967142 0)
(0.0948567 -1.00191 0)
(0.10006 -1.03986 0)
(0.102584 -1.08108 0)
(0.10202 -1.12483 0)
(0.0978391 -1.17043 0)
(0.0894885 -1.21746 0)
(0.0769623 -1.26537 0)
(0.0599436 -1.31339 0)
(0.0387239 -1.36076 0)
(0.0141263 -1.40662 0)
(-0.0128062 -1.45008 0)
(-0.0403281 -1.49015 0)
(-0.0665185 -1.52585 0)
(-0.0889905 -1.55629 0)
(-0.105792 -1.58088 0)
(-0.115328 -1.59949 0)
(-0.116581 -1.6126 0)
(-0.109452 -1.62072 0)
(-0.0944119 -1.62519 0)
(-0.0726249 -1.62693 0)
(-0.0457531 -1.62735 0)
(-0.0156394 -1.62728 0)
(0.00477457 -0.797927 0)
(0.0143947 -0.802331 0)
(0.023745 -0.81124 0)
(0.0328869 -0.824445 0)
(0.0415642 -0.842051 0)
(0.0496422 -0.863812 0)
(0.0569018 -0.889813 0)
(0.0628826 -0.919874 0)
(0.0675932 -0.953382 0)
(0.0703157 -0.990474 0)
(0.0706387 -1.03039 0)
(0.0684258 -1.07302 0)
(0.0630295 -1.11759 0)
(0.0537911 -1.16364 0)
(0.0407732 -1.21052 0)
(0.0239655 -1.25772 0)
(0.00361289 -1.30407 0)
(-0.0194512 -1.34898 0)
(-0.0440663 -1.39125 0)
(-0.0685858 -1.42998 0)
(-0.0910091 -1.46407 0)
(-0.109198 -1.49262 0)
(-0.12144 -1.51522 0)
(-0.126621 -1.53176 0)
(-0.123931 -1.5429 0)
(-0.11358 -1.54921 0)
(-0.096251 -1.55212 0)
(-0.0730468 -1.55269 0)
(-0.0456506 -1.55229 0)
(-0.0155365 -1.5518 0)
(0.00313804 -0.759948 0)
(0.00944126 -0.764123 0)
(0.0155296 -0.772586 0)
(0.0214583 -0.785091 0)
(0.0269695 -0.801823 0)
(0.031883 -0.822548 0)
(0.0360595 -0.847273 0)
(0.039346 -0.875642 0)
(0.0413496 -0.907574 0)
(0.0416954 -0.942847 0)
(0.0400234 -0.98097 0)
(0.03593 -1.02153 0)
(0.0291544 -1.06436 0)
(0.0190585 -1.10871 0)
(0.0056619 -1.15386 0)
(-0.0109619 -1.19927 0)
(-0.0304438 -1.24398 0)
(-0.0519468 -1.28715 0)
(-0.0741979 -1.32767 0)
(-0.0955222 -1.36442 0)
(-0.113994 -1.39629 0)
(-0.127755 -1.42251 0)
(-0.135456 -1.44271 0)
(-0.136307 -1.457 0)
(-0.129807 -1.46589 0)
(-0.116443 -1.47039 0)
(-0.0970477 -1.47167 0)
(-0.0727478 -1.47115 0)
(-0.0450934 -1.46998 0)
(-0.0152836 -1.46911 0)
(0.00161065 -0.728232 0)
(0.00481841 -0.732098 0)
(0.00785718 -0.739944 0)
(0.0107317 -0.751544 0)
(0.0131789 -0.767077 0)
(0.0151985 -0.786391 0)
(0.0166631 -0.809209 0)
(0.0171813 -0.835569 0)
(0.0166593 -0.865425 0)
(0.0146897 -0.898152 0)
(0.0110045 -0.933921 0)
(0.00522171 -0.971954 0)
(-0.00304398 -1.01222 0)
(-0.0140349 -1.05404 0)
(-0.0278586 -1.09681 0)
(-0.0443448 -1.13983 0)
(-0.0629973 -1.18226 0)
(-0.0828767 -1.22305 0)
(-0.102627 -1.26104 0)
(-0.120599 -1.29508 0)
(-0.135037 -1.32411 0)
(-0.144376 -1.34748 0)
(-0.147588 -1.36483 0)
(-0.144195 -1.37657 0)
(-0.134072 -1.38301 0)
(-0.11796 -1.38563 0)
(-0.0968302 -1.38524 0)
(-0.0717626 -1.38363 0)
(-0.0441113 -1.38175 0)
(-0.0148845 -1.38049 0)
(0.000208554 -0.702715 0)
(0.000567192 -0.706236 0)
(0.000794841 -0.713339 0)
(0.000897494 -0.723894 0)
(0.000561858 -0.737962 0)
(-4.68975e-05 -0.755482 0)
(-0.00121066 -0.776176 0)
(-0.00325841 -0.800267 0)
(-0.00608142 -0.827466 0)
(-0.0102173 -0.857488 0)
(-0.0159111 -0.890189 0)
(-0.0234133 -0.925388 0)
(-0.0330615 -0.962592 0)
(-0.0450491 -1.00142 0)
(-0.0593584 -1.04125 0)
(-0.0757247 -1.08134 0)
(-0.093513 -1.12078 0)
(-0.111663 -1.15848 0)
(-0.12879 -1.19322 0)
(-0.143325 -1.22383 0)
(-0.153709 -1.24942 0)
(-0.158616 -1.26934 0)
(-0.157511 -1.28351 0)
(-0.150086 -1.29223 0)
(-0.136667 -1.29621 0)
(-0.118136 -1.29672 0)
(-0.0955376 -1.29481 0)
(-0.0700965 -1.29198 0)
(-0.0427235 -1.28936 0)
(-0.0143429 -1.28781 0)
(-0.00105681 -0.683015 0)
(-0.00323089 -0.68617 0)
(-0.0055229 -0.692424 0)
(-0.00792696 -0.701819 0)
(-0.0107586 -0.714368 0)
(-0.0137611 -0.729911 0)
(-0.0172773 -0.748449 0)
(-0.0216904 -0.769906 0)
(-0.0267081 -0.794345 0)
(-0.0328479 -0.821434 0)
(-0.0404566 -0.850998 0)
(-0.0496522 -0.882926 0)
(-0.0606703 -0.916865 0)
(-0.0736463 -0.952353 0)
(-0.0884268 -0.988795 0)
(-0.104626 -1.02543 0)
(-0.121465 -1.06127 0)
(-0.137777 -1.0952 0)
(-0.152154 -1.12605 0)
(-0.163198 -1.15257 0)
(-0.169532 -1.17415 0)
(-0.170212 -1.19017 0)
(-0.164939 -1.20082 0)
(-0.153818 -1.2062 0)
(-0.137476 -1.20761 0)
(-0.116902 -1.20588 0)
(-0.0932384 -1.20237 0)
(-0.0676339 -1.19842 0)
(-0.0409587 -1.1951 0)
(-0.0137182 -1.19323 0)
(-0.00218233 -0.668529 0)
(-0.00656188 -0.671283 0)
(-0.011062 -0.676754 0)
(-0.0157306 -0.684949 0)
(-0.0207263 -0.69599 0)
(-0.0258744 -0.709517 0)
(-0.0315212 -0.725937 0)
(-0.038042 -0.744797 0)
(-0.0451335 -0.766407 0)
(-0.0531544 -0.790557 0)
(-0.0625152 -0.816952 0)
(-0.0733336 -0.845525 0)
(-0.0856805 -0.876026 0)
(-0.0995654 -0.907949 0)
(-0.114745 -0.940697 0)
(-0.130658 -0.973455 0)
(-0.146393 -1.00521 0)
(-0.160756 -1.03481 0)
(-0.172274 -1.06115 0)
(-0.179784 -1.08321 0)
(-0.182205 -1.10023 0)
(-0.17883 -1.11206 0)
(-0.169656 -1.11874 0)
(-0.155233 -1.12078 0)
(-0.136431 -1.11936 0)
(-0.114163 -1.11543 0)
(-0.0898839 -1.11031 0)
(-0.0645903 -1.1053 0)
(-0.0387961 -1.10131 0)
(-0.0129312 -1.09913 0)
(-0.00314406 -0.65863 0)
(-0.00946317 -0.660982 0)
(-0.0158774 -0.665757 0)
(-0.0225026 -0.672838 0)
(-0.0293755 -0.682354 0)
(-0.0364558 -0.694072 0)
(-0.0440148 -0.708453 0)
(-0.0523614 -0.72489 0)
(-0.0613884 -0.74379 0)
(-0.0711557 -0.765043 0)
(-0.0821165 -0.788373 0)
(-0.0944244 -0.813681 0)
(-0.107982 -0.840685 0)
(-0.122661 -0.868965 0)
(-0.138074 -0.897811 0)
(-0.153518 -0.926402 0)
(-0.167968 -0.953696 0)
(-0.180178 -0.978585 0)
(-0.188836 -0.999995 0)
(-0.192817 -1.01719 0)
(-0.191395 -1.02938 0)
(-0.18424 -1.0367 0)
(-0.171549 -1.03923 0)
(-0.154294 -1.03796 0)
(-0.133428 -1.03368 0)
(-0.110039 -1.02752 0)
(-0.0855547 -1.02101 0)
(-0.0608132 -1.01486 0)
(-0.0362923 -1.01025 0)
(-0.0120741 -1.00783 0)
(-0.003964 -0.652673 0)
(-0.0119617 -0.654711 0)
(-0.0200455 -0.658766 0)
(-0.0283068 -0.664912 0)
(-0.0368167 -0.67303 0)
(-0.0456524 -0.683186 0)
(-0.0548765 -0.695651 0)
(-0.0648224 -0.709946 0)
(-0.075565 -0.726326 0)
(-0.0869436 -0.744862 0)
(-0.099377 -0.76533 0)
(-0.112981 -0.787513 0)
(-0.127581 -0.811141 0)
(-0.142861 -0.835741 0)
(-0.158277 -0.86061 0)
(-0.173013 -0.88487 0)
(-0.185943 -0.907467 0)
(-0.195847 -0.927374 0)
(-0.201531 -0.94366 0)
(-0.202057 -0.955629 0)
(-0.196999 -0.962938 0)
(-0.186295 -0.965534 0)
(-0.170609 -0.964089 0)
(-0.151028 -0.959432 0)
(-0.128519 -0.952385 0)
(-0.104559 -0.944229 0)
(-0.0802895 -0.93624 0)
(-0.0564355 -0.929184 0)
(-0.0334738 -0.92406 0)
(-0.0111044 -0.921369 0)
(-0.0046883 -0.65007 0)
(-0.0140792 -0.651823 0)
(-0.0236056 -0.655277 0)
(-0.0333104 -0.660539 0)
(-0.0432228 -0.667543 0)
(-0.0535981 -0.676393 0)
(-0.0642949 -0.687019 0)
(-0.0756087 -0.699528 0)
(-0.0878505 -0.713703 0)
(-0.100717 -0.729785 0)
(-0.114441 -0.747622 0)
(-0.129144 -0.766897 0)
(-0.144534 -0.787308 0)
(-0.160154 -0.8083 0)
(-0.17531 -0.82919 0)
(-0.189032 -0.849026 0)
(-0.200183 -0.866858 0)
(-0.20761 -0.88162 0)
(-0.210252 -0.892659 0)
(-0.207429 -0.899432 0)
(-0.198903 -0.901681 0)
(-0.185113 -0.899833 0)
(-0.166925 -0.894525 0)
(-0.145424 -0.886524 0)
(-0.121906 -0.876937 0)
(-0.0978031 -0.867035 0)
(-0.0741527 -0.857649 0)
(-0.0515817 -0.849894 0)
(-0.0303758 -0.844331 0)
(-0.0100414 -0.841428 0)
(-0.00529201 -0.650256 0)
(-0.0159065 -0.651738 0)
(-0.0266488 -0.654783 0)
(-0.0376007 -0.659275 0)
(-0.0488302 -0.665348 0)
(-0.0604104 -0.673027 0)
(-0.0724088 -0.682125 0)
(-0.0850452 -0.693129 0)
(-0.0984956 -0.70548 0)
(-0.112651 -0.719406 0)
(-0.127504 -0.734861 0)
(-0.143059 -0.751466 0)
(-0.158961 -0.768828 0)
(-0.174604 -0.786357 0)
(-0.189144 -0.803304 0)
(-0.201563 -0.81871 0)
(-0.210647 -0.831722 0)
(-0.215402 -0.841442 0)
(-0.215031 -0.847189 0)
(-0.208896 -0.848831 0)
(-0.197304 -0.846313 0)
(-0.180873 -0.840271 0)
(-0.160524 -0.831188 0)
(-0.137698 -0.820194 0)
(-0.113748 -0.808353 0)
(-0.0899415 -0.796885 0)
(-0.0672985 -0.786442 0)
(-0.0463414 -0.778127 0)
(-0.0270637 -0.77223 0)
(-0.0089105 -0.769172 0)
(-0.0058111 -0.652726 0)
(-0.0175081 -0.654042 0)
(-0.0293156 -0.656659 0)
(-0.0413151 -0.660644 0)
(-0.0536424 -0.665922 0)
(-0.0663115 -0.672571 0)
(-0.0795288 -0.680607 0)
(-0.0933082 -0.690245 0)
(-0.107765 -0.701076 0)
(-0.122984 -0.713204 0)
(-0.13874 -0.726524 0)
(-0.154888 -0.740678 0)
(-0.170978 -0.755168 0)
(-0.186283 -0.769344 0)
(-0.199831 -0.782414 0)
(-0.21057 -0.79349 0)
(-0.217412 -0.801689 0)
(-0.219333 -0.80644 0)
(-0.215852 -0.807181 0)
(-0.206766 -0.803853 0)
(-0.192416 -0.79693 0)
(-0.173651 -0.786823 0)
(-0.15171 -0.774485 0)
(-0.128118 -0.76095 0)
(-0.10424 -0.747268 0)
(-0.0811969 -0.734385 0)
(-0.0599362 -0.723289 0)
(-0.0408112 -0.714497 0)
(-0.0235951 -0.708424 0)
(-0.00772939 -0.705252 0)
(-0.0062891 -0.657097 0)
(-0.0188857 -0.658258 0)
(-0.0316501 -0.660594 0)
(-0.0446186 -0.664074 0)
(-0.057867 -0.668812 0)
(-0.0715379 -0.67473 0)
(-0.0858021 -0.68198 0)
(-0.100558 -0.690307 0)
(-0.115895 -0.699967 0)
(-0.131937 -0.710555 0)
(-0.148327 -0.721986 0)
(-0.164767 -0.733866 0)
(-0.180687 -0.745618 0)
(-0.195254 -0.756537 0)
(-0.207444 -0.765807 0)
(-0.216172 -0.772636 0)
(-0.220463 -0.776215 0)
(-0.219565 -0.77607 0)
(-0.213072 -0.772094 0)
(-0.201128 -0.764268 0)
(-0.184397 -0.753213 0)
(-0.163862 -0.73957 0)
(-0.140915 -0.724421 0)
(-0.117071 -0.708777 0)
(-0.0936151 -0.693671 0)
(-0.0717681 -0.679883 0)
(-0.0522251 -0.668287 0)
(-0.0350756 -0.659189 0)
(-0.0200629 -0.653046 0)
(-0.00651187 -0.649865 0)
(-0.00669025 -0.663027 0)
(-0.0201571 -0.664088 0)
(-0.0337212 -0.666215 0)
(-0.0475407 -0.669374 0)
(-0.0617162 -0.673677 0)
(-0.0762892 -0.679042 0)
(-0.0913327 -0.685546 0)
(-0.106939 -0.692983 0)
(-0.123111 -0.701588 0)
(-0.139672 -0.710854 0)
(-0.156407 -0.720563 0)
(-0.172798 -0.730287 0)
(-0.188161 -0.739383 0)
(-0.201585 -0.747104 0)
(-0.212033 -0.752653 0)
(-0.218459 -0.755301 0)
(-0.220015 -0.754478 0)
(-0.21621 -0.749757 0)
(-0.206908 -0.74129 0)
(-0.192457 -0.729416 0)
(-0.173699 -0.714761 0)
(-0.15183 -0.698175 0)
(-0.128372 -0.68075 0)
(-0.104813 -0.663476 0)
(-0.0823411 -0.647298 0)
(-0.061959 -0.633087 0)
(-0.0442532 -0.621147 0)
(-0.0292602 -0.612059 0)
(-0.0165332 -0.605883 0)
(-0.00532375 -0.602803 0)
(-0.00709269 -0.670278 0)
(-0.0213008 -0.671268 0)
(-0.0356545 -0.673235 0)
(-0.0502718 -0.676194 0)
(-0.0651922 -0.680207 0)
(-0.080531 -0.685122 0)
(-0.0963659 -0.690982 0)
(-0.112715 -0.697918 0)
(-0.12944 -0.705385 0)
(-0.146318 -0.713512 0)
(-0.163055 -0.721561 0)
(-0.179031 -0.729171 0)
(-0.193433 -0.735627 0)
(-0.205311 -0.740168 0)
(-0.213657 -0.742047 0)
(-0.217556 -0.74064 0)
(-0.216262 -0.735567 0)
(-0.20957 -0.726699 0)
(-0.197656 -0.714184 0)
(-0.181023 -0.69868 0)
(-0.16072 -0.680971 0)
(-0.138086 -0.66203 0)
(-0.114617 -0.642937 0)
(-0.0917179 -0.624528 0)
(-0.0705836 -0.607803 0)
(-0.0519483 -0.59332 0)
(-0.036288 -0.581471 0)
(-0.023507 -0.572531 0)
(-0.0130531 -0.566529 0)
(-0.00418255 -0.563521 0)
(-0.00744058 -0.678675 0)
(-0.022397 -0.679615 0)
(-0.0374523 -0.681502 0)
(-0.0528221 -0.684304 0)
(-0.0684805 -0.688069 0)
(-0.0844536 -0.692706 0)
(-0.101029 -0.698199 0)
(-0.117855 -0.704403 0)
(-0.134929 -0.711038 0)
(-0.151931 -0.717849 0)
(-0.168275 -0.724298 0)
(-0.183459 -0.729752 0)
(-0.196495 -0.73352 0)
(-0.206451 -0.734862 0)
(-0.212391 -0.733118 0)
(-0.213548 -0.727804 0)
(-0.20945 -0.718702 0)
(-0.200005 -0.706004 0)
(-0.185673 -0.689996 0)
(-0.167285 -0.671468 0)
(-0.145922 -0.651291 0)
(-0.123005 -0.630545 0)
(-0.09995 -0.610286 0)
(-0.0781848 -0.591341 0)
(-0.0586888 -0.574454 0)
(-0.0420024 -0.560063 0)
(-0.0284978 -0.548534 0)
(-0.0179358 -0.539887 0)
(-0.00970924 -0.534161 0)
(-0.00304845 -0.531309 0)
(-0.00780494 -0.688113 0)
(-0.0234423 -0.689017 0)
(-0.0392064 -0.690856 0)
(-0.0552464 -0.693569 0)
(-0.0715578 -0.697169 0)
(-0.0882067 -0.70155 0)
(-0.10523 -0.706672 0)
(-0.122444 -0.712125 0)
(-0.139629 -0.718025 0)
(-0.156367 -0.723382 0)
(-0.172076 -0.728113 0)
(-0.186021 -0.7313 0)
(-0.197306 -0.732279 0)
(-0.205007 -0.73038 0)
(-0.208308 -0.72506 0)
(-0.20663 -0.716007 0)
(-0.19974 -0.703211 0)
(-0.187815 -0.686997 0)
(-0.171481 -0.668015 0)
(-0.151689 -0.64703 0)
(-0.129705 -0.625041 0)
(-0.107009 -0.60313 0)
(-0.0849049 -0.582263 0)
(-0.0645608 -0.563244 0)
(-0.0468782 -0.546452 0)
(-0.0323042 -0.532561 0)
(-0.0209969 -0.52152 0)
(-0.0126138 -0.513333 0)
(-0.00655682 -0.507963 0)
(-0.00202608 -0.505308 0)
(-0.00812525 -0.698535 0)
(-0.0244747 -0.699418 0)
(-0.0409006 -0.701204 0)
(-0.0576043 -0.703867 0)
(-0.0745274 -0.707295 0)
(-0.0916543 -0.711407 0)
(-0.109042 -0.716113 0)
(-0.126458 -0.72094 0)
(-0.14346 -0.725647 0)
(-0.159576 -0.729658 0)
(-0.174275 -0.732378 0)
(-0.186617 -0.733136 0)
(-0.195798 -0.731194 0)
(-0.200979 -0.726003 0)
(-0.201498 -0.717173 0)
(-0.196989 -0.704581 0)
(-0.187463 -0.688424 0)
(-0.17333 -0.669211 0)
(-0.155383 -0.647711 0)
(-0.134716 -0.624838 0)
(-0.112651 -0.601665 0)
(-0.0905841 -0.579179 0)
(-0.0697209 -0.558212 0)
(-0.0510442 -0.53933 0)
(-0.0354342 -0.523254 0)
(-0.0231063 -0.509953 0)
(-0.0139251 -0.499629 0)
(-0.0076609 -0.492015 0)
(-0.00363173 -0.487079 0)
(-0.00104083 -0.484625 0)
(-0.00847311 -0.709904 0)
(-0.0254633 -0.710786 0)
(-0.042577 -0.712528 0)
(-0.059861 -0.715094 0)
(-0.0772697 -0.718344 0)
(-0.0948877 -0.722135 0)
(-0.112453 -0.726249 0)
(-0.129669 -0.730266 0)
(-0.146236 -0.733647 0)
(-0.161468 -0.736015 0)
(-0.174712 -0.736553 0)
(-0.185123 -0.734626 0)
(-0.1919 -0.729639 0)
(-0.194381 -0.721126 0)
(-0.192073 -0.708888 0)
(-0.184842 -0.693001 0)
(-0.172933 -0.673858 0)
(-0.156959 -0.652131 0)
(-0.137851 -0.628694 0)
(-0.116791 -0.604537 0)
(-0.0951012 -0.580698 0)
(-0.0740762 -0.558099 0)
(-0.0547038 -0.537406 0)
(-0.0380665 -0.519235 0)
(-0.0246139 -0.504077 0)
(-0.014399 -0.49161 0)
(-0.00740169 -0.482037 0)
(-0.00310272 -0.475106 0)
(-0.000960321 -0.470616 0)
(-0.00017054 -0.468426 0)
(-0.00879372 -0.722237 0)
(-0.0264624 -0.723093 0)
(-0.0441638 -0.72475 0)
(-0.0620105 -0.727186 0)
(-0.0798616 -0.730149 0)
(-0.0976431 -0.733456 0)
(-0.115203 -0.736799 0)
(-0.132064 -0.739737 0)
(-0.147816 -0.741624 0)
(-0.161778 -0.741948 0)
(-0.173223 -0.740088 0)
(-0.181377 -0.735251 0)
(-0.185566 -0.727089 0)
(-0.185252 -0.715271 0)
(-0.180183 -0.699781 0)
(-0.170441 -0.680898 0)
(-0.156487 -0.659187 0)
(-0.1391 -0.63545 0)
(-0.119313 -0.610635 0)
(-0.0983398 -0.58575 0)
(-0.0774561 -0.561776 0)
(-0.0577733 -0.539528 0)
(-0.0402659 -0.519468 0)
(-0.0257842 -0.502466 0)
(-0.0144978 -0.488165 0)
(-0.00640255 -0.47681 0)
(-0.00141634 -0.468082 0)
(0.00099442 -0.46185 0)
(0.00142653 -0.457873 0)
(0.000615108 -0.455928 0)
(-0.00912118 -0.735513 0)
(-0.0273668 -0.736343 0)
(-0.0456774 -0.737841 0)
(-0.0639502 -0.739999 0)
(-0.0820196 -0.74252 0)
(-0.0999264 -0.74518 0)
(-0.117213 -0.747478 0)
(-0.133324 -0.748991 0)
(-0.147911 -0.749004 0)
(-0.160303 -0.747099 0)
(-0.169636 -0.742399 0)
(-0.175272 -0.734557 0)
(-0.176758 -0.723143 0)
(-0.173684 -0.708098 0)
(-0.166022 -0.689584 0)
(-0.154076 -0.668059 0)
(-0.138488 -0.644238 0)
(-0.120161 -0.619011 0)
(-0.100184 -0.593364 0)
(-0.0797611 -0.568276 0)
(-0.0600701 -0.544637 0)
(-0.0420118 -0.523092 0)
(-0.0266151 -0.504205 0)
(-0.0143418 -0.488327 0)
(-0.00516918 -0.475192 0)
(0.000821823 -0.464899 0)
(0.00393622 -0.45713 0)
(0.00463394 -0.451634 0)
(0.00352382 -0.448157 0)
(0.00129981 -0.44647 0)
(-0.00942246 -0.749723 0)
(-0.0282261 -0.750413 0)
(-0.0469331 -0.751727 0)
(-0.0655549 -0.753397 0)
(-0.0837867 -0.755286 0)
(-0.101399 -0.756995 0)
(-0.11809 -0.757888 0)
(-0.13322 -0.757626 0)
(-0.146381 -0.755473 0)
(-0.156771 -0.750877 0)
(-0.163717 -0.743171 0)
(-0.166783 -0.732145 0)
(-0.165513 -0.71752 0)
(-0.159818 -0.699402 0)
(-0.149838 -0.678163 0)
(-0.136074 -0.654422 0)
(-0.119314 -0.628977 0)
(-0.100543 -0.602784 0)
(-0.0808609 -0.576829 0)
(-0.0614101 -0.55202 0)
(-0.0432114 -0.529128 0)
(-0.0271302 -0.508638 0)
(-0.0139178 -0.49119 0)
(-0.00379525 -0.476496 0)
(0.00325805 -0.464666 0)
(0.00728605 -0.45548 0)
(0.00863684 -0.448668 0)
(0.00779516 -0.443912 0)
(0.00533629 -0.440922 0)
(0.00188941 -0.439479 0)
(-0.00964353 -0.764763 0)
(-0.0288848 -0.765258 0)
(-0.0479379 -0.766148 0)
(-0.0666454 -0.767248 0)
(-0.084744 -0.768092 0)
(-0.101897 -0.768532 0)
(-0.11769 -0.767705 0)
(-0.131493 -0.765246 0)
(-0.142795 -0.760524 0)
(-0.150979 -0.752918 0)
(-0.155438 -0.74211 0)
(-0.155831 -0.727809 0)
(-0.151942 -0.710066 0)
(-0.143856 -0.689123 0)
(-0.131933 -0.665527 0)
(-0.116798 -0.640033 0)
(-0.0993521 -0.613499 0)
(-0.0806387 -0.586846 0)
(-0.0617103 -0.561078 0)
(-0.0436085 -0.536977 0)
(-0.0271914 -0.515173 0)
(-0.0132595 -0.496113 0)
(-0.00225483 -0.480035 0)
(0.00576103 -0.466743 0)
(0.0107581 -0.456222 0)
(0.0129462 -0.448188 0)
(0.0127041 -0.442306 0)
(0.0105049 -0.438242 0)
(0.00687953 -0.435709 0)
(0.00238962 -0.434493 0)
(-0.00979721 -0.780422 0)
(-0.0292748 -0.78066 0)
(-0.0484399 -0.780976 0)
(-0.0670265 -0.781097 0)
(-0.0847579 -0.780773 0)
(-0.101103 -0.779382 0)
(-0.115598 -0.77645 0)
(-0.127776 -0.771402 0)
(-0.137036 -0.763759 0)
(-0.142815 -0.753008 0)
(-0.144687 -0.738912 0)
(-0.142497 -0.721448 0)
(-0.136193 -0.700766 0)
(-0.126063 -0.677335 0)
(-0.112633 -0.651818 0)
(-0.0966424 -0.625054 0)
(-0.0790043 -0.597964 0)
(-0.0608138 -0.571375 0)
(-0.043066 -0.546231 0)
(-0.0266196 -0.523212 0)
(-0.0122411 -0.50278 0)
(-0.000499133 -0.48529 0)
(0.00834152 -0.470656 0)
(0.0142522 -0.458847 0)
(0.0173212 -0.449642 0)
(0.0178333 -0.442711 0)
(0.0161747 -0.437701 0)
(0.0127945 -0.434278 0)
(0.00817399 -0.432164 0)
(0.00280754 -0.431154 0)
(-0.00982356 -0.796433 0)
(-0.0293037 -0.796256 0)
(-0.0482681 -0.795782 0)
(-0.0664902 -0.794728 0)
(-0.0834424 -0.792691 0)
(-0.0986186 -0.789105 0)
(-0.11164 -0.783716 0)
(-0.121873 -0.775751 0)
(-0.128853 -0.764922 0)
(-0.132148 -0.750871 0)
(-0.131519 -0.733532 0)
(-0.12692 -0.713028 0)
(-0.118508 -0.689736 0)
(-0.106759 -0.66423 0)
(-0.0923098 -0.637288 0)
(-0.0759822 -0.60977 0)
(-0.0586685 -0.582591 0)
(-0.0414309 -0.556605 0)
(-0.0252084 -0.53245 0)
(-0.0106772 -0.510812 0)
(0.00154977 -0.491957 0)
(0.0110867 -0.476055 0)
(0.0177859 -0.463003 0)
(0.0216877 -0.452656 0)
(0.0229876 -0.444709 0)
(0.0219964 -0.438808 0)
(0.0190951 -0.434598 0)
(0.014701 -0.431756 0)
(0.00924349 -0.430018 0)
(0.0031514 -0.429192 0)
(-0.00966295 -0.81228 0)
(-0.0287804 -0.81159 0)
(-0.0472803 -0.810071 0)
(-0.0646827 -0.80752 0)
(-0.0804946 -0.803373 0)
(-0.0942996 -0.7974 0)
(-0.105476 -0.789044 0)
(-0.113531 -0.777922 0)
(-0.118179 -0.763763 0)
(-0.119024 -0.746421 0)
(-0.116005 -0.725959 0)
(-0.109304 -0.702716 0)
(-0.099209 -0.677194 0)
(-0.0863131 -0.650107 0)
(-0.0713585 -0.622268 0)
(-0.0551874 -0.594524 0)
(-0.0387112 -0.567736 0)
(-0.0228127 -0.542709 0)
(-0.0083603 -0.519939 0)
(0.00406988 -0.499864 0)
(0.0141015 -0.482701 0)
(0.0214444 -0.468459 0)
(0.0260748 -0.456991 0)
(0.0281176 -0.448037 0)
(0.0278171 -0.44126 0)
(0.0254958 -0.436301 0)
(0.0215189 -0.432811 0)
(0.0162662 -0.430483 0)
(0.0101144 -0.429072 0)
(0.00343016 -0.428406 0)
(-0.00929968 -0.827252 0)
(-0.0276282 -0.825962 0)
(-0.0451824 -0.82323 0)
(-0.0614125 -0.818778 0)
(-0.0757711 -0.81242 0)
(-0.0877567 -0.803615 0)
(-0.0968763 -0.792067 0)
(-0.102712 -0.77769 0)
(-0.104977 -0.760175 0)
(-0.103495 -0.739661 0)
(-0.0983952 -0.716345 0)
(-0.0899616 -0.690751 0)
(-0.0786361 -0.663488 0)
(-0.0651314 -0.635351 0)
(-0.0501846 -0.607145 0)
(-0.0346522 -0.579696 0)
(-0.019398 -0.553755 0)
(-0.00520633 -0.529981 0)
(0.00726318 -0.50883 0)
(0.0175453 -0.490477 0)
(0.0253517 -0.475072 0)
(0.0305715 -0.462504 0)
(0.0332632 -0.452546 0)
(0.0336102 -0.444889 0)
(0.0318824 -0.439179 0)
(0.0284004 -0.435061 0)
(0.0235046 -0.432202 0)
(0.0175341 -0.430319 0)
(0.010814 -0.429189 0)
(0.00365308 -0.428659 0)
(-0.00868487 -0.840514 0)
(-0.025731 -0.838487 0)
(-0.0418343 -0.834385 0)
(-0.0564881 -0.827959 0)
(-0.0690014 -0.818999 0)
(-0.0788732 -0.807266 0)
(-0.0858257 -0.792569 0)
(-0.0893584 -0.774836 0)
(-0.0893562 -0.754129 0)
(-0.0858052 -0.73069 0)
(-0.0789363 -0.704949 0)
(-0.069244 -0.677496 0)
(-0.0572212 -0.649052 0)
(-0.0436108 -0.620409 0)
(-0.0291786 -0.592356 0)
(-0.0147235 -0.565656 0)
(-0.00103238 -0.540947 0)
(0.0112352 -0.518727 0)
(0.0215791 -0.499295 0)
(0.0296549 -0.482774 0)
(0.0353021 -0.469126 0)
(0.0385166 -0.458168 0)
(0.0394251 -0.449618 0)
(0.0382484 -0.443141 0)
(0.0352658 -0.438381 0)
(0.0307841 -0.434997 0)
(0.0251131 -0.432679 0)
(0.0185493 -0.431171 0)
(0.0113692 -0.430277 0)
(0.00382913 -0.429859 0)
(-0.0077628 -0.850978 0)
(-0.0229822 -0.848194 0)
(-0.0372027 -0.842587 0)
(-0.0497505 -0.834142 0)
(-0.0600866 -0.822541 0)
(-0.0677241 -0.807916 0)
(-0.0722963 -0.790109 0)
(-0.0735775 -0.769265 0)
(-0.0715187 -0.745717 0)
(-0.066221 -0.719784 0)
(-0.0580791 -0.69214 0)
(-0.0475977 -0.663403 0)
(-0.0353703 -0.634352 0)
(-0.0221614 -0.605756 0)
(-0.00868801 -0.578349 0)
(0.00431011 -0.552792 0)
(0.0161695 -0.52961 0)
(0.0263609 -0.509136 0)
(0.0345113 -0.491548 0)
(0.0404101 -0.476847 0)
(0.0440006 -0.464893 0)
(0.0453567 -0.455439 0)
(0.0446519 -0.448171 0)
(0.0421263 -0.442743 0)
(0.0380548 -0.438809 0)
(0.0327223 -0.43605 0)
(0.026404 -0.434184 0)
(0.0193548 -0.432986 0)
(0.0118058 -0.432282 0)
(0.00396689 -0.431955 0)
(-0.0065751 -0.857421 0)
(-0.0193708 -0.853936 0)
(-0.031183 -0.846897 0)
(-0.0412938 -0.836353 0)
(-0.0491233 -0.822441 0)
(-0.0542919 -0.805008 0)
(-0.0565314 -0.784409 0)
(-0.0557126 -0.761003 0)
(-0.0518538 -0.73507 0)
(-0.0451996 -0.707277 0)
(-0.0362049 -0.67834 0)
(-0.025446 -0.648941 0)
(-0.0135309 -0.619876 0)
(-0.00116665 -0.591854 0)
(0.0109625 -0.565536 0)
(0.0222152 -0.541466 0)
(0.0320544 -0.520023 0)
(0.0400822 -0.501418 0)
(0.0460504 -0.485696 0)
(0.0498565 -0.472758 0)
(0.0515269 -0.462392 0)
(0.0511902 -0.45431 0)
(0.0490477 -0.448179 0)
(0.0453435 -0.443661 0)
(0.0403384 -0.440428 0)
(0.0342891 -0.438187 0)
(0.027435 -0.43669 0)
(0.0199912 -0.435739 0)
(0.0121479 -0.435185 0)
(0.0040743 -0.434928 0)
(-0.00512042 -0.858622 0)
(-0.0150047 -0.854487 0)
(-0.0238753 -0.846249 0)
(-0.0312137 -0.83391 0)
(-0.0363288 -0.817852 0)
(-0.0388984 -0.798177 0)
(-0.038944 -0.775417 0)
(-0.0361827 -0.749929 0)
(-0.0307996 -0.722369 0)
(-0.0232256 -0.693439 0)
(-0.013866 -0.66393 0)
(-0.00328715 -0.634553 0)
(0.00789541 -0.606061 0)
(0.0190219 -0.579115 0)
(0.0295015 -0.554275 0)
(0.0388044 -0.531956 0)
(0.0465214 -0.512406 0)
(0.0523771 -0.495712 0)
(0.0562322 -0.481816 0)
(0.0580717 -0.470542 0)
(0.0579825 -0.461629 0)
(0.0561284 -0.454767 0)
(0.0527225 -0.449624 0)
(0.0480013 -0.445874 0)
(0.0422035 -0.443219 0)
(0.035555 -0.441397 0)
(0.0282595 -0.440191 0)
(0.0204956 -0.43943 0)
(0.0124171 -0.43899 0)
(0.00415853 -0.438787 0)
(-0.00344013 -0.853421 0)
(-0.00999204 -0.848749 0)
(-0.0155871 -0.839533 0)
(-0.0197708 -0.825956 0)
(-0.0220402 -0.808242 0)
(-0.0221292 -0.78708 0)
(-0.0199628 -0.76283 0)
(-0.0155071 -0.7361 0)
(-0.00903958 -0.707788 0)
(-0.000908285 -0.678565 0)
(0.0084246 -0.649251 0)
(0.0184127 -0.62057 0)
(0.0284855 -0.593246 0)
(0.0380818 -0.567844 0)
(0.0467038 -0.544815 0)
(0.0539471 -0.52445 0)
(0.0595233 -0.506877 0)
(0.0632661 -0.492084 0)
(0.0651268 -0.479932 0)
(0.065156 -0.470194 0)
(0.0634826 -0.462584 0)
(0.0602891 -0.456785 0)
(0.0557873 -0.452479 0)
(0.0501972 -0.449365 0)
(0.0437316 -0.447176 0)
(0.0365844 -0.445681 0)
(0.0289259 -0.444696 0)
(0.0209012 -0.444076 0)
(0.0126328 -0.443718 0)
(0.00422588 -0.443553 0)
(-0.00157936 -0.84078 0)
(-0.00447876 -0.835791 0)
(-0.00660008 -0.825979 0)
(-0.00749702 -0.81167 0)
(-0.00686365 -0.79321 0)
(-0.00448016 -0.771292 0)
(-0.000305459 -0.746475 0)
(0.00553427 -0.719584 0)
(0.0128065 -0.691419 0)
(0.0211403 -0.662782 0)
(0.0300887 -0.634473 0)
(0.0391585 -0.607212 0)
(0.0478566 -0.581621 0)
(0.0557275 -0.55819 0)
(0.0623897 -0.537252 0)
(0.0675572 -0.518989 0)
(0.0710513 -0.503434 0)
(0.0727989 -0.490496 0)
(0.0728223 -0.479987 0)
(0.0712197 -0.47165 0)
(0.0681453 -0.465191 0)
(0.0637869 -0.460307 0)
(0.0583458 -0.4567 0)
(0.0520206 -0.454103 0)
(0.0449958 -0.45228 0)
(0.0374344 -0.451035 0)
(0.0294759 -0.450212 0)
(0.0212362 -0.449693 0)
(0.0128113 -0.449391 0)
(0.00428168 -0.449251 0)
(0.0003418 -0.819976 0)
(0.0012265 -0.81494 0)
(0.00269495 -0.805042 0)
(0.00506563 -0.790652 0)
(0.00856258 -0.772283 0)
(0.013292 -0.750564 0)
(0.0192277 -0.726275 0)
(0.0262208 -0.700208 0)
(0.0340109 -0.67321 0)
(0.0422508 -0.646098 0)
(0.0505419 -0.619633 0)
(0.0584693 -0.594477 0)
(0.0656389 -0.571166 0)
(0.0717089 -0.550088 0)
(0.0764139 -0.531481 0)
(0.0795778 -0.515437 0)
(0.0811177 -0.501917 0)
(0.0810368 -0.490781 0)
(0.0794104 -0.481814 0)
(0.0763692 -0.474753 0)
(0.0720794 -0.469314 0)
(0.0667243 -0.465216 0)
(0.0604889 -0.462195 0)
(0.0535475 -0.460017 0)
(0.0460568 -0.458482 0)
(0.0381515 -0.457426 0)
(0.0299433 -0.456721 0)
(0.0215235 -0.456271 0)
(0.0129655 -0.456006 0)
(0.00433011 -0.455882 0)
(0.00223729 -0.790733 0)
(0.00683983 -0.785897 0)
(0.0118088 -0.77642 0)
(0.0173317 -0.762688 0)
(0.0235199 -0.745245 0)
(0.0303902 -0.72477 0)
(0.0378597 -0.702033 0)
(0.0457531 -0.677848 0)
(0.0538175 -0.653036 0)
(0.0617469 -0.628372 0)
(0.0692123 -0.60455 0)
(0.0758917 -0.582147 0)
(0.0814985 -0.561607 0)
(0.0858041 -0.543228 0)
(0.0886521 -0.527165 0)
(0.089964 -0.513442 0)
(0.0897372 -0.501977 0)
(0.0880346 -0.492604 0)
(0.0849701 -0.485102 0)
(0.0806935 -0.479222 0)
(0.0753734 -0.474704 0)
(0.0691823 -0.4713 0)
(0.062286 -0.468784 0)
(0.0548348 -0.466958 0)
(0.0469594 -0.465659 0)
(0.0387688 -0.464754 0)
(0.0303517 -0.464139 0)
(0.0217783 -0.463739 0)
(0.0131041 -0.4635 0)
(0.00437399 -0.463386 0)
(0.00400768 -0.753183 0)
(0.012075 -0.748797 0)
(0.0202854 -0.740219 0)
(0.0286938 -0.727829 0)
(0.037301 -0.71216 0)
(0.0460432 -0.693867 0)
(0.0547906 -0.673683 0)
(0.0633559 -0.65237 0)
(0.0715093 -0.630678 0)
(0.0789992 -0.609299 0)
(0.0855762 -0.58883 0)
(0.0910152 -0.569754 0)
(0.0951353 -0.55242 0)
(0.097813 -0.537045 0)
(0.0989889 -0.523719 0)
(0.0986678 -0.512423 0)
(0.0969108 -0.503049 0)
(0.0938257 -0.49543 0)
(0.0895525 -0.489358 0)
(0.0842503 -0.484609 0)
(0.0780835 -0.48096 0)
(0.0712112 -0.478204 0)
(0.0637792 -0.476154 0)
(0.0559155 -0.474653 0)
(0.0477276 -0.47357 0)
(0.0393036 -0.472802 0)
(0.0307123 -0.47227 0)
(0.0220077 -0.471917 0)
(0.013231 -0.471702 0)
(0.0044145 -0.471599 0)
(0.00556189 -0.707936 0)
(0.0166654 -0.704218 0)
(0.0277005 -0.696961 0)
(0.0385984 -0.686507 0)
(0.0492602 -0.673337 0)
(0.0595527 -0.658036 0)
(0.0693109 -0.641249 0)
(0.0783468 -0.623638 0)
(0.0864619 -0.605841 0)
(0.0934642 -0.588434 0)
(0.0991835 -0.571903 0)
(0.103487 -0.556625 0)
(0.106288 -0.542857 0)
(0.107557 -0.530747 0)
(0.107313 -0.520334 0)
(0.10563 -0.511573 0)
(0.102616 -0.504354 0)
(0.0984113 -0.498519 0)
(0.0931715 -0.493889 0)
(0.087058 -0.490276 0)
(0.0802276 -0.4875 0)
(0.0728248 -0.485397 0)
(0.0649774 -0.483823 0)
(0.0567935 -0.482659 0)
(0.0483622 -0.481807 0)
(0.0397537 -0.481194 0)
(0.0310222 -0.480761 0)
(0.0222086 -0.480468 0)
(0.0133436 -0.480287 0)
(0.00445079 -0.480198 0)
(0.00682544 -0.656076 0)
(0.0203933 -0.653192 0)
(0.0337093 -0.647571 0)
(0.0465988 -0.639497 0)
(0.0588796 -0.629365 0)
(0.0703636 -0.617652 0)
(0.0808616 -0.604877 0)
(0.0901919 -0.591567 0)
(0.0981904 -0.578221 0)
(0.104721 -0.565279 0)
(0.109685 -0.553102 0)
(0.113029 -0.541958 0)
(0.114748 -0.532021 0)
(0.114884 -0.523374 0)
(0.113521 -0.516022 0)
(0.110779 -0.509906 0)
(0.106804 -0.504922 0)
(0.101757 -0.500938 0)
(0.0958001 -0.497809 0)
(0.0890923 -0.495388 0)
(0.0817812 -0.493542 0)
(0.0739978 -0.492149 0)
(0.0658542 -0.491108 0)
(0.057443 -0.490336 0)
(0.0488381 -0.489768 0)
(0.0400968 -0.489354 0)
(0.0312624 -0.489059 0)
(0.0223669 -0.488857 0)
(0.0134335 -0.48873 0)
(0.00447994 -0.488667 0)
(0.00774796 -0.599081 0)
(0.0231117 -0.597125 0)
(0.0380804 -0.593324 0)
(0.0523972 -0.587884 0)
(0.0658172 -0.581095 0)
(0.0781128 -0.573302 0)
(0.0890807 -0.564877 0)
(0.0985493 -0.556192 0)
(0.106386 -0.547592 0)
(0.112503 -0.539371 0)
(0.116859 -0.531762 0)
(0.119464 -0.524929 0)
(0.120373 -0.518964 0)
(0.119682 -0.513898 0)
(0.117521 -0.509707 0)
(0.114042 -0.506325 0)
(0.109412 -0.503664 0)
(0.103802 -0.501618 0)
(0.0973773 -0.50008 0)
(0.0902917 -0.498947 0)
(0.0826827 -0.498128 0)
(0.0746695 -0.497544 0)
(0.0663514 -0.497132 0)
(0.0578092 -0.496843 0)
(0.0491062 -0.496641 0)
(0.0402909 -0.4965 0)
(0.0313993 -0.496402 0)
(0.0224577 -0.496336 0)
(0.0134855 -0.496295 0)
(0.00449685 -0.496274 0)
(0.00830732 -0.538702 0)
(0.0247565 -0.537696 0)
(0.0407137 -0.535752 0)
(0.0558676 -0.532997 0)
(0.0699321 -0.529605 0)
(0.0826556 -0.525783 0)
(0.0938293 -0.52175 0)
(0.103293 -0.517718 0)
(0.11094 -0.513877 0)
(0.116719 -0.510379 0)
(0.120631 -0.507334 0)
(0.122729 -0.504806 0)
(0.123109 -0.502813 0)
(0.1219 -0.501337 0)
(0.11926 -0.500333 0)
(0.115359 -0.499733 0)
(0.110372 -0.49946 0)
(0.104473 -0.499438 0)
(0.0978239 -0.499592 0)
(0.0905715 -0.499859 0)
(0.0828448 -0.500186 0)
(0.0747529 -0.500533 0)
(0.0663857 -0.500869 0)
(0.0578155 -0.501176 0)
(0.0490985 -0.501442 0)
(0.0402781 -0.501663 0)
(0.0313865 -0.501837 0)
(0.0224476 -0.501964 0)
(0.0134792 -0.502048 0)
(0.00449473 -0.502087 0)
(0.00851 -0.476825 0)
(0.0253472 -0.476719 0)
(0.0416425 -0.476533 0)
(0.0570569 -0.476317 0)
(0.0712853 -0.476137 0)
(0.0840667 -0.47607 0)
(0.0951933 -0.476187 0)
(0.104516 -0.476554 0)
(0.111948 -0.477215 0)
(0.117461 -0.478192 0)
(0.121084 -0.479484 0)
(0.122891 -0.481062 0)
(0.123002 -0.482882 0)
(0.121562 -0.484882 0)
(0.118738 -0.486994 0)
(0.114704 -0.489148 0)
(0.109636 -0.491281 0)
(0.103702 -0.493333 0)
(0.097058 -0.495261 0)
(0.0898412 -0.49703 0)
(0.0821722 -0.49862 0)
(0.0741519 -0.50002 0)
(0.0658638 -0.501228 0)
(0.0573746 -0.502249 0)
(0.048737 -0.503093 0)
(0.0399921 -0.50377 0)
(0.031171 -0.504294 0)
(0.0222978 -0.504676 0)
(0.013391 -0.504925 0)
(0.00446565 -0.505046 0)
(0.00838802 -0.415322 0)
(0.0249784 -0.416004 0)
(0.0410187 -0.417362 0)
(0.0561675 -0.419378 0)
(0.0701197 -0.422026 0)
(0.0826183 -0.425269 0)
(0.0934627 -0.429055 0)
(0.102515 -0.43332 0)
(0.109698 -0.437988 0)
(0.114999 -0.442968 0)
(0.118456 -0.448163 0)
(0.120154 -0.453469 0)
(0.120214 -0.458782 0)
(0.118784 -0.464005 0)
(0.116027 -0.469048 0)
(0.11211 -0.473837 0)
(0.107201 -0.478311 0)
(0.101456 -0.482426 0)
(0.0950218 -0.486157 0)
(0.0880255 -0.48949 0)
(0.0805789 -0.492427 0)
(0.0727764 -0.494979 0)
(0.0646962 -0.497163 0)
(0.0564022 -0.499001 0)
(0.0479455 -0.500519 0)
(0.0393673 -0.501741 0)
(0.0307 -0.502688 0)
(0.0219697 -0.50338 0)
(0.0131975 -0.503833 0)
(0.00440171 -0.504056 0)
(0.00799285 -0.355909 0)
(0.0238015 -0.357228 0)
(0.0390862 -0.359834 0)
(0.0535222 -0.363658 0)
(0.0668208 -0.368605 0)
(0.0787397 -0.374549 0)
(0.0890912 -0.381343 0)
(0.0977464 -0.388824 0)
(0.104637 -0.396819 0)
(0.10975 -0.405151 0)
(0.113125 -0.413646 0)
(0.114843 -0.422141 0)
(0.115017 -0.430483 0)
(0.113781 -0.438544 0)
(0.111286 -0.446213 0)
(0.107684 -0.453406 0)
(0.103126 -0.460061 0)
(0.0977558 -0.466141 0)
(0.0917042 -0.471628 0)
(0.0850888 -0.476519 0)
(0.0780124 -0.480829 0)
(0.070563 -0.48458 0)
(0.0628151 -0.487801 0)
(0.0548307 -0.490524 0)
(0.046661 -0.492785 0)
(0.0383484 -0.494613 0)
(0.0299281 -0.496038 0)
(0.0214296 -0.497085 0)
(0.0128781 -0.497772 0)
(0.00429601 -0.498111 0)
(0.00738789 -0.300035 0)
(0.0220036 -0.301819 0)
(0.0361456 -0.305336 0)
(0.0495202 -0.310486 0)
(0.0618663 -0.317123 0)
(0.0729643 -0.325066 0)
(0.0826436 -0.334104 0)
(0.0907855 -0.344006 0)
(0.0973246 -0.354533 0)
(0.102246 -0.365446 0)
(0.10558 -0.37652 0)
(0.107393 -0.387544 0)
(0.107782 -0.398334 0)
(0.106863 -0.408731 0)
(0.104763 -0.418609 0)
(0.101614 -0.427869 0)
(0.0975482 -0.436445 0)
(0.0926903 -0.444294 0)
(0.0871564 -0.451398 0)
(0.0810518 -0.457758 0)
(0.07447 -0.46339 0)
(0.0674928 -0.468318 0)
(0.0601908 -0.472576 0)
(0.0526249 -0.4762 0)
(0.0448469 -0.479225 0)
(0.0369012 -0.481687 0)
(0.0288262 -0.483617 0)
(0.0206555 -0.48504 0)
(0.0124189 -0.485977 0)
(0.00414382 -0.486441 0)
(0.00664062 -0.24881 0)
(0.0197838 -0.250884 0)
(0.0325179 -0.254972 0)
(0.0445892 -0.260955 0)
(0.0557706 -0.268663 0)
(0.0658703 -0.277885 0)
(0.0747372 -0.288375 0)
(0.0822639 -0.299867 0)
(0.0883872 -0.312086 0)
(0.0930861 -0.324759 0)
(0.0963776 -0.337628 0)
(0.0983107 -0.350456 0)
(0.0989593 -0.363033 0)
(0.0984154 -0.375183 0)
(0.0967816 -0.386763 0)
(0.0941663 -0.397661 0)
(0.0906782 -0.407799 0)
(0.0864227 -0.417128 0)
(0.0814994 -0.42562 0)
(0.0760003 -0.433271 0)
(0.070009 -0.44009 0)
(0.0636005 -0.446098 0)
(0.0568416 -0.451324 0)
(0.0497914 -0.4558 0)
(0.0425021 -0.459561 0)
(0.0350202 -0.462638 0)
(0.0273873 -0.465062 0)
(0.0196408 -0.466856 0)
(0.0118154 -0.468041 0)
(0.00394356 -0.46863 0)
(0.00581594 -0.202971 0)
(0.0173337 -0.205174 0)
(0.0285131 -0.209517 0)
(0.0391434 -0.215878 0)
(0.0490347 -0.224082 0)
(0.0580248 -0.233907 0)
(0.0659836 -0.245102 0)
(0.0728152 -0.25739 0)
(0.0784591 -0.270487 0)
(0.0828879 -0.284111 0)
(0.0861047 -0.297992 0)
(0.0881391 -0.311881 0)
(0.0890415 -0.325558 0)
(0.0888785 -0.338834 0)
(0.0877271 -0.351554 0)
(0.0856705 -0.363595 0)
(0.0827944 -0.374868 0)
(0.079184 -0.385308 0)
(0.0749216 -0.394878 0)
(0.0700854 -0.403561 0)
(0.0647485 -0.411354 0)
(0.0589785 -0.418269 0)
(0.0528374 -0.424324 0)
(0.046382 -0.429544 0)
(0.0396644 -0.433955 0)
(0.0327322 -0.437583 0)
(0.0256294 -0.440453 0)
(0.0183972 -0.442585 0)
(0.0110741 -0.443997 0)
(0.00369728 -0.4447 0)
(0.00497099 -0.162893 0)
(0.0148224 -0.165089 0)
(0.0244052 -0.16942 0)
(0.033551 -0.175771 0)
(0.0421066 -0.183975 0)
(0.0499393 -0.193821 0)
(0.0569398 -0.205068 0)
(0.0630243 -0.217453 0)
(0.0681353 -0.2307 0)
(0.0722406 -0.244538 0)
(0.0753312 -0.258703 0)
(0.0774187 -0.272949 0)
(0.0785319 -0.287058 0)
(0.0787131 -0.300835 0)
(0.0780149 -0.314121 0)
(0.0764968 -0.326783 0)
(0.0742223 -0.338719 0)
(0.0712568 -0.349854 0)
(0.0676657 -0.360135 0)
(0.0635134 -0.36953 0)
(0.0588618 -0.378023 0)
(0.0537706 -0.38561 0)
(0.0482963 -0.392297 0)
(0.0424924 -0.398096 0)
(0.0364095 -0.403023 0)
(0.0300955 -0.407095 0)
(0.023596 -0.410329 0)
(0.0169543 -0.412739 0)
(0.0102123 -0.414339 0)
(0.00341069 -0.415136 0)
(0.0041519 -0.128625 0)
(0.0123868 -0.130707 0)
(0.0204168 -0.13482 0)
(0.0281125 -0.140858 0)
(0.0353548 -0.148674 0)
(0.0420383 -0.158078 0)
(0.0480736 -0.168855 0)
(0.0533891 -0.180766 0)
(0.0579314 -0.193562 0)
(0.0616651 -0.206994 0)
(0.0645719 -0.220817 0)
(0.066649 -0.234802 0)
(0.0679068 -0.248739 0)
(0.0683673 -0.26244 0)
(0.0680614 -0.275744 0)
(0.0670275 -0.288515 0)
(0.065309 -0.300642 0)
(0.0629531 -0.312037 0)
(0.0600093 -0.322636 0)
(0.0565285 -0.33239 0)
(0.0525619 -0.341269 0)
(0.0481604 -0.349253 0)
(0.0433743 -0.356333 0)
(0.0382529 -0.362508 0)
(0.0328442 -0.367781 0)
(0.0271952 -0.372157 0)
(0.0213514 -0.375646 0)
(0.0153574 -0.378254 0)
(0.00925683 -0.379989 0)
(0.00309265 -0.380854 0)
(0.0033925 -0.0999452 0)
(0.0101271 -0.101842 0)
(0.016712 -0.105591 0)
(0.0230512 -0.111104 0)
(0.0290556 -0.118256 0)
(0.0346439 -0.126888 0)
(0.039745 -0.136814 0)
(0.044299 -0.147831 0)
(0.0482576 -0.159722 0)
(0.0515847 -0.17227 0)
(0.0542556 -0.185258 0)
(0.0562568 -0.19848 0)
(0.057585 -0.211744 0)
(0.0582458 -0.224874 0)
(0.058253 -0.237715 0)
(0.0576272 -0.250131 0)
(0.0563949 -0.262007 0)
(0.0545874 -0.273249 0)
(0.0522401 -0.283779 0)
(0.0493913 -0.293539 0)
(0.0460816 -0.302481 0)
(0.0423535 -0.310572 0)
(0.0382504 -0.317788 0)
(0.0338165 -0.324115 0)
(0.0290963 -0.329543 0)
(0.0241344 -0.334067 0)
(0.0189751 -0.337685 0)
(0.0136627 -0.340398 0)
(0.00824118 -0.342205 0)
(0.0027543 -0.343108 0)
(0.00271444 -0.0764352 0)
(0.00810819 -0.0781028 0)
(0.0133971 -0.0814023 0)
(0.0185133 -0.0862637 0)
(0.0233921 -0.0925857 0)
(0.0279732 -0.10024 0)
(0.0322012 -0.109075 0)
(0.0360274 -0.118924 0)
(0.0394093 -0.129608 0)
(0.0423118 -0.140944 0)
(0.0447073 -0.152747 0)
(0.0465754 -0.164841 0)
(0.047903 -0.177053 0)
(0.0486841 -0.189226 0)
(0.0489196 -0.201216 0)
(0.0486165 -0.212893 0)
(0.0477878 -0.224143 0)
(0.0464518 -0.234867 0)
(0.0446318 -0.244982 0)
(0.0423551 -0.254419 0)
(0.0396527 -0.26312 0)
(0.0365586 -0.271039 0)
(0.0331095 -0.278142 0)
(0.0293439 -0.284399 0)
(0.0253017 -0.289791 0)
(0.0210243 -0.294301 0)
(0.0165535 -0.29792 0)
(0.0119319 -0.300639 0)
(0.00720231 -0.302455 0)
(0.00240796 -0.303363 0)
(0.00212864 -0.0575446 0)
(0.00636263 -0.0589659 0)
(0.0105269 -0.0617812 0)
(0.0145754 -0.0659371 0)
(0.0184632 -0.0713557 0)
(0.0221467 -0.0779377 0)
(0.0255844 -0.0855655 0)
(0.0287371 -0.0941073 0)
(0.031569 -0.103421 0)
(0.0340474 -0.113358 0)
(0.0361443 -0.123768 0)
(0.0378358 -0.134502 0)
(0.0391031 -0.145414 0)
(0.0399326 -0.156365 0)
(0.0403162 -0.167226 0)
(0.0402514 -0.177878 0)
(0.039741 -0.188211 0)
(0.0387934 -0.198129 0)
(0.037422 -0.207545 0)
(0.035645 -0.216385 0)
(0.033485 -0.224584 0)
(0.0309684 -0.232088 0)
(0.0281252 -0.238853 0)
(0.0249878 -0.24484 0)
(0.0215915 -0.25002 0)
(0.0179731 -0.254368 0)
(0.0141713 -0.257867 0)
(0.0102258 -0.260502 0)
(0.00617689 -0.262264 0)
(0.00206587 -0.263146 0)
(0.00163726 -0.0426567 0)
(0.0048973 -0.0438344 0)
(0.00811367 -0.04617 0)
(0.0112569 -0.0496245 0)
(0.014297 -0.0541408 0)
(0.0172036 -0.0596455 0)
(0.0199464 -0.0660506 0)
(0.0224948 -0.0732567 0)
(0.0248191 -0.0811548 0)
(0.0268907 -0.0896293 0)
(0.0286827 -0.0985606 0)
(0.0301706 -0.107828 0)
(0.031333 -0.117311 0)
(0.0321523 -0.126892 0)
(0.0326149 -0.136459 0)
(0.0327121 -0.145904 0)
(0.0324398 -0.155127 0)
(0.031799 -0.164037 0)
(0.0307959 -0.172549 0)
(0.0294414 -0.180587 0)
(0.0277509 -0.188084 0)
(0.0257444 -0.194982 0)
(0.0234453 -0.20123 0)
(0.0208806 -0.206783 0)
(0.0180804 -0.211605 0)
(0.0150769 -0.215667 0)
(0.0119045 -0.218943 0)
(0.00859912 -0.221417 0)
(0.005198 -0.223073 0)
(0.0017391 -0.223903 0)
(0.00123606 -0.031141 0)
(0.00369988 -0.032092 0)
(0.00613854 -0.0339802 0)
(0.00853433 -0.0367786 0)
(0.0108684 -0.0404472 0)
(0.0131203 -0.0449341 0)
(0.0152685 -0.0501766 0)
(0.0172898 -0.0561022 0)
(0.0191603 -0.0626306 0)
(0.0208557 -0.069675 0)
(0.0223517 -0.0771434 0)
(0.0236251 -0.084941 0)
(0.0246545 -0.0929713 0)
(0.0254206 -0.101137 0)
(0.0259074 -0.109344 0)
(0.0261026 -0.117499 0)
(0.025998 -0.125513 0)
(0.0255897 -0.133302 0)
(0.0248788 -0.140787 0)
(0.0238704 -0.147894 0)
(0.0225747 -0.154559 0)
(0.0210058 -0.16072 0)
(0.0191818 -0.166325 0)
(0.0171243 -0.171326 0)
(0.0148584 -0.175685 0)
(0.0124115 -0.179367 0)
(0.00981348 -0.182345 0)
(0.00709609 -0.184597 0)
(0.00429243 -0.186108 0)
(0.00143662 -0.186865 0)
(0.000916537 -0.0223941 0)
(0.00274549 -0.0231436 0)
(0.0045617 -0.0246338 0)
(0.00635557 -0.0268468 0)
(0.00811594 -0.0297561 0)
(0.00982981 -0.0333267 0)
(0.0114821 -0.0375158 0)
(0.0130559 -0.0422731 0)
(0.0145324 -0.0475413 0)
(0.0158916 -0.0532575 0)
(0.0171126 -0.0593534 0)
(0.0181747 -0.0657566 0)
(0.0190578 -0.0723919 0)
(0.0197432 -0.0791819 0)
(0.0202144 -0.0860484 0)
(0.0204578 -0.0929134 0)
(0.020463 -0.0997004 0)
(0.0202233 -0.106335 0)
(0.0197363 -0.112746 0)
(0.0190035 -0.118866 0)
(0.0180305 -0.124632 0)
(0.0168271 -0.129987 0)
(0.0154067 -0.134879 0)
(0.0137864 -0.13926 0)
(0.0119862 -0.143091 0)
(0.0100292 -0.146336 0)
(0.00794063 -0.148966 0)
(0.0057477 -0.150959 0)
(0.00347915 -0.152297 0)
(0.00116483 -0.152969 0)
(0.000667958 -0.0158656 0)
(0.00200237 -0.0164431 0)
(0.00333191 -0.0175928 0)
(0.00465219 -0.0193035 0)
(0.00595728 -0.0215588 0)
(0.00723927 -0.0243365 0)
(0.00848811 -0.0276086 0)
(0.00969155 -0.0313418 0)
(0.0108353 -0.0354971 0)
(0.0119034 -0.0400303 0)
(0.0128786 -0.0448923 0)
(0.0137433 -0.0500296 0)
(0.0144795 -0.0553851 0)
(0.0150704 -0.0608984 0)
(0.0155003 -0.0665071 0)
(0.0157558 -0.0721476 0)
(0.0158259 -0.0777556 0)
(0.0157027 -0.0832678 0)
(0.0153816 -0.088622 0)
(0.0148618 -0.0937584 0)
(0.0141458 -0.0986202 0)
(0.0132399 -0.103154 0)
(0.0121538 -0.107312 0)
(0.0109004 -0.111049 0)
(0.0094958 -0.114326 0)
(0.00795852 -0.117109 0)
(0.00630951 -0.11937 0)
(0.00457159 -0.121085 0)
(0.00276908 -0.122239 0)
(0.000927403 -0.122818 0)
(0.000478818 -0.0110744 0)
(0.00143647 -0.0115098 0)
(0.00239385 -0.0123776 0)
(0.00334974 -0.0136715 0)
(0.0043015 -0.015382 0)
(0.00524468 -0.0174961 0)
(0.0061728 -0.0199966 0)
(0.00707726 -0.0228625 0)
(0.00794745 -0.0260683 0)
(0.008771 -0.0295843 0)
(0.00953417 -0.0333761 0)
(0.0102223 -0.0374055 0)
(0.0108205 -0.0416302 0)
(0.0113139 -0.0460044 0)
(0.0116887 -0.0504796 0)
(0.0119326 -0.0550052 0)
(0.012035 -0.0595289 0)
(0.0119878 -0.0639982 0)
(0.0117856 -0.0683606 0)
(0.0114259 -0.0725649 0)
(0.0109093 -0.0765615 0)
(0.0102396 -0.0803034 0)
(0.00942352 -0.0837469 0)
(0.00847064 -0.0868517 0)
(0.00739335 -0.0895821 0)
(0.00620645 -0.0919065 0)
(0.00492685 -0.0937984 0)
(0.00357326 -0.0952364 0)
(0.0021658 -0.0962041 0)
(0.00072559 -0.0966906 0)
(0.000337976 -0.0076139 0)
(0.00101472 -0.00793514 0)
(0.00169359 -0.00857617 0)
(0.00237512 -0.00953395 0)
(0.00305864 -0.0108036 0)
(0.00374191 -0.0123781 0)
(0.00442093 -0.0142478 0)
(0.00508982 -0.0164003 0)
(0.0057409 -0.0188197 0)
(0.00636484 -0.0214868 0)
(0.00695095 -0.0243784 0)
(0.00748757 -0.0274679 0)
(0.00796249 -0.0307248 0)
(0.00836347 -0.0341154 0)
(0.00867873 -0.0376029 0)
(0.00889741 -0.041148 0)
(0.0090101 -0.0447095 0)
(0.00900912 -0.0482451 0)
(0.00888895 -0.051712 0)
(0.00864642 -0.0550674 0)
(0.00828084 -0.0582697 0)
(0.00779415 -0.0612789 0)
(0.00719086 -0.0640572 0)
(0.00647796 -0.0665698 0)
(0.00566483 -0.0687849 0)
(0.00476298 -0.0706749 0)
(0.00378581 -0.072216 0)
(0.00274834 -0.073389 0)
(0.00166687 -0.0741792 0)
(0.000558619 -0.0745767 0)
(0.000235352 -0.00515044 0)
(0.00070717 -0.00538221 0)
(0.00118212 -0.00584525 0)
(0.00166157 -0.00653846 0)
(0.00214593 -0.00745984 0)
(0.00263432 -0.00860618 0)
(0.0031244 -0.0099727 0)
(0.00361226 -0.0115526 0)
(0.00409245 -0.0133365 0)
(0.0045581 -0.0153127 0)
(0.0050011 -0.017466 0)
(0.0054124 -0.0197784 0)
(0.00578234 -0.0222287 0)
(0.00610104 -0.0247925 0)
(0.00635881 -0.0274427 0)
(0.00654654 -0.0301498 0)
(0.0066561 -0.032882 0)
(0.00668067 -0.0356064 0)
(0.00661503 -0.0382889 0)
(0.00645581 -0.0408955 0)
(0.00620165 -0.0433922 0)
(0.00585329 -0.0457461 0)
(0.0054136 -0.047926 0)
(0.00488754 -0.0499027 0)
(0.00428209 -0.0516495 0)
(0.00360605 -0.0531428 0)
(0.00286986 -0.0543626 0)
(0.00208539 -0.0552921 0)
(0.00126559 -0.0559189 0)
(0.000424274 -0.0562343 0)
(0.00016232 -0.00341707 0)
(0.00048813 -0.00358002 0)
(0.000817276 -0.00390594 0)
(0.00115144 -0.00439477 0)
(0.00149152 -0.00504613 0)
(0.00183742 -0.00585904 0)
(0.00218789 -0.00683156 0)
(0.00254039 -0.00796041 0)
(0.00289113 -0.00924057 0)
(0.00323513 -0.010665 0)
(0.00356636 -0.0122244 0)
(0.00387793 -0.0139069 0)
(0.00416234 -0.015698 0)
(0.0044118 -0.0175808 0)
(0.00461851 -0.0195359 0)
(0.00477504 -0.0215416 0)
(0.00487456 -0.0235746 0)
(0.00491122 -0.0256097 0)
(0.00488035 -0.0276213 0)
(0.0047787 -0.0295826 0)
(0.00460457 -0.0314675 0)
(0.00435797 -0.0332498 0)
(0.00404062 -0.0349048 0)
(0.00365598 -0.0364092 0)
(0.00320913 -0.0377413 0)
(0.00270676 -0.0388822 0)
(0.00215691 -0.0398154 0)
(0.00156882 -0.0405274 0)
(0.000952704 -0.0410079 0)
(0.000319484 -0.0412499 0)
(0.000111856 -0.00220417 0)
(0.000336662 -0.00231473 0)
(0.000564624 -0.0025361 0)
(0.000797427 -0.00286868 0)
(0.00103616 -0.00331285 0)
(0.00128115 -0.00386874 0)
(0.00153178 -0.00453591 0)
(0.00178648 -0.0053131 0)
(0.00204264 -0.00619785 0)
(0.00229667 -0.00718626 0)
(0.00254412 -0.00827275 0)
(0.00277977 -0.00944986 0)
(0.00299787 -0.0107082 0)
(0.00319232 -0.0120362 0)
(0.00335693 -0.0134207 0)
(0.00348566 -0.0148465 0)
(0.0035729 -0.0162969 0)
(0.0036137 -0.0177539 0)
(0.003604 -0.0191987 0)
(0.00354079 -0.0206117 0)
(0.00342231 -0.0219734 0)
(0.00324812 -0.0232643 0)
(0.00301916 -0.0244658 0)
(0.0027378 -0.0255601 0)
(0.00240777 -0.0265309 0)
(0.00203409 -0.0273636 0)
(0.00162297 -0.0280456 0)
(0.0011816 -0.0285664 0)
(0.000718018 -0.0289181 0)
(0.000240862 -0.0290953 0)
(7.8527e-05 -0.00134886 0)
(0.000236562 -0.00141938 0)
(0.000397443 -0.0015607 0)
(0.000562744 -0.00177331 0)
(0.000733583 -0.00205781 0)
(0.000910472 -0.00241471 0)
(0.00109321 -0.00284421 0)
(0.00128081 -0.00334602 0)
(0.00147147 -0.0039191 0)
(0.00166258 -0.00456145 0)
(0.00185079 -0.00526993 0)
(0.00203214 -0.00604011 0)
(0.00220213 -0.00686619 0)
(0.00235595 -0.00774096 0)
(0.00248861 -0.00865582 0)
(0.0025952 -0.00960088 0)
(0.00267106 -0.0105651 0)
(0.00271199 -0.0115364 0)
(0.00271447 -0.012502 0)
(0.00267578 -0.0134488 0)
(0.00259417 -0.0143632 0)
(0.00246898 -0.0152318 0)
(0.00230066 -0.0160418 0)
(0.00209083 -0.0167807 0)
(0.00184226 -0.0174372 0)
(0.00155881 -0.018001 0)
(0.00124533 -0.0184631 0)
(0.000907523 -0.0188164 0)
(0.000551823 -0.019055 0)
(0.00018517 -0.0191753 0)
(5.84096e-05 -0.000724017 0)
(0.000176111 -0.000763016 0)
(0.000296377 -0.000841218 0)
(0.000420663 -0.000958998 0)
(0.000550053 -0.00111682 0)
(0.000685142 -0.00131514 0)
(0.000825944 -0.00155427 0)
(0.000971826 -0.00183427 0)
(0.00112147 -0.00215478 0)
(0.00127289 -0.00251488 0)
(0.00142345 -0.00291302 0)
(0.00156997 -0.00334689 0)
(0.00170881 -0.00381338 0)
(0.00183597 -0.00430853 0)
(0.0019473 -0.00482756 0)
(0.00203864 -0.0053649 0)
(0.00210599 -0.00591426 0)
(0.0021457 -0.00646876 0)
(0.00215461 -0.00702106 0)
(0.00213025 -0.00756347 0)
(0.00207094 -0.00808818 0)
(0.00197589 -0.00858737 0)
(0.00184526 -0.00905343 0)
(0.00168023 -0.00947911 0)
(0.00148296 -0.00985766 0)
(0.00125654 -0.010183 0)
(0.00100497 -0.01045 0)
(0.000732984 -0.0106541 0)
(0.000445945 -0.0107921 0)
(0.000149684 -0.0108616 0)
(4.89704e-05 -0.000227611 0)
(0.000147736 -0.000240066 0)
(0.000248909 -0.000265049 0)
(0.000353867 -0.000302697 0)
(0.000463666 -0.000353182 0)
(0.000578928 -0.000416679 0)
(0.00069976 -0.000493325 0)
(0.000825691 -0.000583172 0)
(0.000955639 -0.00068614 0)
(0.00108791 -0.000801976 0)
(0.00122021 -0.000930212 0)
(0.00134976 -0.00107014 0)
(0.00147331 -0.00122077 0)
(0.00158731 -0.00138085 0)
(0.001688 -0.00154886 0)
(0.0017716 -0.00172299 0)
(0.00183444 -0.00190121 0)
(0.00187315 -0.00208128 0)
(0.00188479 -0.00226081 0)
(0.00186701 -0.00243729 0)
(0.00181816 -0.00260814 0)
(0.00173742 -0.00277081 0)
(0.00162482 -0.00292278 0)
(0.00148131 -0.00306167 0)
(0.00130876 -0.00318525 0)
(0.00110991 -0.00329151 0)
(0.000888321 -0.00337872 0)
(0.000648246 -0.00344542 0)
(0.000394529 -0.00349052 0)
(0.000132449 -0.00351326 0)
)
;

boundaryField
{
    outerWall
    {
        type            noSlip;
    }
    axis
    {
        type            symmetryPlane;
    }
    nozzle
    {
        type            zeroGradient;
    }
    back
    {
        type            empty;
    }
    front
    {
        type            empty;
    }
}


// ************************************************************************* //
