/*--------------------------------*- C++ -*----------------------------------*\
| =========                 |                                                 |
| \\      /  F ield         | OpenFOAM: The Open Source CFD Toolbox           |
|  \\    /   O peration     | Version:  2412                                  |
|   \\  /    A nd           | Website:  www.openfoam.com                      |
|    \\/     M anipulation  |                                                 |
\*---------------------------------------------------------------------------*/
FoamFile
{
    version     2.0;
    format      ascii;
    arch        "LSB;label=32;scalar=64";
    class       volScalarField;
    location    "0.000135";
    object      p;
}
// * * * * * * * * * * * * * * * * * * * * * * * * * * * * * * * * * * * * * //

dimensions      [1 -1 -2 0 0 0 0];

internalField   nonuniform List<scalar> 
3725
(
7.08766e+06
7.07608e+06
7.05514e+06
7.03001e+06
7.00757e+06
6.99806e+06
7.01219e+06
7.06137e+06
7.15321e+06
7.28546e+06
7.45236e+06
7.64394e+06
7.85096e+06
8.05613e+06
8.24556e+06
8.40942e+06
8.54266e+06
8.64389e+06
8.71478e+06
8.75891e+06
8.78088e+06
8.78552e+06
8.77747e+06
8.76097e+06
8.73976e+06
8.71704e+06
8.69553e+06
8.67743e+06
8.66441e+06
8.65762e+06
7.08451e+06
7.07324e+06
7.05299e+06
7.02892e+06
7.00788e+06
6.99972e+06
7.01533e+06
7.06597e+06
7.1577e+06
7.2902e+06
7.45539e+06
7.6462e+06
7.85185e+06
8.05558e+06
8.24364e+06
8.40631e+06
8.53838e+06
8.63844e+06
8.70807e+06
8.75084e+06
8.77133e+06
8.7744e+06
8.76475e+06
8.74669e+06
8.72402e+06
8.70003e+06
8.67746e+06
8.65855e+06
8.64499e+06
8.63793e+06
7.07837e+06
7.06769e+06
7.04887e+06
7.02691e+06
7.00854e+06
7.00338e+06
7.02179e+06
7.07448e+06
7.16658e+06
7.29912e+06
7.46188e+06
7.65064e+06
7.85355e+06
8.05445e+06
8.23993e+06
8.4001e+06
8.52981e+06
8.62755e+06
8.69471e+06
8.73479e+06
8.75236e+06
8.75235e+06
8.73958e+06
8.71848e+06
8.69301e+06
8.66655e+06
8.64194e+06
8.62148e+06
8.60688e+06
8.5993e+06
7.06924e+06
7.05959e+06
7.04292e+06
7.02421e+06
7.00989e+06
7.009e+06
7.03161e+06
7.08663e+06
7.18025e+06
7.31181e+06
7.47161e+06
7.65709e+06
7.85593e+06
8.05264e+06
8.23408e+06
8.39071e+06
8.51697e+06
8.61126e+06
8.67478e+06
8.71091e+06
8.72423e+06
8.71977e+06
8.70251e+06
8.67707e+06
8.64762e+06
8.61768e+06
8.59022e+06
8.56758e+06
8.55153e+06
8.54321e+06
7.05738e+06
7.0492e+06
7.03551e+06
7.0212e+06
7.01206e+06
7.01685e+06
7.04466e+06
7.10314e+06
7.19754e+06
7.32825e+06
7.48426e+06
7.66532e+06
7.8588e+06
8.05002e+06
8.22619e+06
8.37819e+06
8.49988e+06
8.58966e+06
8.64842e+06
8.67946e+06
8.68735e+06
8.67725e+06
8.65436e+06
8.62356e+06
8.5892e+06
8.55502e+06
8.5241e+06
8.49884e+06
8.48103e+06
8.47184e+06
7.04313e+06
7.03693e+06
7.02703e+06
7.01815e+06
7.01547e+06
7.02704e+06
7.0608e+06
7.12368e+06
7.21974e+06
7.34696e+06
7.49934e+06
7.67498e+06
7.86189e+06
8.0464e+06
8.21633e+06
8.36246e+06
8.47858e+06
8.56285e+06
8.61586e+06
8.64081e+06
8.64228e+06
8.62561e+06
8.59624e+06
8.55934e+06
8.51949e+06
8.4806e+06
8.44586e+06
8.41773e+06
8.39801e+06
8.38787e+06
7.027e+06
7.02324e+06
7.01793e+06
7.01559e+06
7.02062e+06
7.03999e+06
7.08049e+06
7.14757e+06
7.24487e+06
7.36864e+06
7.51652e+06
7.68567e+06
7.86489e+06
8.04158e+06
8.20414e+06
8.34355e+06
8.45324e+06
8.53108e+06
8.57745e+06
8.59548e+06
8.58978e+06
8.56589e+06
8.52953e+06
8.48614e+06
8.44053e+06
8.39678e+06
8.35815e+06
8.32713e+06
8.30549e+06
8.29438e+06
7.00977e+06
7.00883e+06
7.009e+06
7.01397e+06
7.02783e+06
7.0559e+06
7.10366e+06
7.17484e+06
7.27249e+06
7.3922e+06
7.53526e+06
7.69693e+06
7.86746e+06
8.0354e+06
8.1897e+06
8.32148e+06
8.42404e+06
8.49464e+06
8.53371e+06
8.5442e+06
8.53085e+06
8.49939e+06
8.45585e+06
8.40592e+06
8.35463e+06
8.30616e+06
8.26381e+06
8.23004e+06
8.20659e+06
8.19458e+06
6.99234e+06
6.99457e+06
7.00098e+06
7.01411e+06
7.03745e+06
7.07481e+06
7.12948e+06
7.20477e+06
7.30211e+06
7.41781e+06
7.55498e+06
7.70826e+06
7.86925e+06
8.02766e+06
8.17296e+06
8.29611e+06
8.39106e+06
8.45393e+06
8.48526e+06
8.48787e+06
8.46665e+06
8.4276e+06
8.377e+06
8.3208e+06
8.26418e+06
8.21138e+06
8.16567e+06
8.12943e+06
8.10436e+06
8.09152e+06
6.97582e+06
6.98163e+06
6.99471e+06
7.01682e+06
7.05011e+06
7.09654e+06
7.15818e+06
7.23752e+06
7.332e+06
7.44458e+06
7.57502e+06
7.71914e+06
7.86994e+06
8.01821e+06
8.15398e+06
8.26826e+06
8.35492e+06
8.40962e+06
8.43293e+06
8.42753e+06
8.3985e+06
8.35211e+06
8.29488e+06
8.23293e+06
8.17156e+06
8.11499e+06
8.06636e+06
8.02797e+06
8.00145e+06
7.98785e+06
6.96169e+06
6.97132e+06
6.99146e+06
7.02273e+06
7.06592e+06
7.12137e+06
7.1895e+06
7.27006e+06
7.36339e+06
7.47185e+06
7.59474e+06
7.7291e+06
7.86924e+06
8.00699e+06
8.13289e+06
8.23803e+06
8.31601e+06
8.36242e+06
8.37763e+06
8.36432e+06
8.3278e+06
8.27457e+06
8.21136e+06
8.1444e+06
8.07899e+06
8.01922e+06
7.9681e+06
7.9278e+06
7.89995e+06
7.88557e+06
6.95162e+06
6.96515e+06
6.99224e+06
7.03256e+06
7.08542e+06
7.14881e+06
7.22163e+06
7.30342e+06
7.39545e+06
7.49878e+06
7.61345e+06
7.73768e+06
7.86694e+06
7.99399e+06
8.10986e+06
8.20572e+06
8.27483e+06
8.31315e+06
8.32041e+06
8.29955e+06
8.25607e+06
8.19668e+06
8.12828e+06
8.05713e+06
7.98837e+06
7.9259e+06
7.87256e+06
7.83039e+06
7.8011e+06
7.78575e+06
6.94772e+06
6.96479e+06
6.99856e+06
7.04702e+06
7.10808e+06
7.17779e+06
7.25466e+06
7.33764e+06
7.42719e+06
7.52453e+06
7.63053e+06
7.74446e+06
7.86285e+06
7.97926e+06
8.08518e+06
8.17185e+06
8.23222e+06
8.26282e+06
8.26237e+06
8.23454e+06
8.18486e+06
8.12009e+06
8.04735e+06
7.97276e+06
7.90121e+06
7.83633e+06
7.78078e+06
7.73647e+06
7.70532e+06
7.68852e+06
6.95174e+06
6.97211e+06
7.01125e+06
7.06638e+06
7.13371e+06
7.20897e+06
7.28888e+06
7.37168e+06
7.45761e+06
7.5483e+06
7.6454e+06
7.7491e+06
7.85685e+06
7.96291e+06
8.05917e+06
8.13696e+06
8.18916e+06
8.21219e+06
8.20461e+06
8.17058e+06
8.11545e+06
8.0462e+06
7.96992e+06
7.89252e+06
7.81856e+06
7.75133e+06
7.69325e+06
7.64608e+06
7.61221e+06
7.59303e+06
6.96532e+06
6.98798e+06
7.03133e+06
7.09157e+06
7.1637e+06
7.24243e+06
7.32351e+06
7.40459e+06
7.48589e+06
7.56942e+06
7.65755e+06
7.75129e+06
7.84885e+06
7.9451e+06
8.03221e+06
8.10161e+06
8.14611e+06
8.16166e+06
8.14832e+06
8.10876e+06
8.04889e+06
7.97599e+06
7.89688e+06
7.81716e+06
7.74099e+06
7.67122e+06
7.60998e+06
7.55879e+06
7.52074e+06
7.49736e+06
6.99003e+06
7.01425e+06
7.06027e+06
7.12354e+06
7.19808e+06
7.27783e+06
7.3579e+06
7.43566e+06
7.51132e+06
7.58732e+06
7.66661e+06
7.75084e+06
7.83887e+06
7.926e+06
8.00468e+06
8.06639e+06
8.10392e+06
8.1132e+06
8.09461e+06
8.05007e+06
7.98635e+06
7.91054e+06
7.82902e+06
7.74718e+06
7.6688e+06
7.5961e+06
7.53072e+06
7.4738e+06
7.4294e+06
7.39926e+06
7.02766e+06
7.05238e+06
7.09912e+06
7.16283e+06
7.23698e+06
7.31497e+06
7.39167e+06
7.4644e+06
7.53347e+06
7.60165e+06
7.67233e+06
7.74765e+06
7.82693e+06
7.90583e+06
7.97698e+06
8.03186e+06
8.06327e+06
8.0671e+06
8.04323e+06
7.99585e+06
7.92923e+06
7.85097e+06
7.76725e+06
7.68327e+06
7.60237e+06
7.52603e+06
7.45506e+06
7.38998e+06
7.33524e+06
7.29131e+06
7.07933e+06
7.10335e+06
7.14862e+06
7.20995e+06
7.28062e+06
7.35392e+06
7.42476e+06
7.49068e+06
7.55218e+06
7.61228e+06
7.67465e+06
7.74175e+06
7.81319e+06
7.88485e+06
7.94946e+06
7.99851e+06
8.02476e+06
8.02409e+06
7.99639e+06
7.94513e+06
7.87671e+06
7.79725e+06
7.71189e+06
7.62599e+06
7.54216e+06
7.46125e+06
7.38311e+06
7.30754e+06
7.24131e+06
7.18138e+06
7.14544e+06
7.16757e+06
7.20918e+06
7.26526e+06
7.32934e+06
7.39498e+06
7.45748e+06
7.51477e+06
7.56769e+06
7.61942e+06
7.67378e+06
7.73335e+06
7.79787e+06
7.86333e+06
7.92249e+06
7.96678e+06
7.9889e+06
7.98472e+06
7.95417e+06
7.9006e+06
7.83054e+06
7.74959e+06
7.66323e+06
7.57562e+06
7.48847e+06
7.40151e+06
7.31257e+06
7.21923e+06
7.12077e+06
7.0112e+06
7.22561e+06
7.24479e+06
7.28072e+06
7.32889e+06
7.38349e+06
7.4387e+06
7.49047e+06
7.53738e+06
7.58065e+06
7.62367e+06
7.67023e+06
7.72289e+06
7.78137e+06
7.84166e+06
7.89644e+06
7.93706e+06
7.9561e+06
7.94941e+06
7.9169e+06
7.86191e+06
7.79018e+06
7.70826e+06
7.62152e+06
7.5325e+06
7.4423e+06
7.34967e+06
7.25127e+06
7.14579e+06
7.03459e+06
6.91011e+06
7.30941e+06
7.32513e+06
7.35446e+06
7.39353e+06
7.43737e+06
7.48104e+06
7.52129e+06
7.55738e+06
7.59105e+06
7.62583e+06
7.66545e+06
7.71231e+06
7.76603e+06
7.82249e+06
7.87424e+06
7.91248e+06
7.92966e+06
7.92156e+06
7.88802e+06
7.83241e+06
7.76033e+06
7.67786e+06
7.5905e+06
7.50056e+06
7.40767e+06
7.30905e+06
7.19531e+06
7.06094e+06
6.84274e+06
6.50036e+06
7.39109e+06
7.40333e+06
7.426e+06
7.45594e+06
7.48903e+06
7.52123e+06
7.55014e+06
7.57575e+06
7.60028e+06
7.62742e+06
7.66083e+06
7.70273e+06
7.75257e+06
7.80611e+06
7.85572e+06
7.89243e+06
7.90855e+06
7.89974e+06
7.86577e+06
7.80998e+06
7.738e+06
7.65572e+06
7.56817e+06
7.47753e+06
7.38332e+06
7.28213e+06
7.16467e+06
7.02384e+06
6.81192e+06
6.53534e+06
7.47876e+06
7.48723e+06
7.50276e+06
7.52289e+06
7.54441e+06
7.56432e+06
7.5811e+06
7.59554e+06
7.61041e+06
7.62961e+06
7.65669e+06
7.69371e+06
7.73993e+06
7.7909e+06
7.83881e+06
7.87449e+06
7.89006e+06
7.88103e+06
7.84706e+06
7.79141e+06
7.71971e+06
7.63788e+06
7.55059e+06
7.45995e+06
7.36519e+06
7.2623e+06
7.13964e+06
6.99317e+06
6.75562e+06
6.46978e+06
7.57093e+06
7.57553e+06
7.58375e+06
7.59379e+06
7.60338e+06
7.61055e+06
7.61475e+06
7.61759e+06
7.62243e+06
7.63342e+06
7.65404e+06
7.68616e+06
7.72886e+06
7.77749e+06
7.82402e+06
7.85904e+06
7.87446e+06
7.86561e+06
7.83202e+06
7.77683e+06
7.70559e+06
7.6243e+06
7.53762e+06
7.44767e+06
7.35378e+06
7.25262e+06
7.13464e+06
6.99554e+06
6.78414e+06
6.51191e+06
7.66598e+06
7.66677e+06
7.66782e+06
7.66792e+06
7.66564e+06
7.66005e+06
7.6516e+06
7.6427e+06
7.63735e+06
7.63994e+06
7.65396e+06
7.6811e+06
7.72029e+06
7.76668e+06
7.81201e+06
7.84662e+06
7.86216e+06
7.85379e+06
7.82085e+06
7.76637e+06
7.69581e+06
7.61518e+06
7.52932e+06
7.4406e+06
7.34863e+06
7.25074e+06
7.13815e+06
7.00575e+06
6.78874e+06
6.44088e+06
5.71703e+06
5.57317e+06
5.31667e+06
5.04382e+06
4.7659e+06
4.48125e+06
4.19095e+06
3.8964e+06
3.59898e+06
3.30045e+06
3.00289e+06
2.70877e+06
2.42075e+06
2.1416e+06
1.87402e+06
1.62045e+06
1.38292e+06
1.16281e+06
960827
776712
609523
457212
316902
186663
61637.7
5.96827e+06
5.65466e+06
5.36003e+06
5.06712e+06
4.77693e+06
4.48643e+06
4.19343e+06
3.89756e+06
3.59952e+06
3.30067e+06
3.00297e+06
2.70877e+06
2.42072e+06
2.14156e+06
1.87398e+06
1.62043e+06
1.38291e+06
1.16282e+06
960841
776728
609536
457221
316907
186665
61638.3
5.82672e+06
5.58167e+06
5.31819e+06
5.04211e+06
4.76333e+06
4.47952e+06
4.18983e+06
3.89566e+06
3.59849e+06
3.30009e+06
3.00262e+06
2.70854e+06
2.42054e+06
2.14141e+06
1.87389e+06
1.62038e+06
1.38289e+06
1.16283e+06
960863
776753
609558
457236
316916
186670
61639.3
5.96174e+06
5.64799e+06
5.35579e+06
5.06441e+06
4.77545e+06
4.48563e+06
4.19293e+06
3.89719e+06
3.59921e+06
3.30039e+06
3.00271e+06
2.70852e+06
2.42048e+06
2.14136e+06
1.87383e+06
1.62034e+06
1.38288e+06
1.16284e+06
960887
776780
609581
457252
316925
186674
61640.4
5.65971e+06
5.55226e+06
5.30475e+06
5.03757e+06
4.76272e+06
4.47957e+06
4.18997e+06
3.89572e+06
3.59845e+06
3.29998e+06
3.00246e+06
2.70836e+06
2.42036e+06
2.14126e+06
1.87378e+06
1.62031e+06
1.38287e+06
1.16284e+06
960901
776797
609595
457262
316931
186677
61641
7.77485e+06
7.7716e+06
7.765e+06
7.75443e+06
7.7393e+06
7.71975e+06
7.69734e+06
7.67538e+06
7.65856e+06
7.65162e+06
7.65806e+06
7.67946e+06
7.71461e+06
7.75846e+06
7.80248e+06
7.83672e+06
7.85257e+06
7.84493e+06
7.81294e+06
7.75946e+06
7.68985e+06
7.61013e+06
7.5254e+06
7.43852e+06
7.34992e+06
7.25819e+06
7.16033e+06
7.05498e+06
6.94326e+06
6.82031e+06
7.89512e+06
7.88799e+06
7.87395e+06
7.85289e+06
7.8249e+06
7.79119e+06
7.75441e+06
7.71878e+06
7.68976e+06
7.6725e+06
7.67055e+06
7.68545e+06
7.71593e+06
7.75677e+06
7.79921e+06
7.83299e+06
7.8492e+06
7.84243e+06
7.81157e+06
7.7593e+06
7.69085e+06
7.61227e+06
7.52892e+06
7.44426e+06
7.35948e+06
7.27408e+06
7.18661e+06
7.09504e+06
6.99797e+06
6.88898e+06
8.01087e+06
8.0007e+06
7.98068e+06
7.95099e+06
7.91221e+06
7.86643e+06
7.81721e+06
7.76953e+06
7.72951e+06
7.70271e+06
7.69281e+06
7.70137e+06
7.72712e+06
7.76479e+06
7.80542e+06
7.8385e+06
7.85486e+06
7.84881e+06
7.81899e+06
7.76782e+06
7.70043e+06
7.62288e+06
7.54078e+06
7.45813e+06
7.37697e+06
7.29785e+06
7.22106e+06
7.14668e+06
7.08097e+06
7.02105e+06
8.11929e+06
8.10702e+06
8.0826e+06
8.04639e+06
7.99933e+06
7.94403e+06
7.88484e+06
7.8273e+06
7.77808e+06
7.74309e+06
7.72612e+06
7.72885e+06
7.75008e+06
7.78455e+06
7.82317e+06
7.85527e+06
7.87149e+06
7.86589e+06
7.83686e+06
7.78658e+06
7.72001e+06
7.64323e+06
7.56205e+06
7.48092e+06
7.40255e+06
7.32821e+06
7.25882e+06
7.19509e+06
7.14152e+06
7.09837e+06
8.21826e+06
8.20468e+06
8.17742e+06
8.1368e+06
8.08419e+06
8.02218e+06
7.95582e+06
7.89104e+06
7.8349e+06
7.79359e+06
7.77096e+06
7.76883e+06
7.78613e+06
7.81764e+06
7.85424e+06
7.88517e+06
7.90097e+06
7.89554e+06
7.86704e+06
7.8174e+06
7.75141e+06
7.67511e+06
7.59444e+06
7.51422e+06
7.43771e+06
7.3668e+06
7.30286e+06
7.24707e+06
7.20349e+06
7.17375e+06
8.30636e+06
8.29201e+06
8.26322e+06
8.22029e+06
8.16462e+06
8.09881e+06
8.0283e+06
7.9591e+06
7.89867e+06
7.85332e+06
7.82691e+06
7.82136e+06
7.83574e+06
7.86491e+06
7.89977e+06
7.92957e+06
7.94484e+06
7.9394e+06
7.91125e+06
7.86209e+06
7.79653e+06
7.7205e+06
7.64002e+06
7.56018e+06
7.48468e+06
7.4159e+06
7.35553e+06
7.30497e+06
7.26733e+06
7.2442e+06
8.38268e+06
8.36801e+06
8.33873e+06
8.29525e+06
8.23871e+06
8.1719e+06
8.10014e+06
8.02941e+06
7.96742e+06
7.92059e+06
7.89264e+06
7.88551e+06
7.89842e+06
7.92629e+06
7.96005e+06
7.98906e+06
8.00395e+06
7.99855e+06
7.97077e+06
7.92212e+06
7.85701e+06
7.78124e+06
7.70084e+06
7.62107e+06
7.54599e+06
7.47834e+06
7.4201e+06
7.3728e+06
7.33877e+06
7.31951e+06
8.44672e+06
8.43224e+06
8.40334e+06
8.36058e+06
8.30512e+06
8.23961e+06
8.16913e+06
8.09958e+06
8.03879e+06
7.99311e+06
7.96604e+06
7.95949e+06
7.97271e+06
8.00066e+06
8.03433e+06
8.06324e+06
8.0782e+06
8.0732e+06
8.04609e+06
7.99825e+06
7.93388e+06
7.85863e+06
7.77848e+06
7.6988e+06
7.62387e+06
7.55677e+06
7.4997e+06
7.45428e+06
7.42236e+06
7.40518e+06
8.49844e+06
8.48462e+06
8.45699e+06
8.41596e+06
8.36293e+06
8.30044e+06
8.23335e+06
8.16726e+06
8.11018e+06
8.06822e+06
8.04449e+06
8.04075e+06
8.05627e+06
8.08593e+06
8.12081e+06
8.1506e+06
8.16642e+06
8.16246e+06
8.13663e+06
8.09021e+06
8.02719e+06
7.95305e+06
7.87366e+06
7.79442e+06
7.7198e+06
7.6531e+06
7.59672e+06
7.5524e+06
7.52167e+06
7.50563e+06
8.53835e+06
8.52556e+06
8.49988e+06
8.46149e+06
8.41158e+06
8.35328e+06
8.29121e+06
8.23048e+06
8.17921e+06
8.14322e+06
8.12507e+06
8.12634e+06
8.14614e+06
8.17925e+06
8.21676e+06
8.24861e+06
8.26629e+06
8.26428e+06
8.24061e+06
8.1965e+06
8.13575e+06
8.06363e+06
7.98586e+06
7.90781e+06
7.83402e+06
7.76799e+06
7.71228e+06
7.66874e+06
7.63879e+06
7.62339e+06
8.56747e+06
8.55581e+06
8.53244e+06
8.49726e+06
8.45142e+06
8.39773e+06
8.3414e+06
8.28767e+06
8.24386e+06
8.21566e+06
8.205e+06
8.21317e+06
8.23907e+06
8.27726e+06
8.31881e+06
8.35395e+06
8.37459e+06
8.37557e+06
8.35511e+06
8.3144e+06
8.25706e+06
8.18813e+06
8.11312e+06
8.0373e+06
7.96522e+06
7.9005e+06
7.84584e+06
7.80318e+06
7.77393e+06
7.759e+06
8.58708e+06
8.57658e+06
8.55526e+06
8.52323e+06
8.48199e+06
8.4344e+06
8.38421e+06
8.3379e+06
8.30237e+06
8.28348e+06
8.28181e+06
8.29839e+06
8.33187e+06
8.3765e+06
8.4233e+06
8.46283e+06
8.48746e+06
8.49247e+06
8.47628e+06
8.44011e+06
8.38742e+06
8.32297e+06
8.25204e+06
8.17971e+06
8.11047e+06
8.04798e+06
7.99503e+06
7.95366e+06
7.9253e+06
7.91087e+06
8.5987e+06
8.58912e+06
8.5698e+06
8.54104e+06
8.50423e+06
8.46222e+06
8.41916e+06
8.38074e+06
8.35376e+06
8.34528e+06
8.35362e+06
8.37966e+06
8.42174e+06
8.47374e+06
8.52666e+06
8.5714e+06
8.60086e+06
8.61075e+06
8.59976e+06
8.56918e+06
8.52229e+06
8.46359e+06
8.39805e+06
8.33053e+06
8.26537e+06
8.20618e+06
8.1558e+06
8.11632e+06
8.08922e+06
8.07543e+06
8.60383e+06
8.59508e+06
8.57751e+06
8.55154e+06
8.51888e+06
8.48212e+06
8.44576e+06
8.4155e+06
8.39779e+06
8.40062e+06
8.41924e+06
8.45525e+06
8.50646e+06
8.5663e+06
8.62576e+06
8.67615e+06
8.71092e+06
8.72626e+06
8.72115e+06
8.69696e+06
8.6568e+06
8.60491e+06
8.54594e+06
8.48444e+06
8.42453e+06
8.36972e+06
8.3228e+06
8.28589e+06
8.26049e+06
8.24755e+06
8.6035e+06
8.59542e+06
8.57929e+06
8.55571e+06
8.52667e+06
8.4949e+06
8.46512e+06
8.44304e+06
8.43525e+06
8.44891e+06
8.47812e+06
8.52417e+06
8.58455e+06
8.65221e+06
8.71817e+06
8.77422e+06
8.81438e+06
8.83536e+06
8.83644e+06
8.81908e+06
8.78626e+06
8.74194e+06
8.6904e+06
8.63587e+06
8.5822e+06
8.53269e+06
8.49005e+06
8.45634e+06
8.43306e+06
8.42118e+06
8.59859e+06
8.59102e+06
8.57604e+06
8.55448e+06
8.5287e+06
8.50165e+06
8.47829e+06
8.46459e+06
8.46675e+06
8.49044e+06
8.53022e+06
8.58608e+06
8.65525e+06
8.73027e+06
8.80225e+06
8.86354e+06
8.90879e+06
8.9352e+06
8.94239e+06
8.93191e+06
8.90663e+06
8.87021e+06
8.8266e+06
8.77964e+06
8.73287e+06
8.68934e+06
8.65158e+06
8.62158e+06
8.60079e+06
8.59017e+06
8.58986e+06
8.58265e+06
8.56856e+06
8.54879e+06
8.52601e+06
8.50347e+06
8.48658e+06
8.48117e+06
8.49288e+06
8.52632e+06
8.57614e+06
8.64123e+06
8.71847e+06
8.79999e+06
8.87718e+06
8.94295e+06
8.9926e+06
9.02388e+06
9.03673e+06
9.03279e+06
9.01485e+06
8.98628e+06
8.95067e+06
8.91148e+06
8.8719e+06
8.83469e+06
8.80218e+06
8.77621e+06
8.75815e+06
8.74889e+06
8.57789e+06
8.57094e+06
8.55758e+06
8.53951e+06
8.51956e+06
8.50148e+06
8.491e+06
8.49378e+06
8.51495e+06
8.55777e+06
8.6168e+06
8.69028e+06
8.77459e+06
8.86152e+06
8.94282e+06
9.01206e+06
9.0652e+06
9.1005e+06
9.11825e+06
9.1202e+06
9.10903e+06
9.08786e+06
9.05993e+06
9.02832e+06
8.99586e+06
8.965e+06
8.93782e+06
8.91598e+06
8.90073e+06
8.89289e+06
8.56313e+06
8.55641e+06
8.54377e+06
8.52731e+06
8.51019e+06
8.49679e+06
8.49281e+06
8.50381e+06
8.53405e+06
8.58582e+06
8.65317e+06
8.73414e+06
8.82435e+06
8.91542e+06
8.9996e+06
9.07114e+06
9.12667e+06
9.16499e+06
9.18669e+06
9.19364e+06
9.18841e+06
9.17391e+06
9.15302e+06
9.12847e+06
9.10273e+06
9.07793e+06
9.0559e+06
9.03808e+06
9.02558e+06
9.01915e+06
8.54593e+06
8.53944e+06
8.52763e+06
8.51285e+06
8.49877e+06
8.49036e+06
8.49315e+06
8.5122e+06
8.55153e+06
8.61166e+06
8.68628e+06
8.77379e+06
8.86865e+06
8.96254e+06
9.0483e+06
9.12094e+06
9.17772e+06
9.21796e+06
9.24257e+06
9.25349e+06
9.25323e+06
9.24445e+06
9.22974e+06
9.21149e+06
9.19183e+06
9.17257e+06
9.15528e+06
9.1412e+06
9.13128e+06
9.12616e+06
8.52649e+06
8.52037e+06
8.50951e+06
8.49674e+06
8.48613e+06
8.48307e+06
8.49299e+06
8.52023e+06
8.56813e+06
8.63624e+06
8.71729e+06
8.81025e+06
8.90845e+06
9.00382e+06
9.08991e+06
9.16246e+06
9.2194e+06
9.2605e+06
9.28697e+06
9.30082e+06
9.30448e+06
9.30039e+06
9.29089e+06
9.27803e+06
9.26364e+06
9.24924e+06
9.23615e+06
9.22539e+06
9.21778e+06
9.21383e+06
8.50499e+06
8.4994e+06
8.48986e+06
8.47948e+06
8.47299e+06
8.47575e+06
8.49321e+06
8.52891e+06
8.58497e+06
8.66017e+06
8.74704e+06
8.84435e+06
8.94459e+06
9.04019e+06
9.12545e+06
9.19685e+06
9.25292e+06
9.29393e+06
9.32128e+06
9.33708e+06
9.34364e+06
9.34324e+06
9.33793e+06
9.32951e+06
9.31951e+06
9.30922e+06
9.29969e+06
9.29178e+06
9.28615e+06
9.28322e+06
8.48158e+06
8.47676e+06
8.46889e+06
8.46174e+06
8.45997e+06
8.46914e+06
8.49458e+06
8.53891e+06
8.60306e+06
8.68397e+06
8.77625e+06
8.87676e+06
8.97781e+06
9.07249e+06
9.15588e+06
9.22519e+06
9.27956e+06
9.31963e+06
9.34704e+06
9.36391e+06
9.37247e+06
9.3748e+06
9.37274e+06
9.36783e+06
9.36137e+06
9.35441e+06
9.34781e+06
9.34225e+06
9.33825e+06
9.33617e+06
8.45648e+06
8.45269e+06
8.44715e+06
8.44377e+06
8.44763e+06
8.46401e+06
8.4978e+06
8.55083e+06
8.6224e+06
8.70865e+06
8.80544e+06
8.90796e+06
9.00866e+06
9.10138e+06
9.18202e+06
9.24849e+06
9.30047e+06
9.33896e+06
9.36575e+06
9.38297e+06
9.39274e+06
9.39699e+06
9.39733e+06
9.39511e+06
9.39139e+06
9.38705e+06
9.38276e+06
9.37907e+06
9.37639e+06
9.37498e+06
8.42994e+06
8.42756e+06
8.42494e+06
8.4262e+06
8.43659e+06
8.46105e+06
8.50344e+06
8.565e+06
8.64337e+06
8.73447e+06
8.83485e+06
8.9382e+06
9.03748e+06
9.12737e+06
9.20455e+06
9.26758e+06
9.31666e+06
9.35308e+06
9.37875e+06
9.39576e+06
9.40614e+06
9.41163e+06
9.41367e+06
9.41341e+06
9.41176e+06
9.4094e+06
9.40689e+06
9.40464e+06
9.40297e+06
9.40209e+06
8.4023e+06
8.40172e+06
8.4028e+06
8.40966e+06
8.42756e+06
8.46079e+06
8.51181e+06
8.5815e+06
8.66615e+06
8.76172e+06
8.86453e+06
8.96755e+06
9.06447e+06
9.15079e+06
9.22394e+06
9.28313e+06
9.32898e+06
9.36301e+06
9.3872e+06
9.40362e+06
9.41413e+06
9.42034e+06
9.42352e+06
9.42466e+06
9.4245e+06
9.42361e+06
9.42241e+06
9.42125e+06
9.42034e+06
9.41985e+06
8.37401e+06
8.37569e+06
8.38131e+06
8.39481e+06
8.42096e+06
8.46326e+06
8.52353e+06
8.60056e+06
8.69097e+06
8.79028e+06
8.89431e+06
8.99595e+06
9.08968e+06
9.17183e+06
9.24056e+06
9.29564e+06
9.33806e+06
9.36953e+06
9.39206e+06
9.40761e+06
9.41795e+06
9.4245e+06
9.4284e+06
9.43048e+06
9.43137e+06
9.43153e+06
9.43129e+06
9.43091e+06
9.43056e+06
9.43036e+06
8.34576e+06
8.3502e+06
8.36122e+06
8.38238e+06
8.41752e+06
8.46916e+06
8.53841e+06
8.62236e+06
8.71723e+06
8.81985e+06
8.92392e+06
9.0232e+06
9.11304e+06
9.19056e+06
9.25461e+06
9.30546e+06
9.3444e+06
9.37327e+06
9.39404e+06
9.4086e+06
9.41856e+06
9.4252e+06
9.42951e+06
9.43221e+06
9.43382e+06
9.43471e+06
9.43515e+06
9.43533e+06
9.43538e+06
9.43538e+06
8.31852e+06
8.32613e+06
8.34332e+06
8.37298e+06
8.41745e+06
8.4788e+06
8.55603e+06
8.64645e+06
8.74563e+06
8.85002e+06
8.95296e+06
9.04903e+06
9.13441e+06
9.20698e+06
9.26622e+06
9.31284e+06
9.34836e+06
9.37467e+06
9.3937e+06
9.40722e+06
9.41669e+06
9.42326e+06
9.42779e+06
9.43088e+06
9.43298e+06
9.43437e+06
9.43529e+06
9.43586e+06
9.43618e+06
9.43633e+06
8.29351e+06
8.30478e+06
8.32864e+06
8.367e+06
8.42139e+06
8.49202e+06
8.57683e+06
8.67234e+06
8.7754e+06
8.88023e+06
8.98099e+06
9.07311e+06
9.15358e+06
9.22102e+06
9.27545e+06
9.31794e+06
9.35018e+06
9.37405e+06
9.39143e+06
9.40394e+06
9.41289e+06
9.41931e+06
9.42392e+06
9.42726e+06
9.42968e+06
9.43142e+06
9.43266e+06
9.4335e+06
9.43403e+06
9.43428e+06
8.27217e+06
8.28741e+06
8.31805e+06
8.36553e+06
8.42894e+06
8.50899e+06
8.59996e+06
8.70066e+06
8.80588e+06
8.90987e+06
9.00752e+06
9.09509e+06
9.17035e+06
9.23259e+06
9.28232e+06
9.32087e+06
9.35002e+06
9.37165e+06
9.38751e+06
9.39908e+06
9.40754e+06
9.41377e+06
9.4184e+06
9.42189e+06
9.42453e+06
9.42652e+06
9.42798e+06
9.42902e+06
9.42968e+06
9.43e+06
8.25632e+06
8.27545e+06
8.31259e+06
8.36915e+06
8.44154e+06
8.52822e+06
8.6259e+06
8.7304e+06
8.83629e+06
8.93829e+06
9.03205e+06
9.1146e+06
9.18449e+06
9.24159e+06
9.2868e+06
9.32167e+06
9.348e+06
9.36761e+06
9.38212e+06
9.39286e+06
9.40087e+06
9.40692e+06
9.41156e+06
9.41515e+06
9.41795e+06
9.42011e+06
9.42174e+06
9.42292e+06
9.42368e+06
9.42405e+06
8.24795e+06
8.27055e+06
8.31392e+06
8.37799e+06
8.45779e+06
8.55138e+06
8.65407e+06
8.76068e+06
8.86586e+06
8.96486e+06
9.05406e+06
9.13129e+06
9.19578e+06
9.24791e+06
9.28889e+06
9.32038e+06
9.34419e+06
9.36202e+06
9.37536e+06
9.3854e+06
9.39305e+06
9.39896e+06
9.4036e+06
9.40727e+06
9.41019e+06
9.41249e+06
9.41425e+06
9.41553e+06
9.41637e+06
9.41679e+06
8.24909e+06
8.27425e+06
8.32295e+06
8.39258e+06
8.47912e+06
8.57794e+06
8.68365e+06
8.79067e+06
8.89383e+06
8.98892e+06
9.07308e+06
9.14485e+06
9.20405e+06
9.25147e+06
9.28856e+06
9.31703e+06
9.33862e+06
9.35494e+06
9.36731e+06
9.37679e+06
9.38415e+06
9.38997e+06
9.39463e+06
9.39839e+06
9.40142e+06
9.40384e+06
9.40571e+06
9.40708e+06
9.40798e+06
9.40843e+06
8.26106e+06
8.28827e+06
8.34073e+06
8.41484e+06
8.50564e+06
8.60736e+06
8.71394e+06
8.81963e+06
8.9195e+06
9.00992e+06
9.0887e+06
9.155e+06
9.20912e+06
9.2522e+06
9.28578e+06
9.3116e+06
9.33132e+06
9.34639e+06
9.35799e+06
9.36704e+06
9.37422e+06
9.38e+06
9.38471e+06
9.38857e+06
9.39171e+06
9.39424e+06
9.39622e+06
9.39767e+06
9.39862e+06
9.3991e+06
8.2859e+06
8.31429e+06
8.36876e+06
8.44503e+06
8.53736e+06
8.6393e+06
8.74443e+06
8.84696e+06
8.94232e+06
9.0274e+06
9.10057e+06
9.16151e+06
9.21089e+06
9.25002e+06
9.28054e+06
9.30411e+06
9.32228e+06
9.33635e+06
9.34738e+06
9.35614e+06
9.36323e+06
9.36903e+06
9.37383e+06
9.37781e+06
9.38108e+06
9.38373e+06
9.3858e+06
9.38733e+06
9.38834e+06
9.38885e+06
8.32514e+06
8.35359e+06
8.40797e+06
8.48362e+06
8.57443e+06
8.67367e+06
8.77484e+06
8.87234e+06
8.96197e+06
9.04109e+06
9.10851e+06
9.16426e+06
9.20926e+06
9.2449e+06
9.2728e+06
9.29452e+06
9.31146e+06
9.3248e+06
9.33544e+06
9.34406e+06
9.35115e+06
9.35704e+06
9.36197e+06
9.36609e+06
9.36951e+06
9.37228e+06
9.37446e+06
9.37607e+06
9.37714e+06
9.37767e+06
8.37968e+06
8.40696e+06
8.45898e+06
8.53106e+06
8.61714e+06
8.71062e+06
8.80523e+06
8.89577e+06
8.97843e+06
9.05096e+06
9.11249e+06
9.16325e+06
9.20424e+06
9.23683e+06
9.26254e+06
9.28279e+06
9.29883e+06
9.31168e+06
9.32212e+06
9.33072e+06
9.3379e+06
9.34394e+06
9.34905e+06
9.35334e+06
9.35692e+06
9.35984e+06
9.36213e+06
9.36383e+06
9.36496e+06
9.36552e+06
8.44964e+06
8.47455e+06
8.522e+06
8.58764e+06
8.66584e+06
8.75054e+06
8.83606e+06
8.91769e+06
8.99211e+06
9.05736e+06
9.11278e+06
9.15867e+06
9.19595e+06
9.22587e+06
9.24977e+06
9.2689e+06
9.28432e+06
9.2969e+06
9.30731e+06
9.31601e+06
9.32338e+06
9.32964e+06
9.33497e+06
9.33948e+06
9.34324e+06
9.34632e+06
9.34874e+06
9.35054e+06
9.35173e+06
9.35232e+06
8.53435e+06
8.55583e+06
8.59676e+06
8.65338e+06
8.72089e+06
8.79409e+06
8.86812e+06
8.93898e+06
9.00384e+06
9.06104e+06
9.11001e+06
9.15098e+06
9.1847e+06
9.2122e+06
9.23458e+06
9.25284e+06
9.26788e+06
9.28038e+06
9.2909e+06
9.29983e+06
9.30747e+06
9.31402e+06
9.31962e+06
9.32437e+06
9.32835e+06
9.33161e+06
9.33418e+06
9.33609e+06
9.33735e+06
9.33798e+06
8.63232e+06
8.64955e+06
8.68242e+06
8.72802e+06
8.78257e+06
8.84201e+06
8.90252e+06
8.96094e+06
9.01497e+06
9.06325e+06
9.10523e+06
9.14101e+06
9.1711e+06
9.19623e+06
9.21718e+06
9.23472e+06
9.24949e+06
9.26204e+06
9.27278e+06
9.28203e+06
9.29001e+06
9.29691e+06
9.30283e+06
9.30788e+06
9.31211e+06
9.31557e+06
9.31831e+06
9.32033e+06
9.32168e+06
9.32235e+06
8.74128e+06
8.75375e+06
8.77762e+06
8.81088e+06
8.85097e+06
8.89508e+06
8.94056e+06
8.98517e+06
9.02722e+06
9.06565e+06
9.09994e+06
9.13003e+06
9.15614e+06
9.17867e+06
9.19807e+06
9.21482e+06
9.22932e+06
9.24193e+06
9.25292e+06
9.26251e+06
9.27089e+06
9.27817e+06
9.28445e+06
9.28982e+06
9.29433e+06
9.29803e+06
9.30095e+06
9.30312e+06
9.30455e+06
9.30527e+06
8.85835e+06
8.8659e+06
8.88043e+06
8.90088e+06
8.92588e+06
8.95392e+06
8.98353e+06
9.01343e+06
9.04259e+06
9.07029e+06
9.09608e+06
9.11975e+06
9.14125e+06
9.16066e+06
9.17811e+06
9.19376e+06
9.20776e+06
9.22027e+06
9.23141e+06
9.2413e+06
9.25004e+06
9.2577e+06
9.26435e+06
9.27006e+06
9.27487e+06
9.27882e+06
9.28194e+06
9.28425e+06
9.28579e+06
9.28655e+06
8.98024e+06
8.98303e+06
8.98851e+06
8.99648e+06
9.00669e+06
9.01881e+06
9.03249e+06
9.04739e+06
9.06314e+06
9.07941e+06
9.09588e+06
9.11227e+06
9.12831e+06
9.14382e+06
9.15862e+06
9.17258e+06
9.18561e+06
9.19766e+06
9.20867e+06
9.21866e+06
9.22762e+06
9.23557e+06
9.24253e+06
9.24854e+06
9.25363e+06
9.25782e+06
9.26114e+06
9.26361e+06
9.26524e+06
9.26606e+06
9.10344e+06
9.10194e+06
9.09924e+06
9.09583e+06
9.09239e+06
9.08961e+06
9.08811e+06
9.08839e+06
9.09073e+06
9.0952e+06
9.10169e+06
9.10993e+06
9.11957e+06
9.1302e+06
9.14141e+06
9.15285e+06
9.16418e+06
9.17514e+06
9.18555e+06
9.19524e+06
9.20412e+06
9.21213e+06
9.21925e+06
9.22544e+06
9.23072e+06
9.2351e+06
9.23858e+06
9.24118e+06
9.2429e+06
9.24376e+06
9.22451e+06
9.21944e+06
9.20984e+06
9.19677e+06
9.18155e+06
9.16566e+06
9.1505e+06
9.13724e+06
9.12675e+06
9.11952e+06
9.11569e+06
9.11511e+06
9.11743e+06
9.12215e+06
9.12873e+06
9.13661e+06
9.14529e+06
9.15435e+06
9.16341e+06
9.17222e+06
9.18054e+06
9.18823e+06
9.19519e+06
9.20134e+06
9.20664e+06
9.21107e+06
9.21461e+06
9.21727e+06
9.21905e+06
9.21993e+06
9.34034e+06
9.33254e+06
9.31764e+06
9.297e+06
9.27239e+06
9.24578e+06
9.2191e+06
9.19404e+06
9.17193e+06
9.15364e+06
9.13961e+06
9.12989e+06
9.12422e+06
9.12213e+06
9.12303e+06
9.12627e+06
9.13126e+06
9.13741e+06
9.14425e+06
9.15138e+06
9.15848e+06
9.16529e+06
9.17162e+06
9.17735e+06
9.18238e+06
9.18664e+06
9.19008e+06
9.19268e+06
9.19442e+06
9.19529e+06
9.44833e+06
9.43868e+06
9.42017e+06
9.39426e+06
9.36291e+06
9.32832e+06
9.29272e+06
9.25811e+06
9.22615e+06
9.19803e+06
9.17448e+06
9.15578e+06
9.14186e+06
9.13235e+06
9.12673e+06
9.12438e+06
9.12463e+06
9.12687e+06
9.13051e+06
9.13507e+06
9.14013e+06
9.14535e+06
9.15047e+06
9.15528e+06
9.15962e+06
9.16337e+06
9.16646e+06
9.16882e+06
9.17041e+06
9.17121e+06
9.5465e+06
9.53587e+06
9.51539e+06
9.48647e+06
9.45104e+06
9.41134e+06
9.36963e+06
9.32807e+06
9.28847e+06
9.25226e+06
9.22041e+06
9.19345e+06
9.17152e+06
9.15446e+06
9.14188e+06
9.13324e+06
9.12793e+06
9.12533e+06
9.12485e+06
9.12594e+06
9.12813e+06
9.131e+06
9.13422e+06
9.13751e+06
9.14066e+06
9.1435e+06
9.14591e+06
9.14779e+06
9.14908e+06
9.14973e+06
9.6336e+06
9.62276e+06
9.60174e+06
9.57185e+06
9.53483e+06
9.49274e+06
9.44775e+06
9.40194e+06
9.35718e+06
9.31501e+06
9.27656e+06
9.2426e+06
9.21348e+06
9.18926e+06
9.16975e+06
9.15457e+06
9.14324e+06
9.13518e+06
9.12986e+06
9.12671e+06
9.12525e+06
9.12503e+06
9.12567e+06
9.12684e+06
9.12828e+06
9.12977e+06
9.13114e+06
9.13228e+06
9.13308e+06
9.1335e+06
9.70909e+06
9.69862e+06
9.67826e+06
9.64908e+06
9.61257e+06
9.57051e+06
9.52481e+06
9.47738e+06
9.43e+06
9.38419e+06
9.34119e+06
9.30191e+06
9.26692e+06
9.23649e+06
9.21064e+06
9.1892e+06
9.17183e+06
9.15811e+06
9.14755e+06
9.13969e+06
9.13404e+06
9.13015e+06
9.12764e+06
9.12616e+06
9.12539e+06
9.12511e+06
9.12511e+06
9.12524e+06
9.12539e+06
9.12548e+06
9.77301e+06
9.76337e+06
9.74453e+06
9.71733e+06
9.68297e+06
9.64289e+06
9.59867e+06
9.55195e+06
9.50431e+06
9.4572e+06
9.41184e+06
9.36922e+06
9.33006e+06
9.29483e+06
9.26374e+06
9.23682e+06
9.21393e+06
9.19479e+06
9.17908e+06
9.16639e+06
9.15632e+06
9.14847e+06
9.14246e+06
9.13796e+06
9.13465e+06
9.13228e+06
9.13064e+06
9.12955e+06
9.1289e+06
9.12859e+06
9.82594e+06
9.8174e+06
9.80063e+06
9.77627e+06
9.7452e+06
9.7085e+06
9.66744e+06
9.62332e+06
9.57749e+06
9.5312e+06
9.48561e+06
9.44172e+06
9.40032e+06
9.362e+06
9.32716e+06
9.296e+06
9.26856e+06
9.24475e+06
9.22438e+06
9.20718e+06
9.19286e+06
9.18109e+06
9.17154e+06
9.16391e+06
9.15792e+06
9.15331e+06
9.14988e+06
9.14745e+06
9.14591e+06
9.14516e+06
9.86881e+06
9.8615e+06
9.8471e+06
9.82602e+06
9.79889e+06
9.76647e+06
9.72969e+06
9.68956e+06
9.64712e+06
9.60344e+06
9.55953e+06
9.51631e+06
9.4746e+06
9.43504e+06
9.39815e+06
9.36428e+06
9.33364e+06
9.30628e+06
9.28217e+06
9.2612e+06
9.24318e+06
9.22788e+06
9.21506e+06
9.20448e+06
9.1959e+06
9.1891e+06
9.1839e+06
9.18014e+06
9.1777e+06
9.1765e+06
9.90281e+06
9.89675e+06
9.88475e+06
9.86708e+06
9.84412e+06
9.81639e+06
9.78452e+06
9.74921e+06
9.71126e+06
9.67151e+06
9.6308e+06
9.58992e+06
9.54964e+06
9.51063e+06
9.47344e+06
9.43852e+06
9.4062e+06
9.37667e+06
9.35005e+06
9.32634e+06
9.30549e+06
9.28738e+06
9.27187e+06
9.25878e+06
9.24796e+06
9.23923e+06
9.23244e+06
9.22747e+06
9.22421e+06
9.2226e+06
9.92922e+06
9.92433e+06
9.91462e+06
9.90023e+06
9.88137e+06
9.85834e+06
9.83153e+06
9.80141e+06
9.76855e+06
9.73356e+06
9.69709e+06
9.65982e+06
9.6224e+06
9.58547e+06
9.54957e+06
9.5152e+06
9.48276e+06
9.45253e+06
9.42475e+06
9.39954e+06
9.37694e+06
9.35697e+06
9.33956e+06
9.32464e+06
9.31212e+06
9.30189e+06
9.29385e+06
9.2879e+06
9.28398e+06
9.28203e+06
9.94931e+06
9.94548e+06
9.93783e+06
9.92642e+06
9.91133e+06
9.89273e+06
9.87081e+06
9.84586e+06
9.81823e+06
9.78836e+06
9.75674e+06
9.72388e+06
9.69033e+06
9.65664e+06
9.62334e+06
9.59089e+06
9.55973e+06
9.5302e+06
9.5026e+06
9.47714e+06
9.45397e+06
9.43317e+06
9.4148e+06
9.39885e+06
9.3853e+06
9.37412e+06
9.36525e+06
9.35864e+06
9.35427e+06
9.35209e+06
9.96431e+06
9.96137e+06
9.95549e+06
9.94667e+06
9.93491e+06
9.92027e+06
9.90281e+06
9.88269e+06
9.86011e+06
9.83535e+06
9.80874e+06
9.78066e+06
9.75156e+06
9.72188e+06
9.69207e+06
9.66258e+06
9.63382e+06
9.60617e+06
9.57993e+06
9.55538e+06
9.53273e+06
9.51214e+06
9.49373e+06
9.47757e+06
9.46372e+06
9.45218e+06
9.44296e+06
9.43606e+06
9.43147e+06
9.42918e+06
9.97527e+06
9.97308e+06
9.96867e+06
9.96201e+06
9.95307e+06
9.94182e+06
9.92826e+06
9.91245e+06
9.89448e+06
9.8745e+06
9.85274e+06
9.82945e+06
9.80497e+06
9.77965e+06
9.75385e+06
9.72798e+06
9.70239e+06
9.67745e+06
9.65348e+06
9.63077e+06
9.60956e+06
9.59007e+06
9.57247e+06
9.55686e+06
9.54337e+06
9.53205e+06
9.52295e+06
9.51611e+06
9.51153e+06
9.50925e+06
9.98315e+06
9.98154e+06
9.97831e+06
9.9734e+06
9.96675e+06
9.95831e+06
9.94803e+06
9.93591e+06
9.92196e+06
9.90626e+06
9.88893e+06
9.87016e+06
9.85015e+06
9.82918e+06
9.80755e+06
9.78557e+06
9.76356e+06
9.74185e+06
9.72074e+06
9.70051e+06
9.68142e+06
9.66371e+06
9.64755e+06
9.63312e+06
9.62054e+06
9.60992e+06
9.60134e+06
9.59486e+06
9.59051e+06
9.58833e+06
9.9887e+06
9.98755e+06
9.98523e+06
9.98168e+06
9.97685e+06
9.97066e+06
9.96304e+06
9.95396e+06
9.9434e+06
9.93136e+06
9.91792e+06
9.90317e+06
9.88726e+06
9.87039e+06
9.85278e+06
9.83467e+06
9.81633e+06
9.79804e+06
9.78006e+06
9.76266e+06
9.74609e+06
9.73057e+06
9.71629e+06
9.70345e+06
9.69218e+06
9.68261e+06
9.67484e+06
9.66895e+06
9.665e+06
9.66301e+06
9.99254e+06
9.99174e+06
9.9901e+06
9.9876e+06
9.98415e+06
9.97971e+06
9.97419e+06
9.96754e+06
9.95972e+06
9.95071e+06
9.94053e+06
9.92924e+06
9.91692e+06
9.90371e+06
9.88976e+06
9.87527e+06
9.86044e+06
9.84549e+06
9.83066e+06
9.81617e+06
9.80225e+06
9.7891e+06
9.77693e+06
9.7659e+06
9.75616e+06
9.74785e+06
9.74108e+06
9.73593e+06
9.73246e+06
9.73071e+06
9.99515e+06
9.9946e+06
9.99347e+06
9.99174e+06
9.98934e+06
9.98621e+06
9.9823e+06
9.97753e+06
9.97187e+06
9.96528e+06
9.95775e+06
9.94931e+06
9.94001e+06
9.92992e+06
9.91917e+06
9.90788e+06
9.89621e+06
9.88435e+06
9.87247e+06
9.86076e+06
9.84943e+06
9.83865e+06
9.82859e+06
9.81943e+06
9.8113e+06
9.80433e+06
9.79862e+06
9.79427e+06
9.79133e+06
9.78985e+06
9.9969e+06
9.99652e+06
9.99576e+06
9.99458e+06
9.99294e+06
9.99079e+06
9.98807e+06
9.98472e+06
9.98071e+06
9.97599e+06
9.97055e+06
9.96439e+06
9.95753e+06
9.95002e+06
9.94193e+06
9.93336e+06
9.92443e+06
9.91526e+06
9.90601e+06
9.89683e+06
9.88786e+06
9.87928e+06
9.87123e+06
9.86384e+06
9.85726e+06
9.85159e+06
9.84694e+06
9.84338e+06
9.84097e+06
9.83976e+06
9.99804e+06
9.9978e+06
9.99729e+06
9.99651e+06
9.9954e+06
9.99395e+06
9.99209e+06
9.98979e+06
9.98701e+06
9.9837e+06
9.97985e+06
9.97545e+06
9.97051e+06
9.96504e+06
9.95911e+06
9.95277e+06
9.9461e+06
9.9392e+06
9.93218e+06
9.92516e+06
9.91827e+06
9.91163e+06
9.90536e+06
9.89958e+06
9.89441e+06
9.88994e+06
9.88625e+06
9.88343e+06
9.88151e+06
9.88054e+06
9.99878e+06
9.99862e+06
9.9983e+06
9.99778e+06
9.99706e+06
9.99609e+06
9.99485e+06
9.9933e+06
9.9914e+06
9.98913e+06
9.98647e+06
9.98339e+06
9.9799e+06
9.97602e+06
9.97176e+06
9.96718e+06
9.96232e+06
9.95725e+06
9.95206e+06
9.94684e+06
9.94167e+06
9.93667e+06
9.93192e+06
9.92752e+06
9.92357e+06
9.92013e+06
9.9173e+06
9.91512e+06
9.91364e+06
9.91289e+06
9.99926e+06
9.99915e+06
9.99894e+06
9.99861e+06
9.99814e+06
9.99751e+06
9.9967e+06
9.99567e+06
9.99441e+06
9.99288e+06
9.99107e+06
9.98896e+06
9.98656e+06
9.98385e+06
9.98087e+06
9.97763e+06
9.97417e+06
9.97054e+06
9.96679e+06
9.96299e+06
9.95922e+06
9.95554e+06
9.95203e+06
9.94877e+06
9.94583e+06
9.94327e+06
9.94114e+06
9.93951e+06
9.93839e+06
9.93783e+06
9.99955e+06
9.99949e+06
9.99935e+06
9.99914e+06
9.99885e+06
9.99844e+06
9.99792e+06
9.99725e+06
9.99642e+06
9.99541e+06
9.99421e+06
9.9928e+06
9.99117e+06
9.98933e+06
9.98728e+06
9.98504e+06
9.98263e+06
9.98008e+06
9.97744e+06
9.97474e+06
9.97205e+06
9.96941e+06
9.96689e+06
9.96453e+06
9.96239e+06
9.96052e+06
9.95897e+06
9.95777e+06
9.95696e+06
9.95655e+06
9.99973e+06
9.99969e+06
9.99961e+06
9.99948e+06
9.99929e+06
9.99904e+06
9.99871e+06
9.99828e+06
9.99775e+06
9.99709e+06
9.99631e+06
9.99538e+06
9.9943e+06
9.99307e+06
9.99169e+06
9.99017e+06
9.98853e+06
9.98678e+06
9.98496e+06
9.98309e+06
9.98121e+06
9.97937e+06
9.97759e+06
9.97592e+06
9.9744e+06
9.97308e+06
9.97197e+06
9.97112e+06
9.97053e+06
9.97024e+06
9.99984e+06
9.99982e+06
9.99977e+06
9.99969e+06
9.99957e+06
9.99942e+06
9.99921e+06
9.99894e+06
9.99861e+06
9.99819e+06
9.99769e+06
9.99708e+06
9.99638e+06
9.99558e+06
9.99467e+06
9.99366e+06
9.99256e+06
9.99139e+06
9.99016e+06
9.98889e+06
9.98761e+06
9.98634e+06
9.98512e+06
9.98397e+06
9.98292e+06
9.98199e+06
9.98122e+06
9.98063e+06
9.98022e+06
9.98001e+06
9.99991e+06
9.99989e+06
9.99986e+06
9.99982e+06
9.99975e+06
9.99965e+06
9.99952e+06
9.99936e+06
9.99915e+06
9.99889e+06
9.99857e+06
9.99819e+06
9.99774e+06
9.99723e+06
9.99664e+06
9.99598e+06
9.99526e+06
9.99449e+06
9.99368e+06
9.99283e+06
9.99198e+06
9.99113e+06
9.9903e+06
9.98952e+06
9.98881e+06
9.98818e+06
9.98766e+06
9.98725e+06
9.98697e+06
9.98683e+06
9.99995e+06
9.99994e+06
9.99992e+06
9.99989e+06
9.99985e+06
9.99979e+06
9.99972e+06
9.99962e+06
9.99949e+06
9.99933e+06
9.99913e+06
9.9989e+06
9.99861e+06
9.99829e+06
9.99791e+06
9.9975e+06
9.99703e+06
9.99654e+06
9.99601e+06
9.99546e+06
9.9949e+06
9.99434e+06
9.99379e+06
9.99328e+06
9.99281e+06
9.99239e+06
9.99204e+06
9.99177e+06
9.99158e+06
9.99149e+06
9.99997e+06
9.99997e+06
9.99996e+06
9.99994e+06
9.99991e+06
9.99988e+06
9.99984e+06
9.99978e+06
9.9997e+06
9.9996e+06
9.99948e+06
9.99934e+06
9.99916e+06
9.99896e+06
9.99873e+06
9.99847e+06
9.99817e+06
9.99786e+06
9.99752e+06
9.99717e+06
9.99681e+06
9.99645e+06
9.9961e+06
9.99576e+06
9.99546e+06
9.99518e+06
9.99496e+06
9.99478e+06
9.99466e+06
9.99459e+06
9.99998e+06
9.99998e+06
9.99997e+06
9.99997e+06
9.99995e+06
9.99993e+06
9.99991e+06
9.99987e+06
9.99982e+06
9.99977e+06
9.99969e+06
9.99961e+06
9.9995e+06
9.99938e+06
9.99924e+06
9.99907e+06
9.99889e+06
9.9987e+06
9.99849e+06
9.99827e+06
9.99804e+06
9.99781e+06
9.99759e+06
9.99738e+06
9.99718e+06
9.99701e+06
9.99686e+06
9.99675e+06
9.99667e+06
9.99663e+06
9.99999e+06
9.99999e+06
9.99999e+06
9.99998e+06
9.99997e+06
9.99996e+06
9.99995e+06
9.99993e+06
9.9999e+06
9.99987e+06
9.99982e+06
9.99977e+06
9.99971e+06
9.99963e+06
9.99955e+06
9.99945e+06
9.99934e+06
9.99922e+06
9.99909e+06
9.99896e+06
9.99882e+06
9.99867e+06
9.99853e+06
9.9984e+06
9.99828e+06
9.99817e+06
9.99808e+06
9.99801e+06
9.99796e+06
9.99793e+06
1e+07
9.99999e+06
9.99999e+06
9.99999e+06
9.99998e+06
9.99998e+06
9.99997e+06
9.99996e+06
9.99994e+06
9.99992e+06
9.9999e+06
9.99987e+06
9.99983e+06
9.99979e+06
9.99974e+06
9.99968e+06
9.99961e+06
9.99954e+06
9.99946e+06
9.99938e+06
9.9993e+06
9.99921e+06
9.99912e+06
9.99904e+06
9.99897e+06
9.9989e+06
9.99884e+06
9.9988e+06
9.99877e+06
9.99875e+06
1e+07
1e+07
1e+07
9.99999e+06
9.99999e+06
9.99999e+06
9.99998e+06
9.99998e+06
9.99997e+06
9.99996e+06
9.99994e+06
9.99993e+06
9.9999e+06
9.99988e+06
9.99985e+06
9.99981e+06
9.99978e+06
9.99973e+06
9.99969e+06
9.99964e+06
9.99959e+06
9.99954e+06
9.99948e+06
9.99944e+06
9.99939e+06
9.99935e+06
9.99931e+06
9.99929e+06
9.99927e+06
9.99926e+06
1e+07
1e+07
1e+07
1e+07
1e+07
9.99999e+06
9.99999e+06
9.99999e+06
9.99998e+06
9.99998e+06
9.99997e+06
9.99996e+06
9.99995e+06
9.99993e+06
9.99991e+06
9.9999e+06
9.99987e+06
9.99985e+06
9.99982e+06
9.99979e+06
9.99976e+06
9.99973e+06
9.9997e+06
9.99967e+06
9.99965e+06
9.99962e+06
9.9996e+06
9.99958e+06
9.99957e+06
9.99957e+06
1e+07
1e+07
1e+07
1e+07
1e+07
1e+07
1e+07
9.99999e+06
9.99999e+06
9.99999e+06
9.99998e+06
9.99998e+06
9.99997e+06
9.99996e+06
9.99995e+06
9.99994e+06
9.99993e+06
9.99991e+06
9.9999e+06
9.99988e+06
9.99986e+06
9.99985e+06
9.99983e+06
9.99981e+06
9.9998e+06
9.99978e+06
9.99977e+06
9.99976e+06
9.99975e+06
9.99975e+06
1e+07
1e+07
1e+07
1e+07
1e+07
1e+07
1e+07
1e+07
9.99999e+06
9.99999e+06
9.99999e+06
9.99999e+06
9.99998e+06
9.99998e+06
9.99997e+06
9.99997e+06
9.99996e+06
9.99995e+06
9.99994e+06
9.99993e+06
9.99992e+06
9.99991e+06
9.9999e+06
9.99989e+06
9.99989e+06
9.99988e+06
9.99987e+06
9.99986e+06
9.99986e+06
9.99986e+06
1e+07
1e+07
1e+07
1e+07
1e+07
1e+07
1e+07
1e+07
1e+07
1e+07
9.99999e+06
9.99999e+06
9.99999e+06
9.99999e+06
9.99999e+06
9.99998e+06
9.99998e+06
9.99997e+06
9.99997e+06
9.99996e+06
9.99996e+06
9.99995e+06
9.99995e+06
9.99994e+06
9.99994e+06
9.99993e+06
9.99993e+06
9.99992e+06
9.99992e+06
9.99992e+06
1e+07
1e+07
1e+07
1e+07
1e+07
1e+07
1e+07
1e+07
1e+07
1e+07
1e+07
1e+07
1e+07
9.99999e+06
9.99999e+06
9.99999e+06
9.99999e+06
9.99999e+06
9.99998e+06
9.99998e+06
9.99998e+06
9.99997e+06
9.99997e+06
9.99997e+06
9.99997e+06
9.99996e+06
9.99996e+06
9.99996e+06
9.99996e+06
9.99996e+06
1e+07
1e+07
1e+07
1e+07
1e+07
1e+07
1e+07
1e+07
1e+07
1e+07
1e+07
1e+07
1e+07
1e+07
1e+07
9.99999e+06
9.99999e+06
9.99999e+06
9.99999e+06
9.99999e+06
9.99999e+06
9.99999e+06
9.99998e+06
9.99998e+06
9.99998e+06
9.99998e+06
9.99998e+06
9.99998e+06
9.99998e+06
9.99998e+06
1e+07
1e+07
1e+07
1e+07
1e+07
1e+07
1e+07
1e+07
1e+07
1e+07
1e+07
1e+07
1e+07
1e+07
1e+07
1e+07
1e+07
1e+07
1e+07
9.99999e+06
9.99999e+06
9.99999e+06
9.99999e+06
9.99999e+06
9.99999e+06
9.99999e+06
9.99999e+06
9.99999e+06
9.99999e+06
9.99999e+06
1e+07
1e+07
1e+07
1e+07
1e+07
1e+07
1e+07
1e+07
1e+07
1e+07
1e+07
1e+07
1e+07
1e+07
1e+07
1e+07
1e+07
1e+07
1e+07
1e+07
1e+07
1e+07
1e+07
1e+07
9.99999e+06
9.99999e+06
9.99999e+06
9.99999e+06
9.99999e+06
9.99999e+06
1e+07
1e+07
1e+07
1e+07
1e+07
1e+07
1e+07
1e+07
1e+07
1e+07
1e+07
1e+07
1e+07
1e+07
1e+07
1e+07
1e+07
1e+07
1e+07
1e+07
1e+07
1e+07
1e+07
1e+07
1e+07
1e+07
1e+07
1e+07
1e+07
1e+07
1e+07
1e+07
1e+07
1e+07
1e+07
1e+07
1e+07
1e+07
1e+07
1e+07
1e+07
1e+07
1e+07
1e+07
1e+07
1e+07
1e+07
1e+07
1e+07
1e+07
1e+07
1e+07
1e+07
1e+07
1e+07
1e+07
1e+07
1e+07
1e+07
1e+07
1e+07
1e+07
1e+07
1e+07
1e+07
1e+07
1e+07
1e+07
1e+07
1e+07
1e+07
1e+07
1e+07
1e+07
1e+07
1e+07
1e+07
1e+07
1e+07
1e+07
1e+07
1e+07
1e+07
1e+07
1e+07
1e+07
1e+07
1e+07
1e+07
1e+07
1e+07
1e+07
1e+07
1e+07
1e+07
1e+07
1e+07
1e+07
1e+07
1e+07
1e+07
1e+07
1e+07
1e+07
1e+07
1e+07
1e+07
1e+07
1e+07
1e+07
1e+07
1e+07
1e+07
1e+07
1e+07
1e+07
1e+07
1e+07
1e+07
1e+07
1e+07
1e+07
1e+07
1e+07
1e+07
1e+07
1e+07
1e+07
1e+07
1e+07
1e+07
1e+07
1e+07
1e+07
1e+07
1e+07
1e+07
1e+07
1e+07
1e+07
1e+07
1e+07
1e+07
1e+07
1e+07
1e+07
1e+07
1e+07
1e+07
1e+07
1e+07
1e+07
1e+07
1e+07
1e+07
1e+07
1e+07
1e+07
1e+07
1e+07
1e+07
1e+07
1e+07
1e+07
1e+07
1e+07
1e+07
1e+07
1e+07
1e+07
1e+07
1e+07
1e+07
1e+07
1e+07
1e+07
1e+07
1e+07
1e+07
1e+07
1e+07
1e+07
1e+07
1e+07
1e+07
1e+07
1e+07
1e+07
1e+07
1e+07
1e+07
1e+07
1e+07
1e+07
1e+07
1e+07
1e+07
1e+07
1e+07
1e+07
1e+07
1e+07
1e+07
1e+07
1e+07
1e+07
1e+07
1e+07
1e+07
1e+07
1e+07
1e+07
1e+07
1e+07
1e+07
1e+07
1e+07
1e+07
1e+07
1e+07
1e+07
1e+07
1e+07
1e+07
1e+07
1e+07
1e+07
1e+07
1e+07
1e+07
1e+07
1e+07
1e+07
1e+07
1e+07
1e+07
1e+07
1e+07
1e+07
1e+07
1e+07
1e+07
1e+07
1e+07
1e+07
1e+07
1e+07
1e+07
1e+07
1e+07
1e+07
1e+07
1e+07
1e+07
1e+07
1e+07
1e+07
1e+07
1e+07
1e+07
1e+07
1e+07
1e+07
1e+07
1e+07
1e+07
1e+07
1e+07
1e+07
1e+07
1e+07
1e+07
1e+07
1e+07
1e+07
1e+07
1e+07
1e+07
1e+07
1e+07
1e+07
1e+07
1e+07
1e+07
1e+07
1e+07
1e+07
1e+07
1e+07
1e+07
1e+07
1e+07
1e+07
1e+07
1e+07
1e+07
1e+07
1e+07
1e+07
1e+07
)
;

boundaryField
{
    outerWall
    {
        type            zeroGradient;
    }
    axis
    {
        type            symmetryPlane;
    }
    nozzle
    {
        type            fixedValue;
        value           uniform 0;
    }
    back
    {
        type            empty;
    }
    front
    {
        type            empty;
    }
}


// ************************************************************************* //
