/*--------------------------------*- C++ -*----------------------------------*\
| =========                 |                                                 |
| \\      /  F ield         | OpenFOAM: The Open Source CFD Toolbox           |
|  \\    /   O peration     | Version:  2412                                  |
|   \\  /    A nd           | Website:  www.openfoam.com                      |
|    \\/     M anipulation  |                                                 |
\*---------------------------------------------------------------------------*/
FoamFile
{
    version     2.0;
    format      ascii;
    arch        "LSB;label=32;scalar=64";
    class       surfaceScalarField;
    location    "0.000135";
    object      phi;
}
// * * * * * * * * * * * * * * * * * * * * * * * * * * * * * * * * * * * * * //

dimensions      [1 0 -1 0 0 0 0];

oriented        oriented;

internalField   nonuniform List<scalar> 
7275
(
-0.00199541
-0.00306676
-0.00400902
-0.00305775
-0.00600623
-0.00301523
-0.00783255
-0.00295912
-0.00926339
-0.00284484
-0.00999885
-0.00262793
-0.0097068
-0.00236127
-0.00816061
-0.00199732
-0.00516779
-0.00168797
-0.000896207
-0.00129756
0.00406748
-0.000947521
0.00988088
-0.000647954
0.0158972
-0.000382876
0.0216048
-0.000147226
0.0266313
7.40623e-05
0.030732
0.000316659
0.0337904
0.000601069
0.0357957
0.000955464
0.0368006
0.00139576
0.0368865
0.00193345
0.0361337
0.00257186
0.0346059
0.0033034
0.0323487
0.00410986
0.02939
0.00496799
0.0257608
0.00583573
0.0215039
0.00666826
0.0166865
0.00741676
0.0114051
0.00803365
0.00579003
0.00847432
0.00870415
-0.00199815
-0.00613512
-0.00399781
-0.00612272
-0.00596979
-0.00603661
-0.00777106
-0.00591023
-0.00914588
-0.00568721
-0.00984735
-0.00524336
-0.00955844
-0.0046839
-0.00793753
-0.00403047
-0.00496942
-0.00331643
-0.000772187
-0.00260137
0.00423809
-0.00190866
0.0100346
-0.00130822
0.0160331
-0.000779563
0.021735
-0.00031152
0.0267697
0.000129779
0.0308981
0.00061424
0.0339933
0.00119205
0.0360454
0.00190536
0.0371058
0.00279016
0.037247
0.00387583
0.0365453
0.00516315
0.035062
0.00663558
0.0328294
0.00826773
0.0298724
0.0100031
0.0262217
0.0117556
0.0219195
0.0134374
0.0170291
0.0149544
0.0116498
0.0162066
0.00591758
0.0171021
0.0175696
-0.00198006
-0.00922716
-0.00396153
-0.00919093
-0.00587609
-0.00907479
-0.00760099
-0.00886312
-0.00898144
-0.00841533
-0.00959
-0.00784411
-0.00919331
-0.00702148
-0.00750275
-0.00606514
-0.00454097
-0.00492975
-0.000428502
-0.00388055
0.00458059
-0.00287901
0.0103324
-0.00198545
0.0163015
-0.00121006
0.0219948
-0.000513197
0.0270488
0.000145965
0.0312231
0.000882471
0.0343977
0.00175421
0.0365508
0.00283533
0.0377192
0.00418216
0.0379733
0.0058294
0.0373781
0.00778336
0.0359721
0.01003
0.0337888
0.012513
0.0308447
0.0151533
0.0271577
0.0178268
0.0227629
0.0203986
0.0177244
0.0227242
0.0121465
0.0246487
0.00617668
0.026028
0.0267492
-0.00197172
-0.0123316
-0.00392151
-0.0122652
-0.00577132
-0.0121109
-0.00742193
-0.0117749
-0.00859308
-0.0112003
-0.00907681
-0.010406
-0.0085934
-0.00927658
-0.0069479
-0.00797417
-0.00393682
-0.00657624
0.000107716
-0.00517004
0.00508058
-0.00386898
0.0107832
-0.00270751
0.0167028
-0.00168463
0.0223824
-0.00076713
0.0274633
0.000107759
0.0317206
0.00109471
0.0350137
0.00227221
0.0373127
0.00373673
0.0386496
0.0055573
0.0390744
0.00778859
0.0386339
0.0104387
0.0373632
0.0134818
0.0352584
0.0168652
0.0323286
0.0204588
0.0285882
0.0240992
0.0240557
0.0276206
0.0187928
0.030817
0.012911
0.0334718
0.006576
0.0353809
0.0363817
-0.00194928
-0.0154519
-0.00384117
-0.0153565
-0.00562361
-0.0151193
-0.00713232
-0.014666
-0.00815463
-0.013937
-0.00852613
-0.0128777
-0.00789025
-0.0115083
-0.00612952
-0.00987975
-0.00310177
-0.00821236
0.000837897
-0.00643687
0.00574675
-0.00488459
0.0113601
-0.00346549
0.0172273
-0.00222905
0.0228952
-0.00109492
0.0280248
5.90115e-06
0.032385
0.0012336
0.0358433
0.00271868
0.0383478
0.00458211
0.0399102
0.00689816
0.0405662
0.00973527
0.0403439
0.0131066
0.0392411
0.0169944
0.0372484
0.0213191
0.034359
0.0259119
0.0305499
0.0305955
0.0258329
0.0351468
0.0202656
0.0392994
0.0139679
0.0427667
0.00712915
0.0452719
0.0465907
-0.00189679
-0.0185967
-0.00371635
-0.018455
-0.00536935
-0.0181271
-0.00674173
-0.0174951
-0.00757931
-0.0166105
-0.00776821
-0.0152879
-0.00700638
-0.0136635
-0.00515287
-0.0117775
-0.00217987
-0.00974352
0.00170213
-0.00775225
0.00654227
-0.00594231
0.0120753
-0.004298
0.0178735
-0.00285312
0.023536
-0.00152059
0.0287288
-0.000200503
0.0332265
0.00127592
0.0368931
0.00307301
0.0396573
0.00534266
0.0415094
0.00817025
0.0424625
0.0116326
0.042518
0.015752
0.0416465
0.0205205
0.03981
0.0258358
0.0369717
0.0314951
0.0330848
0.037305
0.0281401
0.0429882
0.0221866
0.0482104
0.0153522
0.0526026
0.00785604
0.0557975
0.0574896
-0.00183517
-0.0217386
-0.00356883
-0.0215354
-0.0050936
-0.0210931
-0.00622511
-0.0203315
-0.00686767
-0.0191974
-0.00684961
-0.0176197
-0.00593455
-0.0157517
-0.00401546
-0.0136194
-0.00104698
-0.0112606
0.00271744
-0.00906774
0.00746906
-0.00704914
0.0128957
-0.00520728
0.0186247
-0.00357964
0.0242922
-0.00206811
0.029575
-0.000537457
0.0342555
0.00117383
0.0381747
0.00329829
0.0412528
0.00597795
0.0434612
0.00932297
0.044787
0.013418
0.0451828
0.0183178
0.0445974
0.024
0.042971
0.0303429
0.040214
0.0371454
0.0362489
0.0441823
0.0310387
0.0511246
0.0246161
0.0575642
0.0171135
0.0630341
0.00878543
0.0670497
0.0691956
-0.00173593
-0.0248657
-0.00334859
-0.0245847
-0.00469436
-0.024023
-0.00563038
-0.0230811
-0.0060518
-0.0217044
-0.00579346
-0.0198923
-0.00472331
-0.0177722
-0.00277631
-0.0153219
0.000111554
-0.0128258
0.00386556
-0.0104266
0.00851031
-0.00821248
0.0138209
-0.00620963
0.0194814
-0.00442899
0.0251639
-0.00275868
0.030569
-0.00103813
0.0354544
0.000914667
0.0396792
0.0033556
0.0431435
0.0064288
0.0457803
0.0102926
0.0475368
0.0150311
0.0483552
0.0207082
0.048134
0.0273283
0.0467746
0.0347429
0.0441414
0.0427661
0.0401125
0.0511455
0.0346095
0.0595046
0.0276364
0.0673547
0.0193217
0.0741111
0.00995892
0.0791327
0.0818522
-0.00160423
-0.0279451
-0.00303854
-0.0276051
-0.00419405
-0.0268737
-0.00488535
-0.0257514
-0.00508477
-0.0241142
-0.00459039
-0.0220883
-0.00339441
-0.0196792
-0.00131923
-0.0170425
0.00143188
-0.0143521
0.00511295
-0.0118139
0.0096405
-0.00945307
0.0148312
-0.00732485
0.0204297
-0.00542412
0.0261446
-0.00361877
0.0316865
-0.00171675
0.0368311
0.000444092
0.0414267
0.00318361
0.0453255
0.00664967
0.0484556
0.0110088
0.0507307
0.0163689
0.0520484
0.0228184
0.052277
0.0303776
0.0512634
0.0388996
0.0488188
0.0482211
0.0447633
0.0580755
0.0389587
0.0680465
0.03136
0.0775603
0.0220751
0.0858909
0.0114371
0.0921838
0.0956594
-0.00140805
-0.0309653
-0.00265931
-0.0305265
-0.00355297
-0.0296586
-0.00403274
-0.0282875
-0.00392956
-0.0264592
-0.00326826
-0.0241559
-0.00191951
-0.0215119
8.46189e-05
-0.018698
0.00284641
-0.0159204
0.00644313
-0.0132464
0.0108378
-0.0107844
0.0159122
-0.00857709
0.0214495
-0.00657897
0.0272125
-0.00467144
0.0329452
-0.00263241
0.0383827
-0.000240396
0.0433793
0.00274639
0.0477868
0.00656035
0.0514916
0.0113725
0.0543595
0.0173295
0.0562761
0.0245101
0.057049
0.0329999
0.0564828
0.0426438
0.0543215
0.0533367
0.0503103
0.0648142
0.0442254
0.0766369
0.0359414
0.0881461
0.0255142
0.0984502
0.0133099
0.106399
0.110916
-0.0011713
-0.0338747
-0.0021566
-0.0333474
-0.00280252
-0.0323088
-0.00300268
-0.0307138
-0.00270364
-0.028616
-0.00184716
-0.0261145
-0.000393356
-0.0233041
0.00161913
-0.0203851
0.00434403
-0.0174923
0.00783102
-0.0147388
0.0120826
-0.0122242
0.0170343
-0.00997677
0.0225404
-0.00793332
0.0283753
-0.00594542
0.0342955
-0.00378591
0.0400851
-0.00123592
0.0455428
0.00196632
0.0505176
0.00608511
0.0548503
0.0113043
0.0584121
0.0177755
0.0610183
0.0256424
0.0624669
0.035001
0.0624766
0.0457739
0.0607344
0.0578972
0.0568881
0.0711574
0.0505926
0.085122
0.0415946
0.0990586
0.0298427
0.111892
0.0157141
0.122058
0.128079
-0.000878184
-0.0366177
-0.00157046
-0.0360096
-0.00193512
-0.034776
-0.00186258
-0.0329857
-0.00131206
-0.0306716
-0.000297229
-0.0279866
0.00119503
-0.0250646
0.00323622
-0.0220488
0.00589158
-0.0190862
0.00924902
-0.0163115
0.0133531
-0.0137927
0.0181923
-0.0115472
0.0236656
-0.00949171
0.0295914
-0.00746301
0.0357567
-0.0052373
0.0419208
-0.00256413
0.0478711
0.000798796
0.0534689
0.00515134
0.0585171
0.0106834
0.0628491
0.0175872
0.0662702
0.0260314
0.0685199
0.036186
0.0692794
0.0480423
0.0681498
0.0616342
0.0646606
0.0768401
0.0583004
0.0932876
0.0486174
0.110207
0.0353588
0.126343
0.0188617
0.139556
0.147843
-0.000530875
-0.0391331
-0.000892702
-0.038435
-0.000932598
-0.0370576
-0.000578481
-0.0350849
0.000152398
-0.0326134
0.00130906
-0.0297942
0.00287977
-0.0267728
0.00489854
-0.0236978
0.00745497
-0.0207255
0.0106701
-0.0179872
0.0146231
-0.0155064
0.0193568
-0.0133048
0.0248172
-0.0112776
0.0308569
-0.0092493
0.0372748
-0.00699821
0.0438458
-0.00426559
0.0503399
-0.000786896
0.0566019
0.00368576
0.0624279
0.00941228
0.0676278
0.0166204
0.0719711
0.0255118
0.0752
0.0363122
0.0769196
0.0491744
0.0766655
0.0642246
0.0738234
0.0815173
0.0676601
0.100825
0.0574241
0.121419
0.0425071
0.141922
0.023089
0.159419
0.171265
-0.000129699
-0.0413616
-0.000131519
-0.040592
0.00014621
-0.0391086
0.000760029
-0.0370048
0.00171951
-0.0344162
0.00300158
-0.0314989
0.00460552
-0.028433
0.00656966
-0.0253578
0.00900703
-0.0224358
0.0120635
-0.0197793
0.0158687
-0.0173838
0.0205064
-0.0152647
0.0259686
-0.0133066
0.0321357
-0.0113191
0.0388288
-0.00909633
0.045826
-0.0063727
0.0529039
-0.00288311
0.059855
0.00161005
0.0665088
0.00740746
0.0726626
0.0147422
0.0780681
0.0238954
0.0824445
0.0351663
0.0853962
0.0488566
0.08637
0.0652791
0.0845974
0.0847355
0.0790654
0.107275
0.0685877
0.132367
0.0519564
0.158675
0.0289397
0.182318
0.199964
0.000285149
-0.0432472
0.000695313
-0.0424336
0.00132962
-0.0408837
0.0022178
-0.0386963
0.00336049
-0.0360475
0.00473405
-0.0331052
0.0063271
-0.0300532
0.00821434
-0.0270558
0.0105171
-0.0242384
0.0134077
-0.0217025
0.0170691
-0.0194387
0.0216215
-0.0174393
0.0270923
-0.0155846
0.0334001
-0.0136865
0.0403779
-0.0115476
0.0478121
-0.00890906
0.0554813
-0.00551143
0.0631523
-0.001099
0.0706877
0.00458859
0.0778471
0.0118558
0.0844363
0.0210229
0.0901833
0.0324944
0.094674
0.046758
0.0973216
0.0643362
0.09721
0.0858951
0.0929958
0.111949
0.082891
0.142439
0.064737
0.176415
0.0373374
0.209043
0.236492
0.000744321
-0.0447206
0.00157672
-0.0438911
0.00256911
-0.0423323
0.0037203
-0.0401289
0.00502114
-0.0374979
0.00645083
-0.0346125
0.00801543
-0.0316569
0.00980291
-0.0288049
0.0119572
-0.0261444
0.0146814
-0.0237691
0.0182036
-0.0216783
0.0226742
-0.0198291
0.0281689
-0.018124
0.0346173
-0.0163526
0.0418793
-0.0143592
0.049746
-0.0118863
0.0579995
-0.00869097
0.0664192
-0.00451155
0.0748223
0.000869042
0.0830633
0.00782938
0.0909547
0.016731
0.0982579
0.0280717
0.104639
0.0425002
0.109508
0.060837
0.111853
0.0842046
0.109995
0.113821
0.101365
0.150549
0.0823687
0.194478
0.0496441
0.240548
0.284765
0.00121187
-0.045723
0.00247247
-0.0449146
0.00380722
-0.0434019
0.00521061
-0.041277
0.00665275
-0.0387576
0.00811841
-0.0360216
0.00963809
-0.033252
0.0112935
-0.0305923
0.0132938
-0.0281587
0.0158643
-0.0259925
0.0192549
-0.0241042
0.0236577
-0.0224402
0.0291612
-0.0209041
0.0357514
-0.0193194
0.0432874
-0.0175303
0.0515676
-0.015303
0.0603801
-0.0124212
0.0695251
-0.00863446
0.078801
-0.00368936
0.0881548
0.00268374
0.0973961
0.0109663
0.106462
0.0216721
0.11509
0.0357115
0.122794
0.0541616
0.128611
0.0786593
0.130624
0.111398
0.125427
0.15477
0.107833
0.21065
0.0695339
0.277107
0.352372
0.0016678
-0.0462174
0.00334005
-0.0454657
0.0050031
-0.044063
0.00663822
-0.0421125
0.00820167
-0.0398059
0.00968314
-0.0373161
0.011134
-0.0348184
0.0126682
-0.0324271
0.0145192
-0.0302771
0.0169345
-0.0283567
0.0201974
-0.0267031
0.0245334
-0.0252584
0.0300637
-0.0239336
0.0367788
-0.0225697
0.0445532
-0.0210347
0.0532035
-0.0191342
0.0625444
-0.016696
0.072353
-0.0134359
0.0825168
-0.00918397
0.0928802
-0.00361884
0.10355
0.00365761
0.114479
0.0132291
0.125643
0.0261321
0.13682
0.043693
0.147287
0.0681044
0.155116
0.102777
0.155713
0.152784
0.140544
0.223947
0.0949411
0.320467
0.444828
0.00208575
-0.0461846
0.00413758
-0.0455284
0.0061076
-0.0443052
0.00794859
-0.0426127
0.00961287
-0.0406173
0.0111064
-0.0384801
0.0124742
-0.0363229
0.0138956
-0.0342921
0.0155895
-0.0324603
0.0178691
-0.0308476
0.021022
-0.0294615
0.0252923
-0.0282597
0.0308366
-0.0271847
0.0376518
-0.0260751
0.0456395
-0.0248554
0.0546201
-0.0233579
0.0643809
-0.0214308
0.0747846
-0.0188728
0.0857092
-0.0155015
0.0971268
-0.0110447
0.109081
-0.00513042
0.121893
0.00275566
0.13576
0.0136122
0.150976
0.0289071
0.167471
0.0512068
0.184589
0.0845295
0.199572
0.136048
0.205043
0.216193
0.158587
0.364216
0.600383
0.00245484
-0.0456408
0.00483475
-0.0451076
0.00706416
-0.0441197
0.00908473
-0.042769
0.0108379
-0.0411742
0.0123142
-0.0394586
0.0136218
-0.0377479
0.0149302
-0.0361362
0.0165005
-0.0346861
0.0186547
-0.0334203
0.021707
-0.0323401
0.0259219
-0.0314167
0.0314542
-0.0306067
0.0383484
-0.0298047
0.0464957
-0.0289425
0.0557253
-0.0279074
0.0658437
-0.0265839
0.0767136
-0.0248377
0.0882679
-0.0225286
0.100542
-0.0194298
0.113754
-0.0152936
0.128232
-0.00966407
0.144663
-0.00168424
0.163929
0.00984334
0.186828
0.0276498
0.213538
0.0564084
0.239636
0.107878
0.257123
0.196037
0.204715
0.413427
0.801458
0.00217551
-0.0448633
0.00427292
-0.0444485
0.0062102
-0.0436798
0.00792374
-0.0426393
0.0093677
-0.0414131
0.0105527
-0.0401003
0.0115524
-0.0387866
0.0125337
-0.03756
0.0137149
-0.036454
0.0153645
-0.0354976
0.0177434
-0.0346893
0.0210737
-0.0340128
0.0254905
-0.0334396
0.0310325
-0.0329048
0.0376228
-0.0323585
0.045127
-0.0317285
0.0533968
-0.030936
0.0623378
-0.0299104
0.0718845
-0.0285187
0.0821434
-0.0266586
0.093361
-0.0241584
0.105956
-0.0206804
0.120771
-0.0157083
0.13903
-0.00839122
0.162972
0.00303654
0.196479
0.0216114
0.248541
0.0539729
0.331916
0.110283
0.511189
0.231212
0.451374
0.857715
0.00231755
-0.0438102
0.00454834
-0.0435294
0.00658943
-0.0429959
0.00837433
-0.042295
0.0098514
-0.0414688
0.011029
-0.0405886
0.012
-0.039714
0.0129294
-0.0389002
0.0140599
-0.0381768
0.0156575
-0.037556
0.0179901
-0.0370442
0.0212846
-0.0366357
0.0256836
-0.0363201
0.0312323
-0.0360741
0.037854
-0.0358634
0.0454176
-0.0356621
0.0537821
-0.0354345
0.0628358
-0.0351495
0.0725675
-0.0347527
0.0830789
-0.0342092
0.0946402
-0.0334483
0.107803
-0.0323432
0.123525
-0.03073
0.143315
-0.0282475
0.169787
-0.0242037
0.207284
-0.0172826
0.264575
-0.00528357
0.356682
0.0156523
0.532146
0.0526054
0.119537
0.860098
0.00241449
-0.0425245
0.00473464
-0.0423836
0.00684841
-0.0420957
0.00867907
-0.0417459
0.0101761
-0.041338
0.0113504
-0.0409133
0.0122971
-0.0405006
0.0131939
-0.040128
0.0142847
-0.0398101
0.0158431
-0.0395515
0.0181372
-0.0393596
0.0213989
-0.0392432
0.0257765
-0.0392091
0.0313081
-0.0392638
0.0379279
-0.0394088
0.0455021
-0.0396527
0.0538892
-0.0400053
0.0629841
-0.040483
0.0727723
-0.0410997
0.0833619
-0.0418985
0.0950483
-0.0429323
0.108417
-0.0442895
0.124466
-0.046153
0.144916
-0.0488323
0.172819
-0.0529439
0.213705
-0.0596338
0.27792
-0.0715306
0.382342
-0.0913636
0.555771
-0.124017
-0.188515
0.859869
0.00246451
-0.0410563
0.004827
-0.0410511
0.00698183
-0.0410158
0.00883309
-0.0410103
0.0103372
-0.0410251
0.0115052
-0.0410623
0.0124351
-0.0411225
0.0133104
-0.041207
0.0143781
-0.0413131
0.0159124
-0.0414381
0.0181795
-0.0415883
0.0214108
-0.0417847
0.0257569
-0.0420528
0.0312556
-0.0424252
0.0378393
-0.0429378
0.0453737
-0.0436355
0.053715
-0.0445715
0.0627569
-0.0458102
0.0724783
-0.0474289
0.0829805
-0.0495487
0.0945448
-0.0523423
0.10772
-0.0560939
0.123452
-0.0613106
0.143329
-0.06889
0.170021
-0.0805111
0.208027
-0.0991334
0.2658
-0.131359
0.359003
-0.187176
0.537687
-0.305925
-0.523261
0.868472
0.00246779
-0.0394611
0.00482764
-0.0395798
0.00698934
-0.0397968
0.00883454
-0.0401122
0.010332
-0.0405407
0.01149
-0.0410306
0.0124088
-0.0415604
0.0132741
-0.0421052
0.0143338
-0.042645
0.0158578
-0.0431674
0.0181083
-0.0436779
0.021313
-0.0442058
0.0256217
-0.0447943
0.0310691
-0.0454983
0.0375853
-0.0463874
0.0450326
-0.0475402
0.0532631
-0.049051
0.0621639
-0.0510296
0.0717009
-0.0536093
0.0819524
-0.0569805
0.0931569
-0.0614178
0.105778
-0.0673636
0.120603
-0.0755767
0.138926
-0.0874029
0.162946
-0.105403
0.19658
-0.134246
0.249177
-0.185981
0.333882
-0.274428
0.518806
-0.493956
0.876516
-0.884657
0.826466
0.0285635
0.83591
-0.0126898
0.843184
-0.0109572
0.845269
-0.00617801
0.843652
-0.00286527
0.840109
-0.00129757
0.835547
-0.000601987
0.830388
-0.00028514
0.824856
-0.000137089
0.819094
-6.69623e-05
0.813214
-3.32036e-05
0.807314
-1.6648e-05
0.801492
-8.83843e-06
0.795838
-5.14005e-06
0.790442
-3.28989e-06
0.785382
-2.41457e-06
0.780729
-1.86183e-06
0.776538
-1.37505e-06
0.772853
-8.83038e-07
0.769706
-4.23519e-07
0.767118
-9.72449e-08
0.765101
9.79621e-08
0.763658
1.67047e-07
0.762791
1.41116e-07
7.69111e-08
0.893316
-0.00754706
0.880851
-0.00353249
0.867166
-0.000990403
0.856977
-0.000104739
0.849342
0.000275398
0.842911
0.000284569
0.83695
0.000189831
0.831105
0.000113293
0.825232
6.43191e-05
0.819299
3.55122e-05
0.813332
1.92054e-05
0.807389
9.88212e-06
0.801544
4.49124e-06
0.795879
1.11785e-06
0.790477
-4.82221e-07
0.785415
-1.55153e-06
0.78076
-1.96001e-06
0.776569
-1.78544e-06
0.772884
-1.32228e-06
0.769737
-7.60221e-07
0.767149
-2.94571e-07
0.765131
2.32304e-09
0.763688
1.28451e-07
0.762821
1.27416e-07
6.18431e-08
0.85223
-0.00269593
0.84927
-0.0038318
0.847946
-0.00335883
0.846082
-0.00233684
0.843404
-0.00152743
0.839743
-0.000896201
0.835277
-0.000511598
0.830226
-0.000283116
0.824772
-0.00015367
0.819058
-8.2183e-05
0.813206
-4.37917e-05
0.807322
-2.35815e-05
0.801508
-1.33938e-05
0.79586
-8.48996e-06
0.790467
-5.81275e-06
0.78541
-4.38771e-06
0.780758
-3.46637e-06
0.776568
-2.63323e-06
0.772884
-1.82345e-06
0.769737
-1.07838e-06
0.767149
-5.09007e-07
0.765131
-1.41622e-07
0.763688
1.82775e-08
0.762821
5.53942e-08
1.51976e-08
0.900682
-0.0378534
0.885326
0.0081973
0.869442
0.00879614
0.858082
0.00490502
0.849831
0.00222634
0.843169
0.000914534
0.837089
0.000394448
0.83118
0.000175027
0.825272
7.93179e-05
0.81932
3.68335e-05
0.813343
1.72581e-05
0.807394
7.89462e-06
0.801546
3.17784e-06
0.79588
5.21032e-07
0.790477
-5.713e-07
0.785416
-1.24149e-06
0.780761
-1.47106e-06
0.77657
-1.34716e-06
0.772885
-1.03912e-06
0.769738
-6.89236e-07
0.767149
-3.83632e-07
0.765132
-1.75103e-07
0.763688
-6.59921e-08
0.762821
-2.3418e-08
-2.9081e-08
0.835926
0.840859
0.845958
0.846765
0.844506
0.840574
0.835798
0.830523
0.824928
0.819132
0.813232
0.807322
0.801494
0.795838
0.790442
0.785383
0.780731
0.77654
0.772855
0.769708
0.767119
0.765101
0.763658
0.762791
0.00305423
-0.0373441
0.00597704
-0.0376038
0.00865662
-0.0381094
0.0109498
-0.0387972
0.0128099
-0.0397086
0.0142503
-0.040735
0.0153999
-0.0418324
0.0164924
-0.0429444
0.0178378
-0.0440294
0.0197668
-0.0450614
0.0225999
-0.0460435
0.026616
-0.0470102
0.0319972
-0.0480232
0.0387829
-0.0491623
0.0468755
-0.0505318
0.0560954
-0.0522516
0.0662465
-0.0544613
0.077172
-0.05732
0.0888009
-0.0610192
0.101183
-0.0658152
0.114525
-0.072071
0.129235
-0.0803478
0.145947
-0.09155
0.165521
-0.107171
0.188819
-0.129737
0.216203
-0.163414
0.243112
-0.215338
0.261349
-0.295703
0.207622
-0.44379
-0.681009
0.00290022
-0.0352295
0.00568475
-0.0356085
0.00823555
-0.0363443
0.0104429
-0.0373609
0.0122303
-0.0386758
0.0136299
-0.0401766
0.0147675
-0.0417853
0.015872
-0.0434204
0.017245
-0.0450221
0.0192005
-0.0465506
0.0220404
-0.0480035
0.0260288
-0.0494174
0.0313349
-0.0508649
0.0379871
-0.0524465
0.0458747
-0.0542915
0.0548082
-0.0565563
0.0645787
-0.0594157
0.0750093
-0.0630673
0.0859912
-0.0677426
0.0975053
-0.0737364
0.109639
-0.0814511
0.122588
-0.0914811
0.136626
-0.104735
0.152019
-0.122624
0.168767
-0.147368
0.186103
-0.182355
0.201182
-0.232647
0.206709
-0.303984
0.160052
-0.400301
-0.524427
0.00268059
-0.0332287
0.00525955
-0.0336924
0.0076289
-0.0346002
0.00970514
-0.0358883
0.0113759
-0.0374985
0.0127161
-0.0393999
0.0138346
-0.0414368
0.0149549
-0.0435262
0.0163667
-0.0455906
0.0183632
-0.0475781
0.0212231
-0.0494787
0.0251905
-0.0513279
0.0304174
-0.053203
0.036915
-0.0552183
0.0445587
-0.0575219
0.0531448
-0.0602957
0.0624519
-0.0637411
0.0722824
-0.0680809
0.0824901
-0.0735688
0.0929892
-0.0805119
0.103753
-0.0893101
0.11479
-0.100523
0.126075
-0.114958
0.137398
-0.133779
0.148025
-0.15863
0.156006
-0.191668
0.156698
-0.235261
0.141512
-0.291204
0.0956034
-0.357165
-0.431831
0.00240969
-0.0314304
0.00473311
-0.0319471
0.00687325
-0.0329669
0.0087574
-0.0344464
0.0102985
-0.0362741
0.0115545
-0.0384649
0.0126408
-0.0408297
0.0137721
-0.0432831
0.0152248
-0.0457336
0.0172684
-0.0481184
0.0201553
-0.0504194
0.0241054
-0.0526685
0.0292498
-0.0549432
0.035578
-0.0573645
0.0429489
-0.0600934
0.0511433
-0.0633254
0.0599281
-0.0672807
0.0690881
-0.0721937
0.0784449
-0.0783234
0.0878562
-0.0859681
0.0972025
-0.0954944
0.106348
-0.107385
0.115061
-0.122288
0.122867
-0.141067
0.128771
-0.164803
0.130845
-0.194688
0.125627
-0.231554
0.107878
-0.275418
0.0695163
-0.321092
-0.364794
0.0021071
-0.0299011
0.00414049
-0.0304493
0.00601983
-0.0315298
0.00767162
-0.0331103
0.00906229
-0.0350895
0.010203
-0.03744
0.0112382
-0.0400293
0.0123677
-0.0427409
0.0138549
-0.0454825
0.0159435
-0.0481816
0.0188574
-0.0508126
0.0227904
-0.0534022
0.0278483
-0.0560252
0.0339967
-0.0588038
0.0410744
-0.061905
0.0488488
-0.0655303
0.0570756
-0.0699076
0.0655272
-0.0752724
0.0740018
-0.0818754
0.0823158
-0.08999
0.0902838
-0.0999305
0.0976751
-0.112081
0.10414
-0.126918
0.109087
-0.145012
0.111501
-0.166976
0.109697
-0.193303
0.10109
-0.223913
0.0820968
-0.25782
0.0494705
-0.290165
-0.317188
0.00178984
-0.0286901
0.00351278
-0.0292512
0.00510714
-0.0303526
0.00651395
-0.0319635
0.00772262
-0.0340088
0.00872264
-0.0363982
0.0096877
-0.0391174
0.0107965
-0.0419739
0.0123048
-0.0448998
0.0144291
-0.0478138
0.0173639
-0.0506846
0.0212752
-0.0535336
0.0262415
-0.0564311
0.032202
-0.0594969
0.038974
-0.062898
0.0463131
-0.0668367
0.0539657
-0.0715367
0.0616985
-0.0772285
0.0692961
-0.0841431
0.0765503
-0.092519
0.0832371
-0.10261
0.0890751
-0.114697
0.0936657
-0.129096
0.0964076
-0.146129
0.0963872
-0.166057
0.0922634
-0.188917
0.0822524
-0.214167
0.0642141
-0.240458
0.0370115
-0.263923
-0.281287
0.00146583
-0.027829
0.00287897
-0.0283877
0.0041805
-0.0294738
0.00531876
-0.0310507
0.00631503
-0.0330817
0.00717884
-0.0354409
0.00805248
-0.0381766
0.00911998
-0.0410706
0.0106316
-0.0440718
0.0127773
-0.0470926
0.0157215
-0.0500995
0.0196025
-0.0531101
0.0244701
-0.0561896
0.0302357
-0.0594533
0.0366952
-0.0630645
0.0435929
-0.0672212
0.0506713
-0.0721363
0.0576959
-0.0780276
0.0644482
-0.0851007
0.0707114
-0.0935539
0.076246
-0.103579
0.0807558
-0.115362
0.083842
-0.129081
0.0849511
-0.144867
0.0833198
-0.162734
0.0779425
-0.182449
0.0676456
-0.203281
0.0512405
-0.223852
0.0285286
-0.241278
-0.252963
0.00114673
-0.0273343
0.00225483
-0.0278695
0.00326961
-0.0289064
0.00415628
-0.0304193
0.00491367
-0.0323549
0.00565158
-0.034661
0.00639346
-0.0372641
0.0074016
-0.0401235
0.00889766
-0.043097
0.0110477
-0.0461175
0.0139865
-0.0491518
0.0178257
-0.0522167
0.0225857
-0.0553732
0.0281497
-0.0587319
0.0342932
-0.0624502
0.0407507
-0.0667177
0.0472662
-0.0717338
0.0536079
-0.0776959
0.0595639
-0.0847833
0.0649217
-0.0931522
0.0694458
-0.102937
0.0728493
-0.114243
0.0747636
-0.127136
0.0747099
-0.141609
0.0720815
-0.157519
0.0661568
-0.174489
0.056198
-0.191751
0.0416132
-0.208058
0.0226001
-0.221303
-0.229528
0.000842347
-0.0272003
0.00164724
-0.0276855
0.00238324
-0.0286494
0.00301535
-0.0300641
0.0035823
-0.0319016
0.00412591
-0.0340594
0.00476469
-0.036494
0.00569882
-0.0392243
0.00716445
-0.0420784
0.00930272
-0.0449989
0.0122208
-0.0479555
0.0160051
-0.0509664
0.0206475
-0.0540908
0.0260034
-0.0574351
0.0318294
-0.0611504
0.0378533
-0.0654159
0.0438237
-0.0704158
0.0495171
-0.0763222
0.0547353
-0.0832892
0.0592802
-0.0914321
0.0629334
-0.100835
0.0654336
-0.111538
0.0664578
-0.123524
0.0656097
-0.136691
0.0624242
-0.150803
0.0564014
-0.165423
0.0471009
-0.179822
0.0342827
-0.192937
0.0182915
-0.203233
-0.209271
0.000557955
-0.0273964
0.00108987
-0.0278304
0.00156384
-0.0287055
0.00196488
-0.0300056
0.00231324
-0.031679
0.00268566
-0.0336866
0.00323276
-0.0359372
0.00406505
-0.0384348
0.00548968
-0.041113
0.00760286
-0.0438466
0.0104865
-0.0466306
0.0142036
-0.049487
0.0187186
-0.0524747
0.0238602
-0.0556975
0.0293685
-0.0593009
0.0349686
-0.063453
0.0404156
-0.0683211
0.045501
-0.0740532
0.0500432
-0.0807759
0.0538662
-0.0885697
0.0567776
-0.0974768
0.0585507
-0.107486
0.0589137
-0.118523
0.0575495
-0.130425
0.0541116
-0.14291
0.0482646
-0.155531
0.0397643
-0.167631
0.0285675
-0.17833
0.0150521
-0.186501
-0.191102
0.000309899
-0.0278917
0.000596598
-0.0282832
0.000821763
-0.0290574
0.000980889
-0.0302121
0.00113855
-0.031722
0.00137147
-0.033547
0.00180096
-0.0356035
0.00254043
-0.0378208
0.00392282
-0.0402764
0.00600253
-0.0427558
0.00884112
-0.0452903
0.0124811
-0.0479064
0.0168604
-0.0506654
0.0217826
-0.0536704
0.0269747
-0.0570624
0.0321624
-0.0609986
0.0371109
-0.0656292
0.0416298
-0.0710801
0.0455572
-0.0774494
0.0487439
-0.0847903
0.0510279
-0.09311
0.0522208
-0.102361
0.052102
-0.112431
0.050425
-0.123125
0.0469381
-0.134142
0.0414238
-0.145057
0.0337628
-0.155293
0.0240148
-0.164131
0.0125413
-0.170736
-0.17435
9.07079e-05
-0.0286419
0.000140857
-0.0289854
0.000144089
-0.0296712
0.000135487
-0.030701
0.000126652
-0.032032
0.00018528
-0.033642
0.00048807
-0.0354658
0.00117351
-0.0374611
0.00250126
-0.0396015
0.00454614
-0.0417979
0.00733408
-0.0440287
0.0108906
-0.0463393
0.0151282
-0.0487965
0.0198277
-0.051505
0.0247066
-0.0546028
0.029495
-0.0582369
0.0339713
-0.0625409
0.0379647
-0.0676207
0.0413361
-0.0735469
0.0439642
-0.0803523
0.0457191
-0.0880156
0.0464509
-0.0964655
0.045987
-0.105567
0.044141
-0.115111
0.0407344
-0.124802
0.0356322
-0.134247
0.028792
-0.142948
0.0203213
-0.150322
0.0105448
-0.15574
-0.158648
-8.74744e-05
-0.0295876
-0.000203671
-0.0298917
-0.000364563
-0.0304966
-0.000554307
-0.0314084
-0.000739476
-0.0325681
-0.000812983
-0.0339895
-0.000634756
-0.0355941
-3.28085e-05
-0.0373277
0.00124529
-0.0391342
0.00326478
-0.0410328
0.00600273
-0.0429168
0.00947393
-0.0448775
0.0135672
-0.046982
0.0180431
-0.0493376
0.0226136
-0.0520804
0.0270173
-0.055348
0.0310485
-0.0592581
0.0345559
-0.0638979
0.0374266
-0.0693161
0.0395654
-0.0755258
0.0408742
-0.0824866
0.0412398
-0.0901119
0.0405323
-0.0982567
0.038615
-0.106712
0.0353652
-0.115198
0.030704
-0.12336
0.0246347
-0.130776
0.017281
-0.136971
0.00892503
-0.141463
-0.143842
-0.000252011
-0.0306835
-0.000534087
-0.0309551
-0.000857917
-0.0314937
-0.00121014
-0.0322997
-0.00152434
-0.0333264
-0.00171672
-0.0345591
-0.0016434
-0.0359386
-0.00108329
-0.0374253
0.00019264
-0.0389024
0.00218212
-0.0404803
0.0048724
-0.0419988
0.0082605
-0.0435855
0.01221
-0.0453083
0.0164636
-0.0472781
0.0207327
-0.0496295
0.0247678
-0.0524908
0.0283808
-0.0559649
0.0314415
-0.0601215
0.0338622
-0.0649917
0.0355726
-0.0705708
0.0365051
-0.0768072
0.0365791
-0.083605
0.0357017
-0.0908183
0.0337768
-0.0982469
0.0307231
-0.105634
0.0264999
-0.112667
0.0211352
-0.118987
0.0147526
-0.124209
0.00759177
-0.127958
-0.129926
-0.000400257
-0.0318978
-0.000831629
-0.0321432
-0.00130036
-0.0326289
-0.00179356
-0.0333415
-0.00223326
-0.0342509
-0.0025337
-0.0353019
-0.00250244
-0.0364987
-0.00196747
-0.0377286
-0.000685541
-0.0389264
0.00130736
-0.040116
0.00395706
-0.0412886
0.00726696
-0.0424982
0.0110753
-0.0438311
0.01511
-0.0454046
0.0190865
-0.0473518
0.0227704
-0.0497917
0.0259925
-0.0528129
0.0286444
-0.0564693
0.0306615
-0.0607774
0.0319978
-0.0657168
0.0326123
-0.0712306
0.0324532
-0.0772185
0.0314589
-0.0835397
0.0295652
-0.0900083
0.026722
-0.0963936
0.0229137
-0.102424
0.0181803
-0.107798
0.0126369
-0.112202
0.00648429
-0.115341
-0.116977
-0.000534843
-0.0332018
-0.00110034
-0.0334257
-0.00169569
-0.0338704
-0.00230814
-0.0345013
-0.00284899
-0.0353086
-0.00319301
-0.0362233
-0.00319641
-0.0372198
-0.00267159
-0.0381883
-0.00137761
-0.039135
0.000633433
-0.0399502
0.00325809
-0.0407829
0.00649803
-0.0416242
0.0101692
-0.0425762
0.0139896
-0.0437623
0.0176838
-0.0453134
0.0210345
-0.0473387
0.0238931
-0.0499134
0.0261724
-0.0530765
0.0278286
-0.0568316
0.0288392
-0.0611475
0.029185
-0.0659625
0.028839
-0.0711774
0.027765
-0.0766599
0.0259245
-0.0822415
0.0232899
-0.0877189
0.0198618
-0.0928594
0.0156851
-0.0974101
0.0108625
-0.101116
0.0055602
-0.103742
-0.105105
-0.00065626
-0.0345721
-0.00134294
-0.0347767
-0.00205093
-0.0351906
-0.00276554
-0.0357473
-0.00337733
-0.0364739
-0.00376707
-0.0372605
-0.00379158
-0.0380453
-0.00319209
-0.0388155
-0.00189211
-0.0394453
0.00016153
-0.0399786
0.00277026
-0.040462
0.00594863
-0.0409516
0.00948652
-0.0415442
0.0130978
-0.0423668
0.0165203
-0.0435465
0.0195564
-0.045182
0.0220783
-0.0473352
0.0240192
-0.0500319
0.0253549
-0.0532638
0.0260825
-0.0569922
0.0262015
-0.0611513
0.0257054
-0.065647
0.0245783
-0.0703568
0.0228013
-0.0751309
0.0203636
-0.0797932
0.0172758
-0.0841459
0.0135832
-0.087979
0.00937535
-0.0910848
0.00478861
-0.0932767
-0.0944111
-0.000770474
-0.0359878
-0.00156149
-0.036182
-0.0023819
-0.0365553
-0.00317024
-0.0370665
-0.00383404
-0.0377098
-0.0042535
-0.0383607
-0.00422868
-0.0389773
-0.00358594
-0.0395233
-0.00220465
-0.0398751
-0.000112261
-0.0401275
0.00248456
-0.0402869
0.00560646
-0.0404523
0.00901339
-0.0407163
0.0124201
-0.04121
0.0155816
-0.0420547
0.0183213
-0.0433379
0.0205323
-0.0451087
0.0221673
-0.0473801
0.0232195
-0.050134
0.0237022
-0.0533255
0.0236306
-0.0568868
0.0230143
-0.0607296
0.0218531
-0.0647425
0.0201431
-0.0687943
0.0178852
-0.0727339
0.0150964
-0.0763956
0.0118201
-0.0796061
0.00813267
-0.0821968
0.00414562
-0.0840191
-0.08496
-0.000878951
-0.0374356
-0.00176685
-0.0376253
-0.00267106
-0.0379612
-0.0035111
-0.0384401
-0.00421987
-0.0389727
-0.00461879
-0.0395117
-0.00451847
-0.0399668
-0.00378078
-0.0402893
-0.00232795
-0.0403822
-0.000212511
-0.0403269
0.0023856
-0.040215
0.00545384
-0.0400893
0.00872987
-0.0400616
0.0119355
-0.0402672
0.0148461
-0.0408203
0.0173067
-0.0417966
0.0192313
-0.0432323
0.0205906
-0.0451289
0.021393
-0.0474593
0.0216648
-0.0501739
0.0214342
-0.0532048
0.020722
-0.0564688
0.0195406
-0.0598665
0.0178969
-0.0632838
0.0157999
-0.0665928
0.0132705
-0.0696557
0.0103484
-0.0723307
0.00709859
-0.0744818
0.0036117
-0.0759906
-0.076768
-0.000977308
-0.0389123
-0.00196643
-0.0390833
-0.00292569
-0.0394092
-0.00381969
-0.039824
-0.00453305
-0.040254
-0.00488805
-0.0406828
-0.00470663
-0.0409568
-0.00388055
-0.0410475
-0.0023359
-0.0408918
-0.00016304
-0.0406108
0.00245426
-0.0402158
0.00546966
-0.0398248
0.00861237
-0.0395433
0.0116192
-0.0395044
0.0142876
-0.0398123
0.0164852
-0.0405301
0.018146
-0.0416816
0.0192573
-0.0432577
0.0198404
-0.0452234
0.0199318
-0.0475253
0.0195691
-0.0500966
0.0187818
-0.0528591
0.0175907
-0.0557249
0.0160104
-0.0585954
0.0140556
-0.0613631
0.0117487
-0.0639145
0.00912589
-0.0661344
0.00624186
-0.0679138
0.0031701
-0.0691588
-0.0697991
-0.00107351
-0.0404075
-0.00213701
-0.0405682
-0.00318061
-0.0408445
-0.00409048
-0.0412171
-0.00475843
-0.0415573
-0.00505363
-0.0418328
-0.00476387
-0.0419316
-0.00379949
-0.0417887
-0.00213998
-0.0414232
4.38564e-05
-0.0408606
0.00267672
-0.040242
0.00563196
-0.0396202
0.00863589
-0.0391243
0.0114443
-0.0388844
0.0138782
-0.0389931
0.0158273
-0.0395004
0.0172452
-0.0404184
0.0181336
-0.0417277
0.0185246
-0.043387
0.0184626
-0.0453402
0.0179911
-0.0475215
0.0171459
-0.0498585
0.0159532
-0.0522731
0.0144327
-0.0546806
0.0126026
-0.0569915
0.0104856
-0.0591126
0.00811436
-0.0609511
0.00553465
-0.0624201
0.00280615
-0.0634454
-0.0639717
-0.00116043
-0.0419199
-0.00231046
-0.0420534
-0.00336916
-0.0423113
-0.0042991
-0.0425842
-0.00490144
-0.0428569
-0.00509443
-0.0429437
-0.00469292
-0.0428539
-0.00359023
-0.0424811
-0.00183435
-0.041892
0.000388658
-0.0410951
0.00303296
-0.0402655
0.00591789
-0.0394433
0.0087754
-0.0387713
0.0113844
-0.0383719
0.01359
-0.0383246
0.015304
-0.0386666
0.0164977
-0.0393981
0.0171858
-0.040491
0.017409
-0.0418985
0.0172167
-0.0435625
0.0166567
-0.0454191
0.015768
-0.0474013
0.0145801
-0.0494394
0.0131157
-0.0514616
0.0113947
-0.0533928
0.00943952
-0.0551573
0.00727914
-0.0566806
0.00495208
-0.0578936
0.00250677
-0.0587382
-0.0591709
-0.0012445
-0.0434408
-0.00243824
-0.0435631
-0.00355153
-0.0437498
-0.00442565
-0.0439688
-0.00499866
-0.0440666
-0.00503098
-0.0440263
-0.00449071
-0.0437035
-0.00325646
-0.0430991
-0.00141439
-0.0422777
0.000858429
-0.0412931
0.0035055
-0.040261
0.00630538
-0.0392686
0.00900705
-0.0384569
0.0114146
-0.0379362
0.0133971
-0.0377723
0.0148879
-0.0379892
0.0158744
-0.0385762
0.0163826
-0.0394975
0.016459
-0.0407016
0.0161569
-0.0421297
0.0155254
-0.0437199
0.0146051
-0.0454102
0.0134271
-0.047139
0.0120152
-0.0488445
0.01039
-0.0504646
0.00857281
-0.0519374
0.00658941
-0.0532034
0.00447214
-0.054208
0.0022605
-0.0549056
-0.0552625
-0.00130668
-0.0449782
-0.00256124
-0.0450621
-0.00365704
-0.0451991
-0.00452712
-0.0452711
-0.00496398
-0.0452557
-0.00488637
-0.0450014
-0.00416646
-0.0444734
-0.00279298
-0.0436326
-0.000861693
-0.0425916
0.0014473
-0.0414184
0.00407669
-0.0402095
0.00677354
-0.0390782
0.00930878
-0.0381607
0.011512
-0.0375534
0.0132762
-0.0373074
0.0145548
-0.037434
0.0153498
-0.0379124
0.0156959
-0.0387001
0.0156443
-0.0397424
0.0152495
-0.04098
0.014561
-0.0423538
0.0136191
-0.0438066
0.0124549
-0.0452836
0.0110923
-0.0467317
0.00955151
-0.0480993
0.00785255
-0.0493361
0.00601816
-0.0503943
0.00407564
-0.051231
0.00205734
-0.0518104
-0.0521063
-0.00136341
-0.0465172
-0.00264348
-0.0465558
-0.00373821
-0.0466032
-0.0044825
-0.0465783
-0.00481383
-0.0463477
-0.00459053
-0.0458736
-0.0037074
-0.0451244
-0.00220129
-0.0440716
-0.000215826
-0.0428172
0.00214043
-0.0414632
0.00472818
-0.0401009
0.0073028
-0.0388616
0.00966066
-0.0378699
0.0116568
-0.0372064
0.0132073
-0.036908
0.0142841
-0.0369735
0.0149017
-0.0373729
0.0151019
-0.0380582
0.0149385
-0.0389726
0.0144659
-0.0400575
0.0137325
-0.0412563
0.012777
-0.0425167
0.0116296
-0.0437898
0.0103133
-0.0450301
0.00884751
-0.0461943
0.00725054
-0.0472414
0.00554244
-0.0481331
0.00374633
-0.0488354
0.00188892
-0.0493205
-0.0495676
-0.00139253
-0.0480519
-0.00265787
-0.0480508
-0.00369724
-0.047979
-0.00438787
-0.0477761
-0.00456328
-0.047362
-0.00412642
-0.0466741
-0.00310034
-0.0456434
-0.00148055
-0.0443861
0.000545885
-0.0429392
0.00292346
-0.0414194
0.00544199
-0.0399321
0.00787506
-0.038615
0.010045
-0.0375778
0.0118318
-0.036885
0.0131736
-0.036559
0.0140587
-0.0365869
0.0145123
-0.0369309
0.0145811
-0.0375387
0.0143201
-0.0383523
0.0137823
-0.0393144
0.0130138
-0.0403717
0.0120513
-0.0414761
0.0109229
-0.0425843
0.00965033
-0.0436568
0.00825157
-0.0446575
0.0067433
-0.0455526
0.00514311
-0.0463113
0.00347066
-0.0469066
0.00174815
-0.0473166
-0.047525
-0.00138269
-0.0495764
-0.00262101
-0.0495084
-0.00358491
-0.0492995
-0.00416093
-0.0488915
-0.00416732
-0.04827
-0.00358293
-0.0473187
-0.00236205
-0.0460923
-0.000615256
-0.0445718
0.00141441
-0.0429496
0.00377926
-0.0412883
0.00620072
-0.0397062
0.00847372
-0.0383404
0.0104463
-0.0372837
0.0120228
-0.0365846
0.0131614
-0.0362512
0.013865
-0.0362601
0.0141672
-0.0365669
0.014118
-0.0371162
0.0137718
-0.0378498
0.0131796
-0.0387125
0.0123843
-0.0396544
0.0114197
-0.0406315
0.0103119
-0.0416055
0.00908056
-0.0425422
0.0077422
-0.043411
0.00631177
-0.044184
0.00480466
-0.0448363
0.00323766
-0.0453463
0.00162937
-0.0456965
-0.0458742
-0.00134561
-0.0510576
-0.00252951
-0.0509047
-0.00338791
-0.0505475
-0.00377221
-0.0499466
-0.00360138
-0.0490684
-0.00284091
-0.0478433
-0.00152902
-0.0463339
0.000236198
-0.0446562
0.00236781
-0.0428664
0.00468997
-0.0410784
0.00698773
-0.0394314
0.00908373
-0.0380441
0.0108514
-0.0369913
0.012218
-0.0363051
0.0131599
-0.0359804
0.0136925
-0.0359844
0.0138554
-0.0362674
0.0137004
-0.0367722
0.0132803
-0.0374416
0.0126428
-0.0382227
0.0118273
-0.0390693
0.0108647
-0.0399414
0.00977828
-0.040805
0.00858593
-0.0416306
0.00730232
-0.042392
0.00594079
-0.0430662
0.00451475
-0.0436328
0.0030386
-0.0440742
0.00152804
-0.0443766
-0.0445298
-0.00126041
-0.0524675
-0.00233319
-0.0522203
-0.00305214
-0.0516936
-0.00327651
-0.05088
-0.00294638
-0.0496917
-0.00201294
-0.0482335
-0.000519209
-0.0465019
0.00125592
-0.0446186
0.00339578
-0.0426808
0.00563807
-0.0408013
0.00778732
-0.0391196
0.00969168
-0.0377361
0.011249
-0.0367074
0.012408
-0.0360498
0.0131611
-0.035746
0.0135334
-0.0357553
0.013569
-0.036024
0.0133195
-0.0364943
0.0128353
-0.0371107
0.0121603
-0.0378235
0.0113302
-0.0385899
0.0103726
-0.039374
0.00930805
-0.0401456
0.00815241
-0.0408791
0.00691867
-0.0415521
0.00561856
-0.0421454
0.00426378
-0.0426421
0.00286671
-0.0430279
0.0014407
-0.0432916
-0.043425
-0.00112128
-0.0537704
-0.00203457
-0.0534173
-0.00258228
-0.0527043
-0.00263383
-0.0516496
-0.00210433
-0.0501987
-0.00103229
-0.0484856
0.000470914
-0.0465335
0.00236703
-0.0444778
0.00447703
-0.0424109
0.00660626
-0.0404734
0.00858489
-0.0387857
0.0102858
-0.0374287
0.0116302
-0.0364413
0.0125859
-0.0358245
0.013159
-0.0355503
0.0133823
-0.0355715
0.0133021
-0.035832
0.0129687
-0.0362746
0.0124292
-0.036846
0.0117235
-0.0375
0.0108834
-0.0381976
0.00993295
-0.0389064
0.00889029
-0.0395999
0.00776921
-0.0402558
0.00658105
-0.0408549
0.00533606
-0.041381
0.00404441
-0.0418199
0.00271678
-0.04216
0.00136461
-0.0423919
-0.0425091
-0.00092156
-0.0549181
-0.00162806
-0.054457
-0.00196796
-0.0535596
-0.00181297
-0.0522454
-0.00108423
-0.0505662
4.43457e-05
-0.0485793
0.00164379
-0.0464466
0.0035547
-0.0442313
0.00559182
-0.0420761
0.00757804
-0.0401137
0.00936728
-0.0384465
0.0108562
-0.0371359
0.0119877
-0.0362034
0.0127465
-0.0356362
0.0131499
-0.035397
0.0132356
-0.0354339
0.0130509
-0.0356896
0.0126435
-0.0361085
0.0120566
-0.0366403
0.011326
-0.0372424
0.0104794
-0.0378794
0.00953781
-0.0385226
0.00851673
-0.0391486
0.00742808
-0.0397378
0.00628167
-0.040274
0.00508637
-0.0407433
0.00385103
-0.0411337
0.00258488
-0.0414354
0.00129776
-0.0416409
-0.0417446
-0.000659863
-0.0558489
-0.00111749
-0.0552865
-0.00120734
-0.0542169
-0.000855415
-0.0526542
-3.83026e-05
-0.0507405
0.00125173
-0.0485623
0.00291442
-0.0462387
0.00479408
-0.043904
0.00672091
-0.0416991
0.00853816
-0.0397434
0.010123
-0.0381204
0.011395
-0.0368725
0.0123165
-0.036005
0.0128869
-0.0354928
0.0131316
-0.0352911
0.0130915
-0.0353447
0.012813
-0.0355969
0.0123408
-0.0359941
0.0117136
-0.0364897
0.0109629
-0.0370446
0.0101128
-0.0376272
0.00918115
-0.038212
0.00818109
-0.0387784
0.00712278
-0.0393094
0.00601461
-0.0397911
0.00486427
-0.0402113
0.00367941
-0.0405602
0.002468
-0.0408293
0.00123856
-0.0410124
-0.0411046
-0.000339716
-0.0564959
-0.000511683
-0.0558468
-0.000314521
-0.0546157
0.000188401
-0.0528684
0.00118674
-0.0507545
0.0025816
-0.0483896
0.00425597
-0.0459277
0.00606235
-0.0435204
0.00784629
-0.0413042
0.00947294
-0.0393844
0.0108426
-0.0378259
0.0118962
-0.0366535
0.0126136
-0.0358573
0.0130054
-0.0354022
0.0131033
-0.0352377
0.0129492
-0.0353073
0.0125874
-0.0355554
0.0120586
-0.0359314
0.0113974
-0.0363926
0.0106309
-0.0369036
0.00977956
-0.0374362
0.00885843
-0.0379679
0.00787858
-0.0384808
0.00684853
-0.0389601
0.0057754
-0.0393936
0.00466578
-0.039771
0.0035263
-0.0400836
0.00236389
-0.0403244
0.00118589
-0.0404881
-0.0405704
-2.52378e-06
-0.0567941
0.000150464
-0.056085
0.000586396
-0.054731
0.00138206
-0.0528422
0.00253868
-0.0505685
0.00399528
-0.0480753
0.00564024
-0.0455344
0.00733716
-0.0431043
0.00895111
-0.0409154
0.0103706
-0.0390586
0.0115187
-0.0375817
0.0123562
-0.0364934
0.0128776
-0.0357714
0.0131024
-0.0353724
0.0130657
-0.0352427
0.0128091
-0.0353254
0.0123737
-0.0355673
0.0117961
-0.0359215
0.0111063
-0.036349
0.0103274
-0.0368181
0.0094765
-0.0373039
0.0085662
-0.0377868
0.00760556
-0.0382508
0.00660168
-0.0386834
0.00556058
-0.0390737
0.00448788
-0.0394128
0.00338929
-0.0396934
0.00227081
-0.0399093
0.00113881
-0.0400558
-0.0401295
0.000393063
-0.0566889
0.000913742
-0.0559387
0.00166072
-0.0545096
0.0026831
-0.0525316
0.00397002
-0.0501753
0.00545619
-0.0476286
0.007038
-0.0450756
0.00859632
-0.0426767
0.0100198
-0.0405545
0.0112213
-0.0387862
0.0121463
-0.0374048
0.0127734
-0.0364059
0.0131091
-0.0357575
0.0131792
-0.0354112
0.0130204
-0.0353115
0.0126723
-0.0354031
0.0121724
-0.0356358
0.0115527
-0.0359666
0.010839
-0.0363602
0.0100505
-0.0367887
0.00920134
-0.0372301
0.00830176
-0.0376671
0.00735918
-0.038086
0.00637942
-0.0384756
0.00536751
-0.0388266
0.00432821
-0.0391312
0.00326645
-0.0393829
0.00218744
-0.0395764
0.00109668
-0.0397077
-0.0397737
0.000821535
-0.056112
0.00173154
-0.0553507
0.00279509
-0.053905
0.0040368
-0.0519158
0.00543449
-0.0495653
0.00692478
-0.0470513
0.00841788
-0.0445614
0.00981723
-0.0422526
0.0110375
-0.0402382
0.012017
-0.0385833
0.0127224
-0.0373094
0.0131481
-0.0364025
0.0133101
-0.0358248
0.0132385
-0.0355256
0.0129697
-0.0354498
0.0125406
-0.035545
0.0119844
-0.0357646
0.0113286
-0.0360696
0.0105949
-0.0364286
0.00979893
-0.036817
0.0089523
-0.0372155
0.00806308
-0.0376091
0.00713726
-0.0379857
0.00617955
-0.0383354
0.0051941
-0.0386502
0.00418496
-0.0389231
0.00315635
-0.0391485
0.00211274
-0.0393216
0.00105894
-0.0394391
-0.0394981
0.00125875
-0.0550125
0.00256232
-0.0542766
0.00393905
-0.0528821
0.0053891
-0.0509707
0.00688106
-0.0487242
0.00835728
-0.0463377
0.00974608
-0.0439928
0.0109763
-0.0418375
0.0119901
-0.0399745
0.0127507
-0.038459
0.0132453
-0.0373044
0.0134818
-0.0364915
0.0134839
-0.0359807
0.0132839
-0.035722
0.0129169
-0.0356633
0.0124163
-0.0357559
0.011811
-0.0359579
0.0111242
-0.0362343
0.0103736
-0.0365575
0.00957185
-0.0369059
0.00872805
-0.0372626
0.00784856
-0.0376144
0.00693806
-0.0379507
0.00600031
-0.038263
0.00503873
-0.0385439
0.0040567
-0.0387874
0.0030578
-0.0389885
0.00204592
-0.039143
0.00102519
-0.0392477
-0.0393003
0.00168212
-0.0533621
0.0033647
-0.0526895
0.00503918
-0.0514165
0.00668209
-0.049675
0.00825445
-0.0476341
0.00970652
-0.0454733
0.0109862
-0.0433588
0.0120484
-0.0414238
0.0128624
-0.0397592
0.0134158
-0.0384118
0.013714
-0.0373904
0.013777
-0.0366752
0.0136342
-0.0362287
0.0133193
-0.0360047
0.0128653
-0.0359565
0.012302
-0.0360408
0.0116539
-0.0362206
0.0109403
-0.0364654
0.0101752
-0.0367512
0.00936866
-0.0370591
0.00852764
-0.0373745
0.00765697
-0.0376857
0.00676023
-0.0379834
0.00584037
-0.03826
0.00490011
-0.0385089
0.00394228
-0.0387248
0.00296992
-0.0389031
0.00198633
-0.0390402
0.00099509
-0.0391331
-0.0391797
0.00206918
-0.0511582
0.00409732
-0.0505844
0.0060416
-0.0494988
0.00785698
-0.0480143
0.00949819
-0.0462754
0.0109235
-0.0444353
0.0120998
-0.0426354
0.0130065
-0.040989
0.0136382
-0.0395728
0.0140042
-0.0384264
0.0141264
-0.0375568
0.014035
-0.0369474
0.0137644
-0.0365661
0.0133485
-0.0363742
0.0128184
-0.0363322
0.0122002
-0.0364037
0.0115148
-0.0365576
0.0107777
-0.0367682
0.00999989
-0.0370149
0.00918907
-0.0372816
0.00835041
-0.0375557
0.00748743
-0.037827
0.00660277
-0.0380871
0.00569865
-0.0383293
0.00477724
-0.0385477
0.00384083
-0.0387373
0.00289196
-0.038894
0.00193346
-0.0390146
0.000968395
-0.0390964
-0.0391374
0.00239942
-0.0484266
0.00472229
-0.0479812
0.00689644
-0.047138
0.00885849
-0.0459841
0.0105579
-0.0446304
0.01196
-0.043195
0.0130478
-0.0417869
0.0138219
-0.0404945
0.0142984
-0.0393783
0.0145051
-0.0384703
0.0144778
-0.0377776
0.0142554
-0.0372889
0.013876
-0.0369806
0.013374
-0.0368237
0.0127787
-0.0367882
0.0121133
-0.0368458
0.0113953
-0.0369723
0.0106374
-0.0371472
0.00984811
-0.0373539
0.00903307
-0.037579
0.00819599
-0.0378118
0.00733934
-0.0380435
0.00646494
-0.0382668
0.0055744
-0.0384754
0.00466935
-0.0386641
0.00375166
-0.0388283
0.00282341
-0.0389644
0.00188695
-0.0390691
0.000944887
-0.0391403
-0.039176
0.00265599
-0.0452219
0.00520808
-0.0449254
0.00756157
-0.0443637
0.00963888
-0.0435934
0.0113853
-0.0426868
0.0127714
-0.0417213
0.0137924
-0.0407688
0.014465
-0.0398884
0.0148215
-0.039122
0.0149043
-0.0384932
0.0147598
-0.0380092
0.0144337
-0.0376647
0.0139673
-0.0374462
0.0133957
-0.0373356
0.0127468
-0.0373138
0.0120419
-0.0373621
0.0112962
-0.0374639
0.01052
-0.0376047
0.00972013
-0.0377722
0.00890066
-0.0379564
0.0080642
-0.0381484
0.00721234
-0.0383411
0.00634627
-0.038528
0.00546707
-0.0387037
0.00457594
-0.0388634
0.00367431
-0.039003
0.00276384
-0.0391189
0.0018465
-0.0392083
0.000924444
-0.0392692
-0.0392997
0.00282702
-0.041625
0.00553231
-0.0414874
0.00800644
-0.0412263
0.0101625
-0.0408672
0.0119429
-0.0404425
0.0133212
-0.0399869
0.0143003
-0.0395333
0.014907
-0.0391097
0.0151841
-0.038737
0.0151835
-0.0384284
0.0149589
-0.0381898
0.0145604
-0.0380216
0.014032
-0.0379194
0.0134094
-0.0378766
0.0127203
-0.0378851
0.0119847
-0.0379367
0.0112166
-0.0380229
0.010425
-0.0381362
0.00961561
-0.0382694
0.00879156
-0.0384157
0.00795472
-0.0385694
0.0071061
-0.0387246
0.00624641
-0.0388764
0.00537632
-0.0390201
0.00449665
-0.0391515
0.00360844
-0.039267
0.00271302
-0.0393633
0.00181193
-0.0394378
0.000906948
-0.0394886
-0.0395141
0.00290681
-0.0377387
0.00568386
-0.0377583
0.00821508
-0.0377958
0.0104093
-0.0378476
0.0122075
-0.0379087
0.0135843
-0.0379734
0.0145457
-0.0380369
0.0151227
-0.0380957
0.0153627
-0.0381489
0.0153216
-0.038197
0.0150565
-0.0382423
0.0146201
-0.038288
0.0140576
-0.0383378
0.0134056
-0.0383944
0.0126918
-0.0384604
0.0119363
-0.0385375
0.0111527
-0.0386262
0.0103497
-0.0387259
0.00953266
-0.0388351
0.00870446
-0.0389516
0.00786663
-0.0390724
0.00701995
-0.0391945
0.00616484
-0.0393142
0.00530172
-0.0394281
0.00443112
-0.0395328
0.00355379
-0.0396253
0.0026707
-0.0397028
0.00178309
-0.039763
0.000892339
-0.0398042
-0.0398248
0.00289619
-0.03368
0.00566375
-0.0338445
0.00818751
-0.0341583
0.0103769
-0.0345936
0.0121731
-0.0351136
0.0135503
-0.0356779
0.0145139
-0.0362478
0.0150937
-0.0367913
0.0153363
-0.0372852
0.0152966
-0.0377162
0.0150311
-0.0380798
0.0145924
-0.0383788
0.014026
-0.0386211
0.0133686
-0.038817
0.0126485
-0.0389774
0.0118864
-0.0391125
0.0110965
-0.0392312
0.0102881
-0.0393401
0.00946682
-0.0394437
0.00863606
-0.0395447
0.00779755
-0.039644
0.00695214
-0.0397413
0.00610031
-0.0398353
0.00524237
-0.0399242
0.00437871
-0.0400058
0.00350986
-0.040078
0.00263658
-0.0401385
0.00175976
-0.0401857
0.0008805
-0.040218
-0.0402342
0.00280225
-0.0295722
0.00548464
-0.0298599
0.00793934
-0.0304106
0.0100806
-0.0311785
0.0118515
-0.0321028
0.0132252
-0.0331162
0.0142036
-0.0341533
0.0148114
-0.0351575
0.0150898
-0.0360854
0.0150886
-0.0369091
0.0148601
-0.0376149
0.014454
-0.0382016
0.0139143
-0.0386773
0.0132773
-0.0390557
0.0125718
-0.0393535
0.0118192
-0.0395875
0.0110349
-0.0397729
0.0102295
-0.0399229
0.00940978
-0.0400481
0.00857998
-0.040156
0.00774259
-0.040252
0.00689903
-0.0403391
0.00605007
-0.0404188
0.00519622
-0.0404916
0.00433792
-0.040557
0.00347562
-0.0406139
0.00260991
-0.0406613
0.00174151
-0.040698
0.000871224
-0.0407231
-0.0407357
0.00263732
-0.0255349
0.00516912
-0.025918
0.00749973
-0.0266537
0.00955172
-0.0276855
0.0112715
-0.0289377
0.0126315
-0.0303254
0.0136285
-0.0317642
0.0142797
-0.0331793
0.0146177
-0.0345106
0.014684
-0.0357159
0.0145238
-0.0367712
0.0141814
-0.0376681
0.0136976
-0.0384109
0.013107
-0.0390129
0.0124382
-0.0394923
0.0117136
-0.0398693
0.0109496
-0.0401642
0.0101585
-0.0403947
0.00934867
-0.0405764
0.00852574
-0.0407217
0.00769341
-0.0408401
0.00685401
-0.0409385
0.00600901
-0.0410217
0.00515938
-0.0410926
0.0043058
-0.0411529
0.00344888
-0.0412033
0.00258919
-0.0412441
0.00172736
-0.0412751
0.000864044
-0.041296
-0.0413064
0.00241742
-0.0216761
0.00474693
-0.0221235
0.00690802
-0.022986
0.00883397
-0.024203
0.0104763
-0.0256928
0.0118068
-0.0273622
0.0128172
-0.0291169
0.0135163
-0.0308704
0.0139263
-0.0325507
0.0140786
-0.0341038
0.0140092
-0.0354947
0.0137553
-0.0367062
0.0133524
-0.0377358
0.0128322
-0.0385923
0.0122223
-0.0392918
0.0115449
-0.0398546
0.0108179
-0.0403022
0.0100549
-0.0406556
0.00926602
-0.0409337
0.00845853
-0.0411527
0.00763765
-0.0413257
0.00680697
-0.0414633
0.00596897
-0.0415736
0.00512535
-0.0416624
0.00427735
-0.0417338
0.00342589
-0.0417907
0.00257174
-0.0418348
0.00171559
-0.0418672
0.000858119
-0.0418885
-0.0418989
0.00216039
-0.0180849
0.00425161
-0.0185657
0.00620948
-0.0194962
0.00797925
-0.0208175
0.00951878
-0.0224495
0.0108004
-0.0242994
0.0118114
-0.0262711
0.0125523
-0.0282738
0.0130352
-0.0302288
0.0132804
-0.0320735
0.013314
-0.0337636
0.0131645
-0.0352723
0.0128609
-0.0365885
0.012431
-0.0377137
0.0118995
-0.0386588
0.0112883
-0.0394406
0.0106155
-0.0400791
0.0098958
-0.0405954
0.00914092
-0.0410095
0.00835982
-0.04134
0.00755925
-0.0416029
0.00674427
-0.0418118
0.00591858
-0.0419773
0.00508488
-0.0421083
0.00424518
-0.0422112
0.00340097
-0.042291
0.00255344
-0.0423514
0.00170355
-0.0423947
0.000852138
-0.0424228
-0.0424365
0.00188404
-0.0148274
0.003717
-0.0153134
0.00545068
-0.0162578
0.00704239
-0.0176076
0.00845716
-0.0192901
0.00966912
-0.0212196
0.0106623
-0.0233054
0.0114306
-0.0254587
0.0119766
-0.0275998
0.0123105
-0.0296618
0.012448
-0.0315934
0.012409
-0.0333593
0.0122151
-0.0349394
0.0118886
-0.0363264
0.0114509
-0.0375235
0.010922
-0.0385416
0.0103194
-0.0393963
0.0096584
-0.0401062
0.00895156
-0.0406902
0.00820928
-0.041167
0.00743983
-0.0415537
0.00664969
-0.0418655
0.00584389
-0.0421155
0.00502625
-0.0423145
0.00419975
-0.0424714
0.00336667
-0.0425929
0.00252881
-0.0426845
0.00168761
-0.0427501
0.000844309
-0.0427923
-0.0428129
0.00160462
-0.0119448
0.0031743
-0.0124127
0.00467527
-0.0133255
0.00607622
-0.0146388
0.00734947
-0.0162909
0.00847204
-0.0182077
0.00942655
-0.0203089
0.0102019
-0.0225137
0.0107932
-0.024746
0.0112018
-0.0269391
0.0114344
-0.0290379
0.011502
-0.031001
0.0114189
-0.0328001
0.0112014
-0.0344191
0.0108665
-0.0358527
0.0104314
-0.0371039
0.00991212
-0.0381821
0.00932335
-0.0391008
0.00867811
-0.0398758
0.00798757
-0.0405237
0.00726111
-0.0410611
0.00650646
-0.0415032
0.00572992
-0.041864
0.0049365
-0.0421554
0.00413025
-0.0423878
0.00331434
-0.0425696
0.00249139
-0.0427075
0.0016635
-0.0428066
0.000832496
-0.0428707
-0.0429021
0.00133563
-0.00945463
0.00264974
-0.00988684
0.00392077
-0.0107333
0.00512739
-0.0119593
0.00624885
-0.0135158
0.00726579
-0.0153426
0.00816107
-0.017373
0.00892068
-0.0195374
0.00953458
-0.021768
0.00999724
-0.0240019
0.0103077
-0.0261841
0.0104694
-0.0282698
0.0104896
-0.0302247
0.0103785
-0.0320253
0.0101483
-0.0336578
0.00981249
-0.035117
0.00938478
-0.0364049
0.00887854
-0.0375285
0.00830625
-0.0384984
0.00767924
-0.0393276
0.00700748
-0.04003
0.00629957
-0.0406194
0.00556281
-0.0411091
0.00480329
-0.0415113
0.00402607
-0.0418365
0.00323534
-0.0420939
0.00243459
-0.0422911
0.00162679
-0.0424339
0.000814481
-0.0425267
-0.0425723
0.00108723
-0.00735305
0.00216334
-0.007738
0.00321647
-0.00849498
0.00423347
-0.00959863
0.00519983
-0.0110125
0.00610009
-0.012691
0.00691857
-0.0145817
0.00764038
-0.0166284
0.00825252
-0.0187739
0.00874481
-0.0209624
0.00911067
-0.0231427
0.00934741
-0.0252695
0.00945614
-0.0273054
0.00944142
-0.0292213
0.00931064
-0.0309968
0.0090732
-0.0326189
0.00873981
-0.034082
0.00832175
-0.0353861
0.00783026
-0.0365357
0.00727608
-0.0375385
0.00666918
-0.0384045
0.00601853
-0.0391444
0.00533207
-0.0397696
0.00461671
-0.0402908
0.0038784
-0.040718
0.00312227
-0.0410601
0.00235271
-0.0413247
0.00157357
-0.0415177
0.000788283
-0.0416439
-0.0417061
0.000866042
-0.00561919
0.00172849
-0.00595102
0.00258258
-0.00660615
0.00342154
-0.00756758
0.00423608
-0.00881032
0.00501458
-0.0103021
0.0057436
-0.0120047
0.00640886
-0.0138752
0.00699637
-0.015868
0.00749352
-0.0179367
0.0078901
-0.020036
0.00817899
-0.0221237
0.00835652
-0.0241619
0.00842243
-0.0261188
0.00837958
-0.0279691
0.0082334
-0.0296939
0.00799126
-0.0312807
0.00766187
-0.0327228
0.0072546
-0.0340184
0.006779
-0.0351693
0.00624442
-0.0361805
0.00565968
-0.0370588
0.00503291
-0.0378121
0.0043715
-0.0384488
0.00368205
-0.038977
0.00297045
-0.0394046
0.00224192
-0.0397381
0.00150118
-0.0399832
0.000752529
-0.0401441
-0.0402238
0.000675456
-0.00421995
0.00135227
-0.00449753
0.00203054
-0.00504772
0.00270805
-0.00586039
0.00337966
-0.0069201
0.0040372
-0.00820607
0.00466987
-0.00969241
0.00526496
-0.0113487
0.00580897
-0.0131407
0.00628863
-0.015032
0.006692
-0.0169848
0.00700928
-0.018962
0.00723347
-0.0209282
0.0073606
-0.0228515
0.00738974
-0.0247041
0.00732268
-0.0264633
0.00716356
-0.0281114
0.00691827
-0.029636
0.00659398
-0.0310294
0.00619858
-0.0322878
0.00574029
-0.0334108
0.00522728
-0.0344006
0.00466745
-0.0352611
0.00406826
-0.0359973
0.00343665
-0.036615
0.00277902
-0.0371196
0.00210125
-0.0375163
0.0014088
-0.0378097
0.000706761
-0.0380032
-0.0380993
0.000516098
-0.00311476
0.00103645
-0.00334058
0.0015641
-0.00378993
0.00209985
-0.00445785
0.00264161
-0.00533631
0.00318416
-0.0064136
0.00371928
-0.00767405
0.00423643
-0.0090978
0.00472349
-0.0106611
0.00516783
-0.0123368
0.00555726
-0.0140954
0.00588087
-0.015906
0.00612976
-0.0177375
0.00629749
-0.0195601
0.00638026
-0.0213462
0.0063769
-0.0230714
0.00628861
-0.0247149
0.00611863
-0.0262601
0.00587178
-0.0276947
0.00555406
-0.0290098
0.00517222
-0.0302001
0.0047334
-0.0312633
0.00424485
-0.0321989
0.00371375
-0.0330083
0.00314702
-0.0336941
0.0025513
-0.0342591
0.00193287
-0.0347065
0.00129772
-0.0350391
0.000651578
-0.0352594
-0.0353691
0.000386515
-0.00225993
0.000778632
-0.00243891
0.00118089
-0.00279639
0.00159588
-0.00333108
0.00202355
-0.00404017
0.00246098
-0.00491869
0.00290236
-0.00595869
0.00333937
-0.0071488
0.00376186
-0.00847391
0.00415861
-0.00991534
0.0045182
-0.0114512
0.00482979
-0.0130573
0.00508382
-0.0147079
0.00527254
-0.0163766
0.00539033
-0.0180381
0.00543384
-0.0196681
0.00540191
-0.0212451
0.00529547
-0.0227502
0.00511714
-0.0241676
0.00487099
-0.025485
0.00456215
-0.0266929
0.00419649
-0.0277847
0.00378032
-0.0287564
0.00332021
-0.0296055
0.00282277
-0.0303312
0.00229454
-0.0309338
0.00174195
-0.031414
0.00117126
-0.0317728
0.000588606
-0.0320113
-0.0321303
0.000283864
-0.00161212
0.000573613
-0.0017505
0.00087427
-0.00202795
0.00118924
-0.00244542
0.00151975
-0.00300358
0.00186452
-0.00370192
0.00221973
-0.00453801
0.00257922
-0.00550669
0.0029349
-0.00659965
0.00327737
-0.00780511
0.00359662
-0.00910803
0.00388267
-0.0104904
0.00412622
-0.011932
0.00431916
-0.0134111
0.00445497
-0.0149052
0.00452895
-0.0163923
0.00453833
-0.0178513
0.00448217
-0.019263
0.00436128
-0.0206102
0.00417793
-0.0218781
0.00393566
-0.0230545
0.00363898
-0.0241298
0.00329312
-0.0250963
0.00290379
-0.0259488
0.00247702
-0.0266833
0.00201902
-0.0272974
0.00153605
-0.0277896
0.00103439
-0.0281591
0.000520294
-0.0284055
-0.0285287
0.000204535
-0.00113089
0.00041458
-0.0012354
0.000634976
-0.0014457
0.00086931
-0.00176402
0.00111944
-0.00219294
0.00138522
-0.00273471
0.00166434
-0.00339038
0.00195249
-0.00415907
0.00224355
-0.00503732
0.00253004
-0.00601872
0.00280361
-0.00709375
0.00305563
-0.00824993
0.00327764
-0.00947215
0.00346189
-0.0107433
0.0036017
-0.0120447
0.00369177
-0.0133572
0.00372833
-0.0146617
0.00370922
-0.0159398
0.00363381
-0.0171741
0.00350296
-0.0183493
0.00331877
-0.0194515
0.00308444
-0.0204691
0.00280406
-0.0213925
0.00248238
-0.0222136
0.00212469
-0.0229265
0.00173662
-0.0235263
0.00132405
-0.0240096
0.000892995
-0.0243739
0.000449589
-0.0246176
-0.0247397
0.000144655
-0.000780293
0.000294096
-0.000857472
0.000452617
-0.00101333
0.00062358
-0.00125058
0.000809047
-0.00157272
0.00100953
-0.00198333
0.00122384
-0.00248544
0.00144911
-0.00308076
0.00168095
-0.00376907
0.00191366
-0.00454776
0.00214061
-0.00541154
0.00235466
-0.00635237
0.00254856
-0.00735966
0.00271535
-0.00842053
0.00284874
-0.0095203
0.00294338
-0.0106431
0.00299511
-0.0117723
0.00300103
-0.0128914
0.0029596
-0.0139842
0.00287058
-0.0150355
0.00273493
-0.0160314
0.00255472
-0.0169594
0.00233296
-0.0178085
0.00207344
-0.0185694
0.0017806
-0.0192344
0.00145937
-0.0197972
0.00111504
-0.0202529
0.000753181
-0.0205977
0.000379546
-0.020829
-0.0209451
0.000100461
-0.000529675
0.000204855
-0.000585455
0.000316771
-0.000698487
0.000439131
-0.000871514
0.000573921
-0.00110817
0.000721979
-0.0014125
0.000882862
-0.00178833
0.00105481
-0.00223873
0.00123478
-0.00276539
0.00141864
-0.00336818
0.00160133
-0.00404479
0.00177719
-0.00479058
0.00194029
-0.00559857
0.00208469
-0.00645959
0.00220483
-0.00736257
0.00229572
-0.0082949
0.00235322
-0.00924294
0.00237418
-0.0101925
0.00235652
-0.0111291
0.00229929
-0.012039
0.00220261
-0.0129087
0.00206764
-0.0137258
0.00189645
-0.0144794
0.00169196
-0.0151593
0.00145774
-0.0157572
0.00119796
-0.016266
0.000917223
-0.0166797
0.000620491
-0.0169938
0.000312962
-0.0172051
-0.0173112
6.85394e-05
-0.000353817
0.000140173
-0.000393305
0.000217759
-0.000473594
0.000303705
-0.000597162
0.000399763
-0.000767375
0.000506873
-0.000988111
0.000625041
-0.00126331
0.000753277
-0.00159649
0.000889598
-0.00199027
0.0010311
-0.00244595
0.00117407
-0.00296317
0.00131421
-0.00353967
0.00144683
-0.00417123
0.00156712
-0.00485166
0.00167035
-0.00557297
0.00175217
-0.00632559
0.00180877
-0.00709872
0.00183705
-0.00788069
0.00183476
-0.00865934
0.00180053
-0.00942241
0.00173394
-0.0101579
0.00163547
-0.0108543
0.00150645
-0.0115011
0.00134901
-0.0120884
0.00116595
-0.0126078
0.000960662
-0.0130518
0.000737034
-0.0134144
0.000499323
-0.0136905
0.000252069
-0.0138767
-0.0139703
4.59556e-05
-0.000232634
9.42561e-05
-0.000260036
0.000147094
-0.000315934
0.000206363
-0.000402414
0.000273521
-0.000522357
0.000349466
-0.000679169
0.000434442
-0.00087645
0.00052797
-0.00111763
0.000628819
-0.00140558
0.000735033
-0.00174227
0.000843992
-0.00212847
0.00095253
-0.00256349
0.00105709
-0.00304503
0.00115388
-0.0035692
0.00123911
-0.00413046
0.00130912
-0.00472186
0.0013606
-0.00533516
0.00139074
-0.00596114
0.00139733
-0.00658989
0.00137888
-0.00721115
0.00133465
-0.00781457
0.00126466
-0.00839005
0.00116968
-0.00892794
0.0010512
-0.0094193
0.000911331
-0.00985606
0.000752768
-0.0102311
0.000578671
-0.0105385
0.000392589
-0.0107733
0.000198355
-0.0109319
-0.0110117
3.02943e-05
-0.000150592
6.23097e-05
-0.000169244
9.76717e-05
-0.000207414
0.000137816
-0.000266767
0.000183898
-0.00034963
0.000236703
-0.000458813
0.000296569
-0.000597369
0.000363327
-0.00076833
0.000436265
-0.000974421
0.000514116
-0.00121778
0.000595091
-0.0014997
0.000676936
-0.00182042
0.000757035
-0.00217893
0.000832525
-0.00257295
0.000900441
-0.00299886
0.000957854
-0.00345175
0.00100202
-0.00392558
0.00103052
-0.00441334
0.00104137
-0.00490723
0.00103311
-0.00539897
0.00100487
-0.00588001
0.000956394
-0.00634182
0.000888064
-0.00677607
0.000800866
-0.00717492
0.000696353
-0.00753113
0.000576589
-0.00783828
0.000444079
-0.00809084
0.000301687
-0.0082843
0.000152552
-0.0084152
-0.00848123
1.96414e-05
-9.60004e-05
4.05102e-05
-0.000108462
6.37762e-05
-0.000134042
9.04936e-05
-0.000174013
0.000121542
-0.000230175
0.000157563
-0.000304731
0.000198907
-0.000400132
0.000245577
-0.000518888
0.000297191
-0.000663363
0.000352967
-0.000835561
0.000411722
-0.00103692
0.000471902
-0.00126814
0.00053164
-0.00152901
0.000588838
-0.00181832
0.000641259
-0.00213381
0.000686639
-0.00247219
0.000722796
-0.00282915
0.000747744
-0.00319952
0.000759792
-0.0035774
0.000757625
-0.00395632
0.000740375
-0.00432946
0.000707658
-0.00468989
0.000659593
-0.00503072
0.000596802
-0.00534534
0.000520389
-0.00562758
0.000431893
-0.00587187
0.000333243
-0.00607337
0.000226686
-0.00622809
0.000114717
-0.00633298
-0.00638594
1.25295e-05
-6.02836e-05
2.59117e-05
-6.84597e-05
4.09659e-05
-8.52941e-05
5.84442e-05
-0.000111724
7.89933e-05
-0.000149088
0.000103114
-0.000199048
0.00013112
-0.000263486
0.000163095
-0.000344376
0.000198862
-0.000443643
0.000237958
-0.00056301
0.000279626
-0.000703836
0.000322828
-0.000866975
0.000366271
-0.00105264
0.000408457
-0.00126032
0.000447754
-0.00148868
0.000482464
-0.00173558
0.000510914
-0.00199808
0.000531538
-0.00227247
0.00054296
-0.0025544
0.000544069
-0.002839
0.000534075
-0.00312101
0.000512556
-0.00339497
0.000479481
-0.0036554
0.000435218
-0.00389692
0.000380524
-0.00411448
0.000316519
-0.00430345
0.000244649
-0.00445978
0.000166629
-0.0045801
8.43882e-05
-0.00466179
-0.00470308
7.86681e-06
-3.72983e-05
1.63118e-05
-4.25695e-05
2.58949e-05
-5.34545e-05
3.71385e-05
-7.06223e-05
5.05043e-05
-9.50368e-05
6.63668e-05
-0.000127908
8.49843e-05
-0.000170628
0.000106469
-0.000224689
0.000130757
-0.000291582
0.000157591
-0.000372697
0.000186503
-0.000469203
0.000216816
-0.000581935
0.000247661
-0.000711295
0.000277999
-0.000857157
0.000306669
-0.00101881
0.000332438
-0.00119492
0.000354062
-0.00138353
0.000370348
-0.00158206
0.000380224
-0.00178741
0.000382791
-0.00199599
0.00037738
-0.00220388
0.00036359
-0.00240693
0.000341313
-0.00260089
0.000310749
-0.00278156
0.000272404
-0.00294494
0.000227071
-0.00308731
0.000175805
-0.00320541
0.000119884
-0.0032965
6.07583e-05
-0.00335844
-0.00338978
4.86311e-06
-2.27434e-05
1.01095e-05
-2.60843e-05
1.61132e-05
-3.30028e-05
2.32282e-05
-4.39633e-05
3.17753e-05
-5.96395e-05
4.20249e-05
-8.08867e-05
5.41776e-05
-0.000108701
6.83427e-05
-0.00014417
8.45165e-05
-0.000188406
0.000102565
-0.000242476
0.000122208
-0.00030732
0.00014302
-0.000383669
0.000164427
-0.000471963
0.000185729
-0.000572282
0.000206122
-0.000684287
0.000224734
-0.000807187
0.000240667
-0.000939714
0.000253043
-0.00108014
0.000261051
-0.00122629
0.000263995
-0.00137561
0.000261338
-0.00152526
0.00025273
-0.00167216
0.000238037
-0.00181313
0.000217354
-0.00194498
0.000191008
-0.00206464
0.000159548
-0.00216924
0.000123725
-0.00225623
8.44669e-05
-0.00232345
4.28383e-05
-0.00236923
-0.00239241
2.96091e-06
-1.36711e-05
6.1706e-06
-1.57538e-05
9.87349e-06
-2.00785e-05
1.43042e-05
-2.69594e-05
1.96798e-05
-3.68552e-05
2.61899e-05
-5.03536e-05
3.39832e-05
-6.81479e-05
4.3153e-05
-9.10057e-05
5.37214e-05
-0.000119729
6.56253e-05
-0.000155104
7.87048e-05
-0.000197852
9.26967e-05
-0.000248562
0.000107235
-0.00030764
0.000121856
-0.000375251
0.000136019
-0.000451268
0.000149122
-0.000535244
0.000160535
-0.00062639
0.000169627
-0.000723566
0.000175808
-0.000825302
0.000178557
-0.000929825
0.000177458
-0.00103511
0.000172227
-0.00113896
0.000162733
-0.00123904
0.000149009
-0.00133302
0.000131259
-0.00141859
0.000109855
-0.00149361
8.53206e-05
-0.00155615
5.83125e-05
-0.00160457
2.95934e-05
-0.00163759
-0.00165432
1.77611e-06
-8.10301e-06
3.71049e-06
-9.38052e-06
5.95964e-06
-1.20404e-05
8.67571e-06
-1.629e-05
1.20024e-05
-2.24343e-05
1.60687e-05
-3.0867e-05
2.09809e-05
-4.2058e-05
2.68123e-05
-5.65345e-05
3.35925e-05
-7.48564e-05
4.1297e-05
-9.75857e-05
4.98378e-05
-0.00012525
5.90575e-05
-0.000158302
6.8727e-05
-0.000197079
7.85485e-05
-0.00024176
8.81641e-05
-0.000292332
9.71697e-05
-0.000348558
0.000105133
-0.00040996
0.000111615
-0.00047581
0.000116197
-0.000545133
0.0001185
-0.000616728
0.000118216
-0.000689199
0.000115125
-0.000760996
0.000109111
-0.000830475
0.000100176
-0.000895949
8.84453e-05
-0.00095576
7.4162e-05
-0.00100834
5.76837e-05
-0.00105227
3.94656e-05
-0.00108634
2.00414e-05
-0.00110961
-0.00112141
1.04999e-06
-4.73681e-06
2.19876e-06
-5.50821e-06
3.54458e-06
-7.1185e-06
5.18418e-06
-9.70158e-06
7.21054e-06
-1.34555e-05
9.70938e-06
-1.86381e-05
1.2754e-05
-2.55601e-05
1.63988e-05
-3.45746e-05
2.0672e-05
-4.6062e-05
2.55682e-05
-6.04111e-05
3.10414e-05
-7.7996e-05
3.7e-05
-9.91486e-05
4.3304e-05
-0.000124131
4.97659e-05
-0.000153104
5.6155e-05
-0.000186104
6.22054e-05
-0.000223018
6.76279e-05
-0.000263565
7.21245e-05
-0.000307292
7.54046e-05
-0.000353567
7.7203e-05
-0.000401596
7.72972e-05
-0.000450435
7.5523e-05
-0.000499026
7.17874e-05
-0.000546228
6.6078e-05
-0.000590863
5.84674e-05
-0.00063176
4.91137e-05
-0.000667806
3.82548e-05
-0.000697986
2.61993e-05
-0.000721433
1.33126e-05
-0.000737462
-0.000745597
6.11925e-07
-2.73168e-06
1.28439e-06
-3.19039e-06
2.07797e-06
-4.15034e-06
3.05296e-06
-5.69623e-06
4.26833e-06
-7.95398e-06
5.77967e-06
-1.10888e-05
7.63612e-06
-1.53015e-05
9.87628e-06
-2.0823e-05
1.25234e-05
-2.79055e-05
1.55803e-05
-3.68107e-05
1.90245e-05
-4.77955e-05
2.28041e-05
-6.10947e-05
2.68357e-05
-7.69012e-05
3.10036e-05
-9.53468e-05
3.51621e-05
-0.000116482
3.91403e-05
-0.000140261
4.2749e-05
-0.000166525
4.57901e-05
-0.000194998
4.80679e-05
-0.000225281
4.94005e-05
-0.000256859
4.96324e-05
-0.00028911
4.86457e-05
-0.000321326
4.63693e-05
-0.000352735
4.27862e-05
-0.000382532
3.79375e-05
-0.000409912
3.19232e-05
-0.000434102
2.48986e-05
-0.000454397
1.70687e-05
-0.000470189
8.67813e-06
-0.000480997
-0.000486486
3.51671e-07
-1.55446e-06
7.39799e-07
-1.82318e-06
1.20107e-06
-2.38691e-06
1.77238e-06
-3.29816e-06
2.4904e-06
-4.63541e-06
3.39039e-06
-6.50232e-06
4.50447e-06
-9.02606e-06
5.85898e-06
-1.23542e-05
7.47154e-06
-1.66501e-05
9.34759e-06
-2.20856e-05
1.14771e-05
-2.88324e-05
1.38317e-05
-3.70511e-05
1.63626e-05
-4.68784e-05
1.89999e-05
-5.84142e-05
2.16537e-05
-7.17077e-05
2.42161e-05
-8.67459e-05
2.6566e-05
-0.000103444
2.85749e-05
-0.000121637
3.01136e-05
-0.000141078
3.10607e-05
-0.000161441
3.13103e-05
-0.000182324
3.07803e-05
-0.000203263
2.94188e-05
-0.000223749
2.72093e-05
-0.000243243
2.41743e-05
-0.000261204
2.03755e-05
-0.000277109
1.59125e-05
-0.000290479
1.09186e-05
-0.000300897
5.55438e-06
-0.000308036
-0.000311663
1.99353e-07
-8.73043e-07
4.20293e-07
-1.02818e-06
6.84658e-07
-1.35441e-06
1.01464e-06
-1.88368e-06
1.43261e-06
-2.66396e-06
1.96049e-06
-3.75906e-06
2.61875e-06
-5.24788e-06
3.42482e-06
-7.22286e-06
4.39127e-06
-9.78739e-06
5.52358e-06
-1.30518e-05
6.81795e-06
-1.7128e-05
8.25934e-06
-2.21227e-05
9.81992e-06
-2.81295e-05
1.14584e-05
-3.52202e-05
1.312e-05
-4.34359e-05
1.47383e-05
-5.27785e-05
1.62372e-05
-6.32043e-05
1.75351e-05
-7.46178e-05
1.85486e-05
-8.68697e-05
1.91985e-05
-9.97564e-05
1.94145e-05
-0.000113024
1.9141e-05
-0.000126376
1.83415e-05
-0.000139481
1.70023e-05
-0.000151988
1.51349e-05
-0.000163542
1.27768e-05
-0.000173795
9.99053e-06
-0.00018243
6.86123e-06
-0.000189168
3.49224e-06
-0.000193789
-0.000196139
1.11499e-07
-4.84059e-07
2.35576e-07
-5.72358e-07
3.85016e-07
-7.58459e-07
5.72943e-07
-1.06145e-06
8.12757e-07
-1.51015e-06
1.11783e-06
-2.14309e-06
1.50091e-06
-3.00829e-06
1.97322e-06
-4.16253e-06
2.54333e-06
-5.66994e-06
3.21576e-06
-7.59981e-06
3.98959e-06
-1.00234e-05
4.85714e-06
-1.30098e-05
5.80287e-06
-1.66211e-05
6.80278e-06
-2.09069e-05
7.82435e-06
-2.58986e-05
8.82724e-06
-3.16033e-05
9.76471e-06
-3.79999e-05
1.05858e-05
-4.50343e-05
1.1238e-05
-5.26179e-05
1.16705e-05
-6.06266e-05
1.18379e-05
-6.89029e-05
1.17035e-05
-7.72602e-05
1.12424e-05
-8.54887e-05
1.04441e-05
-9.33639e-05
9.31411e-06
-0.000100656
7.87487e-06
-0.000107141
6.16492e-06
-0.000112612
4.23752e-06
-0.000116887
2.15793e-06
-0.000119821
-0.000121315
6.15463e-08
-2.65011e-07
1.30305e-07
-3.14571e-07
2.13648e-07
-4.19258e-07
3.19205e-07
-5.90287e-07
4.54869e-07
-8.44652e-07
6.28642e-07
-1.20522e-06
8.48305e-07
-1.7007e-06
1.1209e-06
-2.36531e-06
1.45206e-06
-3.23807e-06
1.84514e-06
-4.36159e-06
2.30038e-06
-5.78024e-06
2.81403e-06
-7.53776e-06
3.3776e-06
-9.67427e-06
3.97743e-06
-1.22228e-05
4.5945e-06
-1.52058e-05
5.20481e-06
-1.86312e-05
5.78014e-06
-2.24895e-05
6.28932e-06
-2.67511e-05
6.69987e-06
-3.13641e-05
6.98003e-06
-3.62545e-05
7.10097e-06
-4.13263e-05
7.03902e-06
-4.64644e-05
6.77773e-06
-5.15385e-05
6.30951e-06
-5.64075e-05
5.63685e-06
-6.09266e-05
4.77278e-06
-6.49535e-05
3.74069e-06
-6.8356e-05
2.5733e-06
-7.10182e-05
1.31108e-06
-7.28475e-05
-7.37787e-05
3.35366e-08
-1.43294e-07
7.11476e-08
-1.70735e-07
1.17015e-07
-2.28823e-07
1.75509e-07
-3.24038e-07
2.51201e-07
-4.6624e-07
3.48794e-07
-6.68771e-07
4.72946e-07
-9.48489e-07
6.27973e-07
-1.32565e-06
8.17455e-07
-1.82356e-06
1.04374e-06
-2.46791e-06
1.3074e-06
-3.2858e-06
1.6067e-06
-4.30428e-06
1.93711e-06
-5.54862e-06
2.29099e-06
-7.04022e-06
2.65742e-06
-8.79436e-06
3.02237e-06
-1.08179e-05
3.3691e-06
-1.31071e-05
3.6789e-06
-1.5646e-05
3.93206e-06
-1.84051e-05
4.10909e-06
-2.13408e-05
4.19208e-06
-2.43957e-05
4.16613e-06
-2.75003e-05
4.02063e-06
-3.05749e-05
3.75034e-06
-3.35326e-05
3.35621e-06
-3.62839e-05
2.84573e-06
-3.87403e-05
2.2328e-06
-4.08189e-05
1.5372e-06
-4.24473e-05
7.83565e-07
-4.35672e-05
-4.41376e-05
1.8044e-08
-7.65391e-08
3.83557e-08
-9.15309e-08
6.32736e-08
-1.23334e-07
9.52609e-08
-1.75632e-07
1.36924e-07
-2.54053e-07
1.90981e-07
-3.66254e-07
2.60166e-07
-5.21972e-07
3.47071e-07
-7.32991e-07
4.53911e-07
-1.01299e-06
5.82243e-07
-1.37718e-06
7.32638e-07
-1.84177e-06
9.04353e-07
-2.42316e-06
1.09503e-06
-3.13691e-06
1.30046e-06
-3.99651e-06
1.51449e-06
-5.01201e-06
1.72905e-06
-6.18857e-06
1.93439e-06
-7.52517e-06
2.11947e-06
-9.01344e-06
2.27255e-06
-1.06368e-05
2.38189e-06
-1.23702e-05
2.43659e-06
-1.41798e-05
2.42745e-06
-1.60243e-05
2.34781e-06
-1.78559e-05
2.19417e-06
-1.96222e-05
1.9668e-06
-2.12687e-05
1.66989e-06
-2.27413e-05
1.3116e-06
-2.39894e-05
9.0367e-07
-2.49682e-05
4.60843e-07
-2.5642e-05
-2.59853e-05
9.58841e-09
-4.03942e-08
2.0421e-08
-4.84787e-08
3.37864e-08
-6.56637e-08
5.10528e-08
-9.40118e-08
7.36833e-08
-1.36686e-07
1.03223e-07
-1.98012e-07
1.41249e-07
-2.83521e-07
1.89286e-07
-3.9996e-07
2.48672e-07
-5.55215e-07
3.204e-07
-7.58138e-07
4.04924e-07
-1.01825e-06
5.01964e-07
-1.3453e-06
6.10317e-07
-1.74867e-06
7.27717e-07
-2.23665e-06
8.50744e-07
-2.81563e-06
9.74839e-07
-3.48925e-06
1.09441e-06
-4.25756e-06
1.20306e-06
-5.11631e-06
1.29391e-06
-6.05636e-06
1.36002e-06
-7.06346e-06
1.39489e-06
-8.11815e-06
1.39294e-06
-9.19625e-06
1.35007e-06
-1.02696e-05
1.26406e-06
-1.1307e-05
1.13485e-06
-1.2276e-05
9.64778e-07
-1.31442e-05
7.58543e-07
-1.38811e-05
5.23004e-07
-1.44596e-05
2.66832e-07
-1.48582e-05
-1.50614e-05
5.03337e-09
-2.1068e-08
1.07399e-08
-2.53723e-08
1.78198e-08
-3.454e-08
2.70221e-08
-4.97087e-08
3.91558e-08
-7.26293e-08
5.50852e-08
-1.05708e-07
7.57056e-08
-1.5204e-07
1.01896e-07
-2.15425e-07
1.34447e-07
-3.00337e-07
1.73972e-07
-4.11839e-07
2.20794e-07
-5.55429e-07
2.74832e-07
-7.36791e-07
3.35492e-07
-9.61466e-07
4.01568e-07
-1.23444e-06
4.71196e-07
-1.55968e-06
5.41837e-07
-1.9396e-06
6.10338e-07
-2.37458e-06
6.73052e-07
-2.86253e-06
7.26017e-07
-3.39852e-06
7.65201e-07
-3.97457e-06
7.86785e-07
-4.57964e-06
7.87474e-07
-5.19984e-06
7.64788e-07
-5.81881e-06
7.1733e-07
-6.41843e-06
6.4498e-07
-6.97958e-06
5.49007e-07
-7.48317e-06
4.32069e-07
-7.91116e-06
2.98114e-07
-8.24756e-06
1.52159e-07
-8.47947e-06
-8.59776e-06
2.61076e-09
-1.08614e-08
5.58084e-09
-1.31245e-08
9.28549e-09
-1.79541e-08
1.41291e-08
-2.59684e-08
2.05525e-08
-3.81229e-08
2.90319e-08
-5.57361e-08
4.0067e-08
-8.05142e-08
5.41557e-08
-1.14564e-07
7.17562e-08
-1.60384e-07
9.32357e-08
-2.20824e-07
1.1881e-07
-2.99003e-07
1.48474e-07
-3.98178e-07
1.81941e-07
-5.21563e-07
2.18584e-07
-6.72096e-07
2.57399e-07
-8.52166e-07
2.96996e-07
-1.06332e-06
3.35625e-07
-1.30597e-06
3.71238e-07
-1.57911e-06
4.01591e-07
-1.88013e-06
4.24381e-07
-2.20465e-06
4.37407e-07
-2.5465e-06
4.38748e-07
-2.8978e-06
4.2694e-07
-3.24925e-06
4.0113e-07
-3.59042e-06
3.61198e-07
-3.91031e-06
3.0782e-07
-4.19783e-06
2.42482e-07
-4.44251e-06
1.67418e-07
-4.63503e-06
8.54858e-08
-4.76784e-06
-4.83562e-06
1.33834e-09
-5.53584e-09
2.86595e-09
-6.71127e-09
4.78127e-09
-9.22433e-09
7.29962e-09
-1.34065e-08
1.06579e-08
-1.97716e-08
1.51146e-08
-2.9032e-08
2.09443e-08
-4.21143e-08
2.84243e-08
-6.01696e-08
3.78148e-08
-8.45719e-08
4.93306e-08
-1.169e-07
6.31079e-08
-1.58895e-07
7.9166e-08
-2.12393e-07
9.73705e-08
-2.79223e-07
1.174e-07
-3.61081e-07
1.38722e-07
-4.59379e-07
1.60588e-07
-5.75072e-07
1.8204e-07
-7.08489e-07
2.01947e-07
-8.59177e-07
2.19057e-07
-1.02577e-06
2.32077e-07
-1.2059e-06
2.39757e-07
-1.39616e-06
2.40999e-07
-1.59218e-06
2.34954e-07
-1.78873e-06
2.21114e-07
-1.97992e-06
1.99381e-07
-2.1595e-06
1.70113e-07
-2.32116e-06
1.34126e-07
-2.4589e-06
9.26652e-08
-2.56738e-06
4.73346e-08
-2.64227e-06
-2.68051e-06
6.78183e-10
-2.79e-09
1.45478e-09
-3.39319e-09
2.43338e-09
-4.68516e-09
3.72712e-09
-6.84118e-09
5.46154e-09
-1.01338e-08
7.77502e-09
-1.49426e-08
1.0816e-08
-2.17636e-08
1.47366e-08
-3.12168e-08
1.96818e-08
-4.40466e-08
2.57746e-08
-6.11145e-08
3.30977e-08
-8.33776e-08
4.16727e-08
-1.11853e-07
5.14388e-08
-1.47565e-07
6.2234e-08
-1.91476e-07
7.3781e-08
-2.44399e-07
8.5681e-08
-3.0691e-07
9.7418e-08
-3.79243e-07
1.08377e-07
-4.61202e-07
1.1787e-07
-5.52087e-07
1.25181e-07
-6.50634e-07
1.29614e-07
-7.55001e-07
1.3055e-07
-8.62786e-07
1.27506e-07
-9.71096e-07
1.20186e-07
-1.07666e-06
1.0852e-07
-1.17598e-06
9.26928e-08
-1.26552e-06
7.31476e-08
-1.34191e-06
5.05679e-08
-1.40213e-06
2.58405e-08
-1.44372e-06
-1.46497e-06
3.3978e-10
-1.39068e-09
7.30095e-10
-1.69659e-09
1.22432e-09
-2.35297e-09
1.88115e-09
-3.45127e-09
2.76623e-09
-5.13416e-09
3.95259e-09
-7.60108e-09
5.51937e-09
-1.11141e-08
7.54865e-09
-1.60022e-08
1.01199e-08
-2.26633e-08
1.3302e-08
-3.15603e-08
1.71437e-08
-4.32114e-08
2.1662e-08
-5.81717e-08
2.68309e-08
-7.70051e-08
3.257e-08
-1.00247e-07
3.87366e-08
-1.2836e-07
4.51217e-08
-1.61679e-07
5.14513e-08
-2.00359e-07
5.73952e-08
-2.44323e-07
6.25819e-08
-2.93217e-07
6.66207e-08
-3.46377e-07
6.91292e-08
-4.02819e-07
6.97651e-08
-4.61246e-07
6.82576e-08
-5.2008e-07
6.4437e-08
-5.77531e-07
5.82582e-08
-6.31673e-07
4.98151e-08
-6.80552e-07
3.93441e-08
-7.22296e-07
2.72155e-08
-7.55235e-07
1.39123e-08
-7.78005e-07
-7.89639e-07
1.68346e-10
-6.8569e-10
3.62323e-10
-8.39046e-10
6.091e-10
-1.16867e-09
9.38733e-10
-1.72165e-09
1.38511e-09
-2.57169e-09
1.98623e-09
-3.82224e-09
2.78374e-09
-5.60983e-09
3.82122e-09
-8.10683e-09
5.1415e-09
-1.15227e-08
6.78251e-09
-1.6103e-08
8.77215e-09
-2.2124e-08
1.11222e-08
-2.9884e-08
1.38221e-08
-3.96888e-08
1.68325e-08
-5.18319e-08
2.00813e-08
-6.65699e-08
2.34604e-08
-8.40947e-08
2.68262e-08
-1.04503e-07
3.00041e-08
-1.27769e-07
3.2796e-08
-1.53716e-07
3.4992e-08
-1.82001e-07
3.63855e-08
-2.12106e-07
3.67897e-08
-2.43338e-07
3.60554e-08
-2.74852e-07
3.40875e-08
-3.05681e-07
3.08577e-08
-3.3478e-07
2.6413e-08
-3.61086e-07
2.0878e-08
-3.83577e-07
1.44503e-08
-4.01339e-07
7.38948e-09
-4.13625e-07
-4.19905e-07
8.24987e-11
-3.34491e-10
1.77842e-10
-4.10502e-10
2.9969e-10
-5.74152e-10
4.63247e-10
-8.49394e-10
6.8578e-10
-1.27382e-09
9.86823e-10
-1.90039e-09
1.38795e-09
-2.79931e-09
1.91201e-09
-4.05969e-09
2.58171e-09
-5.7904e-09
3.41756e-09
-8.11968e-09
4.43515e-09
-1.1193e-08
5.642e-09
-1.51682e-08
7.03412e-09
-2.02086e-08
8.59278e-09
-2.64724e-08
1.02818e-08
-3.40999e-08
1.20461e-08
-4.31983e-08
1.38115e-08
-5.3826e-08
1.5487e-08
-6.59762e-08
1.69683e-08
-7.95635e-08
1.81443e-08
-9.44127e-08
1.8905e-08
-1.10254e-07
1.91499e-08
-1.26724e-07
1.87982e-08
-1.43375e-07
1.77975e-08
-1.59693e-07
1.61308e-08
-1.75118e-07
1.38211e-08
-1.8908e-07
1.09334e-08
-2.01031e-07
7.57161e-09
-2.10477e-07
3.87322e-09
-2.17014e-07
-2.20357e-07
3.99956e-11
-1.61461e-10
8.63517e-11
-1.98718e-10
1.45857e-10
-2.79063e-10
2.2611e-10
-4.14528e-10
3.358e-10
-6.24047e-10
4.84836e-10
-9.34398e-10
6.84256e-10
-1.38123e-09
9.4586e-10
-2.01001e-09
1.28151e-09
-2.87656e-09
1.70212e-09
-4.04702e-09
2.2162e-09
-5.59682e-09
2.82829e-09
-7.60845e-09
3.53712e-09
-1.01678e-08
4.33387e-09
-1.33588e-08
5.20071e-09
-1.72568e-08
6.10988e-09
-2.19209e-08
7.02359e-09
-2.73847e-08
7.89494e-09
-3.36486e-08
8.66993e-09
-4.06716e-08
9.29055e-09
-4.83656e-08
9.69888e-09
-5.65921e-08
9.84185e-09
-6.51629e-08
9.67634e-09
-7.38442e-08
9.17385e-09
-8.23656e-08
8.32446e-09
-9.04329e-08
7.13944e-09
-9.77444e-08
5.65202e-09
-1.04009e-07
3.91628e-09
-1.08964e-07
2.004e-09
-1.12396e-07
-1.14151e-07
1.91855e-11
-7.71353e-11
4.14852e-11
-9.5198e-11
7.02325e-11
-1.34212e-10
1.09181e-10
-2.00149e-10
1.62649e-10
-3.02433e-10
2.35603e-10
-4.54434e-10
3.33616e-10
-6.74034e-10
4.627e-10
-9.84132e-10
6.28967e-10
-1.41299e-09
8.38113e-10
-1.99428e-09
1.09472e-09
-2.7666e-09
1.4014e-09
-3.77244e-09
1.7579e-09
-5.05633e-09
2.16013e-09
-6.66218e-09
2.59941e-09
-8.62989e-09
3.06194e-09
-1.09912e-08
3.52872e-09
-1.37652e-08
3.97591e-09
-1.69539e-08
4.37588e-09
-2.0538e-08
4.69876e-09
-2.44738e-08
4.91451e-09
-2.86911e-08
4.99546e-09
-3.30938e-08
4.91892e-09
-3.75612e-08
4.66968e-09
-4.19534e-08
4.24214e-09
-4.61174e-08
3.64165e-09
-4.98959e-08
2.88506e-09
-5.31364e-08
2.0001e-09
-5.57018e-08
1.0238e-09
-5.74794e-08
-5.83889e-08
9.10771e-12
-3.64756e-11
1.97233e-11
-4.51393e-11
3.34646e-11
-6.38802e-11
5.21636e-11
-9.56278e-11
7.7944e-11
-1.45016e-10
1.13262e-10
-2.18644e-10
1.60896e-10
-3.25368e-10
2.2387e-10
-4.76585e-10
3.05288e-10
-6.86424e-10
4.08084e-10
-9.71803e-10
5.34668e-10
-1.35223e-09
6.86509e-10
-1.84928e-09
8.63652e-10
-2.48575e-09
1.06424e-09
-3.28427e-09
1.28412e-09
-4.26562e-09
1.51651e-09
-5.44662e-09
1.75195e-09
-6.83782e-09
1.9785e-09
-8.44108e-09
2.18221e-09
-1.02475e-08
2.34788e-09
-1.22357e-08
2.46016e-09
-1.43706e-08
2.50481e-09
-1.66036e-08
2.47006e-09
-1.88734e-08
2.34792e-09
-2.11084e-08
2.13529e-09
-2.32303e-08
1.83469e-09
-2.51579e-08
1.45454e-09
-2.68126e-08
1.00889e-09
-2.81236e-08
5.16582e-10
-2.90325e-08
-2.94977e-08
4.27968e-12
-1.70754e-11
9.28076e-12
-2.11868e-11
1.5781e-11
-3.00942e-11
2.46641e-11
-4.52171e-11
3.69614e-11
-6.88086e-11
5.38745e-11
-1.04087e-10
7.67716e-11
-1.55387e-10
1.07153e-10
-2.28311e-10
1.46576e-10
-3.29839e-10
1.96527e-10
-4.68364e-10
2.58255e-10
-6.53614e-10
3.32561e-10
-8.9642e-10
4.19552e-10
-1.20827e-09
5.18401e-10
-1.60069e-09
6.27135e-10
-2.08434e-09
7.4247e-10
-2.66799e-09
8.59767e-10
-3.3573e-09
9.73106e-10
-4.15367e-09
1.07553e-09
-5.05306e-09
1.1594e-09
-6.0451e-09
1.21699e-09
-7.11251e-09
1.24105e-09
-8.23103e-09
1.22557e-09
-9.3699e-09
1.16642e-09
-1.0493e-08
1.06191e-09
-1.15607e-08
9.13217e-10
-1.25316e-08
7.24494e-10
-1.3366e-08
5.02766e-10
-1.40274e-08
2.57508e-10
-1.44862e-08
-1.47211e-08
1.99114e-12
-7.91351e-12
4.32341e-12
-9.84394e-12
7.36706e-12
-1.40325e-11
1.15438e-11
-2.11603e-11
1.73488e-11
-3.23082e-11
2.53625e-11
-4.90287e-11
3.62512e-11
-7.34182e-11
5.07503e-11
-1.08198e-10
6.96302e-11
-1.56774e-10
9.36347e-11
-2.23258e-10
1.23401e-10
-3.12444e-10
1.59353e-10
-4.29691e-10
2.01584e-10
-5.80725e-10
2.49736e-10
-7.7132e-10
3.0288e-10
-1.00687e-09
3.59447e-10
-1.29188e-09
4.17184e-10
-1.62934e-09
4.73196e-10
-2.02014e-09
5.24052e-10
-2.4625e-09
5.65973e-10
-2.95145e-09
5.95099e-10
-3.47857e-09
6.07803e-10
-4.03192e-09
6.01049e-10
-4.59626e-09
5.72729e-10
-5.15359e-09
5.2195e-10
-5.68407e-09
4.49244e-10
-6.16703e-09
3.56641e-10
-6.5824e-09
2.47611e-10
-6.91193e-09
1.26858e-10
-7.14062e-09
-7.25775e-09
9.17334e-13
-3.62859e-12
1.99485e-12
-4.52473e-12
3.4063e-12
-6.47252e-12
5.35081e-12
-9.79395e-12
8.06406e-12
-1.50026e-11
1.18231e-11
-2.28361e-11
1.69485e-11
-3.42972e-11
2.37978e-11
-5.06914e-11
3.27456e-11
-7.36576e-11
4.41608e-11
-1.05186e-10
5.83631e-11
-1.47605e-10
7.5573e-11
-2.03533e-10
9.58551e-11
-2.75782e-10
1.19055e-10
-3.67204e-10
1.44744e-10
-4.80491e-10
1.72179e-10
-6.17911e-10
2.0028e-10
-7.81016e-10
2.27646e-10
-9.70337e-10
2.52604e-10
-1.18509e-09
2.73305e-10
-1.42295e-09
2.87846e-10
-1.67986e-09
2.94432e-10
-1.95002e-09
2.91551e-10
-2.22597e-09
2.78139e-10
-2.49887e-09
2.53732e-10
-2.75893e-09
2.18568e-10
-2.99595e-09
1.73626e-10
-3.19996e-09
1.20601e-10
-3.36193e-09
6.18051e-11
-3.47438e-09
-3.532e-09
4.19266e-13
-1.63994e-12
9.13414e-13
-2.04991e-12
1.56275e-12
-2.94227e-12
2.46115e-12
-4.46621e-12
3.71891e-12
-6.86274e-12
5.46781e-12
-1.04762e-11
7.86136e-12
-1.57784e-11
1.10701e-11
-2.33847e-11
1.5276e-11
-3.40701e-11
2.06589e-11
-4.87811e-11
2.73778e-11
-6.86298e-11
3.55464e-11
-9.48706e-11
4.52034e-11
-1.28859e-10
5.62848e-11
-1.7198e-10
6.85953e-11
-2.25545e-10
8.17846e-11
-2.90677e-10
9.53396e-11
-3.68159e-10
1.08589e-10
-4.5829e-10
1.20725e-10
-5.60738e-10
1.3085e-10
-6.74421e-10
1.38037e-10
-7.97426e-10
1.41404e-10
-9.26982e-10
1.40204e-10
-1.05951e-09
1.33908e-10
-1.19074e-09
1.22278e-10
-1.31594e-09
1.05417e-10
-1.43016e-09
8.37938e-11
-1.52855e-09
5.82304e-11
-1.60672e-09
2.98494e-11
-1.66101e-09
-1.68883e-09
1.91877e-13
-7.15991e-13
4.1873e-13
-8.97149e-13
7.1766e-13
-1.29134e-12
1.13303e-12
-1.96589e-12
1.71688e-12
-3.02892e-12
2.53151e-12
-4.63542e-12
3.65001e-12
-6.99947e-12
5.15484e-12
-1.03992e-11
7.13381e-12
-1.5187e-11
9.67547e-12
-2.17956e-11
1.28581e-11
-3.07339e-11
1.67393e-11
-4.25797e-11
2.13426e-11
-5.79591e-11
2.6642e-11
-7.75153e-11
3.25481e-11
-1.01863e-10
3.88966e-11
-1.31529e-10
4.54434e-11
-1.66892e-10
5.18661e-11
-2.08107e-10
5.77747e-11
-2.55038e-10
6.27325e-11
-3.07204e-10
6.62869e-11
-3.63734e-10
6.80048e-11
-4.23359e-10
6.75177e-11
-4.8443e-10
6.45609e-11
-5.44975e-10
5.9012e-11
-6.02795e-10
5.09163e-11
-6.55588e-10
4.04985e-11
-7.01098e-10
2.81561e-11
-7.37271e-10
1.44374e-11
-7.62407e-10
-7.75292e-10
9.1691e-14
-2.67455e-13
2.00376e-13
-3.35942e-13
3.44149e-13
-4.84328e-13
5.44399e-13
-7.3917e-13
8.27382e-13
-1.14142e-12
1.22375e-12
-1.74986e-12
1.76995e-12
-2.64733e-12
2.50717e-12
-3.94034e-12
3.48036e-12
-5.76463e-12
4.73446e-12
-8.28749e-12
6.31026e-12
-1.17061e-11
8.23881e-12
-1.62444e-11
1.05336e-11
-2.21475e-11
1.31841e-11
-2.96655e-11
1.61479e-11
-3.90411e-11
1.93447e-11
-5.04828e-11
2.26529e-11
-6.41409e-11
2.59112e-11
-8.00824e-11
2.89219e-11
-9.82582e-11
3.14632e-11
-1.18486e-10
3.33035e-11
-1.40431e-10
3.42203e-11
-1.63602e-10
3.40228e-11
-1.87357e-10
3.25725e-11
-2.10927e-10
2.98041e-11
-2.33452e-10
2.57373e-11
-2.54033e-10
2.04851e-11
-2.71783e-10
1.4249e-11
-2.85897e-10
7.30829e-12
-2.95707e-10
-3.00737e-10
5.40834e-14
1.17934e-13
2.02861e-13
3.22042e-13
4.9061e-13
7.27718e-13
1.05541e-12
1.49919e-12
2.08687e-12
2.84648e-12
3.80371e-12
4.97902e-12
6.38138e-12
8.00616e-12
9.82829e-12
1.17992e-11
1.38459e-11
1.5868e-11
1.77434e-11
1.93348e-11
2.04971e-11
2.10905e-11
2.09944e-11
2.01212e-11
1.84278e-11
1.59256e-11
1.2683e-11
8.82576e-12
4.52762e-12
)
;

boundaryField
{
    outerWall
    {
        type            calculated;
        value           uniform 0;
    }
    axis
    {
        type            symmetryPlane;
        value           uniform 0;
    }
    nozzle
    {
        type            calculated;
        value           nonuniform List<scalar> 5(0.762501 0.762532 0.762532 0.762532 0.762501);
    }
    back
    {
        type            empty;
    }
    front
    {
        type            empty;
    }
}


// ************************************************************************* //
