/*--------------------------------*- C++ -*----------------------------------*\
| =========                 |                                                 |
| \\      /  F ield         | OpenFOAM: The Open Source CFD Toolbox           |
|  \\    /   O peration     | Version:  2412                                  |
|   \\  /    A nd           | Website:  www.openfoam.com                      |
|    \\/     M anipulation  |                                                 |
\*---------------------------------------------------------------------------*/
FoamFile
{
    version     2.0;
    format      ascii;
    arch        "LSB;label=32;scalar=64";
    class       volScalarField;
    location    "7.5e-05";
    object      p;
}
// * * * * * * * * * * * * * * * * * * * * * * * * * * * * * * * * * * * * * //

dimensions      [1 -1 -2 0 0 0 0];

internalField   nonuniform List<scalar> 
3725
(
9.99995e+06
9.99991e+06
9.9998e+06
9.99956e+06
9.99905e+06
9.998e+06
9.99593e+06
9.99199e+06
9.98477e+06
9.97204e+06
9.95053e+06
9.91576e+06
9.86216e+06
9.78352e+06
9.67396e+06
9.52943e+06
9.34916e+06
9.13682e+06
8.90067e+06
8.65223e+06
8.40442e+06
8.16957e+06
7.95754e+06
7.77464e+06
7.62352e+06
7.50387e+06
7.41348e+06
7.34932e+06
7.30846e+06
7.28864e+06
9.99994e+06
9.99989e+06
9.99977e+06
9.99949e+06
9.9989e+06
9.99771e+06
9.99537e+06
9.99095e+06
9.98289e+06
9.96881e+06
9.94522e+06
9.90749e+06
9.84992e+06
9.76645e+06
9.65168e+06
9.50235e+06
9.31886e+06
9.1061e+06
8.8732e+06
8.63191e+06
8.39474e+06
8.17298e+06
7.97505e+06
7.80585e+06
7.66693e+06
7.55734e+06
7.47466e+06
7.41598e+06
7.37856e+06
7.3604e+06
9.99992e+06
9.99986e+06
9.9997e+06
9.99935e+06
9.99861e+06
9.99712e+06
9.99423e+06
9.98882e+06
9.97908e+06
9.9623e+06
9.9346e+06
9.89099e+06
9.8257e+06
9.73293e+06
9.60823e+06
9.45005e+06
9.26099e+06
9.04817e+06
8.82219e+06
8.5951e+06
8.37843e+06
8.18132e+06
8.00953e+06
7.86537e+06
7.7485e+06
7.65694e+06
7.58801e+06
7.53901e+06
7.50769e+06
7.49245e+06
9.99989e+06
9.99981e+06
9.99959e+06
9.99912e+06
9.99815e+06
9.9962e+06
9.99246e+06
9.98554e+06
9.97327e+06
9.95243e+06
9.91863e+06
9.86644e+06
9.79e+06
9.68411e+06
9.54583e+06
9.37609e+06
9.18062e+06
8.96942e+06
8.7547e+06
8.54851e+06
8.36056e+06
8.19687e+06
8.05953e+06
7.94763e+06
7.85865e+06
7.78955e+06
7.73756e+06
7.70042e+06
7.67652e+06
7.66482e+06
9.99985e+06
9.99974e+06
9.99944e+06
9.99881e+06
9.9975e+06
9.99492e+06
9.99001e+06
9.98105e+06
9.96537e+06
9.93914e+06
9.89735e+06
9.83413e+06
9.74368e+06
9.62177e+06
9.4676e+06
9.28535e+06
9.0845e+06
8.87802e+06
8.67944e+06
8.50003e+06
8.34673e+06
8.22151e+06
8.12233e+06
8.04502e+06
7.98515e+06
7.93904e+06
7.90414e+06
7.87887e+06
7.86236e+06
7.85419e+06
9.99979e+06
9.99964e+06
9.99924e+06
9.99839e+06
9.99665e+06
9.99324e+06
9.98683e+06
9.97526e+06
9.95529e+06
9.92239e+06
9.87088e+06
9.79454e+06
9.68789e+06
9.54816e+06
9.37736e+06
9.18353e+06
8.98009e+06
8.78263e+06
8.60514e+06
8.45703e+06
8.34143e+06
8.25572e+06
8.19381e+06
8.14888e+06
8.11533e+06
8.0895e+06
8.06944e+06
8.0544e+06
8.04425e+06
8.03912e+06
9.99971e+06
9.99951e+06
9.99898e+06
9.99785e+06
9.99556e+06
9.99112e+06
9.98286e+06
9.96811e+06
9.94299e+06
9.90222e+06
9.83949e+06
9.74838e+06
9.62414e+06
9.46599e+06
9.27936e+06
9.07657e+06
8.87472e+06
8.69116e+06
8.53916e+06
8.42495e+06
8.34703e+06
8.29815e+06
8.26884e+06
8.25073e+06
8.23812e+06
8.22801e+06
8.21932e+06
8.21211e+06
8.20686e+06
8.20408e+06
9.99962e+06
9.99935e+06
9.99866e+06
9.99719e+06
9.99423e+06
9.98855e+06
9.97807e+06
9.95959e+06
9.9285e+06
9.8788e+06
9.80363e+06
9.69664e+06
9.55421e+06
9.37819e+06
9.17793e+06
8.9701e+06
8.77477e+06
8.60987e+06
8.48649e+06
8.40655e+06
8.36346e+06
8.34584e+06
8.34212e+06
8.34371e+06
8.34579e+06
8.34647e+06
8.3456e+06
8.34384e+06
8.34207e+06
8.34098e+06
9.9995e+06
9.99915e+06
9.99827e+06
9.99639e+06
9.99264e+06
9.9855e+06
9.97246e+06
9.94973e+06
9.91195e+06
9.85244e+06
9.76394e+06
9.64049e+06
9.48012e+06
9.2878e+06
9.07719e+06
8.86895e+06
8.68512e+06
8.54279e+06
8.44948e+06
8.40192e+06
8.38859e+06
8.39507e+06
8.4092e+06
8.42349e+06
8.4346e+06
8.44189e+06
8.44594e+06
8.44777e+06
8.44835e+06
8.44844e+06
9.99936e+06
9.99892e+06
9.9978e+06
9.99545e+06
9.99079e+06
9.98199e+06
9.96607e+06
9.93861e+06
9.89355e+06
9.82356e+06
9.72122e+06
9.58132e+06
9.40397e+06
9.19776e+06
8.98071e+06
8.77682e+06
8.60887e+06
8.49166e+06
8.42801e+06
8.4091e+06
8.41919e+06
8.44233e+06
8.4673e+06
8.48853e+06
8.50444e+06
8.51537e+06
8.52234e+06
8.52642e+06
8.52856e+06
8.52943e+06
9.99919e+06
9.99865e+06
9.99727e+06
9.99438e+06
9.9887e+06
9.97805e+06
9.95899e+06
9.92642e+06
9.87363e+06
9.79276e+06
9.67646e+06
9.5206e+06
9.32786e+06
9.1107e+06
8.89132e+06
8.69612e+06
8.54735e+06
8.45624e+06
8.42013e+06
8.42494e+06
8.45186e+06
8.48507e+06
8.5154e+06
8.5396e+06
8.5576e+06
8.57035e+06
8.57894e+06
8.58437e+06
8.58745e+06
8.58879e+06
9.99901e+06
9.99835e+06
9.99667e+06
9.99319e+06
9.98639e+06
9.97376e+06
9.95132e+06
9.91338e+06
9.85259e+06
9.76072e+06
9.63071e+06
9.45988e+06
9.25375e+06
9.02883e+06
8.811e+06
8.62801e+06
8.50038e+06
8.4348e+06
8.4229e+06
8.44601e+06
8.48382e+06
8.52196e+06
8.55398e+06
8.57883e+06
8.59743e+06
8.61091e+06
8.62028e+06
8.62634e+06
8.62986e+06
8.63137e+06
9.9988e+06
9.99801e+06
9.99603e+06
9.99191e+06
9.98393e+06
9.96919e+06
9.94324e+06
9.89979e+06
9.83093e+06
9.72821e+06
9.5851e+06
9.40061e+06
9.18337e+06
8.95382e+06
8.74083e+06
8.57253e+06
8.46665e+06
8.42477e+06
8.43304e+06
8.46927e+06
8.51315e+06
8.55272e+06
8.58438e+06
8.60874e+06
8.62717e+06
8.64073e+06
8.65021e+06
8.65631e+06
8.6598e+06
8.66115e+06
9.99858e+06
9.99766e+06
9.99534e+06
9.99056e+06
9.98135e+06
9.96447e+06
9.93496e+06
9.886e+06
9.80921e+06
9.69606e+06
9.54074e+06
9.34417e+06
9.11813e+06
8.88676e+06
8.68116e+06
8.52887e+06
8.44415e+06
8.42328e+06
8.4475e+06
8.49242e+06
8.53887e+06
8.57781e+06
8.60818e+06
8.63159e+06
8.64946e+06
8.6626e+06
8.67165e+06
8.67723e+06
8.68025e+06
8.68105e+06
9.99836e+06
9.99729e+06
9.99464e+06
9.98919e+06
9.97875e+06
9.95972e+06
9.92672e+06
9.8724e+06
9.78801e+06
9.66509e+06
9.49869e+06
9.29172e+06
9.05911e+06
8.82823e+06
8.63167e+06
8.49568e+06
8.4306e+06
8.42759e+06
8.46381e+06
8.51391e+06
8.56066e+06
8.598e+06
8.62681e+06
8.64915e+06
8.66619e+06
8.67852e+06
8.68667e+06
8.69121e+06
8.69331e+06
8.69305e+06
9.99813e+06
9.99693e+06
9.99394e+06
9.98784e+06
9.97619e+06
9.9551e+06
9.91875e+06
9.85937e+06
9.76792e+06
9.6361e+06
9.4599e+06
9.24427e+06
9.00705e+06
8.77837e+06
8.59163e+06
8.4713e+06
8.42368e+06
8.43529e+06
8.48014e+06
8.53288e+06
8.57865e+06
8.6141e+06
8.64141e+06
8.66263e+06
8.67865e+06
8.68984e+06
8.69669e+06
8.69965e+06
8.70036e+06
8.69836e+06
9.99791e+06
9.99658e+06
9.99328e+06
9.98655e+06
9.97379e+06
9.95077e+06
9.91133e+06
9.84732e+06
9.74951e+06
9.60982e+06
9.42522e+06
9.20256e+06
8.96238e+06
8.73697e+06
8.56005e+06
8.45402e+06
8.42134e+06
8.44448e+06
8.49524e+06
8.54894e+06
8.59317e+06
8.62682e+06
8.65277e+06
8.67288e+06
8.68771e+06
8.69749e+06
8.70267e+06
8.70349e+06
8.7021e+06
8.69691e+06
9.99771e+06
9.99626e+06
9.99268e+06
9.98539e+06
9.97161e+06
9.94687e+06
9.90469e+06
9.83663e+06
9.7333e+06
9.5869e+06
9.39533e+06
9.16718e+06
8.92528e+06
8.70362e+06
8.53583e+06
8.44223e+06
8.42181e+06
8.45372e+06
8.50835e+06
8.56202e+06
8.60461e+06
8.63669e+06
8.66147e+06
8.68048e+06
8.694e+06
8.70215e+06
8.70529e+06
8.70342e+06
8.69979e+06
8.69529e+06
9.99754e+06
9.99599e+06
9.99216e+06
9.98439e+06
9.96975e+06
9.94356e+06
9.89908e+06
9.82763e+06
9.71975e+06
9.5679e+06
9.3708e+06
9.13853e+06
8.8958e+06
8.6778e+06
8.5179e+06
8.43451e+06
8.4237e+06
8.46202e+06
8.51904e+06
8.57222e+06
8.61332e+06
8.64413e+06
8.66792e+06
8.68588e+06
8.69804e+06
8.70436e+06
8.70481e+06
8.69774e+06
8.68039e+06
8.65499e+06
9.9974e+06
9.99577e+06
9.99174e+06
9.9836e+06
9.96829e+06
9.94096e+06
9.89469e+06
9.82062e+06
9.70925e+06
9.55326e+06
9.35206e+06
9.11688e+06
8.87383e+06
8.65898e+06
8.50533e+06
8.42971e+06
8.42594e+06
8.46871e+06
8.52713e+06
8.57968e+06
8.6196e+06
8.64945e+06
8.67243e+06
8.68943e+06
8.70031e+06
8.70494e+06
8.70382e+06
8.69825e+06
8.69279e+06
8.68561e+06
9.99731e+06
9.99563e+06
9.99149e+06
9.98311e+06
9.96738e+06
9.93935e+06
9.89197e+06
9.8163e+06
9.7028e+06
9.54432e+06
9.34067e+06
9.10383e+06
8.86074e+06
8.64794e+06
8.49818e+06
8.42725e+06
8.42763e+06
8.47289e+06
8.53199e+06
8.58407e+06
8.62326e+06
8.65253e+06
8.67498e+06
8.6913e+06
8.70101e+06
8.70342e+06
8.69662e+06
8.68039e+06
8.62832e+06
8.56041e+06
9.99726e+06
9.99556e+06
9.99135e+06
9.98284e+06
9.96688e+06
9.93847e+06
9.8905e+06
9.81396e+06
9.69932e+06
9.53951e+06
9.33456e+06
9.09685e+06
8.85379e+06
8.64213e+06
8.49447e+06
8.42606e+06
8.42862e+06
8.47516e+06
8.53458e+06
8.58639e+06
8.62519e+06
8.65415e+06
8.67631e+06
8.69225e+06
8.70138e+06
8.70296e+06
8.69557e+06
8.68173e+06
8.64476e+06
8.62024e+06
9.99725e+06
9.99553e+06
9.9913e+06
9.98275e+06
9.96672e+06
9.93818e+06
9.89001e+06
9.81318e+06
9.69816e+06
9.5379e+06
9.33252e+06
9.09453e+06
8.85148e+06
8.64021e+06
8.49325e+06
8.42568e+06
8.42897e+06
8.47593e+06
8.53544e+06
8.58716e+06
8.62583e+06
8.65468e+06
8.67675e+06
8.69255e+06
8.70146e+06
8.7026e+06
8.69388e+06
8.67473e+06
8.61861e+06
8.57579e+06
9.99726e+06
9.99556e+06
9.99135e+06
9.98284e+06
9.96688e+06
9.93847e+06
9.8905e+06
9.81396e+06
9.69933e+06
9.53951e+06
9.33457e+06
9.09686e+06
8.85379e+06
8.64214e+06
8.49447e+06
8.42606e+06
8.42863e+06
8.47516e+06
8.53458e+06
8.58639e+06
8.6252e+06
8.65416e+06
8.67633e+06
8.69227e+06
8.70141e+06
8.703e+06
8.69563e+06
8.68183e+06
8.64484e+06
8.62028e+06
9.99731e+06
9.99563e+06
9.99149e+06
9.98311e+06
9.96738e+06
9.93935e+06
9.89197e+06
9.8163e+06
9.70281e+06
9.54433e+06
9.34068e+06
9.10384e+06
8.86076e+06
8.64796e+06
8.49819e+06
8.42726e+06
8.42764e+06
8.47289e+06
8.53199e+06
8.58408e+06
8.62328e+06
8.65256e+06
8.67502e+06
8.69135e+06
8.70109e+06
8.7035e+06
8.69671e+06
8.68046e+06
8.62832e+06
8.56032e+06
8.33463e+06
8.34055e+06
8.29264e+06
8.23138e+06
8.16318e+06
8.0878e+06
8.00478e+06
7.91328e+06
7.81169e+06
7.69779e+06
7.56863e+06
7.42027e+06
7.24764e+06
7.04426e+06
6.80216e+06
6.51191e+06
6.16293e+06
5.74422e+06
5.24555e+06
4.65895e+06
3.98073e+06
3.21271e+06
2.36391e+06
1.45073e+06
493580
8.44921e+06
8.38793e+06
8.31708e+06
8.24409e+06
8.16939e+06
8.0908e+06
8.00627e+06
7.91401e+06
7.81205e+06
7.69797e+06
7.56871e+06
7.42031e+06
7.24765e+06
7.04427e+06
6.80216e+06
6.51191e+06
6.16293e+06
5.74423e+06
5.24556e+06
4.65895e+06
3.98073e+06
3.21271e+06
2.36391e+06
1.45073e+06
493580
8.38708e+06
8.34785e+06
8.29222e+06
8.22946e+06
8.16121e+06
8.08637e+06
8.00392e+06
7.91279e+06
7.81143e+06
7.69768e+06
7.56859e+06
7.42027e+06
7.24765e+06
7.04427e+06
6.80217e+06
6.51192e+06
6.16293e+06
5.74423e+06
5.24556e+06
4.65895e+06
3.98074e+06
3.21271e+06
2.36391e+06
1.45073e+06
493580
8.44925e+06
8.38793e+06
8.31705e+06
8.244e+06
8.16935e+06
8.09079e+06
8.00627e+06
7.91401e+06
7.81204e+06
7.69797e+06
7.56872e+06
7.42032e+06
7.24766e+06
7.04427e+06
6.80217e+06
6.51192e+06
6.16294e+06
5.74423e+06
5.24556e+06
4.65895e+06
3.98073e+06
3.21271e+06
2.36391e+06
1.45073e+06
493580
8.33473e+06
8.34062e+06
8.29273e+06
8.23152e+06
8.16327e+06
8.08785e+06
8.00482e+06
7.9133e+06
7.81171e+06
7.69781e+06
7.56864e+06
7.42028e+06
7.24764e+06
7.04426e+06
6.80217e+06
6.51191e+06
6.16293e+06
5.74423e+06
5.24556e+06
4.65895e+06
3.98073e+06
3.21271e+06
2.36391e+06
1.45072e+06
493579
9.9974e+06
9.99577e+06
9.99175e+06
9.98361e+06
9.96829e+06
9.94097e+06
9.89471e+06
9.82065e+06
9.70929e+06
9.55333e+06
9.35214e+06
9.11697e+06
8.87393e+06
8.65907e+06
8.50539e+06
8.42974e+06
8.42595e+06
8.46869e+06
8.52712e+06
8.57968e+06
8.61962e+06
8.64949e+06
8.67249e+06
8.68954e+06
8.70045e+06
8.70515e+06
8.70413e+06
8.69872e+06
8.69352e+06
8.68659e+06
9.99754e+06
9.99599e+06
9.99216e+06
9.98441e+06
9.96978e+06
9.94361e+06
9.89916e+06
9.82776e+06
9.71995e+06
9.56817e+06
9.37115e+06
9.13894e+06
8.89621e+06
8.67816e+06
8.51816e+06
8.43462e+06
8.42369e+06
8.46193e+06
8.51894e+06
8.57215e+06
8.6133e+06
8.64417e+06
8.66802e+06
8.68605e+06
8.69831e+06
8.70472e+06
8.70527e+06
8.69822e+06
8.6809e+06
8.65556e+06
9.99771e+06
9.99627e+06
9.99269e+06
9.98542e+06
9.97166e+06
9.94697e+06
9.90486e+06
9.83689e+06
9.7337e+06
9.58747e+06
9.39607e+06
9.16805e+06
8.92619e+06
8.70443e+06
8.53641e+06
8.44251e+06
8.42182e+06
8.45355e+06
8.50813e+06
8.56186e+06
8.60455e+06
8.63675e+06
8.66166e+06
8.68081e+06
8.69449e+06
8.70281e+06
8.70613e+06
8.70444e+06
8.70105e+06
8.69676e+06
9.99792e+06
9.99659e+06
9.9933e+06
9.9866e+06
9.97387e+06
9.95092e+06
9.91159e+06
9.84775e+06
9.75016e+06
9.61075e+06
9.42644e+06
9.20402e+06
8.96393e+06
8.7384e+06
8.56113e+06
8.45462e+06
8.42146e+06
8.44426e+06
8.49491e+06
8.5487e+06
8.59311e+06
8.62698e+06
8.65318e+06
8.67355e+06
8.68865e+06
8.69873e+06
8.7042e+06
8.7053e+06
8.70413e+06
8.6991e+06
9.99814e+06
9.99695e+06
9.99398e+06
9.9879e+06
9.97631e+06
9.95532e+06
9.91913e+06
9.85998e+06
9.76885e+06
9.63744e+06
9.46169e+06
9.24644e+06
9.00941e+06
8.78061e+06
8.59342e+06
8.47241e+06
8.42407e+06
8.43514e+06
8.47978e+06
8.53263e+06
8.57871e+06
8.61457e+06
8.64231e+06
8.664e+06
8.68051e+06
8.69221e+06
8.69953e+06
8.70292e+06
8.70396e+06
8.70217e+06
9.99837e+06
9.99731e+06
9.99468e+06
9.98927e+06
9.9789e+06
9.96e+06
9.9272e+06
9.87319e+06
9.78923e+06
9.66687e+06
9.50109e+06
9.2947e+06
9.06244e+06
8.83151e+06
8.63444e+06
8.49758e+06
8.43153e+06
8.42775e+06
8.46364e+06
8.51388e+06
8.56112e+06
8.59915e+06
8.62874e+06
8.65191e+06
8.66981e+06
8.683e+06
8.69196e+06
8.69718e+06
8.6998e+06
8.69984e+06
9.9986e+06
9.99768e+06
9.99539e+06
9.99065e+06
9.98153e+06
9.9648e+06
9.93554e+06
9.88696e+06
9.81071e+06
9.69827e+06
9.54378e+06
9.34801e+06
9.12255e+06
8.89129e+06
8.68521e+06
8.53196e+06
8.44605e+06
8.42418e+06
8.44792e+06
8.49305e+06
8.54027e+06
8.58037e+06
8.61208e+06
8.63695e+06
8.65631e+06
8.67092e+06
8.68132e+06
8.68804e+06
8.69188e+06
8.69314e+06
9.99882e+06
9.99804e+06
9.99608e+06
9.99201e+06
9.98413e+06
9.96956e+06
9.9439e+06
9.9009e+06
9.83268e+06
9.73083e+06
9.58876e+06
9.40535e+06
9.18898e+06
8.95981e+06
8.74653e+06
8.57729e+06
8.47013e+06
8.4271e+06
8.43483e+06
8.47142e+06
8.51652e+06
8.55797e+06
8.59189e+06
8.61872e+06
8.63969e+06
8.65572e+06
8.66745e+06
8.67542e+06
8.68026e+06
8.68233e+06
9.99903e+06
9.99837e+06
9.99673e+06
9.9933e+06
9.98661e+06
9.97416e+06
9.95204e+06
9.9146e+06
9.85454e+06
9.76369e+06
9.63495e+06
9.4655e+06
9.26062e+06
9.03649e+06
8.81873e+06
8.63507e+06
8.50631e+06
8.43966e+06
8.42736e+06
8.45119e+06
8.49094e+06
8.53207e+06
8.5678e+06
8.59673e+06
8.61952e+06
8.63707e+06
8.65011e+06
8.65921e+06
8.6649e+06
8.66754e+06
9.99921e+06
9.99868e+06
9.99733e+06
9.99449e+06
9.98892e+06
9.97847e+06
9.95974e+06
9.92772e+06
9.87574e+06
9.79602e+06
9.6812e+06
9.52706e+06
9.33603e+06
9.12023e+06
8.90155e+06
8.70628e+06
8.55691e+06
8.46523e+06
8.4293e+06
8.43563e+06
8.46572e+06
8.50364e+06
8.53981e+06
8.57053e+06
8.59525e+06
8.61448e+06
8.6289e+06
8.63911e+06
8.64559e+06
8.6487e+06
9.99938e+06
9.99895e+06
9.99786e+06
9.99556e+06
9.99101e+06
9.98241e+06
9.96684e+06
9.93995e+06
9.89576e+06
9.82704e+06
9.72639e+06
9.58855e+06
9.41346e+06
9.20936e+06
8.99395e+06
8.79106e+06
8.62366e+06
8.50709e+06
8.44493e+06
8.42915e+06
8.44447e+06
8.47492e+06
8.5089e+06
8.54017e+06
8.56644e+06
8.58734e+06
8.60323e+06
8.61459e+06
8.62188e+06
8.62542e+06
9.99952e+06
9.99918e+06
9.99832e+06
9.99649e+06
9.99285e+06
9.98591e+06
9.97322e+06
9.95107e+06
9.91421e+06
9.85606e+06
9.76947e+06
9.64847e+06
9.49099e+06
9.30176e+06
9.09412e+06
8.88856e+06
8.70727e+06
8.56782e+06
8.47853e+06
8.43698e+06
8.43225e+06
8.45001e+06
8.47766e+06
8.50689e+06
8.53336e+06
8.55537e+06
8.57254e+06
8.58502e+06
8.59311e+06
8.59708e+06
9.99963e+06
9.99937e+06
9.99871e+06
9.99729e+06
9.99443e+06
9.98894e+06
9.97881e+06
9.96092e+06
9.93078e+06
9.88255e+06
9.8095e+06
9.70539e+06
9.56662e+06
9.39493e+06
9.19948e+06
8.99681e+06
8.80712e+06
8.6488e+06
8.53368e+06
8.4645e+06
8.43528e+06
8.43478e+06
8.4509e+06
8.47401e+06
8.49799e+06
8.5195e+06
8.53709e+06
8.55025e+06
8.55893e+06
8.56324e+06
9.99973e+06
9.99953e+06
9.99903e+06
9.99795e+06
9.99575e+06
9.9915e+06
9.98357e+06
9.96942e+06
9.94529e+06
9.9061e+06
9.84576e+06
9.75807e+06
9.63845e+06
9.48624e+06
9.30689e+06
9.11274e+06
8.92108e+06
8.74967e+06
8.61242e+06
8.51621e+06
8.46001e+06
8.43651e+06
8.43557e+06
8.4475e+06
8.46492e+06
8.48306e+06
8.49917e+06
8.51185e+06
8.52049e+06
8.52484e+06
9.9998e+06
9.99966e+06
9.99928e+06
9.99848e+06
9.99683e+06
9.9936e+06
9.98754e+06
9.97658e+06
9.95767e+06
9.92651e+06
9.87775e+06
9.80553e+06
9.70479e+06
9.57314e+06
9.41291e+06
9.23247e+06
9.04554e+06
8.8681e+06
8.71461e+06
8.59477e+06
8.51179e+06
8.46261e+06
8.44004e+06
8.43562e+06
8.44172e+06
8.45258e+06
8.46429e+06
8.4745e+06
8.48185e+06
8.48567e+06
9.99986e+06
9.99975e+06
9.99948e+06
9.9989e+06
9.99768e+06
9.99529e+06
9.99075e+06
9.98245e+06
9.96795e+06
9.94373e+06
9.90522e+06
9.84713e+06
9.76434e+06
9.65337e+06
9.51419e+06
9.35164e+06
9.17573e+06
8.99982e+06
8.83756e+06
8.70002e+06
8.59354e+06
8.51892e+06
8.47241e+06
8.44772e+06
8.43806e+06
8.43745e+06
8.44131e+06
8.44646e+06
8.45085e+06
8.4533e+06
9.9999e+06
9.99983e+06
9.99964e+06
9.99922e+06
9.99834e+06
9.99661e+06
9.99328e+06
9.98714e+06
9.97627e+06
9.95788e+06
9.92817e+06
9.88257e+06
9.81623e+06
9.72518e+06
9.60772e+06
9.46591e+06
9.30625e+06
9.13904e+06
8.97617e+06
8.82868e+06
8.70471e+06
8.60809e+06
8.53839e+06
8.49199e+06
8.46376e+06
8.44838e+06
8.44123e+06
8.43871e+06
8.43832e+06
8.4385e+06
9.99993e+06
9.99988e+06
9.99975e+06
9.99946e+06
9.99884e+06
9.99761e+06
9.99523e+06
9.99078e+06
9.98283e+06
9.96918e+06
9.94682e+06
9.9119e+06
9.86012e+06
9.78743e+06
9.69121e+06
9.57144e+06
9.43172e+06
9.27923e+06
9.12351e+06
8.97455e+06
8.84099e+06
8.72858e+06
8.63958e+06
8.57309e+06
8.52608e+06
8.49456e+06
8.47453e+06
8.46256e+06
8.45601e+06
8.45316e+06
9.99996e+06
9.99992e+06
9.99983e+06
9.99963e+06
9.99921e+06
9.99835e+06
9.99669e+06
9.99354e+06
9.98785e+06
9.97797e+06
9.96155e+06
9.93548e+06
9.89612e+06
9.8397e+06
9.7632e+06
9.66531e+06
9.54739e+06
9.41388e+06
9.27179e+06
9.12938e+06
8.99475e+06
8.87448e+06
8.77261e+06
8.69053e+06
8.62735e+06
8.5808e+06
8.54802e+06
8.52619e+06
8.513e+06
8.50682e+06
9.99997e+06
9.99995e+06
9.99989e+06
9.99975e+06
9.99947e+06
9.99889e+06
9.99775e+06
9.99558e+06
9.99161e+06
9.98462e+06
9.97286e+06
9.9539e+06
9.92477e+06
9.8822e+06
9.82318e+06
9.74573e+06
9.64972e+06
9.5374e+06
9.41344e+06
9.28411e+06
9.15631e+06
9.03645e+06
8.92946e+06
8.8383e+06
8.76394e+06
8.70581e+06
8.66244e+06
8.63199e+06
8.61276e+06
8.60349e+06
9.99998e+06
9.99997e+06
9.99993e+06
9.99984e+06
9.99965e+06
9.99927e+06
9.99851e+06
9.99704e+06
9.99433e+06
9.98952e+06
9.9813e+06
9.96786e+06
9.94688e+06
9.91566e+06
9.87148e+06
9.81216e+06
9.73668e+06
9.64578e+06
9.5422e+06
9.43031e+06
9.31549e+06
9.20337e+06
9.09893e+06
9.00594e+06
8.92666e+06
8.86199e+06
8.81178e+06
8.7753e+06
8.75164e+06
8.74003e+06
9.99999e+06
9.99998e+06
9.99995e+06
9.9999e+06
9.99978e+06
9.99953e+06
9.99903e+06
9.99807e+06
9.99626e+06
9.99302e+06
9.98742e+06
9.97814e+06
9.96343e+06
9.94117e+06
9.90908e+06
9.86507e+06
9.80774e+06
9.7369e+06
9.65384e+06
9.56135e+06
9.46334e+06
9.36431e+06
9.26875e+06
9.18056e+06
9.10268e+06
9.037e+06
8.98445e+06
8.94529e+06
8.91939e+06
8.90653e+06
9.99999e+06
9.99999e+06
9.99997e+06
9.99994e+06
9.99986e+06
9.9997e+06
9.99939e+06
9.99876e+06
9.99759e+06
9.99546e+06
9.99174e+06
9.98549e+06
9.97546e+06
9.96003e+06
9.93739e+06
9.90574e+06
9.86365e+06
9.8104e+06
9.74639e+06
9.67317e+06
9.59339e+06
9.51039e+06
9.42789e+06
9.34947e+06
9.2782e+06
9.21644e+06
9.16583e+06
9.12736e+06
9.10153e+06
9.08858e+06
1e+07
9.99999e+06
9.99998e+06
9.99996e+06
9.99992e+06
9.99982e+06
9.99962e+06
9.99923e+06
9.99848e+06
9.99712e+06
9.9947e+06
9.99061e+06
9.98394e+06
9.97353e+06
9.95802e+06
9.93596e+06
9.90604e+06
9.86741e+06
9.8199e+06
9.76427e+06
9.70214e+06
9.63587e+06
9.56831e+06
9.50246e+06
9.44117e+06
9.38688e+06
9.34151e+06
9.30645e+06
9.28264e+06
9.27061e+06
1e+07
1e+07
9.99999e+06
9.99998e+06
9.99995e+06
9.99989e+06
9.99977e+06
9.99953e+06
9.99907e+06
9.99821e+06
9.99669e+06
9.99406e+06
9.98975e+06
9.98292e+06
9.97259e+06
9.95766e+06
9.93707e+06
9.90996e+06
9.87596e+06
9.8353e+06
9.7889e+06
9.73832e+06
9.68561e+06
9.63312e+06
9.58327e+06
9.53828e+06
9.50007e+06
9.47015e+06
9.44962e+06
9.43919e+06
1e+07
1e+07
9.99999e+06
9.99999e+06
9.99997e+06
9.99994e+06
9.99986e+06
9.99972e+06
9.99944e+06
9.99892e+06
9.99797e+06
9.99634e+06
9.99361e+06
9.98925e+06
9.98256e+06
9.97275e+06
9.959e+06
9.9406e+06
9.9171e+06
9.88846e+06
9.85514e+06
9.81812e+06
9.77879e+06
9.73891e+06
9.70036e+06
9.66501e+06
9.63458e+06
9.61047e+06
9.5938e+06
9.58528e+06
1e+07
1e+07
1e+07
9.99999e+06
9.99998e+06
9.99996e+06
9.99992e+06
9.99984e+06
9.99967e+06
9.99936e+06
9.99879e+06
9.99779e+06
9.99612e+06
9.9934e+06
9.98919e+06
9.98292e+06
9.97401e+06
9.9619e+06
9.94619e+06
9.92671e+06
9.90367e+06
9.87762e+06
9.84948e+06
9.82047e+06
9.79201e+06
9.76555e+06
9.7425e+06
9.72406e+06
9.71122e+06
9.70462e+06
1e+07
1e+07
1e+07
1e+07
9.99999e+06
9.99998e+06
9.99995e+06
9.99991e+06
9.99981e+06
9.99963e+06
9.99929e+06
9.9987e+06
9.99769e+06
9.99605e+06
9.99346e+06
9.98957e+06
9.98396e+06
9.97623e+06
9.96605e+06
9.95324e+06
9.93785e+06
9.92019e+06
9.90083e+06
9.88058e+06
9.86045e+06
9.84151e+06
9.82483e+06
9.81138e+06
9.80195e+06
9.79709e+06
1e+07
1e+07
1e+07
1e+07
9.99999e+06
9.99999e+06
9.99997e+06
9.99995e+06
9.99989e+06
9.99979e+06
9.9996e+06
9.99925e+06
9.99866e+06
9.99769e+06
9.99614e+06
9.99379e+06
9.99035e+06
9.98556e+06
9.97916e+06
9.97101e+06
9.96107e+06
9.94951e+06
9.93666e+06
9.92306e+06
9.90937e+06
9.89636e+06
9.8848e+06
9.8754e+06
9.86878e+06
9.86536e+06
1e+07
1e+07
1e+07
1e+07
1e+07
9.99999e+06
9.99999e+06
9.99997e+06
9.99994e+06
9.99988e+06
9.99977e+06
9.99958e+06
9.99924e+06
9.99868e+06
9.99778e+06
9.99639e+06
9.99434e+06
9.99145e+06
9.98755e+06
9.98251e+06
9.97629e+06
9.96897e+06
9.96074e+06
9.95193e+06
9.94296e+06
9.93436e+06
9.92665e+06
9.92035e+06
9.91589e+06
9.91357e+06
1e+07
1e+07
1e+07
1e+07
1e+07
1e+07
9.99999e+06
9.99998e+06
9.99997e+06
9.99994e+06
9.99988e+06
9.99977e+06
9.99958e+06
9.99926e+06
9.99875e+06
9.99795e+06
9.99676e+06
9.99507e+06
9.99275e+06
9.98973e+06
9.98595e+06
9.98146e+06
9.97636e+06
9.97083e+06
9.96517e+06
9.95968e+06
9.95473e+06
9.95066e+06
9.94776e+06
9.94625e+06
1e+07
1e+07
1e+07
1e+07
1e+07
1e+07
1e+07
9.99999e+06
9.99998e+06
9.99997e+06
9.99993e+06
9.99987e+06
9.99977e+06
9.9996e+06
9.99931e+06
9.99886e+06
9.99819e+06
9.99722e+06
9.99588e+06
9.99412e+06
9.9919e+06
9.98922e+06
9.98615e+06
9.9828e+06
9.97933e+06
9.97595e+06
9.97288e+06
9.97034e+06
9.96852e+06
9.96758e+06
1e+07
1e+07
1e+07
1e+07
1e+07
1e+07
1e+07
1e+07
9.99999e+06
9.99998e+06
9.99997e+06
9.99993e+06
9.99988e+06
9.99978e+06
9.99963e+06
9.99938e+06
9.99901e+06
9.99847e+06
9.99772e+06
9.99672e+06
9.99544e+06
9.99389e+06
9.9921e+06
9.99013e+06
9.98807e+06
9.98605e+06
9.9842e+06
9.98267e+06
9.98157e+06
9.981e+06
1e+07
1e+07
1e+07
1e+07
1e+07
1e+07
1e+07
1e+07
1e+07
9.99999e+06
9.99998e+06
9.99997e+06
9.99994e+06
9.99989e+06
9.9998e+06
9.99967e+06
9.99947e+06
9.99918e+06
9.99876e+06
9.99821e+06
9.9975e+06
9.99663e+06
9.99561e+06
9.99448e+06
9.9933e+06
9.99213e+06
9.99105e+06
9.99015e+06
9.98951e+06
9.98917e+06
1e+07
1e+07
1e+07
1e+07
1e+07
1e+07
1e+07
1e+07
1e+07
1e+07
9.99999e+06
9.99998e+06
9.99997e+06
9.99994e+06
9.9999e+06
9.99983e+06
9.99972e+06
9.99957e+06
9.99935e+06
9.99905e+06
9.99866e+06
9.99818e+06
9.99762e+06
9.99699e+06
9.99633e+06
9.99567e+06
9.99506e+06
9.99455e+06
9.99418e+06
9.99399e+06
1e+07
1e+07
1e+07
1e+07
1e+07
1e+07
1e+07
1e+07
1e+07
1e+07
1e+07
9.99999e+06
9.99998e+06
9.99997e+06
9.99995e+06
9.99991e+06
9.99986e+06
9.99978e+06
9.99966e+06
9.9995e+06
9.9993e+06
9.99904e+06
9.99874e+06
9.9984e+06
9.99804e+06
9.99768e+06
9.99734e+06
9.99706e+06
9.99686e+06
9.99675e+06
1e+07
1e+07
1e+07
1e+07
1e+07
1e+07
1e+07
1e+07
1e+07
1e+07
1e+07
1e+07
9.99999e+06
9.99999e+06
9.99997e+06
9.99996e+06
9.99993e+06
9.99989e+06
9.99983e+06
9.99975e+06
9.99964e+06
9.99951e+06
9.99935e+06
9.99917e+06
9.99898e+06
9.99878e+06
9.9986e+06
9.99845e+06
9.99834e+06
9.99828e+06
1e+07
1e+07
1e+07
1e+07
1e+07
1e+07
1e+07
1e+07
1e+07
1e+07
1e+07
1e+07
1e+07
9.99999e+06
9.99999e+06
9.99998e+06
9.99997e+06
9.99994e+06
9.99991e+06
9.99987e+06
9.99982e+06
9.99975e+06
9.99967e+06
9.99958e+06
9.99948e+06
9.99938e+06
9.99928e+06
9.9992e+06
9.99915e+06
9.99912e+06
1e+07
1e+07
1e+07
1e+07
1e+07
1e+07
1e+07
1e+07
1e+07
1e+07
1e+07
1e+07
1e+07
1e+07
9.99999e+06
9.99999e+06
9.99998e+06
9.99997e+06
9.99996e+06
9.99994e+06
9.99991e+06
9.99988e+06
9.99984e+06
9.99979e+06
9.99974e+06
9.99969e+06
9.99964e+06
9.9996e+06
9.99957e+06
9.99955e+06
1e+07
1e+07
1e+07
1e+07
1e+07
1e+07
1e+07
1e+07
1e+07
1e+07
1e+07
1e+07
1e+07
1e+07
1e+07
1e+07
9.99999e+06
9.99999e+06
9.99998e+06
9.99997e+06
9.99996e+06
9.99994e+06
9.99992e+06
9.9999e+06
9.99987e+06
9.99985e+06
9.99982e+06
9.9998e+06
9.99979e+06
9.99978e+06
1e+07
1e+07
1e+07
1e+07
1e+07
1e+07
1e+07
1e+07
1e+07
1e+07
1e+07
1e+07
1e+07
1e+07
1e+07
1e+07
1e+07
9.99999e+06
9.99999e+06
9.99999e+06
9.99998e+06
9.99997e+06
9.99996e+06
9.99995e+06
9.99994e+06
9.99993e+06
9.99991e+06
9.99991e+06
9.9999e+06
9.99989e+06
1e+07
1e+07
1e+07
1e+07
1e+07
1e+07
1e+07
1e+07
1e+07
1e+07
1e+07
1e+07
1e+07
1e+07
1e+07
1e+07
1e+07
1e+07
1e+07
9.99999e+06
9.99999e+06
9.99999e+06
9.99998e+06
9.99998e+06
9.99997e+06
9.99997e+06
9.99996e+06
9.99996e+06
9.99995e+06
9.99995e+06
1e+07
1e+07
1e+07
1e+07
1e+07
1e+07
1e+07
1e+07
1e+07
1e+07
1e+07
1e+07
1e+07
1e+07
1e+07
1e+07
1e+07
1e+07
1e+07
1e+07
1e+07
9.99999e+06
9.99999e+06
9.99999e+06
9.99999e+06
9.99998e+06
9.99998e+06
9.99998e+06
9.99998e+06
9.99998e+06
1e+07
1e+07
1e+07
1e+07
1e+07
1e+07
1e+07
1e+07
1e+07
1e+07
1e+07
1e+07
1e+07
1e+07
1e+07
1e+07
1e+07
1e+07
1e+07
1e+07
1e+07
1e+07
1e+07
1e+07
9.99999e+06
9.99999e+06
9.99999e+06
9.99999e+06
9.99999e+06
9.99999e+06
1e+07
1e+07
1e+07
1e+07
1e+07
1e+07
1e+07
1e+07
1e+07
1e+07
1e+07
1e+07
1e+07
1e+07
1e+07
1e+07
1e+07
1e+07
1e+07
1e+07
1e+07
1e+07
1e+07
1e+07
1e+07
1e+07
1e+07
1e+07
1e+07
1e+07
1e+07
1e+07
1e+07
1e+07
1e+07
1e+07
1e+07
1e+07
1e+07
1e+07
1e+07
1e+07
1e+07
1e+07
1e+07
1e+07
1e+07
1e+07
1e+07
1e+07
1e+07
1e+07
1e+07
1e+07
1e+07
1e+07
1e+07
1e+07
1e+07
1e+07
1e+07
1e+07
1e+07
1e+07
1e+07
1e+07
1e+07
1e+07
1e+07
1e+07
1e+07
1e+07
1e+07
1e+07
1e+07
1e+07
1e+07
1e+07
1e+07
1e+07
1e+07
1e+07
1e+07
1e+07
1e+07
1e+07
1e+07
1e+07
1e+07
1e+07
1e+07
1e+07
1e+07
1e+07
1e+07
1e+07
1e+07
1e+07
1e+07
1e+07
1e+07
1e+07
1e+07
1e+07
1e+07
1e+07
1e+07
1e+07
1e+07
1e+07
1e+07
1e+07
1e+07
1e+07
1e+07
1e+07
1e+07
1e+07
1e+07
1e+07
1e+07
1e+07
1e+07
1e+07
1e+07
1e+07
1e+07
1e+07
1e+07
1e+07
1e+07
1e+07
1e+07
1e+07
1e+07
1e+07
1e+07
1e+07
1e+07
1e+07
1e+07
1e+07
1e+07
1e+07
1e+07
1e+07
1e+07
1e+07
1e+07
1e+07
1e+07
1e+07
1e+07
1e+07
1e+07
1e+07
1e+07
1e+07
1e+07
1e+07
1e+07
1e+07
1e+07
1e+07
1e+07
1e+07
1e+07
1e+07
1e+07
1e+07
1e+07
1e+07
1e+07
1e+07
1e+07
1e+07
1e+07
1e+07
1e+07
1e+07
1e+07
1e+07
1e+07
1e+07
1e+07
1e+07
1e+07
1e+07
1e+07
1e+07
1e+07
1e+07
1e+07
1e+07
1e+07
1e+07
1e+07
1e+07
1e+07
1e+07
1e+07
1e+07
1e+07
1e+07
1e+07
1e+07
1e+07
1e+07
1e+07
1e+07
1e+07
1e+07
1e+07
1e+07
1e+07
1e+07
1e+07
1e+07
1e+07
1e+07
1e+07
1e+07
1e+07
1e+07
1e+07
1e+07
1e+07
1e+07
1e+07
1e+07
1e+07
1e+07
1e+07
1e+07
1e+07
1e+07
1e+07
1e+07
1e+07
1e+07
1e+07
1e+07
1e+07
1e+07
1e+07
1e+07
1e+07
1e+07
1e+07
1e+07
1e+07
1e+07
1e+07
1e+07
1e+07
1e+07
1e+07
1e+07
1e+07
1e+07
1e+07
1e+07
1e+07
1e+07
1e+07
1e+07
1e+07
1e+07
1e+07
1e+07
1e+07
1e+07
1e+07
1e+07
1e+07
1e+07
1e+07
1e+07
1e+07
1e+07
1e+07
1e+07
1e+07
1e+07
1e+07
1e+07
1e+07
1e+07
1e+07
1e+07
1e+07
1e+07
1e+07
1e+07
1e+07
1e+07
1e+07
1e+07
1e+07
1e+07
1e+07
1e+07
1e+07
1e+07
1e+07
1e+07
1e+07
1e+07
1e+07
1e+07
1e+07
1e+07
1e+07
1e+07
1e+07
1e+07
1e+07
1e+07
1e+07
1e+07
1e+07
1e+07
1e+07
1e+07
1e+07
1e+07
1e+07
1e+07
1e+07
1e+07
1e+07
1e+07
1e+07
1e+07
1e+07
1e+07
1e+07
1e+07
1e+07
1e+07
1e+07
1e+07
1e+07
1e+07
1e+07
1e+07
1e+07
1e+07
1e+07
1e+07
1e+07
1e+07
1e+07
1e+07
1e+07
1e+07
1e+07
1e+07
1e+07
1e+07
1e+07
1e+07
1e+07
1e+07
1e+07
1e+07
1e+07
1e+07
1e+07
1e+07
1e+07
1e+07
1e+07
1e+07
1e+07
1e+07
1e+07
1e+07
1e+07
1e+07
1e+07
1e+07
1e+07
1e+07
1e+07
1e+07
1e+07
1e+07
1e+07
1e+07
1e+07
1e+07
1e+07
1e+07
1e+07
1e+07
1e+07
1e+07
1e+07
1e+07
1e+07
1e+07
1e+07
1e+07
1e+07
1e+07
1e+07
1e+07
1e+07
1e+07
1e+07
1e+07
1e+07
1e+07
1e+07
1e+07
1e+07
1e+07
1e+07
1e+07
1e+07
1e+07
1e+07
1e+07
1e+07
1e+07
1e+07
1e+07
1e+07
1e+07
1e+07
1e+07
1e+07
1e+07
1e+07
1e+07
1e+07
1e+07
1e+07
1e+07
1e+07
1e+07
1e+07
1e+07
1e+07
1e+07
1e+07
1e+07
1e+07
1e+07
1e+07
1e+07
1e+07
1e+07
1e+07
1e+07
1e+07
1e+07
1e+07
1e+07
1e+07
1e+07
1e+07
1e+07
1e+07
1e+07
1e+07
1e+07
1e+07
1e+07
1e+07
1e+07
1e+07
1e+07
1e+07
1e+07
1e+07
1e+07
1e+07
1e+07
1e+07
1e+07
1e+07
1e+07
1e+07
1e+07
1e+07
1e+07
1e+07
1e+07
1e+07
1e+07
1e+07
1e+07
1e+07
1e+07
1e+07
1e+07
1e+07
1e+07
1e+07
1e+07
1e+07
1e+07
1e+07
1e+07
1e+07
1e+07
1e+07
1e+07
1e+07
1e+07
1e+07
1e+07
1e+07
1e+07
1e+07
1e+07
1e+07
1e+07
1e+07
1e+07
1e+07
1e+07
1e+07
1e+07
1e+07
1e+07
1e+07
1e+07
1e+07
1e+07
1e+07
1e+07
1e+07
1e+07
1e+07
1e+07
1e+07
1e+07
1e+07
1e+07
1e+07
1e+07
1e+07
1e+07
1e+07
1e+07
1e+07
1e+07
1e+07
1e+07
1e+07
1e+07
1e+07
1e+07
1e+07
1e+07
1e+07
1e+07
1e+07
1e+07
1e+07
1e+07
1e+07
1e+07
1e+07
1e+07
1e+07
1e+07
1e+07
1e+07
1e+07
1e+07
1e+07
1e+07
1e+07
1e+07
1e+07
1e+07
1e+07
1e+07
1e+07
1e+07
1e+07
1e+07
1e+07
1e+07
1e+07
1e+07
1e+07
1e+07
1e+07
1e+07
1e+07
1e+07
1e+07
1e+07
1e+07
1e+07
1e+07
1e+07
1e+07
1e+07
1e+07
1e+07
1e+07
1e+07
1e+07
1e+07
1e+07
1e+07
1e+07
1e+07
1e+07
1e+07
1e+07
1e+07
1e+07
1e+07
1e+07
1e+07
1e+07
1e+07
1e+07
1e+07
1e+07
1e+07
1e+07
1e+07
1e+07
1e+07
1e+07
1e+07
1e+07
1e+07
1e+07
1e+07
1e+07
1e+07
1e+07
1e+07
1e+07
1e+07
1e+07
1e+07
1e+07
1e+07
1e+07
1e+07
1e+07
1e+07
1e+07
1e+07
1e+07
1e+07
1e+07
1e+07
1e+07
1e+07
1e+07
1e+07
1e+07
1e+07
1e+07
1e+07
1e+07
1e+07
1e+07
1e+07
1e+07
1e+07
1e+07
1e+07
1e+07
1e+07
1e+07
1e+07
1e+07
1e+07
1e+07
1e+07
1e+07
1e+07
1e+07
1e+07
1e+07
1e+07
1e+07
1e+07
1e+07
1e+07
1e+07
1e+07
1e+07
1e+07
1e+07
1e+07
1e+07
1e+07
1e+07
1e+07
1e+07
1e+07
1e+07
1e+07
1e+07
1e+07
1e+07
1e+07
1e+07
1e+07
1e+07
1e+07
1e+07
1e+07
1e+07
1e+07
1e+07
1e+07
1e+07
1e+07
1e+07
1e+07
1e+07
1e+07
1e+07
1e+07
1e+07
1e+07
1e+07
1e+07
1e+07
1e+07
1e+07
1e+07
1e+07
1e+07
1e+07
1e+07
1e+07
1e+07
1e+07
1e+07
1e+07
1e+07
1e+07
1e+07
1e+07
1e+07
1e+07
1e+07
1e+07
1e+07
1e+07
1e+07
1e+07
1e+07
1e+07
1e+07
1e+07
1e+07
1e+07
1e+07
1e+07
1e+07
1e+07
1e+07
1e+07
1e+07
1e+07
1e+07
1e+07
1e+07
1e+07
1e+07
1e+07
1e+07
1e+07
1e+07
1e+07
1e+07
1e+07
1e+07
1e+07
1e+07
1e+07
1e+07
1e+07
1e+07
1e+07
1e+07
1e+07
1e+07
1e+07
1e+07
1e+07
1e+07
1e+07
1e+07
1e+07
1e+07
1e+07
1e+07
1e+07
1e+07
1e+07
1e+07
1e+07
1e+07
1e+07
1e+07
1e+07
1e+07
1e+07
1e+07
1e+07
1e+07
1e+07
1e+07
1e+07
1e+07
1e+07
1e+07
1e+07
1e+07
1e+07
1e+07
1e+07
1e+07
1e+07
1e+07
1e+07
1e+07
1e+07
1e+07
1e+07
1e+07
1e+07
1e+07
1e+07
1e+07
1e+07
1e+07
1e+07
1e+07
1e+07
1e+07
1e+07
1e+07
1e+07
1e+07
1e+07
1e+07
1e+07
1e+07
1e+07
1e+07
1e+07
1e+07
1e+07
1e+07
1e+07
1e+07
1e+07
1e+07
1e+07
1e+07
1e+07
1e+07
1e+07
1e+07
1e+07
1e+07
1e+07
1e+07
1e+07
1e+07
1e+07
1e+07
1e+07
1e+07
1e+07
1e+07
1e+07
1e+07
1e+07
1e+07
1e+07
1e+07
1e+07
1e+07
1e+07
1e+07
1e+07
1e+07
1e+07
1e+07
1e+07
1e+07
1e+07
1e+07
1e+07
1e+07
1e+07
1e+07
1e+07
1e+07
1e+07
1e+07
1e+07
1e+07
1e+07
1e+07
1e+07
1e+07
1e+07
1e+07
1e+07
1e+07
1e+07
1e+07
1e+07
1e+07
1e+07
1e+07
1e+07
1e+07
1e+07
1e+07
1e+07
1e+07
1e+07
1e+07
1e+07
1e+07
1e+07
1e+07
1e+07
1e+07
1e+07
1e+07
1e+07
1e+07
1e+07
1e+07
1e+07
1e+07
1e+07
1e+07
1e+07
1e+07
1e+07
1e+07
1e+07
1e+07
1e+07
1e+07
1e+07
1e+07
1e+07
1e+07
1e+07
1e+07
1e+07
1e+07
1e+07
1e+07
1e+07
1e+07
1e+07
1e+07
1e+07
1e+07
1e+07
1e+07
1e+07
1e+07
1e+07
1e+07
1e+07
1e+07
1e+07
1e+07
1e+07
1e+07
1e+07
1e+07
1e+07
1e+07
1e+07
1e+07
1e+07
1e+07
1e+07
1e+07
1e+07
1e+07
1e+07
1e+07
1e+07
1e+07
1e+07
1e+07
1e+07
1e+07
1e+07
1e+07
1e+07
1e+07
1e+07
1e+07
1e+07
1e+07
1e+07
1e+07
1e+07
1e+07
1e+07
1e+07
1e+07
1e+07
1e+07
1e+07
1e+07
1e+07
1e+07
1e+07
1e+07
1e+07
1e+07
1e+07
1e+07
1e+07
1e+07
1e+07
1e+07
1e+07
1e+07
1e+07
1e+07
1e+07
1e+07
1e+07
1e+07
1e+07
1e+07
1e+07
1e+07
1e+07
1e+07
1e+07
1e+07
1e+07
1e+07
1e+07
1e+07
1e+07
1e+07
1e+07
1e+07
1e+07
1e+07
1e+07
1e+07
1e+07
1e+07
1e+07
1e+07
1e+07
1e+07
1e+07
1e+07
1e+07
1e+07
1e+07
1e+07
1e+07
1e+07
1e+07
1e+07
1e+07
1e+07
1e+07
1e+07
1e+07
1e+07
1e+07
1e+07
1e+07
1e+07
1e+07
1e+07
1e+07
1e+07
1e+07
1e+07
1e+07
1e+07
1e+07
1e+07
1e+07
1e+07
1e+07
1e+07
1e+07
1e+07
1e+07
1e+07
1e+07
1e+07
1e+07
1e+07
1e+07
1e+07
1e+07
1e+07
1e+07
1e+07
1e+07
1e+07
1e+07
1e+07
1e+07
1e+07
1e+07
1e+07
1e+07
1e+07
1e+07
1e+07
1e+07
1e+07
1e+07
1e+07
1e+07
1e+07
1e+07
1e+07
1e+07
1e+07
1e+07
1e+07
1e+07
1e+07
1e+07
1e+07
1e+07
1e+07
1e+07
1e+07
1e+07
1e+07
1e+07
1e+07
1e+07
1e+07
1e+07
1e+07
1e+07
1e+07
1e+07
1e+07
1e+07
1e+07
1e+07
1e+07
1e+07
1e+07
1e+07
1e+07
1e+07
1e+07
1e+07
1e+07
1e+07
1e+07
1e+07
1e+07
1e+07
1e+07
1e+07
1e+07
1e+07
1e+07
1e+07
1e+07
1e+07
1e+07
1e+07
1e+07
1e+07
1e+07
1e+07
1e+07
1e+07
1e+07
1e+07
1e+07
1e+07
1e+07
1e+07
1e+07
1e+07
1e+07
1e+07
1e+07
1e+07
1e+07
1e+07
1e+07
1e+07
1e+07
1e+07
1e+07
1e+07
1e+07
1e+07
1e+07
1e+07
1e+07
1e+07
1e+07
1e+07
1e+07
1e+07
1e+07
1e+07
1e+07
1e+07
1e+07
1e+07
1e+07
1e+07
1e+07
1e+07
1e+07
1e+07
1e+07
1e+07
1e+07
1e+07
1e+07
1e+07
1e+07
1e+07
1e+07
1e+07
1e+07
1e+07
1e+07
1e+07
1e+07
1e+07
1e+07
1e+07
1e+07
1e+07
1e+07
1e+07
1e+07
1e+07
1e+07
1e+07
1e+07
1e+07
1e+07
1e+07
1e+07
1e+07
1e+07
1e+07
1e+07
1e+07
1e+07
1e+07
1e+07
1e+07
1e+07
1e+07
1e+07
1e+07
1e+07
1e+07
1e+07
1e+07
1e+07
1e+07
1e+07
1e+07
1e+07
1e+07
1e+07
1e+07
1e+07
1e+07
1e+07
1e+07
1e+07
1e+07
1e+07
1e+07
1e+07
1e+07
1e+07
1e+07
1e+07
1e+07
1e+07
1e+07
1e+07
1e+07
1e+07
1e+07
1e+07
1e+07
1e+07
1e+07
1e+07
1e+07
1e+07
1e+07
1e+07
1e+07
1e+07
1e+07
1e+07
1e+07
1e+07
1e+07
1e+07
1e+07
1e+07
1e+07
1e+07
1e+07
1e+07
1e+07
1e+07
1e+07
1e+07
1e+07
1e+07
1e+07
1e+07
1e+07
1e+07
1e+07
1e+07
1e+07
1e+07
1e+07
1e+07
1e+07
1e+07
1e+07
1e+07
1e+07
1e+07
1e+07
1e+07
1e+07
1e+07
1e+07
1e+07
1e+07
1e+07
1e+07
1e+07
1e+07
1e+07
1e+07
1e+07
1e+07
1e+07
1e+07
1e+07
1e+07
1e+07
1e+07
1e+07
1e+07
1e+07
1e+07
1e+07
1e+07
1e+07
1e+07
1e+07
1e+07
1e+07
1e+07
1e+07
1e+07
1e+07
1e+07
1e+07
1e+07
1e+07
1e+07
1e+07
1e+07
1e+07
1e+07
1e+07
1e+07
1e+07
1e+07
1e+07
1e+07
1e+07
1e+07
1e+07
1e+07
1e+07
1e+07
1e+07
1e+07
1e+07
1e+07
1e+07
1e+07
1e+07
1e+07
1e+07
1e+07
1e+07
1e+07
1e+07
1e+07
1e+07
1e+07
1e+07
1e+07
1e+07
1e+07
1e+07
1e+07
1e+07
1e+07
1e+07
1e+07
1e+07
1e+07
1e+07
1e+07
1e+07
1e+07
1e+07
1e+07
1e+07
1e+07
1e+07
1e+07
1e+07
1e+07
1e+07
1e+07
1e+07
1e+07
1e+07
1e+07
1e+07
1e+07
1e+07
1e+07
1e+07
1e+07
1e+07
1e+07
1e+07
1e+07
1e+07
1e+07
1e+07
1e+07
1e+07
1e+07
1e+07
1e+07
1e+07
1e+07
1e+07
1e+07
1e+07
1e+07
1e+07
1e+07
1e+07
1e+07
1e+07
1e+07
1e+07
1e+07
1e+07
1e+07
1e+07
1e+07
1e+07
1e+07
1e+07
1e+07
1e+07
1e+07
1e+07
1e+07
1e+07
1e+07
1e+07
1e+07
1e+07
1e+07
1e+07
1e+07
1e+07
1e+07
1e+07
1e+07
1e+07
1e+07
1e+07
1e+07
1e+07
1e+07
1e+07
1e+07
1e+07
1e+07
1e+07
1e+07
)
;

boundaryField
{
    outerWall
    {
        type            zeroGradient;
    }
    axis
    {
        type            symmetryPlane;
    }
    nozzle
    {
        type            fixedValue;
        value           uniform 0;
    }
    back
    {
        type            empty;
    }
    front
    {
        type            empty;
    }
}


// ************************************************************************* //
