/*--------------------------------*- C++ -*----------------------------------*\
| =========                 |                                                 |
| \\      /  F ield         | OpenFOAM: The Open Source CFD Toolbox           |
|  \\    /   O peration     | Version:  2412                                  |
|   \\  /    A nd           | Website:  www.openfoam.com                      |
|    \\/     M anipulation  |                                                 |
\*---------------------------------------------------------------------------*/
FoamFile
{
    version     2.0;
    format      ascii;
    arch        "LSB;label=32;scalar=64";
    class       volVectorField;
    location    "7.5e-05";
    object      U;
}
// * * * * * * * * * * * * * * * * * * * * * * * * * * * * * * * * * * * * * //

dimensions      [0 1 -1 0 0 0 0];

internalField   nonuniform List<vector> 
3725
(
(1.2966e-05 3.92469e-06 0)
(4.80938e-05 7.01924e-06 0)
(0.000116044 1.52479e-05 0)
(0.00025823 3.37225e-05 0)
(0.000552951 7.30121e-05 0)
(0.00114621 0.000153504 0)
(0.00229978 0.000312587 0)
(0.00446083 0.000615473 0)
(0.00835204 0.00116983 0)
(0.0150699 0.00214274 0)
(0.02616 0.00377556 0)
(0.0436139 0.00638796 0)
(0.0697151 0.0103589 0)
(0.106668 0.0160718 0)
(0.155995 0.0238186 0)
(0.217789 0.0336751 0)
(0.290047 0.0453863 0)
(0.368384 0.0583171 0)
(0.446391 0.0715276 0)
(0.516642 0.0839728 0)
(0.57188 0.094707 0)
(0.606091 0.103079 0)
(0.615331 0.108858 0)
(0.598042 0.112221 0)
(0.554862 0.113651 0)
(0.488097 0.113766 0)
(0.401191 0.113161 0)
(0.298228 0.112326 0)
(0.18363 0.111602 0)
(0.0619952 0.111194 0)
(1.52869e-05 1.21465e-05 0)
(5.65862e-05 2.16917e-05 0)
(0.000136071 4.70439e-05 0)
(0.000301553 0.000103876 0)
(0.000642787 0.000224522 0)
(0.00132589 0.000471202 0)
(0.00264626 0.000957694 0)
(0.00510377 0.00188179 0)
(0.0094975 0.00356881 0)
(0.0170242 0.00652137 0)
(0.029344 0.0114615 0)
(0.0485514 0.0193389 0)
(0.0769781 0.0312686 0)
(0.116763 0.0483617 0)
(0.169198 0.0714361 0)
(0.233965 0.10065 0)
(0.30853 0.135175 0)
(0.387991 0.173081 0)
(0.465634 0.211596 0)
(0.534028 0.247694 0)
(0.586212 0.278687 0)
(0.616707 0.302789 0)
(0.622191 0.319436 0)
(0.601645 0.329228 0)
(0.556022 0.33359 0)
(0.48773 0.334274 0)
(0.400113 0.332949 0)
(0.29706 0.330947 0)
(0.182783 0.329182 0)
(0.0616901 0.328183 0)
(2.01249e-05 2.14676e-05 0)
(7.42669e-05 3.82309e-05 0)
(0.000177682 8.26592e-05 0)
(0.000391339 0.000181961 0)
(0.000828446 0.000392055 0)
(0.00169609 0.000820018 0)
(0.00335773 0.0016606 0)
(0.00641917 0.00325019 0)
(0.0118317 0.00613804 0)
(0.0209895 0.0111653 0)
(0.0357732 0.0195275 0)
(0.0584693 0.0327754 0)
(0.0914824 0.0526949 0)
(0.136794 0.0810097 0)
(0.195212 0.118897 0)
(0.265594 0.166401 0)
(0.344372 0.221952 0)
(0.425702 0.282273 0)
(0.502354 0.342915 0)
(0.566964 0.399179 0)
(0.613206 0.447074 0)
(0.636659 0.484139 0)
(0.635169 0.509836 0)
(0.608669 0.525338 0)
(0.55865 0.532918 0)
(0.487621 0.535207 0)
(0.398701 0.534583 0)
(0.295407 0.532857 0)
(0.181561 0.5312 0)
(0.0612478 0.530245 0)
(2.78594e-05 3.25573e-05 0)
(0.00010248 5.77603e-05 0)
(0.000243869 0.00012436 0)
(0.000533599 0.000272618 0)
(0.00112133 0.000584825 0)
(0.0022773 0.00121751 0)
(0.00446889 0.00245319 0)
(0.00846185 0.00477548 0)
(0.0154339 0.00896579 0)
(0.0270664 0.0162059 0)
(0.0455516 0.0281491 0)
(0.073427 0.0468968 0)
(0.113154 0.0747981 0)
(0.166415 0.114007 0)
(0.233242 0.165807 0)
(0.311257 0.229844 0)
(0.395435 0.303582 0)
(0.478715 0.382389 0)
(0.553317 0.460406 0)
(0.612153 0.531759 0)
(0.649939 0.591809 0)
(0.663786 0.638081 0)
(0.653098 0.670521 0)
(0.618964 0.691021 0)
(0.56343 0.702531 0)
(0.488985 0.708136 0)
(0.398357 0.710408 0)
(0.294528 0.711124 0)
(0.180828 0.711281 0)
(0.0609756 0.711305 0)
(3.90272e-05 4.59796e-05 0)
(0.000143119 8.12068e-05 0)
(0.000338825 0.000173969 0)
(0.000736687 0.000379476 0)
(0.00153712 0.000809816 0)
(0.00309736 0.00167649 0)
(0.0060262 0.00335759 0)
(0.0113036 0.0064933 0)
(0.0204045 0.0121045 0)
(0.035377 0.0217106 0)
(0.0587914 0.0373953 0)
(0.093456 0.0617357 0)
(0.141815 0.0974981 0)
(0.205051 0.147035 0)
(0.28209 0.211426 0)
(0.368926 0.289603 0)
(0.458783 0.377871 0)
(0.543323 0.470335 0)
(0.614385 0.560105 0)
(0.665521 0.640785 0)
(0.692954 0.707869 0)
(0.6957 0.75957 0)
(0.674882 0.796741 0)
(0.632684 0.822034 0)
(0.571493 0.83877 0)
(0.493535 0.84998 0)
(0.400948 0.857853 0)
(0.296065 0.863588 0)
(0.1817 0.867555 0)
(0.061268 0.869649 0)
(5.42798e-05 6.21339e-05 0)
(0.000198472 0.000109198 0)
(0.000467571 0.000232652 0)
(0.00101048 0.000504699 0)
(0.00209409 0.00107085 0)
(0.00418813 0.00220314 0)
(0.0080815 0.00438272 0)
(0.015022 0.00841394 0)
(0.0268468 0.0155601 0)
(0.0460345 0.0276669 0)
(0.0755704 0.0472043 0)
(0.118504 0.0771266 0)
(0.177128 0.120441 0)
(0.251862 0.179434 0)
(0.340169 0.254668 0)
(0.436091 0.344068 0)
(0.530985 0.442701 0)
(0.615394 0.543625 0)
(0.681159 0.639428 0)
(0.72298 0.723923 0)
(0.739033 0.793523 0)
(0.730446 0.847724 0)
(0.699953 0.888529 0)
(0.650492 0.919212 0)
(0.584395 0.943059 0)
(0.503302 0.96252 0)
(0.408566 0.978875 0)
(0.301807 0.992281 0)
(0.185377 1.00209 0)
(0.0625485 1.00736 0)
(7.43253e-05 8.11863e-05 0)
(0.000271008 0.000141949 0)
(0.000635451 0.00030069 0)
(0.00136533 0.000648538 0)
(0.00281095 0.00136768 0)
(0.00558126 0.00279544 0)
(0.0106843 0.0055214 0)
(0.0196867 0.0105177 0)
(0.0348443 0.0192859 0)
(0.0591101 0.0339734 0)
(0.0958862 0.0573755 0)
(0.148383 0.0927034 0)
(0.218546 0.14301 0)
(0.305722 0.210253 0)
(0.405566 0.294188 0)
(0.509951 0.391546 0)
(0.608452 0.496224 0)
(0.69087 0.600586 0)
(0.749611 0.697296 0)
(0.781097 0.781117 0)
(0.785809 0.850031 0)
(0.766958 0.905173 0)
(0.728503 0.949685 0)
(0.673585 0.987148 0)
(0.603977 1.02036 0)
(0.5204 1.05076 0)
(0.42327 1.07834 0)
(0.313476 1.10189 0)
(0.193014 1.11944 0)
(0.0652263 1.12896 0)
(9.98518e-05 0.000102998 0)
(0.0003631 0.000179148 0)
(0.000847513 0.000377266 0)
(0.00181073 0.000808922 0)
(0.00370427 0.00169534 0)
(0.00730342 0.00344192 0)
(0.0138732 0.00674868 0)
(0.0253454 0.012753 0)
(0.0444386 0.02318 0)
(0.0746017 0.0404412 0)
(0.119618 0.0675787 0)
(0.18273 0.107926 0)
(0.265291 0.164383 0)
(0.365245 0.238342 0)
(0.476139 0.328534 0)
(0.587619 0.430453 0)
(0.687766 0.537052 0)
(0.766199 0.640466 0)
(0.816559 0.734073 0)
(0.837534 0.814214 0)
(0.832077 0.880848 0)
(0.805189 0.936812 0)
(0.761437 0.986119 0)
(0.703503 1.03224 0)
(0.632107 1.0771 0)
(0.546787 1.12088 0)
(0.446914 1.16212 0)
(0.332631 1.19806 0)
(0.205679 1.22514 0)
(0.0696892 1.23996 0)
(0.000131437 0.000127064 0)
(0.000476709 0.000219863 0)
(0.00110778 0.000460309 0)
(0.00235389 0.000981195 0)
(0.0047857 0.00204365 0)
(0.00937127 0.00412125 0)
(0.0176676 0.00802152 0)
(0.0320102 0.0150367 0)
(0.0556105 0.0270903 0)
(0.0924091 0.0468055 0)
(0.1465 0.0773796 0)
(0.220987 0.122128 0)
(0.316358 0.183616 0)
(0.428836 0.262479 0)
(0.54965 0.356316 0)
(0.66634 0.459499 0)
(0.765963 0.564397 0)
(0.838637 0.663441 0)
(0.879922 0.751301 0)
(0.891179 0.826328 0)
(0.87776 0.890577 0)
(0.845913 0.948354 0)
(0.800072 1.0041 0)
(0.741826 1.06079 0)
(0.670464 1.11933 0)
(0.584162 1.17859 0)
(0.48115 1.23567 0)
(0.360741 1.2862 0)
(0.224446 1.32475 0)
(0.076346 1.34613 0)
(0.000169451 0.000152474 0)
(0.000613034 0.000262498 0)
(0.00141851 0.000546428 0)
(0.00299824 0.00115807 0)
(0.00605931 0.00239737 0)
(0.0117868 0.00480269 0)
(0.0220598 0.00928047 0)
(0.039647 0.0172591 0)
(0.0682652 0.0308237 0)
(0.112319 0.0527453 0)
(0.17611 0.0862766 0)
(0.262407 0.134579 0)
(0.370554 0.199734 0)
(0.494771 0.2815 0)
(0.623905 0.376363 0)
(0.74368 0.477832 0)
(0.840723 0.57812 0)
(0.906377 0.670474 0)
(0.938725 0.751293 0)
(0.941992 0.821116 0)
(0.923598 0.883921 0)
(0.890331 0.945035 0)
(0.845764 1.00888 0)
(0.789925 1.07776 0)
(0.720455 1.1516 0)
(0.634044 1.2282 0)
(0.527628 1.3034 0)
(0.39944 1.37114 0)
(0.250626 1.42364 0)
(0.0857289 1.45337 0)
(0.000213956 0.000177918 0)
(0.000772174 0.000304812 0)
(0.00177946 0.000631003 0)
(0.0037421 0.00132987 0)
(0.00751917 0.00273682 0)
(0.0145336 0.00544768 0)
(0.0270099 0.0104532 0)
(0.0481677 0.0192907 0)
(0.0822251 0.0341602 0)
(0.133999 0.0579081 0)
(0.207875 0.0937418 0)
(0.30608 0.144551 0)
(0.426549 0.211827 0)
(0.561308 0.294419 0)
(0.696899 0.387845 0)
(0.817658 0.485096 0)
(0.910445 0.578681 0)
(0.968517 0.663086 0)
(0.992903 0.736677 0)
(0.99065 0.802097 0)
(0.970699 0.864856 0)
(0.939635 0.930783 0)
(0.899615 1.00401 0)
(0.848861 1.08618 0)
(0.7833 1.17664 0)
(0.69802 1.27253 0)
(0.588357 1.36864 0)
(0.450919 1.45716 0)
(0.286124 1.52726 0)
(0.0986519 1.56822 0)
(0.000264621 0.000201738 0)
(0.000952847 0.000344019 0)
(0.0021873 0.000708411 0)
(0.0045776 0.00148507 0)
(0.00914767 0.00303901 0)
(0.0175741 0.00601222 0)
(0.0324421 0.0114592 0)
(0.0574273 0.0209912 0)
(0.0972283 0.0368692 0)
(0.157005 0.061938 0)
(0.241092 0.0992665 0)
(0.350971 0.151382 0)
(0.482955 0.219134 0)
(0.626785 0.300517 0)
(0.766913 0.390328 0)
(0.886807 0.48142 0)
(0.974215 0.566997 0)
(1.02487 0.643066 0)
(1.04298 0.709971 0)
(1.03813 0.772169 0)
(1.02011 0.83617 0)
(0.994694 0.907908 0)
(0.962316 0.991143 0)
(0.919402 1.08723 0)
(0.860214 1.19546 0)
(0.778045 1.3129 0)
(0.666107 1.43367 0)
(0.518408 1.54816 0)
(0.333931 1.6414 0)
(0.116459 1.69841 0)
(0.000320666 0.000222019 0)
(0.00115218 0.000376952 0)
(0.00263525 0.000772365 0)
(0.00549005 0.00161102 0)
(0.0109145 0.00327922 0)
(0.0208487 0.00644995 0)
(0.0382442 0.0122156 0)
(0.0672252 0.0222207 0)
(0.112935 0.0387279 0)
(0.180797 0.0645055 0)
(0.274958 0.102404 0)
(0.395981 0.154529 0)
(0.538401 0.221098 0)
(0.689704 0.299387 0)
(0.832576 0.383773 0)
(0.95016 0.467335 0)
(1.03168 0.544272 0)
(1.07575 0.612213 0)
(1.08973 0.673298 0)
(1.0853 0.733349 0)
(1.0725 0.799376 0)
(1.05586 0.877187 0)
(1.03411 0.97034 0)
(1.0021 1.08045 0)
(0.952556 1.20751 0)
(0.876684 1.34927 0)
(0.764804 1.49971 0)
(0.606718 1.6476 0)
(0.398828 1.77238 0)
(0.14142 1.85364 0)
(0.000380821 0.000236734 0)
(0.00136561 0.00040031 0)
(0.00311285 0.000816429 0)
(0.00645774 0.00169498 0)
(0.0127769 0.00343304 0)
(0.0242764 0.00671618 0)
(0.0442702 0.0126447 0)
(0.0773115 0.0228517 0)
(0.128942 0.0395411 0)
(0.204762 0.0653352 0)
(0.30861 0.102804 0)
(0.439993 0.153613 0)
(0.591599 0.217406 0)
(0.748791 0.290941 0)
(0.892874 0.36849 0)
(1.00718 0.44366 0)
(1.08287 0.511818 0)
(1.12164 0.572142 0)
(1.13383 0.628237 0)
(1.13268 0.686774 0)
(1.12799 0.75488 0)
(1.12292 0.838176 0)
(1.11476 0.940389 0)
(1.09728 1.06407 0)
(1.06183 1.21077 0)
(0.997203 1.37994 0)
(0.889867 1.56644 0)
(0.722919 1.75816 0)
(0.488484 1.92716 0)
(0.177408 2.04689 0)
(0.000443348 0.000243945 0)
(0.00158695 0.000410981 0)
(0.00360625 0.000834641 0)
(0.00745251 0.00172538 0)
(0.0146804 0.00347878 0)
(0.0277575 0.00677211 0)
(0.0503458 0.012681 0)
(0.0873975 0.0227805 0)
(0.144798 0.0391579 0)
(0.228244 0.0642289 0)
(0.341167 0.100243 0)
(0.481932 0.148438 0)
(0.641397 0.207993 0)
(0.803017 0.275381 0)
(0.947116 0.345059 0)
(1.05766 0.411382 0)
(1.12804 0.470919 0)
(1.16306 0.524187 0)
(1.1757 0.575824 0)
(1.18028 0.632861 0)
(1.18605 0.702283 0)
(1.195 0.789605 0)
(1.20353 0.899172 0)
(1.20489 1.03516 0)
(1.18946 1.20164 0)
(1.14344 1.40113 0)
(1.04849 1.6312 0)
(0.877276 1.88091 0)
(0.615416 2.11327 0)
(0.231205 2.29617 0)
(0.000506098 0.000242014 0)
(0.00180863 0.000406378 0)
(0.00409865 0.000822156 0)
(0.00844085 0.00169304 0)
(0.0165619 0.0033997 0)
(0.0311781 0.00658886 0)
(0.0562766 0.0122779 0)
(0.0971692 0.0219381 0)
(0.160028 0.0374862 0)
(0.250576 0.0610824 0)
(0.371767 0.0946362 0)
(0.520805 0.139 0)
(0.686806 0.193029 0)
(0.851591 0.253152 0)
(0.994875 0.314252 0)
(1.10158 0.371557 0)
(1.16748 0.422758 0)
(1.20032 0.469393 0)
(1.21534 0.516663 0)
(1.22753 0.571548 0)
(1.24555 0.640722 0)
(1.27058 0.729742 0)
(1.29893 0.843953 0)
(1.32413 0.989734 0)
(1.33632 1.17469 0)
(1.31938 1.40625 0)
(1.24974 1.68775 0)
(1.0845 2.01385 0)
(0.800034 2.33911 0)
(0.314528 2.63113 0)
(0.000566621 0.000229813 0)
(0.00202206 0.000384774 0)
(0.00457125 0.000775857 0)
(0.00938567 0.00159233 0)
(0.0183523 0.00318606 0)
(0.0344162 0.00615087 0)
(0.0618578 0.0114129 0)
(0.106304 0.0202966 0)
(0.174156 0.0345009 0)
(0.271107 0.0558938 0)
(0.399605 0.0860427 0)
(0.555727 0.12548 0)
(0.727011 0.172892 0)
(0.893934 0.224889 0)
(1.03592 0.276961 0)
(1.13903 0.325249 0)
(1.20142 0.36839 0)
(1.23349 0.408576 0)
(1.25232 0.451106 0)
(1.27332 0.502571 0)
(1.3047 0.569215 0)
(1.34742 0.656732 0)
(1.39852 0.771653 0)
(1.45294 0.922908 0)
(1.50186 1.12252 0)
(1.52825 1.38504 0)
(1.50425 1.72419 0)
(1.36583 2.148 0)
(1.07869 2.60963 0)
(0.450035 3.07 0)
(0.000622319 0.000206901 0)
(0.00221816 0.000345564 0)
(0.00500432 0.000694826 0)
(0.0102485 0.00142196 0)
(0.0199808 0.00283657 0)
(0.0373482 0.00545814 0)
(0.0668859 0.010091 0)
(0.114485 0.0178741 0)
(0.186726 0.030249 0)
(0.289232 0.0487653 0)
(0.423956 0.0746611 0)
(0.585942 0.108225 0)
(0.761363 0.148132 0)
(0.929642 0.191364 0)
(1.07015 0.234144 0)
(1.17015 0.273493 0)
(1.22997 0.308769 0)
(1.26236 0.342425 0)
(1.28583 0.379442 0)
(1.31611 0.425733 0)
(1.36117 0.486977 0)
(1.42241 0.568937 0)
(1.49856 0.6792 0)
(1.58728 0.829153 0)
(1.68292 1.03574 0)
(1.77064 1.32283 0)
(1.82206 1.72148 0)
(1.74869 2.26872 0)
(1.49266 2.97181 0)
(0.658754 3.85592 0)
(0.000670619 0.000173639 0)
(0.002388 0.000289435 0)
(0.00537854 0.000580638 0)
(0.010992 0.00118553 0)
(0.0213794 0.00235915 0)
(0.039857 0.00452739 0)
(0.0711698 0.0083457 0)
(0.121422 0.014735 0)
(0.197325 0.0248473 0)
(0.304416 0.0398983 0)
(0.444199 0.0608163 0)
(0.610831 0.0877252 0)
(0.789366 0.119433 0)
(0.958443 0.153446 0)
(1.09752 0.186793 0)
(1.195 0.2173 0)
(1.25312 0.244796 0)
(1.28649 0.271632 0)
(1.3148 0.302103 0)
(1.35397 0.341182 0)
(1.4121 0.39379 0)
(1.49158 0.465458 0)
(1.59368 0.564269 0)
(1.72034 0.703279 0)
(1.87211 0.903676 0)
(2.04253 1.19878 0)
(2.21368 1.6385 0)
(2.30305 2.28293 0)
(2.26996 3.13552 0)
(1.12045 4.21032 0)
(0.000709166 0.000131206 0)
(0.00252341 0.000218378 0)
(0.00567639 0.000437337 0)
(0.0115824 0.00089139 0)
(0.0224872 0.00177056 0)
(0.0418382 0.00339102 0)
(0.0745416 0.00623715 0)
(0.126862 0.0109854 0)
(0.205599 0.0184745 0)
(0.316209 0.0295765 0)
(0.459827 0.0449332 0)
(0.629905 0.0645756 0)
(0.810654 0.0875639 0)
(0.980162 0.112042 0)
(1.11803 0.135878 0)
(1.21365 0.15761 0)
(1.27072 0.177305 0)
(1.30534 0.196888 0)
(1.338 0.21966 0)
(1.38487 0.249398 0)
(1.45437 0.289968 0)
(1.55027 0.346097 0)
(1.67692 0.425262 0)
(1.84183 0.540421 0)
(2.05454 0.715068 0)
(2.32178 0.993007 0)
(2.63571 1.46788 0)
(2.87747 2.30407 0)
(2.95983 4.15732 0)
(1.47636 7.22015 0)
(0.000733315 8.70985e-05 0)
(0.00260818 0.000144822 0)
(0.00586261 0.0002897 0)
(0.0119509 0.000589796 0)
(0.0231775 0.00117008 0)
(0.04307 0.002238 0)
(0.0766332 0.00411037 0)
(0.130226 0.00722786 0)
(0.210701 0.0121336 0)
(0.323455 0.0193867 0)
(0.469386 0.0293877 0)
(0.641514 0.0421309 0)
(0.823534 0.056977 0)
(0.993227 0.0727077 0)
(1.13033 0.0879577 0)
(1.22483 0.101832 0)
(1.28139 0.114457 0)
(1.31697 0.127169 0)
(1.35256 0.14218 0)
(1.40452 0.162003 0)
(1.4816 0.189284 0)
(1.58878 0.227429 0)
(1.73318 0.282096 0)
(1.92813 0.363503 0)
(2.19587 0.491252 0)
(2.57846 0.704247 0)
(3.13862 1.09042 0)
(4.16052 1.80868 0)
(5.50575 3.47283 0)
(10.2643 6.34343 0)
(0.000746484 4.43242e-05 0)
(0.00265439 7.36645e-05 0)
(0.00596406 0.000147276 0)
(0.0121516 0.000299671 0)
(0.0235528 0.000594156 0)
(0.0437392 0.0011357 0)
(0.077768 0.00208438 0)
(0.132049 0.00366236 0)
(0.213461 0.00614273 0)
(0.327367 0.00980501 0)
(0.474535 0.0148469 0)
(0.647749 0.0212591 0)
(0.830431 0.0287124 0)
(1.0002 0.0365906 0)
(1.13688 0.0442112 0)
(1.23079 0.0511378 0)
(1.28711 0.0574543 0)
(1.32326 0.0638554 0)
(1.36052 0.0714714 0)
(1.41532 0.0815838 0)
(1.49666 0.0955597 0)
(1.61024 0.115202 0)
(1.76483 0.143548 0)
(1.97694 0.186099 0)
(2.27478 0.253178 0)
(2.71022 0.364017 0)
(3.35669 0.553285 0)
(4.44283 0.879118 0)
(5.85622 1.3392 0)
(10.0956 2.24884 0)
(0.000750919 -3.8182e-08 0)
(0.00266995 -6.17074e-08 0)
(0.00599821 -1.19154e-07 0)
(0.0122191 -2.34792e-07 0)
(0.0236791 -4.51956e-07 0)
(0.0439642 -8.40978e-07 0)
(0.0781492 -1.50722e-06 0)
(0.132661 -2.5958e-06 0)
(0.214387 -4.28699e-06 0)
(0.328678 -6.77514e-06 0)
(0.476259 -1.02255e-05 0)
(0.649833 -1.47102e-05 0)
(0.832733 -2.0143e-05 0)
(1.00253 -2.62693e-05 0)
(1.13906 -3.27509e-05 0)
(1.23278 -3.93281e-05 0)
(1.28902 -4.6014e-05 0)
(1.32538 -5.32272e-05 0)
(1.3632 -6.17702e-05 0)
(1.41898 -7.27383e-05 0)
(1.50177 -8.76016e-05 0)
(1.61757 -0.000108574 0)
(1.77572 -0.00013917 0)
(1.99391 -0.00018448 0)
(2.30264 -0.00025007 0)
(2.75857 -0.000337045 0)
(3.44734 -0.000433583 0)
(4.63193 -0.000600789 0)
(6.22189 -0.000555701 0)
(10.0131 0.000338969 0)
(0.00074647 -4.43978e-05 0)
(0.00265434 -7.37837e-05 0)
(0.00596396 -0.000147507 0)
(0.0121514 -0.000300126 0)
(0.0235525 -0.000595034 0)
(0.0437386 -0.00113734 0)
(0.0777669 -0.00208732 0)
(0.132048 -0.00366744 0)
(0.213458 -0.00615114 0)
(0.327363 -0.00981833 0)
(0.474531 -0.0148671 0)
(0.647743 -0.0212882 0)
(0.830425 -0.0287523 0)
(1.00019 -0.0366427 0)
(1.13687 -0.0442764 0)
(1.23078 -0.0512161 0)
(1.2871 -0.0575461 0)
(1.32325 -0.0639616 0)
(1.3605 -0.0715946 0)
(1.4153 -0.0817288 0)
(1.49663 -0.095734 0)
(1.61021 -0.115417 0)
(1.76478 -0.143822 0)
(1.97687 -0.186459 0)
(2.27469 -0.253662 0)
(2.71011 -0.364655 0)
(3.35653 -0.55401 0)
(4.44276 -0.879526 0)
(5.85671 -1.33803 0)
(10.0959 -2.24377 0)
(0.000733287 -8.71634e-05 0)
(0.00260809 -0.000144928 0)
(0.00586241 -0.000289906 0)
(0.0119506 -0.000590207 0)
(0.0231768 -0.00117088 0)
(0.0430688 -0.0022395 0)
(0.0766311 -0.0041131 0)
(0.130223 -0.00723262 0)
(0.210696 -0.0121416 0)
(0.323448 -0.0193994 0)
(0.469377 -0.0294071 0)
(0.641502 -0.0421592 0)
(0.823521 -0.0570162 0)
(0.993212 -0.0727594 0)
(1.13031 -0.0880228 0)
(1.22482 -0.101911 0)
(1.28137 -0.11455 0)
(1.31695 -0.127278 0)
(1.35254 -0.142306 0)
(1.40449 -0.162153 0)
(1.48156 -0.189465 0)
(1.58872 -0.227654 0)
(1.7331 -0.282385 0)
(1.928 -0.363894 0)
(2.1957 -0.491822 0)
(2.57831 -0.705163 0)
(3.13877 -1.09201 0)
(4.16159 -1.81146 0)
(5.50812 -3.47512 0)
(10.2634 -6.34251 0)
(13.3727 0.689602 0)
(12.17 -0.0279805 0)
(12.2366 -0.0469721 0)
(12.2406 -0.0254099 0)
(12.1972 -0.0119039 0)
(12.149 -0.00523396 0)
(12.0969 -0.00226001 0)
(12.0404 -0.000937536 0)
(11.9798 -0.000369479 0)
(11.9156 -0.000135496 0)
(11.8484 -4.36648e-05 0)
(11.7789 -9.67438e-06 0)
(11.7085 1.7426e-06 0)
(11.6388 4.84739e-06 0)
(11.5716 5.40299e-06 0)
(11.509 5.3712e-06 0)
(11.4528 5.22448e-06 0)
(11.4044 4.98942e-06 0)
(11.3656 4.83875e-06 0)
(11.3334 4.84241e-06 0)
(11.3225 4.50343e-06 0)
(11.2732 4.16143e-06 0)
(11.3985 3.27385e-06 0)
(11.1757 2.72524e-06 0)
(11.312 2.01922e-06 0)
(13.0163 0.0594492 0)
(12.4447 0.0929779 0)
(12.3381 0.0523284 0)
(12.2805 0.0227984 0)
(12.2171 0.00980101 0)
(12.1587 0.00411849 0)
(12.1015 0.00169743 0)
(12.0426 0.000670165 0)
(11.9809 0.000246706 0)
(11.9162 8.11645e-05 0)
(11.8487 2.29531e-05 0)
(11.7792 6.59178e-06 0)
(11.7088 3.99964e-06 0)
(11.6391 4.10734e-06 0)
(11.5719 4.0893e-06 0)
(11.5092 3.83731e-06 0)
(11.453 3.47371e-06 0)
(11.4046 3.05732e-06 0)
(11.3659 2.78339e-06 0)
(11.3336 2.74311e-06 0)
(11.3228 2.4582e-06 0)
(11.2735 2.27363e-06 0)
(11.3987 1.69592e-06 0)
(11.1759 1.56608e-06 0)
(11.3123 1.34968e-06 0)
(12.4913 7.30095e-05 0)
(12.0998 9.37799e-05 0)
(12.1701 9.17933e-05 0)
(12.1989 7.36783e-05 0)
(12.1796 4.87207e-05 0)
(12.1411 2.83308e-05 0)
(12.0937 1.53526e-05 0)
(12.0392 7.75401e-06 0)
(11.9795 3.514e-06 0)
(11.9157 1.233e-06 0)
(11.8485 2.07547e-07 0)
(11.7791 5.16633e-08 0)
(11.7087 5.33074e-07 0)
(11.639 1.00923e-06 0)
(11.5719 1.08881e-06 0)
(11.5092 9.05255e-07 0)
(11.453 6.43363e-07 0)
(11.4046 3.44247e-07 0)
(11.3659 8.18199e-08 0)
(11.3336 -1.30285e-07 0)
(11.3228 -2.66286e-07 0)
(11.2735 -3.21594e-07 0)
(11.3987 -3.09339e-07 0)
(11.1759 -2.20437e-07 0)
(11.3123 -1.96099e-07 0)
(13.0162 -0.0583279 0)
(12.4447 -0.0920889 0)
(12.3381 -0.0518434 0)
(12.2805 -0.0225608 0)
(12.2171 -0.00968584 0)
(12.1587 -0.00406387 0)
(12.1014 -0.00167162 0)
(12.0425 -0.000657966 0)
(11.9809 -0.000240562 0)
(11.9162 -7.7271e-05 0)
(11.8487 -1.95019e-05 0)
(11.7792 -2.87647e-06 0)
(11.7088 -1.27617e-07 0)
(11.6391 -5.57666e-07 0)
(11.5719 -9.84937e-07 0)
(11.5092 -1.20214e-06 0)
(11.453 -1.35748e-06 0)
(11.4046 -1.45781e-06 0)
(11.3659 -1.67939e-06 0)
(11.3336 -2.06019e-06 0)
(11.3228 -2.0897e-06 0)
(11.2735 -2.09988e-06 0)
(11.3987 -1.67171e-06 0)
(11.1759 -1.5934e-06 0)
(11.3123 -1.61793e-06 0)
(13.37 -0.688696 0)
(12.1691 0.0288355 0)
(12.236 0.0473689 0)
(12.2402 0.0255778 0)
(12.197 0.0119728 0)
(12.1489 0.00526028 0)
(12.0969 0.00227048 0)
(12.0404 0.000941981 0)
(11.9798 0.000372109 0)
(11.9156 0.000138157 0)
(11.8484 4.69085e-05 0)
(11.7789 1.3338e-05 0)
(11.7085 1.59635e-06 0)
(11.6388 -2.30695e-06 0)
(11.5716 -3.38744e-06 0)
(11.509 -3.64128e-06 0)
(11.4528 -3.75161e-06 0)
(11.4044 -3.73416e-06 0)
(11.3656 -3.81657e-06 0)
(11.3334 -4.0292e-06 0)
(11.3225 -3.86865e-06 0)
(11.2732 -3.66608e-06 0)
(11.3985 -2.9403e-06 0)
(11.1757 -2.53212e-06 0)
(11.312 -2.09138e-06 0)
(0.000708985 -0.000131489 0)
(0.00252278 -0.00021885 0)
(0.005675 -0.000438284 0)
(0.0115797 -0.000893329 0)
(0.0224821 -0.00177442 0)
(0.0418291 -0.00339848 0)
(0.0745263 -0.00625096 0)
(0.126837 -0.0110099 0)
(0.205561 -0.0185161 0)
(0.316156 -0.0296439 0)
(0.459756 -0.0450371 0)
(0.629819 -0.0647272 0)
(0.810557 -0.0877732 0)
(0.980062 -0.112315 0)
(1.11794 -0.136216 0)
(1.21356 -0.158011 0)
(1.27063 -0.177763 0)
(1.30524 -0.197404 0)
(1.33787 -0.22024 0)
(1.38471 -0.250058 0)
(1.45414 -0.290734 0)
(1.54994 -0.347004 0)
(1.67644 -0.426356 0)
(1.84107 -0.541761 0)
(2.05327 -0.716725 0)
(2.31947 -0.995046 0)
(2.63132 -1.47026 0)
(2.8691 -2.30641 0)
(2.94595 -4.15664 0)
(1.46801 -7.21365 0)
(0.000669903 -0.000174268 0)
(0.00238549 -0.000290493 0)
(0.00537302 -0.000582781 0)
(0.010981 -0.00118995 0)
(0.0213589 -0.00236804 0)
(0.0398202 -0.00454465 0)
(0.0711072 -0.00837792 0)
(0.121321 -0.0147927 0)
(0.197171 -0.0249461 0)
(0.304196 -0.0400597 0)
(0.443906 -0.0610671 0)
(0.610471 -0.0880946 0)
(0.788961 -0.119948 0)
(0.958026 -0.154123 0)
(1.09712 -0.187636 0)
(1.19464 -0.218301 0)
(1.25277 -0.24594 0)
(1.28612 -0.272911 0)
(1.31434 -0.303522 0)
(1.35336 -0.342766 0)
(1.41127 -0.395582 0)
(1.49044 -0.46751 0)
(1.59207 -0.566632 0)
(1.71802 -0.70598 0)
(1.86869 -0.906657 0)
(2.03748 -1.20174 0)
(2.20639 -1.64049 0)
(2.29333 -2.28184 0)
(2.25775 -3.12697 0)
(1.11366 -4.18969 0)
(0.000620899 -0.000207656 0)
(0.00221317 -0.000346847 0)
(0.00499331 -0.000697459 0)
(0.0102266 -0.00142745 0)
(0.0199396 -0.00284776 0)
(0.0372742 -0.00548015 0)
(0.0667593 -0.0101326 0)
(0.11428 -0.0179498 0)
(0.186412 -0.0303806 0)
(0.28878 -0.048984 0)
(0.42335 -0.0750069 0)
(0.585193 -0.108744 0)
(0.760514 -0.14887 0)
(0.928761 -0.192354 0)
(1.0693 -0.235399 0)
(1.16937 -0.275004 0)
(1.22924 -0.310512 0)
(1.2616 -0.344373 0)
(1.28493 -0.381585 0)
(1.31493 -0.428084 0)
(1.3596 -0.48957 0)
(1.4203 -0.571803 0)
(1.49571 -0.682346 0)
(1.58338 -0.832514 0)
(1.67754 -1.03909 0)
(1.76327 -1.32565 0)
(1.81217 -1.72269 0)
(1.73639 -2.26651 0)
(1.47849 -2.96337 0)
(0.651295 -3.83723 0)
(0.00056441 -0.000230455 0)
(0.00201427 -0.000385889 0)
(0.00455403 -0.0007782 0)
(0.00935132 -0.00159733 0)
(0.0182874 -0.0031965 0)
(0.034299 -0.00617189 0)
(0.0616565 -0.0114537 0)
(0.105975 -0.0203727 0)
(0.17365 -0.0346369 0)
(0.270374 -0.056126 0)
(0.398614 -0.0864209 0)
(0.55449 -0.126065 0)
(0.725593 -0.17375 0)
(0.892446 -0.226075 0)
(1.03448 -0.278507 0)
(1.13771 -0.327155 0)
(1.20019 -0.370627 0)
(1.23225 -0.411096 0)
(1.25089 -0.453871 0)
(1.27152 -0.505566 0)
(1.30235 -0.572445 0)
(1.34433 -0.660196 0)
(1.39448 -0.775302 0)
(1.44765 -0.926581 0)
(1.49496 -1.12586 0)
(1.51941 -1.38735 0)
(1.49331 -1.72428 0)
(1.35356 -2.14402 0)
(1.06645 -2.59956 0)
(0.444084 -3.05154 0)
(0.000503096 -0.000242319 0)
(0.00179803 -0.000406954 0)
(0.00407516 -0.000823469 0)
(0.0083938 -0.00169605 0)
(0.0164726 -0.0034064 0)
(0.0310161 -0.00660323 0)
(0.0559966 -0.0123075 0)
(0.0967094 -0.0219966 0)
(0.159314 -0.0375966 0)
(0.249533 -0.0612816 0)
(0.370344 -0.0949781 0)
(0.519007 -0.139556 0)
(0.684717 -0.193887 0)
(0.849365 -0.254395 0)
(0.99269 -0.315943 0)
(1.09955 -0.373719 0)
(1.16563 -0.425366 0)
(1.19851 -0.472387 0)
(1.21333 -0.519971 0)
(1.22507 -0.575116 0)
(1.24241 -0.644517 0)
(1.26656 -0.73373 0)
(1.29382 -0.848037 0)
(1.3177 -0.993689 0)
(1.32833 -1.17808 0)
(1.30973 -1.40833 0)
(1.23859 -1.68741 0)
(1.07291 -2.0096 0)
(0.789594 -2.32987 0)
(0.309784 -2.61593 0)
(0.000439635 -0.00024374 0)
(0.00157382 -0.000410722 0)
(0.00357703 -0.000834319 0)
(0.00739374 -0.00172514 0)
(0.0145683 -0.00347921 0)
(0.0275529 -0.00677489 0)
(0.0499899 -0.0126902 0)
(0.0868087 -0.022805 0)
(0.143876 -0.0392151 0)
(0.226885 -0.0643503 0)
(0.33929 -0.100481 0)
(0.479528 -0.148869 0)
(0.638558 -0.208723 0)
(0.79994 -0.276528 0)
(0.944042 -0.346729 0)
(1.05478 -0.413638 0)
(1.12541 -0.473766 0)
(1.16055 -0.527567 0)
(1.17304 -0.579642 0)
(1.17713 -0.637026 0)
(1.18214 -0.706725 0)
(1.19009 -0.794261 0)
(1.19746 -0.903923 0)
(1.19751 -1.03975 0)
(1.1807 -1.20563 0)
(1.13338 -1.40382 0)
(1.03755 -1.63162 0)
(0.866609 -1.87795 0)
(0.60661 -2.10637 0)
(0.227462 -2.2851 0)
(0.000376541 -0.000235913 0)
(0.00135044 -0.000399034 0)
(0.00307897 -0.000814084 0)
(0.00638925 -0.00169065 0)
(0.0126454 -0.00342545 0)
(0.0240351 -0.00670381 0)
(0.0438474 -0.0126266 0)
(0.0766063 -0.0228292 0)
(0.127827 -0.0395221 0)
(0.2031 -0.0653405 0)
(0.306287 -0.102877 0)
(0.43697 -0.15383 0)
(0.587965 -0.217885 0)
(0.744772 -0.291836 0)
(0.888774 -0.369963 0)
(1.00327 -0.445841 0)
(1.07928 -0.51477 0)
(1.11827 -0.575847 0)
(1.13038 -0.632606 0)
(1.12876 -0.691697 0)
(1.12324 -0.760265 0)
(1.11711 -0.843946 0)
(1.10776 -0.946434 0)
(1.08903 -1.07016 0)
(1.0524 -1.21651 0)
(0.986867 -1.38469 0)
(0.879209 -1.56942 0)
(0.713071 -1.75856 0)
(0.480915 -1.92467 0)
(0.174375 -2.04162 0)
(0.000316007 -0.00022056 0)
(0.00113563 -0.000374605 0)
(0.00259812 -0.000767861 0)
(0.00541459 -0.00160227 0)
(0.0107688 -0.0032628 0)
(0.0205794 -0.00642065 0)
(0.0377685 -0.0121663 0)
(0.0664247 -0.0221437 0)
(0.111657 -0.0386181 0)
(0.178868 -0.064368 0)
(0.272225 -0.102266 0)
(0.392363 -0.15446 0)
(0.533963 -0.221221 0)
(0.684681 -0.299891 0)
(0.827323 -0.384888 0)
(0.94503 -0.469283 0)
(1.02688 -0.547219 0)
(1.07125 -0.616232 0)
(1.08524 -0.678366 0)
(1.08038 -0.739385 0)
(1.06675 -0.8063 0)
(1.04899 -0.88494 0)
(1.02601 -0.978851 0)
(0.992825 -1.08955 0)
(0.942315 -1.21687 0)
(0.865901 -1.35837 0)
(0.754184 -1.50789 0)
(0.597356 -1.65422 0)
(0.392042 -1.77717 0)
(0.138833 -1.85673 0)
(0.000259791 -0.000199695 0)
(0.000935639 -0.00034068 0)
(0.00214853 -0.000701874 0)
(0.00449835 -0.00147209 0)
(0.00899358 -0.00301402 0)
(0.0172872 -0.00596616 0)
(0.031931 -0.0113785 0)
(0.0565587 -0.020858 0)
(0.0958255 -0.0366637 0)
(0.154861 -0.0616464 0)
(0.238007 -0.0988958 0)
(0.346815 -0.150984 0)
(0.477743 -0.218832 0)
(0.62073 -0.300531 0)
(0.760393 -0.390964 0)
(0.880243 -0.483024 0)
(0.967908 -0.569891 0)
(1.01887 -0.647491 0)
(1.03704 -0.716054 0)
(1.0318 -0.779948 0)
(1.01293 -0.845647 0)
(0.986334 -0.919095 0)
(0.952685 -1.00404 0)
(0.908635 -1.10177 0)
(0.848666 -1.21139 0)
(0.766294 -1.32979 0)
(0.654975 -1.45092 0)
(0.508982 -1.56514 0)
(0.327409 -1.65771 0)
(0.11407 -1.71395 0)
(0.000209156 -0.000175412 0)
(0.000755027 -0.000300671 0)
(0.00174063 -0.000622791 0)
(0.00366223 -0.00131333 0)
(0.00736277 -0.00270448 0)
(0.01424 -0.005387 0)
(0.0264821 -0.0103446 0)
(0.0472612 -0.0191063 0)
(0.0807435 -0.0338656 0)
(0.131703 -0.0574693 0)
(0.204516 -0.0931429 0)
(0.301464 -0.143823 0)
(0.420622 -0.211089 0)
(0.554223 -0.293918 0)
(0.689012 -0.387974 0)
(0.809422 -0.486354 0)
(0.902234 -0.581611 0)
(0.96047 -0.668193 0)
(0.984848 -0.744363 0)
(0.982163 -0.81265 0)
(0.961289 -0.87848 0)
(0.928945 -0.947647 0)
(0.887565 -1.02424 0)
(0.835678 -1.10982 0)
(0.769495 -1.20352 0)
(0.684356 -1.30224 0)
(0.575809 -1.40054 0)
(0.44063 -1.49047 0)
(0.279248 -1.56125 0)
(0.096203 -1.60233 0)
(0.000164858 -0.000149672 0)
(0.000596573 -0.00025783 0)
(0.00138104 -0.000537081 0)
(0.00292064 -0.00113905 0)
(0.00590616 -0.00235978 0)
(0.0114968 -0.00473126 0)
(0.0215332 -0.00915077 0)
(0.0387322 -0.0170352 0)
(0.0667504 -0.0304584 0)
(0.109935 -0.0521873 0)
(0.17256 -0.0854889 0)
(0.257424 -0.133574 0)
(0.363986 -0.198627 0)
(0.48667 -0.280571 0)
(0.614547 -0.376104 0)
(0.733486 -0.478936 0)
(0.830093 -0.581424 0)
(0.895523 -0.676863 0)
(0.927558 -0.761601 0)
(0.93015 -0.836057 0)
(0.910614 -0.904076 0)
(0.875861 -0.970867 0)
(0.829772 -1.04073 0)
(0.772762 -1.11577 0)
(0.702834 -1.19566 0)
(0.616972 -1.27785 0)
(0.512311 -1.35779 0)
(0.387173 -1.42914 0)
(0.24262 -1.484 0)
(0.0829291 -1.51482 0)
(0.000127183 -0.000124164 0)
(0.000461411 -0.000215001 0)
(0.00107275 -0.0004505 0)
(0.00228082 -0.000961092 0)
(0.00464025 -0.00200359 0)
(0.00909314 -0.00404447 0)
(0.017157 -0.00788075 0)
(0.0311122 -0.0147911 0)
(0.0541018 -0.0266851 0)
(0.0899953 -0.0461786 0)
(0.142833 -0.0764821 0)
(0.215717 -0.120965 0)
(0.309213 -0.182313 0)
(0.419714 -0.261367 0)
(0.538673 -0.356014 0)
(0.65381 -0.460945 0)
(0.752226 -0.568811 0)
(0.823915 -0.672226 0)
(0.864196 -0.765906 0)
(0.874183 -0.848115 0)
(0.859117 -0.920718 0)
(0.825376 -0.987787 0)
(0.77774 -1.05348 0)
(0.718254 -1.12042 0)
(0.646661 -1.18906 0)
(0.56148 -1.25776 0)
(0.461139 -1.32305 0)
(0.344976 -1.38009 0)
(0.214312 -1.42309 0)
(0.0728408 -1.4467 0)
(9.6013e-05 -0.000100212 0)
(0.000349244 -0.000174456 0)
(0.000815578 -0.000367756 0)
(0.00174357 -0.00078934 0)
(0.00356929 -0.00165614 0)
(0.00704251 -0.00336646 0)
(0.0133883 -0.00660978 0)
(0.0244805 -0.0125098 0)
(0.0429619 -0.022778 0)
(0.0721942 -0.0398199 0)
(0.11588 -0.0666948 0)
(0.177215 -0.106802 0)
(0.257576 -0.163188 0)
(0.355023 -0.237499 0)
(0.463287 -0.328845 0)
(0.572207 -0.433177 0)
(0.669965 -0.543905 0)
(0.746146 -0.653526 0)
(0.794253 -0.755607 0)
(0.812819 -0.846466 0)
(0.804757 -0.925829 0)
(0.775241 -0.996136 0)
(0.729249 -1.06088 0)
(0.670003 -1.12292 0)
(0.598748 -1.18344 0)
(0.515424 -1.24183 0)
(0.419593 -1.29583 0)
(0.31135 -1.34196 0)
(0.192132 -1.37613 0)
(0.0650331 -1.39455 0)
(7.09141e-05 -7.87337e-05 0)
(0.000258641 -0.000137815 0)
(0.000606734 -0.000292306 0)
(0.00130436 -0.000631281 0)
(0.00268707 -0.00133318 0)
(0.0053388 -0.00272922 0)
(0.0102273 -0.00540018 0)
(0.0188584 -0.0103075 0)
(0.0334037 -0.0189438 0)
(0.0567109 -0.033459 0)
(0.0920677 -0.0566801 0)
(0.142586 -0.0919088 0)
(0.210158 -0.142385 0)
(0.294163 -0.210393 0)
(0.39037 -0.296171 0)
(0.490818 -0.397069 0)
(0.585224 -0.507643 0)
(0.663467 -0.620834 0)
(0.717968 -0.72967 0)
(0.745172 -0.828973 0)
(0.745683 -0.91644 0)
(0.723019 -0.99261 0)
(0.681654 -1.05979 0)
(0.625367 -1.12055 0)
(0.556533 -1.17658 0)
(0.476302 -1.22817 0)
(0.38525 -1.27419 0)
(0.284118 -1.31246 0)
(0.174451 -1.34023 0)
(0.0588718 -1.35498 0)
(5.12357e-05 -6.0245e-05 0)
(0.000187379 -0.000106037 0)
(0.000441583 -0.000226305 0)
(0.00095469 -0.000491795 0)
(0.00197927 -0.00104547 0)
(0.00396015 -0.00215553 0)
(0.00764475 -0.00429834 0)
(0.0142159 -0.00827455 0)
(0.0254155 -0.0153504 0)
(0.0435941 -0.0273926 0)
(0.0715809 -0.046933 0)
(0.112259 -0.0770618 0)
(0.167777 -0.121042 0)
(0.238469 -0.181585 0)
(0.321807 -0.259873 0)
(0.411933 -0.354632 0)
(0.500374 -0.461811 0)
(0.577873 -0.57527 0)
(0.636506 -0.688134 0)
(0.671267 -0.794341 0)
(0.680737 -0.889936 0)
(0.666599 -0.973563 0)
(0.632284 -1.04599 0)
(0.581482 -1.109 0)
(0.517184 -1.16429 0)
(0.44145 -1.21275 0)
(0.355712 -1.25418 0)
(0.261293 -1.2875 0)
(0.159897 -1.31112 0)
(0.0538518 -1.32345 0)
(3.62084e-05 -4.49137e-05 0)
(0.000132785 -7.94938e-05 0)
(0.00031437 -0.000170714 0)
(0.00068352 -0.000373311 0)
(0.00142613 -0.000798839 0)
(0.00287346 -0.00165881 0)
(0.00558968 -0.0033336 0)
(0.0104821 -0.00647207 0)
(0.0189142 -0.0121188 0)
(0.0327746 -0.021848 0)
(0.0544237 -0.0378566 0)
(0.0864186 -0.0629333 0)
(0.13094 -0.100207 0)
(0.188943 -0.152593 0)
(0.259218 -0.221973 0)
(0.33777 -0.308281 0)
(0.418004 -0.408934 0)
(0.491938 -0.519044 0)
(0.551936 -0.632383 0)
(0.592227 -0.742673 0)
(0.609851 -0.844872 0)
(0.604748 -0.936006 0)
(0.579007 -1.01522 0)
(0.535701 -1.08314 0)
(0.477904 -1.14097 0)
(0.408181 -1.18973 0)
(0.328593 -1.22983 0)
(0.240963 -1.26099 0)
(0.147203 -1.28251 0)
(0.0495226 -1.29355 0)
(2.50277e-05 -3.26361e-05 0)
(9.20356e-05 -5.80856e-05 0)
(0.0002189 -0.000125516 0)
(0.000478637 -0.000276183 0)
(0.001005 -0.00059488 0)
(0.00203906 -0.00124405 0)
(0.0039968 -0.0025194 0)
(0.00755762 -0.00493257 0)
(0.0137621 -0.00932137 0)
(0.0240875 -0.016975 0)
(0.0404426 -0.0297401 0)
(0.0650047 -0.0500449 0)
(0.0998246 -0.0807556 0)
(0.146183 -0.124785 0)
(0.203811 -0.184438 0)
(0.270236 -0.260599 0)
(0.340638 -0.352047 0)
(0.408522 -0.4553 0)
(0.467019 -0.565177 0)
(0.510223 -0.675782 0)
(0.534211 -0.781629 0)
(0.537493 -0.878611 0)
(0.520771 -0.964429 0)
(0.486173 -1.0384 0)
(0.436397 -1.10088 0)
(0.374109 -1.15257 0)
(0.301705 -1.19401 0)
(0.221365 -1.2254 0)
(0.135218 -1.24661 0)
(0.0454804 -1.25734 0)
(1.69203e-05 -2.31226e-05 0)
(6.23924e-05 -4.13818e-05 0)
(0.000149076 -8.99717e-05 0)
(0.000327791 -0.000199192 0)
(0.000692593 -0.000431834 0)
(0.00141488 -0.000909402 0)
(0.00279417 -0.00185569 0)
(0.00532691 -0.00366326 0)
(0.00978729 -0.00698537 0)
(0.0172993 -0.012847 0)
(0.0293601 -0.0227524 0)
(0.0477542 -0.0387425 0)
(0.0742951 -0.0633338 0)
(0.110363 -0.0992629 0)
(0.156286 -0.148997 0)
(0.21074 -0.214062 0)
(0.270441 -0.294357 0)
(0.330408 -0.387777 0)
(0.384833 -0.490399 0)
(0.42818 -0.597152 0)
(0.456129 -0.702705 0)
(0.466205 -0.802394 0)
(0.457899 -0.892864 0)
(0.432283 -0.972229 0)
(0.391381 -1.03981 0)
(0.337604 -1.09565 0)
(0.273391 -1.14006 0)
(0.201094 -1.1733 0)
(0.122999 -1.19549 0)
(0.0413931 -1.20661 0)
(1.11891e-05 -1.59791e-05 0)
(4.1371e-05 -2.87542e-05 0)
(9.9296e-05 -6.28964e-05 0)
(0.000219541 -0.000140093 0)
(0.000466738 -0.000305651 0)
(0.000959933 -0.000648093 0)
(0.00190966 -0.00133232 0)
(0.00366986 -0.00265141 0)
(0.00680183 -0.00510054 0)
(0.0121377 -0.009471 0)
(0.0208165 -0.0169502 0)
(0.0342483 -0.0291953 0)
(0.0539565 -0.0483282 0)
(0.0812593 -0.0767864 0)
(0.116806 -0.116982 0)
(0.160068 -0.170776 0)
(0.20898 -0.238874 0)
(0.259944 -0.320352 0)
(0.308334 -0.412568 0)
(0.349318 -0.511529 0)
(0.378659 -0.612517 0)
(0.393372 -0.710865 0)
(0.392053 -0.80265 0)
(0.374803 -0.885075 0)
(0.342857 -0.956485 0)
(0.298131 -1.01612 0)
(0.242854 -1.06375 0)
(0.179354 -1.0994 0)
(0.109972 -1.12314 0)
(0.0370517 -1.13501 0)
(7.23809e-06 -1.07748e-05 0)
(2.6834e-05 -1.94937e-05 0)
(6.46921e-05 -4.2894e-05 0)
(0.000143809 -9.6108e-05 0)
(0.000307582 -0.000210994 0)
(0.000636774 -0.000450386 0)
(0.00127587 -0.000932605 0)
(0.002471 -0.00187056 0)
(0.00461876 -0.00362923 0)
(0.00831857 -0.00680184 0)
(0.0144112 -0.012297 0)
(0.0239729 -0.0214155 0)
(0.038226 -0.0358787 0)
(0.0583303 -0.0577561 0)
(0.0850512 -0.0892448 0)
(0.118358 -0.132285 0)
(0.157078 -0.188064 0)
(0.198766 -0.256547 0)
(0.239941 -0.336227 0)
(0.27664 -0.424245 0)
(0.305053 -0.516773 0)
(0.322104 -0.609578 0)
(0.325867 -0.698654 0)
(0.315692 -0.78069 0)
(0.292065 -0.853288 0)
(0.256307 -0.914917 0)
(0.210268 -0.964715 0)
(0.156081 -1.00226 0)
(0.0960151 -1.02735 0)
(0.0324005 -1.03991 0)
(4.58101e-06 -7.09196e-06 0)
(1.7028e-05 -1.28987e-05 0)
(4.12304e-05 -2.85473e-05 0)
(9.21396e-05 -6.43333e-05 0)
(0.000198233 -0.000142094 0)
(0.000413027 -0.000305291 0)
(0.000833318 -0.000636611 0)
(0.0016261 -0.00128661 0)
(0.00306444 -0.0025169 0)
(0.00556849 -0.0047595 0)
(0.00974086 -0.00868869 0)
(0.0163759 -0.0152923 0)
(0.0264142 -0.0259157 0)
(0.0408134 -0.0422405 0)
(0.0603208 -0.0661534 0)
(0.0851739 -0.0994827 0)
(0.114803 -0.143619 0)
(0.147651 -0.199102 0)
(0.181236 -0.265314 0)
(0.212483 -0.340417 0)
(0.238196 -0.421554 0)
(0.255525 -0.505202 0)
(0.262369 -0.587661 0)
(0.257607 -0.665519 0)
(0.241128 -0.735958 0)
(0.213681 -0.796872 0)
(0.17666 -0.846815 0)
(0.131886 -0.884867 0)
(0.0814355 -0.910479 0)
(0.0275315 -0.923351 0)
(2.83719e-06 -4.55829e-06 0)
(1.05732e-05 -8.33336e-06 0)
(2.57101e-05 -1.85476e-05 0)
(5.77519e-05 -4.20336e-05 0)
(0.000124961 -9.33879e-05 0)
(0.000261982 -0.000201912 0)
(0.000532129 -0.000423902 0)
(0.00104594 -0.000863015 0)
(0.00198667 -0.00170168 0)
(0.003641 -0.00324563 0)
(0.00642846 -0.00598037 0)
(0.0109166 -0.0106321 0)
(0.0178021 -0.0182159 0)
(0.0278343 -0.0300427 0)
(0.0416676 -0.0476517 0)
(0.0596477 -0.0726407 0)
(0.0815769 -0.106393 0)
(0.106534 -0.149748 0)
(0.132839 -0.202692 0)
(0.158226 -0.264211 0)
(0.180163 -0.332337 0)
(0.196213 -0.404352 0)
(0.204363 -0.477113 0)
(0.203299 -0.547441 0)
(0.192513 -0.612441 0)
(0.172289 -0.669704 0)
(0.143578 -0.717378 0)
(0.107831 -0.754131 0)
(0.0668475 -0.779074 0)
(0.0226444 -0.79167 0)
(1.71991e-06 -2.86215e-06 0)
(6.42552e-06 -5.25883e-06 0)
(1.56892e-05 -1.17689e-05 0)
(3.54186e-05 -2.68165e-05 0)
(7.70622e-05 -5.99192e-05 0)
(0.000162532 -0.000130339 0)
(0.000332271 -0.000275433 0)
(0.00065768 -0.000564709 0)
(0.00125867 -0.00112197 0)
(0.00232569 -0.00215757 0)
(0.00414265 -0.00401091 0)
(0.00710262 -0.00719936 0)
(0.0117031 -0.0124627 0)
(0.0185042 -0.0207844 0)
(0.0280359 -0.0333634 0)
(0.0406538 -0.051513 0)
(0.0563639 -0.0764757 0)
(0.0746673 -0.109174 0)
(0.0944853 -0.14995 0)
(0.114225 -0.198375 0)
(0.131984 -0.253214 0)
(0.145801 -0.312501 0)
(0.153922 -0.37375 0)
(0.155043 -0.434226 0)
(0.148465 -0.491235 0)
(0.13415 -0.542345 0)
(0.112674 -0.58553 0)
(0.0851268 -0.619213 0)
(0.0529841 -0.642265 0)
(0.0179843 -0.653965 0)
(1.02076e-06 -1.75639e-06 0)
(3.82282e-06 -3.24289e-06 0)
(9.37164e-06 -7.29587e-06 0)
(2.1259e-05 -1.67119e-05 0)
(4.65021e-05 -3.75465e-05 0)
(9.86454e-05 -8.21521e-05 0)
(0.000202923 -0.000174697 0)
(0.000404352 -0.000360598 0)
(0.000779456 -0.00072166 0)
(0.00145149 -0.00139866 0)
(0.00260731 -0.00262209 0)
(0.00451104 -0.00474942 0)
(0.00750605 -0.00830237 0)
(0.0119938 -0.0139921 0)
(0.0183786 -0.0227137 0)
(0.0269731 -0.0354915 0)
(0.0378761 -0.0533594 0)
(0.0508487 -0.0771853 0)
(0.065234 -0.107466 0)
(0.0799626 -0.144145 0)
(0.093668 -0.186525 0)
(0.104859 -0.233279 0)
(0.112109 -0.28255 0)
(0.114258 -0.332139 0)
(0.11057 -0.379723 0)
(0.100824 -0.423069 0)
(0.0853205 -0.460194 0)
(0.0648315 -0.489468 0)
(0.0405086 -0.509663 0)
(0.0137766 -0.519962 0)
(5.93292e-07 -1.05384e-06 0)
(2.22718e-06 -1.95494e-06 0)
(5.48113e-06 -4.42078e-06 0)
(1.24918e-05 -1.01776e-05 0)
(2.74654e-05 -2.29869e-05 0)
(5.85868e-05 -5.05788e-05 0)
(0.000121239 -0.000108205 0)
(0.000243139 -0.000224794 0)
(0.000471931 -0.000453004 0)
(0.000885363 -0.000884526 0)
(0.00160312 -0.00167155 0)
(0.00279757 -0.00305379 0)
(0.00469814 -0.00538765 0)
(0.00758186 -0.0091698 0)
(0.0117417 -0.015043 0)
(0.0174276 -0.0237692 0)
(0.0247644 -0.036158 0)
(0.0336605 -0.0529481 0)
(0.0437371 -0.0746561 0)
(0.0543066 -0.101425 0)
(0.0644293 -0.132921 0)
(0.0730235 -0.168304 0)
(0.078997 -0.206261 0)
(0.0813967 -0.24512 0)
(0.07955 -0.283006 0)
(0.0731613 -0.318014 0)
(0.0623503 -0.348365 0)
(0.0476349 -0.372535 0)
(0.029873 -0.389329 0)
(0.0101783 -0.397932 0)
(3.37814e-07 -6.18508e-07 0)
(1.27103e-06 -1.15262e-06 0)
(3.13977e-06 -2.61932e-06 0)
(7.1879e-06 -6.05962e-06 0)
(1.58822e-05 -1.37557e-05 0)
(3.40594e-05 -3.04306e-05 0)
(7.08856e-05 -6.54765e-05 0)
(0.00014303 -0.000136867 0)
(0.000279449 -0.000277638 0)
(0.000527965 -0.000545952 0)
(0.000963241 -0.00103956 0)
(0.00169462 -0.00191465 0)
(0.00287076 -0.00340733 0)
(0.00467612 -0.00585317 0)
(0.00731379 -0.00969697 0)
(0.0109701 -0.0154823 0)
(0.0157615 -0.0238106 0)
(0.0216713 -0.0352658 0)
(0.0284933 -0.0503084 0)
(0.0358036 -0.0691604 0)
(0.0429812 -0.0917072 0)
(0.049275 -0.117452 0)
(0.0538902 -0.145514 0)
(0.0560932 -0.174684 0)
(0.055325 -0.20353 0)
(0.0512887 -0.230526 0)
(0.0439987 -0.254189 0)
(0.0337853 -0.2732 0)
(0.0212606 -0.286494 0)
(0.0072565 -0.293331 0)
(1.88493e-07 -3.55247e-07 0)
(7.10773e-07 -6.64936e-07 0)
(1.76214e-06 -1.51823e-06 0)
(4.05155e-06 -3.52878e-06 0)
(8.99478e-06 -8.04955e-06 0)
(1.93879e-05 -1.78993e-05 0)
(4.05715e-05 -3.87256e-05 0)
(8.23427e-05 -8.14251e-05 0)
(0.000161887 -0.000166211 0)
(0.000307907 -0.000329038 0)
(0.000565792 -0.00063103 0)
(0.00100304 -0.00117114 0)
(0.00171316 -0.00210123 0)
(0.00281497 -0.00364096 0)
(0.00444381 -0.00608768 0)
(0.00673093 -0.00981431 0)
(0.00977055 -0.0152477 0)
(0.013578 -0.0228224 0)
(0.0180486 -0.0329109 0)
(0.0229308 -0.0457402 0)
(0.0278296 -0.0613127 0)
(0.0322439 -0.0793562 0)
(0.0356208 -0.0993072 0)
(0.0374262 -0.120332 0)
(0.0372276 -0.141388 0)
(0.0347671 -0.161319 0)
(0.0300084 -0.17896 0)
(0.0231513 -0.193245 0)
(0.0146155 -0.203293 0)
(0.00499651 -0.208479 0)
(1.03102e-07 -1.99766e-07 0)
(3.8961e-07 -3.75501e-07 0)
(9.69277e-07 -8.6128e-07 0)
(2.23785e-06 -2.01083e-06 0)
(4.99086e-06 -4.60833e-06 0)
(1.08102e-05 -1.02979e-05 0)
(2.27398e-05 -2.23967e-05 0)
(4.64092e-05 -4.73555e-05 0)
(9.17844e-05 -9.7243e-05 0)
(0.000175682 -0.000193731 0)
(0.000325015 -0.000374059 0)
(0.000580368 -0.000699242 0)
(0.000998895 -0.0012642 0)
(0.00165481 -0.00220845 0)
(0.00263505 -0.00372435 0)
(0.00402781 -0.00605868 0)
(0.00590276 -0.00950203 0)
(0.00828443 -0.0143619 0)
(0.011124 -0.0209182 0)
(0.014278 -0.029367 0)
(0.0175039 -0.0397606 0)
(0.0204792 -0.0519636 0)
(0.0228351 -0.0656314 0)
(0.0242007 -0.0802122 0)
(0.0242612 -0.0949818 0)
(0.0228126 -0.109105 0)
(0.0198017 -0.121716 0)
(0.0153436 -0.132 0)
(0.00971518 -0.139271 0)
(0.00332625 -0.143036 0)
(5.5304e-08 -1.10032e-07 0)
(2.09415e-07 -2.07672e-07 0)
(5.22729e-07 -4.78415e-07 0)
(1.21168e-06 -1.12176e-06 0)
(2.71409e-06 -2.58226e-06 0)
(5.90617e-06 -5.79756e-06 0)
(1.24858e-05 -1.26722e-05 0)
(2.56171e-05 -2.69367e-05 0)
(5.09498e-05 -5.56269e-05 0)
(9.8109e-05 -0.00011149 0)
(0.000182668 -0.000216646 0)
(0.000328409 -0.000407739 0)
(0.000569338 -0.000742499 0)
(0.000950439 -0.00130698 0)
(0.00152573 -0.00222184 0)
(0.00235206 -0.00364495 0)
(0.00347763 -0.00576675 0)
(0.00492571 -0.00879529 0)
(0.00667624 -0.0129292 0)
(0.0086503 -0.0183208 0)
(0.0107038 -0.0250345 0)
(0.0126366 -0.033012 0)
(0.0142114 -0.0420512 0)
(0.0151817 -0.0518011 0)
(0.0153296 -0.0617787 0)
(0.0145051 -0.0714075 0)
(0.0126565 -0.0800728 0)
(0.00984656 -0.087184 0)
(0.00625167 -0.0922353 0)
(0.00214339 -0.0948579 0)
(2.91016e-08 -5.93908e-08 0)
(1.10414e-07 -1.12532e-07 0)
(2.76494e-07 -2.60327e-07 0)
(6.43361e-07 -6.1291e-07 0)
(1.4471e-06 -1.41691e-06 0)
(3.16309e-06 -3.19548e-06 0)
(6.71857e-06 -7.01791e-06 0)
(1.38541e-05 -1.49931e-05 0)
(2.7702e-05 -3.11286e-05 0)
(5.3647e-05 -6.27449e-05 0)
(0.000100489 -0.000122662 0)
(0.000181826 -0.000232336 0)
(0.000317367 -0.000425954 0)
(0.00053362 -0.000755143 0)
(0.000863111 -0.00129338 0)
(0.00134114 -0.00213847 0)
(0.00199934 -0.00341094 0)
(0.00285602 -0.00524603 0)
(0.00390469 -0.00777786 0)
(0.00510349 -0.0111163 0)
(0.00636953 -0.0153195 0)
(0.00758241 -0.0203684 0)
(0.0085949 -0.0261495 0)
(0.00924933 -0.0324477 0)
(0.00940161 -0.0389524 0)
(0.00894754 -0.0452817 0)
(0.00784478 -0.051018 0)
(0.00612581 -0.0557524 0)
(0.00389915 -0.0591294 0)
(0.00133854 -0.0608873 0)
(1.50283e-08 -3.14278e-08 0)
(5.7127e-08 -5.97729e-08 0)
(1.43496e-07 -1.3883e-07 0)
(3.35114e-07 -3.28145e-07 0)
(7.56771e-07 -7.61681e-07 0)
(1.6612e-06 -1.72514e-06 0)
(3.54441e-06 -3.80594e-06 0)
(7.34379e-06 -8.1701e-06 0)
(1.4759e-05 -1.70491e-05 0)
(2.87361e-05 -3.45505e-05 0)
(5.41351e-05 -6.79295e-05 0)
(9.85454e-05 -0.000129442 0)
(0.000173106 -0.000238823 0)
(0.000293023 -0.000426226 0)
(0.000477314 -0.000735145 0)
(0.000747168 -0.00122439 0)
(0.00112242 -0.00196776 0)
(0.00161604 -0.00305002 0)
(0.0022272 -0.00455787 0)
(0.00293452 -0.00656606 0)
(0.00369171 -0.00911999 0)
(0.00442853 -0.0122182 0)
(0.00505653 -0.0157997 0)
(0.00547844 -0.0197367 0)
(0.00560276 -0.0238369 0)
(0.00536065 -0.0278562 0)
(0.0047208 -0.0315223 0)
(0.00369898 -0.0345636 0)
(0.00235993 -0.0367412 0)
(0.000811093 -0.0378773 0)
(7.61898e-09 -1.63116e-08 0)
(2.90148e-08 -3.11353e-08 0)
(7.30967e-08 -7.25927e-08 0)
(1.71305e-07 -1.72228e-07 0)
(3.88321e-07 -4.01324e-07 0)
(8.55867e-07 -9.12675e-07 0)
(1.83396e-06 -2.02219e-06 0)
(3.81716e-06 -4.36079e-06 0)
(7.70843e-06 -9.14383e-06 0)
(1.50851e-05 -1.86248e-05 0)
(2.85716e-05 -3.68151e-05 0)
(5.23073e-05 -7.05508e-05 0)
(9.24358e-05 -0.000130945 0)
(0.000157459 -0.000235163 0)
(0.00025819 -0.000408264 0)
(0.000406951 -0.000684606 0)
(0.000615709 -0.00110802 0)
(0.000892997 -0.00172985 0)
(0.00123989 -0.00260402 0)
(0.00164588 -0.00377896 0)
(0.00208582 -0.00528695 0)
(0.00251993 -0.00713286 0)
(0.00289665 -0.00928525 0)
(0.00315797 -0.0116708 0)
(0.00324786 -0.0141739 0)
(0.0031228 -0.0166443 0)
(0.0027613 -0.0189106 0)
(0.00217044 -0.0207995 0)
(0.0013877 -0.0221565 0)
(0.000477461 -0.022866 0)
(3.79351e-09 -8.30728e-09 0)
(1.44718e-08 -1.59116e-08 0)
(3.65618e-08 -3.72344e-08 0)
(8.59706e-08 -8.86568e-08 0)
(1.9559e-07 -2.07351e-07 0)
(4.3275e-07 -4.73384e-07 0)
(9.31096e-07 -1.05317e-06 0)
(1.94633e-06 -2.28096e-06 0)
(3.94842e-06 -4.80464e-06 0)
(7.76418e-06 -9.83359e-06 0)
(1.47806e-05 -1.95365e-05 0)
(2.72047e-05 -3.76391e-05 0)
(4.83469e-05 -7.02518e-05 0)
(8.28447e-05 -0.000126906 0)
(0.000136684 -0.000221671 0)
(0.000216826 -0.00037408 0)
(0.000330238 -0.000609418 0)
(0.000482231 -0.00095782 0)
(0.000674192 -0.00145167 0)
(0.000901144 -0.00212101 0)
(0.00114981 -0.00298732 0)
(0.00139824 -0.00405652 0)
(0.00161728 -0.00531311 0)
(0.00177335 -0.00671622 0)
(0.00183332 -0.00819867 0)
(0.00177073 -0.00967069 0)
(0.00157164 -0.0110282 0)
(0.00123893 -0.0121644 0)
(0.000793696 -0.0129832 0)
(0.000273358 -0.0134121 0)
(1.85568e-09 -4.15322e-09 0)
(7.09108e-09 -7.98139e-09 0)
(1.79635e-08 -1.87425e-08 0)
(4.23741e-08 -4.47796e-08 0)
(9.67391e-08 -1.051e-07 0)
(2.14826e-07 -2.40833e-07 0)
(4.64013e-07 -5.37888e-07 0)
(9.73941e-07 -1.16975e-06 0)
(1.98434e-06 -2.47464e-06 0)
(3.91982e-06 -5.0879e-06 0)
(7.498e-06 -1.01567e-05 0)
(1.38704e-05 -1.96664e-05 0)
(2.47809e-05 -3.69001e-05 0)
(4.26993e-05 -6.70255e-05 0)
(7.08574e-05 -0.000117748 0)
(0.00011308 -0.000199886 0)
(0.000173296 -0.000327628 0)
(0.000254661 -0.000518149 0)
(0.000358321 -0.000790264 0)
(0.000482016 -0.00116193 0)
(0.000618911 -0.00164668 0)
(0.000757218 -0.00224948 0)
(0.000880871 -0.00296308 0)
(0.000971024 -0.0037653 0)
(0.00100869 -0.0046182 0)
(0.00097833 -0.00546985 0)
(0.000871352 -0.00625898 0)
(0.000688733 -0.00692201 0)
(0.000442028 -0.0074012 0)
(0.00015238 -0.00765264 0)
(8.92157e-10 -2.03919e-09 0)
(3.41468e-09 -3.93123e-09 0)
(8.67266e-09 -9.26252e-09 0)
(2.05204e-08 -2.22024e-08 0)
(4.70025e-08 -5.22856e-08 0)
(1.04743e-07 -1.20233e-07 0)
(2.27077e-07 -2.69528e-07 0)
(4.78481e-07 -5.88431e-07 0)
(9.78873e-07 -1.24995e-06 0)
(1.942e-06 -2.58101e-06 0)
(3.73162e-06 -5.17563e-06 0)
(6.93598e-06 -1.00691e-05 0)
(1.24537e-05 -1.89865e-05 0)
(2.15706e-05 -3.46655e-05 0)
(3.59899e-05 -6.12262e-05 0)
(5.77586e-05 -0.000104513 0)
(8.9028e-05 -0.000172283 0)
(0.000131601 -0.000274053 0)
(0.000186275 -0.00042043 0)
(0.000252071 -0.000621779 0)
(0.000325557 -0.000886255 0)
(0.000400554 -0.00121743 0)
(0.000468445 -0.00161206 0)
(0.000518933 -0.00205849 0)
(0.000541458 -0.00253583 0)
(0.000527193 -0.00301491 0)
(0.000471052 -0.00346075 0)
(0.000373252 -0.00383667 0)
(0.000239957 -0.00410906 0)
(8.27909e-05 -0.00425221 0)
(4.21713e-10 -9.83691e-10 0)
(1.61656e-09 -1.90217e-09 0)
(4.11594e-09 -4.49607e-09 0)
(9.76716e-09 -1.08107e-08 0)
(2.24425e-08 -2.55405e-08 0)
(5.01792e-08 -5.89283e-08 0)
(1.09168e-07 -1.32566e-07 0)
(2.30882e-07 -2.90489e-07 0)
(4.74175e-07 -6.19459e-07 0)
(9.44568e-07 -1.28433e-06 0)
(1.82281e-06 -2.58644e-06 0)
(3.40329e-06 -5.05438e-06 0)
(6.13941e-06 -9.5751e-06 0)
(1.0686e-05 -1.75671e-05 0)
(1.792e-05 -3.11833e-05 0)
(2.89103e-05 -5.35067e-05 0)
(4.48027e-05 -8.86717e-05 0)
(6.65919e-05 -0.000141816 0)
(9.47811e-05 -0.00021875 0)
(0.00012897 -0.000325272 0)
(0.000167474 -0.000466104 0)
(0.000207133 -0.000643577 0)
(0.000243436 -0.000856352 0)
(0.000270903 -0.00109843 0)
(0.000283825 -0.00135863 0)
(0.000277336 -0.001621 0)
(0.000248538 -0.00186614 0)
(0.000197388 -0.0020735 0)
(0.000127095 -0.0022241 0)
(4.38855e-05 -0.00230337 0)
(1.96058e-10 -4.66393e-10 0)
(7.5265e-10 -9.04499e-10 0)
(1.92088e-09 -2.14447e-09 0)
(4.57096e-09 -5.17169e-09 0)
(1.05345e-08 -1.22555e-08 0)
(2.3629e-08 -2.83667e-08 0)
(5.15781e-08 -6.40282e-08 0)
(1.09467e-07 -1.40796e-07 0)
(2.25648e-07 -3.0135e-07 0)
(4.51235e-07 -6.27202e-07 0)
(8.74313e-07 -1.26819e-06 0)
(1.63932e-06 -2.48872e-06 0)
(2.97036e-06 -4.73539e-06 0)
(5.19389e-06 -8.72752e-06 0)
(8.75153e-06 -1.55653e-05 0)
(1.41884e-05 -2.68381e-05 0)
(2.2099e-05 -4.46977e-05 0)
(3.30153e-05 -7.18479e-05 0)
(4.72342e-05 -0.000111389 0)
(6.46034e-05 -0.000166468 0)
(8.43146e-05 -0.000239727 0)
(0.000104788 -0.00033259 0)
(0.000123717 -0.00044455 0)
(0.000138259 -0.000572598 0)
(0.000145406 -0.0007109 0)
(0.000142553 -0.00085095 0)
(0.000128102 -0.000982287 0)
(0.000101954 -0.00109371 0)
(6.57411e-05 -0.00117481 0)
(2.27168e-05 -0.00121755 0)
(8.96795e-11 -2.17433e-10 0)
(3.44761e-10 -4.22849e-10 0)
(8.81864e-10 -1.00545e-09 0)
(2.10407e-09 -2.43168e-09 0)
(4.86308e-09 -5.77918e-09 0)
(1.09409e-08 -1.34172e-08 0)
(2.39581e-08 -3.03812e-08 0)
(5.10172e-08 -6.70303e-08 0)
(1.05531e-07 -1.43968e-07 0)
(2.11806e-07 -3.00735e-07 0)
(4.11968e-07 -6.10401e-07 0)
(7.75522e-07 -1.20263e-06 0)
(1.41106e-06 -2.29776e-06 0)
(2.47803e-06 -4.25304e-06 0)
(4.19411e-06 -7.61883e-06 0)
(6.83107e-06 -1.31964e-05 0)
(1.06899e-05 -2.20804e-05 0)
(1.60471e-05 -3.566e-05 0)
(2.3069e-05 -5.55474e-05 0)
(3.17033e-05 -8.34054e-05 0)
(4.1571e-05 -0.000120665 0)
(5.18987e-05 -0.000168152 0)
(6.15348e-05 -0.0002257 0)
(6.90381e-05 -0.000291839 0)
(7.28634e-05 -0.00036359 0)
(7.16533e-05 -0.000436536 0)
(6.45538e-05 -0.000505174 0)
(5.14781e-05 -0.000563561 0)
(3.32383e-05 -0.000606144 0)
(1.14933e-05 -0.000628612 0)
(4.03733e-11 -9.9707e-11 0)
(1.55421e-10 -1.94422e-10 0)
(3.98407e-10 -4.6359e-10 0)
(9.52977e-10 -1.12422e-09 0)
(2.2086e-09 -2.67925e-09 0)
(4.9832e-09 -6.23826e-09 0)
(1.09451e-08 -1.41683e-08 0)
(2.33806e-08 -3.13586e-08 0)
(4.8524e-08 -6.7575e-08 0)
(9.77279e-08 -1.41646e-07 0)
(1.90771e-07 -2.88535e-07 0)
(3.60479e-07 -5.70615e-07 0)
(6.58467e-07 -1.09447e-06 0)
(1.16107e-06 -2.034e-06 0)
(1.97341e-06 -3.65884e-06 0)
(3.22807e-06 -6.36447e-06 0)
(5.07392e-06 -1.06955e-05 0)
(7.65083e-06 -1.73496e-05 0)
(1.10482e-05 -2.71451e-05 0)
(1.52514e-05 -4.09378e-05 0)
(2.0086e-05 -5.94804e-05 0)
(2.51815e-05 -8.32319e-05 0)
(2.99753e-05 -0.000112154 0)
(3.37532e-05 -0.000145542 0)
(3.57405e-05 -0.000181912 0)
(3.52473e-05 -0.000219022 0)
(3.18301e-05 -0.000254049 0)
(2.54291e-05 -0.00028392 0)
(1.64394e-05 -0.000305744 0)
(5.68807e-06 -0.000317273 0)
(1.78952e-11 -4.49871e-11 0)
(6.89808e-11 -8.79535e-11 0)
(1.77183e-10 -2.1027e-10 0)
(4.2484e-10 -5.11239e-10 0)
(9.87162e-10 -1.22162e-09 0)
(2.23341e-09 -2.85223e-09 0)
(4.91951e-09 -6.49661e-09 0)
(1.05406e-08 -1.44221e-08 0)
(2.19446e-08 -3.11759e-08 0)
(4.43419e-08 -6.55628e-08 0)
(8.68546e-08 -1.34008e-07 0)
(1.64705e-07 -2.65957e-07 0)
(3.0197e-07 -5.11998e-07 0)
(5.34506e-07 -9.55124e-07 0)
(9.12063e-07 -1.72484e-06 0)
(1.49799e-06 -3.01236e-06 0)
(2.36432e-06 -5.08296e-06 0)
(3.58005e-06 -8.27931e-06 0)
(5.19156e-06 -1.30073e-05 0)
(7.19653e-06 -1.9697e-05 0)
(9.51652e-06 -2.87333e-05 0)
(1.19776e-05 -4.03622e-05 0)
(1.43103e-05 -5.45855e-05 0)
(1.61687e-05 -7.10731e-05 0)
(1.7173e-05 -8.91015e-05 0)
(1.6981e-05 -0.000107559 0)
(1.53685e-05 -0.000125029 0)
(1.22987e-05 -0.000139963 0)
(7.96008e-06 -0.000150892 0)
(2.75581e-06 -0.000156671 0)
(7.81178e-12 -1.99831e-11 0)
(3.01472e-11 -3.91548e-11 0)
(7.75958e-11 -9.38626e-11 0)
(1.86479e-10 -2.28776e-10 0)
(4.34385e-10 -5.48051e-10 0)
(9.85328e-10 -1.2829e-09 0)
(2.17631e-09 -2.93009e-09 0)
(4.67628e-09 -6.52322e-09 0)
(9.76469e-09 -1.41431e-08 0)
(1.97921e-08 -2.98351e-08 0)
(3.88934e-08 -6.11785e-08 0)
(7.40028e-08 -1.21824e-07 0)
(1.36151e-07 -2.35338e-07 0)
(2.41866e-07 -4.40591e-07 0)
(4.14247e-07 -7.98584e-07 0)
(6.82962e-07 -1.39994e-06 0)
(1.08213e-06 -2.37127e-06 0)
(1.64499e-06 -3.87735e-06 0)
(2.39485e-06 -6.11516e-06 0)
(3.33269e-06 -9.29564e-06 0)
(4.42389e-06 -1.3611e-05 0)
(5.58832e-06 -1.91884e-05 0)
(6.69969e-06 -2.60382e-05 0)
(7.59372e-06 -3.40091e-05 0)
(8.08836e-06 -4.27555e-05 0)
(8.0177e-06 -5.17377e-05 0)
(7.2712e-06 -6.02625e-05 0)
(5.82802e-06 -6.75647e-05 0)
(3.7761e-06 -7.29173e-05 0)
(1.30801e-06 -7.57504e-05 0)
(3.36015e-12 -8.73896e-12 0)
(1.29796e-11 -1.71718e-11 0)
(3.3476e-11 -4.12494e-11 0)
(8.06164e-11 -1.00774e-10 0)
(1.88245e-10 -2.41986e-10 0)
(4.28046e-10 -5.67882e-10 0)
(9.4791e-10 -1.30039e-09 0)
(2.04232e-09 -2.90288e-09 0)
(4.27667e-09 -6.31154e-09 0)
(8.69394e-09 -1.33534e-08 0)
(1.71368e-08 -2.74655e-08 0)
(3.271e-08 -5.48647e-08 0)
(6.03786e-08 -1.06334e-07 0)
(1.07625e-07 -1.99746e-07 0)
(1.84975e-07 -3.633e-07 0)
(3.06058e-07 -6.3913e-07 0)
(4.86704e-07 -1.08647e-06 0)
(7.42587e-07 -1.78297e-06 0)
(1.08508e-06 -2.8222e-06 0)
(1.51551e-06 -4.3054e-06 0)
(2.01889e-06 -6.32615e-06 0)
(2.55902e-06 -8.94841e-06 0)
(3.07779e-06 -1.21813e-05 0)
(3.49882e-06 -1.59566e-05 0)
(3.73662e-06 -2.01128e-05 0)
(3.71251e-06 -2.43934e-05 0)
(3.37328e-06 -2.8466e-05 0)
(2.70773e-06 -3.19613e-05 0)
(1.75616e-06 -3.45272e-05 0)
(6.08627e-07 -3.58865e-05 0)
(1.42614e-12 -3.75679e-12 0)
(5.51255e-12 -7.40304e-12 0)
(1.4226e-11 -1.78479e-11 0)
(3.43364e-11 -4.37079e-11 0)
(8.03591e-11 -1.05205e-10 0)
(1.83173e-10 -2.47469e-10 0)
(4.06638e-10 -5.68089e-10 0)
(8.7837e-10 -1.27143e-09 0)
(1.84427e-09 -2.77178e-09 0)
(3.75964e-09 -5.88064e-09 0)
(7.43217e-09 -1.21303e-08 0)
(1.42289e-08 -2.43039e-08 0)
(2.63464e-08 -4.72491e-08 0)
(4.7113e-08 -8.90388e-08 0)
(8.12402e-08 -1.62473e-07 0)
(1.34872e-07 -2.8678e-07 0)
(2.15212e-07 -4.89151e-07 0)
(3.29493e-07 -8.05459e-07 0)
(4.83122e-07 -1.27926e-06 0)
(6.77073e-07 -1.95812e-06 0)
(9.04972e-07 -2.88658e-06 0)
(1.15075e-06 -4.09593e-06 0)
(1.3882e-06 -5.5922e-06 0)
(1.58245e-06 -7.34536e-06 0)
(1.69419e-06 -9.2812e-06 0)
(1.68688e-06 -1.12803e-05 0)
(1.53547e-06 -1.31867e-05 0)
(1.23421e-06 -1.48258e-05 0)
(8.01223e-07 -1.60307e-05 0)
(2.77809e-07 -1.66695e-05 0)
(5.95892e-13 -1.59935e-12 0)
(2.31166e-12 -3.15367e-12 0)
(5.95522e-12 -7.61169e-12 0)
(1.44113e-11 -1.86788e-11 0)
(3.38005e-11 -4.50496e-11 0)
(7.72318e-11 -1.06215e-10 0)
(1.71861e-10 -2.44384e-10 0)
(3.72151e-10 -5.48294e-10 0)
(7.83362e-10 -1.19835e-09 0)
(1.60115e-09 -2.54913e-09 0)
(3.17389e-09 -5.27262e-09 0)
(6.09369e-09 -1.05939e-08 0)
(1.13163e-08 -2.06556e-08 0)
(2.02971e-08 -3.90414e-08 0)
(3.51083e-08 -7.14593e-08 0)
(5.84702e-08 -1.26528e-07 0)
(9.35997e-08 -2.16499e-07 0)
(1.43767e-07 -3.57636e-07 0)
(2.11482e-07 -5.6982e-07 0)
(2.9733e-07 -8.74946e-07 0)
(3.98651e-07 -1.29376e-06 0)
(5.08438e-07 -1.84119e-06 0)
(6.15069e-07 -2.52075e-06 0)
(7.02949e-07 -3.31943e-06 0)
(7.54329e-07 -4.20383e-06 0)
(7.52583e-07 -5.11942e-06 0)
(6.8617e-07 -5.99436e-06 0)
(5.52251e-07 -6.74796e-06 0)
(3.58821e-07 -7.30259e-06 0)
(1.2447e-07 -7.59688e-06 0)
(2.43934e-13 -6.58556e-13 0)
(9.53393e-13 -1.31274e-12 0)
(2.46001e-12 -3.19164e-12 0)
(5.96396e-12 -7.85596e-12 0)
(1.40207e-11 -1.90027e-11 0)
(3.20972e-11 -4.49007e-11 0)
(7.15841e-11 -1.0356e-10 0)
(1.55372e-10 -2.32883e-10 0)
(3.27839e-10 -5.10209e-10 0)
(6.71778e-10 -1.08805e-09 0)
(1.33509e-09 -2.25637e-09 0)
(2.57018e-09 -4.54569e-09 0)
(4.78621e-09 -8.88747e-09 0)
(8.60913e-09 -1.68458e-08 0)
(1.49349e-08 -3.09231e-08 0)
(2.49471e-08 -5.49146e-08 0)
(4.00563e-08 -9.42439e-08 0)
(6.17128e-08 -1.56149e-07 0)
(9.10555e-08 -2.49536e-07 0)
(1.28402e-07 -3.84286e-07 0)
(1.72661e-07 -5.69865e-07 0)
(2.20828e-07 -8.13225e-07 0)
(2.67844e-07 -1.11626e-06 0)
(3.06852e-07 -1.47344e-06 0)
(3.29994e-07 -1.87e-06 0)
(3.29848e-07 -2.28149e-06 0)
(3.01208e-07 -2.6755e-06 0)
(2.42711e-07 -3.0154e-06 0)
(1.57828e-07 -3.26585e-06 0)
(5.47708e-08 -3.39883e-06 0)
(9.82793e-14 -2.72494e-13 0)
(3.84045e-13 -5.36588e-13 0)
(1.00447e-12 -1.31778e-12 0)
(2.43111e-12 -3.26119e-12 0)
(5.73229e-12 -7.90099e-12 0)
(1.31478e-11 -1.87097e-11 0)
(2.93973e-11 -4.32369e-11 0)
(6.39385e-11 -9.74575e-11 0)
(1.35226e-10 -2.14013e-10 0)
(2.7776e-10 -4.5747e-10 0)
(5.53376e-10 -9.51007e-10 0)
(1.06801e-09 -1.92075e-09 0)
(1.99406e-09 -3.76513e-09 0)
(3.59645e-09 -7.15572e-09 0)
(6.25622e-09 -1.31713e-08 0)
(1.04796e-08 -2.34552e-08 0)
(1.68745e-08 -4.03666e-08 0)
(2.6072e-08 -6.70705e-08 0)
(3.85783e-08 -1.07484e-07 0)
(5.45544e-08 -1.65983e-07 0)
(7.35598e-08 -2.46802e-07 0)
(9.4328e-08 -3.53107e-07 0)
(1.14693e-07 -4.85863e-07 0)
(1.31694e-07 -6.42763e-07 0)
(1.41913e-07 -8.17384e-07 0)
(1.42099e-07 -9.98975e-07 0)
(1.29949e-07 -1.17317e-06 0)
(1.0483e-07 -1.32366e-06 0)
(6.82196e-08 -1.43467e-06 0)
(2.36832e-08 -1.49366e-06 0)
(3.83037e-14 -1.00128e-13 0)
(1.49519e-13 -2.17726e-13 0)
(4.03869e-13 -5.3558e-13 0)
(9.75401e-13 -1.32921e-12 0)
(2.312e-12 -3.23364e-12 0)
(5.30977e-12 -7.68192e-12 0)
(1.18992e-11 -1.78018e-11 0)
(2.59469e-11 -4.01944e-11 0)
(5.49911e-11 -8.84598e-11 0)
(1.13213e-10 -1.89527e-10 0)
(2.26075e-10 -3.94909e-10 0)
(4.3738e-10 -7.99514e-10 0)
(8.18642e-10 -1.5711e-09 0)
(1.48025e-09 -2.99346e-09 0)
(2.58165e-09 -5.52413e-09 0)
(4.33589e-09 -9.86301e-09 0)
(7.00039e-09 -1.70192e-08 0)
(1.08451e-08 -2.83531e-08 0)
(1.60902e-08 -4.5557e-08 0)
(2.28137e-08 -7.05347e-08 0)
(3.08405e-08 -1.05144e-07 0)
(3.96452e-08 -1.50797e-07 0)
(4.83156e-08 -2.07963e-07 0)
(5.5595e-08 -2.75696e-07 0)
(6.00228e-08 -3.51252e-07 0)
(6.02006e-08 -4.29982e-07 0)
(5.51281e-08 -5.05635e-07 0)
(4.45182e-08 -5.71086e-07 0)
(2.89916e-08 -6.19414e-07 0)
(1.00684e-08 -6.45107e-07 0)
(1.83118e-14 -4.26716e-14 0)
(6.24954e-14 -8.43353e-14 0)
(1.58591e-13 -2.12015e-13 0)
(3.85557e-13 -5.36252e-13 0)
(9.22482e-13 -1.30636e-12 0)
(2.11443e-12 -3.11033e-12 0)
(4.74832e-12 -7.2216e-12 0)
(1.03823e-11 -1.63423e-11 0)
(2.20505e-11 -3.60519e-11 0)
(4.54978e-11 -7.73977e-11 0)
(9.10651e-11 -1.61621e-10 0)
(1.76586e-10 -3.27955e-10 0)
(3.31292e-10 -6.45958e-10 0)
(6.00463e-10 -1.23368e-09 0)
(1.04981e-09 -2.2822e-09 0)
(1.76756e-09 -4.08478e-09 0)
(2.86094e-09 -7.06608e-09 0)
(4.44341e-09 -1.18011e-08 0)
(6.60902e-09 -1.90087e-08 0)
(9.3939e-09 -2.95025e-08 0)
(1.27297e-08 -4.40827e-08 0)
(1.64018e-08 -6.33668e-08 0)
(2.00322e-08 -8.75755e-08 0)
(2.30961e-08 -1.16326e-07 0)
(2.49799e-08 -1.48466e-07 0)
(2.50925e-08 -1.8202e-07 0)
(2.30075e-08 -2.14314e-07 0)
(1.85978e-08 -2.42289e-07 0)
(1.21195e-08 -2.62965e-07 0)
(4.21036e-09 -2.73963e-07 0)
(6.38393e-15 -1.27679e-14 0)
(1.69681e-14 -2.5872e-14 0)
(6.04796e-14 -8.19834e-14 0)
(1.48511e-13 -2.06303e-13 0)
(3.61198e-13 -5.21468e-13 0)
(8.27058e-13 -1.2358e-12 0)
(1.87117e-12 -2.88756e-12 0)
(4.09598e-12 -6.55095e-12 0)
(8.72536e-12 -1.44781e-11 0)
(1.80338e-11 -3.11645e-11 0)
(3.61787e-11 -6.52155e-11 0)
(7.03032e-11 -1.32611e-10 0)
(1.32189e-10 -2.61773e-10 0)
(2.40149e-10 -5.01082e-10 0)
(4.20824e-10 -9.29071e-10 0)
(7.10208e-10 -1.66676e-09 0)
(1.15225e-09 -2.89004e-09 0)
(1.79384e-09 -4.83799e-09 0)
(2.67442e-09 -7.81102e-09 0)
(3.81023e-09 -1.21509e-08 0)
(5.17495e-09 -1.81964e-08 0)
(6.68219e-09 -2.62122e-08 0)
(8.17786e-09 -3.62989e-08 0)
(9.44625e-09 -4.83045e-08 0)
(1.02338e-08 -6.17522e-08 0)
(1.02948e-08 -7.58163e-08 0)
(9.45062e-09 -8.93727e-08 0)
(7.64628e-09 -1.0113e-07 0)
(4.98594e-09 -1.09827e-07 0)
(1.73268e-09 -1.14456e-07 0)
(2.68792e-15 6.71925e-16 0)
(6.21598e-15 -1.54557e-14 0)
(2.16719e-14 -2.88958e-14 0)
(5.47676e-14 -7.86234e-14 0)
(1.32719e-13 -1.97903e-13 0)
(3.19534e-13 -4.88877e-13 0)
(7.28611e-13 -1.13802e-12 0)
(1.59582e-12 -2.59357e-12 0)
(3.39828e-12 -5.73481e-12 0)
(7.05998e-12 -1.23637e-11 0)
(1.41769e-11 -2.59447e-11 0)
(2.76106e-11 -5.28739e-11 0)
(5.20276e-11 -1.04596e-10 0)
(9.47208e-11 -2.0064e-10 0)
(1.66344e-10 -3.72823e-10 0)
(2.8135e-10 -6.70315e-10 0)
(4.57491e-10 -1.16483e-09 0)
(7.13824e-10 -1.95429e-09 0)
(1.06659e-09 -3.16217e-09 0)
(1.5229e-09 -4.92971e-09 0)
(2.07276e-09 -7.39786e-09 0)
(2.68193e-09 -1.06781e-08 0)
(3.28849e-09 -1.4815e-08 0)
(3.80518e-09 -1.9749e-08 0)
(4.12888e-09 -2.52861e-08 0)
(4.15912e-09 -3.10865e-08 0)
(3.82236e-09 -3.66854e-08 0)
(3.09524e-09 -4.15467e-08 0)
(2.01951e-09 -4.51458e-08 0)
(7.0201e-10 -4.70623e-08 0)
(-5.03958e-16 1.00797e-15 0)
(4.70382e-15 -1.00806e-15 0)
(6.21604e-15 -6.048e-15 0)
(1.5624e-14 -2.95678e-14 0)
(5.07356e-14 -7.62714e-14 0)
(1.19447e-13 -1.84463e-13 0)
(2.70142e-13 -4.38141e-13 0)
(6.10844e-13 -1.00329e-12 0)
(1.30569e-12 -2.24245e-12 0)
(2.7199e-12 -4.84878e-12 0)
(5.49087e-12 -1.01784e-11 0)
(1.0695e-11 -2.07929e-11 0)
(2.02047e-11 -4.12165e-11 0)
(3.68625e-11 -7.92303e-11 0)
(6.48561e-11 -1.47518e-10 0)
(1.09934e-10 -2.65785e-10 0)
(1.79126e-10 -4.62842e-10 0)
(2.8008e-10 -7.78123e-10 0)
(4.19365e-10 -1.26167e-09 0)
(6.00014e-10 -1.97089e-09 0)
(8.1829e-10 -2.96346e-09 0)
(1.0608e-09 -4.28552e-09 0)
(1.30306e-09 -5.95631e-09 0)
(1.51028e-09 -7.95292e-09 0)
(1.64115e-09 -1.01975e-08 0)
(1.65529e-09 -1.25524e-08 0)
(1.52285e-09 -1.48286e-08 0)
(1.23416e-09 -1.6807e-08 0)
(8.0568e-10 -1.82728e-08 0)
(2.80144e-10 -1.90537e-08 0)
(-8.40009e-16 -1.008e-15 0)
(-7.55974e-15 -7.39181e-15 0)
(1.19277e-14 1.00781e-15 0)
(2.18409e-15 -1.008e-14 0)
(2.45277e-14 -2.82238e-14 0)
(4.18317e-14 -6.71995e-14 0)
(1.02815e-13 -1.67999e-13 0)
(2.34526e-13 -3.92781e-13 0)
(4.98117e-13 -8.65194e-13 0)
(1.03219e-12 -1.87084e-12 0)
(2.09007e-12 -3.94327e-12 0)
(4.09161e-12 -8.06663e-12 0)
(7.73551e-12 -1.60247e-11 0)
(1.41566e-11 -3.08651e-11 0)
(2.49556e-11 -5.75766e-11 0)
(4.23779e-11 -1.0394e-10 0)
(6.91848e-11 -1.81346e-10 0)
(1.08391e-10 -3.05494e-10 0)
(1.62615e-10 -4.96289e-10 0)
(2.33117e-10 -7.76753e-10 0)
(3.18508e-10 -1.17009e-09 0)
(4.13652e-10 -1.69509e-09 0)
(5.0898e-10 -2.35988e-09 0)
(5.90832e-10 -3.15573e-09 0)
(6.42918e-10 -4.0519e-09 0)
(6.49231e-10 -4.99352e-09 0)
(5.97877e-10 -5.90472e-09 0)
(4.84901e-10 -6.69752e-09 0)
(3.16721e-10 -7.28534e-09 0)
(1.10151e-10 -7.59864e-09 0)
(-6.71977e-16 2.01593e-15 0)
(-5.20783e-15 1.67991e-15 0)
(3.35982e-16 -1.34398e-15 0)
(6.71976e-16 -2.35189e-15 0)
(3.02404e-15 -7.39194e-15 0)
(1.1592e-14 -2.18398e-14 0)
(3.96477e-14 -6.04795e-14 0)
(8.60154e-14 -1.40783e-13 0)
(1.81943e-13 -3.23902e-13 0)
(3.85389e-13 -7.08955e-13 0)
(7.89595e-13 -1.50426e-12 0)
(1.54005e-12 -3.08177e-12 0)
(2.93208e-12 -6.14237e-12 0)
(5.3632e-12 -1.1858e-11 0)
(9.47698e-12 -2.21658e-11 0)
(1.61175e-11 -4.00919e-11 0)
(2.6373e-11 -7.00928e-11 0)
(4.13899e-11 -1.18292e-10 0)
(6.22009e-11 -1.92527e-10 0)
(8.93389e-11 -3.01874e-10 0)
(1.22284e-10 -4.55536e-10 0)
(1.59073e-10 -6.61023e-10 0)
(1.96048e-10 -9.21701e-10 0)
(2.27896e-10 -1.23431e-09 0)
(2.48319e-10 -1.58686e-09 0)
(2.51036e-10 -1.95781e-09 0)
(2.31388e-10 -2.31717e-09 0)
(1.878e-10 -2.63014e-09 0)
(1.22726e-10 -2.86235e-09 0)
(4.2691e-11 -2.98616e-09 0)
(1.67999e-15 -7.05583e-15 0)
(1.67995e-14 -7.05592e-15 0)
(-1.29356e-14 -9.74367e-15 0)
(3.3593e-16 3.35985e-15 0)
(-6.71947e-16 -3.69602e-15 0)
(3.35977e-16 -9.07198e-15 0)
(1.31039e-14 -1.54561e-14 0)
(3.24238e-14 -5.07357e-14 0)
(6.38396e-14 -1.23983e-13 0)
(1.43303e-13 -2.6779e-13 0)
(2.91142e-13 -5.66828e-13 0)
(5.69012e-13 -1.16826e-12 0)
(1.09233e-12 -2.32107e-12 0)
(2.00507e-12 -4.50136e-12 0)
(3.55721e-12 -8.42514e-12 0)
(6.05653e-12 -1.52667e-11 0)
(9.92184e-12 -2.67363e-11 0)
(1.55953e-11 -4.51987e-11 0)
(2.34814e-11 -7.36873e-11 0)
(3.37797e-11 -1.15731e-10 0)
(4.63183e-11 -1.74925e-10 0)
(6.03457e-11 -2.54232e-10 0)
(7.44873e-11 -3.55015e-10 0)
(8.67059e-11 -4.7606e-10 0)
(9.45877e-11 -6.12772e-10 0)
(9.5732e-11 -7.56793e-10 0)
(8.83109e-11 -8.96482e-10 0)
(7.17217e-11 -1.01823e-09 0)
(4.68969e-11 -1.10863e-09 0)
(1.63157e-11 -1.15684e-09 0)
(6.7197e-16 6.71973e-16 0)
(-6.04772e-15 -1.34394e-15 0)
(9.07167e-15 1.04157e-14 0)
(-2.51991e-15 -6.71978e-15 0)
(-1.00803e-15 1.34396e-15 0)
(-3.19193e-15 -3.69585e-15 0)
(4.03196e-15 -1.07518e-14 0)
(9.23994e-15 -1.78078e-14 0)
(2.08318e-14 -4.23356e-14 0)
(5.25836e-14 -9.13915e-14 0)
(1.07519e-13 -2.09326e-13 0)
(2.04959e-13 -4.28733e-13 0)
(4.02021e-13 -8.68218e-13 0)
(7.45747e-13 -1.68839e-12 0)
(1.31291e-12 -3.1567e-12 0)
(2.24749e-12 -5.73212e-12 0)
(3.68791e-12 -1.00567e-11 0)
(5.80402e-12 -1.70405e-11 0)
(8.74552e-12 -2.78263e-11 0)
(1.2617e-11 -4.37741e-11 0)
(1.73017e-11 -6.62776e-11 0)
(2.25977e-11 -9.64589e-11 0)
(2.7928e-11 -1.34881e-10 0)
(3.25405e-11 -1.81104e-10 0)
(3.55444e-11 -2.33384e-10 0)
(3.60132e-11 -2.88511e-10 0)
(3.32487e-11 -3.42043e-10 0)
(2.70174e-11 -3.88744e-10 0)
(1.76767e-11 -4.23425e-10 0)
(6.15128e-12 -4.41943e-10 0)
(1.76621e-20 2.01589e-15 0)
(-5.04103e-16 -4.70396e-15 0)
(-1.67986e-15 -3.35983e-15 0)
(1.6799e-15 3.69579e-15 0)
(-3.19191e-15 -1.00795e-15 0)
(-5.7119e-15 -6.9209e-20 0)
(4.03184e-15 -3.02399e-15 0)
(-3.0238e-15 -4.03202e-15 0)
(6.71993e-15 -1.344e-14 0)
(1.68e-14 -3.83035e-14 0)
(4.41835e-14 -7.86234e-14 0)
(7.45915e-14 -1.54223e-13 0)
(1.50527e-13 -3.15502e-13 0)
(2.7535e-13 -6.16892e-13 0)
(4.75269e-13 -1.16927e-12 0)
(8.22354e-13 -2.12821e-12 0)
(1.34853e-12 -3.74369e-12 0)
(2.12955e-12 -6.3433e-12 0)
(3.21483e-12 -1.03833e-11 0)
(4.6445e-12 -1.63503e-11 0)
(6.38648e-12 -2.47798e-11 0)
(8.34316e-12 -3.61261e-11 0)
(1.03376e-11 -5.05683e-11 0)
(1.20578e-11 -6.79864e-11 0)
(1.3183e-11 -8.77028e-11 0)
(1.3371e-11 -1.08521e-10 0)
(1.23545e-11 -1.28756e-10 0)
(1.00386e-11 -1.46413e-10 0)
(6.57917e-12 -1.59554e-10 0)
(2.28764e-12 -1.66551e-10 0)
(-3.3597e-16 -2.68782e-15 0)
(-8.39996e-16 3.35984e-15 0)
(-5.208e-15 1.34398e-15 0)
(3.36011e-16 -5.03987e-15 0)
(2.01593e-15 2.68791e-15 0)
(-1.68001e-15 1.67992e-15 0)
(-3.19191e-15 -3.35995e-15 0)
(1.51194e-15 -5.0399e-15 0)
(1.68003e-16 -4.70392e-15 0)
(5.88e-15 -7.72809e-15 0)
(1.15919e-14 -1.78081e-14 0)
(2.67119e-14 -5.54396e-14 0)
(4.82157e-14 -1.15583e-13 0)
(1.02647e-13 -2.19071e-13 0)
(1.69343e-13 -4.26381e-13 0)
(3.02566e-13 -7.76827e-13 0)
(4.86693e-13 -1.3618e-12 0)
(7.75819e-13 -2.33182e-12 0)
(1.16289e-12 -3.82097e-12 0)
(1.68772e-12 -6.02074e-12 0)
(2.33031e-12 -9.14922e-12 0)
(3.0438e-12 -1.33475e-11 0)
(3.7751e-12 -1.87191e-11 0)
(4.41081e-12 -2.51834e-11 0)
(4.82392e-12 -3.25222e-11 0)
(4.90254e-12 -4.02774e-11 0)
(4.5274e-12 -4.78222e-11 0)
(3.68169e-12 -5.44165e-11 0)
(2.41465e-12 -5.93073e-11 0)
(8.36634e-13 -6.19354e-11 0)
(2.35186e-15 4.7038e-15 0)
(-5.87985e-15 -2.68778e-15 0)
(-7.0559e-15 8.06368e-15 0)
(1.34398e-15 -1.00797e-14 0)
(1.00794e-15 -2.01598e-15 0)
(-6.71898e-16 2.01603e-15 0)
(-1.00799e-15 -1.34396e-15 0)
(-1.00804e-15 2.68795e-15 0)
(3.35983e-16 -4.03189e-15 0)
(3.5279e-15 -4.36794e-15 0)
(5.37598e-15 -1.10878e-14 0)
(6.21601e-15 -1.71358e-14 0)
(1.93198e-14 -4.06556e-14 0)
(2.90639e-14 -7.12316e-14 0)
(6.77034e-14 -1.53887e-13 0)
(1.00127e-13 -2.8291e-13 0)
(1.75559e-13 -5.11388e-13 0)
(2.81398e-13 -8.46378e-13 0)
(4.12269e-13 -1.38229e-12 0)
(6.095e-13 -2.19037e-12 0)
(8.32938e-13 -3.33444e-12 0)
(1.10006e-12 -4.87197e-12 0)
(1.36365e-12 -6.82983e-12 0)
(1.59229e-12 -9.20936e-12 0)
(1.73795e-12 -1.19084e-11 0)
(1.76953e-12 -1.4759e-11 0)
(1.64353e-12 -1.7533e-11 0)
(1.32921e-12 -1.99626e-11 0)
(8.79642e-13 -2.17757e-11 0)
(3.02566e-13 -2.27302e-11 0)
(6.71998e-16 -1.34391e-15 0)
(-4.36801e-15 8.06363e-15 0)
(-4.87191e-15 -7.72758e-15 0)
(1.67995e-15 6.04771e-15 0)
(-1.67989e-15 -3.35988e-15 0)
(4.70385e-15 -1.34404e-15 0)
(-8.39995e-16 2.35192e-15 0)
(-5.54387e-15 -6.72078e-16 0)
(-1.51198e-15 -6.1251e-20 0)
(2.18398e-15 -1.67995e-15 0)
(4.36795e-15 -2.016e-15 0)
(1.68032e-16 -5.04003e-15 0)
(6.88788e-15 -1.34401e-14 0)
(2.52013e-15 -3.22556e-14 0)
(2.16719e-14 -5.40956e-14 0)
(3.71277e-14 -9.74394e-14 0)
(5.59437e-14 -1.74719e-13 0)
(9.42474e-14 -3.02734e-13 0)
(1.48007e-13 -5.00637e-13 0)
(2.20246e-13 -7.82875e-13 0)
(3.00382e-13 -1.19783e-12 0)
(3.88917e-13 -1.75189e-12 0)
(4.84341e-13 -2.4716e-12 0)
(5.6834e-13 -3.32873e-12 0)
(6.20588e-13 -4.30211e-12 0)
(6.35036e-13 -5.34102e-12 0)
(5.885e-13 -6.35036e-12 0)
(4.75101e-13 -7.23134e-12 0)
(3.14662e-13 -7.87982e-12 0)
(1.07687e-13 -8.23597e-12 0)
(6.71914e-16 -2.68798e-15 0)
(-8.73574e-15 -1.17596e-14 0)
(-5.04097e-16 8.73559e-15 0)
(1.84796e-15 -3.35987e-15 0)
(7.89582e-15 -4.36787e-15 0)
(-1.00789e-15 2.01598e-15 0)
(-1.00806e-15 1.67999e-15 0)
(-5.37599e-15 -6.04787e-15 0)
(-2.01598e-15 -6.71951e-16 0)
(-6.71958e-16 -1.00809e-15 0)
(4.87189e-15 -1.67984e-15 0)
(-1.84789e-15 -1.34391e-15 0)
(4.19999e-15 6.72e-16 0)
(3.19193e-15 -5.37602e-15 0)
(5.20801e-15 -1.61279e-14 0)
(1.78078e-14 -3.72957e-14 0)
(1.4952e-14 -6.55193e-14 0)
(3.15837e-14 -1.02815e-13 0)
(5.03996e-14 -1.70015e-13 0)
(7.17357e-14 -2.75854e-13 0)
(1.05167e-13 -4.22685e-13 0)
(1.36919e-13 -6.20588e-13 0)
(1.72367e-13 -8.7393e-13 0)
(1.98239e-13 -1.18238e-12 0)
(2.14367e-13 -1.53349e-12 0)
(2.26798e-13 -1.90578e-12 0)
(2.01599e-13 -2.2663e-12 0)
(1.69511e-13 -2.57677e-12 0)
(1.12727e-13 -2.81969e-12 0)
(3.42719e-14 -2.94468e-12 0)
(8.3998e-16 2.68797e-15 0)
(3.35898e-16 2.3518e-15 0)
(-6.55189e-15 -7.39173e-15 0)
(-1.17596e-15 4.0319e-15 0)
(-2.68784e-15 4.03183e-15 0)
(6.21577e-15 6.71985e-16 0)
(-1.68002e-15 -1.67997e-15 0)
(-1.47836e-14 -6.71937e-16 0)
(3.35899e-16 1.00794e-15 0)
(-1.67993e-15 7.87568e-20 0)
(-3.02396e-15 1.3439e-15 0)
(1.09197e-14 1.67985e-15 0)
(8.4e-16 1.00795e-15 0)
(1.34412e-15 -5.0399e-15 0)
(1.15917e-14 -3.69597e-15 0)
(4.704e-15 -9.7439e-15 0)
(4.36797e-15 -1.51201e-14 0)
(5.20805e-15 -3.62877e-14 0)
(1.47839e-14 -6.21595e-14 0)
(2.65438e-14 -9.87833e-14 0)
(3.61198e-14 -1.45487e-13 0)
(4.70397e-14 -2.16383e-13 0)
(5.93036e-14 -3.04078e-13 0)
(6.82076e-14 -4.17981e-13 0)
(6.95516e-14 -5.3726e-13 0)
(7.99674e-14 -6.70651e-13 0)
(6.92156e-14 -8.00683e-13 0)
(5.86316e-14 -9.18618e-13 0)
(4.14957e-14 -9.91193e-13 0)
(1.59598e-14 -1.04226e-12 0)
(-3.35973e-16 3.3596e-16 0)
(2.01593e-15 -1.00791e-15 0)
(-9.40786e-15 -6.72049e-16 0)
(1.6803e-16 3.5069e-20 0)
(4.70376e-15 5.23136e-20 0)
(-1.6799e-15 2.68792e-15 0)
(-7.22378e-15 1.68002e-15 0)
(-1.68107e-16 2.35199e-15 0)
(2.18392e-15 6.72079e-16 0)
(-1.67974e-16 4.3679e-15 0)
(-1.68047e-16 2.68801e-15 0)
(-3.35872e-16 6.72038e-16 0)
(-5.03979e-16 1.00804e-15 0)
(3.02389e-15 -6.7195e-16 0)
(-1.00793e-15 6.71978e-16 0)
(-6.71929e-16 -1.67998e-15 0)
(2.18402e-15 -9.07174e-15 0)
(2.5199e-15 -1.00798e-14 0)
(2.85598e-15 -1.74719e-14 0)
(8.56794e-15 -2.92319e-14 0)
(1.49519e-14 -4.50237e-14 0)
(1.81438e-14 -7.29114e-14 0)
(1.86479e-14 -1.01471e-13 0)
(2.11678e-14 -1.37759e-13 0)
(2.09999e-14 -1.85135e-13 0)
(2.40239e-14 -2.2747e-13 0)
(2.36878e-14 -2.76526e-13 0)
(1.99919e-14 -3.13822e-13 0)
(1.0752e-14 -3.43726e-13 0)
(2.52004e-15 -3.59518e-13 0)
(3.35994e-16 -1.00786e-15 0)
(-1.67996e-15 1.00795e-15 0)
(-6.88791e-15 -3.6959e-15 0)
(4.03182e-15 3.02391e-15 0)
(-4.53586e-15 6.71948e-16 0)
(-1.51187e-15 -4.70384e-15 0)
(2.51978e-15 4.03192e-15 0)
(8.3996e-16 1.24317e-14 0)
(-1.67965e-16 5.71192e-15 0)
(3.86385e-15 6.04792e-15 0)
(-7.22373e-15 6.71985e-15 0)
(9.07171e-15 -6.71863e-16 0)
(-7.5598e-15 8.39975e-15 0)
(1.67993e-15 4.3679e-15 0)
(-2.68792e-15 2.68791e-15 0)
(1.67995e-15 2.35192e-15 0)
(5.37584e-15 6.38383e-15 0)
(-5.03937e-16 6.0477e-15 0)
(1.68056e-16 -4.70391e-15 0)
(-3.35964e-16 -1.10877e-14 0)
(7.05589e-15 -1.24319e-14 0)
(4.536e-15 -2.18398e-14 0)
(1.84811e-15 -3.05758e-14 0)
(6.38393e-15 -4.80476e-14 0)
(2.184e-15 -6.38394e-14 0)
(1.05839e-14 -7.22396e-14 0)
(7.89598e-15 -9.00475e-14 0)
(4.70392e-15 -1.07855e-13 0)
(3.35995e-15 -1.1088e-13 0)
(2.85593e-15 -1.22975e-13 0)
(5.03979e-16 2.35185e-15 0)
(3.69592e-15 1.71356e-14 0)
(-6.38386e-15 -6.04781e-15 0)
(1.68002e-16 1.00798e-15 0)
(-2.18397e-15 -1.00793e-15 0)
(1.32716e-14 1.00794e-15 0)
(-1.44476e-14 1.67997e-15 0)
(-1.17599e-15 6.04796e-15 0)
(1.68029e-16 4.36792e-15 0)
(-5.03932e-16 -1.00788e-15 0)
(-1.51208e-15 3.36002e-15 0)
(-3.86386e-15 2.68789e-15 0)
(1.34387e-15 -5.71176e-15 0)
(-5.03889e-16 6.71952e-16 0)
(-3.19197e-15 -3.35981e-15 0)
(-1.68003e-16 -4.36787e-15 0)
(1.84801e-15 3.35995e-15 0)
(8.39982e-16 -3.02379e-15 0)
(1.67992e-15 9.74376e-15 0)
(-6.71953e-16 8.73568e-15 0)
(8.40053e-16 -4.70395e-15 0)
(3.86383e-15 6.71796e-16 0)
(3.19198e-15 -3.36001e-15 0)
(6.21588e-15 -1.2096e-14 0)
(-5.54388e-15 -1.24321e-14 0)
(9.91188e-15 -2.45278e-14 0)
(5.54388e-15 -3.25918e-14 0)
(-6.71919e-16 -3.66238e-14 0)
(-1.67999e-15 -4.36794e-14 0)
(2.01597e-15 -3.83039e-14 0)
(-2.01596e-15 -4.70384e-15 0)
(1.51198e-15 -8.06355e-15 0)
(3.86386e-15 1.34391e-15 0)
(-2.18394e-15 6.71989e-16 0)
(-1.84796e-15 -1.34397e-15 0)
(3.36076e-16 -2.68788e-15 0)
(-1.0081e-15 -6.71958e-16 0)
(-3.36017e-16 -3.69588e-15 0)
(1.67991e-15 3.35998e-16 0)
(3.52787e-15 2.35189e-15 0)
(-4.53578e-15 9.74383e-15 0)
(-7.54587e-20 1.68002e-15 0)
(1.68045e-16 -1.00798e-15 0)
(5.03916e-16 -3.35952e-16 0)
(3.36026e-16 4.70383e-15 0)
(-1.00798e-15 3.024e-15 0)
(1.00798e-15 2.01597e-15 0)
(5.03991e-16 6.71939e-16 0)
(-4.70386e-15 -7.39176e-15 0)
(1.51194e-15 -6.71835e-16 0)
(5.2079e-15 -6.72007e-16 0)
(-5.71184e-15 -8.73571e-15 0)
(1.67996e-15 -4.03191e-15 0)
(3.02387e-15 -2.68793e-15 0)
(-4.53584e-15 -8.73576e-15 0)
(-5.03983e-16 -1.10879e-14 0)
(-3.36009e-16 -4.032e-15 0)
(-5.04016e-16 -8.39994e-15 0)
(1.00802e-15 -9.40803e-15 0)
(-8.39988e-16 -1.24319e-14 0)
(2.35195e-15 1.14238e-14 0)
(-4.3679e-15 5.71187e-15 0)
(-2.01598e-15 6.04786e-15 0)
(-1.67994e-15 4.36795e-15 0)
(-1.34403e-15 2.35196e-15 0)
(4.87194e-15 3.69587e-15 0)
(-5.37597e-15 1.67995e-15 0)
(-3.86389e-15 -3.35986e-15 0)
(-5.03986e-15 -3.36008e-16 0)
(1.51197e-15 -7.39173e-15 0)
(4.87175e-15 7.39188e-15 0)
(-2.68782e-15 1.00799e-15 0)
(6.71957e-16 1.00796e-15 0)
(-2.1839e-15 2.68797e-15 0)
(1.17589e-15 1.68001e-15 0)
(3.02392e-15 3.35988e-15 0)
(-5.03905e-16 3.35964e-16 0)
(1.344e-15 -2.01588e-15 0)
(2.01589e-15 5.03985e-15 0)
(-3.35989e-16 7.05566e-15 0)
(3.02397e-15 -1.00791e-15 0)
(-5.03993e-15 5.71185e-15 0)
(-1.51193e-15 6.71979e-15 0)
(-3.35988e-15 2.68795e-15 0)
(-3.36055e-16 4.03196e-15 0)
(-3.69609e-15 7.05584e-15 0)
(5.10246e-20 2.0159e-15 0)
(-1.67996e-15 -3.35993e-16 0)
(5.54386e-15 -3.35991e-15 0)
(-1.67967e-16 -4.70389e-15 0)
(5.03988e-16 5.03985e-15 0)
(2.18399e-15 6.71982e-15 0)
(4.87187e-15 1.68004e-15 0)
(-5.03992e-16 -1.00801e-15 0)
(3.35987e-16 -1.00796e-15 0)
(-1.17595e-15 2.35194e-15 0)
(-1.6798e-16 -3.02389e-15 0)
(-2.35201e-15 4.03179e-15 0)
(2.0159e-15 -3.35893e-16 0)
(-4.53592e-15 2.01589e-15 0)
(-2.85578e-15 8.68957e-20 0)
(8.23173e-15 3.35986e-16 0)
(-8.56786e-15 -3.36031e-16 0)
(2.68794e-15 -2.35189e-15 0)
(-1.8479e-15 4.03188e-15 0)
(1.67995e-15 3.36062e-16 0)
(1.84797e-15 -2.01589e-15 0)
(2.35194e-15 3.3587e-16 0)
(-1.67993e-15 3.36018e-16 0)
(-2.35193e-15 -6.71967e-15 0)
(4.1999e-15 2.3519e-15 0)
(-1.51194e-15 -3.35954e-16 0)
(1.51189e-15 -4.03181e-15 0)
(-2.35191e-15 1.00799e-15 0)
(-5.04094e-16 3.6959e-15 0)
(-8.23181e-15 -4.36785e-15 0)
(1.17597e-15 -3.02384e-15 0)
(-3.35997e-15 3.36066e-16 0)
(-3.52788e-15 6.71982e-15 0)
(4.70386e-15 5.37588e-15 0)
(2.01589e-15 -1.04157e-14 0)
(-5.54384e-15 -1.00794e-15 0)
(1.17599e-15 -3.69585e-15 0)
(-1.51191e-15 6.72062e-16 0)
(3.35914e-16 -1.67987e-15 0)
(-1.17597e-15 -6.71934e-16 0)
(2.18391e-15 3.35991e-15 0)
(-4.87188e-15 6.72061e-16 0)
(1.17597e-15 5.71181e-15 0)
(-4.36789e-15 1.34405e-15 0)
(5.03977e-15 5.03988e-15 0)
(3.69599e-15 -3.35942e-16 0)
(-4.36788e-15 6.72011e-16 0)
(-2.01598e-15 5.71177e-15 0)
(4.5359e-15 -1.34389e-15 0)
(-7.05582e-15 2.35191e-15 0)
(5.54389e-15 -1.34397e-15 0)
(1.84801e-15 -3.35985e-15 0)
(-2.68804e-15 6.71964e-16 0)
(2.5745e-20 1.67984e-15 0)
(-8.3995e-16 -1.34391e-15 0)
(3.35979e-15 3.35988e-15 0)
(-3.19187e-15 1.00798e-15 0)
(8.0638e-15 -2.0159e-15 0)
(-1.12557e-14 8.73574e-15 0)
(-2.85592e-15 6.0479e-15 0)
(8.56773e-15 6.71968e-16 0)
(-8.73583e-15 6.71987e-15 0)
(-2.85593e-15 2.35201e-15 0)
(8.39974e-16 5.71185e-15 0)
(1.34394e-15 4.03189e-15 0)
(-8.73572e-15 -5.37587e-15 0)
(8.39977e-15 6.71975e-15 0)
(-3.35991e-16 6.0479e-15 0)
(-3.19196e-15 1.00797e-14 0)
(-3.02393e-15 1.00796e-15 0)
(1.84794e-15 -2.01591e-15 0)
(-3.02393e-15 3.35995e-15 0)
(-1.68e-15 -6.71892e-16 0)
(2.01587e-15 5.37587e-15 0)
(-1.67989e-15 2.6879e-15 0)
(1.176e-15 1.67998e-15 0)
(-2.85594e-15 -1.6799e-15 0)
(1.67995e-15 -5.03977e-15 0)
(3.69588e-15 3.3598e-16 0)
(-5.87991e-15 1.008e-15 0)
(1.67996e-15 -2.45346e-20 0)
(7.39186e-15 4.36786e-15 0)
(-8.90374e-15 -2.35192e-15 0)
(5.71182e-15 -4.70382e-15 0)
(-3.35991e-15 3.69583e-15 0)
(-1.36077e-14 -3.69585e-15 0)
(6.71947e-16 6.04777e-15 0)
(6.55184e-15 2.016e-15 0)
(1.67994e-15 -3.35868e-16 0)
(3.36008e-16 -6.04793e-15 0)
(-2.01595e-15 3.69601e-15 0)
(-5.0404e-16 6.04788e-15 0)
(2.51994e-15 -4.03179e-15 0)
(5.03994e-16 1.00802e-15 0)
(2.35192e-15 -9.40779e-15 0)
(3.19192e-15 1.34393e-15 0)
(2.35195e-15 -2.35184e-15 0)
(6.72016e-16 2.68799e-15 0)
(-2.35194e-15 1.13221e-19 0)
(-1.34404e-15 -3.69577e-15 0)
(3.36009e-16 6.04789e-15 0)
(-1.51197e-15 5.71184e-15 0)
(3.52789e-15 1.008e-15 0)
(-8.9038e-15 1.00792e-15 0)
(-1.51203e-15 -9.40765e-15 0)
(2.68794e-15 -1.68005e-15 0)
(-3.35996e-15 4.36777e-15 0)
(1.84792e-15 6.72013e-16 0)
(-4.87182e-15 2.35189e-15 0)
(6.71958e-16 2.01592e-15 0)
(-3.19191e-15 2.01592e-15 0)
(1.67998e-15 -2.01597e-15 0)
(1.84791e-15 2.01586e-15 0)
(-1.00792e-15 -3.69593e-15 0)
(1.05838e-14 3.6959e-15 0)
(-8.06387e-15 -3.69589e-15 0)
(5.03922e-16 -7.72777e-15 0)
(-8.39809e-16 -1.68e-15 0)
(7.39176e-15 -1.00802e-15 0)
(-1.51194e-15 -3.35986e-15 0)
(-6.71986e-15 4.03186e-15 0)
(-3.86394e-15 2.01602e-15 0)
(2.35197e-15 6.7198e-15 0)
(-8.40021e-16 7.39186e-15 0)
(1.51196e-15 5.03985e-15 0)
(2.35198e-15 1.34399e-15 0)
(-2.68791e-15 1.34396e-15 0)
(-6.72004e-16 -6.7201e-16 0)
(2.68783e-15 5.0399e-15 0)
(-5.87984e-15 9.40771e-15 0)
(1.27389e-20 4.03196e-15 0)
(1.67954e-16 -5.37576e-15 0)
(-1.34404e-15 6.71943e-16 0)
(-5.04007e-16 -6.71944e-16 0)
(-5.8799e-15 3.02383e-15 0)
(-3.3598e-16 6.72035e-16 0)
(-6.38387e-15 -4.03181e-15 0)
(-3.36038e-16 -1.6801e-15 0)
(2.01589e-15 -5.37589e-15 0)
(1.84795e-15 -9.07178e-15 0)
(1.85486e-22 -4.70389e-15 0)
(4.19997e-15 -6.04785e-15 0)
(-4.19987e-15 -3.35988e-15 0)
(2.01597e-15 -4.70401e-15 0)
(8.23187e-15 -2.01586e-15 0)
(-3.35984e-16 9.40766e-15 0)
(-6.55176e-15 -4.70396e-15 0)
(8.90364e-15 3.35988e-16 0)
(-6.71842e-16 6.71941e-16 0)
(-1.68003e-15 2.68787e-15 0)
(3.35918e-16 -3.3597e-16 0)
(-5.87986e-15 -2.35191e-15 0)
(2.68795e-15 2.01595e-15 0)
(-3.35967e-16 3.0239e-15 0)
(3.22438e-20 2.016e-15 0)
(1.34397e-15 1.04158e-14 0)
(3.35988e-15 2.04351e-20 0)
(-1.51194e-15 -3.35964e-16 0)
(-4.87182e-15 2.68795e-15 0)
(3.35995e-16 -1.34385e-15 0)
(1.84791e-15 1.34401e-15 0)
(-4.70396e-15 6.7198e-16 0)
(-6.2158e-15 2.14174e-20 0)
(6.71888e-16 -3.02385e-15 0)
(-3.19198e-15 -3.35965e-16 0)
(1.67998e-15 -3.36001e-16 0)
(-3.36114e-16 2.35198e-15 0)
(-5.71187e-15 1.68002e-15 0)
(-2.85598e-15 -1.34395e-15 0)
(-3.3598e-16 -1.34404e-15 0)
(-1.17589e-15 -3.3598e-16 0)
(8.39977e-15 1.00793e-15 0)
(1.00799e-15 -4.27429e-20 0)
(4.53597e-15 6.71962e-16 0)
(3.19194e-15 -3.35997e-15 0)
(-6.71982e-16 -6.71927e-16 0)
(-6.72013e-16 -1.67996e-15 0)
(-1.34389e-15 -6.72011e-16 0)
(3.69588e-15 -3.02388e-15 0)
(-5.3758e-15 -2.68786e-15 0)
(1.8479e-15 -9.19597e-21 0)
(-1.67988e-15 -6.7191e-16 0)
(8.23175e-15 1.00807e-15 0)
(-1.67994e-15 1.34406e-15 0)
(2.68793e-15 1.00804e-15 0)
(-2.68791e-15 -5.3758e-15 0)
(8.3995e-16 -6.71899e-16 0)
(1.17597e-15 1.9623e-20 0)
(4.03192e-15 1.68002e-15 0)
(6.71976e-16 1.34396e-15 0)
(-1.00801e-15 6.04787e-15 0)
(-6.71984e-15 6.04793e-15 0)
(6.21571e-15 1.00796e-15 0)
(-1.20957e-14 3.35984e-15 0)
(-3.69594e-15 2.68793e-15 0)
(4.87183e-15 -3.35927e-16 0)
(-9.07174e-15 6.71978e-15 0)
(-2.35202e-15 2.68795e-15 0)
(-4.53588e-15 3.35986e-15 0)
(8.39938e-16 -1.34386e-15 0)
(3.19187e-15 2.68787e-15 0)
(1.16326e-19 2.01598e-15 0)
(5.04063e-16 -3.3599e-15 0)
(1.15917e-14 -3.6959e-15 0)
(-6.5518e-15 -6.71977e-16 0)
(3.52795e-15 -1.00799e-15 0)
(-1.17598e-15 -2.35191e-15 0)
(-1.17594e-15 -1.00802e-15 0)
(6.55183e-15 1.67999e-15 0)
(-1.84807e-15 5.0398e-15 0)
(-1.6791e-16 3.35986e-16 0)
(2.6879e-15 8.06372e-15 0)
(-4.03182e-15 -1.00794e-15 0)
(-1.94747e-20 8.06361e-15 0)
(2.21847e-20 5.0399e-15 0)
(1.00794e-15 1.14237e-14 0)
(-4.36785e-15 6.71978e-15 0)
(-1.34393e-15 3.36009e-16 0)
(3.86382e-15 -6.71959e-16 0)
(-1.17592e-15 4.70392e-15 0)
(-5.54394e-15 1.00805e-15 0)
(-1.68e-15 5.03983e-15 0)
(-4.03185e-15 2.35202e-15 0)
(-9.88731e-20 3.36078e-16 0)
(-6.72035e-16 -3.69595e-15 0)
(-2.68791e-15 6.71941e-16 0)
(1.00784e-15 -3.69585e-15 0)
(-1.67977e-16 -3.48596e-20 0)
(-1.00807e-15 -6.7198e-15 0)
(-4.36787e-15 4.70383e-15 0)
(-1.17599e-15 6.38388e-15 0)
(6.38385e-15 3.35962e-16 0)
(-2.68794e-15 3.69591e-15 0)
(8.40078e-16 8.06382e-15 0)
(1.00802e-15 3.02388e-15 0)
(6.38381e-15 -6.71971e-16 0)
(-4.36788e-15 7.39165e-15 0)
(1.0079e-15 -5.71179e-15 0)
(-8.39906e-16 4.36783e-15 0)
(-2.68783e-15 -4.36788e-15 0)
(3.86392e-15 -7.39169e-15 0)
(3.52789e-15 -6.71889e-16 0)
(-1.51198e-15 7.05577e-15 0)
(3.16099e-21 -5.71168e-15 0)
(1.00794e-15 -1.34391e-15 0)
(-1.17595e-15 -6.04788e-15 0)
(1.00797e-15 3.36052e-16 0)
(3.52788e-15 1.34402e-15 0)
(-3.19186e-15 -2.01597e-15 0)
(1.67994e-15 1.34397e-15 0)
(1.34396e-15 -6.72037e-16 0)
(-2.01596e-15 -4.70382e-15 0)
(-8.40029e-16 -1.67995e-15 0)
(-7.55991e-15 4.03181e-15 0)
(1.51201e-15 -2.01588e-15 0)
(-5.0405e-16 4.03194e-15 0)
(-1.09198e-14 -1.34396e-15 0)
(3.69583e-15 6.7194e-16 0)
(-7.39179e-15 4.70388e-15 0)
(-1.68093e-16 6.71983e-16 0)
(-2.68791e-15 -7.3918e-15 0)
(3.36025e-16 -3.02386e-15 0)
(-1.00801e-15 -3.3599e-15 0)
(4.19994e-15 -3.02395e-15 0)
(8.06388e-15 -6.38381e-15 0)
(-1.67998e-15 -4.03196e-15 0)
(-5.71188e-15 -1.04157e-14 0)
(-1.34387e-15 -8.83727e-20 0)
(2.35192e-15 -2.01594e-15 0)
(7.05578e-15 2.01604e-15 0)
(1.51198e-15 8.7357e-15 0)
(2.68799e-15 7.05586e-15 0)
(1.67999e-15 -6.71874e-16 0)
(3.44659e-20 -2.68804e-15 0)
(6.7197e-16 2.35186e-15 0)
(-5.71182e-15 -2.35189e-15 0)
(-1.67994e-16 3.3599e-15 0)
(1.84796e-15 -4.36796e-15 0)
(-8.40039e-16 4.36783e-15 0)
(-2.01591e-15 1.67995e-15 0)
(7.39181e-15 -5.03987e-15 0)
(-5.0399e-15 -3.36069e-16 0)
(5.71189e-15 3.3599e-15 0)
(-1.14239e-14 -6.04779e-15 0)
(-1.34407e-15 -2.68808e-15 0)
(-2.01591e-15 7.05581e-15 0)
(-7.62235e-20 -2.01596e-15 0)
(-3.5279e-15 -8.39985e-15 0)
(2.51986e-15 -5.37585e-15 0)
(-6.21582e-15 -2.35195e-15 0)
(1.51186e-15 5.71184e-15 0)
(2.35195e-15 3.35985e-15 0)
(-4.1999e-15 -6.72015e-16 0)
(4.03196e-15 6.04786e-15 0)
(7.39189e-15 3.02386e-15 0)
(-6.04788e-15 -1.00798e-15 0)
(-4.03188e-15 4.70382e-15 0)
(1.32716e-14 -1.34402e-15 0)
(-2.51982e-15 -3.35957e-16 0)
(-1.00787e-15 2.01585e-15 0)
(-6.3838e-15 3.36154e-16 0)
(4.36792e-15 -4.0319e-15 0)
(8.06379e-15 4.70383e-15 0)
(2.01591e-15 -4.36783e-15 0)
(1.17597e-15 -1.00791e-15 0)
(6.38376e-15 -3.36002e-15 0)
(-2.01595e-15 -7.39181e-15 0)
(-5.03972e-16 3.69589e-15 0)
(-1.34392e-15 -1.04157e-14 0)
(1.51194e-15 -9.74381e-15 0)
(-3.02392e-15 -1.16235e-19 0)
(-3.69597e-15 2.01591e-15 0)
(3.86389e-15 -3.69589e-15 0)
(-8.06385e-15 -4.67655e-20 0)
(-4.87193e-15 -7.7278e-15 0)
(-3.36058e-16 -1.00798e-14 0)
(-3.86398e-15 -1.68015e-15 0)
(-2.11546e-20 -3.35978e-16 0)
(-1.51196e-15 3.35861e-16 0)
(5.03883e-16 -4.09139e-20 0)
(-5.03978e-15 -8.39983e-15 0)
(8.39946e-16 -4.70389e-15 0)
(-5.03987e-15 -1.67994e-15 0)
(3.35989e-15 -5.03993e-15 0)
(3.52803e-15 -4.70386e-15 0)
(-2.01603e-15 -6.72019e-16 0)
(1.34395e-15 -1.14238e-14 0)
(-6.71799e-16 -3.02386e-15 0)
(1.04156e-14 3.3598e-15 0)
(3.02398e-15 -1.34382e-15 0)
(5.87986e-15 1.37755e-14 0)
(2.35199e-15 -2.35195e-15 0)
(-4.70382e-15 -3.6959e-15 0)
(-2.01589e-15 -3.36035e-16 0)
(-5.03957e-16 1.00784e-15 0)
(3.36057e-16 -4.36794e-15 0)
(-3.35987e-15 3.35943e-16 0)
(5.03939e-16 -6.72026e-16 0)
(2.35191e-15 -1.00809e-15 0)
(1.00801e-15 -2.68803e-15 0)
(-2.18404e-15 -8.73592e-15 0)
(-7.05588e-15 -2.04956e-14 0)
(-5.5439e-15 6.71828e-16 0)
(2.18387e-15 1.67983e-15 0)
(1.17589e-15 -2.35213e-15 0)
(-4.19985e-15 2.01578e-15 0)
(-3.19195e-15 -1.14236e-14 0)
(-2.68796e-15 -2.35207e-15 0)
(-3.35988e-15 -7.39181e-15 0)
(-8.40038e-16 -3.02399e-15 0)
(2.68791e-15 -2.68795e-15 0)
(-3.02391e-15 1.00793e-15 0)
(3.35996e-16 2.01585e-15 0)
(2.68793e-15 -5.03983e-15 0)
(4.19991e-15 -8.9361e-20 0)
(-6.04782e-15 1.67993e-15 0)
(6.72038e-16 2.68801e-15 0)
(4.03183e-15 1.34386e-15 0)
(-4.03175e-15 -5.37581e-15 0)
(5.71186e-15 -4.03198e-15 0)
(7.05594e-15 -1.10875e-14 0)
(8.39974e-16 -4.36795e-15 0)
(-3.02398e-15 -6.72063e-16 0)
(1.84792e-15 -3.02393e-15 0)
(1.17594e-15 -3.69593e-15 0)
(8.39926e-16 -1.44477e-14 0)
(-8.40022e-16 2.68781e-15 0)
(-2.01592e-15 -3.69601e-15 0)
(2.5199e-15 -4.36796e-15 0)
(2.68795e-15 -4.36812e-15 0)
(1.51194e-15 -1.24317e-14 0)
(-1.27677e-14 8.39966e-15 0)
(1.00791e-15 -6.04789e-15 0)
(-2.35203e-15 -8.06383e-15 0)
(-7.55971e-15 -7.05591e-15 0)
(5.03983e-15 -1.41117e-14 0)
(1.34392e-15 -1.00822e-15 0)
(-6.72049e-16 1.34403e-15 0)
(1.6798e-16 -3.36144e-16 0)
(-1.00794e-15 -3.35999e-15 0)
(2.18396e-15 -5.37591e-15 0)
(2.01596e-15 -4.03201e-15 0)
(1.84794e-15 -2.68793e-15 0)
(2.18404e-15 -3.36074e-16 0)
(6.13414e-20 -2.35189e-15 0)
(1.34391e-15 -5.03982e-15 0)
(-5.03992e-16 2.35202e-15 0)
(6.88785e-15 4.03196e-15 0)
(-6.71949e-16 -8.06378e-15 0)
(5.04061e-16 1.67988e-15 0)
(8.73579e-15 2.35189e-15 0)
(-3.86383e-15 2.01596e-15 0)
(-8.06375e-15 -9.07175e-15 0)
(1.34392e-15 6.72014e-16 0)
(-2.13115e-21 -7.05589e-15 0)
(-1.67989e-15 -3.3614e-16 0)
(-5.04067e-16 -1.17598e-14 0)
(-8.40047e-16 -1.84795e-14 0)
(-9.74373e-15 -5.37602e-15 0)
(8.39953e-16 -1.61276e-14 0)
(-2.51998e-15 -7.39201e-15 0)
(3.69583e-15 -1.44478e-14 0)
(-3.36031e-16 -1.54558e-14 0)
(-5.37581e-15 -1.34398e-14 0)
(7.05568e-15 -1.04159e-14 0)
(-2.51991e-15 -1.14238e-14 0)
(-1.34397e-14 -5.37594e-15 0)
(-1.67998e-15 -5.37588e-15 0)
(1.512e-15 -7.3918e-15 0)
(-1.34399e-15 -2.68798e-15 0)
(2.01599e-15 -1.00809e-15 0)
(1.34398e-15 -6.71983e-15 0)
(1.84801e-15 -8.39984e-15 0)
(6.72038e-16 -3.3602e-16 0)
(3.02396e-15 2.01591e-15 0)
(8.39999e-16 6.71983e-15 0)
(-4.3679e-15 1.37756e-14 0)
(-1.0079e-15 2.35201e-15 0)
(5.03984e-15 7.05573e-15 0)
(-3.35885e-16 -4.03184e-15 0)
(3.528e-15 -1.68005e-15 0)
(5.87984e-15 2.35194e-15 0)
(8.9037e-15 9.74379e-15 0)
(6.72022e-16 5.71186e-15 0)
(8.39952e-16 -6.04795e-15 0)
(-2.01603e-15 -1.34406e-15 0)
(-8.56782e-15 6.71903e-16 0)
(-1.34403e-15 -2.13044e-19 0)
(-4.53598e-15 -1.34405e-15 0)
(4.19995e-15 -1.68014e-15 0)
(-5.87995e-15 -3.02405e-15 0)
(1.51197e-15 -4.70402e-15 0)
(-8.06375e-15 -6.048e-15 0)
(3.69579e-15 -5.04005e-15 0)
(-6.38377e-15 -7.72798e-15 0)
(2.18397e-15 -2.35212e-15 0)
(-1.68104e-16 -6.04785e-15 0)
(-6.71977e-16 -1.34406e-15 0)
(3.19191e-15 -1.34406e-15 0)
(4.37832e-20 -3.35992e-15 0)
(8.39926e-16 -3.35988e-15 0)
(2.35205e-15 -1.34404e-15 0)
(2.01594e-15 -6.72057e-16 0)
(6.21588e-15 -6.72014e-16 0)
(7.5599e-15 3.34181e-20 0)
(2.85592e-15 8.95242e-20 0)
(-3.35987e-15 1.37451e-19 0)
(6.04783e-15 6.72054e-16 0)
(-1.17581e-15 1.00801e-15 0)
(3.8638e-15 8.05359e-21 0)
(7.39192e-15 -4.21851e-21 0)
(-6.21583e-15 -1.00792e-15 0)
(-1.67968e-16 -1.34393e-15 0)
(-3.35974e-16 6.71982e-16 0)
(8.39939e-16 -5.71192e-15 0)
(-1.00798e-14 -7.72781e-15 0)
(-2.52001e-15 -7.39192e-15 0)
(-3.35997e-15 -1.04158e-14 0)
(-4.19993e-15 -6.04791e-15 0)
(-5.04e-16 -7.39183e-15 0)
(5.03916e-16 -7.72785e-15 0)
(-4.87192e-15 -1.67997e-15 0)
(5.54389e-15 -6.04792e-15 0)
(-3.52793e-15 -6.38392e-15 0)
(4.70391e-15 -4.70386e-15 0)
(3.02386e-15 -1.67995e-15 0)
(-6.71896e-16 3.0239e-15 0)
(-1.34402e-15 3.02389e-15 0)
(6.16692e-20 1.00799e-15 0)
(1.84793e-15 2.01596e-15 0)
(-4.36789e-15 7.05581e-15 0)
(2.856e-15 -4.21351e-21 0)
(1.68021e-16 -2.01594e-15 0)
(7.22385e-15 -4.36788e-15 0)
(1.84813e-15 2.01594e-15 0)
(3.19195e-15 4.03183e-15 0)
(6.72016e-16 -6.71947e-16 0)
(-3.35942e-16 4.36783e-15 0)
(1.22636e-14 1.00812e-15 0)
(-5.54372e-15 3.02388e-15 0)
(5.54383e-15 -6.04776e-15 0)
(-3.69595e-15 5.37582e-15 0)
(-2.35187e-15 -2.01598e-15 0)
(3.3598e-16 -1.67995e-15 0)
(6.7194e-16 5.03983e-15 0)
(-5.87989e-15 -8.06386e-15 0)
(-1.17605e-15 1.67991e-15 0)
(-2.01601e-15 1.34394e-15 0)
(-2.51993e-15 -2.35199e-15 0)
(-8.40045e-16 4.70384e-15 0)
(-1.84794e-15 1.67995e-15 0)
(-4.19995e-15 -2.35203e-15 0)
(-6.71986e-16 -1.34401e-15 0)
(-2.5199e-15 -1.34399e-15 0)
(3.69596e-15 2.68783e-15 0)
(-4.19983e-15 1.00796e-15 0)
(5.03979e-15 -1.00799e-15 0)
(3.52793e-15 -6.71973e-16 0)
(1.00801e-15 -2.68785e-15 0)
(-3.35991e-16 1.34392e-15 0)
(-2.18396e-15 1.008e-15 0)
(4.19984e-15 1.68001e-15 0)
(-6.71857e-16 3.69587e-15 0)
(1.00807e-15 -1.00797e-15 0)
(1.27677e-14 -2.016e-15 0)
(1.68e-15 -6.38378e-15 0)
(1.344e-15 1.67994e-15 0)
(1.68061e-16 -2.01588e-15 0)
(-1.51188e-15 4.36778e-15 0)
(4.3679e-15 4.032e-15 0)
(-3.19189e-15 7.05575e-15 0)
(5.04011e-16 -2.35189e-15 0)
(7.39174e-15 -6.71937e-16 0)
(8.40004e-16 1.00791e-15 0)
(-1.00795e-15 -3.35937e-16 0)
(1.34383e-15 -3.35998e-15 0)
(-2.51984e-15 -4.03194e-15 0)
(-1.68002e-15 2.01585e-15 0)
(-9.30282e-20 -5.71186e-15 0)
(-6.04779e-15 1.00792e-15 0)
(3.69583e-15 -1.67989e-15 0)
(-3.35934e-16 -1.67997e-15 0)
(-8.40019e-16 -3.696e-15 0)
(4.53586e-15 3.35975e-16 0)
(1.34398e-15 -3.02392e-15 0)
(-3.35993e-15 -3.02392e-15 0)
(1.84801e-15 2.01589e-15 0)
(-2.01593e-15 -6.04783e-15 0)
(1.17596e-15 8.39971e-15 0)
(2.85592e-15 -6.71937e-16 0)
(-3.0239e-15 -3.69585e-15 0)
(5.04104e-16 2.35194e-15 0)
(4.03181e-15 1.34398e-15 0)
(5.03987e-15 -1.34397e-15 0)
(5.20808e-15 -3.36015e-16 0)
(-6.71956e-16 -3.36017e-16 0)
(-3.02385e-15 -6.04788e-15 0)
(9.57572e-15 -3.36019e-16 0)
(-3.02383e-15 -9.07162e-15 0)
(8.73566e-15 6.3838e-15 0)
(-4.7038e-15 -4.36785e-15 0)
(4.87186e-15 -4.99275e-20 0)
(-7.22375e-15 -2.01604e-15 0)
(4.36783e-15 -5.03985e-15 0)
(-6.72005e-16 -6.72187e-16 0)
(-6.2158e-15 3.35992e-15 0)
(8.39923e-16 -8.06392e-15 0)
(-1.68002e-15 -1.67991e-15 0)
(-5.03978e-15 2.68788e-15 0)
(4.53577e-15 -1.67989e-15 0)
(-3.69583e-15 -6.7207e-16 0)
(3.86383e-15 2.01595e-15 0)
(-4.87188e-15 -3.02386e-15 0)
(1.34399e-15 -4.36791e-15 0)
(1.17596e-15 -1.00796e-15 0)
(3.36013e-16 -2.35205e-15 0)
(-3.35983e-16 -6.38379e-15 0)
(3.69591e-15 4.36775e-15 0)
(-6.71947e-16 -8.73576e-15 0)
(-2.01591e-15 -6.72002e-16 0)
(2.01582e-15 -2.01604e-15 0)
(6.5519e-15 -3.02085e-20 0)
(-5.54379e-15 1.34394e-15 0)
(1.17605e-15 2.35186e-15 0)
(5.37586e-15 -5.37588e-15 0)
(1.00804e-15 5.03975e-15 0)
(8.39974e-15 -6.71986e-15 0)
(-1.00782e-15 4.03183e-15 0)
(4.87185e-15 8.39972e-15 0)
(-5.71169e-15 -3.35981e-16 0)
(4.36778e-15 -2.01587e-15 0)
(-2.6879e-15 -3.69592e-15 0)
(1.68017e-16 -2.35199e-15 0)
(-4.03187e-15 -2.68798e-15 0)
(1.6799e-15 -5.71171e-15 0)
(-4.36794e-15 -3.35993e-15 0)
(-4.53589e-15 -5.03985e-15 0)
(1.17592e-15 1.3439e-15 0)
(-1.51198e-15 -2.01598e-15 0)
(1.51192e-15 3.35945e-16 0)
(-6.71991e-15 3.14975e-20 0)
(-1.84794e-15 -7.39185e-15 0)
(8.06383e-15 3.02376e-15 0)
(-5.54388e-15 3.02393e-15 0)
(2.51994e-15 -6.72108e-16 0)
(1.00798e-15 -4.70392e-15 0)
(1.512e-15 -5.03994e-15 0)
(2.35199e-15 -1.17597e-14 0)
(2.85596e-15 -3.35929e-16 0)
(-6.04795e-15 6.71914e-16 0)
(-4.03177e-15 -3.69601e-15 0)
(4.03181e-15 -5.03985e-15 0)
(2.18398e-15 -4.03186e-15 0)
(5.20789e-15 -1.68e-15 0)
(1.51209e-15 -4.36797e-15 0)
(1.67988e-15 -6.71983e-15 0)
(-5.54377e-15 -6.72046e-16 0)
(7.2238e-15 -6.04789e-15 0)
(-1.67872e-16 -6.71982e-16 0)
(3.86385e-15 -3.35886e-16 0)
(1.84807e-15 5.0397e-15 0)
(-2.18391e-15 1.00794e-15 0)
(1.20956e-14 -2.35185e-15 0)
(1.00798e-15 -3.35989e-15 0)
(1.00796e-15 1.67981e-15 0)
(-2.52001e-15 9.4077e-15 0)
(-1.00797e-15 -1.67991e-15 0)
(-4.87191e-15 -1.67998e-15 0)
(2.18399e-15 -6.04785e-15 0)
(1.34392e-15 -6.71953e-16 0)
(-1.04158e-14 1.67986e-15 0)
(-1.17603e-15 -4.704e-15 0)
(1.67995e-15 -4.36786e-15 0)
(-1.17593e-15 -9.74376e-15 0)
(1.34396e-15 -6.38389e-15 0)
(-1.34394e-15 -3.36072e-16 0)
(1.51196e-15 -6.72026e-16 0)
(-3.02392e-15 7.3918e-15 0)
(9.40777e-15 7.05567e-15 0)
(-6.38382e-15 -7.72779e-15 0)
(8.90369e-15 -4.70395e-15 0)
(-4.36776e-15 -2.35206e-15 0)
(-1.5119e-15 -1.34401e-15 0)
(7.89579e-15 -2.35198e-15 0)
(6.04789e-15 -5.71182e-15 0)
(-1.04157e-14 -3.35999e-15 0)
(3.19192e-15 -2.68808e-15 0)
(1.68006e-15 -1.41116e-14 0)
(6.88776e-15 6.71842e-16 0)
(-5.03901e-16 1.6799e-15 0)
(4.8719e-15 -7.05572e-15 0)
(-1.84797e-15 -3.02395e-15 0)
(-4.03175e-15 6.04772e-15 0)
(-2.71775e-20 6.04788e-15 0)
(1.84792e-15 -7.72781e-15 0)
(-9.23974e-15 -8.06376e-15 0)
(8.0638e-15 1.67972e-15 0)
(-2.51991e-15 -4.03187e-15 0)
(5.03989e-15 -3.36002e-15 0)
(-3.36088e-16 -3.36119e-16 0)
(-5.71193e-15 -4.36791e-15 0)
(-2.85592e-15 -6.38392e-15 0)
(8.39948e-16 -9.57921e-20 0)
(-3.36016e-16 3.35702e-16 0)
(4.03189e-15 -2.0159e-15 0)
(4.15111e-20 -6.04797e-15 0)
(-5.03942e-16 -2.35206e-15 0)
(-2.35189e-15 -2.01597e-14 0)
(-2.51997e-15 -1.07517e-14 0)
(3.86386e-15 6.71854e-16 0)
(-4.36777e-15 -9.74373e-15 0)
(6.71967e-15 -3.02401e-15 0)
(1.68078e-16 -4.36797e-15 0)
(-2.35179e-15 -7.05591e-15 0)
(8.56774e-15 5.03975e-15 0)
(-6.71985e-16 -4.03194e-15 0)
(-1.84788e-15 6.72066e-16 0)
(7.05582e-15 3.69566e-15 0)
(1.68142e-16 -1.04157e-14 0)
(6.04788e-15 2.01592e-15 0)
(1.68003e-15 -6.72042e-16 0)
(-6.71991e-16 -1.67993e-15 0)
(2.18389e-15 4.09613e-20 0)
(-1.17594e-15 -1.34391e-15 0)
(3.35988e-15 -3.36001e-15 0)
(-5.03991e-15 -2.68799e-15 0)
(1.67971e-16 -5.3757e-15 0)
(1.00789e-15 4.70371e-15 0)
(-3.52799e-15 -3.02394e-15 0)
(-7.72767e-15 -6.38388e-15 0)
(-1.68119e-16 -6.72e-15 0)
(1.00795e-15 -9.40774e-15 0)
(-4.53589e-15 -1.68008e-15 0)
(1.68027e-16 -1.17596e-14 0)
(-4.19994e-15 -1.0082e-15 0)
(5.87984e-15 -6.71976e-15 0)
(3.02399e-15 1.00789e-15 0)
(5.54379e-15 -6.71871e-16 0)
(-4.53577e-15 4.36771e-15 0)
(-1.84797e-15 -3.69592e-15 0)
(3.52784e-15 2.35183e-15 0)
(1.00821e-15 -3.35991e-15 0)
(4.36782e-15 -1.67999e-15 0)
(4.53586e-15 -5.7118e-15 0)
(-1.67836e-16 -1.34396e-15 0)
(6.71983e-16 -8.39978e-15 0)
(3.36003e-16 -5.03993e-15 0)
(8.90386e-15 -8.06375e-15 0)
(2.35193e-15 -7.72794e-15 0)
(4.53593e-15 -4.70393e-15 0)
(1.84801e-15 6.7191e-16 0)
(1.512e-15 -5.58169e-20 0)
(-1.67917e-16 -3.02386e-15 0)
(-6.71983e-16 1.67992e-15 0)
(2.01599e-15 -3.35996e-15 0)
(3.86382e-15 -4.70395e-15 0)
(-1.34397e-14 3.69578e-15 0)
(1.00792e-15 -9.40769e-15 0)
(-1.84794e-15 -2.01604e-15 0)
(1.00782e-15 -1.10878e-14 0)
(-3.3601e-16 -1.04158e-14 0)
(-3.6959e-15 -6.72196e-16 0)
(-3.864e-15 -6.71989e-15 0)
(1.00802e-15 -5.04006e-15 0)
(-1.68008e-16 -7.05578e-15 0)
(1.68007e-15 -2.35198e-15 0)
(2.51987e-15 -4.36788e-15 0)
(-1.67982e-15 1.00784e-15 0)
(8.39972e-15 -1.17596e-14 0)
(-7.72778e-15 -2.35202e-15 0)
(1.00796e-15 -1.67996e-15 0)
(6.55175e-15 -1.34404e-15 0)
(3.36211e-16 -3.35996e-16 0)
(3.36012e-16 7.05573e-15 0)
(7.05589e-15 1.00798e-15 0)
(1.67995e-15 2.01589e-15 0)
(2.68797e-15 7.05574e-15 0)
(-6.71891e-16 5.0398e-15 0)
(6.72043e-16 -2.01594e-15 0)
(-1.67941e-16 -3.02394e-15 0)
(7.39191e-15 -5.71184e-15 0)
(-3.36007e-16 -3.69586e-15 0)
(5.20784e-15 7.39183e-15 0)
(3.36e-16 3.35976e-16 0)
(1.51198e-15 -3.35994e-15 0)
(-3.69601e-15 2.3519e-15 0)
(-6.38386e-15 -6.71923e-16 0)
(6.71841e-16 -3.36048e-16 0)
(-7.89576e-15 1.00789e-15 0)
(1.34392e-15 -6.72069e-16 0)
(-6.88788e-15 -2.352e-15 0)
(3.86391e-15 -3.69597e-15 0)
(-3.35993e-15 -8.73582e-15 0)
(5.04011e-16 -3.35994e-15 0)
(-5.04011e-16 -1.34405e-15 0)
(3.3599e-15 2.68786e-15 0)
(-1.00786e-15 2.68782e-15 0)
(9.23975e-15 6.72095e-16 0)
(-3.19189e-15 2.35189e-15 0)
(3.1919e-15 -1.34392e-15 0)
(-5.71185e-15 3.36047e-16 0)
(6.72151e-16 -1.34392e-15 0)
(1.02477e-14 1.344e-15 0)
(3.35989e-15 4.51613e-20 0)
(2.68805e-15 3.35996e-16 0)
(-3.35972e-16 -6.71906e-16 0)
(1.84801e-15 -6.71927e-16 0)
(5.2079e-15 7.8701e-20 0)
(1.67996e-15 3.35984e-15 0)
(5.208e-15 1.34392e-15 0)
(1.14237e-14 1.00793e-15 0)
(-1.04156e-14 2.68787e-15 0)
(4.87184e-15 4.70379e-15 0)
(-5.03965e-16 1.00794e-15 0)
(5.0398e-16 -2.35198e-15 0)
(-6.38391e-15 -6.71926e-16 0)
(-1.68006e-15 1.0079e-15 0)
(-3.69594e-15 1.67995e-15 0)
(-1.17604e-15 -8.06371e-15 0)
(-5.37592e-15 -3.69588e-15 0)
(-4.87189e-15 5.03985e-15 0)
(3.35992e-15 -2.35196e-15 0)
(4.70396e-15 2.35192e-15 0)
(1.34391e-15 3.69585e-15 0)
(-3.0239e-15 -3.35918e-16 0)
(2.85601e-15 4.70398e-15 0)
(1.00792e-15 -7.39169e-15 0)
(-6.04786e-15 6.38365e-15 0)
(4.70388e-15 6.71985e-15 0)
(2.35202e-15 1.67996e-15 0)
(2.35191e-15 5.37577e-15 0)
(3.35997e-15 1.68001e-15 0)
(3.36e-15 3.02388e-15 0)
(-1.34391e-15 -1.34392e-15 0)
(3.02392e-15 -6.71937e-16 0)
(-1.00792e-15 3.02378e-15 0)
(4.3679e-15 -6.38386e-15 0)
(1.51197e-15 2.01584e-15 0)
(-3.35876e-16 -6.3838e-15 0)
(9.40772e-15 -3.69596e-15 0)
(-4.19972e-15 1.89062e-20 0)
(3.35908e-16 -1.67994e-15 0)
(1.51195e-15 -8.06369e-15 0)
(-1.67989e-15 -7.39186e-15 0)
(-3.02394e-15 2.35195e-15 0)
(-4.03201e-15 5.71179e-15 0)
(-2.51991e-15 -5.37583e-15 0)
(-5.20794e-15 1.00798e-15 0)
(-1.51197e-15 6.04774e-15 0)
(-2.35205e-15 4.36787e-15 0)
(-3.024e-15 -2.35189e-15 0)
(-1.67976e-16 -1.00791e-15 0)
(2.18393e-15 -1.34402e-15 0)
(3.52803e-15 2.35214e-15 0)
(5.71186e-15 4.36783e-15 0)
(3.19191e-15 -2.68791e-15 0)
(-2.51989e-15 6.71981e-15 0)
(-6.7199e-15 -3.69572e-15 0)
(-2.51992e-15 -4.36793e-15 0)
(3.02403e-15 2.01601e-15 0)
(3.35984e-15 4.03211e-15 0)
(4.70394e-15 7.7278e-15 0)
(1.00807e-15 6.72058e-16 0)
(1.17482e-20 -6.71907e-16 0)
(2.18393e-15 2.68791e-15 0)
(1.51192e-15 -3.35982e-15 0)
(-1.67908e-16 3.35922e-16 0)
(2.18397e-15 -2.35192e-15 0)
(-1.00793e-15 3.35979e-15 0)
(3.52801e-15 -8.39977e-15 0)
(7.89578e-15 3.02385e-15 0)
(-3.35995e-16 -6.04785e-15 0)
(-2.51989e-15 2.68771e-15 0)
(5.03984e-15 -1.10876e-14 0)
(1.67952e-16 6.71973e-16 0)
(-2.51987e-15 -4.03189e-15 0)
(-5.04089e-16 -1.34394e-15 0)
(-2.01601e-15 1.00793e-15 0)
(-1.00802e-15 -7.05574e-15 0)
(-6.55185e-15 6.71989e-15 0)
(-1.848e-15 1.00797e-14 0)
(8.39995e-16 -1.34395e-15 0)
(3.35972e-16 6.3839e-15 0)
(1.34412e-15 5.3758e-15 0)
(5.03937e-16 1.008e-15 0)
(5.03981e-16 2.35188e-15 0)
(-5.03951e-16 -4.03194e-15 0)
(1.51191e-15 3.0238e-15 0)
(-5.04017e-16 -3.02384e-15 0)
(5.20794e-15 1.34393e-15 0)
(5.04055e-16 3.35971e-16 0)
(3.86397e-15 3.02403e-15 0)
(2.35196e-15 1.008e-15 0)
(8.39958e-16 6.71979e-15 0)
(-1.51191e-15 3.02397e-15 0)
(-3.35989e-16 1.34395e-15 0)
(3.35961e-16 -9.74377e-15 0)
(3.02397e-15 -4.70395e-15 0)
(3.19193e-15 -8.06372e-15 0)
(7.05593e-15 -1.42934e-19 0)
(-1.67988e-15 -1.00798e-15 0)
(-2.68794e-15 -8.81396e-20 0)
(-2.52005e-15 -1.27676e-14 0)
(-2.6879e-15 2.35181e-15 0)
(1.34395e-15 2.49351e-20 0)
(-3.02388e-15 -9.07178e-15 0)
(-1.17604e-15 3.35968e-16 0)
(-6.38374e-15 1.67997e-15 0)
(8.39946e-16 -6.72036e-16 0)
(-3.86392e-15 -3.35983e-16 0)
(-2.18388e-15 -6.71969e-15 0)
(-1.00791e-15 1.00791e-15 0)
(-8.3996e-16 -5.71184e-15 0)
(5.37583e-15 -1.34395e-15 0)
(1.34404e-15 -4.70377e-15 0)
(2.01595e-15 3.35998e-15 0)
(-3.02402e-15 -2.35181e-15 0)
(-3.02396e-15 -2.35185e-15 0)
(6.88775e-15 1.67988e-15 0)
(3.35883e-16 1.00801e-15 0)
(-6.32014e-20 1.10878e-14 0)
(6.71981e-15 2.68791e-15 0)
(-5.67385e-20 3.36007e-16 0)
(-1.17592e-15 -6.71935e-16 0)
(8.3997e-16 2.01594e-15 0)
(-1.34399e-15 1.34392e-15 0)
(-1.34377e-15 3.89462e-21 0)
(6.71933e-16 1.34399e-15 0)
(5.04076e-16 2.68779e-15 0)
(9.74361e-15 -3.35982e-15 0)
(1.51198e-15 -2.68791e-15 0)
(-1.67997e-15 1.77082e-20 0)
(-5.87975e-15 6.04781e-15 0)
(-1.00799e-15 -1.0079e-15 0)
)
;

boundaryField
{
    outerWall
    {
        type            noSlip;
    }
    axis
    {
        type            symmetryPlane;
    }
    nozzle
    {
        type            zeroGradient;
    }
    back
    {
        type            empty;
    }
    front
    {
        type            empty;
    }
}


// ************************************************************************* //
