/*--------------------------------*- C++ -*----------------------------------*\
| =========                 |                                                 |
| \\      /  F ield         | OpenFOAM: The Open Source CFD Toolbox           |
|  \\    /   O peration     | Version:  2412                                  |
|   \\  /    A nd           | Website:  www.openfoam.com                      |
|    \\/     M anipulation  |                                                 |
\*---------------------------------------------------------------------------*/
FoamFile
{
    version     2.0;
    format      ascii;
    arch        "LSB;label=32;scalar=64";
    class       volScalarField;
    location    "6e-05";
    object      p;
}
// * * * * * * * * * * * * * * * * * * * * * * * * * * * * * * * * * * * * * //

dimensions      [1 -1 -2 0 0 0 0];

internalField   nonuniform List<scalar> 
3725
(
1e+07
1e+07
1e+07
1e+07
1e+07
1e+07
1e+07
1e+07
9.99999e+06
9.99998e+06
9.99996e+06
9.99991e+06
9.99981e+06
9.99958e+06
9.99912e+06
9.99822e+06
9.99655e+06
9.99361e+06
9.98868e+06
9.98086e+06
9.96917e+06
9.95276e+06
9.9312e+06
9.90477e+06
9.87459e+06
9.8427e+06
9.81186e+06
9.78513e+06
9.76541e+06
9.75494e+06
1e+07
1e+07
1e+07
1e+07
1e+07
1e+07
1e+07
1e+07
9.99999e+06
9.99998e+06
9.99995e+06
9.99988e+06
9.99974e+06
9.99944e+06
9.99882e+06
9.99764e+06
9.99547e+06
9.99166e+06
9.98533e+06
9.97538e+06
9.96066e+06
9.94023e+06
9.91369e+06
9.88154e+06
9.84526e+06
9.80735e+06
9.77106e+06
9.73987e+06
9.71701e+06
9.70493e+06
1e+07
1e+07
1e+07
1e+07
1e+07
1e+07
1e+07
9.99999e+06
9.99999e+06
9.99997e+06
9.99992e+06
9.99982e+06
9.99959e+06
9.99912e+06
9.99818e+06
9.99638e+06
9.9931e+06
9.98742e+06
9.97808e+06
9.9636e+06
9.9425e+06
9.91368e+06
9.87688e+06
9.83309e+06
9.78456e+06
9.73472e+06
9.68775e+06
9.64794e+06
9.61908e+06
9.60392e+06
1e+07
1e+07
1e+07
1e+07
1e+07
1e+07
1e+07
9.99999e+06
9.99998e+06
9.99994e+06
9.99987e+06
9.9997e+06
9.99933e+06
9.99857e+06
9.99707e+06
9.99421e+06
9.98905e+06
9.98021e+06
9.96587e+06
9.94396e+06
9.91253e+06
9.87036e+06
9.81758e+06
9.75602e+06
9.68919e+06
9.62194e+06
9.55976e+06
9.50793e+06
9.47083e+06
9.4515e+06
1e+07
1e+07
1e+07
1e+07
1e+07
1e+07
9.99999e+06
9.99999e+06
9.99996e+06
9.99991e+06
9.99978e+06
9.99951e+06
9.99891e+06
9.99769e+06
9.99529e+06
9.99077e+06
9.98271e+06
9.96904e+06
9.94717e+06
9.91426e+06
9.86786e+06
9.80679e+06
9.73197e+06
9.64665e+06
9.55615e+06
9.46717e+06
9.38667e+06
9.32084e+06
9.27442e+06
9.25047e+06
1e+07
1e+07
1e+07
1e+07
1e+07
1e+07
9.99999e+06
9.99998e+06
9.99994e+06
9.99985e+06
9.99965e+06
9.99921e+06
9.99827e+06
9.99635e+06
9.9926e+06
9.98563e+06
9.97329e+06
9.95266e+06
9.92012e+06
9.87196e+06
9.80532e+06
9.71947e+06
9.61678e+06
9.50263e+06
9.38474e+06
9.2719e+06
9.17243e+06
9.09292e+06
9.03783e+06
9.00973e+06
1e+07
1e+07
1e+07
1e+07
1e+07
9.99999e+06
9.99999e+06
9.99996e+06
9.9999e+06
9.99977e+06
9.99946e+06
9.99877e+06
9.99732e+06
9.99438e+06
9.98869e+06
9.97822e+06
9.95991e+06
9.92969e+06
9.88277e+06
9.81455e+06
9.72213e+06
9.60593e+06
9.47068e+06
9.32471e+06
9.17862e+06
9.04326e+06
8.92761e+06
8.83774e+06
8.77684e+06
8.74621e+06
1e+07
1e+07
1e+07
1e+07
1e+07
9.99999e+06
9.99998e+06
9.99994e+06
9.99985e+06
9.99964e+06
9.99917e+06
9.99813e+06
9.99596e+06
9.99159e+06
9.98322e+06
9.96796e+06
9.94162e+06
9.89877e+06
9.83333e+06
9.74008e+06
9.61669e+06
9.46578e+06
9.29558e+06
9.11817e+06
8.94723e+06
8.79502e+06
8.67002e+06
8.57628e+06
8.51455e+06
8.48406e+06
1e+07
1e+07
1e+07
1e+07
1e+07
9.99999e+06
9.99997e+06
9.99991e+06
9.99978e+06
9.99947e+06
9.99877e+06
9.99725e+06
9.99409e+06
9.98779e+06
9.97583e+06
9.95428e+06
9.91758e+06
9.85876e+06
9.7706e+06
9.6477e+06
9.4893e+06
9.3016e+06
9.09751e+06
8.89341e+06
8.70566e+06
8.54666e+06
8.42253e+06
8.33369e+06
8.27735e+06
8.2502e+06
1e+07
1e+07
1e+07
1e+07
9.99999e+06
9.99998e+06
9.99995e+06
9.99987e+06
9.99968e+06
9.99923e+06
9.99823e+06
9.99607e+06
9.99161e+06
9.9828e+06
9.96623e+06
9.93673e+06
9.88717e+06
9.80906e+06
9.69429e+06
9.5381e+06
9.34265e+06
9.11925e+06
8.88645e+06
8.6649e+06
8.47249e+06
8.31965e+06
8.20812e+06
8.13329e+06
8.08834e+06
8.06742e+06
1e+07
1e+07
1e+07
1e+07
9.99999e+06
9.99997e+06
9.99993e+06
9.99982e+06
9.99955e+06
9.99892e+06
9.99753e+06
9.99455e+06
9.98843e+06
9.97646e+06
9.9542e+06
9.91504e+06
9.85019e+06
9.74977e+06
9.6053e+06
9.41378e+06
9.18187e+06
8.92741e+06
8.67497e+06
8.44866e+06
8.26586e+06
8.13259e+06
8.04425e+06
7.99054e+06
7.961e+06
7.94808e+06
1e+07
1e+07
1e+07
9.99999e+06
9.99999e+06
9.99996e+06
9.9999e+06
9.99975e+06
9.99938e+06
9.99853e+06
9.99666e+06
9.99266e+06
9.98452e+06
9.96874e+06
9.9397e+06
9.88925e+06
9.80697e+06
9.68183e+06
9.5058e+06
9.27893e+06
9.01395e+06
8.73621e+06
8.47597e+06
8.2591e+06
8.09975e+06
7.99694e+06
7.93854e+06
7.90902e+06
7.89575e+06
7.89081e+06
1e+07
1e+07
1e+07
9.99999e+06
9.99998e+06
9.99995e+06
9.99987e+06
9.99966e+06
9.99918e+06
9.99806e+06
9.9956e+06
9.99039e+06
9.97988e+06
9.95967e+06
9.92288e+06
9.85977e+06
9.75838e+06
9.60703e+06
9.39904e+06
9.13887e+06
8.84669e+06
8.55566e+06
8.30051e+06
8.10636e+06
7.98109e+06
7.91469e+06
7.88745e+06
7.88033e+06
7.88074e+06
7.882e+06
1e+07
1e+07
1e+07
9.99999e+06
9.99997e+06
9.99993e+06
9.99983e+06
9.99956e+06
9.99894e+06
9.99751e+06
9.99437e+06
9.98779e+06
9.97459e+06
9.94944e+06
9.90412e+06
9.82734e+06
9.70586e+06
9.52788e+06
9.28905e+06
8.99949e+06
8.68771e+06
8.39412e+06
8.15597e+06
7.99459e+06
7.90887e+06
7.87877e+06
7.87836e+06
7.88777e+06
7.89679e+06
7.90128e+06
1e+07
1e+07
1e+07
9.99999e+06
9.99997e+06
9.99991e+06
9.99978e+06
9.99945e+06
9.99867e+06
9.99689e+06
9.99301e+06
9.98491e+06
9.96879e+06
9.93834e+06
9.88401e+06
9.79308e+06
9.65129e+06
9.44738e+06
9.18022e+06
8.86654e+06
8.54337e+06
8.25711e+06
8.04506e+06
7.92184e+06
7.87541e+06
7.87609e+06
7.89434e+06
7.91238e+06
7.92423e+06
7.92859e+06
1e+07
1e+07
9.99999e+06
9.99999e+06
9.99996e+06
9.99989e+06
9.99973e+06
9.99933e+06
9.99838e+06
9.99623e+06
9.99156e+06
9.98187e+06
9.96271e+06
9.9268e+06
9.86336e+06
9.75834e+06
9.59689e+06
9.3688e+06
9.07685e+06
8.74488e+06
8.418e+06
8.1468e+06
7.96611e+06
7.8815e+06
7.8693e+06
7.89197e+06
7.91958e+06
7.93882e+06
7.94861e+06
7.94985e+06
1e+07
1e+07
9.99999e+06
9.99998e+06
9.99995e+06
9.99987e+06
9.99968e+06
9.9992e+06
9.99808e+06
9.99555e+06
9.99009e+06
9.9788e+06
9.95663e+06
9.91537e+06
9.84308e+06
9.72467e+06
9.54498e+06
9.29531e+06
8.98271e+06
8.63817e+06
8.31374e+06
8.06238e+06
7.91429e+06
7.86466e+06
7.87884e+06
7.91407e+06
7.94315e+06
7.95807e+06
7.96234e+06
7.95761e+06
1e+07
1e+07
9.99999e+06
9.99998e+06
9.99994e+06
9.99985e+06
9.99963e+06
9.99908e+06
9.99779e+06
9.9949e+06
9.98867e+06
9.97587e+06
9.95086e+06
9.90461e+06
9.82418e+06
9.69366e+06
9.49784e+06
9.22978e+06
8.90085e+06
8.54862e+06
8.23077e+06
8.00088e+06
7.88321e+06
7.8624e+06
7.89445e+06
7.93439e+06
7.95958e+06
7.96703e+06
7.96312e+06
7.95216e+06
1e+07
1e+07
9.99999e+06
9.99998e+06
9.99994e+06
9.99984e+06
9.99958e+06
9.99897e+06
9.99753e+06
9.99431e+06
9.98741e+06
9.97326e+06
9.94575e+06
9.89513e+06
9.80766e+06
9.6668e+06
9.45752e+06
9.17463e+06
8.83348e+06
8.47728e+06
8.16788e+06
7.95828e+06
7.86643e+06
7.86734e+06
7.90987e+06
7.94916e+06
7.96758e+06
7.9655e+06
7.94482e+06
7.90756e+06
1e+07
1e+07
9.99999e+06
9.99998e+06
9.99993e+06
9.99982e+06
9.99954e+06
9.99887e+06
9.99732e+06
9.99383e+06
9.98637e+06
9.97113e+06
9.94159e+06
9.88747e+06
9.7944e+06
9.64541e+06
9.42574e+06
9.13174e+06
8.78205e+06
8.42429e+06
8.12316e+06
7.93047e+06
7.85844e+06
7.87425e+06
7.92183e+06
7.95771e+06
7.96919e+06
7.96145e+06
7.94916e+06
7.93351e+06
1e+07
1e+07
9.99999e+06
9.99997e+06
9.99993e+06
9.99981e+06
9.99952e+06
9.99882e+06
9.99718e+06
9.99352e+06
9.98571e+06
9.96978e+06
9.93896e+06
9.88263e+06
9.78607e+06
9.63206e+06
9.40604e+06
9.10541e+06
8.75091e+06
8.39286e+06
8.09751e+06
7.91563e+06
7.85553e+06
7.87944e+06
7.92849e+06
7.96e+06
7.96126e+06
7.93433e+06
7.84977e+06
7.74755e+06
1e+07
1e+07
9.99999e+06
9.99997e+06
9.99993e+06
9.99981e+06
9.99951e+06
9.99878e+06
9.9971e+06
9.99335e+06
9.98534e+06
9.96904e+06
9.93751e+06
9.87999e+06
9.78152e+06
9.62478e+06
9.39536e+06
9.0912e+06
8.73424e+06
8.37622e+06
8.0842e+06
7.90825e+06
7.8545e+06
7.88248e+06
7.93197e+06
7.96121e+06
7.95923e+06
7.93015e+06
7.85897e+06
7.79755e+06
1e+07
1e+07
9.99999e+06
9.99997e+06
9.99993e+06
9.9998e+06
9.9995e+06
9.99877e+06
9.99708e+06
9.99329e+06
9.98522e+06
9.96878e+06
9.93703e+06
9.87909e+06
9.77998e+06
9.62234e+06
9.39177e+06
9.08644e+06
8.72868e+06
8.3707e+06
8.07982e+06
7.90588e+06
7.85424e+06
7.88353e+06
7.93308e+06
7.96146e+06
7.95796e+06
7.92519e+06
7.83824e+06
7.74842e+06
1e+07
1e+07
9.99999e+06
9.99997e+06
9.99993e+06
9.99981e+06
9.99951e+06
9.99878e+06
9.9971e+06
9.99335e+06
9.98534e+06
9.96904e+06
9.93752e+06
9.87999e+06
9.78152e+06
9.62479e+06
9.39537e+06
9.09122e+06
8.73426e+06
8.37624e+06
8.08421e+06
7.90826e+06
7.85451e+06
7.88248e+06
7.93198e+06
7.96122e+06
7.95924e+06
7.9302e+06
7.85903e+06
7.79759e+06
1e+07
1e+07
9.99999e+06
9.99997e+06
9.99993e+06
9.99981e+06
9.99952e+06
9.99882e+06
9.99718e+06
9.99352e+06
9.98571e+06
9.96978e+06
9.93896e+06
9.88264e+06
9.78608e+06
9.63207e+06
9.40606e+06
9.10543e+06
8.75095e+06
8.39289e+06
8.09754e+06
7.91565e+06
7.85554e+06
7.87944e+06
7.92849e+06
7.96e+06
7.96127e+06
7.93428e+06
7.84962e+06
7.74726e+06
7.40641e+06
7.32684e+06
7.18726e+06
7.02118e+06
6.83344e+06
6.62116e+06
6.38001e+06
6.10466e+06
5.7897e+06
5.43094e+06
5.02678e+06
4.57961e+06
4.09667e+06
3.59006e+06
3.07569e+06
2.57135e+06
2.09444e+06
1.65972e+06
1.27766e+06
953463
687168
473559
304950
169251
50599.9
7.50655e+06
7.36019e+06
7.19948e+06
7.02532e+06
6.8346e+06
6.62146e+06
6.38009e+06
6.10467e+06
5.78971e+06
5.43095e+06
5.02679e+06
4.57961e+06
4.09667e+06
3.59006e+06
3.07568e+06
2.57134e+06
2.09443e+06
1.65972e+06
1.27765e+06
953461
687166
473557
304949
169250
50599.7
7.46781e+06
7.33846e+06
7.19079e+06
7.02293e+06
6.83427e+06
6.62145e+06
6.3801e+06
6.10469e+06
5.78972e+06
5.43095e+06
5.02679e+06
4.57961e+06
4.09667e+06
3.59006e+06
3.07568e+06
2.57134e+06
2.09443e+06
1.65972e+06
1.27765e+06
953460
687165
473557
304949
169250
50599.8
7.50659e+06
7.36022e+06
7.19952e+06
7.02535e+06
6.83462e+06
6.62147e+06
6.3801e+06
6.10468e+06
5.78972e+06
5.43095e+06
5.02679e+06
4.57961e+06
4.09667e+06
3.59006e+06
3.07568e+06
2.57134e+06
2.09443e+06
1.65972e+06
1.27765e+06
953460
687165
473558
304949
169251
50600.1
7.4064e+06
7.3268e+06
7.18723e+06
7.02118e+06
6.83345e+06
6.62118e+06
6.38003e+06
6.10467e+06
5.78972e+06
5.43095e+06
5.02679e+06
4.57961e+06
4.09667e+06
3.59006e+06
3.07568e+06
2.57134e+06
2.09443e+06
1.65972e+06
1.27765e+06
953461
687166
473559
304950
169252
50600.4
1e+07
1e+07
9.99999e+06
9.99998e+06
9.99993e+06
9.99982e+06
9.99954e+06
9.99888e+06
9.99732e+06
9.99383e+06
9.98637e+06
9.97114e+06
9.94161e+06
9.8875e+06
9.79446e+06
9.64551e+06
9.42589e+06
9.13193e+06
8.78229e+06
8.42453e+06
8.12336e+06
7.93059e+06
7.85847e+06
7.87422e+06
7.92179e+06
7.95773e+06
7.96932e+06
7.96177e+06
7.9499e+06
7.93464e+06
1e+07
1e+07
9.99999e+06
9.99998e+06
9.99994e+06
9.99984e+06
9.99958e+06
9.99897e+06
9.99753e+06
9.99432e+06
9.98743e+06
9.9733e+06
9.94582e+06
9.89527e+06
9.80791e+06
9.66719e+06
9.45812e+06
9.17544e+06
8.83446e+06
8.4783e+06
8.16876e+06
7.95885e+06
7.86662e+06
7.86724e+06
7.90966e+06
7.94899e+06
7.96755e+06
7.96559e+06
7.94497e+06
7.9078e+06
1e+07
1e+07
9.99999e+06
9.99998e+06
9.99995e+06
9.99986e+06
9.99963e+06
9.99908e+06
9.9978e+06
9.99492e+06
9.98871e+06
9.97595e+06
9.95101e+06
9.90489e+06
9.82467e+06
9.69445e+06
9.49904e+06
9.23143e+06
8.90289e+06
8.55082e+06
8.23276e+06
8.00228e+06
7.88384e+06
7.86234e+06
7.89401e+06
7.93391e+06
7.95926e+06
7.96693e+06
7.96326e+06
7.95261e+06
1e+07
1e+07
9.99999e+06
9.99998e+06
9.99995e+06
9.99988e+06
9.99968e+06
9.9992e+06
9.99809e+06
9.99558e+06
9.99014e+06
9.97891e+06
9.95685e+06
9.91579e+06
9.84383e+06
9.72591e+06
9.54688e+06
9.29796e+06
8.98607e+06
8.6419e+06
8.3173e+06
8.06514e+06
7.91584e+06
7.86498e+06
7.8783e+06
7.91321e+06
7.94235e+06
7.9575e+06
7.962e+06
7.95751e+06
1e+07
1e+07
9.99999e+06
9.99999e+06
9.99996e+06
9.9999e+06
9.99973e+06
9.99933e+06
9.99839e+06
9.99626e+06
9.99163e+06
9.98202e+06
9.96301e+06
9.92737e+06
9.86436e+06
9.76001e+06
9.59949e+06
9.37252e+06
9.08168e+06
8.75047e+06
8.42361e+06
8.15155e+06
7.96928e+06
7.88283e+06
7.86913e+06
7.89094e+06
7.91828e+06
7.93759e+06
7.94756e+06
7.949e+06
1e+07
1e+07
1e+07
9.99999e+06
9.99997e+06
9.99992e+06
9.99978e+06
9.99946e+06
9.99868e+06
9.99693e+06
9.99309e+06
9.98508e+06
9.96914e+06
9.93901e+06
9.88523e+06
9.79513e+06
9.65453e+06
9.45212e+06
9.18655e+06
8.87414e+06
8.55143e+06
8.2645e+06
8.05072e+06
7.92516e+06
7.87648e+06
7.87555e+06
7.89293e+06
7.91066e+06
7.92248e+06
7.92692e+06
1e+07
1e+07
1e+07
9.99999e+06
9.99998e+06
9.99993e+06
9.99983e+06
9.99957e+06
9.99895e+06
9.99755e+06
9.99446e+06
9.98798e+06
9.97497e+06
9.95018e+06
9.90548e+06
9.82967e+06
9.7096e+06
9.53347e+06
9.29673e+06
9.00908e+06
8.69842e+06
8.40468e+06
8.16502e+06
8.0011e+06
7.91254e+06
7.87999e+06
7.87791e+06
7.88638e+06
7.89498e+06
7.89934e+06
1e+07
1e+07
1e+07
9.99999e+06
9.99998e+06
9.99995e+06
9.99987e+06
9.99967e+06
9.99919e+06
9.9981e+06
9.99569e+06
9.99059e+06
9.98028e+06
9.96044e+06
9.92431e+06
9.86225e+06
9.76244e+06
9.61323e+06
9.40779e+06
9.15019e+06
8.85995e+06
8.56962e+06
8.31362e+06
8.11722e+06
7.98891e+06
7.91947e+06
7.88977e+06
7.88098e+06
7.88042e+06
7.88128e+06
1e+07
1e+07
1e+07
9.99999e+06
9.99999e+06
9.99996e+06
9.9999e+06
9.99975e+06
9.9994e+06
9.99857e+06
9.99674e+06
9.99285e+06
9.98491e+06
9.9695e+06
9.94111e+06
9.89175e+06
9.81112e+06
9.68831e+06
9.51519e+06
9.2915e+06
9.02934e+06
8.75337e+06
8.49335e+06
8.27507e+06
8.11308e+06
8.00715e+06
7.94585e+06
7.91409e+06
7.89937e+06
7.89373e+06
1e+07
1e+07
1e+07
1e+07
9.99999e+06
9.99997e+06
9.99993e+06
9.99982e+06
9.99956e+06
9.99896e+06
9.99761e+06
9.99472e+06
9.98879e+06
9.97716e+06
9.95553e+06
9.91741e+06
9.85422e+06
9.75618e+06
9.61484e+06
9.42695e+06
9.19867e+06
8.9471e+06
8.69621e+06
8.4698e+06
8.2854e+06
8.1496e+06
8.05851e+06
8.00241e+06
7.97119e+06
7.95741e+06
1e+07
1e+07
1e+07
1e+07
9.99999e+06
9.99998e+06
9.99995e+06
9.99988e+06
9.99969e+06
9.99926e+06
9.9983e+06
9.99622e+06
9.99192e+06
9.98341e+06
9.96741e+06
9.93888e+06
9.89088e+06
9.81509e+06
9.70347e+06
9.55115e+06
9.35991e+06
9.1404e+06
8.91051e+06
8.69042e+06
8.49793e+06
8.34379e+06
8.23032e+06
8.15354e+06
8.10706e+06
8.08534e+06
1e+07
1e+07
1e+07
1e+07
1e+07
9.99999e+06
9.99997e+06
9.99991e+06
9.99979e+06
9.99949e+06
9.99883e+06
9.99738e+06
9.99435e+06
9.98831e+06
9.97684e+06
9.95615e+06
9.92083e+06
9.86415e+06
9.77899e+06
9.65996e+06
9.50604e+06
9.32293e+06
9.1229e+06
8.92179e+06
8.73567e+06
8.57698e+06
8.45224e+06
8.3624e+06
8.30512e+06
8.27741e+06
1e+07
1e+07
1e+07
1e+07
1e+07
9.99999e+06
9.99998e+06
9.99994e+06
9.99986e+06
9.99966e+06
9.99921e+06
9.99823e+06
9.99617e+06
9.99201e+06
9.98404e+06
9.9695e+06
9.94435e+06
9.90336e+06
9.84064e+06
9.75102e+06
9.63207e+06
9.48605e+06
9.32067e+06
9.14747e+06
8.9797e+06
8.82949e+06
8.70545e+06
8.61196e+06
8.55014e+06
8.51953e+06
1e+07
1e+07
1e+07
1e+07
1e+07
9.99999e+06
9.99999e+06
9.99996e+06
9.99991e+06
9.99978e+06
9.99949e+06
9.99884e+06
9.99748e+06
9.99471e+06
9.98934e+06
9.97944e+06
9.96211e+06
9.93345e+06
9.88885e+06
9.82387e+06
9.73557e+06
9.62419e+06
9.49406e+06
9.35305e+06
9.2113e+06
9.07936e+06
8.96615e+06
8.87782e+06
8.81778e+06
8.78752e+06
1e+07
1e+07
1e+07
1e+07
1e+07
1e+07
9.99999e+06
9.99998e+06
9.99994e+06
9.99986e+06
9.99968e+06
9.99927e+06
9.99839e+06
9.99659e+06
9.99309e+06
9.98656e+06
9.975e+06
9.95563e+06
9.92502e+06
9.87961e+06
9.81663e+06
9.73527e+06
9.63764e+06
9.52876e+06
9.41591e+06
9.30753e+06
9.21168e+06
9.13484e+06
9.08149e+06
9.05423e+06
1e+07
1e+07
1e+07
1e+07
1e+07
1e+07
9.99999e+06
9.99999e+06
9.99997e+06
9.99992e+06
9.9998e+06
9.99955e+06
9.999e+06
9.99787e+06
9.99565e+06
9.99148e+06
9.98401e+06
9.97135e+06
9.95105e+06
9.92046e+06
9.87725e+06
9.82026e+06
9.75028e+06
9.67031e+06
9.58527e+06
9.50149e+06
9.42554e+06
9.36333e+06
9.31941e+06
9.29672e+06
1e+07
1e+07
1e+07
1e+07
1e+07
1e+07
1e+07
9.99999e+06
9.99998e+06
9.99995e+06
9.99988e+06
9.99973e+06
9.9994e+06
9.99871e+06
9.99735e+06
9.99476e+06
9.99009e+06
9.98207e+06
9.96907e+06
9.94918e+06
9.92064e+06
9.8823e+06
9.83427e+06
9.77822e+06
9.71734e+06
9.65605e+06
9.59936e+06
9.55211e+06
9.51828e+06
9.50067e+06
1e+07
1e+07
1e+07
1e+07
1e+07
1e+07
1e+07
1e+07
9.99999e+06
9.99997e+06
9.99993e+06
9.99984e+06
9.99965e+06
9.99924e+06
9.99843e+06
9.99687e+06
9.99404e+06
9.98913e+06
9.98106e+06
9.96858e+06
9.9504e+06
9.92558e+06
9.89396e+06
9.85638e+06
9.81481e+06
9.7722e+06
9.73213e+06
9.69824e+06
9.6737e+06
9.66083e+06
1e+07
1e+07
1e+07
1e+07
1e+07
1e+07
1e+07
1e+07
9.99999e+06
9.99998e+06
9.99996e+06
9.99991e+06
9.9998e+06
9.99956e+06
9.99909e+06
9.99819e+06
9.99652e+06
9.9936e+06
9.98876e+06
9.98118e+06
9.97e+06
9.95453e+06
9.9345e+06
9.91034e+06
9.88319e+06
9.85493e+06
9.82798e+06
9.8049e+06
9.78804e+06
9.77913e+06
1e+07
1e+07
1e+07
1e+07
1e+07
1e+07
1e+07
1e+07
1e+07
9.99999e+06
9.99998e+06
9.99995e+06
9.99989e+06
9.99976e+06
9.99949e+06
9.99898e+06
9.99802e+06
9.99634e+06
9.99353e+06
9.98907e+06
9.98242e+06
9.97311e+06
9.9609e+06
9.94596e+06
9.92895e+06
9.91101e+06
9.8937e+06
9.87872e+06
9.86768e+06
9.86183e+06
1e+07
1e+07
1e+07
1e+07
1e+07
1e+07
1e+07
1e+07
1e+07
1e+07
9.99999e+06
9.99997e+06
9.99994e+06
9.99987e+06
9.99972e+06
9.99944e+06
9.99891e+06
9.99797e+06
9.99638e+06
9.99384e+06
9.99002e+06
9.9846e+06
9.97741e+06
9.96851e+06
9.95826e+06
9.94733e+06
9.93667e+06
9.92737e+06
9.92046e+06
9.91679e+06
1e+07
1e+07
1e+07
1e+07
1e+07
1e+07
1e+07
1e+07
1e+07
1e+07
9.99999e+06
9.99999e+06
9.99997e+06
9.99993e+06
9.99985e+06
9.9997e+06
9.99941e+06
9.9989e+06
9.99803e+06
9.99663e+06
9.99449e+06
9.99144e+06
9.98735e+06
9.98224e+06
9.97628e+06
9.96987e+06
9.96356e+06
9.95801e+06
9.95388e+06
9.95166e+06
1e+07
1e+07
1e+07
1e+07
1e+07
1e+07
1e+07
1e+07
1e+07
1e+07
1e+07
9.99999e+06
9.99998e+06
9.99996e+06
9.99992e+06
9.99984e+06
9.99969e+06
9.99942e+06
9.99896e+06
9.9982e+06
9.99705e+06
9.99538e+06
9.99313e+06
9.99029e+06
9.98695e+06
9.98332e+06
9.97972e+06
9.97653e+06
9.97415e+06
9.97287e+06
1e+07
1e+07
1e+07
1e+07
1e+07
1e+07
1e+07
1e+07
1e+07
1e+07
1e+07
1e+07
9.99999e+06
9.99998e+06
9.99996e+06
9.99992e+06
9.99984e+06
9.9997e+06
9.99946e+06
9.99907e+06
9.99846e+06
9.99758e+06
9.99638e+06
9.99484e+06
9.99303e+06
9.99104e+06
9.98906e+06
9.9873e+06
9.98597e+06
9.98526e+06
1e+07
1e+07
1e+07
1e+07
1e+07
1e+07
1e+07
1e+07
1e+07
1e+07
1e+07
1e+07
1e+07
9.99999e+06
9.99998e+06
9.99996e+06
9.99992e+06
9.99985e+06
9.99973e+06
9.99953e+06
9.99922e+06
9.99876e+06
9.99814e+06
9.99734e+06
9.99638e+06
9.99533e+06
9.99428e+06
9.99333e+06
9.99262e+06
9.99223e+06
1e+07
1e+07
1e+07
1e+07
1e+07
1e+07
1e+07
1e+07
1e+07
1e+07
1e+07
1e+07
1e+07
1e+07
9.99999e+06
9.99998e+06
9.99996e+06
9.99993e+06
9.99987e+06
9.99977e+06
9.99961e+06
9.99939e+06
9.99907e+06
9.99866e+06
9.99818e+06
9.99764e+06
9.99709e+06
9.9966e+06
9.99623e+06
9.99603e+06
1e+07
1e+07
1e+07
1e+07
1e+07
1e+07
1e+07
1e+07
1e+07
1e+07
1e+07
1e+07
1e+07
1e+07
1e+07
9.99999e+06
9.99998e+06
9.99997e+06
9.99994e+06
9.99989e+06
9.99981e+06
9.9997e+06
9.99955e+06
9.99935e+06
9.9991e+06
9.99883e+06
9.99856e+06
9.99831e+06
9.99813e+06
9.99802e+06
1e+07
1e+07
1e+07
1e+07
1e+07
1e+07
1e+07
1e+07
1e+07
1e+07
1e+07
1e+07
1e+07
1e+07
1e+07
1e+07
9.99999e+06
9.99998e+06
9.99997e+06
9.99995e+06
9.99991e+06
9.99986e+06
9.99979e+06
9.99969e+06
9.99957e+06
9.99944e+06
9.99931e+06
9.99919e+06
9.99909e+06
9.99904e+06
1e+07
1e+07
1e+07
1e+07
1e+07
1e+07
1e+07
1e+07
1e+07
1e+07
1e+07
1e+07
1e+07
1e+07
1e+07
1e+07
1e+07
9.99999e+06
9.99999e+06
9.99998e+06
9.99996e+06
9.99993e+06
9.9999e+06
9.99985e+06
9.9998e+06
9.99974e+06
9.99967e+06
9.99962e+06
9.99957e+06
9.99955e+06
1e+07
1e+07
1e+07
1e+07
1e+07
1e+07
1e+07
1e+07
1e+07
1e+07
1e+07
1e+07
1e+07
1e+07
1e+07
1e+07
1e+07
1e+07
9.99999e+06
9.99999e+06
9.99998e+06
9.99997e+06
9.99995e+06
9.99993e+06
9.99991e+06
9.99988e+06
9.99985e+06
9.99982e+06
9.9998e+06
9.99979e+06
1e+07
1e+07
1e+07
1e+07
1e+07
1e+07
1e+07
1e+07
1e+07
1e+07
1e+07
1e+07
1e+07
1e+07
1e+07
1e+07
1e+07
1e+07
1e+07
1e+07
9.99999e+06
9.99999e+06
9.99998e+06
9.99997e+06
9.99996e+06
9.99995e+06
9.99993e+06
9.99992e+06
9.99991e+06
9.99991e+06
1e+07
1e+07
1e+07
1e+07
1e+07
1e+07
1e+07
1e+07
1e+07
1e+07
1e+07
1e+07
1e+07
1e+07
1e+07
1e+07
1e+07
1e+07
1e+07
1e+07
1e+07
9.99999e+06
9.99999e+06
9.99999e+06
9.99998e+06
9.99998e+06
9.99997e+06
9.99997e+06
9.99996e+06
9.99996e+06
1e+07
1e+07
1e+07
1e+07
1e+07
1e+07
1e+07
1e+07
1e+07
1e+07
1e+07
1e+07
1e+07
1e+07
1e+07
1e+07
1e+07
1e+07
1e+07
1e+07
1e+07
1e+07
1e+07
9.99999e+06
9.99999e+06
9.99999e+06
9.99999e+06
9.99999e+06
9.99998e+06
9.99998e+06
1e+07
1e+07
1e+07
1e+07
1e+07
1e+07
1e+07
1e+07
1e+07
1e+07
1e+07
1e+07
1e+07
1e+07
1e+07
1e+07
1e+07
1e+07
1e+07
1e+07
1e+07
1e+07
1e+07
1e+07
1e+07
1e+07
9.99999e+06
9.99999e+06
9.99999e+06
9.99999e+06
1e+07
1e+07
1e+07
1e+07
1e+07
1e+07
1e+07
1e+07
1e+07
1e+07
1e+07
1e+07
1e+07
1e+07
1e+07
1e+07
1e+07
1e+07
1e+07
1e+07
1e+07
1e+07
1e+07
1e+07
1e+07
1e+07
1e+07
1e+07
1e+07
1e+07
1e+07
1e+07
1e+07
1e+07
1e+07
1e+07
1e+07
1e+07
1e+07
1e+07
1e+07
1e+07
1e+07
1e+07
1e+07
1e+07
1e+07
1e+07
1e+07
1e+07
1e+07
1e+07
1e+07
1e+07
1e+07
1e+07
1e+07
1e+07
1e+07
1e+07
1e+07
1e+07
1e+07
1e+07
1e+07
1e+07
1e+07
1e+07
1e+07
1e+07
1e+07
1e+07
1e+07
1e+07
1e+07
1e+07
1e+07
1e+07
1e+07
1e+07
1e+07
1e+07
1e+07
1e+07
1e+07
1e+07
1e+07
1e+07
1e+07
1e+07
1e+07
1e+07
1e+07
1e+07
1e+07
1e+07
1e+07
1e+07
1e+07
1e+07
1e+07
1e+07
1e+07
1e+07
1e+07
1e+07
1e+07
1e+07
1e+07
1e+07
1e+07
1e+07
1e+07
1e+07
1e+07
1e+07
1e+07
1e+07
1e+07
1e+07
1e+07
1e+07
1e+07
1e+07
1e+07
1e+07
1e+07
1e+07
1e+07
1e+07
1e+07
1e+07
1e+07
1e+07
1e+07
1e+07
1e+07
1e+07
1e+07
1e+07
1e+07
1e+07
1e+07
1e+07
1e+07
1e+07
1e+07
1e+07
1e+07
1e+07
1e+07
1e+07
1e+07
1e+07
1e+07
1e+07
1e+07
1e+07
1e+07
1e+07
1e+07
1e+07
1e+07
1e+07
1e+07
1e+07
1e+07
1e+07
1e+07
1e+07
1e+07
1e+07
1e+07
1e+07
1e+07
1e+07
1e+07
1e+07
1e+07
1e+07
1e+07
1e+07
1e+07
1e+07
1e+07
1e+07
1e+07
1e+07
1e+07
1e+07
1e+07
1e+07
1e+07
1e+07
1e+07
1e+07
1e+07
1e+07
1e+07
1e+07
1e+07
1e+07
1e+07
1e+07
1e+07
1e+07
1e+07
1e+07
1e+07
1e+07
1e+07
1e+07
1e+07
1e+07
1e+07
1e+07
1e+07
1e+07
1e+07
1e+07
1e+07
1e+07
1e+07
1e+07
1e+07
1e+07
1e+07
1e+07
1e+07
1e+07
1e+07
1e+07
1e+07
1e+07
1e+07
1e+07
1e+07
1e+07
1e+07
1e+07
1e+07
1e+07
1e+07
1e+07
1e+07
1e+07
1e+07
1e+07
1e+07
1e+07
1e+07
1e+07
1e+07
1e+07
1e+07
1e+07
1e+07
1e+07
1e+07
1e+07
1e+07
1e+07
1e+07
1e+07
1e+07
1e+07
1e+07
1e+07
1e+07
1e+07
1e+07
1e+07
1e+07
1e+07
1e+07
1e+07
1e+07
1e+07
1e+07
1e+07
1e+07
1e+07
1e+07
1e+07
1e+07
1e+07
1e+07
1e+07
1e+07
1e+07
1e+07
1e+07
1e+07
1e+07
1e+07
1e+07
1e+07
1e+07
1e+07
1e+07
1e+07
1e+07
1e+07
1e+07
1e+07
1e+07
1e+07
1e+07
1e+07
1e+07
1e+07
1e+07
1e+07
1e+07
1e+07
1e+07
1e+07
1e+07
1e+07
1e+07
1e+07
1e+07
1e+07
1e+07
1e+07
1e+07
1e+07
1e+07
1e+07
1e+07
1e+07
1e+07
1e+07
1e+07
1e+07
1e+07
1e+07
1e+07
1e+07
1e+07
1e+07
1e+07
1e+07
1e+07
1e+07
1e+07
1e+07
1e+07
1e+07
1e+07
1e+07
1e+07
1e+07
1e+07
1e+07
1e+07
1e+07
1e+07
1e+07
1e+07
1e+07
1e+07
1e+07
1e+07
1e+07
1e+07
1e+07
1e+07
1e+07
1e+07
1e+07
1e+07
1e+07
1e+07
1e+07
1e+07
1e+07
1e+07
1e+07
1e+07
1e+07
1e+07
1e+07
1e+07
1e+07
1e+07
1e+07
1e+07
1e+07
1e+07
1e+07
1e+07
1e+07
1e+07
1e+07
1e+07
1e+07
1e+07
1e+07
1e+07
1e+07
1e+07
1e+07
1e+07
1e+07
1e+07
1e+07
1e+07
1e+07
1e+07
1e+07
1e+07
1e+07
1e+07
1e+07
1e+07
1e+07
1e+07
1e+07
1e+07
1e+07
1e+07
1e+07
1e+07
1e+07
1e+07
1e+07
1e+07
1e+07
1e+07
1e+07
1e+07
1e+07
1e+07
1e+07
1e+07
1e+07
1e+07
1e+07
1e+07
1e+07
1e+07
1e+07
1e+07
1e+07
1e+07
1e+07
1e+07
1e+07
1e+07
1e+07
1e+07
1e+07
1e+07
1e+07
1e+07
1e+07
1e+07
1e+07
1e+07
1e+07
1e+07
1e+07
1e+07
1e+07
1e+07
1e+07
1e+07
1e+07
1e+07
1e+07
1e+07
1e+07
1e+07
1e+07
1e+07
1e+07
1e+07
1e+07
1e+07
1e+07
1e+07
1e+07
1e+07
1e+07
1e+07
1e+07
1e+07
1e+07
1e+07
1e+07
1e+07
1e+07
1e+07
1e+07
1e+07
1e+07
1e+07
1e+07
1e+07
1e+07
1e+07
1e+07
1e+07
1e+07
1e+07
1e+07
1e+07
1e+07
1e+07
1e+07
1e+07
1e+07
1e+07
1e+07
1e+07
1e+07
1e+07
1e+07
1e+07
1e+07
1e+07
1e+07
1e+07
1e+07
1e+07
1e+07
1e+07
1e+07
1e+07
1e+07
1e+07
1e+07
1e+07
1e+07
1e+07
1e+07
1e+07
1e+07
1e+07
1e+07
1e+07
1e+07
1e+07
1e+07
1e+07
1e+07
1e+07
1e+07
1e+07
1e+07
1e+07
1e+07
1e+07
1e+07
1e+07
1e+07
1e+07
1e+07
1e+07
1e+07
1e+07
1e+07
1e+07
1e+07
1e+07
1e+07
1e+07
1e+07
1e+07
1e+07
1e+07
1e+07
1e+07
1e+07
1e+07
1e+07
1e+07
1e+07
1e+07
1e+07
1e+07
1e+07
1e+07
1e+07
1e+07
1e+07
1e+07
1e+07
1e+07
1e+07
1e+07
1e+07
1e+07
1e+07
1e+07
1e+07
1e+07
1e+07
1e+07
1e+07
1e+07
1e+07
1e+07
1e+07
1e+07
1e+07
1e+07
1e+07
1e+07
1e+07
1e+07
1e+07
1e+07
1e+07
1e+07
1e+07
1e+07
1e+07
1e+07
1e+07
1e+07
1e+07
1e+07
1e+07
1e+07
1e+07
1e+07
1e+07
1e+07
1e+07
1e+07
1e+07
1e+07
1e+07
1e+07
1e+07
1e+07
1e+07
1e+07
1e+07
1e+07
1e+07
1e+07
1e+07
1e+07
1e+07
1e+07
1e+07
1e+07
1e+07
1e+07
1e+07
1e+07
1e+07
1e+07
1e+07
1e+07
1e+07
1e+07
1e+07
1e+07
1e+07
1e+07
1e+07
1e+07
1e+07
1e+07
1e+07
1e+07
1e+07
1e+07
1e+07
1e+07
1e+07
1e+07
1e+07
1e+07
1e+07
1e+07
1e+07
1e+07
1e+07
1e+07
1e+07
1e+07
1e+07
1e+07
1e+07
1e+07
1e+07
1e+07
1e+07
1e+07
1e+07
1e+07
1e+07
1e+07
1e+07
1e+07
1e+07
1e+07
1e+07
1e+07
1e+07
1e+07
1e+07
1e+07
1e+07
1e+07
1e+07
1e+07
1e+07
1e+07
1e+07
1e+07
1e+07
1e+07
1e+07
1e+07
1e+07
1e+07
1e+07
1e+07
1e+07
1e+07
1e+07
1e+07
1e+07
1e+07
1e+07
1e+07
1e+07
1e+07
1e+07
1e+07
1e+07
1e+07
1e+07
1e+07
1e+07
1e+07
1e+07
1e+07
1e+07
1e+07
1e+07
1e+07
1e+07
1e+07
1e+07
1e+07
1e+07
1e+07
1e+07
1e+07
1e+07
1e+07
1e+07
1e+07
1e+07
1e+07
1e+07
1e+07
1e+07
1e+07
1e+07
1e+07
1e+07
1e+07
1e+07
1e+07
1e+07
1e+07
1e+07
1e+07
1e+07
1e+07
1e+07
1e+07
1e+07
1e+07
1e+07
1e+07
1e+07
1e+07
1e+07
1e+07
1e+07
1e+07
1e+07
1e+07
1e+07
1e+07
1e+07
1e+07
1e+07
1e+07
1e+07
1e+07
1e+07
1e+07
1e+07
1e+07
1e+07
1e+07
1e+07
1e+07
1e+07
1e+07
1e+07
1e+07
1e+07
1e+07
1e+07
1e+07
1e+07
1e+07
1e+07
1e+07
1e+07
1e+07
1e+07
1e+07
1e+07
1e+07
1e+07
1e+07
1e+07
1e+07
1e+07
1e+07
1e+07
1e+07
1e+07
1e+07
1e+07
1e+07
1e+07
1e+07
1e+07
1e+07
1e+07
1e+07
1e+07
1e+07
1e+07
1e+07
1e+07
1e+07
1e+07
1e+07
1e+07
1e+07
1e+07
1e+07
1e+07
1e+07
1e+07
1e+07
1e+07
1e+07
1e+07
1e+07
1e+07
1e+07
1e+07
1e+07
1e+07
1e+07
1e+07
1e+07
1e+07
1e+07
1e+07
1e+07
1e+07
1e+07
1e+07
1e+07
1e+07
1e+07
1e+07
1e+07
1e+07
1e+07
1e+07
1e+07
1e+07
1e+07
1e+07
1e+07
1e+07
1e+07
1e+07
1e+07
1e+07
1e+07
1e+07
1e+07
1e+07
1e+07
1e+07
1e+07
1e+07
1e+07
1e+07
1e+07
1e+07
1e+07
1e+07
1e+07
1e+07
1e+07
1e+07
1e+07
1e+07
1e+07
1e+07
1e+07
1e+07
1e+07
1e+07
1e+07
1e+07
1e+07
1e+07
1e+07
1e+07
1e+07
1e+07
1e+07
1e+07
1e+07
1e+07
1e+07
1e+07
1e+07
1e+07
1e+07
1e+07
1e+07
1e+07
1e+07
1e+07
1e+07
1e+07
1e+07
1e+07
1e+07
1e+07
1e+07
1e+07
1e+07
1e+07
1e+07
1e+07
1e+07
1e+07
1e+07
1e+07
1e+07
1e+07
1e+07
1e+07
1e+07
1e+07
1e+07
1e+07
1e+07
1e+07
1e+07
1e+07
1e+07
1e+07
1e+07
1e+07
1e+07
1e+07
1e+07
1e+07
1e+07
1e+07
1e+07
1e+07
1e+07
1e+07
1e+07
1e+07
1e+07
1e+07
1e+07
1e+07
1e+07
1e+07
1e+07
1e+07
1e+07
1e+07
1e+07
1e+07
1e+07
1e+07
1e+07
1e+07
1e+07
1e+07
1e+07
1e+07
1e+07
1e+07
1e+07
1e+07
1e+07
1e+07
1e+07
1e+07
1e+07
1e+07
1e+07
1e+07
1e+07
1e+07
1e+07
1e+07
1e+07
1e+07
1e+07
1e+07
1e+07
1e+07
1e+07
1e+07
1e+07
1e+07
1e+07
1e+07
1e+07
1e+07
1e+07
1e+07
1e+07
1e+07
1e+07
1e+07
1e+07
1e+07
1e+07
1e+07
1e+07
1e+07
1e+07
1e+07
1e+07
1e+07
1e+07
1e+07
1e+07
1e+07
1e+07
1e+07
1e+07
1e+07
1e+07
1e+07
1e+07
1e+07
1e+07
1e+07
1e+07
1e+07
1e+07
1e+07
1e+07
1e+07
1e+07
1e+07
1e+07
1e+07
1e+07
1e+07
1e+07
1e+07
1e+07
1e+07
1e+07
1e+07
1e+07
1e+07
1e+07
1e+07
1e+07
1e+07
1e+07
1e+07
1e+07
1e+07
1e+07
1e+07
1e+07
1e+07
1e+07
1e+07
1e+07
1e+07
1e+07
1e+07
1e+07
1e+07
1e+07
1e+07
1e+07
1e+07
1e+07
1e+07
1e+07
1e+07
1e+07
1e+07
1e+07
1e+07
1e+07
1e+07
1e+07
1e+07
1e+07
1e+07
1e+07
1e+07
1e+07
1e+07
1e+07
1e+07
1e+07
1e+07
1e+07
1e+07
1e+07
1e+07
1e+07
1e+07
1e+07
1e+07
1e+07
1e+07
1e+07
1e+07
1e+07
1e+07
1e+07
1e+07
1e+07
1e+07
1e+07
1e+07
1e+07
1e+07
1e+07
1e+07
1e+07
1e+07
1e+07
1e+07
1e+07
1e+07
1e+07
1e+07
1e+07
1e+07
1e+07
1e+07
1e+07
1e+07
1e+07
1e+07
1e+07
1e+07
1e+07
1e+07
1e+07
1e+07
1e+07
1e+07
1e+07
1e+07
1e+07
1e+07
1e+07
1e+07
1e+07
1e+07
1e+07
1e+07
1e+07
1e+07
1e+07
1e+07
1e+07
1e+07
1e+07
1e+07
1e+07
1e+07
1e+07
1e+07
1e+07
1e+07
1e+07
1e+07
1e+07
1e+07
1e+07
1e+07
1e+07
1e+07
1e+07
1e+07
1e+07
1e+07
1e+07
1e+07
1e+07
1e+07
1e+07
1e+07
1e+07
1e+07
1e+07
1e+07
1e+07
1e+07
1e+07
1e+07
1e+07
1e+07
1e+07
1e+07
1e+07
1e+07
1e+07
1e+07
1e+07
1e+07
1e+07
1e+07
1e+07
1e+07
1e+07
1e+07
1e+07
1e+07
1e+07
1e+07
1e+07
1e+07
1e+07
1e+07
1e+07
1e+07
1e+07
1e+07
1e+07
1e+07
1e+07
1e+07
1e+07
1e+07
1e+07
1e+07
1e+07
1e+07
1e+07
1e+07
1e+07
1e+07
1e+07
1e+07
1e+07
1e+07
1e+07
1e+07
1e+07
1e+07
1e+07
1e+07
1e+07
1e+07
1e+07
1e+07
1e+07
1e+07
1e+07
1e+07
1e+07
1e+07
1e+07
1e+07
1e+07
1e+07
1e+07
1e+07
1e+07
1e+07
1e+07
1e+07
1e+07
1e+07
1e+07
1e+07
1e+07
1e+07
1e+07
1e+07
1e+07
1e+07
1e+07
1e+07
1e+07
1e+07
1e+07
1e+07
1e+07
1e+07
1e+07
1e+07
1e+07
1e+07
1e+07
1e+07
1e+07
1e+07
1e+07
1e+07
1e+07
1e+07
1e+07
1e+07
1e+07
1e+07
1e+07
1e+07
1e+07
1e+07
1e+07
1e+07
1e+07
1e+07
1e+07
1e+07
1e+07
1e+07
1e+07
1e+07
1e+07
1e+07
1e+07
1e+07
1e+07
1e+07
1e+07
1e+07
1e+07
1e+07
1e+07
1e+07
1e+07
1e+07
1e+07
1e+07
1e+07
1e+07
1e+07
1e+07
1e+07
1e+07
1e+07
1e+07
1e+07
1e+07
1e+07
1e+07
1e+07
1e+07
1e+07
1e+07
1e+07
1e+07
1e+07
1e+07
1e+07
1e+07
1e+07
1e+07
1e+07
1e+07
1e+07
1e+07
1e+07
1e+07
1e+07
1e+07
1e+07
1e+07
1e+07
1e+07
1e+07
1e+07
1e+07
1e+07
1e+07
1e+07
1e+07
1e+07
1e+07
1e+07
1e+07
1e+07
1e+07
1e+07
1e+07
1e+07
1e+07
1e+07
1e+07
1e+07
1e+07
1e+07
1e+07
1e+07
1e+07
1e+07
1e+07
1e+07
1e+07
1e+07
1e+07
1e+07
1e+07
1e+07
1e+07
1e+07
1e+07
1e+07
1e+07
1e+07
1e+07
1e+07
1e+07
1e+07
1e+07
1e+07
1e+07
1e+07
1e+07
1e+07
1e+07
1e+07
1e+07
1e+07
1e+07
1e+07
1e+07
1e+07
1e+07
1e+07
1e+07
1e+07
1e+07
1e+07
1e+07
1e+07
1e+07
1e+07
1e+07
1e+07
1e+07
1e+07
1e+07
1e+07
1e+07
1e+07
1e+07
1e+07
1e+07
1e+07
1e+07
1e+07
1e+07
1e+07
1e+07
1e+07
1e+07
1e+07
1e+07
1e+07
1e+07
1e+07
1e+07
1e+07
1e+07
1e+07
1e+07
1e+07
1e+07
1e+07
1e+07
1e+07
1e+07
1e+07
1e+07
1e+07
1e+07
1e+07
1e+07
1e+07
1e+07
1e+07
1e+07
1e+07
1e+07
1e+07
1e+07
1e+07
1e+07
1e+07
1e+07
1e+07
1e+07
1e+07
1e+07
1e+07
1e+07
1e+07
1e+07
1e+07
1e+07
1e+07
1e+07
1e+07
1e+07
1e+07
1e+07
1e+07
1e+07
1e+07
1e+07
1e+07
1e+07
1e+07
1e+07
1e+07
1e+07
1e+07
1e+07
1e+07
1e+07
1e+07
1e+07
1e+07
1e+07
1e+07
1e+07
1e+07
1e+07
1e+07
1e+07
1e+07
1e+07
1e+07
1e+07
1e+07
1e+07
1e+07
1e+07
1e+07
1e+07
1e+07
1e+07
1e+07
1e+07
1e+07
1e+07
1e+07
1e+07
1e+07
1e+07
1e+07
1e+07
1e+07
1e+07
1e+07
1e+07
1e+07
1e+07
1e+07
1e+07
1e+07
1e+07
1e+07
1e+07
1e+07
1e+07
1e+07
1e+07
1e+07
1e+07
1e+07
1e+07
1e+07
1e+07
1e+07
1e+07
1e+07
1e+07
1e+07
1e+07
1e+07
1e+07
1e+07
1e+07
1e+07
1e+07
1e+07
1e+07
1e+07
1e+07
1e+07
1e+07
1e+07
1e+07
1e+07
1e+07
1e+07
1e+07
1e+07
1e+07
1e+07
1e+07
1e+07
1e+07
1e+07
1e+07
1e+07
1e+07
1e+07
1e+07
1e+07
1e+07
1e+07
1e+07
1e+07
1e+07
1e+07
1e+07
1e+07
1e+07
1e+07
1e+07
1e+07
1e+07
1e+07
1e+07
1e+07
1e+07
1e+07
1e+07
1e+07
1e+07
1e+07
1e+07
1e+07
1e+07
1e+07
1e+07
1e+07
1e+07
1e+07
1e+07
1e+07
1e+07
1e+07
1e+07
1e+07
1e+07
1e+07
1e+07
1e+07
1e+07
1e+07
1e+07
1e+07
1e+07
1e+07
1e+07
1e+07
1e+07
1e+07
1e+07
1e+07
1e+07
1e+07
1e+07
1e+07
1e+07
1e+07
1e+07
1e+07
1e+07
1e+07
1e+07
1e+07
1e+07
1e+07
1e+07
1e+07
1e+07
1e+07
1e+07
1e+07
1e+07
1e+07
1e+07
1e+07
1e+07
1e+07
1e+07
1e+07
1e+07
1e+07
1e+07
1e+07
1e+07
1e+07
1e+07
1e+07
1e+07
1e+07
1e+07
1e+07
1e+07
1e+07
1e+07
1e+07
1e+07
1e+07
1e+07
1e+07
1e+07
1e+07
1e+07
1e+07
1e+07
1e+07
1e+07
1e+07
1e+07
1e+07
1e+07
1e+07
1e+07
1e+07
1e+07
1e+07
1e+07
1e+07
1e+07
1e+07
1e+07
1e+07
1e+07
1e+07
1e+07
1e+07
1e+07
1e+07
1e+07
1e+07
1e+07
1e+07
1e+07
1e+07
1e+07
1e+07
1e+07
1e+07
1e+07
1e+07
1e+07
1e+07
1e+07
1e+07
1e+07
1e+07
1e+07
1e+07
1e+07
1e+07
1e+07
1e+07
1e+07
1e+07
1e+07
1e+07
1e+07
1e+07
1e+07
1e+07
1e+07
1e+07
1e+07
1e+07
1e+07
1e+07
1e+07
1e+07
1e+07
1e+07
1e+07
1e+07
1e+07
1e+07
1e+07
1e+07
1e+07
1e+07
1e+07
1e+07
1e+07
1e+07
1e+07
)
;

boundaryField
{
    outerWall
    {
        type            zeroGradient;
    }
    axis
    {
        type            symmetryPlane;
    }
    nozzle
    {
        type            fixedValue;
        value           uniform 0;
    }
    back
    {
        type            empty;
    }
    front
    {
        type            empty;
    }
}


// ************************************************************************* //
