/*--------------------------------*- C++ -*----------------------------------*\
| =========                 |                                                 |
| \\      /  F ield         | OpenFOAM: The Open Source CFD Toolbox           |
|  \\    /   O peration     | Version:  2412                                  |
|   \\  /    A nd           | Website:  www.openfoam.com                      |
|    \\/     M anipulation  |                                                 |
\*---------------------------------------------------------------------------*/
FoamFile
{
    version     2.0;
    format      ascii;
    arch        "LSB;label=32;scalar=64";
    class       surfaceScalarField;
    location    "6e-05";
    object      phi;
}
// * * * * * * * * * * * * * * * * * * * * * * * * * * * * * * * * * * * * * //

dimensions      [1 0 -1 0 0 0 0];

oriented        oriented;

internalField   nonuniform List<scalar> 
7275
(
7.4469e-11
3.46485e-11
2.45677e-10
8.3757e-11
7.23809e-10
2.45773e-10
2.06308e-09
7.22965e-10
5.7288e-09
2.08213e-09
1.5494e-08
5.85174e-09
4.07705e-08
1.6029e-08
1.0425e-07
4.27453e-08
2.58678e-07
1.10849e-07
6.21954e-07
2.79183e-07
1.44668e-06
6.81995e-07
3.24968e-06
1.61355e-06
7.03609e-06
3.69169e-06
1.46532e-05
8.15432e-06
2.9285e-05
1.73582e-05
5.60244e-05
3.55434e-05
0.000102313
6.98715e-05
0.000177828
0.000131594
0.0002932
0.000236957
0.000456968
0.000407111
0.000670671
0.000666101
0.000923104
0.00103621
0.00118616
0.0015308
0.00141581
0.00214667
0.00155903
0.00285932
0.00156484
0.00362139
0.00139896
0.0043663
0.00105679
0.00501748
0.000569433
0.00550106
0.00575888
1.04662e-10
7.95085e-11
3.44866e-10
1.92015e-10
1.01448e-09
5.6288e-10
2.88664e-09
1.65406e-09
8.00066e-09
4.7584e-09
2.15942e-08
1.33571e-08
5.66964e-08
3.65391e-08
1.44621e-07
9.73007e-08
3.57909e-07
2.51927e-07
8.58075e-07
6.33417e-07
1.98968e-06
1.54444e-06
4.45425e-06
3.64661e-06
9.60851e-06
8.32464e-06
1.99298e-05
1.83432e-05
3.96559e-05
3.8944e-05
7.55028e-05
7.95139e-05
0.00013717
0.000155818
0.000237074
0.000292463
0.000388517
0.000524683
0.0006016
0.00089787
0.000876887
0.00146286
0.00119833
0.00226558
0.0015287
0.00333173
0.00181184
0.00465102
0.00198193
0.00616829
0.00197752
0.00778133
0.00175913
0.00934977
0.00132388
0.0107148
0.000711688
0.0117252
0.0122628
1.73922e-10
1.46362e-10
5.72218e-10
3.5297e-10
1.68004e-09
1.03323e-09
4.7701e-09
3.03168e-09
1.31896e-08
8.70744e-09
3.55074e-08
2.43992e-08
9.29626e-08
6.66169e-08
2.36399e-07
1.77023e-07
5.83069e-07
4.57289e-07
1.39275e-06
1.14687e-06
3.21647e-06
2.78871e-06
7.16898e-06
6.56473e-06
1.53902e-05
1.49371e-05
3.17538e-05
3.27954e-05
6.28183e-05
6.93536e-05
0.000118847
0.000140994
0.000214422
0.000274998
0.000367792
0.000513511
0.000597792
0.000916116
0.000917455
0.00155828
0.00132464
0.00252251
0.00179228
0.00388022
0.00226324
0.00566631
0.00265583
0.00785503
0.00287789
0.0103481
0.00284721
0.0129742
0.00251475
0.0155066
0.00188234
0.0176955
0.00100852
0.0193072
0.0201622
3.01346e-10
2.49964e-10
9.89993e-10
6.01819e-10
2.90117e-09
1.75866e-09
8.21984e-09
5.15108e-09
2.26756e-08
1.47662e-08
6.08893e-08
4.12893e-08
1.58973e-07
1.12472e-07
4.03029e-07
2.98122e-07
9.90747e-07
7.67991e-07
2.35791e-06
1.92029e-06
5.42366e-06
4.65387e-06
1.20353e-05
1.09156e-05
2.57121e-05
2.47379e-05
5.27686e-05
5.40758e-05
0.000103781
0.000113806
0.000195078
0.000230141
0.000349461
0.000446267
0.000594748
0.000828026
0.000958427
0.00146695
0.00145729
0.00247641
0.00208308
0.00397623
0.00278881
0.00606386
0.00348357
0.00877634
0.00404437
0.0120584
0.0043383
0.01575
0.00425294
0.0195922
0.00372751
0.0232573
0.00277394
0.0263966
0.0014809
0.0286929
0.0299063
5.18785e-10
4.09053e-10
1.70187e-09
9.8306e-10
4.97814e-09
2.86739e-09
1.40753e-08
8.3822e-09
3.87403e-08
2.39779e-08
1.03767e-07
6.68923e-08
2.70179e-07
1.81754e-07
6.82903e-07
4.80426e-07
1.67322e-06
1.23385e-06
3.96772e-06
3.07481e-06
9.0902e-06
7.4245e-06
2.0083e-05
1.73436e-05
4.26976e-05
3.91305e-05
8.71597e-05
8.51175e-05
0.000170406
0.000178165
0.000318222
0.000358135
0.00056594
0.000689877
0.000955484
0.00127073
0.00152621
0.00223328
0.00229831
0.00373722
0.00325114
0.0059441
0.00430468
0.00897399
0.00531618
0.0128528
0.00610318
0.0174753
0.00647743
0.0225964
0.00628939
0.0278495
0.00546829
0.0327958
0.00404497
0.0369874
0.00215152
0.0400298
0.0416306
8.74212e-10
6.46573e-10
2.86369e-09
1.55093e-09
8.3611e-09
4.51487e-09
2.35911e-08
1.31713e-08
6.47824e-08
3.75937e-08
1.73085e-07
1.04621e-07
4.49415e-07
2.83507e-07
1.13249e-06
7.47181e-07
2.76549e-06
1.91274e-06
6.5337e-06
4.74963e-06
1.49082e-05
1.14235e-05
3.27889e-05
2.65698e-05
6.93654e-05
5.96593e-05
0.000140818
0.000129084
0.000273633
0.000268608
0.000507527
0.000536424
0.000895807
0.00102586
0.00149975
0.0018745
0.0023734
0.00326533
0.00353771
0.00541134
0.00494907
0.00851622
0.00647575
0.0127124
0.00790073
0.0179935
0.00896241
0.0241777
0.00940478
0.0309099
0.00903949
0.0377014
0.00779339
0.0440021
0.00572897
0.0492787
0.00303585
0.0530771
0.0550678
1.43523e-09
9.88622e-10
4.69454e-09
2.36675e-09
1.36809e-08
6.87585e-09
3.85194e-08
2.00167e-08
1.05529e-07
5.70005e-08
2.81228e-07
1.58229e-07
7.28147e-07
4.27583e-07
1.82916e-06
1.12344e-06
4.45143e-06
2.86625e-06
1.04771e-05
7.09085e-06
2.38059e-05
1.69843e-05
5.21156e-05
3.93236e-05
0.000109684
8.78506e-05
0.000221394
0.000189016
0.00042746
0.000390864
0.000787197
0.000775153
0.00137839
0.00147094
0.00228722
0.00266462
0.00358389
0.00459735
0.00528382
0.00753842
0.00730395
0.0117271
0.00943573
0.0172887
0.0113623
0.0241553
0.0127242
0.0320389
0.0131913
0.0404536
0.0125432
0.0487866
0.0107194
0.0563946
0.00782971
0.062689
0.00413368
0.0671854
0.0695357
2.2916e-09
1.46158e-09
7.48451e-09
3.49202e-09
2.17699e-08
1.0124e-08
6.11627e-08
2.94091e-08
1.67165e-07
8.35497e-08
4.44317e-07
2.31327e-07
1.14709e-06
6.23336e-07
2.87241e-06
1.63262e-06
6.96569e-06
4.15083e-06
1.63309e-05
1.02293e-05
3.69468e-05
2.43974e-05
8.04957e-05
5.62197e-05
0.000168508
0.000124936
0.000338102
0.000267232
0.000648443
0.000548989
0.00118523
0.00108077
0.00205794
0.0020341
0.00338272
0.00365104
0.00524475
0.00623492
0.00764225
0.0101078
0.010429
0.0155287
0.0132886
0.0225866
0.0157784
0.0311179
0.0174281
0.0407014
0.0178375
0.0507131
0.0167721
0.0604337
0.014206
0.0691682
0.0103119
0.0763191
0.00542572
0.0814027
0.0840634
3.5552e-09
2.08701e-09
1.15941e-08
4.97627e-09
3.36583e-08
1.43971e-08
9.43572e-08
4.17305e-08
2.57269e-07
1.18272e-07
6.81991e-07
3.26604e-07
1.75553e-06
8.7752e-07
4.38174e-06
2.29101e-06
1.05877e-05
5.80409e-06
2.47238e-05
1.42474e-05
5.56871e-05
3.38322e-05
0.000120726
7.75817e-05
0.000251333
0.000171474
0.000501172
0.000364548
0.000954525
0.00074382
0.00173107
0.00145316
0.00297927
0.00271151
0.00484861
0.00482011
0.00743387
0.00814258
0.0106976
0.0130419
0.0143993
0.0197714
0.0180797
0.0283475
0.0211493
0.0384781
0.023025
0.0495946
0.0232558
0.0609503
0.0216234
0.071768
0.0181607
0.0813624
0.0131106
0.0891765
0.00688068
0.0947414
0.0976819
5.35557e-09
2.87445e-09
1.74391e-08
6.84003e-09
5.05289e-08
1.97479e-08
1.41342e-07
5.71148e-08
3.84442e-07
1.61487e-07
1.01639e-06
4.44765e-07
2.60856e-06
1.19151e-06
6.48954e-06
3.10072e-06
1.56238e-05
7.82732e-06
3.63364e-05
1.91374e-05
8.1474e-05
4.52428e-05
0.000175742
0.000103234
0.000363801
0.00022691
0.000720836
0.000479409
0.00136308
0.000971357
0.00245202
0.00188277
0.0041815
0.00348201
0.00673479
0.00612794
0.0102052
0.0102356
0.0144938
0.0161885
0.0192282
0.0242014
0.0237725
0.0341816
0.0273812
0.0456888
0.0293735
0.058017
0.0292839
0.0703449
0.0269472
0.0819111
0.0224721
0.0921107
0.0161614
0.100464
0.00847431
0.106496
0.10976
7.82924e-09
3.81277e-09
2.54558e-08
9.05475e-09
7.36156e-08
2.60879e-08
2.05474e-07
7.52879e-08
5.57527e-07
2.12364e-07
1.47005e-06
5.83358e-07
3.76174e-06
1.55826e-06
9.32769e-06
4.04208e-06
2.23749e-05
1.01671e-05
5.18258e-05
2.47592e-05
0.000115677
5.82731e-05
0.000248249
0.000132306
0.00051096
0.000289187
0.00100589
0.000607155
0.00188824
0.00122149
0.00336864
0.00234869
0.0056907
0.00430442
0.00906779
0.00749787
0.0135745
0.0123795
0.0190176
0.0193265
0.0248525
0.0284812
0.0302433
0.0396162
0.0342954
0.0521456
0.0362667
0.0652666
0.0357272
0.0781619
0.0325998
0.0901791
0.0270655
0.100862
0.0194482
0.109818
0.0102178
0.11649
0.120265
1.11018e-08
4.8619e-09
3.60434e-08
1.15238e-08
1.04037e-07
3.31342e-08
2.89762e-07
9.54199e-08
7.84364e-07
2.68524e-07
2.06271e-06
7.3573e-07
5.26288e-06
1.95967e-06
1.30076e-05
5.06721e-06
3.10893e-05
1.27007e-05
7.17198e-05
3.08074e-05
0.000159357
7.21893e-05
0.000340253
0.000163094
0.00069632
0.000354507
0.00136193
0.000739643
0.00253784
0.00147753
0.00448977
0.00281827
0.00751254
0.0051182
0.0118412
0.00882382
0.0175086
0.0143998
0.0241907
0.0221891
0.0311339
0.0322335
0.037295
0.0441648
0.0416595
0.0572818
0.0434803
0.0707568
0.0424208
0.0838805
0.0385114
0.0962107
0.0319683
0.107492
0.0230568
0.117397
0.012192
0.12516
0.129859
1.52635e-08
5.94738e-09
4.9484e-08
1.40701e-08
1.42571e-07
4.03765e-08
3.9626e-07
1.16038e-07
1.07016e-06
3.25811e-07
2.80708e-06
8.90468e-07
7.14168e-06
2.36527e-06
1.75952e-05
6.09722e-06
4.19053e-05
1.52301e-05
9.62889e-05
3.68014e-05
0.000212999
8.58655e-05
0.000452515
0.000193059
0.000920842
0.000417368
0.00178956
0.000865475
0.00331048
0.00171693
0.00580822
0.00324921
0.00962685
0.00584824
0.0150102
0.00998054
0.0219227
0.0161017
0.0298733
0.024495
0.0378722
0.0350884
0.0446857
0.047391
0.0492306
0.0606446
0.0508283
0.0740932
0.0492903
0.0872505
0.0447469
0.0999804
0.0373659
0.112265
0.0272238
0.123801
0.0145833
0.133444
0.139817
2.03399e-08
6.96065e-09
6.5852e-08
1.64379e-08
1.89397e-07
4.70841e-08
5.25361e-07
1.35052e-07
1.41568e-06
3.78389e-07
3.70425e-06
1.03172e-06
9.39847e-06
2.73328e-06
2.30848e-05
7.02528e-06
5.47925e-05
1.7491e-05
0.000125421
4.21105e-05
0.000276255
9.78511e-05
0.000584071
0.000218996
0.00118206
0.000470983
0.00228299
0.000970924
0.00419349
0.0019133
0.00729821
0.00359348
0.0119851
0.00641237
0.0184907
0.0108367
0.0266835
0.0172909
0.0358742
0.0259824
0.0448298
0.0367297
0.0521647
0.0489623
0.0568001
0.0619424
0.0582085
0.0750915
0.0563911
0.0882548
0.0515364
0.101684
0.043631
0.115632
0.0323746
0.129814
0.0177247
0.142529
0.151855
2.62656e-08
7.76696e-09
8.49286e-08
1.83118e-08
2.43862e-07
5.23612e-08
6.75175e-07
1.49917e-07
1.81559e-06
4.19204e-07
4.73967e-06
1.1405e-06
1.19946e-05
3.01406e-06
2.9377e-05
7.72584e-06
6.95036e-05
1.91767e-05
0.000158523
4.60115e-05
0.000347751
0.000106506
0.00073187
0.000237339
0.00147352
0.00050795
0.00282915
0.00104136
0.00516181
0.00203927
0.00891451
0.00380283
0.0145108
0.00673108
0.022163
0.0112711
0.0316192
0.0177988
0.0419716
0.0264409
0.0517594
0.0369311
0.059505
0.048677
0.0642217
0.0610448
0.0656158
0.0737266
0.063904
0.0869833
0.0592618
0.101523
0.0513263
0.117943
0.0391628
0.136072
0.0221612
0.153552
0.168025
3.28621e-08
8.22103e-09
1.06134e-07
1.93534e-08
3.04291e-07
5.52532e-08
8.41037e-07
1.57938e-07
2.25728e-06
4.40838e-07
5.88019e-06
1.19696e-06
1.48457e-05
3.15624e-06
3.62636e-05
8.07023e-06
8.55426e-05
1.9976e-05
0.000194455
4.77803e-05
0.00042498
0.000110214
0.000890619
0.000244635
0.00178453
0.000521234
0.00340757
0.0010632
0.00617838
0.00207011
0.010594
0.0038352
0.017104
0.00673816
0.0258803
0.0111886
0.0365342
0.017503
0.0479335
0.0257353
0.0584279
0.0355725
0.0665205
0.0464619
0.0714104
0.057943
0.0731148
0.0700384
0.072081
0.0834707
0.0684011
0.0994704
0.0611819
0.11913
0.0485319
0.142722
0.0287602
0.167394
0.190885
3.98297e-08
8.19042e-09
1.28503e-07
1.9256e-08
3.67928e-07
5.48999e-08
1.01536e-06
1.56702e-07
2.7205e-06
4.36696e-07
7.07337e-06
1.18363e-06
1.78202e-05
3.11497e-06
4.34262e-05
7.94728e-06
0.000102166
1.96235e-05
0.000231551
4.68083e-05
0.000504346
0.000107639
0.00105292
0.000238086
0.0021006
0.000505279
0.00399135
0.00102605
0.00719614
0.00198763
0.0122597
0.00366114
0.0196476
0.00639026
0.0294802
0.0105327
0.0412242
0.016342
0.053536
0.0238166
0.064628
0.0326398
0.0730617
0.0423499
0.0783102
0.0526974
0.0807716
0.0640434
0.0811519
0.0775676
0.0794328
0.095077
0.0740817
0.118453
0.0618994
0.149066
0.03901
0.184543
0.224169
4.67589e-08
7.58223e-09
1.50723e-07
1.78064e-08
4.31047e-07
5.07083e-08
1.18798e-06
1.44562e-07
3.17828e-06
4.02326e-07
8.25001e-06
1.08885e-06
2.07463e-05
2.86079e-06
5.04531e-05
7.28529e-06
0.000118425
1.79516e-05
0.000267704
4.27207e-05
0.000581387
9.79818e-05
0.00120974
0.000216084
0.00240439
0.000457052
0.00454901
0.000924592
0.00816142
0.00178337
0.0138265
0.00326883
0.022017
0.00567395
0.0327962
0.00929399
0.0454908
0.0143215
0.0585736
0.0207222
0.0701779
0.0282135
0.0789932
0.0364544
0.08484
0.0454001
0.0885634
0.0556933
0.0911957
0.0688945
0.0927037
0.0874079
0.0909887
0.114304
0.0813065
0.153096
0.0549765
0.205265
0.27348
5.31641e-08
6.3674e-09
1.71243e-07
1.49403e-08
4.89263e-07
4.25074e-08
1.34695e-06
1.21065e-07
3.5992e-06
3.36575e-07
9.32993e-06
9.09826e-07
2.34265e-05
2.38729e-06
5.68744e-05
6.07051e-06
0.000133243
1.49336e-05
0.000300556
3.54725e-05
0.000651156
8.11877e-05
0.0013512
0.000178625
0.0026772
0.000376809
0.00504719
0.000759955
0.00901855
0.00146077
0.0152079
0.00266709
0.0240893
0.00460909
0.0356699
0.00751271
0.0491516
0.0115148
0.062863
0.0165702
0.0749102
0.022457
0.0841618
0.0289571
0.0908334
0.036177
0.0962816
0.044909
0.102006
0.0569099
0.108292
0.0750538
0.11305
0.103846
0.111224
0.149384
0.0841699
0.226766
0.351987
5.85369e-08
4.59618e-09
1.88442e-07
1.07775e-08
5.38009e-07
3.06436e-08
1.47991e-06
8.7216e-08
3.95079e-06
2.42286e-07
1.02307e-05
6.54392e-07
2.56583e-05
1.71543e-06
6.22116e-05
4.35746e-06
0.000145534
1.07067e-05
0.00032774
2.53982e-05
0.000708731
5.80424e-05
0.00146758
0.000127484
0.00290082
0.000268409
0.00545386
0.000540149
0.00971487
0.00103569
0.016324
0.00188565
0.0257529
0.00324837
0.0379606
0.0052762
0.052049
0.00805629
0.0662449
0.0115498
0.078665
0.0156079
0.0883758
0.0201141
0.0959962
0.0252331
0.103437
0.0317088
0.11284
0.041187
0.12524
0.0566985
0.138994
0.084492
0.146376
0.136472
0.113211
0.254302
0.459452
4.9618e-08
2.87339e-09
1.59675e-07
6.73559e-09
4.55673e-07
1.9145e-08
1.25279e-06
5.44705e-08
3.34255e-06
1.51261e-07
8.65009e-06
4.08365e-07
2.16787e-05
1.06997e-06
5.25208e-05
2.71642e-06
0.000122754
6.67042e-06
0.00027616
1.58124e-05
0.000596511
3.61078e-05
0.00123361
7.92368e-05
0.00243477
0.00016666
0.00456997
0.000335004
0.00812489
0.000641506
0.0136227
0.00116626
0.0214383
0.00200576
0.0315138
0.00325189
0.0430807
0.00495556
0.0546752
0.00709077
0.0648097
0.00956857
0.0728631
0.0123296
0.0795858
0.0155045
0.0869162
0.019607
0.0973064
0.0257436
0.113404
0.0358944
0.139853
0.0535939
0.187014
0.0848414
0.292285
0.144306
0.255414
0.491309
5.11663e-08
9.76189e-10
1.64627e-07
2.28808e-09
4.69693e-07
6.50289e-09
1.29098e-06
1.84996e-08
3.4434e-06
5.13649e-08
8.90803e-06
1.38648e-07
2.23167e-05
3.63207e-07
5.40433e-05
9.21885e-07
0.000126251
2.26316e-06
0.000283876
5.36322e-06
0.000612803
1.22425e-05
0.00126642
2.68544e-05
0.00249757
5.64559e-05
0.00468366
0.000113419
0.0083185
0.000217051
0.013931
0.000394311
0.0218947
0.000677587
0.0321373
0.00109755
0.0438634
0.00167089
0.0555861
0.00238852
0.065832
0.00322091
0.0740539
0.00415024
0.0811489
0.0052257
0.0892778
0.00663037
0.101224
0.00875351
0.120156
0.0122861
0.150866
0.0184451
0.201789
0.0294193
0.294643
0.0466693
0.0786068
0.466332
5.16923e-08
-9.81043e-10
1.66309e-07
-2.29904e-09
4.74455e-07
-6.53276e-09
1.30395e-06
-1.85811e-08
3.47764e-06
-5.15825e-08
8.99559e-06
-1.39214e-07
2.25332e-05
-3.64634e-07
5.45598e-05
-9.25381e-07
0.000127438
-2.27146e-06
0.000286492
-5.38228e-06
0.000618323
-1.22848e-05
0.00127754
-2.69446e-05
0.00251882
-5.66411e-05
0.0047221
-0.000113784
0.0083839
-0.000217737
0.0140351
-0.000395542
0.0220485
-0.000679687
0.0323473
-0.00110095
0.0441266
-0.00167611
0.0558924
-0.00239612
0.0661766
-0.00323144
0.0744585
-0.00416422
0.0816863
-0.00524386
0.0900993
-0.00665395
0.102598
-0.0087846
0.122545
-0.012327
0.155051
-0.0184949
0.209446
-0.0294708
0.298042
-0.0466728
-0.0784371
0.449962
5.11639e-08
-2.87769e-09
1.6462e-07
-6.74533e-09
4.69673e-07
-1.91716e-08
1.29093e-06
-5.45434e-08
3.44326e-06
-1.51456e-07
8.9077e-06
-4.08874e-07
2.23159e-05
-1.07127e-06
5.40415e-05
-2.71959e-06
0.000126247
-6.67799e-06
0.000283868
-1.58299e-05
0.000612785
-3.61467e-05
0.00126639
-7.93202e-05
0.0024975
-0.000166832
0.00468354
-0.000335344
0.0083183
-0.000642149
0.0139307
-0.00116742
0.0218942
-0.00200775
0.0321367
-0.00325513
0.0438625
-0.00496055
0.055585
-0.00709807
0.0658307
-0.0095787
0.0740524
-0.0123431
0.0811469
-0.015522
0.0892751
-0.0196299
0.10122
-0.0257741
0.120153
-0.0359362
0.150865
-0.0536449
0.201794
-0.0848988
0.294658
-0.14432
-0.255228
0.466333
4.96134e-08
-4.59928e-09
1.59661e-07
-1.07845e-08
4.55635e-07
-3.06631e-08
1.25268e-06
-8.72699e-08
3.34229e-06
-2.42433e-07
8.64945e-06
-6.54778e-07
2.16772e-05
-1.71642e-06
5.25173e-05
-4.35993e-06
0.000122746
-1.07127e-05
0.000276143
-2.54122e-05
0.000596476
-5.8074e-05
0.00123354
-0.000127553
0.00243464
-0.000268553
0.00456974
-0.000540437
0.0081245
-0.00103624
0.013622
-0.00188666
0.0214374
-0.00325013
0.0315124
-0.0052791
0.043079
-0.00806081
0.054673
-0.0115565
0.0648072
-0.0156173
0.0728601
-0.0201266
0.0795819
-0.0252494
0.086911
-0.0317302
0.0973
-0.0412164
0.1134
-0.0567428
0.139869
-0.0845628
0.18708
-0.136579
0.292331
-0.254295
0.49122
-0.459132
0.475046
0.0127581
0.467978
0.00318075
0.462315
0.00135214
0.456903
0.000600604
0.451225
0.00027157
0.444986
0.000121168
0.437964
5.23067e-05
0.429969
2.20839e-05
0.420849
9.34111e-06
0.410513
4.10531e-06
0.398965
1.99575e-06
0.386335
1.15019e-06
0.372887
8.09397e-07
0.359006
6.64174e-07
0.34516
5.89245e-07
0.331836
5.33641e-07
0.319483
4.78893e-07
0.308462
4.18962e-07
0.299007
3.62692e-07
0.291227
3.15438e-07
0.285112
2.5961e-07
0.280572
2.1002e-07
0.277475
1.47875e-07
0.275687
1.12521e-07
7.52324e-08
0.469707
0.00580568
0.465552
0.00337952
0.461079
0.00145894
0.456285
0.000553957
0.450939
0.000199966
0.444864
7.46565e-05
0.437916
2.94075e-05
0.429953
1.19582e-05
0.420846
5.05113e-06
0.410515
2.29524e-06
0.39897
1.18867e-06
0.386341
7.30701e-07
0.372893
5.28358e-07
0.359013
4.24072e-07
0.345166
3.56457e-07
0.331842
2.99092e-07
0.31949
2.44104e-07
0.308468
1.90847e-07
0.299014
1.45007e-07
0.291234
1.09263e-07
0.285119
7.58801e-08
0.28058
5.11763e-08
0.277483
2.72681e-08
0.275695
2.09753e-08
1.84481e-08
0.458053
-0.0057732
0.460915
-0.00335596
0.459513
-0.00144524
0.455799
-0.000546201
0.450783
-0.00019557
0.444809
-7.20101e-05
0.437895
-2.77499e-05
0.429944
-1.0836e-05
0.420842
-4.20296e-06
0.410514
-1.58611e-06
0.398969
-5.6096e-07
0.38634
-1.70488e-07
0.372893
-3.98455e-08
0.359012
-1.39871e-08
0.345166
-2.41483e-08
0.331842
-4.99278e-08
0.31949
-7.88555e-08
0.308468
-1.01816e-07
0.299014
-1.18707e-07
0.291234
-1.30459e-07
0.285119
-1.29064e-07
0.28058
-1.20156e-07
0.277483
-9.92474e-08
0.275695
-8.04129e-08
-5.14781e-08
0.469704
-0.0127227
0.465549
-0.00315619
0.461077
-0.00133874
0.456282
-0.000593384
0.450937
-0.000267726
0.444863
-0.000119124
0.437915
-5.11361e-05
0.429952
-2.13118e-05
0.420846
-8.7507e-06
0.410515
-3.5982e-06
0.39897
-1.53152e-06
0.386341
-7.19693e-07
0.372893
-4.1611e-07
0.359012
-3.16632e-07
0.345166
-2.92557e-07
0.331842
-2.93667e-07
0.31949
-2.97972e-07
0.308468
-2.93352e-07
0.299014
-2.86535e-07
0.291234
-2.79666e-07
0.285119
-2.54449e-07
0.28058
-2.24303e-07
0.277483
-1.73316e-07
0.275695
-1.38943e-07
-9.56309e-08
0.474992
0.46795
0.4623
0.456895
0.451221
0.444984
0.437963
0.429968
0.420848
0.410513
0.398965
0.386335
0.372887
0.359006
0.34516
0.331835
0.319483
0.308461
0.299007
0.291227
0.285112
0.280572
0.277475
0.275687
5.91244e-08
-6.38552e-09
1.90335e-07
-1.49828e-08
5.43417e-07
-4.26286e-08
1.4948e-06
-1.21411e-07
3.99057e-06
-3.3754e-07
1.03338e-05
-9.12443e-07
2.59171e-05
-2.39418e-06
6.28397e-05
-6.08811e-06
0.000147004
-1.49771e-05
0.000331055
-3.55765e-05
0.000715908
-8.14273e-05
0.00148246
-0.000179156
0.00293026
-0.000377939
0.0055093
-0.000762258
0.00981378
-0.00146525
0.0164904
-0.00267537
0.026016
-0.00462362
0.0383491
-0.00753679
0.0525829
-0.0115523
0.0669256
-0.0166252
0.079474
-0.0225327
0.0892837
-0.0290553
0.0969773
-0.0362981
0.104481
-0.0450523
0.11395
-0.0570728
0.126416
-0.0752261
0.140182
-0.103989
0.1474
-0.149385
0.113858
-0.22644
-0.351075
5.3622e-08
-7.6027e-09
1.72721e-07
-1.78548e-08
4.93494e-07
-5.08475e-08
1.35863e-06
-1.44962e-07
3.63049e-06
-4.03451e-07
9.41125e-06
-1.09193e-06
2.36313e-05
-2.86898e-06
5.73732e-05
-7.30642e-06
0.000134416
-1.80045e-05
0.000303211
-4.28485e-05
0.000656934
-9.828e-05
0.00136325
-0.000216755
0.00270119
-0.000458501
0.0050927
-0.000927597
0.0091004
-0.00178932
0.015347
-0.00328007
0.0243114
-0.00569409
0.0360018
-0.00932815
0.0496134
-0.0143761
0.0634594
-0.0208041
0.0756257
-0.0283286
0.0849656
-0.0366054
0.0916901
-0.0455854
0.0971602
-0.0559056
0.102882
-0.0691184
0.109135
-0.0876128
0.11381
-0.114426
0.111841
-0.153014
0.0845593
-0.204769
-0.272237
4.70631e-08
-8.20023e-09
1.51708e-07
-1.92799e-08
4.33878e-07
-5.49704e-08
1.19583e-06
-1.5691e-07
3.19942e-06
-4.37299e-07
8.30524e-06
-1.18533e-06
2.08863e-05
-3.11964e-06
5.07963e-05
-7.95974e-06
0.000119237
-1.96558e-05
0.000269559
-4.68893e-05
0.00058546
-0.000107835
0.00121832
-0.000238546
0.00242167
-0.000506318
0.00458219
-0.0010283
0.00822196
-0.0019923
0.013931
-0.0036704
0.0221869
-0.00640772
0.0330552
-0.0105638
0.0458589
-0.0163944
0.0590594
-0.0238992
0.0707717
-0.0327611
0.0796672
-0.0425145
0.0855539
-0.0529025
0.0892725
-0.0642752
0.0918559
-0.0777968
0.0932698
-0.0952542
0.0914097
-0.118498
0.0815312
-0.148852
0.0550167
-0.183924
-0.222947
3.99781e-08
-8.21017e-09
1.28987e-07
-1.93291e-08
3.69335e-07
-5.51876e-08
1.01931e-06
-1.57761e-07
2.73125e-06
-4.4038e-07
7.10182e-06
-1.19582e-06
1.78933e-05
-3.15353e-06
4.36082e-05
-8.06414e-06
0.000102604
-1.99632e-05
0.000232569
-4.7756e-05
0.000506626
-0.000110175
0.00105782
-0.000244587
0.00211071
-0.000521227
0.00401127
-0.00106341
0.00723349
-0.00207101
0.0123262
-0.00383791
0.0197592
-0.00674498
0.0296564
-0.0112038
0.0414843
-0.0175336
0.0538926
-0.025791
0.0650792
-0.0356641
0.0735869
-0.0465974
0.0788714
-0.0581212
0.0813193
-0.070243
0.0816338
-0.0836644
0.0798019
-0.0995922
0.0743024
-0.119094
0.0619619
-0.142419
0.0389646
-0.166736
-0.189776
3.28716e-08
-7.7305e-09
1.06171e-07
-1.82275e-08
3.04421e-07
-5.21251e-08
8.41467e-07
-1.49255e-07
2.25865e-06
-4.174e-07
5.88435e-06
-1.13572e-06
1.48579e-05
-3.00183e-06
3.6298e-05
-7.69561e-06
8.56356e-05
-1.91047e-05
0.000194697
-4.5847e-05
0.000425583
-0.000106147
0.000892059
-0.000236592
0.00178781
-0.00050648
0.00341471
-0.00103865
0.0061931
-0.00203462
0.0106228
-0.00379558
0.0171568
-0.00672109
0.0259714
-0.0112598
0.0366803
-0.0177905
0.0481507
-0.0264441
0.0587227
-0.0369581
0.0668832
-0.0487397
0.0718118
-0.0611472
0.0735092
-0.073856
0.0724163
-0.087103
0.0686326
-0.101571
0.0612861
-0.117836
0.04852
-0.135721
0.0286892
-0.152907
-0.16706
2.61661e-08
-6.89919e-09
8.46137e-08
-1.62947e-08
2.42982e-07
-4.66796e-08
6.72815e-07
-1.33908e-07
1.80947e-06
-3.75238e-07
4.72434e-06
-1.02329e-06
1.19576e-05
-2.71139e-06
2.92913e-05
-6.97031e-06
6.93136e-05
-1.73578e-05
0.000158122
-4.17994e-05
0.000346953
-9.71533e-05
0.000730381
-0.000217497
0.00147095
-0.000467915
0.00282517
-0.000964957
0.00515653
-0.00190235
0.00890927
-0.00357461
0.0145096
-0.00638216
0.0221737
-0.0107923
0.0316548
-0.017232
0.042049
-0.0259139
0.0518929
-0.036663
0.0596972
-0.0489124
0.064457
-0.0619204
0.0658595
-0.0750942
0.064111
-0.0882547
0.0593921
-0.101627
0.0513623
-0.115446
0.0391216
-0.129429
0.0220936
-0.141914
-0.151019
2.01674e-08
-5.8661e-09
6.53e-08
-1.38798e-08
1.87833e-07
-3.98365e-08
5.21096e-07
-1.14504e-07
1.4044e-06
-3.21559e-07
3.67538e-06
-8.79011e-07
9.32699e-06
-2.33532e-06
2.2914e-05
-6.0214e-06
5.43998e-05
-1.50445e-05
0.000124555
-3.63634e-05
0.000274426
-8.48705e-05
0.000580394
-0.00019089
0.00117506
-0.000412844
0.00227041
-0.000856482
0.00417237
-0.00169996
0.0072654
-0.00321897
0.0119386
-0.00579765
0.0184322
-0.00990163
0.0266205
-0.0159879
0.035822
-0.0243451
0.0448075
-0.0349095
0.0521863
-0.0471987
0.0568656
-0.0604561
0.058299
-0.0739173
0.0564741
-0.0870755
0.0515789
-0.0997689
0.0436176
-0.111962
0.0323189
-0.123352
0.0176655
-0.132828
-0.139055
1.50532e-08
-4.76876e-09
4.88082e-08
-1.1305e-08
1.40645e-07
-3.25108e-08
3.90974e-07
-9.36422e-08
1.05609e-06
-2.63575e-07
2.77072e-06
-7.22328e-07
7.0508e-06
-1.92444e-06
1.73757e-05
-4.97748e-06
4.1394e-05
-1.24796e-05
9.51437e-05
-3.02811e-05
0.000210539
-7.09827e-05
0.000447464
-0.000160435
0.000910966
-0.000348891
0.00177126
-0.000728314
0.00327848
-0.00145577
0.00575579
-0.00277866
0.00954702
-0.00505016
0.0148984
-0.00871416
0.0217803
-0.0142349
0.0297113
-0.0219593
0.0377112
-0.0319387
0.0445477
-0.0438165
0.0491298
-0.0569
0.0507637
-0.0703604
0.0492453
-0.0834753
0.0446991
-0.0957811
0.0373018
-0.107005
0.027151
-0.116814
0.0145276
-0.124466
-0.129072
1.08839e-08
-3.7165e-09
3.53407e-08
-8.82788e-09
1.02027e-07
-2.54395e-08
2.8422e-07
-7.34322e-08
7.69528e-07
-2.07178e-07
2.02418e-06
-5.69256e-07
5.16593e-06
-1.52102e-06
1.27717e-05
-3.9467e-06
3.05354e-05
-9.93064e-06
7.04674e-05
-2.41925e-05
0.000156638
-5.69635e-05
0.000334597
-0.000129394
0.000685094
-0.000282974
0.00134074
-0.000594466
0.00249998
-0.00119677
0.00442608
-0.00230293
0.00741226
-0.00422423
0.0116944
-0.00736543
0.0173106
-0.0121743
0.0239468
-0.01903
0.0308618
-0.028083
0.0370207
-0.0391196
0.0414079
-0.0515675
0.0432663
-0.0646309
0.0422452
-0.0774886
0.0383651
-0.089474
0.031843
-0.100114
0.0229557
-0.109008
0.0121302
-0.115611
-0.11933
7.62555e-09
-2.7828e-09
2.47975e-08
-6.6234e-09
7.1726e-08
-1.91268e-08
2.00244e-07
-5.53319e-08
5.43471e-07
-1.56486e-07
1.43338e-06
-4.31115e-07
3.66899e-06
-1.1553e-06
9.1007e-06
-3.00754e-06
2.18383e-05
-7.59498e-06
5.06035e-05
-1.85772e-05
0.000113
-4.39391e-05
0.000242626
-0.000100312
0.000499669
-0.000220617
0.000984291
-0.000466421
0.00184903
-0.000945743
0.00330141
-0.00183466
0.00558234
-0.00339625
0.00890461
-0.00598342
0.0133464
-0.0100063
0.0187234
-0.0158472
0.024505
-0.0237269
0.0298676
-0.0335657
0.0339218
-0.0449396
0.0359223
-0.0571566
0.0354287
-0.0694005
0.0323525
-0.0809049
0.0268697
-0.0910529
0.0193075
-0.0993556
0.0101411
-0.105339
-0.108567
5.17944e-09
-2.0056e-09
1.68685e-08
-4.78332e-09
4.88865e-08
-1.38423e-08
1.36782e-07
-4.01331e-08
3.7214e-07
-1.13777e-07
9.84155e-07
-3.14289e-07
2.52667e-06
-8.44719e-07
6.28809e-06
-2.2062e-06
1.51449e-05
-5.59156e-06
3.52381e-05
-1.3732e-05
7.90504e-05
-3.2625e-05
0.000170607
-7.48557e-05
0.000353391
-0.000165553
0.000700694
-0.000352211
0.00132603
-0.000719219
0.00238748
-0.00140635
0.00407552
-0.00262682
0.00657157
-0.00467486
0.00997075
-0.00790729
0.0141813
-0.0126832
0.0188438
-0.0192579
0.0233372
-0.0276585
0.0269258
-0.0376097
0.0289319
-0.0485604
0.0288847
-0.0597769
0.0266095
-0.0704861
0.0222067
-0.0799978
0.0159764
-0.0877479
0.00837775
-0.0932646
-0.0961757
3.41226e-09
-1.39355e-09
1.113e-08
-3.33036e-09
3.2319e-08
-9.658e-09
9.0627e-08
-2.80633e-08
2.47171e-07
-7.97507e-08
6.55435e-07
-2.20883e-07
1.68777e-06
-5.95411e-07
4.21426e-06
-1.56011e-06
1.01874e-05
-3.96824e-06
2.38004e-05
-9.78414e-06
5.36353e-05
-2.33482e-05
0.000116347
-5.38345e-05
0.000242374
-0.000119716
0.00048366
-0.000256257
0.000921933
-0.000526883
0.00167351
-0.00103823
0.00288323
-0.00195607
0.00469789
-0.00351514
0.00721241
-0.00601076
0.0103944
-0.00975878
0.0140144
-0.0150169
0.0176276
-0.0218807
0.0206577
-0.0302009
0.0225292
-0.0395748
0.0227913
-0.0493962
0.0212199
-0.0589578
0.0178396
-0.0675676
0.0128869
-0.0746261
0.00676522
-0.0796467
-0.0822739
2.18172e-09
-9.3486e-10
7.1271e-09
-2.23869e-09
2.07357e-08
-6.50571e-09
5.82737e-08
-1.89449e-08
1.59319e-07
-5.3966e-08
4.23609e-07
-1.49859e-07
1.09404e-06
-4.05125e-07
2.7407e-06
-1.06489e-06
6.6493e-06
-2.71815e-06
1.55969e-05
-6.72796e-06
3.53057e-05
-1.61243e-05
7.69674e-05
-3.73561e-05
0.000161232
-8.35139e-05
0.000323748
-0.000179825
0.000621442
-0.000372183
0.00113696
-0.000738823
0.00197625
-0.00140352
0.00325235
-0.00254558
0.00504943
-0.00439792
0.00736872
-0.00722226
0.0100724
-0.0112538
0.0128571
-0.0166207
0.0152938
-0.0232657
0.016923
-0.0309173
0.0173494
-0.039109
0.0163368
-0.0472441
0.0138532
-0.05469
0.0100638
-0.060862
0.00529743
-0.0652763
-0.0675847
1.35465e-09
-6.06323e-10
4.43192e-09
-1.45483e-09
1.2919e-08
-4.23647e-09
3.63853e-08
-1.23632e-08
9.97154e-08
-3.52995e-08
2.65829e-07
-9.82746e-08
6.88545e-07
-2.66421e-07
1.73042e-06
-7.02472e-07
4.2131e-06
-1.79919e-06
9.92122e-06
-4.47015e-06
2.25556e-05
-1.07579e-05
4.94094e-05
-2.50384e-05
0.00010406
-5.62626e-05
0.000210204
-0.000121835
0.000406203
-0.000253755
0.000748765
-0.000507276
0.00131249
-0.000971217
0.00218047
-0.00177688
0.00342116
-0.00309962
0.00505131
-0.00514468
0.00699377
-0.00811029
0.00905058
-0.0121286
0.0109177
-0.0172004
0.0122476
-0.0231571
0.012718
-0.0296614
0.0121107
-0.0362423
0.010362
-0.0423639
0.00757508
-0.0475017
0.00400122
-0.051206
-0.0531488
8.1736e-10
-3.80665e-10
2.67804e-09
-9.15153e-10
7.82121e-09
-2.67025e-09
2.20745e-08
-7.80878e-09
6.06379e-08
-2.23463e-08
1.6207e-07
-6.23673e-08
4.2098e-07
-1.69538e-07
1.06129e-06
-4.48364e-07
2.59283e-06
-1.15215e-06
6.12889e-06
-2.87296e-06
1.39923e-05
-6.94176e-06
3.07935e-05
-1.62279e-05
6.5188e-05
-3.66431e-05
0.000132437
-7.97786e-05
0.000257559
-0.000167156
0.000478151
-0.000336376
0.000844815
-0.000648759
0.00141597
-0.00119662
0.00224361
-0.0021062
0.00334883
-0.00353041
0.0046918
-0.00562537
0.0061488
-0.00850942
0.00751397
-0.0122126
0.00853719
-0.0166397
0.00897196
-0.0215601
0.00863496
-0.0266233
0.00745278
-0.0314047
0.005483
-0.0354666
0.0029069
-0.0384203
-0.0399761
4.7958e-10
-2.31623e-10
1.57358e-09
-5.57893e-10
4.60408e-09
-1.63099e-09
1.30214e-08
-4.77925e-09
3.58508e-08
-1.37068e-08
9.60597e-08
-3.83467e-08
2.50202e-07
-1.04515e-07
6.32658e-07
-2.77201e-07
1.55077e-06
-7.14576e-07
3.67907e-06
-1.78804e-06
8.43315e-06
-4.33686e-06
1.86416e-05
-1.01811e-05
3.96572e-05
-2.30957e-05
8.10069e-05
-5.05406e-05
0.000158491
-0.000106493
0.000296209
-0.000215635
0.000527253
-0.000418749
0.000891025
-0.000778222
0.00142475
-0.00138118
0.00214797
-0.00233618
0.00304219
-0.00375911
0.00403319
-0.00574595
0.00498738
-0.00833646
0.00573295
-0.0114824
0.00609168
-0.0150343
0.00592102
-0.0187447
0.00515243
-0.0222965
0.00381373
-0.0253479
0.00202929
-0.0275849
-0.0287687
2.73829e-10
-1.36746e-10
8.99735e-10
-3.2997e-10
2.63719e-09
-9.66472e-10
7.47352e-09
-2.83754e-09
2.06216e-08
-8.1552e-09
5.53874e-08
-2.28681e-08
1.44646e-07
-6.24854e-08
3.66812e-07
-1.66186e-07
9.01987e-07
-4.29695e-07
2.14736e-06
-1.07877e-06
4.94107e-06
-2.62606e-06
1.09685e-05
-6.18946e-06
2.34425e-05
-1.41023e-05
4.81317e-05
-3.10088e-05
9.47055e-05
-6.56834e-05
0.000178109
-0.000133775
0.000319237
-0.000261443
0.000543627
-0.000489283
0.00087659
-0.000875026
0.00133373
-0.00149238
0.00190776
-0.00242287
0.00255586
-0.00373864
0.00319473
-0.0054776
0.00371136
-0.00761904
0.0039833
-0.0100705
0.00390676
-0.0126657
0.00342536
-0.0151799
0.00254974
-0.0173618
0.00136141
-0.0189735
-0.0198301
1.52259e-10
-7.84168e-11
5.00963e-10
-1.89554e-10
1.47088e-09
-5.56199e-10
4.17639e-09
-1.63604e-09
1.15483e-08
-4.71159e-09
3.10894e-08
-1.3241e-08
8.1397e-08
-3.62677e-08
2.06989e-07
-9.67119e-08
5.10532e-07
-2.50783e-07
1.21947e-06
-6.31586e-07
2.81623e-06
-1.54278e-06
6.27668e-06
-3.64994e-06
1.34739e-05
-8.3505e-06
2.77981e-05
-1.84444e-05
5.49876e-05
-3.92627e-05
0.000104019
-8.03983e-05
0.000187642
-0.000158057
0.000321795
-0.000297711
0.000522908
-0.000536165
0.000802297
-0.000921393
0.00115797
-0.00150805
0.00156613
-0.00234698
0.00197673
-0.00346913
0.00231842
-0.00486813
0.0025109
-0.00648927
0.00248281
-0.00822561
0.00219182
-0.00992572
0.00163997
-0.0114143
0.000878438
-0.0125213
-0.0131121
8.25076e-11
-4.37241e-11
2.71818e-10
-1.05869e-10
7.99406e-10
-3.11185e-10
2.27402e-09
-9.16984e-10
6.30075e-09
-2.64591e-09
1.70001e-08
-7.45154e-09
4.46169e-08
-2.0457e-08
1.13759e-07
-5.4688e-08
2.81395e-07
-1.42199e-07
6.74269e-07
-3.59192e-07
1.56253e-06
-8.80257e-07
3.49566e-06
-2.08993e-06
7.53505e-06
-4.79998e-06
1.56161e-05
-1.06469e-05
3.10439e-05
-2.27687e-05
5.9045e-05
-4.68581e-05
0.000107148
-9.2624e-05
0.00018495
-0.000175502
0.00030267
-0.000318108
0.000467946
-0.000550449
0.000680927
-0.000907565
0.00092886
-0.00142339
0.00118269
-0.00212072
0.00139908
-0.0029996
0.0015276
-0.004029
0.00152161
-0.00514289
0.00135158
-0.00624373
0.00101601
-0.00721521
0.000545798
-0.00794194
-0.00833119
4.36026e-11
-2.37281e-11
1.43828e-10
-5.75468e-11
4.23663e-10
-1.69427e-10
1.20731e-09
-5.00112e-10
3.35165e-09
-1.44571e-09
9.06226e-09
-4.07967e-09
2.38389e-08
-1.12246e-08
6.09348e-08
-3.00783e-08
1.51141e-07
-7.84121e-08
3.63243e-07
-1.98626e-07
8.44516e-07
-4.88257e-07
1.89605e-06
-1.1631e-06
4.1029e-06
-2.68101e-06
8.53919e-06
-5.97031e-06
1.7054e-05
-1.28225e-05
3.26003e-05
-2.65117e-05
5.9485e-05
-5.26705e-05
0.000103294
-0.000100345
0.000170136
-0.000182952
0.000264875
-0.000318574
0.000388288
-0.000528766
0.000533774
-0.000835087
0.00068501
-0.00125312
0.000816608
-0.00178506
0.000898137
-0.00241401
0.000900502
-0.00310074
0.000804307
-0.00378496
0.000607156
-0.00439295
0.000327012
-0.00485015
-0.00509583
2.2489e-11
-1.25446e-11
7.427e-11
-3.04706e-11
2.19102e-10
-8.98523e-11
6.25428e-10
-2.65655e-10
1.73949e-09
-7.69299e-10
4.71275e-09
-2.17503e-09
1.24244e-08
-5.99669e-09
3.18339e-08
-1.61054e-08
7.91651e-08
-4.20884e-08
1.90797e-07
-1.06897e-07
4.44953e-07
-2.63531e-07
1.00232e-06
-6.29736e-07
2.17683e-06
-1.4565e-06
4.54846e-06
-3.25541e-06
9.12303e-06
-7.01955e-06
1.75212e-05
-1.45763e-05
3.2133e-05
-2.90936e-05
5.61046e-05
-5.57058e-05
9.29583e-05
-0.000102112
0.000145639
-0.000178826
0.000214929
-0.00029861
0.000297522
-0.000474571
0.00038453
-0.000716713
0.00046158
-0.00102747
0.000510982
-0.00139797
0.000515341
-0.00180571
0.000462568
-0.00221487
0.000350495
-0.00258065
0.000189217
-0.00285698
-0.00300589
1.13282e-11
-6.4667e-12
3.74534e-11
-1.57305e-11
1.10649e-10
-4.64564e-11
3.16358e-10
-1.37564e-10
8.81425e-10
-3.99028e-10
2.39259e-09
-1.13021e-09
6.32078e-09
-3.12215e-09
1.62317e-08
-8.40304e-09
4.04642e-08
-2.20104e-08
9.77829e-08
-5.60424e-08
2.28695e-07
-1.38533e-07
5.16782e-07
-3.32011e-07
1.12616e-06
-7.70336e-07
2.36177e-06
-1.72767e-06
4.75605e-06
-3.73912e-06
9.17376e-06
-7.79539e-06
1.69029e-05
-1.56261e-05
2.96617e-05
-3.00574e-05
4.94116e-05
-5.53679e-05
7.786e-05
-9.74708e-05
0.0001156
-0.000163653
0.00016103
-0.000261565
0.000209448
-0.000397309
0.000252979
-0.000572838
0.000281692
-0.000783654
0.000285587
-0.00101728
0.000257474
-0.00125319
0.000195746
-0.00146521
0.000105896
-0.00162603
-0.00171292
5.57659e-12
-3.25315e-12
1.84577e-11
-7.92455e-12
5.46041e-11
-2.34369e-11
1.56357e-10
-6.95021e-11
4.36363e-10
-2.0192e-10
1.18663e-09
-5.72894e-10
3.14102e-09
-1.58552e-09
8.08329e-09
-4.27587e-09
2.01974e-08
-1.12242e-08
4.89297e-08
-2.86459e-08
1.14747e-07
-7.09906e-08
2.60054e-07
-1.70603e-07
5.685e-07
-3.97006e-07
1.19635e-06
-8.93222e-07
2.41809e-06
-1.9398e-06
4.68284e-06
-4.05905e-06
8.66546e-06
-8.16868e-06
1.52767e-05
-1.57792e-05
2.55743e-05
-2.91972e-05
4.05095e-05
-5.16437e-05
6.04757e-05
-8.71403e-05
8.47199e-05
-0.00013999
0.000110824
-0.000213747
0.000134603
-0.000309762
0.000150665
-0.000425832
0.000153464
-0.00055525
0.000138902
-0.000686662
0.000105917
-0.000805316
5.74066e-05
-0.000895637
-0.000944539
2.6848e-12
-1.59842e-12
8.89504e-12
-3.89846e-12
2.63491e-11
-1.15466e-11
7.55587e-11
-3.42887e-11
2.11202e-10
-9.97649e-11
5.7532e-10
-2.83512e-10
1.5257e-09
-7.86005e-10
3.9342e-09
-2.12371e-09
9.85157e-09
-5.58612e-09
2.39222e-08
-1.4288e-08
5.62431e-08
-3.54926e-08
1.27814e-07
-8.55133e-08
2.80239e-07
-1.99543e-07
5.91615e-07
-4.50282e-07
1.1999e-06
-9.80981e-07
2.33229e-06
-2.05971e-06
4.33295e-06
-4.16019e-06
7.67112e-06
-8.06731e-06
1.28999e-05
-1.49888e-05
2.05307e-05
-2.66266e-05
3.08023e-05
-4.51306e-05
4.33714e-05
-7.28382e-05
5.70272e-05
-0.000111735
6.96096e-05
-0.000162674
7.82809e-05
-0.000224609
8.00695e-05
-0.000294042
7.27269e-05
-0.00036489
5.56041e-05
-0.000429123
3.01875e-05
-0.00047817
-0.000504778
1.26503e-12
-7.67375e-13
4.19477e-12
-1.87436e-12
1.24409e-11
-5.55906e-12
3.57242e-11
-1.65309e-11
1.00005e-10
-4.81657e-11
2.72855e-10
-1.37085e-10
7.24849e-10
-3.80674e-10
1.87264e-09
-1.03036e-09
4.69881e-09
-2.71541e-09
1.1435e-08
-6.95967e-09
2.69485e-08
-1.73268e-08
6.13979e-08
-4.18454e-08
1.34989e-07
-9.78955e-08
2.85819e-07
-2.21514e-07
5.81535e-07
-4.84011e-07
1.13421e-06
-1.01945e-06
2.11483e-06
-2.06598e-06
3.75867e-06
-4.02054e-06
6.3467e-06
-7.49808e-06
1.01448e-05
-1.33723e-05
1.52888e-05
-2.27581e-05
2.16269e-05
-3.68843e-05
2.85681e-05
-5.68203e-05
3.5028e-05
-8.30673e-05
3.95568e-05
-0.000115145
4.06124e-05
-0.000151279
3.7004e-05
-0.000188309
2.83591e-05
-0.000222003
1.5419e-05
-0.000247803
-0.000261823
5.83197e-13
-3.60151e-13
1.93692e-12
-8.81506e-13
5.75098e-12
-2.61771e-12
1.65356e-11
-7.79412e-12
4.63543e-11
-2.27394e-11
1.26666e-10
-6.48115e-11
3.37044e-10
-1.80254e-10
8.72289e-10
-4.88698e-10
2.19292e-09
-1.29021e-09
5.34767e-09
-3.31321e-09
1.26306e-08
-8.26562e-09
2.88454e-08
-2.00064e-08
6.35814e-08
-4.69156e-08
1.34995e-07
-1.0643e-07
2.75472e-07
-2.33183e-07
5.38962e-07
-4.92568e-07
1.00831e-06
-1.0013e-06
1.79845e-06
-1.95496e-06
3.04818e-06
-3.65843e-06
4.89151e-06
-6.54799e-06
7.40192e-06
-1.11853e-05
1.05141e-05
-1.81969e-05
1.39467e-05
-2.81392e-05
1.71694e-05
-4.12914e-05
1.94623e-05
-5.74389e-05
2.00488e-05
-7.57067e-05
1.83188e-05
-9.44989e-05
1.4069e-05
-0.000111653
7.65955e-06
-0.00012482
-0.000131986
2.63809e-13
-1.65537e-13
8.76139e-13
-4.05678e-13
2.60439e-12
-1.20638e-12
7.49758e-12
-3.59637e-12
2.1046e-11
-1.05058e-11
5.75912e-11
-2.99826e-11
1.5348e-10
-8.3508e-11
3.97874e-10
-2.26756e-10
1.00204e-09
-5.99658e-10
2.44827e-09
-1.54266e-09
5.79448e-09
-3.85597e-09
1.32626e-08
-9.35243e-09
2.93032e-08
-2.19803e-08
6.23743e-08
-4.99807e-08
1.27628e-07
-1.09782e-07
2.5043e-07
-2.3252e-07
4.69958e-07
-4.74011e-07
8.40963e-07
-9.28242e-07
1.43024e-06
-1.74253e-06
2.30338e-06
-3.12905e-06
3.49843e-06
-5.36309e-06
4.98812e-06
-8.75502e-06
6.64149e-06
-1.35851e-05
8.20594e-06
-2.00019e-05
9.33331e-06
-2.79125e-05
9.6435e-06
-3.6896e-05
8.83352e-06
-4.61688e-05
6.79713e-06
-5.46576e-05
3.70493e-06
-6.11872e-05
-6.47458e-05
1.16915e-13
-7.4291e-14
3.88482e-13
-1.82768e-13
1.15609e-12
-5.44129e-13
3.33215e-12
-1.62501e-12
9.36515e-12
-4.75267e-12
2.56615e-11
-1.35811e-11
6.84857e-11
-3.78778e-11
1.77815e-10
-1.03001e-10
4.48571e-10
-2.72813e-10
1.09796e-09
-7.03006e-10
2.60361e-09
-1.76036e-09
5.97154e-09
-4.27784e-09
1.3223e-08
-1.00745e-08
2.82126e-08
-2.29584e-08
5.78728e-08
-5.05451e-08
1.1386e-07
-1.0732e-07
2.14276e-07
-2.19351e-07
3.84581e-07
-4.30728e-07
6.56114e-07
-8.10899e-07
1.06011e-06
-1.46047e-06
1.61553e-06
-2.51089e-06
2.31132e-06
-4.1117e-06
3.08789e-06
-6.39998e-06
3.82778e-06
-9.45159e-06
4.36691e-06
-1.32274e-05
4.52424e-06
-1.753e-05
4.15359e-06
-2.19846e-05
3.2015e-06
-2.60729e-05
1.7469e-06
-2.92237e-05
-3.09429e-05
5.0738e-14
-3.25118e-14
1.68785e-13
-8.07865e-14
5.03262e-13
-2.40619e-13
1.4523e-12
-7.19443e-13
4.08656e-12
-2.1067e-12
1.12117e-11
-6.02729e-12
2.99628e-11
-1.68318e-11
7.7908e-11
-4.5833e-11
1.96843e-10
-1.21571e-10
4.82615e-10
-3.13763e-10
1.14649e-09
-7.86988e-10
2.63457e-09
-1.91587e-09
5.84576e-09
-4.52053e-09
1.24997e-08
-1.03225e-08
2.57003e-08
-2.27749e-08
5.06878e-08
-4.84667e-08
9.56386e-08
-9.92987e-08
1.72121e-07
-1.95478e-07
2.94487e-07
-3.68978e-07
4.77229e-07
-6.66358e-07
7.29484e-07
-1.14882e-06
1.04689e-06
-1.88657e-06
1.40292e-06
-2.94477e-06
1.74421e-06
-4.36082e-06
1.99534e-06
-6.1187e-06
2.07225e-06
-8.12794e-06
1.90633e-06
-1.02138e-05
1.4716e-06
-1.21325e-05
8.0374e-07
-1.36137e-05
-1.44227e-05
2.15629e-14
-1.36986e-14
7.1995e-14
-3.48176e-14
2.14797e-13
-1.04288e-13
6.20972e-13
-3.12248e-13
1.74972e-12
-9.15512e-13
4.80591e-12
-2.62247e-12
1.28599e-11
-7.33221e-12
3.34832e-11
-1.99912e-11
8.47219e-11
-5.30979e-11
2.08042e-10
-1.37239e-10
4.95041e-10
-3.44759e-10
1.1396e-09
-8.40681e-10
2.53342e-09
-1.9871e-09
5.42801e-09
-4.54598e-09
1.11842e-08
-1.00498e-08
2.21082e-08
-2.14315e-08
4.18137e-08
-4.40056e-08
7.54407e-08
-8.68286e-08
1.29411e-07
-1.64288e-07
2.10284e-07
-2.97433e-07
3.22327e-07
-5.14084e-07
4.63867e-07
-8.46383e-07
6.23347e-07
-1.3245e-06
7.7706e-07
-1.96628e-06
8.91134e-07
-2.76534e-06
9.27506e-07
-3.68116e-06
8.54791e-07
-4.63421e-06
6.60763e-07
-5.51262e-06
3.61195e-07
-6.19178e-06
-6.56309e-06
8.98463e-15
-5.83144e-15
2.99965e-14
-1.48101e-14
8.98147e-14
-4.41908e-14
2.60561e-13
-1.32874e-13
7.35357e-13
-3.90073e-13
2.02217e-12
-1.11932e-12
5.41758e-12
-3.13289e-12
1.41232e-11
-8.55224e-12
3.57842e-11
-2.27437e-11
8.7998e-11
-5.88638e-11
2.09717e-10
-1.48085e-10
4.83572e-10
-3.61652e-10
1.0769e-09
-8.56219e-10
2.31162e-09
-1.9622e-09
4.7724e-09
-4.34574e-09
9.45338e-09
-9.28528e-09
1.79185e-08
-1.91041e-08
3.24028e-08
-3.77745e-08
5.57164e-08
-7.16299e-08
9.07578e-08
-1.29974e-07
1.39465e-07
-2.25166e-07
2.01216e-07
-3.71573e-07
2.71073e-07
-5.82816e-07
3.38732e-07
-8.67157e-07
3.89324e-07
-1.22213e-06
4.06012e-07
-1.62996e-06
3.74792e-07
-2.05529e-06
2.90074e-07
-2.44802e-06
1.58685e-07
-2.75207e-06
-2.91844e-06
3.47374e-15
-2.41884e-15
1.20812e-14
-5.97626e-15
3.68999e-14
-1.84315e-14
1.07501e-13
-5.53708e-14
3.03417e-13
-1.63128e-13
8.35499e-13
-4.68839e-13
2.24106e-12
-1.31385e-12
5.84954e-12
-3.59041e-12
1.48397e-11
-9.55951e-12
3.65423e-11
-2.47723e-11
8.72122e-11
-6.24032e-11
2.01403e-10
-1.52616e-10
4.49243e-10
-3.61866e-10
9.65978e-10
-8.30609e-10
1.99791e-09
-1.84267e-09
3.9651e-09
-3.94408e-09
7.53076e-09
-8.12985e-09
1.36467e-08
-1.61061e-08
2.35165e-08
-3.06024e-08
3.83923e-08
-5.56432e-08
5.91311e-08
-9.65978e-08
8.55083e-08
-1.59744e-07
1.15456e-07
-2.51083e-07
1.44587e-07
-3.74339e-07
1.66516e-07
-5.28578e-07
1.73962e-07
-7.06177e-07
1.60821e-07
-8.91756e-07
1.24606e-07
-1.06338e-06
6.82125e-08
-1.19642e-06
-1.26927e-06
1.37594e-15
-1.12466e-15
4.77396e-15
-2.2973e-15
1.49264e-14
-7.5506e-15
4.34878e-14
-2.26778e-14
1.22989e-13
-6.70404e-14
3.39122e-13
-1.92919e-13
9.10655e-13
-5.40999e-13
2.38016e-12
-1.48004e-12
6.04539e-12
-3.94496e-12
1.49051e-11
-1.02346e-11
3.562e-11
-2.58136e-11
8.23745e-11
-6.32131e-11
1.84017e-10
-1.50091e-10
3.96304e-10
-3.45018e-10
8.21029e-10
-7.66589e-10
1.63229e-09
-1.64348e-09
3.10584e-09
-3.39342e-09
5.63895e-09
-6.73462e-09
9.73647e-09
-1.28195e-08
1.59278e-08
-2.33528e-08
2.45825e-08
-4.06182e-08
3.56221e-08
-6.72989e-08
4.81965e-08
-1.05979e-07
6.04761e-08
-1.58294e-07
6.97745e-08
-2.239e-07
7.30105e-08
-2.99593e-07
6.75846e-08
-3.78823e-07
5.24172e-08
-4.52203e-07
2.87121e-08
-5.09144e-07
-5.40346e-07
5.20567e-16
-4.13016e-16
1.82432e-15
-1.0407e-15
5.78845e-15
-2.98995e-15
1.71628e-14
-9.20616e-15
4.89034e-14
-2.70964e-14
1.35249e-13
-7.77715e-14
3.63727e-13
-2.18601e-13
9.5175e-13
-5.99018e-13
2.42041e-12
-1.59897e-12
5.97461e-12
-4.1531e-12
1.42952e-11
-1.04872e-11
3.31022e-11
-2.57124e-11
7.40489e-11
-6.11288e-11
1.59705e-10
-1.40707e-10
3.3137e-10
-3.13078e-10
6.59857e-10
-6.72204e-10
1.25765e-09
-1.3901e-09
2.28736e-09
-2.76326e-09
3.95657e-09
-5.26866e-09
6.48448e-09
-9.61409e-09
1.00267e-08
-1.6751e-08
1.45569e-08
-2.78022e-08
1.97318e-08
-4.38566e-08
2.48031e-08
-6.56139e-08
2.86634e-08
-9.29523e-08
3.00358e-08
-1.2455e-07
2.78367e-08
-1.57676e-07
2.16088e-08
-1.88395e-07
1.1843e-08
-2.12256e-07
-2.25338e-07
-2.78451e-17
-1.7108e-16
8.8505e-16
-5.69793e-16
2.15373e-15
-1.16568e-15
6.61305e-15
-3.55625e-15
1.91536e-14
-1.05514e-14
5.29786e-14
-3.06567e-14
1.42829e-13
-8.65994e-14
3.74121e-13
-2.38165e-13
9.52811e-13
-6.36934e-13
2.35449e-12
-1.65629e-12
5.63974e-12
-4.18652e-12
1.30756e-11
-1.02762e-11
2.92871e-11
-2.44592e-11
6.32492e-11
-5.63705e-11
1.31419e-10
-1.25589e-10
2.62078e-10
-2.70016e-10
5.00267e-10
-5.59179e-10
9.11312e-10
-1.11317e-09
1.57893e-09
-2.12568e-09
2.59206e-09
-3.88487e-09
4.01481e-09
-6.77935e-09
5.83863e-09
-1.12696e-08
7.92747e-09
-1.78047e-08
9.98088e-09
-2.66774e-08
1.15513e-08
-3.78456e-08
1.212e-08
-5.07744e-08
1.12446e-08
-6.43476e-08
8.73585e-09
-7.69492e-08
4.79017e-09
-8.67456e-08
-9.21198e-08
-1.35453e-16
-8.85373e-17
3.48524e-17
-5.3507e-16
7.57823e-16
-4.09753e-16
2.6218e-15
-1.20501e-15
7.30549e-15
-3.93656e-15
2.03623e-14
-1.1796e-14
5.51274e-14
-3.36528e-14
1.44589e-13
-9.3006e-14
3.68792e-13
-2.49152e-13
9.12508e-13
-6.49231e-13
2.18829e-12
-1.643e-12
5.07937e-12
-4.03715e-12
1.13902e-11
-9.61976e-12
2.46287e-11
-2.21956e-11
5.12386e-11
-4.95083e-11
1.02318e-10
-1.06575e-10
1.95581e-10
-2.20993e-10
3.56794e-10
-4.40524e-10
6.19095e-10
-8.42365e-10
1.01788e-09
-1.54166e-09
1.579e-09
-2.6941e-09
2.29982e-09
-4.48484e-09
3.12731e-09
-7.09543e-09
3.94305e-09
-1.06457e-08
4.5695e-09
-1.51215e-08
4.80008e-09
-2.03102e-08
4.45765e-09
-2.57645e-08
3.46559e-09
-3.08335e-08
1.90115e-09
-3.47772e-08
-3.69417e-08
-6.75819e-17
1.31048e-16
-1.1807e-16
-6.1078e-17
3.49204e-16
-1.43026e-16
1.03452e-15
-4.33794e-16
2.70502e-15
-1.32454e-15
7.75628e-15
-4.35196e-15
2.08087e-14
-1.29292e-14
5.49458e-14
-3.56494e-14
1.40375e-13
-9.58054e-14
3.47879e-13
-2.50352e-13
8.35399e-13
-6.33933e-13
1.94131e-12
-1.55977e-12
4.35787e-12
-3.72062e-12
9.43339e-12
-8.59324e-12
1.96485e-11
-1.91888e-11
3.92837e-11
-4.13537e-11
7.51863e-11
-8.58512e-11
1.3734e-10
-1.71342e-10
2.38627e-10
-3.28046e-10
3.92876e-10
-6.01135e-10
6.10295e-10
-1.05185e-09
8.90124e-10
-1.75323e-09
1.21204e-09
-2.77726e-09
1.53017e-09
-4.17194e-09
1.77539e-09
-5.93269e-09
1.86693e-09
-7.97656e-09
1.73524e-09
-1.01274e-08
1.34992e-09
-1.21282e-08
7.40833e-10
-1.36859e-08
-1.45412e-08
-1.32211e-17
-1.59321e-16
-1.49468e-16
-4.1717e-17
1.35533e-17
-1.30356e-16
4.59854e-16
-2.18508e-16
1.0407e-15
-5.16104e-16
2.96065e-15
-1.67124e-15
7.5829e-15
-4.97368e-15
2.0337e-14
-1.33841e-14
5.24687e-14
-3.61058e-14
1.30454e-13
-9.48354e-14
3.13731e-13
-2.40518e-13
7.30102e-13
-5.92889e-13
1.64101e-12
-1.41568e-12
3.55572e-12
-3.27274e-12
7.41389e-12
-7.31553e-12
1.48391e-11
-1.57822e-11
2.84338e-11
-3.27992e-11
5.20005e-11
-6.55327e-11
9.04598e-11
-1.25608e-10
1.49117e-10
-2.30435e-10
2.31927e-10
-4.03673e-10
3.38688e-10
-6.73619e-10
4.61735e-10
-1.06827e-09
5.83611e-10
-1.60648e-09
6.77864e-10
-2.28682e-09
7.13483e-10
-3.07747e-09
6.63667e-10
-3.91034e-09
5.16594e-10
-4.68575e-09
2.83606e-10
-5.28979e-09
-5.62159e-09
3.09363e-17
-8.79025e-17
-1.19324e-17
-9.41994e-17
8.89193e-17
-9.00077e-17
1.31904e-16
4.82413e-18
2.75678e-16
-1.41348e-16
9.27426e-16
-5.41478e-16
2.83893e-15
-1.84595e-15
7.59591e-15
-4.75489e-15
1.91409e-14
-1.33917e-14
4.81928e-14
-3.53665e-14
1.15923e-13
-8.9668e-14
2.70365e-13
-2.21533e-13
6.08314e-13
-5.30149e-13
1.31952e-12
-1.22659e-12
2.75382e-12
-2.74447e-12
5.51732e-12
-5.92648e-12
1.05828e-11
-1.2329e-11
1.9375e-11
-2.46575e-11
3.37411e-11
-4.73095e-11
5.56816e-11
-8.68818e-11
8.67005e-11
-1.52355e-10
1.26751e-10
-2.54501e-10
1.72989e-10
-4.04012e-10
2.18878e-10
-6.08153e-10
2.54471e-10
-8.66495e-10
2.68067e-10
-1.16704e-09
2.49523e-10
-1.48391e-09
1.94327e-10
-1.77914e-09
1.06717e-10
-2.00925e-09
-2.13568e-09
8.24565e-17
-2.46147e-17
-3.03926e-18
-8.1784e-17
1.3643e-16
-8.10865e-17
1.66299e-16
-2.11877e-17
4.00964e-16
-1.77085e-16
4.97428e-16
-1.33274e-16
7.15754e-16
-3.23267e-16
2.45891e-15
-1.51476e-15
6.64785e-15
-4.96305e-15
1.73431e-14
-1.30156e-14
4.22385e-14
-3.28389e-14
9.83498e-14
-8.14796e-14
2.21913e-13
-1.95306e-13
4.82174e-13
-4.5262e-13
1.00731e-12
-1.01362e-12
2.01996e-12
-2.19081e-12
3.87805e-12
-4.56168e-12
7.10706e-12
-9.13126e-12
1.23886e-11
-1.75359e-11
2.04647e-11
-3.22335e-11
3.18966e-11
-5.65769e-11
4.66776e-11
-9.45953e-11
6.37671e-11
-1.50302e-10
8.07579e-11
-2.26445e-10
9.39712e-11
-3.22902e-10
9.9066e-11
-4.35218e-10
9.22694e-11
-5.53733e-10
7.18919e-11
-6.64224e-10
3.94917e-11
-7.50386e-10
-7.97743e-10
-7.09048e-17
-4.42921e-17
-1.08e-16
-1.40846e-16
1.77067e-16
-1.98255e-17
2.27836e-16
-4.21736e-18
2.34249e-16
-1.23876e-16
-4.28486e-17
-2.70786e-16
6.81749e-17
-1.08064e-16
7.70239e-16
-7.38823e-16
2.45592e-15
-1.71123e-15
6.01118e-15
-4.35155e-15
1.49693e-14
-1.17562e-14
3.5289e-14
-2.92599e-14
7.99164e-14
-7.06898e-14
1.73543e-13
-1.64191e-13
3.62979e-13
-3.68433e-13
7.28449e-13
-7.97522e-13
1.39972e-12
-1.66182e-12
2.56742e-12
-3.32952e-12
4.47952e-12
-6.3994e-12
7.4059e-12
-1.17726e-11
1.15534e-11
-2.06805e-11
1.69221e-11
-3.4606e-11
2.31377e-11
-5.50294e-11
2.93273e-11
-8.29713e-11
3.41516e-11
-1.184e-10
3.60273e-11
-1.59688e-10
3.35739e-11
-2.03285e-10
2.61697e-11
-2.43955e-10
1.43792e-11
-2.75682e-10
-2.93125e-10
-1.59872e-16
1.38495e-17
-6.87933e-17
-1.29221e-16
1.1927e-16
-4.49812e-17
1.1324e-16
-1.56633e-16
1.4824e-16
-1.50172e-16
-9.05158e-17
-2.18066e-16
6.48928e-17
-3.63524e-16
3.32592e-16
-6.08708e-16
6.54658e-16
-4.66716e-16
1.94416e-15
-1.16911e-15
4.97801e-15
-4.17268e-15
1.25148e-14
-1.04226e-14
2.83114e-14
-2.5081e-14
6.15366e-14
-5.82109e-14
1.28895e-13
-1.31857e-13
2.58892e-13
-2.85832e-13
4.97902e-13
-5.96298e-13
9.13736e-13
-1.19564e-12
1.59548e-12
-2.30007e-12
2.64008e-12
-4.23443e-12
4.12167e-12
-7.44414e-12
6.04182e-12
-1.24657e-11
8.26749e-12
-1.9837e-11
1.04871e-11
-2.99298e-11
1.22205e-11
-4.27372e-11
1.2899e-11
-5.76737e-11
1.20264e-11
-7.34557e-11
9.37756e-12
-8.8185e-11
5.15358e-12
-9.96804e-11
-1.06002e-10
-1.14088e-17
-2.89249e-16
-1.7562e-17
8.67575e-18
-3.42924e-17
-1.90888e-16
-1.82421e-17
-1.81717e-16
-4.83478e-17
-2.11425e-16
1.58019e-16
-2.75865e-17
6.38531e-17
-1.12967e-16
-3.80583e-18
-2.54139e-16
1.7162e-16
-2.53908e-17
7.63543e-16
-2.90335e-16
1.72747e-15
-1.41118e-15
4.19419e-15
-3.28574e-15
9.76374e-15
-8.45402e-15
2.15547e-14
-2.04683e-14
4.50108e-14
-4.62194e-14
9.04239e-14
-1.00824e-13
1.7449e-13
-2.1101e-13
3.2049e-13
-4.23062e-13
5.60029e-13
-8.14426e-13
9.27257e-13
-1.50055e-12
1.44888e-12
-2.63982e-12
2.1255e-12
-4.42327e-12
2.9102e-12
-7.04316e-12
3.69393e-12
-1.06333e-11
4.30724e-12
-1.51921e-11
4.54872e-12
-2.05122e-11
4.24272e-12
-2.61364e-11
3.30942e-12
-3.13881e-11
1.81905e-12
-3.5488e-11
-3.77431e-11
7.11793e-17
-2.12919e-16
-6.21671e-18
-6.13849e-18
-1.13867e-16
-1.94796e-16
-9.78937e-17
-6.89171e-17
-9.0527e-17
-8.10311e-17
2.88189e-17
-4.97491e-17
1.16762e-16
-1.12567e-16
1.51712e-16
-1.46705e-16
1.05113e-16
-2.80549e-17
1.3683e-16
5.62026e-17
4.05827e-16
-5.4574e-16
1.36675e-15
-1.01595e-15
3.32871e-15
-2.64766e-15
7.3309e-15
-6.96059e-15
1.54452e-14
-1.60055e-14
3.11481e-14
-3.49525e-14
6.01842e-14
-7.3438e-14
1.10833e-13
-1.47384e-13
1.93909e-13
-2.84201e-13
3.21051e-13
-5.23981e-13
5.01934e-13
-9.22368e-13
7.36945e-13
-1.54651e-12
1.00957e-12
-2.46406e-12
1.28216e-12
-3.72216e-12
1.49596e-12
-5.32066e-12
1.5804e-12
-7.18699e-12
1.47482e-12
-9.16129e-12
1.15063e-12
-1.10053e-11
6.3268e-13
-1.24455e-11
-1.32375e-11
-4.85769e-17
-1.70064e-16
-1.26123e-17
9.85829e-17
-2.69014e-17
-6.69236e-18
8.41946e-17
-6.00663e-17
1.32881e-16
-7.02366e-17
-1.71539e-17
-2.26076e-16
1.77217e-17
-2.18667e-16
5.91088e-17
-7.73504e-17
8.10614e-17
-4.48767e-18
9.21553e-18
-1.36737e-16
6.23901e-18
-2.26562e-16
3.87164e-16
-3.22638e-16
1.26043e-15
-8.64251e-16
2.347e-15
-2.08745e-15
5.04723e-15
-5.49436e-15
1.063e-14
-1.20575e-14
2.0535e-14
-2.49524e-14
3.75684e-14
-5.03552e-14
6.6002e-14
-9.77331e-14
1.09611e-13
-1.80331e-13
1.71441e-13
-3.17669e-13
2.51849e-13
-5.32985e-13
3.45289e-13
-8.49701e-13
4.3868e-13
-1.28417e-12
5.12029e-13
-1.83639e-12
5.41274e-13
-2.48172e-12
5.05393e-13
-3.16448e-12
3.94286e-13
-3.8025e-12
2.169e-13
-4.30104e-12
-4.57494e-12
-9.55355e-17
4.78609e-17
3.97583e-17
7.63038e-17
9.97474e-17
4.84559e-17
5.34148e-17
-6.54366e-17
-7.59962e-18
-8.68256e-17
9.8723e-17
-2.2789e-16
4.77662e-19
-1.61321e-16
-4.33015e-19
2.45375e-16
1.34412e-16
-1.88948e-17
9.01562e-17
-6.86569e-17
7.99308e-18
-1.11588e-16
-9.46949e-17
-3.67381e-17
2.91824e-16
-1.37611e-16
7.96308e-16
-8.41119e-16
1.69619e-15
-1.69338e-15
3.4051e-15
-4.1809e-15
6.77037e-15
-8.26149e-15
1.2524e-14
-1.69424e-14
2.22319e-14
-3.2905e-14
3.67476e-14
-6.11068e-14
5.77764e-14
-1.07796e-13
8.47449e-14
-1.8111e-13
1.16413e-13
-2.8904e-13
1.4816e-13
-4.3665e-13
1.72809e-13
-6.2496e-13
1.82925e-13
-8.4505e-13
1.70596e-13
-1.07749e-12
1.33247e-13
-1.29508e-12
7.33279e-14
-1.46508e-12
-1.55883e-12
-1.47054e-16
1.24306e-16
-8.12141e-17
-5.87053e-17
5.19538e-17
6.08548e-17
4.78235e-17
-3.02096e-18
8.51606e-18
1.06536e-18
-1.30247e-19
-1.17727e-16
8.0865e-17
-1.22423e-16
8.29083e-17
1.85627e-16
9.8362e-17
-9.99168e-17
1.45362e-17
-8.94186e-17
-7.04874e-17
-9.87863e-17
-7.00724e-17
1.19938e-16
-1.90418e-17
-2.2081e-17
2.21055e-16
-1.92919e-16
4.43589e-16
-2.6288e-16
9.29339e-16
-1.16039e-15
2.16736e-15
-2.63321e-15
4.04902e-15
-5.71855e-15
7.21885e-15
-1.09468e-14
1.22314e-14
-2.01821e-14
1.92631e-14
-3.60201e-14
2.81431e-14
-6.05608e-14
3.86387e-14
-9.66988e-14
4.90584e-14
-1.46432e-13
5.76416e-14
-2.09732e-13
6.10337e-14
-2.83752e-13
5.67938e-14
-3.61769e-13
4.43815e-14
-4.35104e-13
2.44952e-14
-4.92067e-13
-5.23823e-13
8.08618e-17
-5.28833e-17
3.08927e-17
1.41418e-16
-2.53808e-18
1.31077e-16
8.69083e-17
1.42673e-16
5.23135e-17
2.32287e-17
7.81135e-17
1.77838e-16
1.15596e-16
-8.77724e-19
-3.71403e-18
-3.72744e-17
-8.82944e-17
-1.0165e-16
-4.92785e-17
-2.35821e-16
5.54104e-17
-4.42266e-17
-4.39655e-17
-5.12757e-17
8.68124e-18
-4.29846e-17
-1.44604e-16
9.50859e-17
9.62706e-17
-1.2927e-16
2.26048e-16
-4.84363e-16
7.05684e-16
-7.8108e-16
1.29991e-15
-1.72869e-15
2.24059e-15
-3.67052e-15
3.82187e-15
-6.46976e-15
6.47594e-15
-1.1735e-14
9.14105e-15
-1.98445e-14
1.26274e-14
-3.19779e-14
1.62346e-14
-4.84414e-14
1.87601e-14
-6.93664e-14
1.99192e-14
-9.37845e-14
1.85812e-14
-1.19711e-13
1.45175e-14
-1.44183e-13
7.9085e-15
-1.62806e-13
-1.73363e-13
-1.21676e-16
7.71605e-17
-1.36849e-16
6.11631e-17
-8.19912e-18
-1.39498e-17
6.08625e-17
1.22356e-16
-1.07886e-17
3.91224e-17
7.92924e-17
2.09475e-16
2.30132e-17
-6.45643e-19
-1.62987e-17
-7.51254e-17
2.77821e-17
1.41133e-18
-2.00854e-17
4.39564e-17
8.53367e-17
-2.60861e-16
-1.07852e-16
-1.91879e-16
-1.60991e-16
-8.19237e-17
-3.22027e-17
-1.4932e-16
-1.30831e-17
-2.17223e-16
7.74175e-17
-1.10017e-16
3.6094e-17
-1.00087e-16
2.67364e-16
-6.19123e-16
6.38471e-16
-1.15464e-15
1.31841e-15
-1.97114e-15
1.95511e-15
-3.75307e-15
2.92724e-15
-6.45392e-15
4.1007e-15
-1.0361e-14
5.04165e-15
-1.56246e-14
6.15619e-15
-2.24136e-14
6.55181e-15
-3.03611e-14
6.19272e-15
-3.90431e-14
4.72753e-15
-4.69411e-14
2.57496e-15
-5.2937e-14
-5.62993e-14
-3.75579e-17
1.53089e-16
-4.14972e-17
-3.26719e-17
-1.56099e-17
1.24752e-16
-1.88741e-17
2.70852e-17
-4.1586e-17
-3.28474e-17
7.91222e-17
7.22786e-17
1.04874e-16
5.79185e-17
-3.54023e-17
-5.09285e-17
6.25692e-17
-6.44363e-17
2.89281e-17
-1.67382e-16
1.16422e-17
-1.54571e-16
-4.20163e-17
-2.41605e-16
-1.26757e-16
-1.27874e-16
-1.59374e-16
-1.72238e-16
-9.57697e-17
-9.35669e-17
-7.93223e-17
-3.46929e-18
6.2774e-17
-3.47992e-17
-2.57831e-17
1.32004e-17
3.71774e-18
-1.02247e-16
3.52534e-16
-8.83885e-16
6.91774e-16
-1.17502e-15
9.59204e-16
-1.98691e-15
1.32555e-15
-3.06556e-15
1.50651e-15
-4.75399e-15
1.82095e-15
-7.03163e-15
2.18156e-15
-9.62364e-15
2.13885e-15
-1.25466e-14
1.51539e-15
-1.51084e-14
7.9882e-16
-1.70287e-14
-1.79836e-14
2.8937e-17
6.48532e-17
3.27556e-17
-6.69998e-17
-1.10954e-16
3.84962e-16
-4.33541e-17
9.11701e-17
8.62566e-17
-3.32543e-17
-6.1521e-17
7.55066e-17
-7.06408e-17
-7.5591e-18
-1.32878e-16
-3.04412e-16
-1.4262e-16
-1.25552e-16
1.77904e-16
-2.3855e-16
1.7212e-16
-1.79335e-17
2.1937e-17
-1.62118e-16
5.67939e-17
-7.96426e-17
-9.30849e-17
-1.22881e-16
-1.06135e-16
-5.00614e-17
-1.26968e-16
-5.93874e-17
-1.71391e-17
-1.91601e-16
1.23673e-18
-1.09539e-16
-4.52025e-17
-5.96903e-17
-4.57659e-18
-5.08242e-16
1.48826e-16
-1.61243e-16
1.64164e-16
-3.58793e-16
3.76613e-16
-8.66787e-16
5.14457e-16
-1.30094e-15
5.00325e-16
-2.1541e-15
8.29462e-16
-2.92201e-15
6.37056e-16
-3.75263e-15
3.10832e-16
-4.57925e-15
1.67115e-16
-5.39184e-15
-5.60581e-15
-1.63081e-16
1.257e-16
-6.46214e-17
-6.65657e-17
1.65444e-16
2.71955e-16
3.84468e-17
8.24461e-17
1.06064e-16
6.91466e-17
2.69321e-17
-2.05665e-17
1.79663e-17
-1.53474e-16
9.43291e-17
-4.31466e-16
-7.56129e-17
-2.76917e-16
-9.47268e-17
-3.24209e-17
1.11615e-16
-1.59961e-16
6.18476e-17
-8.6179e-17
-8.55718e-17
-1.37947e-16
-7.16086e-17
-2.12325e-16
-4.21908e-17
-7.00096e-17
-1.43149e-16
-5.44008e-17
-8.33546e-17
-1.73094e-16
-1.06381e-16
-6.77115e-17
-2.8778e-17
8.0704e-19
-1.10656e-16
-1.7473e-16
1.99692e-18
4.64162e-17
9.33851e-17
-1.55345e-16
5.05673e-17
-1.84229e-16
1.13198e-16
-3.03697e-16
2.15702e-16
-3.32621e-16
2.34753e-16
-9.88363e-16
2.52912e-16
-9.94551e-16
1.85511e-16
-1.37099e-15
9.46683e-17
-1.83965e-15
-1.70995e-15
-1.20662e-16
-8.62306e-17
-1.02607e-16
-1.28038e-16
-7.69233e-18
-2.04082e-16
-5.19601e-17
6.60496e-17
-1.55296e-16
2.15613e-17
-4.12701e-17
2.51361e-17
1.85004e-17
1.30894e-16
3.88852e-17
7.18446e-17
-7.46246e-17
-3.30464e-17
4.1017e-17
1.44359e-17
-1.93279e-17
-9.60927e-18
1.51822e-16
8.15898e-17
4.5046e-17
9.10354e-17
-1.35968e-16
-1.61615e-16
-1.85882e-16
6.5223e-17
-2.44688e-17
9.79543e-17
-1.90133e-17
-9.13682e-17
2.49773e-17
-1.14693e-16
-3.79245e-17
-8.81156e-17
-2.35927e-17
-5.15521e-17
1.05926e-17
1.02291e-16
3.88045e-17
8.30012e-20
4.44825e-17
-1.65167e-16
8.40591e-17
-1.82008e-16
-3.09304e-17
-3.34787e-16
-8.18287e-17
-3.48885e-16
-4.70798e-17
-3.43548e-16
-1.59606e-18
-2.81374e-16
5.79585e-17
-6.10624e-16
-5.5384e-16
2.82088e-16
-1.26898e-16
1.60455e-16
-1.11565e-16
-2.57221e-16
-1.58274e-17
-1.00393e-16
2.29147e-17
-1.06286e-16
1.67076e-16
-5.39771e-17
-4.49057e-17
3.95415e-17
1.53775e-16
-5.83522e-17
3.34177e-17
7.06296e-17
-8.47665e-17
3.16037e-17
4.64476e-17
-2.64694e-17
4.58324e-18
2.81589e-19
1.65435e-16
-1.86465e-16
2.15239e-16
-1.5014e-16
-2.98434e-16
1.17963e-17
7.38688e-17
-2.36456e-17
2.50963e-16
-1.10991e-16
9.31923e-17
2.26374e-17
4.24172e-17
-8.69916e-17
8.89261e-17
2.33464e-17
7.45187e-17
1.40777e-17
8.89712e-17
-5.32575e-17
3.28402e-16
-5.8264e-17
1.21699e-16
-7.93744e-17
-6.57501e-17
2.50995e-18
-7.15273e-17
-8.10512e-17
5.09062e-17
-1.06268e-16
-2.96317e-17
5.51699e-17
-6.12296e-17
1.6527e-16
-1.07973e-16
-2.03509e-16
-8.14048e-17
1.00938e-16
7.97288e-18
-6.03029e-17
2.04572e-16
1.56911e-16
-1.05458e-16
-6.2282e-17
-1.56235e-16
5.35603e-17
-5.50488e-17
-7.69618e-17
-4.89335e-17
-1.52349e-16
-6.36235e-17
-4.94955e-17
1.21503e-16
2.15061e-17
1.40294e-16
-1.24129e-16
3.46937e-17
-2.38618e-16
-2.70897e-17
1.41669e-16
-5.53335e-17
-1.27067e-16
-5.72196e-17
-2.10112e-16
-9.24773e-17
2.06693e-17
-1.45123e-17
2.90619e-17
-3.61035e-17
1.12265e-16
-5.70071e-17
1.1327e-16
9.70352e-17
-1.80829e-17
3.06287e-17
9.79991e-17
-7.31221e-17
-4.84357e-17
1.16401e-16
-2.50633e-17
-2.41221e-16
3.47992e-16
-1.3238e-16
-8.99909e-17
-7.45232e-17
-2.34318e-16
-1.24441e-16
-9.6788e-17
-8.66144e-17
-1.56166e-16
-2.60893e-17
-7.43531e-17
5.02401e-17
-1.99815e-16
1.75147e-17
-1.48941e-17
1.81167e-17
-6.56477e-17
1.25256e-16
-7.37937e-18
2.07543e-17
-4.53242e-17
-1.54221e-16
-1.63653e-16
5.36795e-17
-1.45712e-17
8.6962e-17
-1.58694e-16
-1.59748e-16
-1.21266e-16
-1.15037e-17
1.61435e-17
-8.25906e-18
2.79138e-16
-2.19568e-17
2.05431e-16
-1.0605e-17
7.78404e-17
-3.35226e-17
1.9796e-16
-1.97012e-16
-4.23209e-17
1.62837e-16
-1.78881e-16
-1.16997e-16
-2.3169e-16
1.73519e-18
-1.40302e-16
7.97043e-17
-3.09648e-17
9.94723e-17
-5.51303e-18
7.55207e-17
1.38476e-17
8.89641e-17
-1.04362e-16
-1.18504e-17
-4.51696e-17
-4.14451e-17
-4.93136e-17
1.08714e-16
-9.17148e-17
2.0516e-17
-9.69458e-17
-1.25394e-16
-5.65859e-17
4.213e-18
-3.36323e-17
-1.31374e-16
-2.67142e-17
-1.48239e-17
9.49972e-17
-9.66804e-17
9.52849e-17
-8.1713e-17
1.15401e-17
-9.46466e-17
6.30936e-17
-1.18986e-16
1.73303e-16
5.88761e-17
-3.90428e-16
-5.64177e-17
3.48654e-18
-9.50956e-17
6.72977e-17
1.51913e-17
-1.16223e-16
-8.45348e-17
-2.06636e-16
6.17877e-17
-1.31195e-16
8.09648e-17
1.45932e-17
-4.54111e-18
-2.89756e-17
-3.18209e-17
-1.56833e-16
1.13673e-16
-2.22789e-16
6.3212e-17
3.59607e-16
-7.68498e-17
-3.40513e-16
-7.93457e-17
-1.60789e-16
-6.80946e-18
-1.16286e-16
-1.72291e-17
-5.46701e-18
-1.45706e-16
6.74944e-17
4.629e-17
2.66773e-16
3.19693e-17
-1.12861e-16
-8.94257e-17
-1.83573e-17
-2.21041e-16
-1.1908e-16
-1.28523e-16
4.56543e-17
-7.31846e-17
-6.483e-17
-1.03146e-16
1.04457e-16
-4.42785e-17
1.02409e-16
9.02757e-17
-1.55021e-17
1.23397e-16
3.63189e-17
6.6707e-17
-1.22476e-16
1.8013e-17
-2.20897e-16
9.79488e-17
-1.3025e-16
-5.58522e-17
7.82189e-17
-1.36359e-16
-6.33994e-17
-1.65973e-16
-1.33051e-16
-4.91757e-18
-2.81462e-17
7.15055e-17
6.5257e-18
5.63768e-17
1.00292e-16
-1.25516e-16
1.03734e-16
-6.87202e-17
6.36399e-17
-9.51909e-17
1.23315e-17
-9.77186e-17
-3.79022e-17
-2.95441e-17
4.35812e-17
-7.92384e-17
-4.50598e-17
-1.25326e-16
-6.68344e-17
-4.83117e-17
6.94522e-17
-3.01973e-16
-3.57747e-17
-7.80662e-17
-8.22762e-17
2.09356e-19
-5.26317e-17
3.1871e-16
1.62284e-20
-9.52417e-18
-3.81667e-17
1.33689e-16
-1.77982e-16
1.08495e-16
-1.53863e-16
8.94676e-17
-5.37442e-17
1.56911e-16
7.11553e-17
1.10692e-16
-3.15805e-17
1.89325e-17
-8.22618e-17
-9.20032e-17
2.59072e-17
1.15994e-17
1.09861e-16
-1.3685e-16
-1.38355e-16
-1.37291e-16
-5.35604e-17
-7.20456e-17
-2.10803e-17
4.79625e-17
7.95803e-17
-7.02231e-18
-2.12787e-16
4.34256e-17
9.67063e-17
-2.20271e-16
1.31862e-16
-1.51214e-16
-1.04917e-16
4.81307e-17
4.52968e-18
1.17366e-16
-3.44925e-17
7.16355e-17
-1.96429e-16
3.63694e-17
-2.59235e-17
-1.16168e-16
1.12532e-17
-1.28648e-16
-1.97599e-16
-9.51749e-18
-2.13005e-16
-1.13844e-16
-2.41125e-16
-1.64626e-16
-1.14505e-16
1.38669e-17
2.42833e-18
1.68035e-16
1.73346e-16
1.44157e-16
2.63574e-16
8.6644e-17
9.66189e-17
-5.98478e-17
1.71212e-16
-1.53466e-16
7.85583e-17
-1.23444e-16
1.42328e-16
-1.13687e-16
2.3115e-16
-6.66688e-17
1.14151e-16
-2.56389e-17
-4.06581e-17
3.92732e-17
1.0153e-16
8.56157e-17
6.55389e-17
1.26922e-16
-1.00837e-16
2.10033e-17
-1.71573e-16
-1.07314e-16
1.53557e-17
1.59598e-16
1.74522e-16
6.94905e-17
4.88299e-17
-5.37371e-17
-2.14277e-17
-4.68299e-18
-1.42889e-16
-2.94217e-17
-1.15348e-16
-8.72948e-17
-1.64034e-17
-1.61616e-18
7.44281e-17
-2.92158e-17
1.03019e-16
-8.97997e-17
-1.81281e-17
-8.21622e-18
1.82384e-17
4.9371e-17
-3.25573e-18
-8.78124e-17
5.00553e-17
8.00284e-17
1.90089e-17
-1.67701e-16
-6.49322e-17
-3.70534e-17
2.54902e-17
2.79889e-17
1.68351e-17
7.3328e-17
-7.60424e-17
-4.55475e-17
8.09967e-17
6.19359e-17
-5.1584e-17
3.76937e-17
-1.95274e-16
1.0794e-16
-1.48825e-16
1.91982e-16
-5.99038e-17
2.37604e-16
-1.86185e-16
1.15153e-16
-1.23995e-16
2.11385e-16
1.25208e-16
9.59082e-17
6.44174e-17
9.20255e-17
-5.51559e-17
8.60191e-17
4.89256e-17
-1.32141e-16
4.3154e-18
-1.89069e-16
-1.80654e-16
-6.15217e-17
4.92095e-17
8.13686e-17
1.57946e-16
6.17941e-17
1.40379e-16
-3.25995e-16
1.11562e-16
-2.52464e-16
1.06526e-16
-2.87404e-17
1.11393e-16
-6.75533e-17
1.82851e-16
2.06914e-16
1.66383e-16
2.85879e-16
2.31578e-16
2.67213e-17
1.76554e-16
1.53963e-16
-1.25343e-16
1.61817e-16
3.65335e-17
-3.32451e-17
4.25502e-17
-8.65972e-17
3.59444e-17
-8.97124e-17
-1.15883e-16
6.45183e-17
-3.27342e-17
1.37299e-17
-4.50156e-17
3.29074e-17
9.98072e-17
-6.73058e-17
1.91984e-17
-1.2303e-16
2.11793e-16
-2.26278e-16
1.3329e-16
-6.08721e-17
8.4414e-17
-1.06592e-16
2.13845e-16
-1.13245e-16
7.64545e-17
-4.9473e-17
4.54773e-18
1.36595e-16
3.52582e-16
-5.79672e-17
-2.54332e-17
-2.28275e-17
-8.39458e-17
1.77787e-16
-2.02023e-16
-1.37584e-16
1.18178e-16
7.58063e-17
6.49307e-17
2.78633e-17
-1.90058e-16
2.28318e-17
-1.46051e-16
1.85116e-16
5.34005e-17
4.65099e-16
6.69825e-17
2.07478e-16
3.51423e-17
3.20852e-16
3.92165e-18
2.71596e-16
-1.2792e-17
8.09945e-18
7.53269e-18
2.21381e-16
8.05019e-17
1.3086e-16
-4.64683e-17
1.08177e-16
-9.92012e-17
6.48663e-17
5.60827e-17
1.58687e-16
3.47468e-17
2.29478e-16
5.37905e-17
7.49841e-17
1.5119e-17
-1.58746e-16
1.24898e-16
9.72314e-17
3.06286e-17
-3.40391e-17
-1.45458e-16
6.24515e-18
-2.05005e-16
5.11645e-17
-2.1542e-16
-4.06406e-17
-1.43422e-16
2.79775e-16
-8.83822e-17
3.6776e-17
-9.90358e-17
1.40335e-16
-1.11348e-16
4.36034e-16
1.3852e-16
3.78933e-17
7.86872e-17
-2.30961e-16
2.9155e-16
-3.32802e-17
-1.97712e-16
3.58981e-17
1.06186e-16
-8.20682e-17
4.26116e-17
4.21776e-18
-9.71376e-17
8.88093e-17
1.63311e-16
-1.51635e-17
4.92334e-16
1.03515e-16
3.01518e-16
-6.00516e-17
1.21369e-16
5.45742e-18
2.3684e-16
3.41753e-17
2.68633e-17
-9.11735e-17
5.25713e-17
9.36472e-19
1.2748e-16
-3.07398e-17
-3.78016e-17
1.72604e-16
-6.63299e-17
6.46503e-17
1.60293e-16
-2.8529e-17
1.83809e-16
-5.72638e-17
1.97108e-16
3.81238e-18
1.11816e-16
9.12981e-17
2.84321e-17
-1.07976e-16
1.62392e-16
-1.9516e-16
1.31321e-16
-1.69339e-16
5.89358e-17
-8.87304e-17
1.86001e-16
-8.81395e-17
1.46423e-16
-2.35602e-17
2.88836e-16
-1.89792e-17
2.2203e-16
4.38084e-18
2.60406e-16
2.13894e-16
-3.40312e-17
5.20803e-19
-3.4127e-17
-5.60574e-18
-1.59432e-16
-1.54958e-16
4.00854e-17
5.74607e-17
1.84259e-16
-2.0568e-16
1.50697e-17
-3.81187e-17
-2.2045e-16
4.1398e-17
-1.03308e-16
1.67514e-17
1.1286e-17
1.74468e-16
-1.65108e-17
8.33885e-17
-7.61872e-17
3.41024e-16
-5.73417e-17
1.09615e-16
3.69856e-18
-1.0326e-16
-5.27689e-17
1.5345e-17
-6.65716e-17
2.59597e-17
2.4121e-17
1.11298e-17
9.90455e-17
2.76892e-16
3.71184e-17
2.34301e-17
8.20134e-17
8.51777e-17
-8.10717e-17
3.42039e-16
7.69599e-17
6.00923e-17
4.2641e-17
4.74327e-17
6.71067e-17
2.04306e-16
-1.07648e-16
1.02456e-16
-6.59878e-17
-1.10617e-17
1.24408e-16
1.03089e-16
3.65905e-17
1.99189e-16
-1.6688e-16
-1.71514e-17
-6.48012e-17
-1.6183e-16
1.38659e-17
-1.5618e-16
3.19931e-17
7.8338e-17
-1.20722e-16
1.81493e-17
1.72847e-16
-8.91193e-17
1.24367e-16
3.65319e-18
1.25743e-16
2.50937e-17
3.00464e-17
-1.59446e-17
1.45765e-17
4.99268e-17
-1.66806e-16
1.16632e-16
-6.152e-18
7.14738e-18
-1.74191e-16
-1.26181e-16
3.38252e-16
2.10985e-17
6.21528e-17
-2.15239e-17
-1.76984e-17
5.1866e-17
4.07019e-17
-8.51015e-18
1.79849e-16
6.10955e-17
1.62445e-16
1.04197e-17
1.2319e-16
-8.52754e-17
7.11e-20
2.65224e-17
8.98546e-18
5.39735e-17
1.93003e-16
-1.69958e-17
-1.14313e-16
-5.3815e-17
-4.46224e-17
-3.43182e-17
7.66783e-17
-1.72674e-16
1.15279e-16
-6.30957e-17
7.17572e-17
-1.07225e-16
-1.03931e-17
-7.34601e-18
1.94917e-16
-4.41077e-17
-2.88463e-17
-1.13306e-16
1.64932e-17
8.67268e-18
-1.12694e-17
2.48361e-16
-2.01731e-16
3.02901e-16
-8.41366e-18
1.04629e-16
1.40936e-17
2.26753e-17
1.01837e-17
1.48445e-17
2.65133e-17
1.89041e-16
-1.01884e-16
5.63052e-17
-1.99677e-16
2.31879e-17
-6.06924e-17
-4.17903e-17
1.39655e-16
-1.07131e-16
4.46441e-17
2.68682e-16
-3.71556e-17
1.71601e-19
-3.75112e-17
4.61e-18
2.58245e-18
6.43202e-17
1.02939e-16
1.84608e-16
9.92148e-17
1.65966e-16
-4.35364e-17
-2.25963e-17
4.326e-17
2.52382e-17
4.01454e-17
1.13909e-16
6.74882e-18
8.39178e-17
2.05225e-17
1.342e-16
-1.14229e-16
8.24703e-17
-2.21428e-16
3.32176e-17
-1.24911e-16
1.12516e-16
-4.16005e-17
2.64744e-16
-6.04782e-17
1.81403e-16
-3.41969e-17
6.651e-17
1.16364e-17
2.75815e-17
-7.64061e-19
1.75206e-16
1.14691e-16
-2.27658e-17
-6.51799e-17
4.09558e-17
1.56572e-16
6.08834e-17
2.48711e-19
2.11246e-17
-1.88308e-17
-1.02247e-19
-1.06367e-16
1.41095e-18
7.40141e-17
-2.80114e-17
1.38057e-16
-1.68157e-17
1.44768e-16
-3.20604e-17
8.34344e-17
-3.52313e-17
9.3941e-17
-1.72135e-17
1.15771e-16
4.88123e-17
5.99479e-18
-1.09828e-16
3.25926e-17
6.26843e-17
1.96604e-16
9.20682e-19
4.36257e-17
1.19704e-16
6.80646e-17
7.2934e-17
-1.16623e-16
-7.57853e-18
-7.06316e-17
-4.57137e-17
3.88592e-17
-7.12174e-18
-9.32995e-17
3.58492e-17
6.76438e-17
7.65368e-17
1.26642e-16
-1.11988e-16
-1.35e-16
-8.05335e-17
-1.90905e-17
-1.35139e-16
4.36197e-16
-2.10963e-16
9.91068e-17
-3.44491e-17
5.09977e-17
-1.59128e-16
2.2542e-16
-1.29554e-16
2.51997e-16
3.29537e-16
-1.80077e-16
-2.25339e-16
-6.60465e-17
-7.00691e-17
-4.68094e-17
7.10879e-17
7.48232e-18
1.46528e-16
8.23836e-17
1.94736e-16
1.05055e-16
9.07828e-17
-1.68786e-16
1.33169e-16
-9.76235e-17
1.11108e-16
-3.55269e-17
1.8189e-16
1.64028e-16
1.67159e-16
7.35996e-18
1.97791e-16
-8.70309e-17
5.8682e-17
-7.36938e-17
-1.41581e-16
5.94641e-17
-6.78344e-17
-2.51586e-17
-1.31515e-17
2.50718e-17
8.16876e-17
1.00535e-16
1.27383e-16
4.30647e-17
1.79037e-17
4.76611e-18
-7.6792e-17
-8.2078e-17
-1.14723e-16
4.36562e-17
1.17973e-18
1.13508e-16
-8.36764e-17
-2.04604e-17
1.44199e-16
-8.78682e-17
-9.54363e-17
-2.36521e-16
1.64121e-16
1.15363e-17
-1.88926e-17
-5.71263e-18
1.12135e-16
-2.27804e-16
2.50222e-16
-1.5085e-16
5.75746e-18
2.76036e-16
-1.61517e-16
-1.91606e-16
-9.5473e-17
-1.12713e-17
1.24749e-16
1.5513e-16
-5.57393e-17
1.87872e-16
-1.38228e-18
2.6835e-16
7.70205e-17
-2.81005e-17
-1.38031e-16
7.64506e-17
-4.82277e-17
1.99173e-16
2.45931e-17
-1.37333e-17
-4.20222e-17
1.78585e-16
4.47137e-17
-4.12362e-17
-1.24693e-16
7.85411e-17
5.53513e-17
2.30773e-16
9.48173e-17
-1.70842e-16
1.362e-17
9.18909e-17
8.52313e-17
1.02767e-16
7.0578e-17
8.56401e-17
-4.54761e-17
4.38149e-18
-2.11891e-17
1.91172e-17
-3.41132e-17
-2.31123e-16
-2.80382e-16
2.51413e-16
-1.70302e-16
-1.38845e-16
7.78806e-17
1.7397e-17
1.88281e-16
1.003e-16
5.72353e-20
4.28343e-17
-4.79551e-17
-9.55446e-17
-1.01566e-16
1.66779e-16
2.41469e-17
2.53526e-16
3.6323e-17
1.24039e-16
1.94148e-16
1.54326e-16
-2.46306e-17
2.93978e-18
9.46902e-17
3.5631e-17
3.42197e-17
-3.52958e-17
9.57712e-17
1.3267e-17
1.76365e-16
6.64501e-17
-2.14122e-18
-1.11835e-16
1.17362e-17
2.62495e-17
-1.01124e-16
-5.97592e-17
5.14018e-17
-4.02647e-17
3.32117e-17
-5.28745e-17
-2.61577e-16
-1.6429e-17
9.79684e-17
1.59904e-17
6.79572e-17
-5.03094e-17
-1.06463e-17
-5.15354e-17
-4.21989e-17
-3.48169e-17
-2.32053e-16
-2.24277e-17
-2.11362e-17
7.87944e-17
-2.22523e-16
6.98286e-17
-1.25787e-16
1.08144e-16
-1.83969e-16
6.54171e-17
-2.88625e-17
-1.18929e-16
1.3048e-16
-5.91397e-17
-1.80828e-16
1.46132e-16
-4.41934e-17
6.33922e-17
9.9538e-18
-1.88249e-16
6.55335e-18
-2.20506e-16
2.42204e-16
-8.58903e-17
1.11425e-17
4.07671e-17
3.20749e-16
2.9334e-16
1.19609e-16
1.89653e-16
1.25484e-17
2.81224e-16
-9.44613e-17
3.3256e-17
6.40669e-17
1.28626e-16
-4.30971e-17
3.20596e-16
-1.79999e-16
1.46645e-16
1.47721e-17
1.18455e-16
9.86642e-17
-8.4728e-17
-2.98211e-17
3.13395e-17
4.73445e-17
-1.25092e-16
-1.73558e-16
1.10213e-16
-1.80205e-16
-5.99854e-17
-7.21735e-17
-2.24749e-17
2.10031e-17
2.5729e-17
8.15517e-17
-1.27014e-16
9.41451e-17
-2.35688e-16
-5.80784e-18
-2.22983e-16
5.53391e-19
-1.36974e-16
2.57914e-17
-6.675e-17
1.48872e-16
-1.21387e-16
9.49618e-17
-8.03781e-17
-1.18791e-16
2.05851e-16
-2.64882e-17
-2.20418e-16
1.8358e-16
5.40894e-18
-1.03131e-16
-3.81436e-17
4.24242e-17
3.1113e-17
-1.6359e-16
3.62533e-17
-3.35832e-17
-8.8877e-19
4.36932e-17
7.84941e-17
2.40627e-16
-6.1108e-18
9.02845e-17
9.29149e-17
7.48826e-17
3.45482e-17
-9.45801e-18
-8.34947e-17
-7.03956e-17
-1.74116e-16
2.18196e-17
3.47241e-17
1.32654e-16
1.01728e-17
2.58728e-16
-1.42325e-16
2.27355e-16
-1.06103e-16
1.20953e-16
6.48118e-17
1.81863e-17
-1.14345e-16
7.94834e-17
3.64599e-17
-6.6542e-17
-1.57968e-16
1.28312e-16
-7.93383e-17
1.14293e-16
-1.26051e-16
-1.17163e-17
-2.01814e-17
-8.98302e-17
7.26533e-17
2.34559e-17
2.00327e-16
5.61804e-17
9.267e-17
-1.08577e-16
1.91634e-16
-8.88318e-18
7.61584e-17
-8.1711e-17
-5.91796e-18
-5.47959e-17
-9.23524e-17
-1.41158e-16
8.39321e-17
-6.84237e-17
-4.7683e-17
-3.30068e-17
-3.84601e-17
9.21182e-17
-4.18987e-17
6.10893e-18
2.56857e-17
2.05829e-16
1.80977e-16
1.53003e-17
2.79074e-16
5.06277e-17
1.90374e-16
-1.04213e-16
1.14271e-16
1.02205e-17
1.82834e-16
1.1605e-16
-3.67224e-17
8.37314e-17
-1.02962e-16
-1.46433e-17
1.65961e-16
-8.53292e-17
2.31856e-16
-3.30078e-17
2.91167e-16
-1.03127e-16
7.44042e-17
-1.43697e-16
1.52887e-16
-8.65722e-17
-1.42499e-16
-9.51148e-17
4.12371e-17
-1.70343e-16
1.30833e-16
-1.21941e-16
1.37316e-16
-1.47332e-16
-1.46385e-16
3.89937e-17
7.4673e-17
1.19061e-16
2.15616e-16
-9.73335e-18
6.33952e-17
2.33909e-16
3.70836e-18
1.48414e-16
7.8474e-17
-2.33285e-17
-7.81735e-19
3.52994e-17
-3.57929e-17
-8.58174e-17
5.01435e-17
1.49911e-16
-2.10652e-16
1.12141e-16
8.48271e-17
-2.3521e-17
-2.44083e-17
3.61043e-17
-2.10685e-16
-8.03975e-17
1.65649e-16
-6.15721e-17
2.26023e-16
9.37418e-17
-9.92738e-18
7.46155e-17
-9.56656e-17
1.48766e-16
-1.4394e-16
1.87813e-16
7.71346e-17
-2.9148e-17
1.02286e-16
6.79628e-17
-1.02739e-16
2.33749e-16
-4.39147e-17
8.46506e-17
-1.89697e-16
7.93369e-17
-9.70548e-17
5.69356e-17
-3.08833e-17
6.56452e-17
-2.29769e-17
-2.83772e-17
-2.40288e-17
1.01314e-16
3.04857e-17
-1.21651e-16
-6.57363e-17
-7.48566e-17
-8.92062e-17
-1.93116e-16
-7.00025e-17
1.42161e-16
7.38722e-17
-4.48073e-17
8.47433e-17
-6.32502e-17
1.51442e-17
-7.26936e-17
3.23224e-17
8.78625e-17
1.48494e-16
-4.59837e-17
-2.73e-17
-1.38412e-16
-3.04199e-17
-6.04217e-17
2.69819e-17
-1.69766e-16
-8.7637e-17
3.08308e-17
2.48466e-17
-1.05841e-16
1.15739e-16
-1.16769e-17
1.92199e-16
1.76684e-16
-1.34148e-16
1.64147e-16
-1.62857e-16
-5.41016e-17
6.97687e-17
-4.89259e-17
-1.44867e-16
7.41804e-18
-2.50089e-18
1.11644e-16
6.60479e-18
2.46926e-17
-3.63562e-18
6.19083e-17
-3.39383e-17
5.60098e-18
-1.73889e-16
-1.13928e-16
-1.70743e-16
-1.06272e-16
-3.23484e-17
-7.40976e-17
-5.94841e-17
-1.01689e-16
-1.61121e-16
-1.50139e-16
2.46268e-16
-1.47819e-16
-7.60028e-17
-7.57897e-17
-4.65545e-17
-7.01522e-17
-1.50159e-17
-6.90939e-17
-3.00113e-17
-3.2557e-17
1.84504e-17
-1.48909e-17
2.75943e-18
1.02029e-16
-6.56152e-17
1.54254e-16
1.25629e-16
1.51774e-16
-7.08426e-17
-1.2401e-16
-1.5328e-16
-1.5954e-16
-1.45538e-16
4.34263e-17
-4.44405e-17
1.66556e-16
-5.00137e-17
1.60361e-16
9.43216e-17
1.05752e-16
1.94498e-16
9.57267e-17
6.13728e-17
7.92708e-17
2.19136e-17
-2.56038e-16
-7.43276e-17
1.03706e-17
-1.57399e-16
-1.74591e-16
-4.80922e-18
-5.83909e-17
2.13861e-17
8.69698e-17
4.45679e-17
-1.27552e-16
9.58684e-17
-2.19132e-16
5.04899e-17
-1.13777e-16
-5.50019e-17
-1.15555e-16
-1.00298e-16
-8.57899e-17
-1.25899e-16
-1.33479e-16
-1.51921e-16
-2.25867e-16
-4.73891e-17
-3.25941e-17
-1.05994e-16
-8.0026e-17
1.06608e-17
-2.66716e-16
-8.59488e-17
-8.04055e-17
-3.03317e-17
-2.11819e-17
1.37056e-17
-1.72195e-16
-6.80917e-17
-6.40811e-17
7.02934e-17
-1.11164e-16
1.24287e-16
-2.14602e-17
4.21074e-17
-9.23116e-17
-1.33622e-16
-1.38615e-16
9.26583e-17
-2.91518e-16
2.68358e-16
-9.74865e-17
-1.20879e-16
4.67001e-17
-1.06082e-16
-3.04797e-17
9.54206e-18
3.62877e-16
2.02023e-16
-4.2547e-17
2.037e-16
7.29938e-17
-1.11163e-16
1.33051e-16
4.71143e-17
1.19432e-16
-2.92656e-16
-8.07241e-17
-1.71695e-16
-5.79261e-17
2.95101e-17
8.24492e-18
-3.09429e-16
-1.30657e-18
-3.56569e-16
-1.15163e-16
-3.29828e-16
-5.10113e-17
-4.61179e-16
-1.26533e-17
-1.19302e-16
-1.72413e-16
-9.10304e-17
-1.13927e-16
-1.78812e-16
-7.01943e-17
-2.19899e-16
5.43726e-17
-4.59944e-16
-1.54427e-16
-1.63808e-16
-1.70436e-17
-1.33192e-16
-8.82482e-17
-1.02351e-16
-1.03291e-16
-2.72108e-16
-9.42462e-17
-1.02557e-16
7.30801e-17
1.973e-17
7.92654e-17
-2.15972e-16
1.83089e-17
-7.30503e-17
-1.56541e-17
2.31318e-17
-4.57093e-18
-1.77898e-16
2.02232e-16
-4.70844e-17
2.53588e-16
-1.39526e-16
2.61724e-16
-1.81153e-16
2.56394e-16
5.4132e-17
-1.63751e-16
-1.86934e-16
-1.82824e-16
-1.17444e-16
-7.21531e-17
-1.05078e-16
-1.9405e-16
-2.38719e-17
-4.84026e-16
-8.16626e-17
-3.7618e-17
8.06085e-17
-1.36352e-16
2.91341e-17
-1.65968e-16
-3.04643e-17
-3.27399e-16
-7.24498e-17
-6.05773e-16
-3.06579e-16
-3.55842e-16
-2.57767e-17
-3.11417e-16
6.38748e-17
-3.83173e-16
-7.28674e-17
-4.45235e-16
-1.84429e-16
-5.40694e-16
-1.36464e-16
-4.06534e-16
-4.12995e-17
-1.79221e-16
-1.2103e-16
-2.78211e-16
7.37106e-17
-1.83195e-16
-3.60638e-17
-2.78744e-16
-2.59745e-17
-7.78572e-17
1.51965e-16
-7.37196e-17
8.96122e-17
-2.478e-16
-2.87991e-17
-9.5777e-17
-1.1672e-16
-3.09476e-17
9.7902e-17
1.54978e-16
3.63486e-17
1.06138e-16
3.68857e-17
-3.10874e-16
2.89739e-16
-5.7286e-17
1.83627e-16
-1.82425e-16
-6.96977e-17
-1.80427e-16
-1.98556e-17
-1.09551e-16
2.69363e-17
1.09172e-16
-2.77136e-16
-7.171e-17
-3.85613e-16
-6.19467e-17
-1.21332e-16
7.81052e-17
-6.0825e-16
-1.92785e-18
-2.40275e-16
1.05172e-16
-4.8086e-16
-1.80465e-16
-4.53232e-16
-2.23278e-16
-2.19141e-16
-1.50818e-17
-6.51607e-16
-1.54088e-16
-6.74447e-16
-1.18781e-16
-4.63243e-16
1.07433e-16
-6.29008e-16
1.48341e-17
-1.85269e-16
7.35102e-17
-1.61471e-16
-6.1558e-17
-2.3573e-16
6.1751e-17
-1.81084e-16
6.40014e-17
-2.45979e-16
7.22886e-17
-2.75492e-16
1.12875e-16
-2.5621e-16
-8.97876e-18
-2.89801e-17
6.11074e-17
-1.65877e-17
4.88805e-17
2.7336e-17
7.73688e-17
4.61979e-16
1.48478e-16
1.36971e-16
-6.41105e-17
-6.13446e-17
2.78114e-16
-9.13638e-17
5.54523e-17
-4.30881e-17
-1.61615e-16
7.33565e-17
-6.24118e-17
-3.34788e-17
4.1096e-17
-9.8088e-20
-3.77939e-16
-1.00779e-16
-2.46863e-16
1.64627e-17
-3.19452e-16
-2.25762e-16
-3.98237e-16
-2.15208e-16
-2.32407e-16
-4.87561e-17
-5.71249e-16
4.7469e-17
-3.93447e-16
2.47433e-17
-4.89692e-16
-1.25194e-16
-6.59122e-16
1.01488e-16
-5.42645e-16
6.59087e-17
-5.63944e-16
-3.01762e-16
-3.98377e-16
-1.98819e-16
-3.6756e-16
-1.03474e-16
-1.63692e-16
3.66164e-17
-3.01191e-16
5.25628e-17
-2.13251e-16
7.94003e-17
-1.09302e-16
6.45274e-17
-2.46563e-16
1.03527e-16
-1.96402e-16
5.16155e-17
-1.68688e-17
8.2862e-17
5.32187e-17
-2.19765e-17
2.22059e-16
-1.63643e-16
4.67989e-16
7.4643e-17
1.5204e-16
6.29238e-17
3.21046e-16
1.04734e-16
-5.97996e-17
1.69708e-16
1.99445e-17
3.93325e-16
1.10681e-16
2.03517e-16
9.22185e-17
1.241e-16
-7.85748e-17
-3.80676e-16
-1.39026e-16
-4.80494e-16
-1.30746e-16
-1.95782e-16
-1.70246e-16
-4.13213e-16
-1.49373e-16
-3.07292e-16
-5.80321e-17
-3.14194e-16
-2.52414e-17
-3.11194e-16
-1.72858e-16
-2.51653e-16
-9.47007e-17
-3.53207e-16
1.22385e-17
-3.25549e-16
-1.42687e-16
-3.85607e-16
9.71385e-17
-2.60415e-16
1.10174e-16
-1.01164e-16
-2.52159e-17
1.00233e-17
1.09385e-16
-7.48693e-17
7.57909e-17
-7.00342e-17
4.30791e-17
1.0506e-17
8.04222e-17
-4.24874e-17
2.68369e-16
-1.04731e-16
2.49318e-16
-1.52111e-16
2.28217e-16
3.2661e-17
2.30147e-17
8.05484e-17
-1.01654e-17
-3.3869e-17
1.26339e-16
1.19387e-16
6.2885e-17
1.17602e-17
2.17998e-16
7.29212e-17
2.89186e-17
-8.80351e-17
-5.35873e-17
6.93112e-17
-7.74306e-18
-9.82811e-17
-2.86772e-17
-2.06447e-16
-7.91551e-17
-1.55418e-16
-4.41961e-16
-1.74653e-16
-2.82748e-16
-1.79724e-16
-2.95002e-16
-1.44182e-16
-2.14171e-16
7.04287e-18
-1.22319e-16
-6.93701e-18
-1.55749e-16
-8.1177e-17
-4.80817e-17
3.76637e-17
-1.19728e-16
6.01828e-17
-2.68834e-16
6.91943e-17
-1.3236e-16
1.3661e-16
-1.34352e-16
6.65509e-17
5.66082e-17
-1.41376e-17
-1.25375e-17
4.13482e-17
-7.55211e-17
-7.94091e-18
9.26959e-17
-2.98446e-17
1.80245e-16
4.74297e-17
1.21534e-17
2.33624e-16
4.24431e-17
1.84643e-16
-1.30346e-16
1.10635e-16
-1.20911e-17
8.98682e-17
-3.86688e-17
-8.44485e-17
-2.5022e-17
2.85938e-16
8.82707e-17
8.31228e-17
5.14957e-17
1.15742e-16
2.27027e-16
-1.93754e-18
-5.3517e-17
-7.38079e-17
4.65821e-17
-4.66268e-17
-9.82046e-17
4.9773e-17
-1.18454e-16
-4.1501e-17
-9.84808e-17
-2.9627e-16
-4.33799e-17
-1.7358e-16
-8.23244e-17
5.28756e-17
-9.58369e-17
-2.23443e-16
-6.33181e-17
1.30543e-16
-1.01652e-16
8.30926e-18
-1.64324e-16
1.57381e-17
-3.12639e-17
-1.0114e-16
-4.90746e-17
-5.47586e-17
-1.15224e-16
6.57628e-17
1.91542e-16
2.0306e-17
2.02511e-16
2.47708e-17
1.51209e-16
-1.21128e-16
2.33076e-17
1.66332e-16
-1.61353e-18
4.17189e-17
7.91193e-17
-4.00779e-17
8.15223e-17
1.0981e-16
6.71546e-17
1.47149e-16
2.79721e-16
-1.30613e-16
3.20057e-16
-1.1834e-16
8.58658e-17
-1.62483e-16
-5.24431e-17
-2.3361e-16
-7.28223e-18
-1.0313e-16
5.53236e-17
-4.05378e-17
6.01217e-17
3.14155e-16
-3.91118e-17
3.20448e-17
1.32523e-16
-1.7182e-17
1.74689e-16
-3.43804e-17
-1.11888e-16
-6.29214e-19
1.06906e-16
-1.0036e-16
-1.00197e-16
-1.11621e-16
-2.78219e-16
-3.96511e-17
4.09825e-17
-8.93361e-17
-5.24827e-17
1.33891e-17
-1.4275e-17
-4.95843e-18
-1.58679e-16
-1.23196e-16
-1.08363e-16
1.25507e-16
-1.82592e-16
1.08991e-16
-1.59164e-16
-7.66682e-17
-1.46331e-16
2.62966e-17
-1.01793e-16
5.65327e-17
-2.21051e-16
5.65469e-17
-2.14253e-17
6.31805e-17
5.62409e-17
4.12628e-17
-4.993e-17
-4.29329e-17
-8.59708e-17
1.0347e-16
4.67312e-17
2.148e-16
1.20597e-16
1.76725e-16
1.16159e-16
1.46984e-16
-2.10574e-16
-7.49365e-17
1.10693e-16
9.1671e-17
-2.55227e-16
1.55225e-16
1.25881e-16
1.28575e-16
-1.32291e-17
1.19903e-16
2.12581e-16
2.9997e-17
-1.54791e-16
-3.09434e-17
-6.80535e-17
1.28961e-17
-2.20952e-16
-4.10364e-16
-1.34927e-16
-1.43964e-16
-1.892e-16
-8.573e-17
3.34295e-17
-3.96139e-16
-1.60627e-16
-9.90674e-17
-2.53358e-17
-3.90005e-17
-4.29622e-17
-9.25948e-17
2.69147e-17
-3.45103e-17
-8.38315e-17
-3.17944e-16
7.53416e-18
-3.91202e-17
1.07658e-16
-2.23289e-16
-6.93385e-17
-1.14521e-16
1.39863e-17
-2.11404e-16
1.57205e-16
-3.65797e-16
1.00513e-17
-2.47616e-16
-1.50003e-17
-2.8772e-16
1.22191e-16
-6.76471e-17
1.75619e-16
-6.12099e-17
3.20899e-17
-1.55869e-16
-4.1568e-17
-1.32287e-16
8.04149e-17
8.87586e-17
2.4989e-16
-3.22697e-16
1.41545e-16
-3.51395e-17
1.32149e-16
-1.89897e-16
6.00886e-17
-1.2355e-16
-2.6447e-17
1.98188e-16
3.95875e-18
3.74584e-17
8.95909e-17
6.39662e-17
-1.25536e-16
-1.00548e-16
-1.21316e-16
-5.02349e-17
-1.70332e-16
-3.94624e-17
-1.6484e-16
-2.25276e-16
1.88117e-16
-1.8093e-17
-2.12533e-16
-9.06845e-18
-2.74377e-17
5.81376e-17
-2.09108e-16
-9.9714e-17
-2.57553e-17
-1.74975e-16
3.98696e-17
3.12592e-17
-3.26006e-16
3.62977e-17
-7.08547e-17
1.15877e-17
-2.5738e-16
2.38014e-17
-2.18179e-16
7.9515e-17
-1.4831e-16
3.3817e-17
-2.31133e-16
1.50623e-16
-2.49521e-16
3.12259e-17
-1.48896e-17
-9.72007e-17
-2.53081e-16
4.33677e-17
-2.48111e-16
1.43056e-16
-1.62141e-16
1.56638e-16
-1.77371e-16
6.05849e-17
-1.06188e-16
1.96878e-16
-7.77763e-17
-9.17333e-18
-3.00203e-16
-1.33003e-17
-1.00716e-16
1.76629e-16
-4.71611e-16
1.51118e-16
5.68482e-17
7.17783e-17
-2.10146e-18
1.8563e-18
-2.79269e-17
1.81673e-16
-2.66536e-17
2.11067e-16
5.82455e-17
1.03304e-16
1.37366e-17
-3.04318e-16
-1.16696e-16
-3.82894e-17
-9.88976e-17
-1.89194e-17
-8.65843e-17
-1.45595e-16
1.13175e-16
-2.45463e-16
-1.96331e-16
-7.87713e-17
-2.50107e-16
-8.11226e-17
-5.14599e-17
-3.73299e-16
-1.54079e-17
-1.36264e-16
2.76089e-18
-1.78392e-16
-3.64123e-17
-2.76902e-16
3.75281e-17
-8.69802e-17
1.27468e-16
-1.19019e-17
1.00276e-16
-2.87212e-16
6.78803e-17
-9.08976e-17
1.2977e-16
-2.06155e-16
1.84755e-16
-4.22774e-16
-1.19884e-16
-2.20104e-16
8.00713e-17
-1.38949e-16
2.70962e-16
-1.45964e-16
-1.90988e-17
-8.43434e-17
-8.39225e-17
-2.03209e-16
4.42309e-17
-1.27513e-16
2.10111e-16
-3.29496e-16
2.32797e-16
-3.28219e-16
5.81003e-17
6.57809e-18
8.28347e-17
-2.14631e-16
-1.50504e-16
-1.36179e-16
-7.39828e-17
9.19924e-17
5.3192e-17
-1.44612e-16
-2.58908e-16
-9.71743e-17
-2.05502e-16
1.00181e-16
-1.94917e-17
8.7535e-18
-1.41502e-17
1.21111e-16
-2.2402e-16
-1.22765e-16
-3.55359e-16
-2.0974e-16
-4.9341e-16
-8.12779e-17
-4.65953e-16
-3.04211e-17
-1.36207e-16
1.34749e-16
-3.97149e-16
7.64721e-17
-1.57561e-16
6.77971e-17
-4.99847e-16
-1.3787e-16
-1.2092e-16
3.55883e-18
-4.87296e-16
5.44547e-17
-2.42399e-16
6.5127e-17
-8.79457e-17
1.44348e-16
-1.93229e-16
2.02315e-16
-1.99551e-16
-3.25587e-17
-1.13639e-16
9.08676e-17
-2.57081e-16
1.9337e-16
5.49065e-17
-1.16611e-17
-3.35787e-16
4.80294e-17
-1.21495e-16
1.72621e-16
-1.34135e-16
1.49209e-16
-4.85666e-16
1.47389e-16
-2.03534e-16
5.09351e-17
-3.26258e-17
-3.72549e-17
-7.33396e-17
8.39076e-17
-2.24133e-17
-4.72065e-18
1.83873e-19
-1.68784e-16
-1.21604e-16
-2.09199e-16
9.23556e-17
-2.47261e-17
-5.82502e-18
-2.21437e-16
-2.53808e-16
-1.94949e-16
-1.69272e-16
-5.121e-16
1.54565e-17
-5.77718e-16
-1.60754e-16
-1.21193e-16
-1.72776e-16
-4.74831e-17
-5.32379e-17
-4.6181e-16
7.41945e-17
-1.70653e-16
2.34679e-16
-2.64148e-16
2.33109e-16
-2.37518e-17
2.44548e-17
-1.49341e-16
-5.73738e-17
-2.5611e-16
1.3406e-16
-2.20068e-16
1.02087e-16
-1.63049e-17
1.04904e-16
-1.72387e-16
2.80625e-16
2.17858e-17
5.26774e-17
-3.59523e-17
3.81827e-17
6.12369e-19
9.20232e-17
-9.55516e-17
1.11844e-16
1.27373e-16
2.49329e-16
-2.87755e-17
1.20336e-16
-2.61922e-16
1.84022e-16
-1.07067e-16
8.54776e-17
-1.62469e-16
-1.02448e-18
-1.20751e-16
2.53365e-18
5.23614e-17
7.41832e-17
9.05739e-17
-1.3513e-16
-1.69726e-16
1.34229e-17
-2.3075e-16
-2.02742e-17
-1.06665e-16
-2.51934e-16
-3.05105e-17
-1.19811e-16
1.7201e-17
-4.10918e-16
2.22825e-17
-3.24802e-16
-1.44826e-16
-7.63409e-17
-2.11637e-16
-3.85932e-16
4.52769e-17
-2.33313e-16
4.63864e-17
-2.36064e-16
1.05116e-16
-1.73348e-18
1.50445e-16
4.11748e-17
9.87777e-17
8.91565e-17
-1.42085e-17
-2.1344e-16
4.34151e-18
-9.72234e-17
1.91827e-16
-9.30698e-17
1.71567e-16
-4.77904e-17
1.29567e-16
-3.64484e-17
6.28667e-17
9.42837e-17
1.78007e-16
2.80552e-17
1.27378e-16
-2.68769e-17
-7.76861e-18
1.81656e-16
6.61911e-18
5.29859e-17
8.8435e-17
-5.16731e-17
1.24574e-16
-1.42773e-16
1.596e-16
-1.32525e-16
1.98379e-16
-3.93208e-17
8.58555e-17
2.6407e-16
4.24822e-19
-1.26939e-16
-1.15079e-16
-2.27545e-16
-1.31956e-16
-7.11715e-17
-1.2824e-17
-2.03884e-16
-9.07239e-17
-1.7781e-16
-2.40655e-16
-1.09545e-16
-2.14946e-16
1.20033e-16
-2.16104e-17
-3.97935e-17
-4.33006e-16
-2.25526e-16
-4.7863e-16
9.55249e-17
-1.83446e-17
1.19348e-16
-5.88471e-17
9.70453e-17
9.18566e-17
1.35228e-16
-1.54841e-16
1.28936e-16
1.67039e-16
9.55327e-18
2.29148e-16
4.57642e-17
4.06173e-17
-1.12636e-16
1.42099e-16
2.54383e-16
9.08543e-17
3.28411e-16
1.46132e-16
1.70841e-16
-4.4891e-17
5.66698e-17
-2.01838e-17
7.08691e-17
4.52234e-17
4.46558e-17
-1.8164e-16
1.20044e-16
6.40587e-17
1.92713e-16
-3.5376e-17
3.29495e-16
-1.70712e-16
8.03605e-17
-1.33254e-17
-2.84607e-17
-6.70201e-17
5.29522e-17
-2.02667e-16
-2.58022e-16
-1.79157e-16
-1.59235e-17
-1.40366e-16
2.71929e-17
-1.21466e-16
-1.14794e-16
-1.38264e-16
1.01481e-16
-1.83278e-16
-7.3039e-17
-1.86269e-16
7.46242e-17
3.70199e-17
1.16849e-16
9.35415e-17
-2.1384e-16
7.10953e-17
-5.79515e-17
1.16846e-16
8.98801e-17
4.62184e-18
8.90299e-17
8.00879e-17
3.96428e-17
-1.07572e-17
2.9138e-17
-7.59496e-17
1.58556e-16
1.24846e-16
1.16863e-16
1.54333e-16
1.34691e-16
1.91622e-16
2.07292e-16
1.45571e-16
2.89632e-16
6.29095e-17
1.46608e-16
9.27623e-17
-5.08599e-17
5.72987e-17
6.63271e-17
7.89698e-17
2.01732e-17
5.48716e-17
-2.41432e-16
1.74314e-17
-2.63478e-17
1.43008e-16
-1.39955e-16
1.57057e-16
-2.49402e-16
-4.93892e-17
4.39429e-17
1.50245e-16
-1.98147e-16
-4.4676e-17
-1.49207e-16
-4.75495e-16
-1.75506e-16
-7.96806e-17
-1.91977e-16
-8.674e-17
-1.67132e-16
-2.43183e-16
-2.19492e-16
1.10385e-16
-5.60299e-17
-1.06223e-16
-1.03111e-16
2.88087e-16
-1.27292e-17
1.82198e-16
4.9974e-17
-8.01665e-17
1.15019e-16
9.65481e-17
2.02605e-16
1.79369e-16
2.21682e-16
1.6241e-16
3.25257e-17
-1.60797e-17
-1.86188e-16
-5.66202e-17
-1.00657e-16
-4.89863e-17
1.60022e-17
-1.51633e-16
2.09753e-16
6.5576e-17
2.54319e-16
1.06456e-16
1.38157e-16
3.18103e-16
1.757e-17
2.80358e-17
8.99491e-17
1.71261e-16
7.79226e-17
1.70108e-16
2.41554e-17
-8.09124e-17
-4.23834e-17
-2.90834e-16
1.92152e-17
-2.40437e-16
8.72671e-17
-1.48561e-16
2.07755e-16
-1.35044e-16
1.74521e-16
9.97201e-17
4.29217e-18
-1.48393e-16
8.05533e-18
-2.95182e-16
-2.3554e-16
-7.42167e-17
-1.10767e-17
-5.81728e-17
-2.79021e-16
-2.77884e-17
-1.8461e-16
-1.46451e-16
7.33459e-17
-5.9443e-17
-1.27034e-16
-2.01331e-16
1.49456e-16
-3.63906e-17
1.19041e-16
1.87307e-17
-2.89803e-17
4.47833e-17
2.78892e-17
4.0088e-17
1.21186e-16
1.12558e-16
-1.20629e-16
1.74267e-17
2.04854e-16
2.97357e-17
-1.58841e-16
1.07178e-16
-4.62556e-18
1.23359e-16
-3.88977e-17
1.8205e-16
1.20739e-16
1.40306e-16
2.58282e-16
1.30782e-16
1.64526e-16
1.2997e-16
1.11444e-16
3.79608e-19
1.69815e-16
-4.81573e-17
1.38652e-16
-2.46575e-17
5.26565e-17
-1.17573e-17
-2.50296e-16
1.19302e-16
-1.49294e-16
2.37968e-16
-1.17848e-16
6.82248e-17
-1.34705e-16
-6.476e-17
-1.10298e-16
-4.68871e-17
2.93554e-18
-1.35951e-16
-2.07547e-16
-6.53047e-17
1.30248e-17
-1.00546e-16
-1.35735e-16
-1.69619e-16
4.1733e-17
-1.37559e-16
-1.33643e-16
-7.87465e-18
1.04351e-16
1.27449e-16
8.46822e-17
-2.78103e-17
-2.52918e-17
9.39217e-17
1.78923e-16
2.01468e-16
1.19165e-16
1.63322e-16
3.17301e-17
-1.02806e-17
-4.0835e-17
-1.46876e-16
-1.01005e-16
8.95548e-17
2.6698e-16
2.36015e-16
1.68243e-17
-1.02887e-16
-2.01561e-16
)
;

boundaryField
{
    outerWall
    {
        type            calculated;
        value           uniform 0;
    }
    axis
    {
        type            symmetryPlane;
        value           uniform 0;
    }
    nozzle
    {
        type            calculated;
        value           nonuniform List<scalar> 5(0.27511 0.275118 0.275118 0.275118 0.27511);
    }
    back
    {
        type            empty;
    }
    front
    {
        type            empty;
    }
}


// ************************************************************************* //
