/*--------------------------------*- C++ -*----------------------------------*\
| =========                 |                                                 |
| \\      /  F ield         | OpenFOAM: The Open Source CFD Toolbox           |
|  \\    /   O peration     | Version:  2412                                  |
|   \\  /    A nd           | Website:  www.openfoam.com                      |
|    \\/     M anipulation  |                                                 |
\*---------------------------------------------------------------------------*/
FoamFile
{
    version     2.0;
    format      ascii;
    arch        "LSB;label=32;scalar=64";
    class       surfaceScalarField;
    location    "3.5e-05";
    object      phi;
}
// * * * * * * * * * * * * * * * * * * * * * * * * * * * * * * * * * * * * * //

dimensions      [1 0 -1 0 0 0 0];

oriented        oriented;

internalField   nonuniform List<scalar> 
7275
(
-1.50206e-16
6.03351e-17
-1.87197e-16
1.29946e-16
-7.80029e-17
-8.21075e-18
4.8605e-17
1.64769e-16
1.25747e-16
-3.12728e-16
8.42205e-17
1.33246e-16
7.62336e-18
-4.48588e-17
2.83685e-17
-1.36503e-18
5.30589e-17
4.36186e-17
4.69755e-17
5.90926e-17
1.72359e-16
9.12497e-17
3.75683e-16
2.97184e-16
1.80858e-15
1.43144e-15
6.55015e-15
5.70115e-15
2.2885e-14
2.07631e-14
7.5493e-14
7.34001e-14
2.37831e-13
2.48437e-13
7.15622e-13
8.08938e-13
2.05075e-12
2.53002e-12
5.57416e-12
7.5732e-12
1.4283e-11
2.16072e-11
3.42308e-11
5.84624e-11
7.59508e-11
1.49092e-10
1.53887e-10
3.55625e-10
2.79307e-10
7.85685e-10
4.41468e-10
1.58744e-09
5.8263e-10
2.88455e-09
6.00877e-10
4.63687e-09
4.01048e-10
6.49403e-09
7.77251e-09
2.50963e-16
-1.44611e-16
-1.22331e-16
1.85083e-16
-6.73186e-17
4.26506e-17
1.64597e-16
5.69812e-17
-1.22707e-16
1.70337e-19
5.84267e-17
1.01212e-16
4.78328e-17
-3.89126e-17
6.00401e-17
-7.88369e-17
-3.7385e-18
3.91711e-17
8.12718e-18
4.36191e-17
2.39694e-16
1.85179e-16
1.11846e-15
1.25727e-15
4.33188e-15
4.68377e-15
1.55554e-14
1.81436e-14
5.35378e-14
6.58966e-14
1.76456e-13
2.32912e-13
5.57653e-13
7.90626e-13
1.68575e-12
2.58414e-12
4.85818e-12
8.11435e-12
1.32862e-11
2.43913e-11
3.42655e-11
6.99017e-11
8.26928e-11
1.90032e-10
1.84857e-10
4.87082e-10
3.7761e-10
1.16815e-09
6.91477e-10
2.59589e-09
1.1034e-09
5.27762e-09
1.46991e-09
9.65162e-09
1.52938e-09
1.56072e-08
1.02904e-09
2.19692e-08
2.63866e-08
-1.59041e-16
-9.82814e-17
-8.58559e-17
1.12459e-16
3.846e-17
-8.60101e-18
-1.03594e-18
8.42493e-19
2.21444e-17
-1.0659e-16
-2.11034e-17
1.74684e-16
-8.43804e-17
1.18557e-16
4.60242e-17
7.50602e-17
4.65898e-17
1.73539e-16
1.83342e-16
2.05047e-16
8.01699e-16
8.72316e-16
3.15088e-15
3.08713e-15
1.24056e-14
1.33527e-14
4.40326e-14
5.06633e-14
1.5139e-13
1.84967e-13
5.00151e-13
6.53191e-13
1.58665e-12
2.22589e-12
4.82071e-12
7.30925e-12
1.39708e-11
2.30651e-11
3.84324e-11
6.96953e-11
9.97447e-11
2.00837e-10
2.42349e-10
5.4919e-10
5.45739e-10
1.41647e-09
1.12369e-09
3.41987e-09
2.07565e-09
7.65453e-09
3.34337e-09
1.56824e-08
4.49566e-09
2.89091e-08
4.71905e-09
4.70956e-08
3.20144e-09
6.67177e-08
8.04924e-08
-2.32315e-16
-2.81874e-17
-3.77197e-17
6.71496e-17
3.26385e-17
1.6681e-16
-5.72523e-17
-5.11514e-17
-2.9546e-17
-1.19678e-17
2.28167e-17
2.10463e-17
-2.80006e-17
2.35091e-17
1.32975e-16
5.7487e-17
1.84087e-17
2.70558e-16
5.10441e-16
5.99756e-16
2.3682e-15
2.28265e-15
9.2875e-15
9.03789e-15
3.49136e-14
3.58738e-14
1.24374e-13
1.35702e-13
4.27959e-13
4.96962e-13
1.41911e-12
1.76142e-12
4.52369e-12
6.03166e-12
1.38142e-11
1.99082e-11
4.02537e-11
6.31567e-11
1.11379e-10
1.91914e-10
2.90862e-10
5.56316e-10
7.11425e-10
1.53087e-09
1.61364e-09
3.9751e-09
3.3488e-09
9.66699e-09
6.23954e-09
2.18065e-08
1.01457e-08
4.50524e-08
1.37729e-08
8.37805e-08
1.45894e-08
1.37614e-07
9.9837e-09
1.96345e-07
2.38098e-07
-2.52614e-16
1.18814e-16
-1.48797e-16
-1.58403e-16
-6.25953e-17
2.00556e-16
-1.24624e-17
5.38077e-17
4.76314e-17
7.41244e-17
3.74629e-17
6.87418e-17
-3.74686e-17
4.01743e-17
6.41493e-17
1.92463e-16
2.79384e-16
2.48687e-16
1.55041e-15
1.39893e-15
6.5617e-15
5.81485e-15
2.57804e-14
2.38284e-14
9.55695e-14
9.27599e-14
3.41611e-13
3.51665e-13
1.18067e-12
1.29343e-12
3.93348e-12
4.6054e-12
1.26006e-11
1.58499e-11
3.86839e-11
5.25952e-11
1.13359e-10
1.67789e-10
3.15537e-10
5.12873e-10
8.29294e-10
1.49602e-09
2.04239e-09
4.14418e-09
4.66724e-09
1.08377e-08
9.76562e-09
2.65587e-08
1.83606e-08
6.0408e-08
3.01528e-08
1.25924e-07
4.13527e-08
2.36394e-07
4.42352e-08
3.9179e-07
3.05612e-08
5.63398e-07
6.87169e-07
9.10085e-18
-3.36462e-17
-8.15337e-17
1.59906e-17
-1.53349e-16
1.48212e-16
6.73446e-17
1.34107e-16
7.56537e-17
1.0173e-16
-1.81e-17
5.44266e-17
4.93481e-18
1.42831e-16
2.53266e-16
2.85826e-16
9.81415e-16
7.1625e-16
4.35381e-15
3.43561e-15
1.77743e-14
1.46618e-14
6.8455e-14
5.91634e-14
2.54132e-13
2.31712e-13
9.12511e-13
8.82197e-13
3.16775e-12
3.25918e-12
1.06058e-11
1.16634e-11
3.41545e-11
4.03558e-11
1.05438e-10
1.34663e-10
3.10793e-10
4.32129e-10
8.70514e-10
1.32907e-09
2.30321e-09
3.90234e-09
5.71335e-09
1.0886e-08
1.31588e-08
2.86833e-08
2.77713e-08
7.08622e-08
5.27139e-08
1.62599e-07
8.74904e-08
3.42196e-07
1.21321e-07
6.4898e-07
1.31171e-07
1.0862e-06
9.15939e-08
1.57555e-06
1.93435e-06
1.49793e-17
-1.79579e-16
-1.29753e-17
-2.04452e-16
-7.59148e-17
8.08576e-17
2.69356e-17
8.41373e-17
1.41022e-16
1.1591e-16
6.6867e-17
-2.92796e-19
7.64184e-17
7.09611e-17
4.76597e-16
3.45091e-16
2.63551e-15
1.77034e-15
1.1416e-14
8.49051e-15
4.58159e-14
3.49461e-14
1.76063e-13
1.4196e-13
6.55637e-13
5.59049e-13
2.36509e-12
2.13769e-12
8.25072e-12
7.93659e-12
2.77695e-11
2.85549e-11
8.99206e-11
9.9353e-11
2.79209e-10
3.33478e-10
8.28075e-10
1.07674e-09
2.33461e-09
3.33332e-09
6.22035e-09
9.85513e-09
1.55475e-08
2.76961e-08
3.61055e-08
7.35585e-08
7.68962e-08
1.83297e-07
1.47446e-07
4.24545e-07
2.47505e-07
9.02652e-07
3.47364e-07
1.73092e-06
3.79999e-07
2.92849e-06
2.68537e-07
4.28892e-06
5.30549e-06
4.70558e-17
5.30531e-17
7.03101e-17
-1.68067e-16
1.0209e-16
1.5802e-16
-9.34935e-18
3.62796e-17
-2.04361e-17
-2.63742e-17
1.05441e-16
2.81788e-17
3.49437e-16
2.54958e-16
1.47233e-15
1.02723e-15
6.91096e-15
4.46603e-15
2.85845e-14
1.9349e-14
1.13494e-13
8.09285e-14
4.37903e-13
3.28476e-13
1.63811e-12
1.29853e-12
5.93844e-12
4.99126e-12
2.08249e-11
1.86312e-11
7.04763e-11
6.7412e-11
2.29529e-10
2.35935e-10
7.17049e-10
7.96818e-10
2.14037e-09
2.58958e-09
6.07602e-09
8.07211e-09
1.6309e-08
2.40413e-08
4.10908e-08
6.80965e-08
9.62612e-08
1.82396e-07
2.07003e-07
4.58693e-07
4.01229e-07
1.07311e-06
6.81753e-07
2.30685e-06
9.69504e-07
4.47719e-06
1.07442e-06
7.66595e-06
7.69605e-07
1.13489e-05
1.41622e-05
3.37378e-16
-5.48257e-18
1.43015e-17
9.85442e-17
-1.05343e-16
-5.50955e-17
-7.45959e-17
1.11408e-16
7.23576e-17
1.9547e-16
1.86367e-16
1.56584e-16
8.6747e-16
3.94228e-16
3.75135e-15
2.22936e-15
1.65033e-14
9.80229e-15
6.81991e-14
4.2793e-14
2.71835e-13
1.79052e-13
1.05247e-12
7.29636e-13
3.9558e-12
2.89799e-12
1.44156e-11
1.12001e-11
5.08308e-11
4.20437e-11
1.73015e-10
1.53026e-10
5.669e-10
5.38907e-10
1.78236e-09
1.83195e-09
5.35656e-09
5.9948e-09
1.53167e-08
1.88238e-08
4.14348e-08
5.65025e-08
1.05284e-07
1.61387e-07
2.48943e-07
4.36202e-07
5.40871e-07
1.10782e-06
1.06054e-06
2.61986e-06
1.82586e-06
5.69934e-06
2.63443e-06
1.12082e-05
2.96189e-06
1.9449e-05
2.15452e-06
2.91457e-05
3.67462e-05
-3.81416e-18
-1.04589e-16
1.18556e-18
1.49193e-16
-3.58522e-17
-1.21224e-16
2.25676e-17
-9.73748e-17
9.21368e-17
1.71725e-18
3.23587e-16
9.16835e-17
1.95237e-15
7.29756e-16
8.89895e-15
4.67374e-15
3.80984e-14
2.08539e-14
1.56707e-13
8.99421e-14
6.26722e-13
3.78282e-13
2.43792e-12
1.55059e-12
9.21151e-12
6.19269e-12
3.37533e-11
2.40698e-11
1.19704e-10
9.08952e-11
4.09912e-10
3.32902e-10
1.3517e-09
1.18008e-09
4.27857e-09
4.03937e-09
1.2951e-08
1.33154e-08
3.73184e-08
4.21378e-08
1.01794e-07
1.27541e-07
2.60996e-07
3.67576e-07
6.23265e-07
1.0032e-06
1.36915e-06
2.57499e-06
2.71821e-06
6.16112e-06
4.74687e-06
1.3578e-05
6.95985e-06
2.70926e-05
7.95238e-06
4.77253e-05
5.88764e-06
7.2521e-05
9.25566e-05
5.84604e-17
-1.07758e-16
1.65547e-16
-1.04232e-16
3.31762e-17
-3.34582e-16
6.05198e-18
-1.81056e-16
1.27402e-16
-2.06779e-16
8.33597e-16
2.79908e-16
4.34181e-15
2.02918e-15
1.96267e-14
9.41701e-15
8.37445e-14
4.17333e-14
3.45714e-13
1.80306e-13
1.38883e-12
7.6193e-13
5.42979e-12
3.14151e-12
2.06289e-11
1.26195e-11
7.60263e-11
4.93444e-11
2.71258e-10
1.87517e-10
9.34816e-10
6.91326e-10
3.10337e-09
2.46773e-09
9.89346e-09
8.50925e-09
3.01758e-08
2.82699e-08
8.76645e-08
9.0211e-08
2.41245e-07
2.75501e-07
6.24531e-07
8.01704e-07
1.50732e-06
2.21113e-06
3.35069e-06
5.7412e-06
6.7422e-06
1.39129e-05
1.19581e-05
3.11003e-05
1.78495e-05
6.30612e-05
2.07712e-05
0.000113004
1.56952e-05
0.000174492
0.000226011
1.40506e-17
-2.06725e-17
9.92558e-17
-9.06221e-17
6.62726e-17
-4.5227e-16
6.41815e-17
-2.49096e-16
3.62601e-16
4.00355e-17
1.89314e-15
4.8096e-16
9.32366e-15
3.71026e-15
4.13377e-14
1.74369e-14
1.76224e-13
7.87343e-14
7.30234e-13
3.42857e-13
2.94873e-12
1.4569e-12
1.15919e-11
6.03924e-12
4.42937e-11
2.44074e-11
1.64231e-10
9.60435e-11
5.89701e-10
3.67411e-10
2.0459e-09
1.36404e-09
6.84031e-09
4.90512e-09
2.19721e-08
1.7047e-08
6.75606e-08
5.71094e-08
1.97989e-07
1.83878e-07
5.50021e-07
5.66996e-07
1.43869e-06
1.66729e-06
3.51228e-06
4.65125e-06
7.90838e-06
1.22297e-05
1.61474e-05
3.00539e-05
2.91303e-05
6.82439e-05
4.43626e-05
0.00014088
5.27129e-05
0.000257471
4.07871e-05
0.00040509
0.000534286
2.83854e-17
6.34273e-17
-5.75427e-17
1.21751e-16
8.63374e-18
-1.58403e-16
2.05159e-16
-1.82062e-16
7.45841e-16
2.14799e-16
4.06261e-15
1.28536e-15
1.87957e-14
6.71999e-15
8.27146e-14
3.11849e-14
3.53596e-13
1.40507e-13
1.47262e-12
6.14839e-13
5.97875e-12
2.62661e-12
2.36381e-11
1.09539e-11
9.0868e-11
4.45508e-11
3.39055e-10
1.76474e-10
1.22559e-09
6.79834e-10
4.28216e-09
2.54267e-09
1.44249e-08
9.2155e-09
4.6708e-08
3.2296e-08
1.44862e-07
1.09169e-07
4.28497e-07
3.549e-07
1.20252e-06
1.10583e-06
3.18073e-06
3.28895e-06
7.86195e-06
9.29051e-06
1.79511e-05
2.47678e-05
3.72434e-05
6.18141e-05
6.8459e-05
0.000142838
0.000106641
0.000300872
0.000129816
0.000562587
0.000103291
0.00090507
0.00122109
2.51861e-17
-1.26328e-16
1.28358e-18
-1.26998e-17
1.17084e-16
-2.7731e-17
1.89281e-16
4.82561e-17
1.60412e-15
3.89841e-16
7.81561e-15
2.26868e-15
3.56444e-14
1.11995e-14
1.57193e-13
5.1989e-14
6.74479e-13
2.34931e-13
2.82397e-12
1.0326e-12
1.15307e-11
4.43639e-12
4.58596e-11
1.86166e-11
1.77396e-10
7.62127e-11
6.66295e-10
3.03989e-10
2.42533e-09
1.17968e-09
8.53719e-09
4.44668e-09
2.89873e-08
1.62509e-08
9.46632e-08
5.74618e-08
2.96302e-07
1.9611e-07
8.85245e-07
6.44203e-07
2.51163e-06
2.03014e-06
6.72413e-06
6.11349e-06
1.68461e-05
1.75081e-05
3.90566e-05
4.73953e-05
8.24711e-05
0.000120346
0.000154779
0.000283617
0.000247359
0.000611216
0.000309758
0.00117402
0.000254712
0.00194024
0.00269444
4.6044e-17
-4.57768e-17
6.44437e-17
-1.4575e-16
1.35575e-16
8.18423e-17
3.88441e-16
9.22953e-17
2.83438e-15
5.10969e-16
1.40353e-14
3.41983e-15
6.39985e-14
1.74162e-14
2.82503e-13
8.03655e-14
1.21815e-12
3.64404e-13
5.12794e-12
1.61056e-12
2.10586e-11
6.96083e-12
8.42647e-11
2.93952e-11
3.28059e-10
1.2115e-10
1.24061e-09
4.8669e-10
4.54879e-09
1.90311e-09
1.61365e-08
7.23222e-09
5.52491e-08
2.66634e-08
1.82058e-07
9.51746e-08
5.75455e-07
3.2817e-07
1.73775e-06
1.09014e-06
4.98887e-06
3.47802e-06
1.35326e-05
1.0617e-05
3.44075e-05
3.08708e-05
8.11263e-05
8.50079e-05
0.000174685
0.00022009
0.000335565
0.00053042
0.000552153
0.00117346
0.000715329
0.00232701
0.000612054
0.00397602
0.00573447
-6.60014e-17
7.75424e-17
2.47699e-17
-1.36166e-16
7.58722e-17
1.1967e-16
8.41183e-16
1.53061e-17
5.06311e-15
9.15239e-16
2.37089e-14
4.90253e-15
1.07789e-13
2.45089e-14
4.78393e-13
1.14284e-13
2.07297e-12
5.19742e-13
8.77361e-12
2.30935e-12
3.62392e-11
1.0041e-11
1.45899e-10
4.26702e-11
5.71726e-10
1.77047e-10
2.17717e-09
7.1638e-10
8.04247e-09
2.82301e-09
2.87601e-08
1.0818e-08
9.93296e-08
4.02463e-08
3.30423e-07
1.45085e-07
1.05529e-06
5.05717e-07
3.22336e-06
1.70014e-06
9.37222e-06
5.4968e-06
2.57881e-05
1.70309e-05
6.66386e-05
5.03604e-05
0.00016008
0.000141356
0.000352302
0.000374169
0.000694763
0.000925305
0.00118167
0.00211069
0.00159487
0.00434874
0.00143024
0.00775257
0.0117589
4.87296e-17
7.84705e-17
1.00827e-16
-6.42942e-17
1.16104e-16
1.65574e-16
1.40029e-15
-3.05802e-17
7.86163e-15
1.15664e-15
3.73193e-14
6.40554e-15
1.7055e-13
3.14394e-14
7.59598e-13
1.47242e-13
3.30715e-12
6.72706e-13
1.4071e-11
3.00555e-12
5.84474e-11
1.31411e-11
2.36725e-10
5.61809e-11
9.33616e-10
2.34617e-10
3.57993e-09
9.55964e-10
1.33234e-08
3.79574e-09
4.80331e-08
1.46661e-08
1.67372e-07
5.5059e-08
5.62229e-07
2.0048e-07
1.81513e-06
7.06637e-07
5.61164e-06
2.40544e-06
1.65397e-05
7.88776e-06
4.6219e-05
2.48345e-05
0.000121578
7.48079e-05
0.000298188
0.000214527
0.000672625
0.000582428
0.00136698
0.00148422
0.00241524
0.00351135
0.00343282
0.00757436
0.00326879
0.0142818
0.0232467
1.04765e-16
-1.84058e-16
-1.90181e-17
-1.30206e-16
2.00197e-16
7.38472e-18
2.07569e-15
1.0614e-16
1.15119e-14
1.32154e-15
5.50251e-14
7.38338e-15
2.51687e-13
3.61448e-14
1.12568e-12
1.6979e-13
4.9232e-12
7.77319e-13
2.1049e-11
3.48965e-12
8.78885e-11
1.53348e-11
3.57964e-10
6.59178e-11
1.42031e-09
2.76904e-10
5.48191e-09
1.1355e-09
2.05482e-08
4.54023e-09
7.46634e-08
1.7678e-08
2.62434e-07
6.69342e-08
8.90133e-07
2.46049e-07
2.90525e-06
8.76631e-07
9.09368e-06
3.02085e-06
2.71863e-05
1.00471e-05
7.72339e-05
3.21595e-05
0.000207139
9.87991e-05
0.000519924
0.000290069
0.00120604
0.000810677
0.00253757
0.0021403
0.00468435
0.00529667
0.00708132
0.0120942
0.00721417
0.0246512
0.0442524
4.27588e-17
-1.79962e-16
-2.84829e-17
-1.45818e-16
3.23638e-16
-1.91314e-16
3.08217e-15
4.71868e-16
1.5908e-14
1.49987e-15
7.54145e-14
7.47955e-15
3.45767e-13
3.58393e-14
1.55118e-12
1.69437e-13
6.81132e-12
7.79569e-13
2.92466e-11
3.51334e-12
1.2268e-10
1.55059e-11
5.02152e-10
6.69646e-11
2.00317e-09
2.82733e-10
7.77712e-09
1.16586e-09
2.93405e-08
4.69019e-09
1.07377e-07
1.83861e-08
3.80451e-07
7.01461e-08
1.30213e-06
2.60077e-07
4.29392e-06
9.35746e-07
1.36011e-05
3.26128e-06
4.12318e-05
1.09923e-05
0.000119094
3.57461e-05
0.000325901
0.000111965
0.000838674
0.000336618
0.00200784
0.000970141
0.00440224
0.0026636
0.00858207
0.00696022
0.014095
0.0170359
0.0159844
0.038874
0.0818928
5.12709e-17
-1.34503e-16
5.98804e-17
-3.76427e-17
5.802e-16
-1.19013e-16
3.9628e-15
1.65206e-16
2.01995e-14
1.03679e-15
9.57009e-14
5.79117e-15
4.39964e-13
2.92906e-14
1.9804e-12
1.38758e-13
8.72393e-12
6.39585e-13
3.75894e-11
2.89224e-12
1.5827e-10
1.28073e-11
6.50482e-10
5.55075e-11
2.6065e-09
2.35272e-10
1.01693e-08
9.74306e-10
3.85752e-08
3.93817e-09
1.42036e-07
1.55198e-08
5.0673e-07
5.95647e-08
1.74803e-06
2.2235e-07
5.81709e-06
8.06337e-07
1.86239e-05
2.83634e-06
5.71862e-05
9.66705e-06
0.000167771
3.18653e-05
0.000468127
0.000101553
0.00123497
0.000312157
0.00305497
0.000928065
0.00700271
0.00265759
0.0145065
0.00744077
0.0259632
0.0200707
0.0316316
0.0559129
0.144182
-2.63736e-16
-5.72648e-17
2.13187e-18
-2.12809e-16
4.97959e-16
-3.08051e-17
3.67378e-15
9.11936e-17
1.87084e-14
1.00787e-15
8.85348e-14
4.0389e-15
4.07732e-13
1.9576e-14
1.83866e-12
9.25115e-14
8.11641e-12
4.27279e-13
3.505e-11
1.93453e-12
1.47937e-10
8.58029e-12
6.09625e-10
3.72565e-11
2.4499e-09
1.58228e-10
9.58914e-09
6.56669e-10
3.65053e-08
2.66057e-09
1.3496e-07
1.05123e-08
4.8372e-07
4.04627e-08
1.67761e-06
1.51529e-07
5.61812e-06
5.51467e-07
1.81238e-05
1.94749e-06
5.61739e-05
6.66631e-06
0.000166771
2.20759e-05
0.000472768
7.06737e-05
0.00127488
0.000218116
0.00326081
0.00064911
0.00788225
0.00185267
0.0180828
0.00506948
0.0395534
0.0130885
0.088036
0.0312141
0.0694631
0.196458
-2.89968e-17
7.99462e-17
9.67954e-17
-1.32964e-16
6.01345e-16
-2.3424e-17
4.04917e-15
1.16282e-16
2.02809e-14
2.49833e-16
9.55777e-14
1.42297e-15
4.40752e-13
6.84646e-15
1.98968e-12
3.23331e-14
8.79321e-12
1.49959e-13
3.80181e-11
6.79447e-13
1.60672e-10
3.01674e-12
6.63039e-10
1.31133e-11
2.66868e-09
5.57534e-11
1.04634e-08
2.31659e-10
3.99096e-08
9.3979e-10
1.47863e-07
3.71837e-09
5.31263e-07
1.43336e-08
1.84768e-06
5.37642e-08
6.20793e-06
1.96006e-07
2.01038e-05
6.9346e-07
6.25986e-05
2.37818e-06
0.000186884
7.88994e-06
0.000533397
2.52955e-05
0.00145037
7.81308e-05
0.00374593
0.000232203
0.0091532
0.000660076
0.0211189
0.00178332
0.0458173
0.00451557
0.0934093
0.0101002
0.0201385
0.179824
1.41069e-16
6.95831e-17
1.23012e-16
-1.60268e-16
6.37173e-16
1.13321e-16
4.01382e-15
8.95641e-18
2.06588e-14
-4.196e-16
9.80933e-14
-1.38637e-15
4.5245e-13
-7.15284e-15
2.04294e-12
-3.27683e-14
9.03112e-12
-1.51168e-13
3.9063e-11
-6.84326e-13
1.6516e-10
-3.03612e-12
6.81887e-10
-1.31911e-11
2.74598e-09
-5.60637e-11
1.07727e-08
-2.32867e-10
4.1116e-08
-9.44377e-10
1.52443e-07
-3.73534e-09
5.48167e-07
-1.43946e-08
1.90826e-06
-5.3977e-08
6.41842e-06
-1.96724e-07
2.08117e-05
-6.95799e-07
6.48992e-05
-2.38549e-06
0.000194091
-7.91169e-06
0.000555106
-2.53565e-05
0.00151299
-7.82884e-05
0.00391741
-0.000232562
0.00959442
-0.000660713
0.0221433
-0.00178373
0.0478782
-0.00451241
0.0955016
-0.0100854
-0.020085
0.174128
3.00268e-17
1.84631e-17
3.60816e-17
-8.11421e-18
5.79561e-16
-4.80438e-18
3.97085e-15
6.0615e-17
2.01338e-14
-8.84278e-16
9.55781e-14
-4.0108e-15
4.40809e-13
-1.96428e-14
1.98938e-12
-9.29308e-14
8.79153e-12
-4.28383e-13
3.80118e-11
-1.93851e-12
1.60646e-10
-8.59617e-12
6.62938e-10
-3.73208e-11
2.66829e-09
-1.58486e-10
1.04619e-08
-6.5768e-10
3.99044e-08
-2.66444e-09
1.47845e-07
-1.05268e-08
5.312e-07
-4.05153e-08
1.84747e-06
-1.51715e-07
6.20727e-06
-5.5211e-07
2.01018e-05
-1.94964e-06
6.2593e-05
-6.67327e-06
0.000186869
-2.20976e-05
0.000533362
-7.0739e-05
0.00145031
-0.000218302
0.00374587
-0.000649604
0.00915343
-0.00185385
0.0211204
-0.00507156
0.0458221
-0.0130891
0.0934178
-0.0312029
-0.0693904
0.179814
-5.93161e-17
1.03061e-16
6.23622e-17
-6.2679e-17
5.77502e-16
-1.23878e-16
3.59705e-15
-4.09074e-16
1.86736e-14
-1.11842e-15
8.8437e-14
-6.09917e-15
4.07513e-13
-2.92789e-14
1.838e-12
-1.38852e-13
8.11359e-12
-6.40397e-13
3.50386e-11
-2.8947e-12
1.4789e-10
-1.28163e-11
6.09441e-10
-5.55451e-11
2.44919e-09
-2.35426e-10
9.58648e-09
-9.74919e-10
3.64956e-08
-3.94057e-09
1.34926e-07
-1.5529e-08
4.83601e-07
-5.95993e-08
1.67722e-06
-2.22478e-07
5.61685e-06
-8.06796e-07
1.81199e-05
-2.83796e-06
5.61625e-05
-9.67265e-06
0.00016674
-3.18844e-05
0.000472689
-0.000101617
0.00127472
-0.000312368
0.00326056
-0.000928741
0.00788237
-0.00265967
0.0180857
-0.00744643
0.0395674
-0.0200835
0.0880577
-0.0559087
0.196425
-0.14405
0.214587
0.0069029
0.235599
0.00245758
0.253409
0.000879238
0.265253
0.000312107
0.270875
0.000109708
0.271857
3.80928e-05
0.270562
1.30706e-05
0.269
4.44972e-06
0.268141
1.50772e-06
0.268038
5.32357e-07
0.268287
2.33172e-07
0.268535
1.50625e-07
0.268651
1.29274e-07
0.26867
1.19727e-07
0.268661
1.13945e-07
0.268664
1.10994e-07
0.268685
1.09098e-07
0.268713
1.05268e-07
0.26874
1.03311e-07
0.268762
1.06894e-07
0.26878
1.03601e-07
0.268793
1.02112e-07
0.268805
8.66341e-08
0.268811
8.75293e-08
6.64692e-08
0.208674
0.00341052
0.233479
0.00126263
0.252654
0.000462109
0.264987
0.000167928
0.270783
6.04386e-05
0.271826
2.14523e-05
0.270553
7.46229e-06
0.268998
2.50783e-06
0.268141
7.7092e-07
0.268039
2.19233e-07
0.268289
8.8026e-08
0.268537
6.06869e-08
0.268654
5.63277e-08
0.268672
5.37364e-08
0.268664
5.02219e-08
0.268668
4.54173e-08
0.268688
4.0646e-08
0.268716
3.61679e-08
0.268744
3.34299e-08
0.268766
3.3299e-08
0.268783
3.21307e-08
0.268797
3.37988e-08
0.268809
3.11332e-08
0.268816
3.50283e-08
2.55582e-08
0.206443
-0.00339377
0.232628
-0.00125304
0.252332
-0.000456658
0.264867
-0.000164798
0.270739
-5.86706e-05
0.27181
-2.05569e-05
0.270547
-7.15258e-06
0.268996
-2.55771e-06
0.268141
-9.87665e-07
0.268039
-4.16277e-07
0.268289
-1.68947e-07
0.268537
-6.92513e-08
0.268654
-3.20281e-08
0.268672
-2.097e-08
0.268664
-1.99334e-08
0.268668
-2.43605e-08
0.268688
-3.02411e-08
0.268716
-3.45173e-08
0.268744
-3.78629e-08
0.268766
-4.15682e-08
0.268783
-4.12468e-08
0.268797
-3.90549e-08
0.268809
-3.22115e-08
0.268816
-3.24101e-08
-2.80794e-08
0.208667
-0.00688832
0.233475
-0.00245045
0.252652
-0.000875574
0.264986
-0.000310119
0.270782
-0.000108613
0.271826
-3.75404e-05
0.270552
-1.28776e-05
0.268998
-4.46816e-06
0.268141
-1.61151e-06
0.268039
-6.36607e-07
0.268289
-2.8843e-07
0.268537
-1.58037e-07
0.268654
-1.10871e-07
0.268672
-9.69388e-08
0.268664
-9.43628e-08
0.268668
-9.77258e-08
0.268688
-1.02706e-07
0.268716
-1.03845e-07
0.268744
-1.06168e-07
0.268766
-1.12624e-07
0.268783
-1.10053e-07
0.268797
-1.04987e-07
0.268809
-8.66418e-08
0.268816
-8.49118e-08
-6.91266e-08
0.214571
0.235591
0.253404
0.265251
0.270874
0.271856
0.270562
0.268999
0.268141
0.268038
0.268287
0.268535
0.268652
0.26867
0.268661
0.268664
0.268685
0.268713
0.26874
0.268762
0.26878
0.268793
0.268805
0.268811
-1.28481e-16
4.77548e-17
6.24713e-17
6.39209e-17
5.82796e-16
-9.42508e-17
4.07093e-15
-2.31819e-16
2.04279e-14
-1.39652e-15
9.64487e-14
-7.32245e-15
4.43954e-13
-3.61884e-14
1.99827e-12
-1.6977e-13
8.80274e-12
-7.80417e-13
3.7929e-11
-3.51683e-12
1.597e-10
-1.55199e-11
6.56358e-10
-6.70222e-11
2.63003e-09
-2.82961e-10
1.0261e-08
-1.16673e-09
3.89225e-08
-4.69341e-09
1.43312e-07
-1.83975e-08
5.11267e-07
-7.01836e-08
1.76362e-06
-2.60191e-07
5.86871e-06
-9.36055e-07
1.87881e-05
-3.26194e-06
5.76856e-05
-1.09928e-05
0.000169219
-3.57407e-05
0.000472097
-0.00011192
0.00124519
-0.000336377
0.00307934
-0.000969032
0.00705543
-0.00265905
0.0146056
-0.00694242
0.0261091
-0.0169714
0.0317667
-0.0386713
-0.0813833
-2.05041e-17
1.6896e-16
7.82484e-17
9.03341e-17
3.94555e-16
5.55497e-17
3.03698e-15
-2.46406e-16
1.59698e-14
-1.57299e-15
7.56933e-14
-7.39529e-15
3.47532e-13
-3.60934e-14
1.55949e-12
-1.69381e-13
6.84769e-12
-7.75934e-13
2.94015e-11
-3.48237e-12
1.23323e-10
-1.53009e-11
5.04756e-10
-6.57638e-11
2.01342e-09
-2.76223e-10
7.81633e-09
-1.13256e-09
2.94859e-08
-4.52781e-09
1.07898e-07
-1.76267e-08
3.82251e-07
-6.67277e-08
1.30811e-06
-2.45239e-07
4.31294e-06
-8.73534e-07
1.36587e-05
-3.00934e-06
4.13968e-05
-1.00055e-05
0.000119537
-3.20143e-05
0.000327
-9.83073e-05
0.000841134
-0.000288463
0.00201262
-0.000805621
0.00440956
-0.00212508
0.00858872
-0.005253
0.0140922
-0.011978
0.0159686
-0.0243755
-0.0436831
-2.35191e-16
-2.52488e-17
-1.97428e-16
9.28872e-17
2.02116e-16
1.06034e-16
2.17198e-15
-1.08184e-16
1.16429e-14
-1.17699e-15
5.49779e-14
-6.34142e-15
2.51833e-13
-3.12581e-14
1.12592e-12
-1.46539e-13
4.92369e-12
-6.67778e-13
2.10498e-11
-2.9836e-12
8.78822e-11
-1.30428e-11
3.57895e-10
-5.57494e-11
1.41985e-09
-2.32768e-10
5.4793e-09
-9.4823e-10
2.0535e-08
-3.76415e-09
7.46012e-08
-1.45403e-08
2.62159e-07
-5.4571e-08
8.88987e-07
-1.98639e-07
2.9007e-06
-6.99892e-07
9.07654e-06
-2.38149e-06
2.71248e-05
-7.80547e-06
7.70254e-05
-2.45619e-05
0.000206472
-7.3939e-05
0.000517921
-0.000211878
0.00120048
-0.000574733
0.00252353
-0.0014631
0.0046533
-0.00345718
0.00702448
-0.0074468
0.00714569
-0.0140202
-0.022786
-2.43561e-16
1.14403e-16
4.16235e-17
1.33853e-16
1.52615e-16
-4.64572e-19
1.40079e-15
-1.03168e-16
7.74667e-15
-1.00597e-15
3.69968e-14
-4.97248e-15
1.6941e-13
-2.42708e-14
7.54814e-13
-1.12936e-13
3.28588e-12
-5.12343e-13
1.39791e-11
-2.27673e-12
5.80557e-11
-9.89651e-12
2.35094e-10
-4.20458e-11
9.26996e-10
-1.74408e-10
3.55374e-09
-7.05497e-10
1.32227e-08
-2.77924e-09
4.76571e-08
-1.06466e-08
1.66011e-07
-3.95935e-08
5.5747e-07
-1.42672e-07
1.79909e-06
-4.97077e-07
5.55969e-06
-1.67024e-06
1.63787e-05
-5.39702e-06
4.57442e-05
-1.67111e-05
0.000120254
-4.93791e-05
0.000294729
-0.000138489
0.000664275
-0.000366243
0.00134871
-0.000904762
0.00238031
-0.00206138
0.00337875
-0.00424132
0.0032132
-0.00755075
-0.0114363
-1.06618e-16
7.05704e-17
-3.83202e-18
8.93897e-17
1.02272e-16
5.34416e-17
8.00375e-16
-6.35099e-17
4.78565e-15
-6.97262e-16
2.32757e-14
-3.54224e-15
1.06341e-13
-1.71772e-14
4.71675e-13
-7.89467e-14
2.04373e-12
-3.565e-13
8.64891e-12
-1.5748e-12
3.57161e-11
-6.80442e-12
1.43758e-10
-2.87261e-11
5.6319e-10
-1.18352e-10
2.14406e-09
-4.75286e-10
7.91771e-09
-1.85781e-09
2.83045e-08
-7.05724e-09
9.77206e-08
-2.60069e-08
3.24941e-07
-9.27873e-08
1.03733e-06
-3.19774e-07
3.16698e-06
-1.06166e-06
9.20338e-06
-3.38506e-06
2.53085e-05
-1.03263e-05
6.53562e-05
-3.00033e-05
0.000156882
-8.25515e-05
0.000344973
-0.000213536
0.000679654
-0.000514104
0.00115466
-0.00113607
0.00155639
-0.00224999
0.00139382
-0.00383975
-0.0055311
-2.13373e-16
1.41367e-16
-3.05986e-18
-2.08705e-17
-6.23968e-18
-7.11193e-19
3.80242e-16
9.20687e-18
2.72278e-15
-2.6117e-16
1.36106e-14
-2.28633e-15
6.2454e-14
-1.12018e-14
2.76225e-13
-5.07066e-14
1.19068e-12
-2.27896e-13
5.01127e-12
-1.00049e-12
2.05746e-11
-4.29718e-12
8.23048e-11
-1.80259e-11
3.20332e-10
-7.37682e-11
1.211e-09
-2.94126e-10
4.43869e-09
-1.14094e-09
1.57402e-08
-4.29878e-09
5.38706e-08
-1.57031e-08
1.77439e-07
-5.54971e-08
5.60595e-07
-1.89304e-07
1.69202e-06
-6.21489e-07
4.85492e-06
-1.95735e-06
1.31613e-05
-5.89035e-06
3.34412e-05
-1.68567e-05
7.87898e-05
-4.55959e-05
0.000169514
-0.000115676
0.000325327
-0.000272351
0.000534719
-0.000586315
0.000691933
-0.00112488
0.000591299
-0.00185702
-0.00257611
-6.24423e-17
7.8046e-17
-8.5744e-17
8.40745e-17
-6.92629e-17
3.31693e-17
2.48286e-16
8.06096e-17
1.45798e-15
-1.40888e-16
7.38128e-15
-1.27033e-15
3.44493e-14
-6.55887e-15
1.52171e-13
-3.02751e-14
6.53076e-13
-1.35053e-13
2.7339e-12
-5.90172e-13
1.11601e-11
-2.51932e-12
4.43725e-11
-1.05023e-11
1.71588e-10
-4.26979e-11
6.44261e-10
-1.69066e-10
2.34428e-09
-6.51023e-10
8.24872e-09
-2.43383e-09
2.79964e-08
-8.81691e-09
9.13871e-08
-3.08837e-08
2.85913e-07
-1.0434e-07
8.53775e-07
-3.3901e-07
2.42102e-06
-1.05568e-06
6.47771e-06
-3.13777e-06
1.62182e-05
-8.8573e-06
3.7574e-05
-2.35952e-05
7.92775e-05
-5.88392e-05
0.000148652
-0.000135843
0.00023732
-0.000285856
0.000296867
-0.000533948
0.000243824
-0.000858173
-0.00115677
-1.6596e-16
4.8349e-17
-1.52681e-16
5.6768e-17
-6.13569e-17
-1.90187e-17
3.3279e-17
7.84472e-17
6.03999e-16
-3.44897e-17
3.70713e-15
-6.53467e-16
1.79406e-14
-3.27223e-15
7.94005e-14
-1.68377e-14
3.38998e-13
-7.49033e-14
1.41146e-12
-3.25553e-13
5.72936e-12
-1.38293e-12
2.2645e-11
-5.73042e-12
8.70225e-11
-2.31512e-11
3.24594e-10
-9.10634e-11
1.17289e-09
-3.48215e-10
4.09646e-09
-1.29222e-09
1.37937e-08
-4.6447e-09
4.4645e-08
-1.61341e-08
1.384e-07
-5.40237e-08
4.09182e-07
-1.73849e-07
1.14771e-06
-5.35763e-07
3.03402e-06
-1.57448e-06
7.49468e-06
-4.38947e-06
1.71009e-05
-1.15333e-05
3.54528e-05
-2.83208e-05
6.51126e-05
-6.42556e-05
0.000101331
-0.000132527
0.000123231
-0.000241977
9.79475e-05
-0.000380391
-0.000501321
-2.87264e-16
1.02811e-16
-1.9178e-17
-8.97936e-17
-1.64241e-17
-1.39985e-16
3.56391e-17
-8.50106e-17
1.68684e-16
-1.03488e-16
1.62988e-15
-3.58305e-16
8.67337e-15
-1.73492e-15
3.92617e-14
-8.535e-15
1.67129e-13
-3.88731e-14
6.92747e-13
-1.69398e-13
2.79668e-12
-7.15686e-13
1.09904e-11
-2.94885e-12
4.19825e-11
-1.18422e-11
1.55609e-10
-4.62876e-11
5.58544e-10
-1.7583e-10
1.93709e-09
-6.47968e-10
6.47395e-09
-2.31195e-09
2.07867e-08
-7.96844e-09
6.38875e-08
-2.64604e-08
1.87137e-07
-8.4394e-08
5.19614e-07
-2.57597e-07
1.35843e-06
-7.49177e-07
3.31439e-06
-2.065e-06
7.45804e-06
-5.35827e-06
1.52171e-05
-1.29758e-05
2.74305e-05
-2.89836e-05
4.17367e-05
-5.87207e-05
4.95491e-05
-0.000105138
3.83022e-05
-0.000162224
-0.000209982
-1.08595e-16
-1.32087e-16
-1.04234e-16
1.21532e-16
7.42112e-19
8.68568e-17
2.88797e-17
6.03559e-17
1.49918e-16
1.28343e-16
6.22683e-16
-7.31034e-17
3.85793e-15
-9.13387e-16
1.84619e-14
-4.00868e-15
7.85501e-14
-1.92274e-14
3.24413e-13
-8.37126e-14
1.3031e-12
-3.51299e-13
5.09349e-12
-1.43953e-12
1.93452e-11
-5.74769e-12
7.12725e-11
-2.23321e-11
2.54211e-10
-8.43017e-11
8.75759e-10
-3.08633e-10
2.90624e-09
-1.0936e-09
9.26139e-09
-3.74175e-09
2.82362e-08
-1.23288e-08
8.19938e-08
-3.89972e-08
2.25534e-07
-1.17977e-07
5.83565e-07
-3.39832e-07
1.40768e-06
-9.26956e-07
3.12734e-06
-2.37787e-06
6.28866e-06
-5.68581e-06
1.11456e-05
-1.25218e-05
1.66231e-05
-2.49664e-05
1.93287e-05
-4.3947e-05
1.45927e-05
-6.67355e-05
-8.51247e-05
-2.19014e-16
-1.40192e-16
-4.19679e-17
-1.48302e-17
-3.02548e-17
1.86674e-16
1.64488e-17
5.51062e-17
-2.2908e-18
1.76287e-16
2.04451e-16
-4.02855e-17
1.57899e-15
-3.4355e-16
8.10397e-15
-1.8794e-15
3.51975e-14
-9.08181e-15
1.45525e-13
-3.93966e-14
5.81763e-13
-1.6412e-13
2.26207e-12
-6.69732e-13
8.54455e-12
-2.65988e-12
3.13002e-11
-1.02758e-11
1.1097e-10
-3.85612e-11
3.79877e-10
-1.403e-10
1.25223e-09
-4.93904e-10
3.96227e-09
-1.6783e-09
1.1989e-08
-5.48976e-09
3.45324e-08
-1.72305e-08
9.41534e-08
-5.16964e-08
2.41294e-07
-1.47589e-07
5.75926e-07
-3.98701e-07
1.26447e-06
-1.01202e-06
2.50886e-06
-2.39191e-06
4.37831e-06
-5.20016e-06
6.41476e-06
-1.02196e-05
7.32432e-06
-1.77217e-05
5.4185e-06
-2.65418e-05
-3.3447e-05
-1.25289e-16
5.29572e-17
5.89837e-17
1.86238e-16
-1.00272e-17
2.96603e-16
-1.11102e-17
-5.44522e-17
-4.72734e-17
1.26175e-16
-5.91047e-17
2.0696e-16
4.52936e-16
1.03924e-16
3.3073e-15
-7.58527e-16
1.50925e-14
-3.88896e-15
6.25666e-14
-1.75017e-14
2.4949e-13
-7.33467e-14
9.65699e-13
-2.98181e-13
3.62897e-12
-1.17823e-12
1.32208e-11
-4.52778e-12
4.66039e-11
-1.68955e-11
1.5858e-10
-6.1112e-11
5.19439e-10
-2.13812e-10
1.6326e-09
-7.21845e-10
4.90476e-09
-2.34505e-09
1.40196e-08
-7.30701e-09
3.79108e-08
-2.17536e-08
9.62887e-08
-6.15896e-08
2.27569e-07
-1.6489e-07
4.94183e-07
-4.14463e-07
9.68457e-07
-9.69117e-07
1.66629e-06
-2.0821e-06
2.40261e-06
-4.03852e-06
2.69952e-06
-6.91078e-06
1.96234e-06
-1.02256e-05
-1.27552e-05
-2.13089e-16
9.17098e-17
-1.62161e-16
7.47428e-17
-1.0868e-16
2.11791e-16
1.04766e-17
1.53614e-16
-3.50994e-17
1.79232e-16
-1.68628e-17
3.05675e-17
1.36664e-16
1.36066e-16
1.27032e-15
-2.39311e-16
6.0437e-15
-1.4859e-15
2.58324e-14
-7.26899e-15
1.03064e-13
-3.15399e-14
3.97277e-13
-1.27322e-13
1.48585e-12
-5.01401e-13
5.38536e-12
-1.91682e-12
1.88804e-11
-7.11495e-12
6.38779e-11
-2.5592e-11
2.0798e-10
-8.90172e-11
6.49537e-10
-2.98691e-10
1.93824e-09
-9.64097e-10
5.50035e-09
-2.98355e-09
1.47585e-08
-8.81774e-09
3.717e-08
-2.47709e-08
8.70395e-08
-6.5762e-08
1.87086e-07
-1.63795e-07
3.62441e-07
-3.79194e-07
6.15499e-07
-8.05809e-07
8.74764e-07
-1.54437e-06
9.68869e-07
-2.6115e-06
6.93585e-07
-3.82293e-06
-4.72736e-06
-1.35537e-16
8.58612e-17
6.7474e-17
1.37116e-16
-5.85411e-17
7.2423e-18
-2.45239e-16
2.77839e-16
-3.25769e-16
1.4674e-16
-9.30228e-17
5.02642e-17
1.48129e-17
1.2735e-16
3.99082e-16
-4.73852e-17
2.32319e-15
-4.07312e-16
1.02403e-14
-2.76711e-15
4.1e-14
-1.29252e-14
1.57827e-13
-5.22809e-14
5.87964e-13
-2.0541e-13
2.12055e-12
-7.81886e-13
7.39594e-12
-2.88819e-12
2.48863e-11
-1.03336e-11
8.05644e-11
-3.57441e-11
2.50091e-10
-1.19241e-10
7.41508e-10
-3.82527e-10
2.08992e-09
-1.17614e-09
5.56661e-09
-3.45219e-09
1.39087e-08
-9.62686e-09
3.22874e-08
-2.53561e-08
6.8736e-08
-6.26172e-08
1.31738e-07
-1.43618e-07
2.21024e-07
-3.02108e-07
3.10035e-07
-5.72672e-07
3.38989e-07
-9.58041e-07
2.3943e-07
-1.3891e-06
-1.70491e-06
-8.07542e-17
5.25965e-17
-4.31536e-17
1.45992e-16
-1.40742e-16
2.17455e-16
4.69171e-17
1.98188e-16
-6.48919e-17
1.62134e-16
7.97228e-17
5.559e-17
3.45563e-18
-5.15213e-17
-8.20595e-18
2.48485e-17
7.07867e-16
-2.37983e-17
3.73275e-15
-9.11745e-16
1.55833e-14
-5.00743e-15
6.06844e-14
-2.08133e-14
2.25357e-13
-8.14139e-14
8.08899e-13
-3.08096e-13
2.80714e-12
-1.13288e-12
9.39662e-12
-4.03314e-12
3.02537e-11
-1.3877e-11
9.33747e-11
-4.60371e-11
2.75166e-10
-1.4683e-10
7.70522e-10
-4.48686e-10
2.03807e-09
-1.30841e-09
5.05408e-09
-3.62335e-09
1.16365e-08
-9.47253e-09
2.45492e-08
-2.32048e-08
4.65785e-08
-5.27591e-08
7.72717e-08
-1.09933e-07
1.071e-07
-2.06285e-07
1.15743e-07
-3.41749e-07
8.07833e-08
-4.91265e-07
-5.99031e-07
-4.35343e-17
1.04341e-17
-6.4995e-17
2.91741e-16
-1.52035e-16
1.49033e-16
1.64035e-17
1.48999e-16
-7.53722e-17
1.28761e-16
-3.73152e-17
1.79031e-16
-1.71738e-16
-6.43642e-17
-2.38842e-17
3.21595e-17
2.0589e-16
-1.6954e-17
1.28146e-15
-3.92494e-16
5.77063e-15
-1.6478e-15
2.24544e-14
-7.91267e-15
8.35186e-14
-3.11167e-14
2.99388e-13
-1.17281e-13
1.03433e-12
-4.30039e-13
3.44488e-12
-1.52477e-12
1.10334e-11
-5.22023e-12
3.38662e-11
-1.72265e-11
9.92204e-11
-5.46375e-11
2.7612e-10
-1.65987e-10
7.25518e-10
-4.81036e-10
1.78633e-09
-1.32335e-09
4.08087e-09
-3.43523e-09
8.53588e-09
-8.3514e-09
1.60425e-08
-1.88322e-08
2.63351e-08
-3.88929e-08
3.61019e-08
-7.22979e-08
3.86029e-08
-1.1871e-07
2.66591e-08
-1.6932e-07
-2.05279e-07
1.38348e-16
2.04832e-16
1.9408e-16
1.75597e-16
1.24982e-16
-1.80212e-16
-1.23979e-16
1.06289e-16
-4.69344e-17
-2.37107e-16
-3.70618e-16
1.27397e-16
-2.63788e-16
-2.44535e-16
-3.12649e-17
1.65123e-17
-3.37063e-17
-1.33741e-16
2.37672e-16
-8.49776e-17
1.86125e-15
-6.6247e-16
7.94168e-15
-2.76729e-15
3.00979e-14
-1.14278e-14
1.0759e-13
-4.30995e-14
3.70466e-13
-1.58411e-13
1.22818e-12
-5.59476e-13
3.9142e-12
-1.90624e-12
1.19509e-11
-6.25896e-12
3.48184e-11
-1.97465e-11
9.63226e-11
-5.96543e-11
2.51492e-10
-1.71859e-10
6.14991e-10
-4.6982e-10
1.39456e-09
-1.2114e-09
2.89334e-09
-2.92382e-09
5.38921e-09
-6.54199e-09
8.75992e-09
-1.3398e-08
1.18876e-08
-2.46886e-08
1.25879e-08
-4.02059e-08
8.61109e-09
-5.69402e-08
-6.86813e-08
-1.14852e-16
2.4071e-16
-1.00291e-16
-2.99478e-17
-6.06441e-17
1.8028e-16
-8.81022e-17
1.95438e-16
1.31078e-17
5.00561e-17
-1.41761e-16
1.52961e-16
-2.708e-17
-6.5532e-17
3.83402e-17
3.05478e-16
-6.49545e-17
8.21142e-17
-6.98776e-17
-4.41899e-17
5.83436e-16
-2.49518e-16
2.63145e-15
-7.05553e-16
1.04576e-14
-3.83021e-15
3.7606e-14
-1.53038e-14
1.2912e-13
-5.6494e-14
4.26406e-13
-1.99436e-13
1.35264e-12
-6.76763e-13
4.10904e-12
-2.21168e-12
1.19077e-11
-6.94265e-12
3.27547e-11
-2.08615e-11
8.5002e-11
-5.97601e-11
2.06506e-10
-1.62388e-10
4.64967e-10
-4.16024e-10
9.57236e-10
-9.97215e-10
1.76786e-09
-2.2148e-09
2.84699e-09
-4.50019e-09
3.82737e-09
-8.22499e-09
4.0167e-09
-1.32931e-08
2.72434e-09
-1.87035e-08
-2.24572e-08
1.99081e-16
1.26275e-16
9.79078e-17
3.50426e-16
-8.34828e-17
2.41479e-16
1.16979e-17
3.95107e-17
-1.88815e-16
8.37803e-17
-1.16987e-16
-3.74427e-18
-1.71929e-16
1.36513e-16
-5.14401e-17
2.52559e-17
-1.70813e-16
1.53675e-16
-1.58196e-16
1.10565e-16
8.21125e-17
8.40127e-17
7.80819e-16
-3.20181e-16
3.43816e-15
-1.27176e-15
1.26864e-14
-5.1811e-15
4.3775e-14
-1.95263e-14
1.4437e-13
-6.92149e-14
4.5592e-13
-2.33938e-13
1.37827e-12
-7.61148e-13
3.97384e-12
-2.37809e-12
1.0871e-11
-7.10901e-12
2.8047e-11
-2.02541e-11
6.77124e-11
-5.472e-11
1.51428e-10
-1.39327e-10
3.09448e-10
-3.31777e-10
5.66888e-10
-7.31695e-10
9.04954e-10
-1.47561e-09
1.206e-09
-2.67637e-09
1.25521e-09
-4.29503e-09
8.44782e-10
-6.00688e-09
-7.18277e-09
-1.73291e-16
2.25523e-16
-3.16461e-17
9.0455e-17
-7.78666e-17
1.95377e-16
-1.80821e-16
3.80971e-17
-4.75747e-17
1.62571e-16
-2.37458e-16
7.07203e-17
-1.65136e-16
1.63213e-16
-1.10031e-16
-7.39491e-17
-8.51812e-17
-8.04882e-18
-1.39794e-16
1.32975e-16
-1.05184e-17
2.45256e-16
2.13921e-16
-1.05975e-17
1.2092e-15
-1.63673e-16
4.05923e-15
-1.809e-15
1.44381e-14
-6.46642e-15
4.75914e-14
-2.32009e-14
1.50004e-13
-7.86933e-14
4.51565e-13
-2.55551e-13
1.29546e-12
-7.94546e-13
3.52532e-12
-2.36373e-12
9.04452e-12
-6.69926e-12
2.17041e-11
-1.7999e-11
4.8222e-11
-4.55586e-11
9.78464e-11
-1.07805e-10
1.77868e-10
-2.36156e-10
2.81594e-10
-4.72875e-10
3.7222e-10
-8.51505e-10
3.84436e-10
-1.3575e-09
2.56915e-10
-1.888e-09
-2.24915e-09
8.66556e-18
1.54461e-16
-3.03281e-17
4.16317e-17
-1.57762e-16
1.01632e-16
-1.67309e-16
-2.81187e-17
-1.49552e-16
7.85498e-17
-2.75461e-16
1.05118e-16
-1.28147e-16
3.20169e-16
3.65801e-17
9.76974e-17
1.92191e-17
-8.83688e-17
-1.792e-16
3.19834e-17
-1.44268e-16
2.19535e-16
-2.29503e-17
1.00875e-16
4.47172e-16
7.69028e-17
1.1852e-15
-6.50497e-16
4.54534e-15
-2.24585e-15
1.53372e-14
-7.56641e-15
4.8227e-14
-2.57514e-14
1.44557e-13
-8.36663e-14
4.1285e-13
-2.59122e-13
1.11818e-12
-7.67639e-13
2.85335e-12
-2.16479e-12
6.80734e-12
-5.78571e-12
1.50297e-11
-1.45613e-11
3.02897e-11
-3.42483e-11
5.4656e-11
-7.45412e-11
8.5851e-11
-1.4825e-10
1.12615e-10
-2.65142e-10
1.15479e-10
-4.20087e-10
7.66769e-11
-5.81235e-10
-6.90051e-10
3.99373e-17
1.27402e-17
-6.86016e-17
1.99963e-16
-1.76836e-16
-4.58116e-17
-1.20077e-16
3.67065e-17
-5.49079e-17
1.53357e-16
-1.2592e-16
4.10994e-17
-3.02936e-16
8.6559e-17
-1.54184e-16
9.87678e-17
7.02254e-17
6.92016e-17
6.07243e-17
1.20936e-16
-9.71543e-17
1.00085e-17
-8.34523e-17
2.85283e-16
6.31919e-17
2.05484e-16
2.40297e-16
-1.01952e-16
1.35456e-15
-6.13301e-16
4.61249e-15
-2.34322e-15
1.50753e-14
-7.98281e-15
4.53448e-14
-2.6541e-14
1.28861e-13
-8.24763e-14
3.4718e-13
-2.4366e-13
8.81458e-13
-6.84027e-13
2.09106e-12
-1.81923e-12
4.58894e-12
-4.55365e-12
9.18783e-12
-1.06482e-11
1.64619e-11
-2.30326e-11
2.56645e-11
-4.55118e-11
3.34234e-11
-8.08734e-11
3.4044e-11
-1.2739e-10
2.24713e-11
-1.75406e-10
-2.07591e-10
3.16907e-18
-7.41372e-17
8.94889e-17
-8.46052e-17
-1.60015e-16
-1.17987e-16
-4.22502e-17
8.41427e-17
-5.26945e-17
9.19048e-17
-2.78028e-16
8.57322e-17
-2.40102e-16
8.79234e-17
-1.22997e-16
1.06405e-16
3.73371e-17
1.53057e-16
-1.73079e-17
3.87546e-17
-1.21599e-18
-5.61682e-17
-1.07289e-16
2.62504e-16
-1.10636e-16
1.02067e-16
4.52342e-17
9.94912e-18
3.19779e-16
1.28357e-17
1.40998e-15
-5.47463e-16
4.64931e-15
-2.30119e-15
1.37826e-14
-7.95493e-15
3.93846e-14
-2.54473e-14
1.05661e-13
-7.5618e-14
2.66701e-13
-2.11489e-13
6.29494e-13
-5.6001e-13
1.37349e-12
-1.39449e-12
2.73312e-12
-3.24261e-12
4.86351e-12
-6.9729e-12
7.52849e-12
-1.3693e-11
9.73804e-12
-2.41838e-11
9.85643e-12
-3.78844e-11
6.47032e-12
-5.19275e-11
-6.12775e-11
-2.87184e-17
-3.59384e-16
5.92981e-17
-2.43959e-17
-5.0064e-18
-1.26846e-16
-9.82256e-17
-8.91658e-17
-1.69669e-16
-9.22692e-17
-1.77434e-16
2.10894e-16
-2.15333e-16
2.02199e-16
-1.41018e-17
2.77859e-16
-2.15678e-17
2.79399e-16
-1.22742e-16
8.11651e-17
-6.97975e-18
2.32896e-16
-6.00784e-17
-2.07179e-17
-4.45719e-17
5.25396e-17
-1.80794e-16
9.62598e-19
5.43386e-17
2.32708e-16
4.96426e-16
9.81913e-18
1.43668e-15
-5.69152e-16
4.0207e-15
-2.20276e-15
1.17587e-14
-7.52438e-15
3.13812e-14
-2.26818e-14
7.9124e-14
-6.38008e-14
1.85923e-13
-1.68717e-13
4.03224e-13
-4.18366e-13
7.97797e-13
-9.67956e-13
1.41067e-12
-2.06992e-12
2.16851e-12
-4.0407e-12
2.78686e-12
-7.09518e-12
2.80409e-12
-1.1057e-11
1.83138e-12
-1.50908e-11
-1.77602e-11
1.09911e-16
-3.30126e-16
1.11672e-16
-6.1859e-17
-7.47869e-18
-5.59448e-17
2.48676e-17
2.09628e-18
-4.37178e-17
-1.37457e-16
-2.17288e-16
2.68928e-16
-2.16678e-16
3.12846e-16
-1.34759e-16
2.61875e-16
2.07911e-17
2.36338e-16
-4.82616e-17
9.41468e-17
-6.72055e-17
3.5874e-16
-8.39914e-17
1.98356e-16
-7.98404e-17
1.59087e-16
-3.22292e-17
3.1336e-17
5.94401e-19
3.5004e-16
1.34629e-16
5.95518e-17
4.70389e-16
8.2166e-17
1.24722e-15
-4.39464e-16
3.39503e-15
-1.94129e-15
9.07035e-15
-6.49944e-15
2.2906e-14
-1.86959e-14
5.3792e-14
-4.95365e-14
1.16073e-13
-1.23001e-13
2.28594e-13
-2.83287e-13
4.0172e-13
-6.02684e-13
6.13874e-13
-1.1701e-12
7.83961e-13
-2.04369e-12
7.84298e-13
-3.16906e-12
5.10033e-13
-4.30779e-12
-5.05712e-12
-1.10573e-16
-1.38392e-16
9.17477e-17
-1.01919e-16
-3.46068e-17
-2.1003e-16
-5.24155e-17
-1.0962e-16
2.9657e-17
-6.87217e-17
-4.72065e-17
-1.75499e-18
-7.16703e-17
1.80728e-17
-1.60988e-16
5.4814e-17
-2.15532e-16
-1.2425e-17
-1.46248e-16
-4.72751e-17
-7.38336e-17
2.64216e-16
-4.19882e-17
7.82275e-17
1.73579e-17
-2.1263e-17
-3.53718e-17
9.80863e-18
-7.44251e-17
9.45953e-17
3.6205e-17
1.18842e-16
9.67323e-17
2.22673e-17
2.85452e-16
6.94941e-17
1.0165e-15
-3.77513e-16
2.62274e-15
-1.76682e-15
6.53698e-15
-5.07817e-15
1.51838e-14
-1.42491e-14
3.28358e-14
-3.53171e-14
6.42987e-14
-8.11456e-14
1.12389e-13
-1.72262e-13
1.70849e-13
-3.32855e-13
2.16903e-13
-5.78072e-13
2.1582e-13
-8.92333e-13
1.39592e-13
-1.20854e-12
-1.41538e-12
1.48744e-16
-1.3799e-16
6.10794e-17
-1.18584e-16
-2.71097e-17
-1.94549e-16
-5.77918e-17
-1.81522e-16
7.52733e-17
-9.79382e-17
-3.81702e-17
3.39288e-17
-3.3362e-17
1.43988e-17
-8.20178e-17
1.51472e-16
-1.36174e-16
1.83505e-17
-1.28562e-16
-7.70489e-17
-9.44975e-17
-1.03567e-16
-2.27355e-16
4.82457e-17
-7.34444e-17
-2.86956e-18
3.22007e-17
2.00815e-16
-4.79529e-18
4.50628e-17
7.22412e-17
1.73277e-16
2.01622e-16
1.0613e-17
1.16915e-16
1.95696e-17
3.02938e-16
-1.23691e-16
6.68718e-16
-3.32071e-16
1.7714e-15
-1.32847e-15
4.0691e-15
-3.83236e-15
8.92474e-15
-9.74011e-15
1.76621e-14
-2.28044e-14
3.08915e-14
-4.82128e-14
4.67503e-14
-9.28917e-14
5.89555e-14
-1.60373e-13
5.85757e-14
-2.46939e-13
3.78269e-14
-3.33348e-13
-3.89446e-13
5.65483e-17
-1.53201e-17
8.30893e-17
-2.25261e-16
-5.52136e-18
-2.13552e-16
6.28963e-17
-1.57964e-16
1.85829e-16
-8.34948e-17
2.75388e-17
6.13266e-17
-1.94278e-16
9.36474e-17
-1.94179e-16
3.36783e-17
-1.24906e-16
-5.42979e-17
-7.51211e-18
-8.19131e-17
-9.56069e-17
-1.06823e-16
-1.63064e-16
1.73444e-17
-1.38244e-17
-2.92573e-17
8.63529e-18
1.20339e-16
-4.55433e-17
2.89524e-17
8.32445e-17
1.61952e-16
1.17111e-16
1.55619e-16
7.78843e-17
-5.09326e-17
7.09009e-17
-1.5449e-16
7.37057e-17
-1.52845e-16
4.52387e-16
-3.53611e-16
1.08666e-15
-1.00151e-15
2.27992e-15
-2.63173e-15
4.73177e-15
-6.1288e-15
8.41286e-15
-1.29691e-14
1.267e-14
-2.52095e-14
1.58246e-14
-4.36219e-14
1.55185e-14
-6.70964e-14
1.00106e-14
-9.03154e-14
-1.05374e-13
-7.9488e-17
-4.78594e-18
-5.45849e-17
-8.64795e-17
1.54734e-16
-8.12229e-17
1.17047e-16
-4.71589e-17
1.14427e-16
4.45419e-17
-3.16145e-17
-1.32743e-16
-9.11959e-17
2.67281e-17
-2.20353e-16
-1.13881e-16
-1.79441e-16
-1.65325e-16
-5.21148e-17
-7.35713e-17
1.44691e-18
-3.86676e-17
-1.8017e-16
-1.23853e-16
-3.98063e-17
9.83969e-18
9.54639e-18
-3.3336e-17
8.82089e-17
1.6744e-17
6.42134e-17
9.22619e-17
2.33593e-17
1.54005e-16
7.44785e-17
1.80836e-17
1.04735e-16
-4.8646e-17
5.24299e-17
6.81955e-18
2.11688e-17
5.06332e-18
2.69101e-16
-1.94906e-16
6.17029e-16
-6.8168e-16
1.1876e-15
-1.55081e-15
2.22172e-15
-3.39327e-15
3.37962e-15
-6.59883e-15
4.01639e-15
-1.14982e-14
4.14062e-15
-1.7636e-14
2.65282e-15
-2.39953e-14
-2.79078e-14
-7.00861e-17
1.01502e-16
-2.04461e-17
4.89822e-18
9.63127e-17
-2.40235e-17
1.67778e-16
-8.73162e-17
1.19701e-16
4.15672e-18
3.43074e-17
-1.69957e-16
-1.67677e-16
-3.35905e-17
-2.21813e-16
-3.3121e-17
-1.87899e-16
4.50895e-17
-5.13425e-17
9.20848e-17
-6.97564e-17
-1.16309e-16
-7.4182e-17
-2.69038e-17
9.10049e-18
8.39125e-17
-2.41712e-17
-5.10593e-17
3.52279e-17
1.37824e-16
2.02485e-16
9.87639e-17
9.71665e-17
6.31542e-17
-4.46651e-17
9.41977e-17
-3.73492e-17
5.53133e-17
3.28888e-18
7.85011e-17
-4.44005e-17
-3.79551e-17
-7.79807e-17
1.50336e-16
5.70086e-18
-1.63879e-16
3.54254e-16
-1.79411e-16
5.33545e-16
-4.83531e-16
9.92966e-16
-1.36608e-15
1.05578e-15
-2.70984e-15
1.08154e-15
-4.30105e-15
5.97869e-16
-6.04585e-15
-6.95958e-15
-5.80527e-17
1.7388e-17
-1.43235e-16
6.56492e-17
-6.62536e-17
2.47045e-16
1.55824e-16
7.12856e-17
9.50047e-17
2.12661e-17
9.71788e-17
4.59859e-18
-8.8594e-18
1.12783e-17
-1.66645e-16
-2.17871e-17
-1.42419e-16
-2.79786e-17
-9.12872e-17
1.66194e-16
-1.06891e-16
2.11505e-17
-1.24882e-17
6.37832e-17
4.23596e-17
9.0207e-17
-1.20401e-17
-6.5532e-17
8.16226e-17
-3.71307e-17
1.34738e-16
3.42424e-18
2.3169e-18
1.46749e-16
-3.54967e-17
1.36454e-16
1.65523e-17
1.28682e-16
-7.1226e-17
5.80805e-17
-8.85577e-17
1.41087e-16
1.2781e-16
7.83781e-17
-3.37296e-17
6.94933e-17
1.21629e-16
1.91131e-16
1.45573e-16
1.41073e-16
1.26813e-16
-5.49023e-17
2.96194e-16
-6.34392e-16
3.24651e-16
-9.67862e-16
2.97898e-16
-1.42057e-15
-1.5254e-15
-1.28439e-16
-3.21833e-16
-6.9491e-17
-1.65871e-16
1.19361e-17
8.10758e-17
9.79352e-17
1.4497e-16
1.27469e-16
1.0797e-16
4.86489e-17
4.40009e-17
-8.97886e-17
-9.96677e-17
-2.11786e-16
-2.05736e-16
-2.32043e-16
-7.85453e-17
-2.65199e-17
7.74562e-17
-2.64964e-17
-3.68851e-17
1.61739e-17
-8.8363e-17
-1.03194e-16
-1.13209e-16
6.25908e-17
-6.32315e-17
8.7069e-17
-1.51003e-16
7.76997e-17
-9.49293e-17
1.72594e-17
1.23174e-16
-2.86359e-17
1.00815e-16
2.74661e-17
8.29039e-17
1.20277e-17
-1.78486e-17
-1.45248e-17
-6.73199e-17
6.54872e-17
-8.59129e-17
-7.57074e-17
1.78933e-16
1.91514e-17
2.71661e-16
1.03951e-16
2.45505e-16
4.04655e-17
3.25354e-18
3.43459e-18
8.08801e-18
1.29053e-16
-1.06953e-16
9.24104e-17
-3.29055e-16
-3.09614e-16
4.80829e-17
-8.87685e-17
1.20217e-16
-1.86947e-17
1.1479e-16
-2.44807e-16
3.74643e-17
-1.21594e-16
5.35557e-17
5.1679e-18
-9.8e-18
-9.04658e-17
-2.27806e-16
-1.86534e-16
-1.1334e-16
-2.07085e-16
-1.18322e-16
7.24635e-18
-1.16164e-16
1.61158e-18
-1.42111e-16
-6.00166e-17
-9.20255e-18
-7.32174e-17
3.7576e-19
-7.62799e-17
8.57876e-17
-1.46809e-16
1.7472e-16
-6.10372e-17
7.4587e-17
-2.09648e-16
4.86245e-18
-4.8799e-17
-5.94919e-17
3.88992e-17
-2.24813e-17
-9.3798e-17
1.74868e-17
3.88708e-18
4.97164e-17
-1.08987e-16
1.11244e-16
1.09863e-16
4.62499e-17
1.97486e-16
2.5578e-17
2.07939e-16
-2.58662e-17
2.02464e-16
-3.50224e-17
1.36889e-16
-4.27675e-17
1.19791e-16
-7.1272e-18
1.10303e-16
3.16406e-17
1.03988e-16
3.83818e-17
-3.76219e-19
-2.00863e-16
6.25882e-17
-2.12324e-16
8.18485e-17
-3.65088e-16
1.23663e-16
-2.36516e-16
4.36192e-17
-1.80514e-16
-4.92005e-17
-9.52888e-17
-1.43513e-16
5.53088e-17
-9.20525e-17
1.30697e-16
-1.27027e-16
-6.07029e-17
-1.31522e-17
-9.64774e-18
-1.35445e-16
2.62421e-17
-8.48378e-17
3.32756e-17
-1.46907e-17
6.36737e-17
4.90845e-17
-4.32702e-17
2.07045e-17
-1.42149e-16
8.84609e-17
-1.78055e-16
8.54441e-17
-2.80265e-17
8.32611e-18
-2.08905e-16
-8.83348e-19
-1.69918e-16
5.72799e-17
-2.7184e-17
1.44648e-16
-6.19308e-17
1.54544e-16
8.12529e-17
1.13337e-16
-9.85273e-17
8.39209e-17
1.47599e-16
-5.2286e-17
4.0114e-18
-2.08971e-17
6.28516e-17
-5.10037e-17
1.18722e-16
-6.52763e-17
1.98124e-17
5.29803e-17
9.90572e-17
5.85787e-17
-1.39028e-16
-1.49061e-16
1.53537e-16
-4.44796e-16
1.47407e-16
-2.00886e-16
1.83401e-16
-1.75218e-16
1.11766e-16
-2.01906e-16
7.26805e-18
-9.50576e-17
-9.67264e-17
-1.42279e-17
-1.3864e-16
2.23809e-16
-2.97721e-17
1.13634e-16
-6.15892e-17
7.49353e-17
-1.67071e-16
2.47568e-16
-6.64171e-17
-6.57626e-17
-5.45529e-17
-2.98693e-17
-3.69896e-17
-1.23925e-16
2.69242e-17
-2.55578e-16
1.40501e-16
2.1382e-17
-3.24007e-18
-3.74966e-17
-4.22667e-17
-2.47299e-16
4.39814e-17
-1.31073e-16
1.6651e-16
-1.38868e-16
1.91796e-16
4.68033e-17
1.17121e-16
2.9576e-17
1.58928e-16
4.45716e-17
4.11415e-17
-6.90521e-17
-3.96854e-17
-1.43799e-17
-5.62134e-17
-1.59819e-17
-2.71944e-17
2.20986e-17
-3.50637e-17
-3.2881e-17
3.9653e-17
1.4848e-16
9.01929e-18
-9.28205e-17
9.4882e-17
-8.35503e-17
-2.95369e-16
1.56483e-16
-9.59438e-17
1.77205e-16
-8.4515e-17
1.56287e-16
-5.52861e-17
2.69019e-17
-1.60776e-16
4.09742e-17
-1.448e-16
-4.4355e-17
1.80508e-16
-7.57915e-17
1.35263e-16
-1.58186e-16
5.23628e-17
-1.96193e-16
5.45409e-17
-1.15574e-16
2.94111e-18
-1.46908e-16
5.10047e-17
4.83385e-17
-1.33077e-16
1.33751e-16
8.0219e-17
4.84827e-17
9.20393e-17
-5.45538e-17
-4.33482e-17
-1.34237e-17
-2.08186e-16
9.77141e-17
-1.1827e-16
1.55207e-16
-5.86503e-17
8.11918e-17
-5.79597e-18
1.75625e-16
6.18575e-17
1.73987e-16
-3.67966e-17
1.26038e-16
-1.31183e-16
-3.73351e-17
-1.50312e-16
-5.09432e-17
-8.71149e-17
-8.85971e-17
-5.11755e-17
-2.33872e-18
1.12102e-17
3.40895e-17
4.89058e-17
-4.64941e-17
-8.09404e-17
-7.16801e-17
-1.36005e-16
-1.29458e-16
1.40447e-16
-4.36471e-17
1.68999e-16
-2.05803e-16
1.08653e-16
-1.81719e-17
8.70081e-17
-1.30835e-16
1.39637e-16
-1.38829e-16
-1.37393e-18
6.52738e-17
-1.30642e-16
-4.12474e-17
-1.35852e-16
-4.48328e-17
-1.84645e-16
4.45012e-17
-6.75873e-17
5.07753e-17
-5.70258e-17
6.28325e-17
-3.5653e-17
1.4243e-16
3.5813e-17
5.72064e-17
-1.5774e-17
1.59262e-16
-1.25068e-16
-6.24735e-17
3.65783e-18
-5.83138e-17
1.9383e-16
2.86197e-17
2.47681e-16
-4.19067e-17
2.1168e-16
-1.69003e-16
1.19629e-16
5.06648e-17
9.27164e-17
-1.00316e-16
1.07686e-17
-1.42849e-16
-4.62434e-18
-2.12338e-17
-3.4725e-17
-2.75833e-16
-5.83341e-17
-1.07931e-16
-1.02539e-17
-4.10198e-17
3.90321e-17
-5.24917e-17
-9.65906e-17
-3.1428e-17
-2.57457e-16
-1.34436e-16
-3.76367e-17
-3.67146e-17
2.99082e-17
2.19361e-16
-9.97451e-17
1.46152e-16
-1.33005e-16
1.58971e-16
-1.91682e-16
1.71681e-16
-2.28807e-16
-1.29827e-16
-1.06234e-16
-1.05783e-16
-1.53499e-16
-1.19977e-16
-1.09736e-16
-1.46417e-16
-3.27128e-19
-7.90819e-18
-3.9292e-18
-6.25007e-17
-4.95652e-18
-1.48998e-16
2.72571e-16
1.0672e-16
3.51809e-16
-1.30849e-16
9.47235e-17
-9.36035e-17
1.58453e-16
-5.13142e-17
1.93813e-16
1.20025e-16
1.10459e-16
1.26594e-16
4.13355e-17
2.23523e-16
-4.46521e-17
2.14577e-16
-5.96102e-17
4.26501e-17
-2.28037e-16
1.00207e-16
-3.25504e-16
-4.05314e-17
1.61364e-18
-5.01504e-17
-2.01721e-16
-2.41655e-17
-5.78673e-17
2.09012e-17
-1.0344e-17
-4.43994e-19
5.14024e-17
-6.99022e-17
-4.23512e-17
-9.97165e-17
-8.13446e-17
-9.49971e-17
1.40266e-16
-1.22275e-16
1.5691e-16
3.78727e-17
8.5087e-17
-1.08084e-16
8.75677e-17
-5.33023e-17
1.51452e-16
-2.82455e-17
-3.54518e-17
-1.42254e-16
-4.95278e-17
-2.83988e-17
5.14601e-17
-8.22925e-17
-7.95274e-17
2.35012e-17
-1.06938e-16
-3.21137e-17
-4.49779e-17
5.90891e-17
-3.32073e-17
1.95123e-16
8.74876e-17
1.07924e-16
-3.78749e-19
4.7317e-17
-8.60995e-17
4.99099e-17
-1.65645e-17
2.00005e-16
-1.24274e-17
4.73261e-18
8.66309e-17
-1.84108e-16
2.30398e-16
-7.37557e-17
1.61373e-17
-1.8481e-16
-1.51416e-17
-1.01947e-16
1.04057e-16
-1.0296e-16
-3.98432e-17
-2.08645e-16
1.31094e-16
-5.13256e-17
6.31217e-17
-1.88795e-16
-4.21751e-17
-1.27086e-16
-4.49075e-17
-1.65446e-16
-2.09639e-16
2.94477e-17
1.27167e-17
-5.11156e-17
-1.44742e-16
1.17198e-16
-1.36619e-16
1.33605e-16
-4.70603e-17
2.303e-16
-1.11385e-16
1.68074e-16
-4.15424e-17
-2.95074e-18
2.14937e-16
-3.92545e-17
-3.50429e-17
-1.89071e-16
3.38913e-17
-6.88599e-17
-7.968e-17
-7.25738e-17
-8.5661e-17
2.90251e-17
1.54841e-16
-8.64234e-17
3.61828e-18
-9.67171e-17
8.19111e-17
2.37941e-17
5.05375e-17
1.10385e-16
1.2739e-17
-5.94924e-17
-9.84028e-17
-2.88771e-17
2.70698e-18
-1.23935e-17
5.55299e-17
1.19486e-16
3.92861e-18
1.12527e-16
-1.47385e-16
6.98622e-17
-2.65851e-16
1.33226e-17
1.02383e-16
3.18989e-17
9.27441e-18
1.50804e-17
-3.51571e-16
3.1102e-17
-2.1623e-16
8.23983e-17
-3.20138e-16
2.32993e-17
-2.25277e-16
-1.12569e-17
-3.63311e-16
-2.20308e-16
-4.53525e-17
-6.57411e-17
-4.73019e-17
-2.0357e-16
1.50717e-16
-8.47468e-18
2.25122e-16
-5.60684e-17
1.85336e-16
-5.06895e-17
5.9485e-17
-2.04426e-16
-2.15185e-17
-7.67604e-17
-7.80781e-17
-2.60142e-16
4.45114e-17
-1.6128e-16
-9.12888e-17
-9.23476e-17
-1.06922e-16
5.69425e-17
-3.57309e-17
1.69847e-16
5.73594e-17
2.22378e-17
-8.83535e-17
8.85208e-17
9.30242e-18
4.07539e-17
8.18333e-17
5.99993e-17
-5.63891e-17
7.67849e-17
-6.00458e-17
-1.20801e-16
-7.26923e-17
-8.30827e-17
3.82604e-17
1.67631e-17
1.80035e-16
1.74603e-17
7.48496e-17
-9.14443e-17
6.97668e-17
1.54027e-17
3.91922e-17
-1.0942e-16
-1.30037e-16
-2.6081e-16
3.41356e-17
-2.0236e-16
-7.49291e-18
-1.73523e-16
-1.45231e-17
-5.7446e-17
-5.27116e-17
-1.09044e-16
5.36702e-17
-4.39227e-17
-9.13341e-17
-5.22435e-17
-1.04392e-16
9.93441e-18
-1.97348e-16
1.43331e-16
-1.43921e-16
1.27453e-16
-1.53579e-16
8.31903e-17
-3.86517e-16
3.50111e-17
-4.05433e-16
5.30498e-17
-3.94143e-16
-8.40413e-17
-1.69682e-16
-2.78111e-17
1.44886e-17
-8.8087e-17
2.15235e-18
-3.58029e-17
5.93318e-18
-2.61284e-17
2.29268e-17
-4.06145e-17
1.46264e-16
3.26202e-17
4.52137e-18
3.18799e-17
1.37991e-16
-2.21632e-17
2.14484e-17
-5.98854e-17
7.16893e-19
-6.63103e-17
-1.67446e-16
3.24483e-19
-2.86365e-17
1.16358e-16
1.80903e-17
-1.9141e-17
-1.55319e-16
4.80143e-18
-3.23312e-16
8.14395e-17
-4.32955e-17
-3.48432e-17
-3.45696e-17
-3.8078e-17
-1.83235e-16
4.75727e-17
1.21923e-18
1.02672e-16
1.55484e-17
-1.11552e-17
-4.28143e-17
1.83969e-17
-2.02727e-17
-3.92675e-16
4.9581e-17
-2.54067e-17
-2.80249e-17
-2.4606e-16
3.27362e-17
-2.48863e-16
-5.00274e-17
-2.31354e-16
1.86714e-16
-7.16905e-17
5.66932e-17
-1.71211e-16
2.56236e-17
-2.65301e-16
1.65642e-17
-4.66397e-17
1.7457e-16
-1.70721e-17
1.14356e-16
-2.18924e-16
-6.51709e-17
-1.99439e-16
-5.10857e-17
6.21882e-19
-4.59497e-17
-1.90094e-17
6.62585e-17
1.63192e-17
-1.24788e-16
-1.99162e-17
-2.31955e-16
-2.1526e-16
-7.74901e-18
4.56554e-17
-1.51741e-17
-1.05964e-16
3.74402e-17
-7.9727e-18
9.03544e-17
7.88931e-17
2.07634e-16
-1.59197e-16
5.67869e-17
-3.01399e-16
-6.88159e-17
-2.32901e-16
-2.02084e-17
-1.91288e-16
7.98744e-17
6.03118e-17
4.07511e-19
-5.13471e-18
2.27652e-17
-1.29292e-16
2.70358e-17
-1.59686e-16
-3.3292e-16
1.55125e-17
-2.32598e-16
-2.08964e-17
-8.36034e-17
-6.27297e-17
-2.64603e-16
-1.6527e-17
-1.91527e-16
4.9621e-17
-1.71182e-16
6.95638e-17
-8.08881e-17
8.44871e-17
-1.11957e-16
1.41461e-16
-2.03349e-16
7.31859e-17
-5.21061e-17
6.65923e-19
-5.10955e-17
6.43833e-18
-1.03203e-16
2.02339e-18
-1.74477e-17
6.4875e-17
5.15606e-17
-6.81181e-17
-1.42371e-16
1.04353e-16
-9.87128e-17
-8.71629e-17
-5.61448e-17
-2.407e-16
-2.80764e-16
-1.21789e-16
-2.60986e-17
1.80109e-16
6.68226e-17
1.34768e-16
-4.6064e-17
-9.67048e-17
-2.76672e-17
9.37015e-17
-1.55472e-16
8.48044e-18
-2.13249e-16
-6.14953e-17
-3.36426e-16
3.41492e-17
-2.22323e-16
-9.39094e-17
3.3011e-17
1.42536e-17
1.0331e-18
7.22704e-17
-5.62628e-17
6.25301e-17
-3.32046e-16
-1.52153e-16
-3.97699e-17
-2.09246e-16
5.04768e-18
-8.21291e-18
3.7323e-17
-1.94344e-17
8.84529e-17
-1.06118e-16
1.49152e-16
-1.02654e-16
2.60826e-17
-2.52586e-16
3.70839e-17
-1.94274e-16
7.88682e-17
-5.21416e-17
3.24911e-17
-7.78671e-17
6.06714e-17
-9.03179e-17
1.39652e-17
-7.74688e-17
-1.56524e-17
-1.2492e-16
9.01051e-17
-1.20774e-16
-4.93182e-17
5.26355e-17
-2.89703e-17
-9.29811e-17
-3.61859e-17
-2.23526e-16
-3.35801e-17
-3.13631e-17
-1.60562e-16
3.66661e-17
-4.26149e-17
8.25449e-17
1.58724e-17
-8.32036e-18
-1.7952e-17
-3.23238e-17
5.76257e-17
-1.7016e-16
-7.67849e-18
-2.85598e-16
-5.16608e-17
-1.83316e-16
7.27998e-17
-1.53489e-16
3.7133e-17
-6.99106e-17
5.75031e-17
6.28944e-17
-6.23087e-17
-1.01821e-16
-1.61285e-17
-2.83491e-16
-7.28303e-17
-5.77823e-17
-1.44936e-18
3.15533e-17
1.95316e-17
1.22706e-16
1.76523e-17
7.94615e-17
-9.48525e-17
-2.35421e-17
-1.1014e-16
1.17809e-16
-2.62077e-16
2.76003e-17
-2.11515e-16
2.46653e-17
1.74122e-16
1.16432e-16
-5.7298e-17
1.08716e-16
-5.58057e-17
5.90869e-17
-9.06811e-17
-4.37308e-17
-2.90625e-17
2.30577e-17
-1.38445e-17
-4.66108e-17
-2.00908e-16
-2.77644e-18
2.24296e-17
-4.81158e-17
-1.18116e-16
-1.01487e-16
-9.38518e-18
-3.8175e-17
-1.15197e-16
8.29748e-17
-1.38776e-16
-8.03438e-17
-5.31942e-17
-1.50368e-16
-8.58928e-17
-2.92955e-18
-6.4368e-17
9.82206e-18
-1.42627e-16
-5.21049e-18
-7.82733e-17
1.01641e-16
2.17714e-17
1.92931e-16
-1.00804e-16
-1.21004e-16
-3.59501e-17
-3.71859e-17
-1.07276e-16
6.00819e-17
-4.78322e-17
-7.95299e-17
-1.72507e-16
7.79775e-17
-7.36452e-17
-8.30542e-17
6.45212e-17
7.65776e-17
5.79905e-17
7.67095e-17
-9.06932e-18
-1.08444e-17
4.49833e-17
-1.43382e-16
1.19386e-16
-1.15254e-16
1.15023e-16
8.47544e-17
1.10911e-16
-1.1975e-16
5.83835e-17
-8.4261e-17
-1.76503e-17
-1.2478e-16
-5.49149e-17
1.08476e-16
2.54175e-17
2.90224e-17
8.37049e-17
-1.38893e-16
-7.88818e-18
-2.75788e-17
-2.19832e-16
-1.75971e-18
-1.28472e-16
6.95886e-17
-7.15861e-17
-9.41146e-17
5.44938e-17
-7.0454e-17
-6.65042e-18
1.25297e-16
-1.18421e-16
-8.92727e-17
4.85153e-17
4.65723e-17
-6.50278e-17
-2.1567e-16
-1.43705e-17
-1.73582e-16
1.3261e-16
-3.63892e-18
1.35055e-16
-1.42161e-16
-9.48158e-17
4.29615e-17
-5.156e-17
-6.86663e-17
7.23252e-17
1.59957e-16
4.72839e-17
6.91134e-17
-5.04492e-17
3.66191e-17
1.3796e-16
4.96361e-17
1.46959e-16
6.64707e-17
1.60764e-16
1.58375e-17
1.87179e-17
9.92791e-17
1.81678e-16
1.26888e-16
-5.92236e-18
5.53095e-17
-3.74286e-17
4.30513e-17
-1.22048e-16
2.04963e-17
-1.71619e-16
9.68507e-17
-8.91906e-17
-2.48224e-17
-8.1536e-17
1.98166e-17
-2.76965e-17
-1.04848e-16
-1.55697e-17
-1.13126e-16
-1.2996e-16
4.74131e-18
-7.95852e-17
-9.83938e-17
7.22628e-17
-5.82365e-17
-2.48107e-17
3.0088e-17
-8.62448e-17
-3.29555e-17
2.36122e-16
-5.80264e-17
-1.30754e-17
-8.17989e-17
-5.40853e-17
4.56938e-17
1.06231e-17
1.22068e-16
-3.39789e-18
3.34201e-17
-6.85193e-17
7.40958e-17
1.01756e-16
-5.07647e-17
1.63876e-17
-1.86039e-17
-2.3295e-17
3.61119e-17
1.58295e-16
-1.66293e-17
-1.3107e-16
4.23744e-17
-6.50432e-17
1.23455e-16
3.88211e-17
1.74352e-17
2.08162e-17
1.92634e-16
-3.23406e-17
5.53785e-17
9.19765e-17
2.31854e-16
2.89323e-17
1.73021e-17
9.57254e-18
-1.61941e-17
1.13567e-16
1.57633e-17
6.74757e-17
-1.66244e-18
1.14593e-16
-1.88034e-16
-1.35989e-17
-2.27038e-16
-8.36448e-18
-1.28642e-16
-5.40427e-17
-5.59024e-17
-4.63592e-17
-1.56106e-16
2.94998e-17
-1.08695e-16
-2.08636e-16
-8.07916e-17
-9.46545e-17
-2.25801e-17
8.82668e-17
7.37793e-18
-2.78242e-17
4.35336e-17
-1.10493e-16
-6.02491e-17
-3.46628e-17
-1.1886e-16
4.69647e-17
4.82723e-19
1.21902e-16
8.48524e-18
1.21527e-16
3.83253e-18
1.74653e-16
6.24912e-17
3.43159e-17
-2.36779e-16
5.96772e-17
-2.97622e-16
5.4041e-19
-6.6404e-17
-8.28473e-17
-1.73443e-17
2.13845e-16
-1.53289e-17
7.41298e-17
1.35969e-17
1.43368e-16
-6.49391e-17
-1.83594e-17
-6.36542e-17
1.34743e-17
7.6751e-17
1.09827e-16
1.5011e-16
9.30464e-17
5.76993e-18
5.82286e-18
8.29976e-17
2.83016e-18
-1.13712e-17
-1.59269e-16
5.89335e-17
-1.40163e-16
1.60479e-17
-1.95039e-16
-1.03236e-17
-1.61012e-16
-7.91809e-17
-1.11649e-16
-4.70529e-17
-9.07922e-17
-7.08732e-17
1.20949e-18
3.46256e-19
-3.12229e-17
-4.49013e-17
5.07381e-17
-6.09118e-17
5.73805e-17
-1.18716e-16
-2.79125e-16
-2.02184e-17
-8.41137e-17
7.53165e-17
8.40374e-17
3.82223e-17
8.36069e-17
2.57343e-17
1.07599e-16
1.14807e-16
-2.61993e-17
7.3562e-17
-2.89296e-17
-7.40008e-17
-4.07539e-16
1.45657e-16
-2.17679e-16
2.71499e-17
-2.98626e-16
-2.00815e-16
4.88118e-17
1.6199e-16
3.23622e-17
6.22036e-18
-1.04629e-16
4.51071e-16
-8.04477e-17
1.67674e-16
5.1574e-17
2.44132e-17
-1.31647e-17
8.23814e-17
5.68752e-17
1.38659e-17
-2.30496e-17
-1.96777e-16
-4.62565e-17
-5.11177e-17
5.88347e-17
-1.36022e-16
1.45905e-16
4.27504e-17
4.28841e-17
-7.14913e-17
6.20105e-17
-6.03593e-17
-1.18058e-16
-1.14068e-16
-1.72654e-17
-4.49376e-17
-1.33096e-18
-8.98276e-17
-2.54983e-17
-1.52166e-16
-2.06267e-17
-8.20082e-17
-3.85561e-17
-3.63695e-17
-6.96087e-17
-2.9861e-16
1.48578e-17
-2.19695e-17
-2.19166e-17
1.94666e-16
-4.86513e-17
2.30876e-16
4.68832e-17
2.33433e-16
4.40736e-17
4.12757e-17
3.60765e-17
-4.87094e-17
-6.98418e-17
-8.49165e-18
-9.59689e-17
-9.7589e-17
3.99774e-18
-1.49998e-16
-1.91434e-17
-1.3127e-16
1.88227e-16
-1.1009e-16
1.1731e-16
7.09502e-17
3.26245e-16
1.13943e-17
1.71223e-16
1.7327e-17
1.37375e-16
9.19466e-17
-3.6506e-18
4.69531e-17
-1.1093e-16
7.15395e-17
-3.19974e-16
-6.87431e-17
-1.76003e-16
-6.24089e-17
-1.98195e-17
5.67713e-17
-1.16769e-16
5.37414e-17
-4.5617e-17
7.40494e-17
-2.34098e-16
-3.1351e-18
-1.48591e-16
-8.15206e-18
-1.50244e-16
-9.09734e-17
-6.18516e-17
-7.7091e-17
-7.17754e-17
-1.70063e-17
-6.15239e-17
-1.52366e-17
1.29896e-17
-4.06554e-17
-8.2401e-17
6.09465e-17
1.08521e-16
8.54454e-17
-1.81836e-17
-1.02851e-16
5.11915e-17
3.73469e-17
6.84015e-17
4.00761e-17
7.39089e-17
-4.62617e-17
-1.96732e-16
-9.95018e-17
3.08613e-17
8.91763e-17
2.25578e-17
6.80973e-17
-1.43151e-16
-5.7276e-17
-8.17655e-17
-4.84795e-17
-1.05925e-16
2.36617e-17
-1.89884e-17
-7.80833e-17
-3.74712e-17
7.21666e-17
-1.73897e-16
1.51415e-16
-2.69535e-17
2.05237e-16
5.62604e-18
1.48525e-16
1.01824e-16
1.56074e-16
7.1885e-19
2.11953e-17
6.30434e-17
7.81492e-17
-8.83562e-18
6.86016e-17
1.70466e-17
7.36555e-18
1.67745e-16
1.6205e-16
-6.93424e-17
-5.61256e-17
-1.26372e-16
2.0814e-17
-1.88277e-17
1.01282e-16
3.89364e-17
-1.16854e-17
5.82827e-17
-4.00154e-17
-2.39614e-17
-2.08026e-17
2.48494e-17
3.62506e-17
3.21531e-17
1.48091e-16
4.54574e-17
4.30688e-17
4.70099e-17
-9.77351e-17
2.42079e-17
-5.94569e-17
-1.0722e-16
-1.24207e-16
-4.70157e-17
-2.5078e-16
-9.75121e-17
-1.87291e-16
-1.89251e-17
-7.33231e-17
4.07986e-17
-3.23052e-16
-1.57409e-16
2.16439e-16
-3.44704e-17
1.62066e-16
-4.55915e-17
-1.53229e-16
-3.90918e-17
-9.89574e-17
2.03073e-16
-8.81614e-17
2.28128e-16
2.19732e-17
5.46236e-17
3.15559e-17
2.35774e-16
-1.50487e-17
6.16911e-17
4.99477e-17
-1.62151e-17
5.03994e-17
2.41515e-17
-4.1421e-17
1.05181e-16
4.52323e-17
9.22233e-17
-1.01176e-16
2.49223e-16
-1.90092e-16
-9.19721e-17
7.74382e-17
6.30875e-17
7.20545e-17
2.22714e-16
-3.16824e-17
1.59471e-16
3.69931e-17
7.48387e-17
-2.1283e-17
7.88618e-17
9.09481e-17
1.158e-16
2.2205e-17
1.34321e-16
-8.43777e-17
2.72204e-16
-1.32451e-16
1.69493e-16
-4.27919e-17
-7.77921e-17
-9.34548e-18
-1.59632e-16
-3.82591e-17
2.13718e-17
-1.1366e-16
-2.89493e-17
1.63599e-17
1.48669e-17
1.61987e-16
-7.62556e-17
-1.19764e-16
-2.95563e-17
1.088e-16
-2.1645e-18
6.4551e-17
1.78951e-16
8.97354e-17
-1.56041e-16
-4.58969e-17
-1.02746e-16
6.69561e-17
-1.35087e-17
2.98007e-17
-4.03493e-17
-9.28938e-17
-9.70134e-18
-1.51874e-16
9.60669e-17
1.53619e-17
1.11902e-16
-1.29678e-16
-4.22836e-18
-1.26666e-16
-2.4256e-17
1.44811e-16
-8.78101e-17
-2.28173e-17
1.99005e-17
-1.1122e-16
1.00038e-17
-1.94322e-17
4.0875e-18
4.92954e-17
1.51905e-17
1.88207e-16
-1.64763e-17
1.4923e-16
8.66542e-17
6.32275e-17
5.10692e-17
4.85559e-17
-6.68708e-17
-4.14599e-17
6.06447e-17
4.18836e-17
-1.38483e-16
2.19639e-16
-1.25728e-16
-2.42105e-17
-6.91817e-17
-1.38439e-16
-1.24362e-16
-1.02074e-16
-1.14728e-16
-1.74975e-16
-1.51103e-17
-1.69166e-17
9.81696e-17
-2.23082e-16
1.46602e-17
-1.62964e-17
-7.9322e-19
4.78281e-18
1.13585e-16
1.41986e-17
2.75796e-17
-3.66994e-17
-5.9925e-17
-1.40189e-16
4.73069e-17
-5.54487e-17
2.02566e-16
-1.34643e-16
5.76048e-17
-8.36581e-17
-1.8562e-17
-1.79339e-17
-4.07396e-18
1.91916e-16
-1.43934e-17
1.68711e-16
1.70416e-17
6.8755e-17
4.21875e-17
1.13585e-16
-6.22487e-17
-1.16163e-16
8.45941e-17
-1.42193e-17
-6.1602e-17
-6.93761e-17
-3.90405e-17
-1.53164e-17
8.79541e-17
3.49185e-17
1.52229e-16
2.73466e-17
1.11294e-16
3.02258e-17
-5.56757e-18
-6.93969e-17
-9.70109e-17
2.64263e-17
-2.37957e-17
-9.62812e-17
6.88352e-17
-1.76371e-16
-9.85173e-18
-1.18006e-16
-1.29869e-16
-7.97676e-17
-1.26361e-17
-5.21109e-17
-1.59628e-16
-5.82174e-17
2.29334e-17
6.35481e-17
-6.10228e-17
2.22625e-16
-1.50246e-16
1.3081e-16
4.09032e-17
2.67316e-16
-2.05404e-17
1.21653e-16
5.28194e-17
-2.71698e-16
-4.83911e-17
2.49028e-17
-8.92662e-17
7.11559e-17
-1.30992e-16
-5.06962e-17
1.23774e-17
-2.87954e-17
3.53374e-17
-1.29468e-16
4.97032e-17
1.0913e-17
-2.53975e-17
4.43184e-17
1.07034e-17
-1.25446e-16
7.21254e-17
-1.58066e-16
6.21183e-17
1.80133e-16
-5.38753e-18
-4.41176e-17
2.85712e-17
-5.73407e-18
5.52409e-18
-1.09221e-16
7.98342e-18
4.50658e-18
-7.32278e-17
5.6385e-17
5.38268e-17
1.74122e-16
6.11967e-17
-1.4643e-16
-8.2886e-17
1.7291e-18
-2.7495e-16
-7.69977e-17
-1.00066e-16
-7.95327e-17
-5.68158e-17
-6.48724e-17
-9.11979e-17
7.48901e-17
-4.18357e-17
7.42778e-17
3.35969e-17
6.57853e-17
8.64091e-17
2.05587e-17
1.40889e-16
-1.05077e-16
1.17141e-16
-1.63445e-16
1.27723e-16
-9.15023e-17
-5.84912e-17
9.69518e-17
-4.69817e-17
-9.59444e-17
-1.52518e-16
-1.97863e-16
2.17054e-17
-6.0578e-17
1.40642e-16
4.28351e-17
2.30045e-16
8.72044e-17
-8.38229e-17
7.21361e-17
-1.05303e-16
7.72254e-17
-7.04029e-17
4.78765e-17
-1.07651e-16
2.99136e-17
-6.86647e-17
1.71439e-17
-1.49823e-16
-1.74835e-17
-9.85598e-17
3.13339e-17
-4.7862e-17
3.77347e-17
-1.66369e-16
6.61685e-18
-1.08278e-16
-1.79436e-18
-4.23807e-17
-6.73714e-17
2.77034e-16
2.53911e-17
1.52707e-17
-4.97229e-17
1.67155e-16
-1.47052e-16
1.17785e-16
-1.57564e-16
3.3208e-17
-5.88962e-17
1.57665e-16
3.9955e-17
6.51672e-17
-2.40876e-17
1.15105e-17
1.93255e-18
-1.09978e-16
5.67601e-17
5.03591e-17
4.58947e-17
-8.12032e-17
-1.19668e-16
-1.28563e-16
4.26095e-17
-5.3861e-17
-8.50291e-19
5.01202e-17
4.00555e-17
-1.23671e-17
-2.03836e-16
-8.20431e-17
7.5972e-17
-8.90408e-17
1.01651e-16
-1.91305e-16
7.76549e-17
2.12328e-17
-2.94238e-18
6.00957e-17
-3.83218e-17
8.08647e-17
-2.23234e-16
3.18343e-17
-4.57545e-18
-7.8295e-18
6.71377e-18
-8.05829e-17
-1.86134e-16
3.36336e-17
-1.36359e-16
2.93962e-17
-7.16296e-17
-3.5155e-17
-5.28092e-17
-5.3888e-18
-3.37824e-17
1.14514e-16
1.28762e-16
7.40493e-17
2.03417e-16
8.51173e-17
8.83502e-17
-1.79619e-17
1.52869e-16
-1.6518e-16
1.15183e-16
-1.69804e-16
1.26326e-16
-1.30867e-16
2.23237e-16
-8.80008e-17
1.16398e-16
7.62134e-18
2.08991e-17
8.44858e-17
1.32275e-17
1.69154e-16
9.97279e-17
-1.8314e-17
-8.10661e-17
-4.22976e-17
-1.32778e-16
-4.29987e-17
-3.23578e-18
1.42443e-16
1.08135e-16
1.5702e-17
3.51125e-17
-2.59597e-17
-5.199e-17
-4.66105e-18
-6.78456e-17
2.81516e-18
-1.34517e-16
-1.10904e-16
-3.04373e-17
-1.66028e-17
4.2556e-17
-5.95184e-18
8.91516e-17
-1.52381e-16
-3.00889e-17
-3.41164e-17
-2.98962e-18
-1.19899e-17
9.27091e-17
-1.16757e-16
1.2378e-16
-5.25166e-17
-5.26184e-17
-1.71468e-16
2.39191e-18
-8.52477e-17
8.29247e-17
2.39667e-17
7.55957e-17
-9.02994e-19
-8.17101e-17
-1.71481e-17
8.5333e-17
-7.10933e-19
-5.7927e-18
6.96095e-17
-1.84926e-16
1.02176e-16
-1.50492e-16
1.70339e-16
-9.18494e-17
2.00611e-16
-1.67587e-16
6.55127e-17
-6.69388e-17
2.13485e-16
1.48557e-16
9.84913e-17
1.00986e-16
-8.41286e-18
-9.05764e-17
7.44752e-17
2.46345e-17
-5.05478e-17
-3.01473e-18
-1.61226e-16
-6.67885e-17
-3.64971e-17
-6.50632e-18
7.52692e-17
1.29746e-16
4.65473e-18
9.51957e-17
-2.61888e-16
1.38558e-16
-2.06815e-16
-4.06299e-18
-5.4615e-17
1.25826e-16
6.38067e-17
2.04622e-16
1.78322e-16
2.01559e-16
1.8665e-16
3.08918e-16
8.44409e-18
1.24632e-16
1.14332e-16
-9.56933e-17
1.70068e-16
2.52657e-17
-3.04424e-17
-1.26722e-16
-1.9246e-17
-6.12914e-17
-2.94544e-17
-1.00952e-16
9.26923e-17
4.65873e-18
4.93073e-17
-5.88903e-17
8.50945e-17
3.06381e-17
-7.89295e-17
-2.61248e-17
-1.13994e-16
2.42364e-16
-2.26017e-16
1.38116e-16
-9.52535e-17
9.25054e-17
-7.90967e-17
9.17119e-17
-1.10791e-16
4.75977e-17
4.34766e-17
3.81169e-17
2.03721e-16
2.239e-16
-3.73221e-17
-2.00634e-17
-7.4775e-17
-4.80941e-17
1.55274e-16
-1.48438e-16
-1.06205e-16
1.30642e-16
4.10071e-17
7.88874e-17
4.94054e-17
-1.57159e-16
-2.76084e-17
-1.4442e-16
1.43428e-16
1.54927e-18
4.11775e-16
4.78996e-17
1.58545e-16
9.67536e-19
3.05914e-16
3.99394e-17
3.16313e-16
-2.60056e-17
1.86427e-17
2.93662e-17
1.53178e-16
1.41891e-16
1.27922e-16
-1.5893e-17
1.01253e-16
-8.4921e-17
5.20711e-17
5.9245e-17
1.66371e-16
7.4951e-17
1.80117e-16
6.73369e-17
6.20659e-17
6.17353e-17
-1.61115e-16
9.08367e-17
2.84518e-18
5.18824e-17
-2.26165e-16
-1.42795e-16
-1.45397e-16
-1.56613e-16
-1.8788e-17
-1.86453e-16
-8.59825e-17
-1.00409e-16
1.9677e-16
-1.11322e-16
1.05354e-16
-3.16162e-17
1.14875e-16
7.62902e-18
2.85068e-16
-7.88029e-18
-6.3481e-18
4.05213e-17
-8.51619e-17
1.23064e-16
-3.44636e-18
-1.05023e-16
7.94497e-17
6.50749e-17
-3.81246e-17
3.935e-17
3.80413e-18
1.67089e-17
3.61062e-17
1.91686e-16
-2.59045e-17
3.16932e-16
3.3019e-17
2.43958e-16
-4.71817e-17
9.17307e-17
-5.08863e-17
2.14044e-16
1.51505e-17
3.17033e-17
-4.5919e-18
9.95522e-18
4.26069e-17
1.57786e-16
-5.78643e-18
5.31916e-17
1.71436e-16
4.119e-17
2.90415e-17
1.78897e-16
-6.81278e-17
1.75122e-16
-2.18725e-17
1.65919e-16
2.26061e-17
5.03518e-17
-1.06888e-17
1.30361e-16
2.83353e-17
2.183e-16
-1.70663e-16
-1.09645e-16
-1.46774e-16
1.07796e-16
-5.13297e-17
1.62668e-16
-6.67762e-17
7.74535e-17
-8.36285e-17
1.79278e-16
7.21559e-17
1.16522e-16
2.25105e-17
1.51592e-16
1.23018e-16
-8.46666e-17
-1.64084e-17
-1.52481e-17
-2.75472e-16
-1.00216e-16
-1.28388e-16
5.60844e-17
-3.00977e-17
1.30841e-16
-1.52668e-16
3.71938e-17
-1.75248e-17
-1.43992e-16
5.1886e-17
-1.40123e-16
-4.34138e-17
-4.441e-17
1.48723e-16
1.19138e-17
1.08478e-16
-2.62282e-17
1.81371e-16
3.44488e-18
1.24273e-16
-2.22639e-17
-5.25171e-17
-4.12305e-18
1.47518e-17
1.57084e-17
1.216e-16
8.19335e-17
9.66304e-17
2.83755e-18
1.73787e-16
5.02957e-17
7.70819e-17
1.32326e-17
1.14728e-16
-3.67176e-17
2.47251e-16
8.90812e-17
1.02907e-16
4.40105e-17
3.20606e-17
-2.68616e-17
1.23901e-16
-1.30295e-16
6.87049e-17
-1.23688e-16
6.23819e-17
-5.98016e-17
1.30426e-16
4.75691e-17
1.55762e-16
-5.69209e-17
-1.4855e-16
-2.0796e-17
-1.40776e-16
-5.03877e-17
5.25051e-17
1.09983e-16
-4.28358e-17
-8.56667e-17
-1.41703e-17
1.6879e-16
-9.83688e-18
1.8422e-16
3.77054e-17
7.25636e-17
4.9645e-17
5.34589e-17
-3.42076e-17
5.22316e-18
2.63753e-18
-1.63911e-16
8.82584e-17
-3.18392e-17
-1.18869e-17
-1.47979e-16
-7.60072e-17
2.08588e-16
7.71436e-19
1.62431e-16
-1.31512e-17
6.45557e-17
1.55299e-16
-1.50848e-17
2.48852e-17
1.54474e-16
4.70377e-17
1.59178e-16
-3.36231e-18
1.19442e-16
-2.95595e-17
1.62091e-17
4.79214e-17
9.10649e-17
5.58936e-18
1.90916e-16
-2.15233e-17
-1.55121e-17
-2.34059e-17
-4.7421e-17
-7.3032e-17
4.58516e-17
-1.49908e-16
4.89623e-17
-1.44003e-16
-3.07374e-17
-1.34248e-16
2.75889e-17
-3.96481e-17
1.78077e-16
-1.45355e-17
-6.04221e-17
-1.58455e-17
1.48468e-17
-3.00288e-17
5.6897e-17
1.99945e-16
-1.43167e-16
1.06749e-16
6.36567e-17
1.246e-16
3.29897e-17
2.48062e-17
-1.29326e-17
2.47862e-17
3.99683e-17
5.59646e-17
-4.38381e-17
-2.88772e-17
-1.47717e-16
6.32467e-17
-5.99988e-17
-4.4916e-17
1.94472e-16
-3.50102e-17
4.44577e-17
1.70384e-16
-6.20189e-17
1.98877e-16
-4.00103e-17
1.4545e-16
7.78363e-17
-7.64599e-18
1.68894e-16
1.92273e-16
2.31002e-17
1.20283e-16
-4.16697e-17
-3.70328e-17
3.26383e-17
8.56193e-17
7.64476e-18
8.2069e-17
7.05962e-18
1.14835e-16
-2.09834e-17
6.40913e-18
-6.84755e-17
5.04974e-17
-1.59574e-16
5.22805e-17
-1.28535e-16
1.22996e-16
-4.85405e-17
2.14194e-16
-4.65573e-17
1.38284e-16
-1.216e-16
7.27878e-17
-5.11451e-17
2.57808e-17
3.44199e-17
1.49749e-16
1.9291e-16
-9.13721e-17
-5.38708e-17
-3.16257e-17
-3.26292e-18
5.20233e-17
-8.48903e-17
6.7334e-19
-2.27815e-17
4.89498e-18
-9.14309e-17
-9.41713e-19
1.83771e-17
-4.71477e-17
1.43348e-16
-1.52343e-17
1.46879e-16
-9.06609e-18
5.11461e-17
3.85881e-17
1.15567e-16
3.89912e-17
9.72776e-17
3.76524e-17
6.13576e-17
-5.03945e-17
1.70006e-16
4.6257e-17
1.92452e-16
4.08282e-18
1.08903e-16
8.24623e-17
4.7114e-17
8.45477e-17
-1.07112e-16
-4.81713e-18
3.7671e-17
-4.69001e-17
3.99864e-17
-2.00112e-17
-5.04932e-17
1.1259e-17
7.35715e-17
7.72409e-17
1.24418e-16
-1.01101e-16
-8.78276e-17
-8.73059e-17
5.69314e-18
-1.31573e-16
3.66665e-16
-1.81716e-16
1.2552e-16
-7.78117e-17
9.96477e-17
-1.4005e-16
1.99101e-16
5.69001e-17
3.13025e-16
2.04824e-16
-1.09271e-16
-2.72364e-16
-7.08428e-17
-1.42365e-16
-3.39808e-17
-5.80623e-18
-2.4237e-17
1.13466e-16
1.27816e-17
1.93767e-16
1.53817e-16
1.34398e-16
-1.62984e-16
4.32244e-17
-5.17394e-17
6.39001e-17
-1.01321e-18
1.24477e-16
2.12452e-16
1.87406e-16
1.32021e-16
1.57203e-16
-6.41829e-17
5.77101e-18
-8.25758e-17
8.58115e-19
5.69435e-17
-1.3841e-17
-4.52679e-17
5.98971e-17
7.73539e-18
1.37057e-16
9.58224e-17
1.46616e-16
5.10355e-17
-1.50278e-17
2.613e-17
-4.66552e-17
-5.78695e-17
-8.07304e-17
2.76474e-17
9.09089e-17
6.20133e-17
-5.11132e-17
-4.65584e-17
7.58981e-17
-6.76829e-17
-1.46995e-16
-1.75535e-16
1.52245e-16
-1.40418e-16
9.18996e-17
-2.83081e-17
9.68598e-17
-1.4381e-16
1.91637e-16
5.35731e-17
5.95237e-17
1.42321e-16
-9.65888e-17
-2.2063e-16
-6.79184e-17
4.67869e-17
1.47004e-16
1.20476e-16
-6.11611e-17
1.09298e-16
-2.78112e-17
2.8798e-16
3.47298e-17
1.2226e-16
-7.39819e-17
-1.0278e-16
3.66179e-17
1.5193e-16
9.9168e-17
6.15421e-18
2.44656e-17
1.58971e-16
6.92116e-17
4.28376e-17
-6.93881e-17
5.91125e-17
5.40596e-18
6.3757e-17
9.48071e-17
-1.94225e-16
-4.64842e-18
1.57617e-16
9.44596e-17
1.21497e-16
2.20374e-17
1.38942e-16
-5.95769e-17
-1.96319e-17
8.87497e-18
-1.28565e-17
-5.69106e-18
-1.40192e-16
-1.61649e-16
2.06035e-16
-1.03133e-16
-3.4131e-17
3.19535e-17
6.76821e-17
1.62788e-16
3.83031e-17
-8.09674e-17
4.31367e-18
-1.3577e-16
-4.36877e-18
-1.21525e-16
1.45076e-16
-1.59967e-17
1.86646e-16
6.32529e-17
5.08711e-17
-9.70331e-18
1.12593e-16
1.17375e-17
2.62331e-17
3.17598e-17
7.77939e-17
-1.68399e-17
3.10847e-17
3.65396e-17
2.85745e-17
-3.98233e-17
-8.91675e-17
-1.06272e-16
-4.7908e-17
-1.42451e-17
6.92867e-17
-5.7027e-17
4.04494e-17
7.91901e-17
5.11389e-17
2.55486e-17
-1.9807e-17
-7.42628e-17
3.06866e-17
1.92716e-17
3.25066e-17
3.67161e-17
6.78609e-17
-7.3198e-19
-9.40262e-17
4.91805e-17
-6.71326e-17
-2.07474e-16
2.13779e-17
-2.76066e-17
3.33107e-17
-1.70147e-16
1.50873e-17
-1.14037e-16
7.80037e-17
-8.92503e-17
-3.35105e-17
-2.83841e-17
-8.7153e-17
1.22656e-16
-8.01512e-17
-1.17959e-16
9.89354e-17
-5.34335e-17
-2.26124e-17
2.64316e-17
-1.46793e-16
-1.12798e-18
-1.52354e-16
1.89513e-16
-8.58955e-17
4.97186e-17
6.84146e-17
3.264e-16
1.98837e-16
5.53182e-17
1.71558e-16
4.38768e-17
1.57573e-16
2.58266e-17
-1.79477e-17
1.04617e-16
7.81143e-17
1.86701e-17
1.62045e-16
-1.47026e-16
5.82092e-17
4.21797e-17
1.15473e-16
7.19297e-17
-4.09255e-17
2.1455e-17
5.53921e-17
5.13823e-17
-1.00523e-16
-3.68512e-17
1.06811e-16
-9.46483e-17
-2.46449e-17
-1.42384e-17
4.76192e-17
2.59514e-17
8.0704e-17
1.03583e-16
-1.03234e-16
4.84708e-17
-1.44435e-16
-5.6708e-17
-2.10852e-16
-1.80022e-17
-1.34485e-16
4.01581e-17
-7.0253e-17
1.11211e-16
-1.52375e-17
3.36685e-18
-7.58898e-17
-1.67038e-16
1.5414e-16
-1.62596e-17
-3.59661e-17
1.72623e-16
4.83285e-17
-1.18856e-16
-6.61275e-17
2.56822e-17
9.02789e-17
-1.21498e-16
2.10864e-17
-4.46203e-17
4.46285e-17
3.72361e-17
1.63461e-16
2.31657e-16
6.38098e-18
4.91125e-17
1.04791e-16
2.61182e-17
6.01365e-17
-6.58365e-17
-3.7498e-17
-9.47513e-17
-1.36366e-16
-4.01794e-17
4.22128e-17
9.83999e-17
4.39917e-17
2.00327e-16
-5.57579e-17
1.94208e-16
-4.70503e-17
1.59752e-16
9.1133e-17
4.32454e-17
-1.22498e-17
1.1265e-16
7.05051e-17
-9.55714e-17
-1.35667e-16
7.07525e-17
-6.29236e-17
1.29785e-16
-5.9712e-18
-1.96691e-18
-5.47749e-17
-8.95681e-17
3.97017e-17
3.13428e-17
1.51514e-16
8.65073e-17
6.58037e-17
-1.066e-16
1.79325e-16
-3.9694e-17
7.11016e-17
-1.55648e-16
-9.55729e-17
-4.41748e-17
-7.33353e-17
-8.84636e-17
8.99004e-17
-2.17442e-17
-4.39339e-17
-4.89678e-17
-5.05783e-17
8.09145e-17
-8.78137e-17
2.94802e-17
3.11661e-17
2.54896e-16
9.35275e-17
4.19908e-17
2.30955e-16
5.27403e-17
1.90005e-16
-2.60316e-17
1.28047e-16
4.9724e-17
1.90858e-16
1.07759e-16
8.56265e-17
5.10409e-17
-1.01456e-16
2.06929e-17
1.16338e-16
-4.25606e-18
1.63025e-16
-5.63762e-18
2.59443e-16
-2.6639e-17
1.09196e-16
-8.22824e-18
1.69815e-16
-1.55421e-18
6.93939e-18
-1.70976e-17
1.79335e-17
-1.50493e-16
8.11419e-17
-1.24647e-16
2.16114e-16
-8.38465e-17
5.31346e-17
4.47528e-17
7.37528e-17
1.0043e-16
1.76982e-16
-2.81113e-17
8.77173e-17
1.02634e-16
2.8767e-17
1.16884e-16
8.64854e-17
3.59673e-17
1.89473e-18
-2.74753e-17
-2.22485e-17
-8.64742e-17
8.73133e-17
9.39255e-17
-1.54029e-16
9.28712e-17
1.69216e-17
-1.11382e-17
-3.38518e-17
3.01359e-17
-1.66464e-16
-2.81962e-17
1.65712e-16
-2.29908e-17
2.29686e-16
1.65074e-16
5.6847e-18
1.19691e-16
-6.05861e-17
1.74543e-16
-3.26755e-17
1.74517e-16
7.38625e-17
7.97405e-17
1.35089e-16
4.60708e-17
5.92084e-17
1.38802e-16
-6.62102e-18
1.27044e-16
-1.29636e-16
1.05691e-16
-3.7762e-17
2.51051e-17
-1.02228e-17
5.84855e-17
1.73831e-17
8.76904e-17
3.85833e-17
1.8114e-16
2.12914e-17
-6.40785e-17
-7.25694e-17
-3.12833e-17
-6.88808e-17
-1.95684e-16
-3.53748e-17
1.20559e-16
3.72672e-17
-1.81819e-17
5.21635e-17
-4.24485e-17
1.49062e-17
-7.50454e-17
-4.5046e-18
9.05415e-17
1.36821e-16
-4.72769e-17
-1.03202e-17
-4.48141e-17
-6.54007e-17
-1.62749e-17
4.63378e-17
-1.39178e-16
-8.49037e-17
-6.01725e-18
-3.74619e-17
-5.25614e-17
1.20846e-16
-9.10256e-18
2.23826e-16
1.29211e-16
-6.89654e-17
8.37343e-17
-3.1767e-17
-2.58044e-17
8.39686e-17
-7.34287e-17
-1.0603e-16
1.56443e-16
-5.24218e-17
-2.13674e-17
-1.51803e-16
5.09763e-17
3.0647e-18
9.17593e-17
-6.41796e-17
2.69107e-17
-1.0546e-16
-5.15681e-17
-1.48996e-16
-3.45909e-17
-2.65599e-17
1.36708e-17
-5.88321e-17
-1.06143e-16
-1.07639e-16
-4.11202e-17
8.26604e-17
-8.95215e-17
-4.37011e-17
-9.36864e-17
2.91802e-17
4.16285e-18
-6.62083e-17
-6.52674e-17
-3.46932e-17
-1.40007e-17
-5.84089e-18
1.07566e-17
1.05506e-17
5.70809e-17
-4.77169e-17
8.01235e-17
9.68393e-17
1.07936e-16
3.24481e-17
-1.44835e-16
-1.15129e-16
-1.34176e-16
-1.5966e-16
3.71162e-17
-4.30326e-18
1.35431e-16
6.08193e-17
1.07905e-16
1.1951e-16
7.99198e-17
1.25428e-16
4.61094e-17
-3.04288e-17
7.88766e-17
-5.97845e-17
-6.34351e-17
-5.13588e-17
3.56944e-17
-1.00175e-16
-1.21718e-16
3.21048e-17
-6.37055e-17
6.65486e-17
3.06671e-17
8.89924e-17
-1.13504e-16
5.80737e-17
-1.24357e-16
3.06549e-18
-1.14618e-17
-5.70728e-18
-1.99841e-17
-5.03943e-17
-7.23497e-17
7.57637e-17
-1.31966e-16
-6.0076e-17
-9.61561e-17
-5.27031e-17
1.70689e-17
-1.16523e-16
-9.61797e-17
3.97365e-17
-1.8982e-16
-7.67609e-17
-9.23678e-17
1.98711e-17
-3.12585e-17
3.88463e-17
-1.83903e-16
-8.61354e-17
-6.42065e-17
4.55997e-17
-7.68414e-17
7.08133e-17
-5.11101e-17
2.22596e-17
-1.19562e-16
-1.1909e-16
-1.58685e-16
2.56813e-17
-2.298e-16
2.1526e-16
-1.10882e-16
-5.65229e-17
-3.11838e-17
-1.0775e-16
-1.20134e-16
1.43827e-17
3.2323e-16
1.03424e-16
5.3925e-17
2.4319e-16
9.68841e-17
-1.3217e-16
1.00854e-16
7.33395e-17
5.53179e-17
-1.27983e-16
-3.62264e-17
-1.55384e-16
-2.29562e-17
-8.93352e-17
5.20166e-17
-2.43646e-16
1.03177e-16
-2.30601e-16
-9.91625e-17
-2.14342e-16
-4.41756e-17
-3.05208e-16
-3.70118e-17
-1.36412e-16
-5.74544e-17
-2.86846e-17
1.03554e-17
-8.00099e-17
-1.92834e-17
-9.4064e-17
8.23566e-17
-2.30457e-16
-1.47433e-16
-2.06327e-16
7.34685e-18
-1.98439e-16
-5.2129e-17
-1.15035e-16
-7.45693e-17
-2.71675e-16
-9.03356e-17
-1.15423e-16
7.5979e-17
-1.082e-17
5.15602e-17
-1.7785e-16
-3.39838e-17
-5.67058e-17
-7.40238e-17
-1.75496e-17
-9.45927e-18
-1.878e-16
1.82828e-16
-5.11738e-17
2.03645e-16
-1.63218e-16
1.70066e-16
-1.61091e-16
1.65396e-16
7.34633e-19
-1.30495e-16
-1.81281e-16
-6.69645e-17
-5.37774e-17
-5.44986e-17
-7.07447e-17
-1.75366e-16
-1.11507e-16
-1.91022e-16
-6.46294e-17
-8.25819e-17
8.28988e-17
-1.12432e-16
1.0899e-16
-1.57118e-16
7.89964e-17
-3.08046e-16
-4.55954e-17
-5.91834e-16
-1.23428e-16
-3.23133e-16
2.21386e-17
-3.00317e-16
7.17771e-17
-3.28013e-16
-5.38526e-17
-3.13111e-16
-8.6958e-17
-4.57269e-16
-1.62707e-16
-3.33839e-16
-7.01266e-17
-2.65811e-16
-2.50956e-17
-1.96581e-16
4.26475e-17
-1.23728e-16
2.83648e-17
-2.16763e-16
-2.53412e-17
-9.03544e-17
1.32021e-16
-6.24409e-17
6.19597e-17
-2.02436e-16
-5.32599e-17
-7.15154e-17
-1.81274e-16
-2.56454e-17
9.76014e-17
8.28408e-17
8.37782e-17
6.87067e-17
2.97626e-17
-2.61643e-16
1.94832e-16
-1.55691e-16
6.9047e-17
-2.6e-16
-1.54074e-17
-9.27238e-18
3.90009e-18
-5.97803e-17
-1.10224e-16
9.10291e-17
-1.47349e-16
3.31204e-17
-9.51507e-17
-6.00686e-17
-6.81556e-17
1.51231e-18
-5.1328e-16
-9.14281e-18
-2.37201e-16
3.54023e-17
-4.40269e-16
-9.29812e-17
-5.61559e-16
-1.62594e-17
-2.88521e-16
4.5899e-17
-5.58806e-16
-6.78632e-17
-5.75992e-16
-5.03031e-17
-5.01187e-16
2.40432e-18
-5.99753e-16
-6.134e-17
-3.27915e-16
6.1637e-17
-3.14481e-16
-4.44513e-17
-1.56553e-16
5.5551e-17
-1.578e-16
5.04565e-17
-2.33224e-16
5.64387e-17
-2.62486e-16
6.63187e-17
-2.13411e-16
-3.01255e-17
-3.54073e-17
2.72634e-17
-3.83429e-17
-1.24205e-18
8.31111e-17
1.60375e-17
4.14049e-16
6.70772e-17
5.6761e-17
-3.10472e-17
-7.47782e-20
2.21486e-16
-1.08123e-16
8.10111e-17
-3.70076e-18
-1.04072e-16
-3.38216e-17
-1.08186e-16
-1.81327e-16
6.6583e-17
-8.62306e-17
-2.20619e-16
-1.51346e-16
-1.19555e-16
-1.07538e-16
-2.50334e-16
-1.22969e-16
-3.93682e-16
-1.19416e-16
-2.87219e-16
5.15299e-17
-4.88795e-16
1.68694e-16
-3.71363e-16
1.36535e-17
-5.21044e-16
-6.08431e-17
-5.96827e-16
1.0916e-16
-4.46828e-16
7.08792e-17
-5.88487e-16
-1.81601e-16
-4.55741e-16
-4.2697e-17
-4.35536e-16
-3.98205e-17
-2.74967e-16
3.08177e-18
-2.77361e-16
2.47404e-17
-2.12835e-16
4.68733e-17
-1.66789e-16
6.95489e-17
-2.50591e-16
1.06785e-16
-1.76636e-16
5.75613e-17
-5.86989e-17
6.92683e-17
8.48838e-17
-3.29081e-17
2.25644e-16
-1.45504e-16
4.88239e-16
2.72871e-17
2.54759e-16
1.55316e-17
3.28071e-16
4.32893e-17
-6.02811e-18
1.76517e-16
4.13323e-17
2.3754e-16
4.35916e-17
1.25516e-16
6.81464e-18
1.01506e-16
-1.20015e-16
-1.76236e-16
-2.0414e-16
-3.72154e-16
-1.94786e-16
-8.29027e-17
-9.41685e-17
-1.95074e-16
-1.35205e-16
-2.84201e-16
2.51867e-17
-3.24535e-16
4.32561e-17
-2.87472e-16
-5.78249e-17
-4.0033e-16
1.73878e-17
-5.12417e-16
5.3059e-17
-4.29292e-16
-8.52924e-17
-5.40802e-16
5.29029e-17
-3.27906e-16
1.23132e-16
-2.17734e-16
4.43789e-17
-9.67435e-17
7.18088e-17
-2.23139e-16
4.07564e-17
-1.60836e-16
1.50166e-17
-6.9903e-17
8.19597e-17
-1.85659e-17
2.48394e-16
-7.32662e-17
2.15224e-16
-1.44437e-16
1.78624e-16
2.76099e-17
1.51238e-17
5.50813e-17
-1.13498e-16
3.04534e-17
5.57278e-17
1.30998e-16
3.51948e-17
-2.06514e-17
2.17594e-16
1.64568e-16
-7.17319e-18
-4.01486e-17
1.08047e-17
-6.10486e-18
1.45295e-17
-3.95123e-17
1.27299e-17
-2.01047e-16
-6.21972e-17
-1.63673e-16
-2.85729e-16
-2.37084e-16
-2.08157e-16
-1.62276e-16
-1.38071e-16
-1.63707e-16
-1.56111e-16
9.62807e-17
-2.47729e-16
4.65513e-17
-1.95122e-16
-9.64111e-17
-1.32656e-16
-6.18572e-18
-2.9152e-16
3.02527e-17
-4.89043e-16
8.42892e-17
-1.76996e-16
1.2349e-16
-1.28609e-16
1.32597e-16
-8.87276e-17
4.2572e-17
-1.26408e-16
9.64217e-17
-1.93139e-16
3.15344e-17
-3.27705e-18
1.85461e-17
3.89698e-17
5.97803e-17
-3.45209e-18
2.03244e-16
3.39984e-17
2.03296e-16
-1.10818e-16
1.03362e-16
-1.45704e-17
4.4454e-17
-3.7026e-17
-1.26022e-16
-6.22359e-17
1.87563e-16
1.46498e-16
-2.19537e-17
4.7805e-17
9.01704e-17
2.46396e-16
2.65109e-17
-7.84344e-17
-2.26024e-17
9.93421e-18
-3.30665e-17
-8.57928e-17
1.36886e-16
-1.0693e-16
-8.62426e-17
-1.8569e-16
-1.15052e-16
-1.4701e-16
-7.91458e-17
-1.46692e-16
9.72163e-18
-1.68855e-16
-1.88391e-16
-2.61525e-18
-2.11525e-17
6.17434e-17
-1.76524e-16
-1.21886e-16
-4.5142e-17
-5.00353e-17
-1.38243e-16
-1.83856e-17
-2.51951e-16
-4.38043e-17
-1.00561e-16
1.15339e-16
-2.08416e-16
2.29902e-16
-7.06584e-17
1.36557e-16
-1.57467e-16
9.81242e-17
-4.44592e-17
6.94432e-17
-6.19623e-17
1.02572e-16
-1.31408e-16
9.48416e-17
1.23187e-17
9.33613e-17
1.27271e-16
2.7884e-16
-2.67536e-17
2.96423e-16
8.06001e-17
3.00378e-17
-1.57501e-16
-9.28651e-17
-2.16772e-16
-3.22457e-17
-7.94722e-17
-3.11509e-17
-3.08116e-17
2.51273e-17
2.76168e-16
-8.79595e-18
6.81325e-17
9.27047e-17
3.50001e-17
1.75829e-16
-3.04816e-17
1.60049e-17
-2.90137e-18
-1.79067e-18
-2.50234e-16
-6.98627e-17
-2.63137e-16
-1.66938e-16
-1.37749e-16
-6.45895e-17
-9.90599e-17
-3.45311e-17
4.43808e-17
5.41689e-18
-5.12913e-18
-4.97921e-17
-1.16044e-16
-1.81171e-16
1.02514e-16
-2.67272e-16
1.18734e-16
-3.0737e-16
4.18941e-18
-2.40561e-16
3.34785e-17
-2.10978e-16
6.83662e-17
-2.93609e-16
1.47917e-16
-1.01076e-16
1.01002e-16
-4.72893e-17
1.072e-16
-1.40142e-16
-5.63149e-18
-1.93362e-16
1.3836e-16
-2.44158e-17
2.92418e-16
6.80193e-17
2.34275e-16
1.32502e-16
3.06882e-17
-7.19152e-17
-2.3857e-17
3.27045e-17
3.3871e-17
-2.13164e-16
4.25896e-17
6.87071e-17
9.85544e-17
-1.64512e-17
1.34238e-16
1.66388e-16
2.75129e-18
-1.08148e-16
-5.21611e-17
-2.51275e-17
6.46643e-17
-1.14322e-17
-1.11514e-16
-1.06168e-16
-2.10824e-17
-3.30217e-16
-7.20935e-17
-1.75472e-16
-3.10001e-16
-2.69555e-16
-1.06346e-16
-2.10495e-17
-9.75412e-17
3.01294e-17
-2.14123e-16
-2.24974e-17
-1.39707e-16
-4.15079e-17
-3.22515e-16
4.17738e-17
-1.9345e-16
1.24978e-16
-3.01187e-16
4.62063e-17
-2.50946e-16
5.54651e-17
-2.06188e-16
8.34168e-17
-4.13483e-16
7.13643e-17
-2.72232e-16
4.07124e-17
-3.17213e-16
1.79496e-16
-2.13961e-16
2.22538e-16
-8.40743e-17
7.00931e-17
-2.49183e-16
5.81481e-17
-1.76302e-16
2.37216e-16
6.93321e-17
1.20519e-16
-2.25201e-16
6.52338e-17
-6.70547e-17
1.49942e-16
-1.32938e-16
-2.45141e-17
-1.85796e-16
-5.70168e-17
8.41775e-17
-1.38762e-17
5.35483e-17
9.14266e-17
4.36377e-17
1.28935e-17
-3.64406e-17
6.85325e-17
-1.6669e-16
-1.42825e-16
-5.64496e-17
-1.72994e-17
-3.81686e-16
9.45841e-17
-1.47199e-16
-2.51934e-16
-1.90036e-16
-8.22923e-17
5.83804e-17
-2.71647e-16
-2.7942e-17
-7.93587e-17
-7.75776e-17
-1.29521e-17
-1.15985e-16
-1.76692e-16
1.76933e-17
-7.88324e-17
1.31248e-16
-3.22729e-16
9.14771e-17
-2.06866e-16
8.11129e-17
-6.53767e-17
3.40992e-17
-2.11837e-16
1.23721e-16
-2.50986e-16
8.68986e-17
-1.88387e-16
-2.75086e-17
-2.82436e-16
2.27317e-16
-1.52943e-16
1.92168e-16
-1.46127e-16
1.62617e-16
-1.76677e-16
2.97597e-16
-1.94344e-16
7.34564e-17
-2.31687e-16
-1.97663e-17
-2.70415e-16
2.05881e-18
-1.1702e-16
1.26446e-16
-4.03861e-16
7.2146e-17
2.94654e-17
-9.73233e-18
-4.93996e-17
-4.1868e-17
-1.79679e-17
1.53858e-16
2.89968e-17
3.18488e-16
4.86968e-17
-1.05884e-16
-1.31244e-16
-1.67777e-16
-3.18637e-16
-2.65078e-16
-2.32329e-16
-6.48574e-17
-2.24242e-16
-1.9105e-16
9.50932e-17
-1.87496e-16
-1.61027e-16
-1.65908e-16
-1.7562e-16
-1.48704e-16
-1.29375e-16
-4.56271e-16
-4.35882e-18
-7.73154e-17
6.58809e-17
-1.83474e-16
1.78144e-16
-3.67588e-16
3.17767e-17
-1.44942e-16
8.65399e-18
-7.21052e-17
8.14313e-17
-3.9749e-16
1.27616e-16
-1.73815e-16
1.50184e-16
-1.56472e-16
2.85182e-16
-3.36679e-16
-9.93099e-19
-2.15411e-16
7.5275e-17
-1.96687e-16
3.64575e-16
-1.46799e-16
6.92898e-18
-2.19214e-16
-8.18421e-17
-1.73677e-16
4.29782e-17
-1.22641e-16
2.20245e-16
-2.62877e-16
1.62347e-16
-2.58967e-16
1.51698e-17
-1.70815e-17
2.96921e-17
-1.28057e-16
-1.54339e-16
-1.13165e-16
-5.80481e-17
2.78282e-17
-1.47747e-17
-2.31548e-16
-1.77724e-16
-3.22247e-16
-2.33083e-16
-1.12635e-16
4.77552e-17
-1.98468e-16
-6.48129e-17
3.34067e-17
-1.62491e-16
2.60384e-17
-2.42595e-16
-2.28031e-16
-5.81952e-16
-1.26106e-16
-5.59095e-16
-8.72858e-17
-2.77909e-16
1.31991e-16
-2.66031e-16
1.87457e-16
-1.64068e-16
6.28475e-17
-5.02786e-16
-8.56743e-17
-2.10138e-16
4.47877e-17
-5.3367e-16
1.14974e-16
-2.7787e-16
1.16506e-16
-4.6655e-17
2.47143e-16
-1.72382e-16
2.76876e-16
-1.78445e-16
6.47135e-17
-6.07883e-17
1.28053e-16
-1.39347e-16
1.80504e-16
6.32944e-17
-4.68876e-17
-3.06716e-16
1.99308e-17
-1.71272e-16
1.659e-16
-9.29383e-17
1.33058e-16
-3.20816e-16
5.5942e-17
-1.33283e-17
2.54494e-17
-2.59449e-17
-6.77204e-17
-6.4284e-17
9.00723e-17
-6.80669e-18
-6.64175e-17
-1.36534e-16
-1.26471e-16
-2.88446e-16
3.31035e-17
-1.72283e-16
-2.23992e-17
-1.20695e-16
-3.51476e-17
-1.85524e-16
-1.49047e-16
-2.27367e-16
-2.30685e-16
-6.84085e-17
-4.43275e-16
-1.86545e-16
-4.7302e-16
-7.7978e-17
-2.038e-16
7.70284e-17
-4.28546e-16
2.12565e-16
-1.6922e-16
2.13118e-16
-3.89546e-16
1.58015e-16
-3.61158e-17
9.55051e-17
-1.86956e-16
-1.11732e-17
-2.47941e-16
1.68631e-16
-1.18706e-16
2.07084e-16
3.11222e-17
1.7155e-16
-9.1946e-17
3.56738e-16
3.53209e-17
1.39943e-16
3.75362e-17
-3.46492e-18
2.2315e-17
4.93799e-17
-4.10902e-17
2.22028e-17
1.51131e-16
1.91566e-16
3.57693e-17
2.36445e-16
-1.46937e-16
6.52055e-17
-2.09851e-16
3.77466e-17
-1.10271e-16
-5.3698e-17
-8.62898e-17
-1.03685e-18
5.86082e-17
7.90628e-17
-2.29952e-17
-1.23771e-16
-3.00579e-16
1.2576e-16
-3.43048e-16
1.7402e-17
-2.91879e-16
-9.90913e-17
1.9771e-18
7.19919e-17
-1.46488e-16
-2.53433e-16
-1.51274e-16
-2.53326e-16
-3.56404e-17
-2.5603e-16
-9.88827e-17
-5.51869e-16
8.71822e-17
-2.22613e-16
5.75199e-17
-2.60576e-16
2.01809e-16
-1.71606e-16
8.76762e-17
8.73116e-17
1.04579e-16
3.96579e-17
1.41563e-16
-1.59186e-16
1.71435e-16
-9.5409e-17
3.30706e-16
1.3547e-17
2.38279e-16
-3.03726e-17
1.57381e-16
2.42361e-17
9.07538e-17
8.99278e-17
8.67087e-17
-1.04915e-17
8.36012e-17
2.58348e-17
-4.63383e-17
2.45198e-16
2.56408e-17
6.95311e-17
8.1327e-17
-6.40086e-18
8.65333e-17
-1.37171e-16
1.05495e-16
-1.05835e-17
1.22883e-16
-3.19968e-18
9.31944e-17
2.04293e-16
2.47238e-17
4.80208e-17
-6.12241e-17
-3.52676e-16
6.32e-17
-2.53731e-16
7.76099e-17
-2.70482e-16
-9.11714e-19
-2.73864e-16
-1.3332e-16
-2.55132e-16
-2.11428e-16
-1.9016e-16
-1.01573e-16
4.89773e-18
-4.30006e-17
2.05099e-17
-1.96596e-16
2.33123e-16
-1.00669e-16
9.37298e-17
-6.1737e-17
1.88372e-16
7.82593e-17
-9.49094e-18
-2.92249e-17
1.40719e-16
2.71746e-16
1.62476e-16
2.38124e-16
1.87217e-16
1.35248e-16
8.49802e-17
2.14245e-16
2.61163e-16
2.02667e-17
3.78919e-16
1.85747e-16
1.56373e-16
-5.89465e-17
4.94115e-17
-4.13132e-17
4.75492e-17
7.82682e-17
-2.8118e-17
-6.22112e-17
1.11668e-16
8.06176e-17
1.78383e-16
7.55653e-17
1.92772e-16
-1.47827e-16
2.18497e-17
1.43406e-18
9.6889e-18
-8.23958e-17
4.81707e-17
-1.52601e-16
-2.44167e-16
2.4353e-17
6.55604e-17
-2.82793e-16
2.57288e-16
-2.73091e-16
-3.61985e-18
-2.54287e-16
9.07118e-17
-2.79024e-16
-1.07534e-17
-3.5448e-16
1.32072e-16
-1.33531e-16
1.72051e-16
-8.29903e-18
-3.67417e-17
1.17817e-16
7.80081e-17
3.15198e-16
-5.15357e-17
8.59473e-17
5.95268e-17
1.35459e-16
-1.87975e-17
-3.34824e-17
-5.96832e-17
7.52761e-17
1.97754e-16
1.78248e-16
2.37181e-16
2.73135e-16
1.64577e-16
2.63384e-16
2.71627e-16
2.15241e-16
3.02844e-16
1.02783e-16
1.35232e-16
1.06207e-16
-4.57028e-17
9.41956e-17
1.35364e-16
5.01797e-17
4.22413e-17
-3.63833e-18
-1.91118e-16
4.11408e-17
1.75962e-17
9.81601e-17
-1.35004e-16
1.2299e-16
-2.21334e-16
-2.40332e-17
4.10044e-17
6.80691e-17
-1.54605e-16
-3.8623e-17
-1.55199e-16
-4.36572e-16
-5.85619e-17
1.24682e-17
-2.6032e-16
1.19278e-16
-3.61543e-16
-9.52406e-17
-3.02469e-16
1.93437e-16
-2.60073e-16
1.02851e-16
-1.49486e-16
3.91074e-16
-1.09212e-16
2.50931e-16
-2.31466e-17
1.29314e-17
5.58917e-17
1.25834e-16
2.26535e-16
1.48872e-16
2.53354e-16
1.38004e-16
6.24872e-17
-2.11576e-17
-6.74505e-17
-4.78121e-17
5.31086e-17
-3.07712e-17
1.67315e-16
-5.708e-17
3.0253e-16
8.69128e-17
3.63833e-16
1.24743e-16
1.91158e-16
3.32402e-16
3.69219e-17
1.28999e-17
1.31511e-16
1.47235e-16
9.107e-17
1.72982e-16
6.84351e-19
-7.80304e-17
-8.04238e-17
-2.59754e-16
-1.77725e-19
-1.96838e-16
6.50407e-17
-1.8386e-16
1.64017e-16
-1.08201e-16
1.05952e-16
1.02621e-16
-6.6249e-17
-1.11861e-16
-1.03592e-16
-2.30823e-16
-2.35263e-16
-1.68731e-16
-1.03227e-17
-3.02507e-16
-1.74474e-16
-1.81775e-16
-1.54443e-16
-2.97595e-16
1.88497e-16
-2.21576e-16
3.16822e-17
-2.69664e-16
1.74172e-16
-1.64821e-16
9.16877e-17
-6.96993e-17
2.10874e-17
-1.65897e-17
2.03837e-17
1.21563e-16
1.3619e-16
1.80689e-16
-1.69632e-16
1.27831e-16
1.96568e-16
1.01669e-16
-9.29178e-17
2.39062e-16
-4.35311e-17
3.18417e-16
-1.27375e-17
2.23067e-16
1.21391e-16
2.11339e-16
1.38228e-16
1.63976e-16
1.46422e-16
2.06761e-16
2.60861e-17
3.54119e-18
8.41778e-17
-7.90305e-17
1.43392e-16
-4.49642e-17
6.72349e-17
-4.04429e-17
-1.8424e-16
6.91167e-17
-1.16513e-16
1.33856e-16
-1.20431e-16
1.00112e-16
-7.93062e-17
-8.64543e-17
-1.11376e-16
-1.04994e-16
-1.27786e-17
-1.80185e-16
-1.51957e-16
-6.87466e-17
-1.79641e-16
-2.59807e-16
-1.06598e-16
-3.20208e-16
-1.20711e-16
-2.62983e-16
-2.43e-16
-8.0385e-17
8.60747e-17
1.114e-16
7.68053e-17
6.58378e-17
1.05161e-16
1.92095e-16
3.06145e-16
3.10256e-16
2.54642e-16
1.40761e-16
1.15271e-16
5.022e-17
-5.61468e-17
-1.43306e-16
-9.96758e-17
2.78576e-17
1.8792e-16
1.96361e-16
-1.67854e-17
-1.46761e-16
-1.93533e-16
)
;

boundaryField
{
    outerWall
    {
        type            calculated;
        value           uniform 0;
    }
    axis
    {
        type            symmetryPlane;
        value           uniform 0;
    }
    nozzle
    {
        type            calculated;
        value           nonuniform List<scalar> 5(0.268807 0.268812 0.268812 0.268812 0.268807);
    }
    back
    {
        type            empty;
    }
    front
    {
        type            empty;
    }
}


// ************************************************************************* //
