/*--------------------------------*- C++ -*----------------------------------*\
| =========                 |                                                 |
| \\      /  F ield         | OpenFOAM: The Open Source CFD Toolbox           |
|  \\    /   O peration     | Version:  2412                                  |
|   \\  /    A nd           | Website:  www.openfoam.com                      |
|    \\/     M anipulation  |                                                 |
\*---------------------------------------------------------------------------*/
FoamFile
{
    version     2.0;
    format      ascii;
    arch        "LSB;label=32;scalar=64";
    class       volScalarField;
    location    "3.5e-05";
    object      rho;
}
// * * * * * * * * * * * * * * * * * * * * * * * * * * * * * * * * * * * * * //

dimensions      [1 -3 0 0 0 0 0];

internalField   nonuniform List<scalar> 
3725
(
1004.49
1004.49
1004.49
1004.49
1004.49
1004.49
1004.49
1004.49
1004.49
1004.49
1004.49
1004.49
1004.49
1004.49
1004.49
1004.49
1004.49
1004.49
1004.49
1004.49
1004.49
1004.49
1004.49
1004.49
1004.49
1004.49
1004.49
1004.49
1004.49
1004.49
1004.49
1004.49
1004.49
1004.49
1004.49
1004.49
1004.49
1004.49
1004.49
1004.49
1004.49
1004.49
1004.49
1004.49
1004.49
1004.49
1004.49
1004.49
1004.49
1004.49
1004.49
1004.49
1004.49
1004.49
1004.49
1004.49
1004.49
1004.49
1004.49
1004.49
1004.49
1004.49
1004.49
1004.49
1004.49
1004.49
1004.49
1004.49
1004.49
1004.49
1004.49
1004.49
1004.49
1004.49
1004.49
1004.49
1004.49
1004.49
1004.49
1004.49
1004.49
1004.49
1004.49
1004.49
1004.49
1004.49
1004.49
1004.49
1004.49
1004.49
1004.49
1004.49
1004.49
1004.49
1004.49
1004.49
1004.49
1004.49
1004.49
1004.49
1004.49
1004.49
1004.49
1004.49
1004.49
1004.49
1004.49
1004.49
1004.49
1004.49
1004.49
1004.49
1004.49
1004.49
1004.49
1004.49
1004.49
1004.49
1004.49
1004.49
1004.49
1004.49
1004.49
1004.49
1004.49
1004.49
1004.49
1004.49
1004.49
1004.49
1004.49
1004.49
1004.49
1004.49
1004.49
1004.49
1004.49
1004.49
1004.49
1004.49
1004.49
1004.49
1004.49
1004.49
1004.49
1004.49
1004.49
1004.49
1004.49
1004.49
1004.49
1004.49
1004.49
1004.49
1004.49
1004.49
1004.49
1004.49
1004.49
1004.49
1004.49
1004.49
1004.49
1004.49
1004.49
1004.49
1004.49
1004.49
1004.49
1004.49
1004.49
1004.49
1004.49
1004.49
1004.49
1004.49
1004.49
1004.49
1004.49
1004.49
1004.49
1004.49
1004.49
1004.49
1004.49
1004.49
1004.49
1004.49
1004.49
1004.49
1004.49
1004.49
1004.49
1004.49
1004.49
1004.49
1004.49
1004.49
1004.49
1004.49
1004.49
1004.49
1004.49
1004.49
1004.49
1004.49
1004.49
1004.49
1004.49
1004.49
1004.49
1004.49
1004.49
1004.49
1004.49
1004.49
1004.49
1004.49
1004.49
1004.49
1004.49
1004.49
1004.49
1004.49
1004.49
1004.49
1004.49
1004.49
1004.49
1004.49
1004.49
1004.49
1004.49
1004.49
1004.49
1004.49
1004.49
1004.49
1004.49
1004.49
1004.49
1004.49
1004.49
1004.49
1004.49
1004.49
1004.49
1004.49
1004.49
1004.49
1004.49
1004.49
1004.49
1004.49
1004.49
1004.49
1004.49
1004.49
1004.49
1004.49
1004.49
1004.49
1004.49
1004.49
1004.49
1004.49
1004.49
1004.49
1004.49
1004.49
1004.49
1004.49
1004.49
1004.49
1004.49
1004.49
1004.49
1004.49
1004.49
1004.49
1004.49
1004.49
1004.49
1004.49
1004.49
1004.49
1004.49
1004.49
1004.49
1004.49
1004.49
1004.49
1004.49
1004.49
1004.49
1004.49
1004.49
1004.49
1004.49
1004.49
1004.49
1004.49
1004.49
1004.49
1004.49
1004.49
1004.49
1004.49
1004.49
1004.49
1004.49
1004.49
1004.49
1004.49
1004.49
1004.49
1004.49
1004.49
1004.49
1004.49
1004.49
1004.49
1004.49
1004.49
1004.49
1004.49
1004.49
1004.49
1004.49
1004.49
1004.49
1004.49
1004.49
1004.49
1004.49
1004.49
1004.49
1004.49
1004.49
1004.49
1004.49
1004.49
1004.49
1004.49
1004.49
1004.49
1004.49
1004.49
1004.49
1004.49
1004.49
1004.49
1004.49
1004.49
1004.49
1004.49
1004.49
1004.49
1004.49
1004.49
1004.49
1004.49
1004.49
1004.49
1004.49
1004.49
1004.49
1004.49
1004.49
1004.49
1004.49
1004.49
1004.49
1004.49
1004.49
1004.49
1004.49
1004.49
1004.49
1004.49
1004.49
1004.49
1004.49
1004.49
1004.49
1004.49
1004.49
1004.49
1004.49
1004.49
1004.49
1004.49
1004.49
1004.49
1004.49
1004.49
1004.49
1004.49
1004.49
1004.49
1004.49
1004.49
1004.49
1004.49
1004.49
1004.49
1004.49
1004.49
1004.49
1004.49
1004.49
1004.49
1004.49
1004.49
1004.49
1004.49
1004.49
1004.49
1004.48
1004.48
1004.49
1004.49
1004.49
1004.49
1004.49
1004.49
1004.49
1004.49
1004.49
1004.49
1004.49
1004.49
1004.49
1004.49
1004.49
1004.49
1004.49
1004.49
1004.49
1004.49
1004.49
1004.49
1004.49
1004.49
1004.49
1004.49
1004.48
1004.48
1004.47
1004.46
1004.49
1004.49
1004.49
1004.49
1004.49
1004.49
1004.49
1004.49
1004.49
1004.49
1004.49
1004.49
1004.49
1004.49
1004.49
1004.49
1004.49
1004.49
1004.49
1004.49
1004.49
1004.49
1004.49
1004.49
1004.49
1004.49
1004.48
1004.46
1004.44
1004.42
1004.49
1004.49
1004.49
1004.49
1004.49
1004.49
1004.49
1004.49
1004.49
1004.49
1004.49
1004.49
1004.49
1004.49
1004.49
1004.49
1004.49
1004.49
1004.49
1004.49
1004.49
1004.49
1004.49
1004.49
1004.49
1004.48
1004.46
1004.43
1004.39
1004.35
1004.49
1004.49
1004.49
1004.49
1004.49
1004.49
1004.49
1004.49
1004.49
1004.49
1004.49
1004.49
1004.49
1004.49
1004.49
1004.49
1004.49
1004.49
1004.49
1004.49
1004.49
1004.49
1004.49
1004.49
1004.48
1004.47
1004.44
1004.38
1004.31
1004.22
1004.49
1004.49
1004.49
1004.49
1004.49
1004.49
1004.49
1004.49
1004.49
1004.49
1004.49
1004.49
1004.49
1004.49
1004.49
1004.49
1004.49
1004.49
1004.49
1004.49
1004.49
1004.49
1004.49
1004.49
1004.48
1004.45
1004.4
1004.31
1004.17
1004
1004.49
1004.49
1004.49
1004.49
1004.49
1004.49
1004.49
1004.49
1004.49
1004.49
1004.49
1004.49
1004.49
1004.49
1004.49
1004.49
1004.49
1004.49
1004.49
1004.49
1004.49
1004.49
1004.49
1004.48
1004.47
1004.43
1004.36
1004.21
1003.98
1003.68
1004.49
1004.49
1004.49
1004.49
1004.49
1004.49
1004.49
1004.49
1004.49
1004.49
1004.49
1004.49
1004.49
1004.49
1004.49
1004.49
1004.49
1004.49
1004.49
1004.49
1004.49
1004.49
1004.49
1004.48
1004.46
1004.42
1004.32
1004.11
1003.73
1003.07
1004.49
1004.49
1004.49
1004.49
1004.49
1004.49
1004.49
1004.49
1004.49
1004.49
1004.49
1004.49
1004.49
1004.49
1004.49
1004.49
1004.49
1004.49
1004.49
1004.49
1004.49
1004.49
1004.49
1004.48
1004.46
1004.41
1004.29
1004.06
1003.61
1002.87
1004.49
1004.49
1004.49
1004.49
1004.49
1004.49
1004.49
1004.49
1004.49
1004.49
1004.49
1004.49
1004.49
1004.49
1004.49
1004.49
1004.49
1004.49
1004.49
1004.49
1004.49
1004.49
1004.49
1004.48
1004.46
1004.41
1004.29
1004.04
1003.58
1002.8
1004.49
1004.49
1004.49
1004.49
1004.49
1004.49
1004.49
1004.49
1004.49
1004.49
1004.49
1004.49
1004.49
1004.49
1004.49
1004.49
1004.49
1004.49
1004.49
1004.49
1004.49
1004.49
1004.49
1004.48
1004.46
1004.41
1004.29
1004.06
1003.61
1002.87
1004.49
1004.49
1004.49
1004.49
1004.49
1004.49
1004.49
1004.49
1004.49
1004.49
1004.49
1004.49
1004.49
1004.49
1004.49
1004.49
1004.49
1004.49
1004.49
1004.49
1004.49
1004.49
1004.49
1004.48
1004.46
1004.42
1004.32
1004.11
1003.73
1003.07
1001.94
1001.24
1000.69
1000.3
1000.07
999.965
999.945
999.958
999.971
999.975
999.971
999.966
999.963
999.961
999.961
999.961
999.961
999.961
999.96
999.96
999.959
999.959
999.958
999.957
999.954
1001.89
1001.23
1000.68
1000.29
1000.07
999.965
999.945
999.958
999.971
999.975
999.971
999.966
999.963
999.961
999.961
999.961
999.961
999.961
999.96
999.96
999.959
999.959
999.958
999.957
999.954
1001.87
1001.22
1000.68
1000.29
1000.06
999.965
999.945
999.958
999.971
999.975
999.971
999.966
999.963
999.961
999.961
999.961
999.961
999.961
999.96
999.96
999.959
999.959
999.958
999.957
999.954
1001.89
1001.23
1000.68
1000.29
1000.07
999.965
999.945
999.958
999.971
999.975
999.971
999.966
999.963
999.961
999.961
999.961
999.961
999.961
999.96
999.96
999.959
999.959
999.958
999.957
999.954
1001.94
1001.24
1000.69
1000.3
1000.07
999.965
999.945
999.958
999.971
999.975
999.971
999.966
999.963
999.961
999.961
999.961
999.961
999.961
999.96
999.96
999.959
999.959
999.958
999.957
999.954
1004.49
1004.49
1004.49
1004.49
1004.49
1004.49
1004.49
1004.49
1004.49
1004.49
1004.49
1004.49
1004.49
1004.49
1004.49
1004.49
1004.49
1004.49
1004.49
1004.49
1004.49
1004.49
1004.49
1004.48
1004.47
1004.43
1004.36
1004.21
1003.98
1003.68
1004.49
1004.49
1004.49
1004.49
1004.49
1004.49
1004.49
1004.49
1004.49
1004.49
1004.49
1004.49
1004.49
1004.49
1004.49
1004.49
1004.49
1004.49
1004.49
1004.49
1004.49
1004.49
1004.49
1004.49
1004.48
1004.45
1004.4
1004.31
1004.17
1004.01
1004.49
1004.49
1004.49
1004.49
1004.49
1004.49
1004.49
1004.49
1004.49
1004.49
1004.49
1004.49
1004.49
1004.49
1004.49
1004.49
1004.49
1004.49
1004.49
1004.49
1004.49
1004.49
1004.49
1004.49
1004.48
1004.47
1004.44
1004.38
1004.31
1004.23
1004.49
1004.49
1004.49
1004.49
1004.49
1004.49
1004.49
1004.49
1004.49
1004.49
1004.49
1004.49
1004.49
1004.49
1004.49
1004.49
1004.49
1004.49
1004.49
1004.49
1004.49
1004.49
1004.49
1004.49
1004.49
1004.48
1004.46
1004.43
1004.39
1004.35
1004.49
1004.49
1004.49
1004.49
1004.49
1004.49
1004.49
1004.49
1004.49
1004.49
1004.49
1004.49
1004.49
1004.49
1004.49
1004.49
1004.49
1004.49
1004.49
1004.49
1004.49
1004.49
1004.49
1004.49
1004.49
1004.49
1004.48
1004.46
1004.44
1004.42
1004.49
1004.49
1004.49
1004.49
1004.49
1004.49
1004.49
1004.49
1004.49
1004.49
1004.49
1004.49
1004.49
1004.49
1004.49
1004.49
1004.49
1004.49
1004.49
1004.49
1004.49
1004.49
1004.49
1004.49
1004.49
1004.49
1004.49
1004.48
1004.47
1004.46
1004.49
1004.49
1004.49
1004.49
1004.49
1004.49
1004.49
1004.49
1004.49
1004.49
1004.49
1004.49
1004.49
1004.49
1004.49
1004.49
1004.49
1004.49
1004.49
1004.49
1004.49
1004.49
1004.49
1004.49
1004.49
1004.49
1004.49
1004.49
1004.48
1004.48
1004.49
1004.49
1004.49
1004.49
1004.49
1004.49
1004.49
1004.49
1004.49
1004.49
1004.49
1004.49
1004.49
1004.49
1004.49
1004.49
1004.49
1004.49
1004.49
1004.49
1004.49
1004.49
1004.49
1004.49
1004.49
1004.49
1004.49
1004.49
1004.49
1004.49
1004.49
1004.49
1004.49
1004.49
1004.49
1004.49
1004.49
1004.49
1004.49
1004.49
1004.49
1004.49
1004.49
1004.49
1004.49
1004.49
1004.49
1004.49
1004.49
1004.49
1004.49
1004.49
1004.49
1004.49
1004.49
1004.49
1004.49
1004.49
1004.49
1004.49
1004.49
1004.49
1004.49
1004.49
1004.49
1004.49
1004.49
1004.49
1004.49
1004.49
1004.49
1004.49
1004.49
1004.49
1004.49
1004.49
1004.49
1004.49
1004.49
1004.49
1004.49
1004.49
1004.49
1004.49
1004.49
1004.49
1004.49
1004.49
1004.49
1004.49
1004.49
1004.49
1004.49
1004.49
1004.49
1004.49
1004.49
1004.49
1004.49
1004.49
1004.49
1004.49
1004.49
1004.49
1004.49
1004.49
1004.49
1004.49
1004.49
1004.49
1004.49
1004.49
1004.49
1004.49
1004.49
1004.49
1004.49
1004.49
1004.49
1004.49
1004.49
1004.49
1004.49
1004.49
1004.49
1004.49
1004.49
1004.49
1004.49
1004.49
1004.49
1004.49
1004.49
1004.49
1004.49
1004.49
1004.49
1004.49
1004.49
1004.49
1004.49
1004.49
1004.49
1004.49
1004.49
1004.49
1004.49
1004.49
1004.49
1004.49
1004.49
1004.49
1004.49
1004.49
1004.49
1004.49
1004.49
1004.49
1004.49
1004.49
1004.49
1004.49
1004.49
1004.49
1004.49
1004.49
1004.49
1004.49
1004.49
1004.49
1004.49
1004.49
1004.49
1004.49
1004.49
1004.49
1004.49
1004.49
1004.49
1004.49
1004.49
1004.49
1004.49
1004.49
1004.49
1004.49
1004.49
1004.49
1004.49
1004.49
1004.49
1004.49
1004.49
1004.49
1004.49
1004.49
1004.49
1004.49
1004.49
1004.49
1004.49
1004.49
1004.49
1004.49
1004.49
1004.49
1004.49
1004.49
1004.49
1004.49
1004.49
1004.49
1004.49
1004.49
1004.49
1004.49
1004.49
1004.49
1004.49
1004.49
1004.49
1004.49
1004.49
1004.49
1004.49
1004.49
1004.49
1004.49
1004.49
1004.49
1004.49
1004.49
1004.49
1004.49
1004.49
1004.49
1004.49
1004.49
1004.49
1004.49
1004.49
1004.49
1004.49
1004.49
1004.49
1004.49
1004.49
1004.49
1004.49
1004.49
1004.49
1004.49
1004.49
1004.49
1004.49
1004.49
1004.49
1004.49
1004.49
1004.49
1004.49
1004.49
1004.49
1004.49
1004.49
1004.49
1004.49
1004.49
1004.49
1004.49
1004.49
1004.49
1004.49
1004.49
1004.49
1004.49
1004.49
1004.49
1004.49
1004.49
1004.49
1004.49
1004.49
1004.49
1004.49
1004.49
1004.49
1004.49
1004.49
1004.49
1004.49
1004.49
1004.49
1004.49
1004.49
1004.49
1004.49
1004.49
1004.49
1004.49
1004.49
1004.49
1004.49
1004.49
1004.49
1004.49
1004.49
1004.49
1004.49
1004.49
1004.49
1004.49
1004.49
1004.49
1004.49
1004.49
1004.49
1004.49
1004.49
1004.49
1004.49
1004.49
1004.49
1004.49
1004.49
1004.49
1004.49
1004.49
1004.49
1004.49
1004.49
1004.49
1004.49
1004.49
1004.49
1004.49
1004.49
1004.49
1004.49
1004.49
1004.49
1004.49
1004.49
1004.49
1004.49
1004.49
1004.49
1004.49
1004.49
1004.49
1004.49
1004.49
1004.49
1004.49
1004.49
1004.49
1004.49
1004.49
1004.49
1004.49
1004.49
1004.49
1004.49
1004.49
1004.49
1004.49
1004.49
1004.49
1004.49
1004.49
1004.49
1004.49
1004.49
1004.49
1004.49
1004.49
1004.49
1004.49
1004.49
1004.49
1004.49
1004.49
1004.49
1004.49
1004.49
1004.49
1004.49
1004.49
1004.49
1004.49
1004.49
1004.49
1004.49
1004.49
1004.49
1004.49
1004.49
1004.49
1004.49
1004.49
1004.49
1004.49
1004.49
1004.49
1004.49
1004.49
1004.49
1004.49
1004.49
1004.49
1004.49
1004.49
1004.49
1004.49
1004.49
1004.49
1004.49
1004.49
1004.49
1004.49
1004.49
1004.49
1004.49
1004.49
1004.49
1004.49
1004.49
1004.49
1004.49
1004.49
1004.49
1004.49
1004.49
1004.49
1004.49
1004.49
1004.49
1004.49
1004.49
1004.49
1004.49
1004.49
1004.49
1004.49
1004.49
1004.49
1004.49
1004.49
1004.49
1004.49
1004.49
1004.49
1004.49
1004.49
1004.49
1004.49
1004.49
1004.49
1004.49
1004.49
1004.49
1004.49
1004.49
1004.49
1004.49
1004.49
1004.49
1004.49
1004.49
1004.49
1004.49
1004.49
1004.49
1004.49
1004.49
1004.49
1004.49
1004.49
1004.49
1004.49
1004.49
1004.49
1004.49
1004.49
1004.49
1004.49
1004.49
1004.49
1004.49
1004.49
1004.49
1004.49
1004.49
1004.49
1004.49
1004.49
1004.49
1004.49
1004.49
1004.49
1004.49
1004.49
1004.49
1004.49
1004.49
1004.49
1004.49
1004.49
1004.49
1004.49
1004.49
1004.49
1004.49
1004.49
1004.49
1004.49
1004.49
1004.49
1004.49
1004.49
1004.49
1004.49
1004.49
1004.49
1004.49
1004.49
1004.49
1004.49
1004.49
1004.49
1004.49
1004.49
1004.49
1004.49
1004.49
1004.49
1004.49
1004.49
1004.49
1004.49
1004.49
1004.49
1004.49
1004.49
1004.49
1004.49
1004.49
1004.49
1004.49
1004.49
1004.49
1004.49
1004.49
1004.49
1004.49
1004.49
1004.49
1004.49
1004.49
1004.49
1004.49
1004.49
1004.49
1004.49
1004.49
1004.49
1004.49
1004.49
1004.49
1004.49
1004.49
1004.49
1004.49
1004.49
1004.49
1004.49
1004.49
1004.49
1004.49
1004.49
1004.49
1004.49
1004.49
1004.49
1004.49
1004.49
1004.49
1004.49
1004.49
1004.49
1004.49
1004.49
1004.49
1004.49
1004.49
1004.49
1004.49
1004.49
1004.49
1004.49
1004.49
1004.49
1004.49
1004.49
1004.49
1004.49
1004.49
1004.49
1004.49
1004.49
1004.49
1004.49
1004.49
1004.49
1004.49
1004.49
1004.49
1004.49
1004.49
1004.49
1004.49
1004.49
1004.49
1004.49
1004.49
1004.49
1004.49
1004.49
1004.49
1004.49
1004.49
1004.49
1004.49
1004.49
1004.49
1004.49
1004.49
1004.49
1004.49
1004.49
1004.49
1004.49
1004.49
1004.49
1004.49
1004.49
1004.49
1004.49
1004.49
1004.49
1004.49
1004.49
1004.49
1004.49
1004.49
1004.49
1004.49
1004.49
1004.49
1004.49
1004.49
1004.49
1004.49
1004.49
1004.49
1004.49
1004.49
1004.49
1004.49
1004.49
1004.49
1004.49
1004.49
1004.49
1004.49
1004.49
1004.49
1004.49
1004.49
1004.49
1004.49
1004.49
1004.49
1004.49
1004.49
1004.49
1004.49
1004.49
1004.49
1004.49
1004.49
1004.49
1004.49
1004.49
1004.49
1004.49
1004.49
1004.49
1004.49
1004.49
1004.49
1004.49
1004.49
1004.49
1004.49
1004.49
1004.49
1004.49
1004.49
1004.49
1004.49
1004.49
1004.49
1004.49
1004.49
1004.49
1004.49
1004.49
1004.49
1004.49
1004.49
1004.49
1004.49
1004.49
1004.49
1004.49
1004.49
1004.49
1004.49
1004.49
1004.49
1004.49
1004.49
1004.49
1004.49
1004.49
1004.49
1004.49
1004.49
1004.49
1004.49
1004.49
1004.49
1004.49
1004.49
1004.49
1004.49
1004.49
1004.49
1004.49
1004.49
1004.49
1004.49
1004.49
1004.49
1004.49
1004.49
1004.49
1004.49
1004.49
1004.49
1004.49
1004.49
1004.49
1004.49
1004.49
1004.49
1004.49
1004.49
1004.49
1004.49
1004.49
1004.49
1004.49
1004.49
1004.49
1004.49
1004.49
1004.49
1004.49
1004.49
1004.49
1004.49
1004.49
1004.49
1004.49
1004.49
1004.49
1004.49
1004.49
1004.49
1004.49
1004.49
1004.49
1004.49
1004.49
1004.49
1004.49
1004.49
1004.49
1004.49
1004.49
1004.49
1004.49
1004.49
1004.49
1004.49
1004.49
1004.49
1004.49
1004.49
1004.49
1004.49
1004.49
1004.49
1004.49
1004.49
1004.49
1004.49
1004.49
1004.49
1004.49
1004.49
1004.49
1004.49
1004.49
1004.49
1004.49
1004.49
1004.49
1004.49
1004.49
1004.49
1004.49
1004.49
1004.49
1004.49
1004.49
1004.49
1004.49
1004.49
1004.49
1004.49
1004.49
1004.49
1004.49
1004.49
1004.49
1004.49
1004.49
1004.49
1004.49
1004.49
1004.49
1004.49
1004.49
1004.49
1004.49
1004.49
1004.49
1004.49
1004.49
1004.49
1004.49
1004.49
1004.49
1004.49
1004.49
1004.49
1004.49
1004.49
1004.49
1004.49
1004.49
1004.49
1004.49
1004.49
1004.49
1004.49
1004.49
1004.49
1004.49
1004.49
1004.49
1004.49
1004.49
1004.49
1004.49
1004.49
1004.49
1004.49
1004.49
1004.49
1004.49
1004.49
1004.49
1004.49
1004.49
1004.49
1004.49
1004.49
1004.49
1004.49
1004.49
1004.49
1004.49
1004.49
1004.49
1004.49
1004.49
1004.49
1004.49
1004.49
1004.49
1004.49
1004.49
1004.49
1004.49
1004.49
1004.49
1004.49
1004.49
1004.49
1004.49
1004.49
1004.49
1004.49
1004.49
1004.49
1004.49
1004.49
1004.49
1004.49
1004.49
1004.49
1004.49
1004.49
1004.49
1004.49
1004.49
1004.49
1004.49
1004.49
1004.49
1004.49
1004.49
1004.49
1004.49
1004.49
1004.49
1004.49
1004.49
1004.49
1004.49
1004.49
1004.49
1004.49
1004.49
1004.49
1004.49
1004.49
1004.49
1004.49
1004.49
1004.49
1004.49
1004.49
1004.49
1004.49
1004.49
1004.49
1004.49
1004.49
1004.49
1004.49
1004.49
1004.49
1004.49
1004.49
1004.49
1004.49
1004.49
1004.49
1004.49
1004.49
1004.49
1004.49
1004.49
1004.49
1004.49
1004.49
1004.49
1004.49
1004.49
1004.49
1004.49
1004.49
1004.49
1004.49
1004.49
1004.49
1004.49
1004.49
1004.49
1004.49
1004.49
1004.49
1004.49
1004.49
1004.49
1004.49
1004.49
1004.49
1004.49
1004.49
1004.49
1004.49
1004.49
1004.49
1004.49
1004.49
1004.49
1004.49
1004.49
1004.49
1004.49
1004.49
1004.49
1004.49
1004.49
1004.49
1004.49
1004.49
1004.49
1004.49
1004.49
1004.49
1004.49
1004.49
1004.49
1004.49
1004.49
1004.49
1004.49
1004.49
1004.49
1004.49
1004.49
1004.49
1004.49
1004.49
1004.49
1004.49
1004.49
1004.49
1004.49
1004.49
1004.49
1004.49
1004.49
1004.49
1004.49
1004.49
1004.49
1004.49
1004.49
1004.49
1004.49
1004.49
1004.49
1004.49
1004.49
1004.49
1004.49
1004.49
1004.49
1004.49
1004.49
1004.49
1004.49
1004.49
1004.49
1004.49
1004.49
1004.49
1004.49
1004.49
1004.49
1004.49
1004.49
1004.49
1004.49
1004.49
1004.49
1004.49
1004.49
1004.49
1004.49
1004.49
1004.49
1004.49
1004.49
1004.49
1004.49
1004.49
1004.49
1004.49
1004.49
1004.49
1004.49
1004.49
1004.49
1004.49
1004.49
1004.49
1004.49
1004.49
1004.49
1004.49
1004.49
1004.49
1004.49
1004.49
1004.49
1004.49
1004.49
1004.49
1004.49
1004.49
1004.49
1004.49
1004.49
1004.49
1004.49
1004.49
1004.49
1004.49
1004.49
1004.49
1004.49
1004.49
1004.49
1004.49
1004.49
1004.49
1004.49
1004.49
1004.49
1004.49
1004.49
1004.49
1004.49
1004.49
1004.49
1004.49
1004.49
1004.49
1004.49
1004.49
1004.49
1004.49
1004.49
1004.49
1004.49
1004.49
1004.49
1004.49
1004.49
1004.49
1004.49
1004.49
1004.49
1004.49
1004.49
1004.49
1004.49
1004.49
1004.49
1004.49
1004.49
1004.49
1004.49
1004.49
1004.49
1004.49
1004.49
1004.49
1004.49
1004.49
1004.49
1004.49
1004.49
1004.49
1004.49
1004.49
1004.49
1004.49
1004.49
1004.49
1004.49
1004.49
1004.49
1004.49
1004.49
1004.49
1004.49
1004.49
1004.49
1004.49
1004.49
1004.49
1004.49
1004.49
1004.49
1004.49
1004.49
1004.49
1004.49
1004.49
1004.49
1004.49
1004.49
1004.49
1004.49
1004.49
1004.49
1004.49
1004.49
1004.49
1004.49
1004.49
1004.49
1004.49
1004.49
1004.49
1004.49
1004.49
1004.49
1004.49
1004.49
1004.49
1004.49
1004.49
1004.49
1004.49
1004.49
1004.49
1004.49
1004.49
1004.49
1004.49
1004.49
1004.49
1004.49
1004.49
1004.49
1004.49
1004.49
1004.49
1004.49
1004.49
1004.49
1004.49
1004.49
1004.49
1004.49
1004.49
1004.49
1004.49
1004.49
1004.49
1004.49
1004.49
1004.49
1004.49
1004.49
1004.49
1004.49
1004.49
1004.49
1004.49
1004.49
1004.49
1004.49
1004.49
1004.49
1004.49
1004.49
1004.49
1004.49
1004.49
1004.49
1004.49
1004.49
1004.49
1004.49
1004.49
1004.49
1004.49
1004.49
1004.49
1004.49
1004.49
1004.49
1004.49
1004.49
1004.49
1004.49
1004.49
1004.49
1004.49
1004.49
1004.49
1004.49
1004.49
1004.49
1004.49
1004.49
1004.49
1004.49
1004.49
1004.49
1004.49
1004.49
1004.49
1004.49
1004.49
1004.49
1004.49
1004.49
1004.49
1004.49
1004.49
1004.49
1004.49
1004.49
1004.49
1004.49
1004.49
1004.49
1004.49
1004.49
1004.49
1004.49
1004.49
1004.49
1004.49
1004.49
1004.49
1004.49
1004.49
1004.49
1004.49
1004.49
1004.49
1004.49
1004.49
1004.49
1004.49
1004.49
1004.49
1004.49
1004.49
1004.49
1004.49
1004.49
1004.49
1004.49
1004.49
1004.49
1004.49
1004.49
1004.49
1004.49
1004.49
1004.49
1004.49
1004.49
1004.49
1004.49
1004.49
1004.49
1004.49
1004.49
1004.49
1004.49
1004.49
1004.49
1004.49
1004.49
1004.49
1004.49
1004.49
1004.49
1004.49
1004.49
1004.49
1004.49
1004.49
1004.49
1004.49
1004.49
1004.49
1004.49
1004.49
1004.49
1004.49
1004.49
1004.49
1004.49
1004.49
1004.49
1004.49
1004.49
1004.49
1004.49
1004.49
1004.49
1004.49
1004.49
1004.49
1004.49
1004.49
1004.49
1004.49
1004.49
1004.49
1004.49
1004.49
1004.49
1004.49
1004.49
1004.49
1004.49
1004.49
1004.49
1004.49
1004.49
1004.49
1004.49
1004.49
1004.49
1004.49
1004.49
1004.49
1004.49
1004.49
1004.49
1004.49
1004.49
1004.49
1004.49
1004.49
1004.49
1004.49
1004.49
1004.49
1004.49
1004.49
1004.49
1004.49
1004.49
1004.49
1004.49
1004.49
1004.49
1004.49
1004.49
1004.49
1004.49
1004.49
1004.49
1004.49
1004.49
1004.49
1004.49
1004.49
1004.49
1004.49
1004.49
1004.49
1004.49
1004.49
1004.49
1004.49
1004.49
1004.49
1004.49
1004.49
1004.49
1004.49
1004.49
1004.49
1004.49
1004.49
1004.49
1004.49
1004.49
1004.49
1004.49
1004.49
1004.49
1004.49
1004.49
1004.49
1004.49
1004.49
1004.49
1004.49
1004.49
1004.49
1004.49
1004.49
1004.49
1004.49
1004.49
1004.49
1004.49
1004.49
1004.49
1004.49
1004.49
1004.49
1004.49
1004.49
1004.49
1004.49
1004.49
1004.49
1004.49
1004.49
1004.49
1004.49
1004.49
1004.49
1004.49
1004.49
1004.49
1004.49
1004.49
1004.49
1004.49
1004.49
1004.49
1004.49
1004.49
1004.49
1004.49
1004.49
1004.49
1004.49
1004.49
1004.49
1004.49
1004.49
1004.49
1004.49
1004.49
1004.49
1004.49
1004.49
1004.49
1004.49
1004.49
1004.49
1004.49
1004.49
1004.49
1004.49
1004.49
1004.49
1004.49
1004.49
1004.49
1004.49
1004.49
1004.49
1004.49
1004.49
1004.49
1004.49
1004.49
1004.49
1004.49
1004.49
1004.49
1004.49
1004.49
1004.49
1004.49
1004.49
1004.49
1004.49
1004.49
1004.49
1004.49
1004.49
1004.49
1004.49
1004.49
1004.49
1004.49
1004.49
1004.49
1004.49
1004.49
1004.49
1004.49
1004.49
1004.49
1004.49
1004.49
1004.49
1004.49
1004.49
1004.49
1004.49
1004.49
1004.49
1004.49
1004.49
1004.49
1004.49
1004.49
1004.49
1004.49
1004.49
1004.49
1004.49
1004.49
1004.49
1004.49
1004.49
1004.49
1004.49
1004.49
1004.49
1004.49
1004.49
1004.49
1004.49
1004.49
1004.49
1004.49
1004.49
1004.49
1004.49
1004.49
1004.49
1004.49
1004.49
1004.49
1004.49
1004.49
1004.49
1004.49
1004.49
1004.49
1004.49
1004.49
1004.49
1004.49
1004.49
1004.49
1004.49
1004.49
1004.49
1004.49
1004.49
1004.49
1004.49
1004.49
1004.49
1004.49
1004.49
1004.49
1004.49
1004.49
1004.49
1004.49
1004.49
1004.49
1004.49
1004.49
1004.49
1004.49
1004.49
1004.49
1004.49
1004.49
1004.49
1004.49
1004.49
1004.49
1004.49
1004.49
1004.49
1004.49
1004.49
1004.49
1004.49
1004.49
1004.49
1004.49
1004.49
1004.49
1004.49
1004.49
1004.49
1004.49
1004.49
1004.49
1004.49
1004.49
1004.49
1004.49
1004.49
1004.49
1004.49
1004.49
1004.49
1004.49
1004.49
1004.49
1004.49
1004.49
1004.49
1004.49
1004.49
1004.49
1004.49
1004.49
1004.49
1004.49
1004.49
1004.49
1004.49
1004.49
1004.49
1004.49
1004.49
1004.49
1004.49
1004.49
1004.49
1004.49
1004.49
1004.49
1004.49
1004.49
1004.49
1004.49
1004.49
1004.49
1004.49
1004.49
1004.49
1004.49
1004.49
1004.49
1004.49
1004.49
1004.49
1004.49
1004.49
1004.49
1004.49
1004.49
1004.49
1004.49
1004.49
1004.49
1004.49
1004.49
1004.49
1004.49
1004.49
1004.49
1004.49
1004.49
1004.49
1004.49
1004.49
1004.49
1004.49
1004.49
1004.49
1004.49
1004.49
1004.49
1004.49
1004.49
1004.49
1004.49
1004.49
1004.49
1004.49
1004.49
1004.49
1004.49
1004.49
1004.49
1004.49
1004.49
1004.49
1004.49
1004.49
1004.49
1004.49
1004.49
1004.49
1004.49
1004.49
1004.49
1004.49
1004.49
1004.49
1004.49
1004.49
1004.49
1004.49
1004.49
1004.49
1004.49
1004.49
1004.49
1004.49
1004.49
1004.49
1004.49
1004.49
1004.49
1004.49
1004.49
1004.49
1004.49
1004.49
1004.49
1004.49
1004.49
1004.49
1004.49
1004.49
1004.49
1004.49
1004.49
1004.49
1004.49
1004.49
1004.49
1004.49
1004.49
1004.49
1004.49
1004.49
1004.49
1004.49
1004.49
1004.49
1004.49
1004.49
1004.49
1004.49
1004.49
1004.49
1004.49
1004.49
1004.49
1004.49
1004.49
1004.49
1004.49
1004.49
1004.49
1004.49
1004.49
1004.49
1004.49
1004.49
1004.49
1004.49
1004.49
1004.49
1004.49
1004.49
1004.49
1004.49
1004.49
1004.49
1004.49
1004.49
1004.49
1004.49
1004.49
1004.49
1004.49
1004.49
1004.49
1004.49
1004.49
1004.49
1004.49
1004.49
1004.49
1004.49
1004.49
1004.49
1004.49
1004.49
1004.49
1004.49
1004.49
1004.49
1004.49
1004.49
1004.49
1004.49
1004.49
1004.49
1004.49
1004.49
1004.49
1004.49
1004.49
1004.49
1004.49
1004.49
1004.49
1004.49
1004.49
1004.49
1004.49
1004.49
1004.49
1004.49
1004.49
1004.49
1004.49
1004.49
1004.49
1004.49
1004.49
1004.49
1004.49
1004.49
1004.49
1004.49
1004.49
1004.49
1004.49
1004.49
1004.49
1004.49
1004.49
1004.49
1004.49
1004.49
1004.49
1004.49
1004.49
1004.49
1004.49
1004.49
1004.49
1004.49
1004.49
1004.49
1004.49
1004.49
1004.49
1004.49
1004.49
1004.49
1004.49
1004.49
1004.49
1004.49
1004.49
1004.49
1004.49
1004.49
1004.49
1004.49
1004.49
1004.49
1004.49
1004.49
1004.49
1004.49
1004.49
1004.49
1004.49
1004.49
1004.49
1004.49
1004.49
1004.49
1004.49
1004.49
1004.49
1004.49
1004.49
1004.49
1004.49
1004.49
1004.49
1004.49
1004.49
1004.49
1004.49
1004.49
1004.49
1004.49
1004.49
1004.49
1004.49
1004.49
1004.49
1004.49
1004.49
1004.49
1004.49
1004.49
1004.49
1004.49
1004.49
1004.49
1004.49
1004.49
1004.49
1004.49
1004.49
1004.49
1004.49
1004.49
1004.49
1004.49
1004.49
1004.49
1004.49
1004.49
1004.49
1004.49
1004.49
1004.49
1004.49
1004.49
1004.49
1004.49
1004.49
1004.49
1004.49
1004.49
1004.49
1004.49
1004.49
1004.49
1004.49
1004.49
1004.49
1004.49
1004.49
1004.49
1004.49
1004.49
1004.49
1004.49
1004.49
1004.49
1004.49
1004.49
1004.49
1004.49
1004.49
1004.49
1004.49
1004.49
1004.49
1004.49
1004.49
1004.49
1004.49
1004.49
1004.49
1004.49
1004.49
1004.49
1004.49
1004.49
1004.49
1004.49
1004.49
1004.49
1004.49
1004.49
1004.49
1004.49
1004.49
1004.49
1004.49
1004.49
1004.49
1004.49
1004.49
1004.49
1004.49
1004.49
1004.49
1004.49
1004.49
1004.49
1004.49
1004.49
1004.49
1004.49
1004.49
1004.49
1004.49
1004.49
1004.49
1004.49
1004.49
1004.49
1004.49
1004.49
1004.49
1004.49
1004.49
1004.49
1004.49
1004.49
1004.49
1004.49
1004.49
1004.49
1004.49
1004.49
1004.49
1004.49
1004.49
1004.49
1004.49
1004.49
1004.49
1004.49
1004.49
1004.49
1004.49
1004.49
1004.49
1004.49
1004.49
1004.49
1004.49
1004.49
1004.49
1004.49
1004.49
1004.49
1004.49
1004.49
1004.49
1004.49
1004.49
1004.49
1004.49
1004.49
1004.49
1004.49
1004.49
1004.49
1004.49
1004.49
1004.49
1004.49
1004.49
1004.49
1004.49
1004.49
1004.49
1004.49
1004.49
1004.49
1004.49
1004.49
1004.49
1004.49
1004.49
1004.49
1004.49
1004.49
1004.49
1004.49
1004.49
1004.49
1004.49
1004.49
1004.49
1004.49
1004.49
1004.49
1004.49
1004.49
1004.49
1004.49
1004.49
1004.49
1004.49
1004.49
1004.49
1004.49
1004.49
1004.49
1004.49
1004.49
1004.49
1004.49
1004.49
1004.49
1004.49
1004.49
1004.49
1004.49
1004.49
1004.49
1004.49
1004.49
1004.49
1004.49
1004.49
1004.49
1004.49
1004.49
1004.49
1004.49
1004.49
1004.49
1004.49
1004.49
1004.49
1004.49
1004.49
1004.49
1004.49
1004.49
1004.49
1004.49
1004.49
1004.49
1004.49
1004.49
1004.49
1004.49
1004.49
1004.49
1004.49
1004.49
1004.49
1004.49
1004.49
1004.49
1004.49
1004.49
1004.49
1004.49
1004.49
1004.49
1004.49
1004.49
1004.49
1004.49
1004.49
1004.49
1004.49
1004.49
1004.49
1004.49
1004.49
1004.49
1004.49
1004.49
1004.49
1004.49
1004.49
1004.49
1004.49
1004.49
1004.49
1004.49
1004.49
1004.49
1004.49
1004.49
1004.49
1004.49
1004.49
1004.49
1004.49
1004.49
1004.49
1004.49
1004.49
1004.49
1004.49
1004.49
1004.49
1004.49
1004.49
1004.49
1004.49
1004.49
1004.49
1004.49
1004.49
1004.49
1004.49
1004.49
1004.49
1004.49
1004.49
1004.49
1004.49
1004.49
1004.49
1004.49
1004.49
1004.49
1004.49
1004.49
1004.49
1004.49
1004.49
1004.49
1004.49
1004.49
1004.49
1004.49
1004.49
1004.49
1004.49
1004.49
1004.49
1004.49
1004.49
1004.49
1004.49
1004.49
1004.49
1004.49
1004.49
1004.49
1004.49
1004.49
1004.49
1004.49
1004.49
1004.49
1004.49
1004.49
1004.49
1004.49
1004.49
1004.49
1004.49
1004.49
1004.49
1004.49
1004.49
1004.49
1004.49
1004.49
1004.49
1004.49
1004.49
1004.49
1004.49
1004.49
1004.49
1004.49
1004.49
1004.49
1004.49
1004.49
1004.49
1004.49
1004.49
1004.49
1004.49
1004.49
1004.49
1004.49
1004.49
1004.49
1004.49
1004.49
1004.49
1004.49
1004.49
1004.49
1004.49
1004.49
1004.49
1004.49
1004.49
1004.49
1004.49
1004.49
1004.49
1004.49
1004.49
1004.49
1004.49
1004.49
1004.49
1004.49
1004.49
1004.49
1004.49
1004.49
1004.49
1004.49
1004.49
1004.49
1004.49
1004.49
1004.49
1004.49
1004.49
1004.49
1004.49
1004.49
1004.49
1004.49
1004.49
1004.49
1004.49
1004.49
1004.49
1004.49
1004.49
1004.49
1004.49
1004.49
1004.49
1004.49
1004.49
1004.49
1004.49
1004.49
1004.49
1004.49
1004.49
1004.49
1004.49
1004.49
1004.49
1004.49
1004.49
1004.49
1004.49
1004.49
1004.49
1004.49
1004.49
1004.49
1004.49
1004.49
1004.49
1004.49
1004.49
1004.49
1004.49
1004.49
1004.49
1004.49
1004.49
1004.49
1004.49
1004.49
1004.49
1004.49
1004.49
1004.49
1004.49
1004.49
1004.49
1004.49
1004.49
1004.49
1004.49
1004.49
1004.49
1004.49
1004.49
1004.49
1004.49
1004.49
1004.49
1004.49
1004.49
1004.49
1004.49
1004.49
1004.49
1004.49
1004.49
1004.49
1004.49
1004.49
1004.49
1004.49
1004.49
1004.49
1004.49
1004.49
1004.49
1004.49
1004.49
1004.49
1004.49
1004.49
1004.49
1004.49
1004.49
1004.49
1004.49
1004.49
1004.49
1004.49
1004.49
1004.49
1004.49
1004.49
1004.49
1004.49
1004.49
1004.49
1004.49
1004.49
1004.49
1004.49
1004.49
1004.49
1004.49
1004.49
1004.49
1004.49
1004.49
1004.49
1004.49
1004.49
1004.49
1004.49
1004.49
1004.49
1004.49
1004.49
1004.49
1004.49
1004.49
1004.49
1004.49
1004.49
1004.49
1004.49
1004.49
1004.49
1004.49
1004.49
1004.49
1004.49
1004.49
1004.49
1004.49
1004.49
1004.49
1004.49
1004.49
1004.49
1004.49
1004.49
1004.49
1004.49
1004.49
1004.49
1004.49
1004.49
1004.49
1004.49
1004.49
1004.49
1004.49
1004.49
1004.49
1004.49
1004.49
1004.49
1004.49
1004.49
1004.49
1004.49
1004.49
1004.49
1004.49
1004.49
1004.49
1004.49
1004.49
1004.49
1004.49
1004.49
1004.49
1004.49
1004.49
1004.49
1004.49
1004.49
1004.49
1004.49
1004.49
1004.49
1004.49
1004.49
1004.49
1004.49
1004.49
1004.49
1004.49
1004.49
1004.49
1004.49
1004.49
1004.49
1004.49
1004.49
1004.49
1004.49
1004.49
1004.49
1004.49
)
;

boundaryField
{
    outerWall
    {
        type            calculated;
        value           nonuniform List<scalar> 
225
(
1004.49
1004.49
1004.49
1004.49
1004.49
1004.49
1004.49
1004.49
1004.49
1004.49
1004.49
1004.49
1004.49
1004.49
1004.49
1004.49
1004.49
1004.49
1004.49
1004.49
1004.49
1004.49
1004.49
1004.49
1004.49
1004.49
1004.49
1004.49
1004.49
1004.49
1004.49
1004.49
1004.49
1004.49
1004.49
1004.49
1004.49
1004.49
1004.49
1004.49
1004.49
1004.49
1004.49
1004.48
1004.46
1004.42
1004.35
1004.22
1004
1003.68
1001.94
1001.24
1000.69
1000.3
1000.07
999.965
999.945
999.958
999.971
999.975
999.971
999.966
999.963
999.961
999.961
999.961
999.961
999.961
999.96
999.96
999.959
999.959
999.958
999.957
999.954
1001.94
1001.24
1000.69
1000.3
1000.07
999.965
999.945
999.958
999.971
999.975
999.971
999.966
999.963
999.961
999.961
999.961
999.961
999.961
999.96
999.96
999.959
999.959
999.958
999.957
999.954
1003.68
1004.01
1004.23
1004.35
1004.42
1004.46
1004.48
1004.49
1004.49
1004.49
1004.49
1004.49
1004.49
1004.49
1004.49
1004.49
1004.49
1004.49
1004.49
1004.49
1004.49
1004.49
1004.49
1004.49
1004.49
1004.49
1004.49
1004.49
1004.49
1004.49
1004.49
1004.49
1004.49
1004.49
1004.49
1004.49
1004.49
1004.49
1004.49
1004.49
1004.49
1004.49
1004.49
1004.49
1004.49
1004.49
1004.49
1004.49
1004.49
1004.49
1004.49
1004.49
1004.49
1004.49
1004.49
1004.49
1004.49
1004.49
1004.49
1004.49
1004.49
1004.49
1004.49
1004.49
1004.49
1004.49
1004.49
1004.49
1004.49
1004.49
1004.49
1004.49
1004.49
1004.49
1004.49
1004.49
1004.49
1004.49
1004.49
1004.49
1004.49
1004.49
1004.49
1004.49
1004.49
1004.49
1004.49
1004.49
1004.49
1004.49
1004.49
1004.49
1004.49
1004.49
1004.49
1004.49
1004.49
1004.49
1004.49
1004.49
1004.49
1004.49
1004.49
1004.49
1004.49
1004.49
1004.49
1004.49
1004.49
1004.49
1004.49
1004.49
1004.49
1004.49
1004.49
1004.49
1004.49
1004.49
1004.49
1004.49
1004.49
1004.49
1004.49
1004.49
1004.49
)
;
    }
    axis
    {
        type            symmetryPlane;
    }
    nozzle
    {
        type            calculated;
        value           uniform 999.955;
    }
    back
    {
        type            empty;
    }
    front
    {
        type            empty;
    }
}


// ************************************************************************* //
