/*--------------------------------*- C++ -*----------------------------------*\
| =========                 |                                                 |
| \\      /  F ield         | OpenFOAM: The Open Source CFD Toolbox           |
|  \\    /   O peration     | Version:  2412                                  |
|   \\  /    A nd           | Website:  www.openfoam.com                      |
|    \\/     M anipulation  |                                                 |
\*---------------------------------------------------------------------------*/
FoamFile
{
    version     2.0;
    format      ascii;
    arch        "LSB;label=32;scalar=64";
    class       volScalarField;
    location    "8.5e-05";
    object      p;
}
// * * * * * * * * * * * * * * * * * * * * * * * * * * * * * * * * * * * * * //

dimensions      [1 -1 -2 0 0 0 0];

internalField   nonuniform List<scalar> 
3725
(
9.99408e+06
9.9913e+06
9.98484e+06
9.97273e+06
9.9518e+06
9.9174e+06
9.86341e+06
9.78254e+06
9.6672e+06
9.51111e+06
9.31129e+06
9.07026e+06
8.7973e+06
8.50807e+06
8.22201e+06
7.95844e+06
7.73307e+06
7.55549e+06
7.4281e+06
7.34694e+06
7.30392e+06
7.28921e+06
7.29333e+06
7.3084e+06
7.32848e+06
7.34941e+06
7.36845e+06
7.38383e+06
7.39454e+06
7.40002e+06
9.99357e+06
9.9906e+06
9.9837e+06
9.97086e+06
9.94878e+06
9.91276e+06
9.85665e+06
9.77328e+06
9.65543e+06
9.49744e+06
9.29722e+06
9.05824e+06
8.79047e+06
8.50962e+06
8.23429e+06
7.98234e+06
7.76773e+06
7.59836e+06
7.47556e+06
7.39517e+06
7.34963e+06
7.33019e+06
7.32851e+06
7.33765e+06
7.35228e+06
7.36856e+06
7.38389e+06
7.39656e+06
7.40549e+06
7.4101e+06
9.99254e+06
9.98918e+06
9.98143e+06
9.96713e+06
9.9428e+06
9.90359e+06
9.84332e+06
9.75511e+06
9.63244e+06
9.47087e+06
9.27003e+06
9.03517e+06
8.77752e+06
8.51274e+06
8.25783e+06
8.02787e+06
7.83349e+06
7.67957e+06
7.56555e+06
7.48693e+06
7.43723e+06
7.40958e+06
7.39769e+06
7.39628e+06
7.40113e+06
7.40905e+06
7.41769e+06
7.4254e+06
7.4311e+06
7.43411e+06
9.991e+06
9.98706e+06
9.97804e+06
9.96158e+06
9.93395e+06
9.89009e+06
9.82384e+06
9.72873e+06
9.59928e+06
9.43288e+06
9.23151e+06
9.00287e+06
8.75975e+06
8.51749e+06
8.29076e+06
8.09083e+06
7.92389e+06
7.79093e+06
7.6891e+06
7.61366e+06
7.5596e+06
7.52244e+06
7.49835e+06
7.48409e+06
7.47686e+06
7.47429e+06
7.47444e+06
7.47582e+06
7.47733e+06
7.47825e+06
9.98892e+06
9.98422e+06
9.97355e+06
9.95428e+06
9.92239e+06
9.87259e+06
9.79879e+06
9.69509e+06
9.55744e+06
9.38547e+06
9.18409e+06
8.96379e+06
8.73885e+06
8.52387e+06
8.33062e+06
8.16582e+06
8.03063e+06
7.92194e+06
7.83474e+06
7.7643e+06
7.70733e+06
7.66177e+06
7.62626e+06
7.59955e+06
7.58028e+06
7.56699e+06
7.55827e+06
7.5529e+06
7.54988e+06
7.54855e+06
9.98631e+06
9.98068e+06
9.96799e+06
9.94531e+06
9.90832e+06
9.85149e+06
9.76888e+06
9.6554e+06
9.50868e+06
9.33102e+06
9.13057e+06
8.92065e+06
8.71662e+06
8.53189e+06
8.37476e+06
8.24707e+06
8.14496e+06
8.06159e+06
7.99035e+06
7.92696e+06
7.86981e+06
7.81901e+06
7.77519e+06
7.73874e+06
7.70954e+06
7.68704e+06
7.67045e+06
7.6589e+06
7.65167e+06
7.64819e+06
9.98318e+06
9.97646e+06
9.96141e+06
9.93481e+06
9.89199e+06
9.82727e+06
9.73496e+06
9.61097e+06
9.45493e+06
9.27206e+06
9.07385e+06
8.87614e+06
8.6948e+06
8.54146e+06
8.4206e+06
8.32917e+06
8.25882e+06
8.19986e+06
8.14489e+06
8.09046e+06
8.0365e+06
7.98469e+06
7.937e+06
7.89493e+06
7.85931e+06
7.83037e+06
7.80793e+06
7.79162e+06
7.78103e+06
7.77583e+06
9.97953e+06
9.97159e+06
9.95389e+06
9.92294e+06
9.87374e+06
9.80051e+06
9.69796e+06
9.56323e+06
9.39816e+06
9.21106e+06
9.01663e+06
8.83264e+06
8.67483e+06
8.55245e+06
8.46593e+06
8.40769e+06
8.36581e+06
8.32887e+06
8.28957e+06
8.24557e+06
8.19798e+06
8.1494e+06
8.10247e+06
8.05927e+06
8.02122e+06
7.98917e+06
7.9635e+06
7.94433e+06
7.93162e+06
7.92529e+06
9.97541e+06
9.96612e+06
9.94555e+06
9.9099e+06
9.85391e+06
9.77181e+06
9.65885e+06
9.51358e+06
9.34024e+06
9.15028e+06
8.96122e+06
8.79209e+06
8.65777e+06
8.56463e+06
8.50903e+06
8.47948e+06
8.46158e+06
8.4434e+06
8.41848e+06
8.38564e+06
8.3468e+06
8.30484e+06
8.26252e+06
8.2221e+06
8.1853e+06
8.15337e+06
8.12714e+06
8.10713e+06
8.09365e+06
8.08687e+06
9.97087e+06
9.96013e+06
9.93651e+06
9.89592e+06
9.83292e+06
9.74182e+06
9.61858e+06
9.46335e+06
9.28288e+06
9.09162e+06
8.90942e+06
8.75585e+06
8.64424e+06
8.57771e+06
8.54873e+06
8.54269e+06
8.54387e+06
8.54085e+06
8.52853e+06
8.50682e+06
8.47798e+06
8.44474e+06
8.40963e+06
8.37479e+06
8.34204e+06
8.31282e+06
8.28826e+06
8.26917e+06
8.25614e+06
8.24951e+06
9.96597e+06
9.95373e+06
9.92694e+06
9.8813e+06
9.81121e+06
9.71121e+06
9.57811e+06
9.41378e+06
9.22751e+06
9.03657e+06
8.86249e+06
8.7247e+06
8.63444e+06
8.59136e+06
8.5844e+06
8.59666e+06
8.61219e+06
8.62083e+06
8.61907e+06
8.60771e+06
8.58899e+06
8.56525e+06
8.53856e+06
8.51087e+06
8.48388e+06
8.4591e+06
8.43776e+06
8.42086e+06
8.40915e+06
8.40312e+06
9.96081e+06
9.94703e+06
9.91703e+06
9.86632e+06
9.78924e+06
9.68064e+06
9.53831e+06
9.36593e+06
9.17531e+06
8.98615e+06
8.82113e+06
8.69891e+06
8.62821e+06
8.60522e+06
8.61579e+06
8.64159e+06
8.66731e+06
8.6845e+06
8.69123e+06
8.68889e+06
8.67952e+06
8.66491e+06
8.64672e+06
8.62657e+06
8.60602e+06
8.58647e+06
8.56916e+06
8.55512e+06
8.54522e+06
8.54001e+06
9.9555e+06
9.94018e+06
9.907e+06
9.85131e+06
9.76747e+06
9.65074e+06
9.49998e+06
9.32071e+06
9.12715e+06
8.94102e+06
8.7856e+06
8.67834e+06
8.62515e+06
8.61892e+06
8.64295e+06
8.67829e+06
8.7108e+06
8.73395e+06
8.7472e+06
8.75228e+06
8.75087e+06
8.74429e+06
8.73382e+06
8.72076e+06
8.70646e+06
8.69215e+06
8.67898e+06
8.66792e+06
8.65994e+06
8.65555e+06
9.95016e+06
9.93335e+06
9.89707e+06
9.8366e+06
9.74638e+06
9.62213e+06
9.46384e+06
9.27884e+06
9.0836e+06
8.90146e+06
8.75581e+06
8.66253e+06
8.6247e+06
8.63212e+06
8.66614e+06
8.70782e+06
8.74451e+06
8.77159e+06
8.78964e+06
8.80047e+06
8.80541e+06
8.80539e+06
8.80137e+06
8.79441e+06
8.78559e+06
8.77596e+06
8.76651e+06
8.75811e+06
8.75182e+06
8.748e+06
9.94493e+06
9.92669e+06
9.88748e+06
9.82253e+06
9.7264e+06
9.59534e+06
9.43048e+06
9.24089e+06
9.04503e+06
8.86747e+06
8.73139e+06
8.65086e+06
8.6262e+06
8.64451e+06
8.68571e+06
8.73133e+06
8.77034e+06
8.79985e+06
8.82124e+06
8.83629e+06
8.84599e+06
8.85098e+06
8.85199e+06
8.84986e+06
8.84545e+06
8.83961e+06
8.83314e+06
8.82677e+06
8.8217e+06
8.81796e+06
9.93995e+06
9.92038e+06
9.87847e+06
9.80942e+06
9.70795e+06
9.57088e+06
9.40041e+06
9.20726e+06
9.01159e+06
8.83888e+06
8.7118e+06
8.6426e+06
8.629e+06
8.65582e+06
8.70203e+06
8.74986e+06
8.78994e+06
8.82083e+06
8.84444e+06
8.86241e+06
8.87546e+06
8.88404e+06
8.88872e+06
8.89015e+06
8.88901e+06
8.88592e+06
8.88156e+06
8.87641e+06
8.87191e+06
8.86755e+06
9.93536e+06
9.91459e+06
9.87026e+06
9.79756e+06
9.6914e+06
9.54915e+06
9.37403e+06
9.1782e+06
8.98329e+06
8.81536e+06
8.69645e+06
8.63703e+06
8.63252e+06
8.66584e+06
8.71542e+06
8.76433e+06
8.80472e+06
8.83628e+06
8.86126e+06
8.88114e+06
8.89642e+06
8.90742e+06
8.9146e+06
8.91845e+06
8.91948e+06
8.91815e+06
8.91499e+06
8.91018e+06
8.90539e+06
8.89891e+06
9.93129e+06
9.90949e+06
9.86306e+06
9.78723e+06
9.6771e+06
9.53053e+06
9.35166e+06
9.1539e+06
8.96005e+06
8.79654e+06
8.68473e+06
8.63348e+06
8.63623e+06
8.67439e+06
8.72617e+06
8.77546e+06
8.81573e+06
8.84755e+06
8.87333e+06
8.89437e+06
8.91103e+06
8.92356e+06
8.9323e+06
8.93765e+06
8.93994e+06
8.93949e+06
8.93668e+06
8.93147e+06
8.92706e+06
8.92327e+06
9.92788e+06
9.90522e+06
9.85706e+06
9.77867e+06
9.66532e+06
9.5153e+06
9.33352e+06
9.13443e+06
8.94171e+06
8.78203e+06
8.67609e+06
8.63135e+06
8.63968e+06
8.68137e+06
8.73452e+06
8.78382e+06
8.82378e+06
8.85562e+06
8.88182e+06
8.90353e+06
8.921e+06
8.93441e+06
8.94405e+06
8.95021e+06
8.95306e+06
8.9527e+06
8.94895e+06
8.93978e+06
8.923e+06
8.90122e+06
9.92522e+06
9.9019e+06
9.85242e+06
9.77207e+06
9.65628e+06
9.50369e+06
9.31979e+06
9.11982e+06
8.92814e+06
8.7715e+06
8.67004e+06
8.63018e+06
8.64256e+06
8.68667e+06
8.74064e+06
8.78979e+06
8.82942e+06
8.8612e+06
8.8876e+06
8.90967e+06
8.92757e+06
8.94146e+06
8.95157e+06
8.95807e+06
8.96105e+06
8.96061e+06
8.95706e+06
8.95168e+06
8.94613e+06
8.93952e+06
9.92358e+06
9.89986e+06
9.84958e+06
9.76804e+06
9.65078e+06
9.49664e+06
9.3115e+06
9.11107e+06
8.92008e+06
8.76532e+06
8.6666e+06
8.62966e+06
8.6444e+06
8.68989e+06
8.74427e+06
8.79327e+06
8.83268e+06
8.86439e+06
8.89089e+06
8.91313e+06
8.93125e+06
8.94538e+06
8.95569e+06
8.96227e+06
8.96497e+06
8.9634e+06
8.95564e+06
8.94226e+06
8.89843e+06
8.8366e+06
9.92269e+06
9.89876e+06
9.84804e+06
9.76587e+06
9.64782e+06
9.49287e+06
9.30707e+06
9.1064e+06
8.9158e+06
8.76208e+06
8.66483e+06
8.62943e+06
8.64543e+06
8.69163e+06
8.74621e+06
8.79513e+06
8.83443e+06
8.86611e+06
8.89267e+06
8.91502e+06
8.93328e+06
8.94756e+06
8.95801e+06
8.96466e+06
8.96732e+06
8.9656e+06
8.95835e+06
8.94886e+06
8.91896e+06
8.89834e+06
9.9224e+06
9.89839e+06
9.84753e+06
9.76515e+06
9.64683e+06
9.49161e+06
9.30559e+06
9.10485e+06
8.91438e+06
8.761e+06
8.66425e+06
8.62937e+06
8.64579e+06
8.69224e+06
8.7469e+06
8.79581e+06
8.8351e+06
8.86682e+06
8.89345e+06
8.9159e+06
8.93429e+06
8.9487e+06
8.9593e+06
8.96607e+06
8.96878e+06
8.96686e+06
8.9581e+06
8.94263e+06
8.89383e+06
8.86024e+06
9.92269e+06
9.89876e+06
9.84804e+06
9.76587e+06
9.64782e+06
9.49287e+06
9.30707e+06
9.10641e+06
8.91581e+06
8.76209e+06
8.66485e+06
8.62947e+06
8.64548e+06
8.69172e+06
8.74635e+06
8.79535e+06
8.83475e+06
8.86657e+06
8.89331e+06
8.91589e+06
8.93441e+06
8.94899e+06
8.95978e+06
8.96679e+06
8.96981e+06
8.96843e+06
8.96147e+06
8.95219e+06
8.92224e+06
8.90109e+06
9.92358e+06
9.89986e+06
9.84958e+06
9.76805e+06
9.65078e+06
9.49665e+06
9.31151e+06
9.11108e+06
8.9201e+06
8.76536e+06
8.66665e+06
8.62974e+06
8.64453e+06
8.6901e+06
8.74459e+06
8.79376e+06
8.8334e+06
8.86541e+06
8.89231e+06
8.91504e+06
8.93374e+06
8.94854e+06
8.95959e+06
8.96694e+06
8.97042e+06
8.96959e+06
8.96245e+06
8.94952e+06
8.90575e+06
8.84305e+06
8.64062e+06
8.6632e+06
8.62038e+06
8.56198e+06
8.48956e+06
8.39916e+06
8.28649e+06
8.14622e+06
7.97238e+06
7.75883e+06
7.49982e+06
7.19069e+06
6.82853e+06
6.41288e+06
5.94617e+06
5.43381e+06
4.88395e+06
4.30675e+06
3.7134e+06
3.11481e+06
2.52066e+06
1.93706e+06
1.3681e+06
814353
268962
8.7544e+06
8.70219e+06
8.64132e+06
8.57308e+06
8.49515e+06
8.40198e+06
8.28794e+06
8.14698e+06
7.97275e+06
7.75901e+06
7.49992e+06
7.19074e+06
6.82855e+06
6.4129e+06
5.94618e+06
5.43382e+06
4.88395e+06
4.30675e+06
3.7134e+06
3.11481e+06
2.52066e+06
1.93706e+06
1.3681e+06
814353
268962
8.68857e+06
8.66641e+06
8.6198e+06
8.56048e+06
8.48815e+06
8.39817e+06
8.28585e+06
8.14586e+06
7.97218e+06
7.75871e+06
7.49976e+06
7.19066e+06
6.82851e+06
6.41288e+06
5.94617e+06
5.43381e+06
4.88394e+06
4.30674e+06
3.7134e+06
3.11481e+06
2.52066e+06
1.93706e+06
1.3681e+06
814352
268962
8.7556e+06
8.70278e+06
8.64159e+06
8.57321e+06
8.49522e+06
8.40201e+06
8.28795e+06
8.14698e+06
7.97275e+06
7.75901e+06
7.49992e+06
7.19074e+06
6.82855e+06
6.4129e+06
5.94618e+06
5.43381e+06
4.88395e+06
4.30674e+06
3.71339e+06
3.11481e+06
2.52066e+06
1.93706e+06
1.3681e+06
814353
268962
8.64312e+06
8.66431e+06
8.62093e+06
8.56225e+06
8.48969e+06
8.39922e+06
8.28651e+06
8.14624e+06
7.97239e+06
7.75883e+06
7.49983e+06
7.19069e+06
6.82853e+06
6.41289e+06
5.94617e+06
5.43381e+06
4.88394e+06
4.30674e+06
3.71339e+06
3.11481e+06
2.52066e+06
1.93706e+06
1.3681e+06
814353
268962
9.92523e+06
9.90191e+06
9.85244e+06
9.7721e+06
9.65632e+06
9.50374e+06
9.31985e+06
9.1199e+06
8.92823e+06
8.77159e+06
8.67016e+06
8.63034e+06
8.64279e+06
8.68705e+06
8.74123e+06
8.79068e+06
8.83075e+06
8.86309e+06
8.89022e+06
8.91318e+06
8.93215e+06
8.94725e+06
8.95868e+06
8.96657e+06
8.97094e+06
8.97182e+06
8.96946e+06
8.96511e+06
8.96027e+06
8.95389e+06
9.92793e+06
9.90528e+06
9.85715e+06
9.77879e+06
9.66549e+06
9.51553e+06
9.33379e+06
9.13473e+06
8.94203e+06
8.78233e+06
8.67638e+06
8.63167e+06
8.6401e+06
8.68202e+06
8.73556e+06
8.78543e+06
8.82618e+06
8.85906e+06
8.88656e+06
8.90987e+06
8.92921e+06
8.94474e+06
8.95669e+06
8.96525e+06
8.97049e+06
8.97239e+06
8.97062e+06
8.96296e+06
8.94727e+06
8.92602e+06
9.93139e+06
9.90962e+06
9.86324e+06
9.78749e+06
9.67746e+06
9.531e+06
9.35223e+06
9.15454e+06
8.96071e+06
8.79717e+06
8.68532e+06
8.63408e+06
8.63699e+06
8.67554e+06
8.728e+06
8.7783e+06
8.81994e+06
8.85354e+06
8.88155e+06
8.90529e+06
8.92508e+06
8.94113e+06
8.95366e+06
8.96293e+06
8.9691e+06
8.97228e+06
8.97265e+06
8.97001e+06
8.96745e+06
8.96466e+06
9.93552e+06
9.9148e+06
9.87055e+06
9.79798e+06
9.692e+06
9.54994e+06
9.375e+06
9.17931e+06
8.98445e+06
8.81648e+06
8.69752e+06
8.63815e+06
8.63392e+06
8.66788e+06
8.71861e+06
8.76923e+06
8.81193e+06
8.84646e+06
8.87512e+06
8.89938e+06
8.91972e+06
8.93634e+06
8.94951e+06
8.95952e+06
8.96658e+06
8.97088e+06
8.97263e+06
8.97177e+06
8.96968e+06
8.96462e+06
9.94018e+06
9.92067e+06
9.87889e+06
9.81003e+06
9.70882e+06
9.57205e+06
9.40187e+06
9.20895e+06
9.01341e+06
8.84072e+06
8.71364e+06
8.64459e+06
8.63151e+06
8.65943e+06
8.70754e+06
8.75817e+06
8.80202e+06
8.83771e+06
8.86718e+06
8.89208e+06
8.91303e+06
8.93029e+06
8.94414e+06
8.95489e+06
8.96281e+06
8.9681e+06
8.97103e+06
8.9717e+06
8.97126e+06
8.96902e+06
9.94524e+06
9.92708e+06
9.88804e+06
9.82336e+06
9.72758e+06
9.59695e+06
9.43253e+06
9.24333e+06
9.04774e+06
8.87034e+06
8.73441e+06
8.65428e+06
8.63058e+06
8.65076e+06
8.69504e+06
8.74512e+06
8.7901e+06
8.82713e+06
8.85762e+06
8.88327e+06
8.90491e+06
8.92287e+06
8.93744e+06
8.94894e+06
8.95766e+06
8.96385e+06
8.96779e+06
8.96969e+06
8.97035e+06
8.96956e+06
9.95054e+06
9.93383e+06
9.89777e+06
9.83765e+06
9.74789e+06
9.62422e+06
9.46657e+06
9.28218e+06
9.08746e+06
8.90576e+06
8.76062e+06
8.66823e+06
8.63214e+06
8.64265e+06
8.68153e+06
8.73016e+06
8.77603e+06
8.81457e+06
8.84628e+06
8.87285e+06
8.89527e+06
8.91398e+06
8.9293e+06
8.94155e+06
8.95105e+06
8.95807e+06
8.96288e+06
8.96575e+06
8.96724e+06
8.96739e+06
9.95594e+06
9.94075e+06
9.90784e+06
9.85258e+06
9.76934e+06
9.65337e+06
9.5035e+06
9.32516e+06
9.13252e+06
8.94732e+06
8.79305e+06
8.68757e+06
8.63741e+06
8.63614e+06
8.66768e+06
8.71354e+06
8.75977e+06
8.79982e+06
8.83299e+06
8.86065e+06
8.88395e+06
8.90348e+06
8.91959e+06
8.93261e+06
8.94287e+06
8.95065e+06
8.95623e+06
8.95989e+06
8.96202e+06
8.96278e+06
9.96131e+06
9.94768e+06
9.918e+06
9.86781e+06
9.79147e+06
9.68386e+06
9.54274e+06
9.37174e+06
9.18266e+06
8.99523e+06
8.83242e+06
8.71344e+06
8.64779e+06
8.63257e+06
8.65447e+06
8.69576e+06
8.74137e+06
8.78273e+06
8.81752e+06
8.84649e+06
8.87081e+06
8.89123e+06
8.90817e+06
8.92199e+06
8.933e+06
8.9415e+06
8.94778e+06
8.95209e+06
8.95474e+06
8.9559e+06
9.96652e+06
9.95445e+06
9.92803e+06
9.88301e+06
9.81384e+06
9.71509e+06
9.58362e+06
9.4213e+06
9.23746e+06
9.04947e+06
8.87927e+06
8.74698e+06
8.66481e+06
8.63357e+06
8.64325e+06
8.67767e+06
8.72115e+06
8.76322e+06
8.79963e+06
8.83013e+06
8.85566e+06
8.87707e+06
8.89491e+06
8.90954e+06
8.92131e+06
8.93052e+06
8.93743e+06
8.94231e+06
8.94539e+06
8.94683e+06
9.97146e+06
9.96091e+06
9.93772e+06
9.89787e+06
9.83598e+06
9.74647e+06
9.62542e+06
9.47304e+06
9.29625e+06
9.10976e+06
8.93392e+06
8.78917e+06
8.69005e+06
8.64102e+06
8.6358e+06
8.66057e+06
8.69977e+06
8.74141e+06
8.77916e+06
8.81129e+06
8.83824e+06
8.86081e+06
8.87962e+06
8.89512e+06
8.90766e+06
8.91756e+06
8.92508e+06
8.93047e+06
8.93392e+06
8.93559e+06
9.97604e+06
9.96697e+06
9.9469e+06
9.91211e+06
9.85748e+06
9.77741e+06
9.66734e+06
9.52608e+06
9.35818e+06
9.17552e+06
8.99634e+06
8.84074e+06
8.72498e+06
8.65693e+06
8.63427e+06
8.64629e+06
8.67845e+06
8.71781e+06
8.75608e+06
8.78974e+06
8.81827e+06
8.84217e+06
8.86208e+06
8.87852e+06
8.89188e+06
8.90248e+06
8.9106e+06
8.91646e+06
8.92025e+06
8.92211e+06
9.9802e+06
9.97251e+06
9.9554e+06
9.92548e+06
9.87795e+06
9.80731e+06
9.70861e+06
9.57943e+06
9.42215e+06
9.24582e+06
9.06609e+06
8.90201e+06
8.77082e+06
8.68332e+06
8.64116e+06
8.63724e+06
8.65905e+06
8.6935e+06
8.73075e+06
8.76537e+06
8.79543e+06
8.82083e+06
8.84201e+06
8.85951e+06
8.87375e+06
8.8851e+06
8.89382e+06
8.90015e+06
8.90427e+06
8.90629e+06
9.98391e+06
9.97749e+06
9.96313e+06
9.93778e+06
9.89705e+06
9.83566e+06
9.74846e+06
9.63206e+06
9.48695e+06
9.31942e+06
9.14226e+06
8.97275e+06
8.82833e+06
8.72199e+06
8.65904e+06
8.6363e+06
8.64416e+06
8.67037e+06
8.7042e+06
8.73846e+06
8.76959e+06
8.79646e+06
8.81906e+06
8.83777e+06
8.85301e+06
8.86516e+06
8.87453e+06
8.88135e+06
8.88579e+06
8.88799e+06
9.98714e+06
9.98187e+06
9.97001e+06
9.94889e+06
9.91453e+06
9.86202e+06
9.78618e+06
9.68296e+06
9.55125e+06
9.39483e+06
9.22348e+06
9.05217e+06
8.89764e+06
8.77423e+06
8.69033e+06
8.64667e+06
8.63706e+06
8.65121e+06
8.67833e+06
8.71001e+06
8.74103e+06
8.76891e+06
8.79286e+06
8.81288e+06
8.82925e+06
8.84233e+06
8.85242e+06
8.85978e+06
8.86458e+06
8.86695e+06
9.9899e+06
9.98565e+06
9.97602e+06
9.9587e+06
9.93021e+06
9.88603e+06
9.82117e+06
9.73118e+06
9.61372e+06
9.47036e+06
9.30797e+06
9.13878e+06
8.97808e+06
8.84058e+06
8.73693e+06
8.6714e+06
8.64152e+06
8.6397e+06
8.65621e+06
8.6821e+06
8.71086e+06
8.73856e+06
8.76334e+06
8.78452e+06
8.80206e+06
8.81615e+06
8.82706e+06
8.83502e+06
8.84022e+06
8.84279e+06
9.9922e+06
9.98883e+06
9.98115e+06
9.9672e+06
9.94398e+06
9.90746e+06
9.85296e+06
9.77591e+06
9.67308e+06
9.54425e+06
9.39364e+06
9.23054e+06
9.06813e+06
8.92059e+06
8.79986e+06
8.71306e+06
8.66127e+06
8.64015e+06
8.64196e+06
8.65816e+06
8.68149e+06
8.70685e+06
8.73114e+06
8.7528e+06
8.7712e+06
8.78622e+06
8.79795e+06
8.80656e+06
8.8122e+06
8.81499e+06
9.99409e+06
9.99146e+06
9.98544e+06
9.97441e+06
9.95582e+06
9.92618e+06
9.88123e+06
9.81649e+06
9.72823e+06
9.61484e+06
9.47825e+06
9.32492e+06
9.16547e+06
9.01274e+06
8.87895e+06
8.77315e+06
8.69951e+06
8.65699e+06
8.6405e+06
8.64287e+06
8.65691e+06
8.67674e+06
8.69826e+06
8.71889e+06
8.73725e+06
8.75269e+06
8.76498e+06
8.77411e+06
8.78014e+06
8.78313e+06
9.9956e+06
9.99359e+06
9.98896e+06
9.9804e+06
9.96579e+06
9.94218e+06
9.90582e+06
9.85249e+06
9.77827e+06
9.6806e+06
9.5596e+06
9.41913e+06
9.26711e+06
9.11442e+06
8.97264e+06
8.85175e+06
8.7582e+06
8.69397e+06
8.65686e+06
8.64178e+06
8.64247e+06
8.65299e+06
8.66854e+06
8.68571e+06
8.7023e+06
8.717e+06
8.72911e+06
8.73832e+06
8.74448e+06
8.74757e+06
9.99678e+06
9.99528e+06
9.99178e+06
9.98526e+06
9.974e+06
9.95557e+06
9.92672e+06
9.88369e+06
9.8226e+06
9.74034e+06
9.63569e+06
9.51037e+06
9.36969e+06
9.22217e+06
9.07804e+06
8.94724e+06
8.83756e+06
8.75337e+06
8.69521e+06
8.66042e+06
8.64435e+06
8.64175e+06
8.64771e+06
8.65829e+06
8.67059e+06
8.68265e+06
8.69323e+06
8.70161e+06
8.70736e+06
8.71027e+06
9.99769e+06
9.99659e+06
9.994e+06
9.98913e+06
9.98062e+06
9.9665e+06
9.9441e+06
9.91009e+06
9.8609e+06
9.7932e+06
9.70491e+06
9.59608e+06
9.46973e+06
9.33195e+06
9.19112e+06
9.05635e+06
8.9358e+06
8.83538e+06
8.75793e+06
8.70316e+06
8.66844e+06
8.64974e+06
8.64273e+06
8.64342e+06
8.6485e+06
8.65552e+06
8.66271e+06
8.66891e+06
8.67338e+06
8.67571e+06
9.99837e+06
9.99758e+06
9.9957e+06
9.99213e+06
9.98583e+06
9.97525e+06
9.95819e+06
9.9319e+06
9.89317e+06
9.83876e+06
9.76611e+06
9.67414e+06
9.56402e+06
9.43961e+06
9.30718e+06
9.17443e+06
9.04912e+06
8.93781e+06
8.84489e+06
8.77213e+06
8.7189e+06
8.68283e+06
8.66059e+06
8.64866e+06
8.64379e+06
8.64327e+06
8.64501e+06
8.64747e+06
8.64964e+06
8.65087e+06
9.99888e+06
9.99831e+06
9.99698e+06
9.99442e+06
9.98985e+06
9.98207e+06
9.96937e+06
9.94948e+06
9.91967e+06
9.87698e+06
9.81872e+06
9.74309e+06
9.64995e+06
9.54128e+06
9.42131e+06
9.29603e+06
9.17217e+06
9.05617e+06
8.95319e+06
8.86647e+06
8.79714e+06
8.7445e+06
8.70656e+06
8.68067e+06
8.66403e+06
8.65405e+06
8.64855e+06
8.64584e+06
8.64468e+06
8.6443e+06
9.99924e+06
9.99885e+06
9.99792e+06
9.99611e+06
9.99287e+06
9.98727e+06
9.97802e+06
9.96331e+06
9.94089e+06
9.9082e+06
9.86265e+06
9.80215e+06
9.72568e+06
9.63382e+06
9.52903e+06
9.41553e+06
9.2987e+06
9.18426e+06
9.07743e+06
8.98224e+06
8.90112e+06
8.83482e+06
8.78275e+06
8.74336e+06
8.71462e+06
8.6944e+06
8.68071e+06
8.67192e+06
8.66676e+06
8.66439e+06
9.99949e+06
9.99923e+06
9.99859e+06
9.99735e+06
9.99509e+06
9.99115e+06
9.98455e+06
9.97391e+06
9.95744e+06
9.93301e+06
9.89831e+06
9.85122e+06
9.79026e+06
9.71506e+06
9.62671e+06
9.52785e+06
9.42242e+06
9.31505e+06
9.21048e+06
9.11292e+06
9.0255e+06
8.95009e+06
8.8873e+06
8.8367e+06
8.79721e+06
8.76738e+06
8.74568e+06
8.73073e+06
8.72141e+06
8.71695e+06
9.99967e+06
9.99949e+06
9.99907e+06
9.99823e+06
9.99669e+06
9.99397e+06
9.98936e+06
9.98184e+06
9.97003e+06
9.9522e+06
9.92644e+06
9.89077e+06
9.84358e+06
9.78392e+06
9.71195e+06
9.62903e+06
9.53777e+06
9.44164e+06
9.34456e+06
9.2504e+06
9.1625e+06
9.08335e+06
9.01445e+06
8.95637e+06
8.90894e+06
8.87149e+06
8.8431e+06
8.82281e+06
8.8098e+06
8.80346e+06
9.99979e+06
9.99967e+06
9.99939e+06
9.99884e+06
9.99781e+06
9.99598e+06
9.99283e+06
9.98763e+06
9.97935e+06
9.96666e+06
9.94801e+06
9.92172e+06
9.88621e+06
9.84033e+06
9.78361e+06
9.71654e+06
9.64062e+06
9.55824e+06
9.47238e+06
9.38631e+06
9.30314e+06
9.22556e+06
9.15557e+06
9.09445e+06
9.0428e+06
9.00069e+06
8.96783e+06
8.94378e+06
8.92807e+06
8.92032e+06
9.99987e+06
9.99979e+06
9.99961e+06
9.99925e+06
9.99858e+06
9.99737e+06
9.99527e+06
9.99175e+06
9.98608e+06
9.97726e+06
9.9641e+06
9.94522e+06
9.91925e+06
9.88501e+06
9.84174e+06
9.78934e+06
9.72853e+06
9.66077e+06
9.5882e+06
9.51332e+06
9.43883e+06
9.36723e+06
9.3007e+06
9.24089e+06
9.18895e+06
9.14552e+06
9.11088e+06
9.08505e+06
9.06795e+06
9.05944e+06
9.99992e+06
9.99987e+06
9.99976e+06
9.99953e+06
9.9991e+06
9.99832e+06
9.99694e+06
9.99462e+06
9.99082e+06
9.98484e+06
9.97578e+06
9.96258e+06
9.9441e+06
9.91928e+06
9.88728e+06
9.8477e+06
9.80071e+06
9.74711e+06
9.68828e+06
9.62606e+06
9.56257e+06
9.49998e+06
9.44034e+06
9.38543e+06
9.33664e+06
9.295e+06
9.26119e+06
9.23561e+06
9.21848e+06
9.2099e+06
9.99995e+06
9.99992e+06
9.99985e+06
9.99971e+06
9.99944e+06
9.99894e+06
9.99806e+06
9.99656e+06
9.99408e+06
9.99011e+06
9.98403e+06
9.97503e+06
9.96223e+06
9.94475e+06
9.92179e+06
9.89284e+06
9.85777e+06
9.8169e+06
9.77107e+06
9.72151e+06
9.6698e+06
9.61771e+06
9.567e+06
9.51934e+06
9.47618e+06
9.4387e+06
9.40782e+06
9.38417e+06
9.36819e+06
9.36015e+06
9.99997e+06
9.99995e+06
9.99991e+06
9.99982e+06
9.99966e+06
9.99935e+06
9.9988e+06
9.99785e+06
9.99626e+06
9.99369e+06
9.9897e+06
9.98372e+06
9.97509e+06
9.96311e+06
9.94712e+06
9.92659e+06
9.90126e+06
9.87117e+06
9.83677e+06
9.79883e+06
9.75847e+06
9.71702e+06
9.67591e+06
9.63658e+06
9.60039e+06
9.5685e+06
9.54189e+06
9.52131e+06
9.5073e+06
9.50021e+06
9.99998e+06
9.99997e+06
9.99995e+06
9.9999e+06
9.99979e+06
9.99961e+06
9.99927e+06
9.99868e+06
9.99769e+06
9.99606e+06
9.99351e+06
9.98963e+06
9.98396e+06
9.97597e+06
9.96513e+06
9.95101e+06
9.93328e+06
9.91186e+06
9.88693e+06
9.85895e+06
9.82867e+06
9.79703e+06
9.76514e+06
9.73415e+06
9.70523e+06
9.67943e+06
9.65766e+06
9.64068e+06
9.62904e+06
9.62313e+06
9.99999e+06
9.99998e+06
9.99997e+06
9.99994e+06
9.99988e+06
9.99977e+06
9.99957e+06
9.99921e+06
9.9986e+06
9.99759e+06
9.996e+06
9.99354e+06
9.9899e+06
9.98471e+06
9.97758e+06
9.96813e+06
9.95609e+06
9.94132e+06
9.92385e+06
9.90393e+06
9.88203e+06
9.85881e+06
9.83505e+06
9.81166e+06
9.78954e+06
9.76959e+06
9.75261e+06
9.73925e+06
9.73006e+06
9.72537e+06
9.99999e+06
9.99999e+06
9.99998e+06
9.99997e+06
9.99993e+06
9.99987e+06
9.99975e+06
9.99953e+06
9.99917e+06
9.99856e+06
9.99758e+06
9.99606e+06
9.99379e+06
9.9905e+06
9.98592e+06
9.97978e+06
9.97184e+06
9.96195e+06
9.95009e+06
9.93638e+06
9.92109e+06
9.90465e+06
9.88761e+06
9.87063e+06
9.8544e+06
9.83962e+06
9.82692e+06
9.81687e+06
9.80992e+06
9.80637e+06
1e+07
1e+07
9.99999e+06
9.99998e+06
9.99996e+06
9.99992e+06
9.99985e+06
9.99973e+06
9.99952e+06
9.99916e+06
9.99857e+06
9.99765e+06
9.99626e+06
9.99423e+06
9.99137e+06
9.98748e+06
9.98238e+06
9.97596e+06
9.96815e+06
9.959e+06
9.94867e+06
9.93743e+06
9.92564e+06
9.91375e+06
9.90229e+06
9.89175e+06
9.88263e+06
9.87537e+06
9.87033e+06
9.86774e+06
1e+07
1e+07
9.99999e+06
9.99999e+06
9.99998e+06
9.99996e+06
9.99992e+06
9.99985e+06
9.99972e+06
9.99952e+06
9.99917e+06
9.99863e+06
9.9978e+06
9.99657e+06
9.99483e+06
9.99242e+06
9.98924e+06
9.98518e+06
9.98019e+06
9.97427e+06
9.9675e+06
9.96006e+06
9.95216e+06
9.94414e+06
9.93631e+06
9.92907e+06
9.92276e+06
9.91772e+06
9.91419e+06
9.91238e+06
1e+07
1e+07
1e+07
9.99999e+06
9.99999e+06
9.99998e+06
9.99995e+06
9.99992e+06
9.99985e+06
9.99973e+06
9.99953e+06
9.99922e+06
9.99873e+06
9.99801e+06
9.99697e+06
9.99552e+06
9.99359e+06
9.99109e+06
9.98798e+06
9.98426e+06
9.97996e+06
9.97517e+06
9.97006e+06
9.9648e+06
9.95965e+06
9.95483e+06
9.95062e+06
9.94723e+06
9.94486e+06
9.94363e+06
1e+07
1e+07
1e+07
1e+07
9.99999e+06
9.99999e+06
9.99998e+06
9.99995e+06
9.99992e+06
9.99985e+06
9.99974e+06
9.99956e+06
9.99928e+06
9.99887e+06
9.99826e+06
9.99741e+06
9.99626e+06
9.99476e+06
9.99288e+06
9.9906e+06
9.98794e+06
9.98496e+06
9.98174e+06
9.97841e+06
9.97511e+06
9.97202e+06
9.96929e+06
9.96709e+06
9.96554e+06
9.96475e+06
1e+07
1e+07
1e+07
1e+07
1e+07
9.99999e+06
9.99999e+06
9.99998e+06
9.99995e+06
9.99992e+06
9.99986e+06
9.99976e+06
9.9996e+06
9.99937e+06
9.99902e+06
9.99854e+06
9.99787e+06
9.99699e+06
9.99588e+06
9.99452e+06
9.99292e+06
9.99111e+06
9.98915e+06
9.98709e+06
9.98505e+06
9.98312e+06
9.98141e+06
9.98002e+06
9.97904e+06
9.97854e+06
1e+07
1e+07
1e+07
1e+07
1e+07
1e+07
9.99999e+06
9.99999e+06
9.99998e+06
9.99996e+06
9.99992e+06
9.99987e+06
9.99979e+06
9.99966e+06
9.99946e+06
9.99919e+06
9.99881e+06
9.99831e+06
9.99767e+06
9.99688e+06
9.99594e+06
9.99487e+06
9.9937e+06
9.99247e+06
9.99124e+06
9.99007e+06
9.98903e+06
9.98818e+06
9.98758e+06
9.98727e+06
1e+07
1e+07
1e+07
1e+07
1e+07
1e+07
1e+07
9.99999e+06
9.99999e+06
9.99998e+06
9.99996e+06
9.99993e+06
9.99989e+06
9.99982e+06
9.99971e+06
9.99956e+06
9.99935e+06
9.99907e+06
9.99871e+06
9.99826e+06
9.99773e+06
9.99711e+06
9.99643e+06
9.99571e+06
9.99499e+06
9.9943e+06
9.99368e+06
9.99318e+06
9.99282e+06
9.99264e+06
1e+07
1e+07
1e+07
1e+07
1e+07
1e+07
1e+07
1e+07
9.99999e+06
9.99999e+06
9.99998e+06
9.99996e+06
9.99994e+06
9.9999e+06
9.99985e+06
9.99977e+06
9.99965e+06
9.9995e+06
9.9993e+06
9.99905e+06
9.99875e+06
9.99841e+06
9.99802e+06
9.99761e+06
9.9972e+06
9.9968e+06
9.99645e+06
9.99616e+06
9.99595e+06
9.99584e+06
1e+07
1e+07
1e+07
1e+07
1e+07
1e+07
1e+07
1e+07
1e+07
9.99999e+06
9.99999e+06
9.99998e+06
9.99997e+06
9.99995e+06
9.99992e+06
9.99988e+06
9.99982e+06
9.99974e+06
9.99963e+06
9.99949e+06
9.99933e+06
9.99914e+06
9.99893e+06
9.9987e+06
9.99847e+06
9.99825e+06
9.99805e+06
9.99788e+06
9.99777e+06
9.99771e+06
1e+07
1e+07
1e+07
1e+07
1e+07
1e+07
1e+07
1e+07
1e+07
1e+07
9.99999e+06
9.99999e+06
9.99998e+06
9.99997e+06
9.99996e+06
9.99994e+06
9.99991e+06
9.99986e+06
9.99981e+06
9.99974e+06
9.99965e+06
9.99955e+06
9.99943e+06
9.99931e+06
9.99918e+06
9.99906e+06
9.99895e+06
9.99886e+06
9.9988e+06
9.99876e+06
1e+07
1e+07
1e+07
1e+07
1e+07
1e+07
1e+07
1e+07
1e+07
1e+07
1e+07
1e+07
9.99999e+06
9.99999e+06
9.99998e+06
9.99997e+06
9.99995e+06
9.99993e+06
9.9999e+06
9.99986e+06
9.99982e+06
9.99977e+06
9.9997e+06
9.99964e+06
9.99957e+06
9.99951e+06
9.99945e+06
9.9994e+06
9.99936e+06
9.99935e+06
1e+07
1e+07
1e+07
1e+07
1e+07
1e+07
1e+07
1e+07
1e+07
1e+07
1e+07
1e+07
1e+07
9.99999e+06
9.99999e+06
9.99998e+06
9.99998e+06
9.99997e+06
9.99995e+06
9.99993e+06
9.99991e+06
9.99988e+06
9.99985e+06
9.99982e+06
9.99978e+06
9.99975e+06
9.99972e+06
9.99969e+06
9.99967e+06
9.99966e+06
1e+07
1e+07
1e+07
1e+07
1e+07
1e+07
1e+07
1e+07
1e+07
1e+07
1e+07
1e+07
1e+07
1e+07
1e+07
9.99999e+06
9.99999e+06
9.99998e+06
9.99998e+06
9.99997e+06
9.99995e+06
9.99994e+06
9.99992e+06
9.99991e+06
9.99989e+06
9.99987e+06
9.99986e+06
9.99984e+06
9.99983e+06
9.99983e+06
1e+07
1e+07
1e+07
1e+07
1e+07
1e+07
1e+07
1e+07
1e+07
1e+07
1e+07
1e+07
1e+07
1e+07
1e+07
1e+07
9.99999e+06
9.99999e+06
9.99999e+06
9.99998e+06
9.99998e+06
9.99997e+06
9.99996e+06
9.99995e+06
9.99995e+06
9.99994e+06
9.99993e+06
9.99992e+06
9.99992e+06
9.99991e+06
1e+07
1e+07
1e+07
1e+07
1e+07
1e+07
1e+07
1e+07
1e+07
1e+07
1e+07
1e+07
1e+07
1e+07
1e+07
1e+07
1e+07
1e+07
9.99999e+06
9.99999e+06
9.99999e+06
9.99999e+06
9.99998e+06
9.99998e+06
9.99997e+06
9.99997e+06
9.99997e+06
9.99996e+06
9.99996e+06
9.99996e+06
1e+07
1e+07
1e+07
1e+07
1e+07
1e+07
1e+07
1e+07
1e+07
1e+07
1e+07
1e+07
1e+07
1e+07
1e+07
1e+07
1e+07
1e+07
1e+07
1e+07
1e+07
9.99999e+06
9.99999e+06
9.99999e+06
9.99999e+06
9.99999e+06
9.99998e+06
9.99998e+06
9.99998e+06
9.99998e+06
1e+07
1e+07
1e+07
1e+07
1e+07
1e+07
1e+07
1e+07
1e+07
1e+07
1e+07
1e+07
1e+07
1e+07
1e+07
1e+07
1e+07
1e+07
1e+07
1e+07
1e+07
1e+07
1e+07
1e+07
9.99999e+06
9.99999e+06
9.99999e+06
9.99999e+06
9.99999e+06
9.99999e+06
1e+07
1e+07
1e+07
1e+07
1e+07
1e+07
1e+07
1e+07
1e+07
1e+07
1e+07
1e+07
1e+07
1e+07
1e+07
1e+07
1e+07
1e+07
1e+07
1e+07
1e+07
1e+07
1e+07
1e+07
1e+07
1e+07
1e+07
1e+07
1e+07
1e+07
1e+07
1e+07
1e+07
1e+07
1e+07
1e+07
1e+07
1e+07
1e+07
1e+07
1e+07
1e+07
1e+07
1e+07
1e+07
1e+07
1e+07
1e+07
1e+07
1e+07
1e+07
1e+07
1e+07
1e+07
1e+07
1e+07
1e+07
1e+07
1e+07
1e+07
1e+07
1e+07
1e+07
1e+07
1e+07
1e+07
1e+07
1e+07
1e+07
1e+07
1e+07
1e+07
1e+07
1e+07
1e+07
1e+07
1e+07
1e+07
1e+07
1e+07
1e+07
1e+07
1e+07
1e+07
1e+07
1e+07
1e+07
1e+07
1e+07
1e+07
1e+07
1e+07
1e+07
1e+07
1e+07
1e+07
1e+07
1e+07
1e+07
1e+07
1e+07
1e+07
1e+07
1e+07
1e+07
1e+07
1e+07
1e+07
1e+07
1e+07
1e+07
1e+07
1e+07
1e+07
1e+07
1e+07
1e+07
1e+07
1e+07
1e+07
1e+07
1e+07
1e+07
1e+07
1e+07
1e+07
1e+07
1e+07
1e+07
1e+07
1e+07
1e+07
1e+07
1e+07
1e+07
1e+07
1e+07
1e+07
1e+07
1e+07
1e+07
1e+07
1e+07
1e+07
1e+07
1e+07
1e+07
1e+07
1e+07
1e+07
1e+07
1e+07
1e+07
1e+07
1e+07
1e+07
1e+07
1e+07
1e+07
1e+07
1e+07
1e+07
1e+07
1e+07
1e+07
1e+07
1e+07
1e+07
1e+07
1e+07
1e+07
1e+07
1e+07
1e+07
1e+07
1e+07
1e+07
1e+07
1e+07
1e+07
1e+07
1e+07
1e+07
1e+07
1e+07
1e+07
1e+07
1e+07
1e+07
1e+07
1e+07
1e+07
1e+07
1e+07
1e+07
1e+07
1e+07
1e+07
1e+07
1e+07
1e+07
1e+07
1e+07
1e+07
1e+07
1e+07
1e+07
1e+07
1e+07
1e+07
1e+07
1e+07
1e+07
1e+07
1e+07
1e+07
1e+07
1e+07
1e+07
1e+07
1e+07
1e+07
1e+07
1e+07
1e+07
1e+07
1e+07
1e+07
1e+07
1e+07
1e+07
1e+07
1e+07
1e+07
1e+07
1e+07
1e+07
1e+07
1e+07
1e+07
1e+07
1e+07
1e+07
1e+07
1e+07
1e+07
1e+07
1e+07
1e+07
1e+07
1e+07
1e+07
1e+07
1e+07
1e+07
1e+07
1e+07
1e+07
1e+07
1e+07
1e+07
1e+07
1e+07
1e+07
1e+07
1e+07
1e+07
1e+07
1e+07
1e+07
1e+07
1e+07
1e+07
1e+07
1e+07
1e+07
1e+07
1e+07
1e+07
1e+07
1e+07
1e+07
1e+07
1e+07
1e+07
1e+07
1e+07
1e+07
1e+07
1e+07
1e+07
1e+07
1e+07
1e+07
1e+07
1e+07
1e+07
1e+07
1e+07
1e+07
1e+07
1e+07
1e+07
1e+07
1e+07
1e+07
1e+07
1e+07
1e+07
1e+07
1e+07
1e+07
1e+07
1e+07
1e+07
1e+07
1e+07
1e+07
1e+07
1e+07
1e+07
1e+07
1e+07
1e+07
1e+07
1e+07
1e+07
1e+07
1e+07
1e+07
1e+07
1e+07
1e+07
1e+07
1e+07
1e+07
1e+07
1e+07
1e+07
1e+07
1e+07
1e+07
1e+07
1e+07
1e+07
1e+07
1e+07
1e+07
1e+07
1e+07
1e+07
1e+07
1e+07
1e+07
1e+07
1e+07
1e+07
1e+07
1e+07
1e+07
1e+07
1e+07
1e+07
1e+07
1e+07
1e+07
1e+07
1e+07
1e+07
1e+07
1e+07
1e+07
1e+07
1e+07
1e+07
1e+07
1e+07
1e+07
1e+07
1e+07
1e+07
1e+07
1e+07
1e+07
1e+07
1e+07
1e+07
1e+07
1e+07
1e+07
1e+07
1e+07
1e+07
1e+07
1e+07
1e+07
1e+07
1e+07
1e+07
1e+07
1e+07
1e+07
1e+07
1e+07
1e+07
1e+07
1e+07
1e+07
1e+07
1e+07
1e+07
1e+07
1e+07
1e+07
1e+07
1e+07
1e+07
1e+07
1e+07
1e+07
1e+07
1e+07
1e+07
1e+07
1e+07
1e+07
1e+07
1e+07
1e+07
1e+07
1e+07
1e+07
1e+07
1e+07
1e+07
1e+07
1e+07
1e+07
1e+07
1e+07
1e+07
1e+07
1e+07
1e+07
1e+07
1e+07
1e+07
1e+07
1e+07
1e+07
1e+07
1e+07
1e+07
1e+07
1e+07
1e+07
1e+07
1e+07
1e+07
1e+07
1e+07
1e+07
1e+07
1e+07
1e+07
1e+07
1e+07
1e+07
1e+07
1e+07
1e+07
1e+07
1e+07
1e+07
1e+07
1e+07
1e+07
1e+07
1e+07
1e+07
1e+07
1e+07
1e+07
1e+07
1e+07
1e+07
1e+07
1e+07
1e+07
1e+07
1e+07
1e+07
1e+07
1e+07
1e+07
1e+07
1e+07
1e+07
1e+07
1e+07
1e+07
1e+07
1e+07
1e+07
1e+07
1e+07
1e+07
1e+07
1e+07
1e+07
1e+07
1e+07
1e+07
1e+07
1e+07
1e+07
1e+07
1e+07
1e+07
1e+07
1e+07
1e+07
1e+07
1e+07
1e+07
1e+07
1e+07
1e+07
1e+07
1e+07
1e+07
1e+07
1e+07
1e+07
1e+07
1e+07
1e+07
1e+07
1e+07
1e+07
1e+07
1e+07
1e+07
1e+07
1e+07
1e+07
1e+07
1e+07
1e+07
1e+07
1e+07
1e+07
1e+07
1e+07
1e+07
1e+07
1e+07
1e+07
1e+07
1e+07
1e+07
1e+07
1e+07
1e+07
1e+07
1e+07
1e+07
1e+07
1e+07
1e+07
1e+07
1e+07
1e+07
1e+07
1e+07
1e+07
1e+07
1e+07
1e+07
1e+07
1e+07
1e+07
1e+07
1e+07
1e+07
1e+07
1e+07
1e+07
1e+07
1e+07
1e+07
1e+07
1e+07
1e+07
1e+07
1e+07
1e+07
1e+07
1e+07
1e+07
1e+07
1e+07
1e+07
1e+07
1e+07
1e+07
1e+07
1e+07
1e+07
1e+07
1e+07
1e+07
1e+07
1e+07
1e+07
1e+07
1e+07
1e+07
1e+07
1e+07
1e+07
1e+07
1e+07
1e+07
1e+07
1e+07
1e+07
1e+07
1e+07
1e+07
1e+07
1e+07
1e+07
1e+07
1e+07
1e+07
1e+07
1e+07
1e+07
1e+07
1e+07
1e+07
1e+07
1e+07
1e+07
1e+07
1e+07
1e+07
1e+07
1e+07
1e+07
1e+07
1e+07
1e+07
1e+07
1e+07
1e+07
1e+07
1e+07
1e+07
1e+07
1e+07
1e+07
1e+07
1e+07
1e+07
1e+07
1e+07
1e+07
1e+07
1e+07
1e+07
1e+07
1e+07
1e+07
1e+07
1e+07
1e+07
1e+07
1e+07
1e+07
1e+07
1e+07
1e+07
1e+07
1e+07
1e+07
1e+07
1e+07
1e+07
1e+07
1e+07
1e+07
1e+07
1e+07
1e+07
1e+07
1e+07
1e+07
1e+07
1e+07
1e+07
1e+07
1e+07
1e+07
1e+07
1e+07
1e+07
1e+07
1e+07
1e+07
1e+07
1e+07
1e+07
1e+07
1e+07
1e+07
1e+07
1e+07
1e+07
1e+07
1e+07
1e+07
1e+07
1e+07
1e+07
1e+07
1e+07
1e+07
1e+07
1e+07
1e+07
1e+07
1e+07
1e+07
1e+07
1e+07
1e+07
1e+07
1e+07
1e+07
1e+07
1e+07
1e+07
1e+07
1e+07
1e+07
1e+07
1e+07
1e+07
1e+07
1e+07
1e+07
1e+07
1e+07
1e+07
1e+07
1e+07
1e+07
1e+07
1e+07
1e+07
1e+07
1e+07
1e+07
1e+07
1e+07
1e+07
1e+07
1e+07
1e+07
1e+07
1e+07
1e+07
1e+07
1e+07
1e+07
1e+07
1e+07
1e+07
1e+07
1e+07
1e+07
1e+07
1e+07
1e+07
1e+07
1e+07
1e+07
1e+07
1e+07
1e+07
1e+07
1e+07
1e+07
1e+07
1e+07
1e+07
1e+07
1e+07
1e+07
1e+07
1e+07
1e+07
1e+07
1e+07
1e+07
1e+07
1e+07
1e+07
1e+07
1e+07
1e+07
1e+07
1e+07
1e+07
1e+07
1e+07
1e+07
1e+07
1e+07
1e+07
1e+07
1e+07
1e+07
1e+07
1e+07
1e+07
1e+07
1e+07
1e+07
1e+07
1e+07
1e+07
1e+07
1e+07
1e+07
1e+07
1e+07
1e+07
1e+07
1e+07
1e+07
1e+07
1e+07
1e+07
1e+07
1e+07
1e+07
1e+07
1e+07
1e+07
1e+07
1e+07
1e+07
1e+07
1e+07
1e+07
1e+07
1e+07
1e+07
1e+07
1e+07
1e+07
1e+07
1e+07
1e+07
1e+07
1e+07
1e+07
1e+07
1e+07
1e+07
1e+07
1e+07
1e+07
1e+07
1e+07
1e+07
1e+07
1e+07
1e+07
1e+07
1e+07
1e+07
1e+07
1e+07
1e+07
1e+07
1e+07
1e+07
1e+07
1e+07
1e+07
1e+07
1e+07
1e+07
1e+07
1e+07
1e+07
1e+07
1e+07
1e+07
1e+07
1e+07
1e+07
1e+07
1e+07
1e+07
1e+07
1e+07
1e+07
1e+07
1e+07
1e+07
1e+07
1e+07
1e+07
1e+07
1e+07
1e+07
1e+07
1e+07
1e+07
1e+07
1e+07
1e+07
1e+07
1e+07
1e+07
1e+07
1e+07
1e+07
1e+07
1e+07
1e+07
1e+07
1e+07
1e+07
1e+07
1e+07
1e+07
1e+07
1e+07
1e+07
1e+07
1e+07
1e+07
1e+07
1e+07
1e+07
1e+07
1e+07
1e+07
1e+07
1e+07
1e+07
1e+07
1e+07
1e+07
1e+07
1e+07
1e+07
1e+07
1e+07
1e+07
1e+07
1e+07
1e+07
1e+07
1e+07
1e+07
1e+07
1e+07
1e+07
1e+07
1e+07
1e+07
1e+07
1e+07
1e+07
1e+07
1e+07
1e+07
1e+07
1e+07
1e+07
1e+07
1e+07
1e+07
1e+07
1e+07
1e+07
1e+07
1e+07
1e+07
1e+07
1e+07
1e+07
1e+07
1e+07
1e+07
1e+07
1e+07
1e+07
1e+07
1e+07
1e+07
1e+07
1e+07
1e+07
1e+07
1e+07
1e+07
1e+07
1e+07
1e+07
1e+07
1e+07
1e+07
1e+07
1e+07
1e+07
1e+07
1e+07
1e+07
1e+07
1e+07
1e+07
1e+07
1e+07
1e+07
1e+07
1e+07
1e+07
1e+07
1e+07
1e+07
1e+07
1e+07
1e+07
1e+07
1e+07
1e+07
1e+07
1e+07
1e+07
1e+07
1e+07
1e+07
1e+07
1e+07
1e+07
1e+07
1e+07
1e+07
1e+07
1e+07
1e+07
1e+07
1e+07
1e+07
1e+07
1e+07
1e+07
1e+07
1e+07
1e+07
1e+07
1e+07
1e+07
1e+07
1e+07
1e+07
1e+07
1e+07
1e+07
1e+07
1e+07
1e+07
1e+07
1e+07
1e+07
1e+07
1e+07
1e+07
1e+07
1e+07
1e+07
1e+07
1e+07
1e+07
1e+07
1e+07
1e+07
1e+07
1e+07
1e+07
1e+07
1e+07
1e+07
1e+07
1e+07
1e+07
1e+07
1e+07
1e+07
1e+07
1e+07
1e+07
1e+07
1e+07
1e+07
1e+07
1e+07
1e+07
1e+07
1e+07
1e+07
1e+07
1e+07
1e+07
1e+07
1e+07
1e+07
1e+07
1e+07
1e+07
1e+07
1e+07
1e+07
1e+07
1e+07
1e+07
1e+07
1e+07
1e+07
1e+07
1e+07
1e+07
1e+07
1e+07
1e+07
1e+07
1e+07
1e+07
1e+07
1e+07
1e+07
1e+07
1e+07
1e+07
1e+07
1e+07
1e+07
1e+07
1e+07
1e+07
1e+07
1e+07
1e+07
1e+07
1e+07
1e+07
1e+07
1e+07
1e+07
1e+07
1e+07
1e+07
1e+07
1e+07
1e+07
1e+07
1e+07
1e+07
1e+07
1e+07
1e+07
1e+07
1e+07
1e+07
1e+07
1e+07
1e+07
1e+07
1e+07
1e+07
1e+07
1e+07
1e+07
1e+07
1e+07
1e+07
1e+07
1e+07
1e+07
1e+07
1e+07
1e+07
1e+07
1e+07
1e+07
1e+07
1e+07
1e+07
1e+07
1e+07
1e+07
1e+07
1e+07
1e+07
1e+07
1e+07
1e+07
1e+07
1e+07
1e+07
1e+07
1e+07
1e+07
1e+07
1e+07
1e+07
1e+07
1e+07
1e+07
1e+07
1e+07
1e+07
1e+07
1e+07
1e+07
1e+07
1e+07
1e+07
1e+07
1e+07
1e+07
1e+07
1e+07
1e+07
1e+07
1e+07
1e+07
1e+07
1e+07
1e+07
1e+07
1e+07
1e+07
1e+07
1e+07
1e+07
1e+07
1e+07
1e+07
1e+07
1e+07
1e+07
1e+07
1e+07
1e+07
1e+07
1e+07
1e+07
1e+07
1e+07
1e+07
1e+07
1e+07
1e+07
1e+07
1e+07
1e+07
1e+07
1e+07
1e+07
1e+07
1e+07
1e+07
1e+07
1e+07
1e+07
1e+07
1e+07
1e+07
1e+07
1e+07
1e+07
1e+07
1e+07
1e+07
1e+07
1e+07
1e+07
1e+07
1e+07
1e+07
1e+07
1e+07
1e+07
1e+07
1e+07
1e+07
1e+07
1e+07
1e+07
1e+07
1e+07
1e+07
1e+07
1e+07
1e+07
1e+07
1e+07
1e+07
1e+07
1e+07
1e+07
)
;

boundaryField
{
    outerWall
    {
        type            zeroGradient;
    }
    axis
    {
        type            symmetryPlane;
    }
    nozzle
    {
        type            fixedValue;
        value           uniform 0;
    }
    back
    {
        type            empty;
    }
    front
    {
        type            empty;
    }
}


// ************************************************************************* //
