/*--------------------------------*- C++ -*----------------------------------*\
| =========                 |                                                 |
| \\      /  F ield         | OpenFOAM: The Open Source CFD Toolbox           |
|  \\    /   O peration     | Version:  2412                                  |
|   \\  /    A nd           | Website:  www.openfoam.com                      |
|    \\/     M anipulation  |                                                 |
\*---------------------------------------------------------------------------*/
FoamFile
{
    version     2.0;
    format      ascii;
    arch        "LSB;label=32;scalar=64";
    class       volVectorField;
    location    "8.5e-05";
    object      U;
}
// * * * * * * * * * * * * * * * * * * * * * * * * * * * * * * * * * * * * * //

dimensions      [0 1 -1 0 0 0 0];

internalField   nonuniform List<vector> 
3725
(
(0.00119461 0.000305573 0)
(0.00405665 0.000445347 0)
(0.00844664 0.000767822 0)
(0.0157439 0.00136272 0)
(0.0278454 0.00237157 0)
(0.0472965 0.00398791 0)
(0.0772844 0.00644403 0)
(0.121398 0.00997362 0)
(0.183065 0.0147433 0)
(0.264651 0.0207553 0)
(0.366348 0.0277435 0)
(0.485186 0.035106 0)
(0.614608 0.0419313 0)
(0.745053 0.0471638 0)
(0.865623 0.0498914 0)
(0.966183 0.0495981 0)
(1.03913 0.0463049 0)
(1.08045 0.0405792 0)
(1.08987 0.033397 0)
(1.07013 0.0258809 0)
(1.02561 0.0190122 0)
(0.961031 0.0134549 0)
(0.880617 0.00949485 0)
(0.787609 0.00710364 0)
(0.684328 0.00604922 0)
(0.572455 0.00598971 0)
(0.453355 0.00653948 0)
(0.328345 0.00733179 0)
(0.198877 0.00805364 0)
(0.0666111 0.0084751 0)
(0.00129944 0.000923415 0)
(0.00440334 0.00134386 0)
(0.00913468 0.00231287 0)
(0.0169467 0.00409775 0)
(0.0298143 0.007119 0)
(0.0503509 0.0119495 0)
(0.0817738 0.0192732 0)
(0.127623 0.029772 0)
(0.191152 0.0439221 0)
(0.274401 0.0617076 0)
(0.377112 0.0823191 0)
(0.495828 0.103967 0)
(0.623653 0.123975 0)
(0.751025 0.139292 0)
(0.867452 0.14731 0)
(0.963495 0.146582 0)
(1.03237 0.137212 0)
(1.07077 0.120889 0)
(1.07886 0.100438 0)
(1.05935 0.0790568 0)
(1.01629 0.0595381 0)
(0.953899 0.0437548 0)
(0.875864 0.0325171 0)
(0.785038 0.0257592 0)
(0.6835 0.0228299 0)
(0.572829 0.0227459 0)
(0.454367 0.0244132 0)
(0.329485 0.026772 0)
(0.199737 0.028911 0)
(0.0669281 0.0301596 0)
(0.00150994 0.00156015 0)
(0.00509874 0.00226423 0)
(0.0105121 0.0038836 0)
(0.0193485 0.00685758 0)
(0.0337343 0.0118735 0)
(0.0564122 0.0198609 0)
(0.0906514 0.0319171 0)
(0.139885 0.0491175 0)
(0.207017 0.0721797 0)
(0.293449 0.101005 0)
(0.398043 0.134213 0)
(0.516431 0.168873 0)
(0.641104 0.200722 0)
(0.762558 0.225038 0)
(0.871097 0.237879 0)
(0.958618 0.237145 0)
(1.01987 0.223169 0)
(1.05288 0.198676 0)
(1.05852 0.16804 0)
(1.03947 0.136089 0)
(0.999134 0.106976 0)
(0.940773 0.0834675 0)
(0.867138 0.0667755 0)
(0.780355 0.0568364 0)
(0.682073 0.0526943 0)
(0.573647 0.052893 0)
(0.45638 0.0557746 0)
(0.331723 0.0597005 0)
(0.201422 0.0632331 0)
(0.0675496 0.0652919 0)
(0.00182749 0.0022245 0)
(0.00614593 0.00321576 0)
(0.0125797 0.00548904 0)
(0.0229392 0.00964621 0)
(0.0395668 0.0166216 0)
(0.0653836 0.0276647 0)
(0.103716 0.0442266 0)
(0.15782 0.0676907 0)
(0.230068 0.0989135 0)
(0.320926 0.137619 0)
(0.428013 0.181816 0)
(0.545713 0.227521 0)
(0.66578 0.269177 0)
(0.778897 0.300866 0)
(0.876538 0.317826 0)
(0.952469 0.317713 0)
(1.00352 0.301279 0)
(1.02943 0.272153 0)
(1.03193 0.235799 0)
(1.01357 0.198045 0)
(0.976828 0.163784 0)
(0.923759 0.13623 0)
(0.855905 0.116838 0)
(0.774482 0.105585 0)
(0.680549 0.101394 0)
(0.575146 0.10255 0)
(0.459479 0.107023 0)
(0.335083 0.112732 0)
(0.203934 0.117782 0)
(0.0684747 0.120715 0)
(0.00225339 0.0029198 0)
(0.00754715 0.00420057 0)
(0.0153349 0.00712718 0)
(0.0276979 0.0124507 0)
(0.0472482 0.0213256 0)
(0.077116 0.0352728 0)
(0.120671 0.0560208 0)
(0.1809 0.0851543 0)
(0.259464 0.123544 0)
(0.355626 0.17063 0)
(0.465471 0.223775 0)
(0.581954 0.27808 0)
(0.696116 0.327074 0)
(0.79905 0.364195 0)
(0.883738 0.38443 0)
(0.946216 0.385663 0)
(0.985709 0.369239 0)
(1.00378 0.339501 0)
(1.00295 0.30248 0)
(0.98547 0.264299 0)
(0.952781 0.229935 0)
(0.905581 0.202635 0)
(0.844162 0.183916 0)
(0.768778 0.173837 0)
(0.679804 0.171371 0)
(0.577876 0.174746 0)
(0.464021 0.181726 0)
(0.339796 0.18989 0)
(0.207414 0.196927 0)
(0.0697519 0.200983 0)
(0.00278807 0.00364253 0)
(0.00930146 0.00521169 0)
(0.0187673 0.00878242 0)
(0.033588 0.015238 0)
(0.0566834 0.0259194 0)
(0.091405 0.0425622 0)
(0.141128 0.0670846 0)
(0.208463 0.101156 0)
(0.294175 0.14553 0)
(0.396101 0.199259 0)
(0.508602 0.259053 0)
(0.623189 0.319286 0)
(0.730369 0.373001 0)
(0.821919 0.413525 0)
(0.892645 0.436163 0)
(0.941084 0.439445 0)
(0.96891 0.425431 0)
(0.979374 0.398939 0)
(0.975537 0.366042 0)
(0.959162 0.332541 0)
(0.930594 0.302962 0)
(0.889253 0.280259 0)
(0.83431 0.265878 0)
(0.765079 0.259989 0)
(0.681236 0.261717 0)
(0.582916 0.269347 0)
(0.470841 0.280522 0)
(0.346486 0.292503 0)
(0.212258 0.302516 0)
(0.0715202 0.308236 0)
(0.00343026 0.00438159 0)
(0.0114021 0.00623227 0)
(0.0228546 0.0104246 0)
(0.0405507 0.0179535 0)
(0.0677414 0.0303083 0)
(0.10799 0.0493762 0)
(0.164616 0.0771735 0)
(0.239735 0.115337 0)
(0.333042 0.164385 0)
(0.440769 0.222896 0)
(0.555493 0.286963 0)
(0.667417 0.350479 0)
(0.766799 0.406396 0)
(0.846425 0.448422 0)
(0.903183 0.472651 0)
(0.938173 0.478564 0)
(0.955336 0.468962 0)
(0.959247 0.448873 0)
(0.953155 0.42398 0)
(0.938169 0.399303 0)
(0.913577 0.378621 0)
(0.877768 0.364408 0)
(0.828963 0.357981 0)
(0.765661 0.359622 0)
(0.686825 0.368621 0)
(0.591981 0.383321 0)
(0.48139 0.401217 0)
(0.356293 0.419166 0)
(0.219217 0.43377 0)
(0.0740452 0.442055 0)
(0.00417608 0.00511817 0)
(0.0138338 0.0072357 0)
(0.0275583 0.01201 0)
(0.0485007 0.0205237 0)
(0.0802505 0.0343729 0)
(0.126554 0.0555316 0)
(0.190598 0.0860244 0)
(0.273872 0.12735 0)
(0.374845 0.179693 0)
(0.488035 0.241114 0)
(0.60429 0.307175 0)
(0.712766 0.371547 0)
(0.803829 0.427447 0)
(0.871613 0.469355 0)
(0.915255 0.494486 0)
(0.938321 0.50342 0)
(0.946647 0.49962 0)
(0.945639 0.48807 0)
(0.938364 0.473743 0)
(0.925149 0.460693 0)
(0.904422 0.451851 0)
(0.873774 0.449205 0)
(0.830722 0.453954 0)
(0.773061 0.466464 0)
(0.699011 0.486136 0)
(0.607364 0.511292 0)
(0.497725 0.53915 0)
(0.370901 0.565966 0)
(0.229429 0.587421 0)
(0.0777379 0.599578 0)
(0.00501841 0.00582658 0)
(0.0165709 0.00818687 0)
(0.0328206 0.013483 0)
(0.0573229 0.0228596 0)
(0.0939973 0.0379758 0)
(0.146729 0.0608288 0)
(0.218481 0.0933706 0)
(0.309987 0.136876 0)
(0.418365 0.191128 0)
(0.536381 0.253672 0)
(0.653319 0.319677 0)
(0.757623 0.382838 0)
(0.840157 0.436925 0)
(0.896706 0.477466 0)
(0.928734 0.502953 0)
(0.942027 0.515062 0)
(0.943825 0.517757 0)
(0.939841 0.515748 0)
(0.932626 0.51317 0)
(0.921748 0.513105 0)
(0.904961 0.517746 0)
(0.879346 0.528722 0)
(0.841907 0.547164 0)
(0.789798 0.573513 0)
(0.720446 0.607221 0)
(0.631742 0.646476 0)
(0.522395 0.688039 0)
(0.392497 0.727283 0)
(0.244431 0.758504 0)
(0.0831679 0.776315 0)
(0.0059463 0.00647556 0)
(0.0195761 0.00904407 0)
(0.0385628 0.01478 0)
(0.0668704 0.0248626 0)
(0.108727 0.0409707 0)
(0.1681 0.065066 0)
(0.247634 0.0989598 0)
(0.34719 0.143641 0)
(0.462442 0.198465 0)
(0.584446 0.26051 0)
(0.701165 0.324721 0)
(0.800704 0.385034 0)
(0.874801 0.435988 0)
(0.921135 0.474294 0)
(0.943454 0.499728 0)
(0.949426 0.514925 0)
(0.947164 0.524138 0)
(0.942201 0.53164 0)
(0.93638 0.540747 0)
(0.928581 0.553735 0)
(0.916135 0.572293 0)
(0.895837 0.597874 0)
(0.864316 0.631648 0)
(0.818104 0.674167 0)
(0.753733 0.724924 0)
(0.667978 0.781914 0)
(0.558332 0.841272 0)
(0.42375 0.897153 0)
(0.266209 0.941806 0)
(0.0911022 0.967703 0)
(0.00694479 0.00703022 0)
(0.0227993 0.00976175 0)
(0.0446845 0.0158335 0)
(0.076966 0.0264315 0)
(0.12415 0.0432133 0)
(0.19022 0.0680533 0)
(0.277412 0.102571 0)
(0.384616 0.147436 0)
(0.506017 0.201586 0)
(0.631073 0.261729 0)
(0.746712 0.32276 0)
(0.841074 0.379034 0)
(0.907102 0.425989 0)
(0.944512 0.461535 0)
(0.959208 0.486609 0)
(0.960335 0.504587 0)
(0.95636 0.519775 0)
(0.952296 0.535942 0)
(0.949197 0.55571 0)
(0.945407 0.580808 0)
(0.938065 0.612705 0)
(0.923862 0.65289 0)
(0.899127 0.70272 0)
(0.859757 0.762974 0)
(0.801259 0.83329 0)
(0.719005 0.911523 0)
(0.608827 0.993102 0)
(0.467899 1.07064 0)
(0.297351 1.13343 0)
(0.102597 1.1709 0)
(0.00799494 0.00745448 0)
(0.0261785 0.0102937 0)
(0.0510651 0.0165769 0)
(0.0874053 0.0274701 0)
(0.139944 0.0445718 0)
(0.212619 0.0696274 0)
(0.307171 0.104031 0)
(0.421452 0.148128 0)
(0.548162 0.200484 0)
(0.675327 0.257565 0)
(0.789144 0.314378 0)
(0.878126 0.365835 0)
(0.936678 0.408317 0)
(0.9666 0.440847 0)
(0.975743 0.465316 0)
(0.9743 0.485569 0)
(0.970678 0.505773 0)
(0.969151 0.52921 0)
(0.970029 0.557972 0)
(0.971327 0.593533 0)
(0.970196 0.63741 0)
(0.963348 0.69135 0)
(0.946879 0.757087 0)
(0.916033 0.835848 0)
(0.865148 0.927674 0)
(0.787841 1.03053 0)
(0.677675 1.13924 0)
(0.529003 1.24466 0)
(0.341412 1.33192 0)
(0.119207 1.38628 0)
(0.00907423 0.00771383 0)
(0.0296411 0.0105968 0)
(0.0575668 0.0169502 0)
(0.0979621 0.0278948 0)
(0.155768 0.0449374 0)
(0.234815 0.0696634 0)
(0.336288 0.103226 0)
(0.456956 0.145667 0)
(0.588095 0.195256 0)
(0.716494 0.248358 0)
(0.827916 0.300238 0)
(0.911528 0.346446 0)
(0.963361 0.38428 0)
(0.987261 0.413718 0)
(0.99275 0.437355 0)
(0.990678 0.459223 0)
(0.989092 0.483237 0)
(0.991444 0.512221 0)
(0.997438 0.547945 0)
(1.00498 0.591877 0)
(1.01143 0.645807 0)
(1.01362 0.711939 0)
(1.0075 0.792625 0)
(0.987699 0.889872 0)
(0.947276 1.00457 0)
(0.877684 1.13533 0)
(0.769433 1.27677 0)
(0.612414 1.41813 0)
(0.403579 1.53872 0)
(0.143376 1.61864 0)
(0.0101572 0.00777822 0)
(0.0331058 0.0106344 0)
(0.0640386 0.0169042 0)
(0.108396 0.0276409 0)
(0.17127 0.0442325 0)
(0.256335 0.0680842 0)
(0.364174 0.100111 0)
(0.490474 0.14009 0)
(0.62518 0.186094 0)
(0.754064 0.234528 0)
(0.86271 0.281029 0)
(0.941157 0.321824 0)
(0.987132 0.35504 0)
(1.00641 0.381412 0)
(1.00987 0.403962 0)
(1.00871 0.426691 0)
(1.01043 0.453172 0)
(1.01768 0.485844 0)
(1.02977 0.526332 0)
(1.04472 0.576286 0)
(1.06024 0.637918 0)
(1.07346 0.714063 0)
(1.08033 0.807959 0)
(1.07499 0.922824 0)
(1.04925 1.06106 0)
(0.992 1.22282 0)
(0.889791 1.40349 0)
(0.725478 1.59148 0)
(0.491816 1.75833 0)
(0.179145 1.87847 0)
(0.0112163 0.00762468 0)
(0.0364856 0.0103794 0)
(0.0703217 0.0164053 0)
(0.118458 0.0266682 0)
(0.1861 0.0424171 0)
(0.276724 0.0648665 0)
(0.390292 0.0947082 0)
(0.521443 0.131514 0)
(0.658924 0.173269 0)
(0.787696 0.216545 0)
(0.893387 0.257436 0)
(0.967036 0.292836 0)
(1.00805 0.321584 0)
(1.02395 0.344945 0)
(1.02671 0.366117 0)
(1.02758 0.388891 0)
(1.03346 0.416455 0)
(1.04631 0.450938 0)
(1.06527 0.493952 0)
(1.08867 0.547422 0)
(1.11476 0.614067 0)
(1.14115 0.697474 0)
(1.16407 0.802018 0)
(1.17753 0.932617 0)
(1.17228 1.09405 0)
(1.13452 1.28939 0)
(1.04595 1.5166 0)
(0.87856 1.76541 0)
(0.618881 1.99778 0)
(0.233474 2.18326 0)
(0.0122233 0.00723954 0)
(0.0396912 0.00981727 0)
(0.0762552 0.0154381 0)
(0.127905 0.0249648 0)
(0.199919 0.0394922 0)
(0.295554 0.0600429 0)
(0.41416 0.0871126 0)
(0.549395 0.120136 0)
(0.688953 0.157118 0)
(0.817189 0.194908 0)
(0.919929 0.230112 0)
(0.989268 0.260251 0)
(1.02621 0.284725 0)
(1.03981 0.305119 0)
(1.04283 0.324575 0)
(1.04646 0.346556 0)
(1.05696 0.373838 0)
(1.0758 0.40831 0)
(1.10213 0.451628 0)
(1.13481 0.50601 0)
(1.17278 0.574671 0)
(1.21442 0.661991 0)
(1.25669 0.773666 0)
(1.29402 0.916776 0)
(1.31684 1.09948 0)
(1.30893 1.32965 0)
(1.24685 1.61094 0)
(1.08638 1.93887 0)
(0.805353 2.26658 0)
(0.318193 2.56497 0)
(0.0131496 0.00662007 0)
(0.0426345 0.00894727 0)
(0.0816824 0.0140079 0)
(0.136499 0.0225487 0)
(0.212409 0.035501 0)
(0.312439 0.0537011 0)
(0.435362 0.0774823 0)
(0.573947 0.106213 0)
(0.715003 0.138022 0)
(0.842442 0.170126 0)
(0.942394 0.199668 0)
(1.008 0.224734 0)
(1.0417 0.245133 0)
(1.05384 0.262561 0)
(1.05779 0.279934 0)
(1.06453 0.300286 0)
(1.07977 0.325985 0)
(1.10466 0.358713 0)
(1.13854 0.400165 0)
(1.18095 0.452778 0)
(1.23174 0.520158 0)
(1.29039 0.6074 0)
(1.35516 0.721542 0)
(1.42189 0.872123 0)
(1.48194 1.07162 0)
(1.51813 1.33497 0)
(1.50296 1.6762 0)
(1.37033 2.1042 0)
(1.08887 2.56821 0)
(0.457031 3.02651 0)
(0.0139687 0.00577539 0)
(0.0452321 0.00778374 0)
(0.0864563 0.0121408 0)
(0.144024 0.0194679 0)
(0.223283 0.0305279 0)
(0.32704 0.0459805 0)
(0.453544 0.0660333 0)
(0.5948 0.0900583 0)
(0.736889 0.116401 0)
(0.863423 0.14271 0)
(0.960884 0.166673 0)
(1.02337 0.186865 0)
(1.05458 0.203358 0)
(1.06591 0.217782 0)
(1.07112 0.232684 0)
(1.081 0.250613 0)
(1.10078 0.273524 0)
(1.13144 0.302895 0)
(1.17268 0.340388 0)
(1.2248 0.38851 0)
(1.28874 0.451046 0)
(1.36546 0.533548 0)
(1.45522 0.644144 0)
(1.55658 0.794749 0)
(1.66397 1.00273 0)
(1.76237 1.29244 0)
(1.82392 1.69591 0)
(1.75557 2.25413 0)
(1.49858 2.98264 0)
(0.660437 3.89809 0)
(0.0146559 0.00472655 0)
(0.0474086 0.00635577 0)
(0.0904456 0.00988375 0)
(0.150289 0.0157994 0)
(0.232293 0.0246951 0)
(0.339068 0.0370664 0)
(0.46842 0.0530311 0)
(0.611723 0.0720286 0)
(0.754492 0.0926951 0)
(0.880146 0.113161 0)
(0.975511 0.131651 0)
(1.03551 0.147153 0)
(1.06489 0.15987 0)
(1.07583 0.171218 0)
(1.08241 0.183275 0)
(1.09516 0.198059 0)
(1.11898 0.217111 0)
(1.1548 0.241669 0)
(1.20275 0.273251 0)
(1.26395 0.314217 0)
(1.34052 0.368208 0)
(1.43522 0.440771 0)
(1.55106 0.540492 0)
(1.69082 0.680882 0)
(1.8552 0.88351 0)
(2.03798 1.1819 0)
(2.22418 1.6256 0)
(2.33446 2.27136 0)
(2.32277 3.11964 0)
(1.15395 4.19776 0)
(0.0151906 0.0035054 0)
(0.0491 0.00470569 0)
(0.093539 0.00730125 0)
(0.155133 0.0116439 0)
(0.239234 0.0181558 0)
(0.348292 0.0271803 0)
(0.479766 0.0387768 0)
(0.624548 0.0525053 0)
(0.767738 0.0673514 0)
(0.892641 0.0819598 0)
(0.986378 0.0950782 0)
(1.04453 0.106037 0)
(1.07263 0.115063 0)
(1.08346 0.123244 0)
(1.09125 0.132112 0)
(1.10638 0.143126 0)
(1.13349 0.1574 0)
(1.17354 0.175877 0)
(1.22709 0.199784 0)
(1.29602 0.231066 0)
(1.38366 0.27279 0)
(1.49467 0.329794 0)
(1.6353 0.409978 0)
(1.81384 0.526739 0)
(2.03973 0.704175 0)
(2.319 0.986999 0)
(2.64186 1.47227 0)
(2.88498 2.31747 0)
(2.97057 4.2237 0)
(1.48363 7.33566 0)
(0.0155196 0.0022988 0)
(0.05014 0.00308249 0)
(0.0954382 0.00477561 0)
(0.1581 0.00760435 0)
(0.243475 0.011838 0)
(0.35391 0.0176918 0)
(0.486649 0.0251926 0)
(0.632293 0.0340421 0)
(0.775698 0.0435739 0)
(0.900111 0.0529131 0)
(0.99285 0.0612657 0)
(1.0499 0.0682267 0)
(1.07728 0.0739737 0)
(1.08811 0.0792364 0)
(1.09672 0.0850123 0)
(1.11335 0.092241 0)
(1.14254 0.101639 0)
(1.18529 0.113838 0)
(1.24244 0.129684 0)
(1.31644 0.150541 0)
(1.41148 0.17859 0)
(1.53377 0.217351 0)
(1.69243 0.272786 0)
(1.90173 0.355466 0)
(2.18436 0.48556 0)
(2.58433 0.702884 0)
(3.16082 1.09814 0)
(4.22693 1.82212 0)
(5.57485 3.53847 0)
(10.3613 6.44403 0)
(0.0156973 0.00116293 0)
(0.0507016 0.00155853 0)
(0.0964632 0.00241283 0)
(0.1597 0.00383911 0)
(0.245757 0.00597178 0)
(0.356929 0.00891711 0)
(0.490341 0.0126859 0)
(0.636437 0.0171245 0)
(0.779945 0.0218957 0)
(0.904086 0.02656 0)
(0.996286 0.0307224 0)
(1.05275 0.0341857 0)
(1.07975 0.0370465 0)
(1.0906 0.0396769 0)
(1.09966 0.0425779 0)
(1.11713 0.0462198 0)
(1.14745 0.0509605 0)
(1.19168 0.0571194 0)
(1.25082 0.0651365 0)
(1.32763 0.0757213 0)
(1.42684 0.0900217 0)
(1.55554 0.109908 0)
(1.72454 0.138578 0)
(1.95131 0.181709 0)
(2.26439 0.249861 0)
(2.71662 0.362539 0)
(3.3743 0.55491 0)
(4.48934 0.886788 0)
(5.88846 1.36506 0)
(10.2778 2.31976 0)
(0.0157569 -8.3019e-07 0)
(0.0508899 -1.09661e-06 0)
(0.0968066 -1.67037e-06 0)
(0.160236 -2.63398e-06 0)
(0.246521 -4.09777e-06 0)
(0.357938 -6.19137e-06 0)
(0.491574 -9.05013e-06 0)
(0.637819 -1.2812e-05 0)
(0.781359 -1.76455e-05 0)
(0.905407 -2.38367e-05 0)
(0.997425 -3.19417e-05 0)
(1.0537 -4.29856e-05 0)
(1.08057 -5.86728e-05 0)
(1.09142 -8.15321e-05 0)
(1.10064 -0.000115034 0)
(1.11838 -0.00016347 0)
(1.14908 -0.000231807 0)
(1.19379 -0.000325366 0)
(1.2536 -0.000449283 0)
(1.33137 -0.000607882 0)
(1.43199 -0.000803932 0)
(1.5629 -0.00103815 0)
(1.73552 -0.00130911 0)
(1.96851 -0.0016133 0)
(2.29288 -0.00194407 0)
(2.76743 -0.00228672 0)
(3.47487 -0.00263609 0)
(4.71304 -0.00302627 0)
(6.30052 -0.00294569 0)
(10.2863 -0.00160386 0)
(0.0156972 -0.00116455 0)
(0.0507011 -0.00156068 0)
(0.0964622 -0.00241612 0)
(0.159699 -0.00384432 0)
(0.245755 -0.00597992 0)
(0.356926 -0.00892948 0)
(0.490337 -0.0127041 0)
(0.636432 -0.0171504 0)
(0.779939 -0.0219317 0)
(0.904077 -0.0266092 0)
(0.996274 -0.0307891 0)
(1.05274 -0.0342767 0)
(1.07973 -0.0371723 0)
(1.09057 -0.0398537 0)
(1.09962 -0.0428297 0)
(1.11706 -0.0465799 0)
(1.14735 -0.0514731 0)
(1.19154 -0.0578403 0)
(1.25065 -0.0661325 0)
(1.32742 -0.077068 0)
(1.42658 -0.0918003 0)
(1.55524 -0.1122 0)
(1.72419 -0.14146 0)
(1.95093 -0.185249 0)
(2.26399 -0.254108 0)
(2.71621 -0.3675 0)
(3.37385 -0.560422 0)
(4.48915 -0.892316 0)
(5.88921 -1.36912 0)
(10.2793 -2.31915 0)
(0.0155193 -0.00230031 0)
(0.050139 -0.00308451 0)
(0.0954364 -0.00477875 0)
(0.158098 -0.00760939 0)
(0.24347 -0.011846 0)
(0.353904 -0.0177041 0)
(0.486641 -0.0252112 0)
(0.632283 -0.0340691 0)
(0.775684 -0.0436125 0)
(0.900092 -0.0529674 0)
(0.992825 -0.0613419 0)
(1.04987 -0.0683344 0)
(1.07723 -0.0741275 0)
(1.08803 -0.0794585 0)
(1.09661 -0.085335 0)
(1.1132 -0.0927088 0)
(1.14232 -0.102311 0)
(1.185 -0.114785 0)
(1.24207 -0.130994 0)
(1.31597 -0.152309 0)
(1.41091 -0.180918 0)
(1.53311 -0.22034 0)
(1.69169 -0.276529 0)
(1.90091 -0.360048 0)
(2.18351 -0.491075 0)
(2.58357 -0.709484 0)
(3.16049 -1.10608 0)
(4.22772 -1.83192 0)
(5.5773 -3.54804 0)
(10.3624 -6.45044 0)
(13.5335 0.777746 0)
(12.2843 -0.0998374 0)
(12.4601 -0.102746 0)
(12.5264 -0.0550929 0)
(12.5325 -0.0272473 0)
(12.5387 -0.0127254 0)
(12.5536 -0.0060415 0)
(12.5806 -0.00286025 0)
(12.6243 -0.00134098 0)
(12.689 -0.000623818 0)
(12.778 -0.000288069 0)
(12.894 -0.000131228 0)
(13.0383 -6.00841e-05 0)
(13.2103 -2.82305e-05 0)
(13.4074 -1.40569e-05 0)
(13.6249 -7.57577e-06 0)
(13.8562 -4.6868e-06 0)
(14.0928 -3.55384e-06 0)
(14.3266 -2.89891e-06 0)
(14.544 -2.12143e-06 0)
(14.7543 -1.53335e-06 0)
(14.8852 -7.15191e-07 0)
(15.1466 -2.61979e-07 0)
(15.0386 5.41891e-07 0)
(15.2214 1.4284e-06 0)
(13.3649 -0.00893397 0)
(12.7715 0.0768217 0)
(12.6571 0.0560573 0)
(12.6121 0.028834 0)
(12.5746 0.0147113 0)
(12.5597 0.0074019 0)
(12.5638 0.00362844 0)
(12.5856 0.00175937 0)
(12.6268 0.000834981 0)
(12.6903 0.00038684 0)
(12.7788 0.000176146 0)
(12.8946 7.69174e-05 0)
(13.0387 3.10983e-05 0)
(13.2107 1.01631e-05 0)
(13.4078 6.15614e-07 0)
(13.6252 -3.93301e-06 0)
(13.8565 -6.01446e-06 0)
(14.0931 -6.65999e-06 0)
(14.327 -6.27144e-06 0)
(14.5444 -5.1049e-06 0)
(14.7546 -3.87968e-06 0)
(14.8855 -2.36076e-06 0)
(15.147 -1.23511e-06 0)
(15.0389 -2.5906e-08 0)
(15.2217 1.0059e-06 0)
(12.8309 -0.000681263 0)
(12.3083 -0.000179048 0)
(12.4133 -3.56638e-05 0)
(12.4865 3.78414e-06 0)
(12.5116 1.50055e-05 0)
(12.5282 1.47591e-05 0)
(12.5483 1.12784e-05 0)
(12.5781 7.49014e-06 0)
(12.6232 4.27617e-06 0)
(12.6886 1.96461e-06 0)
(12.778 4.32141e-07 0)
(12.8942 -5.16711e-07 0)
(13.0386 -1.08886e-06 0)
(13.2106 -1.44373e-06 0)
(13.4077 -1.71468e-06 0)
(13.6252 -2.12579e-06 0)
(13.8565 -2.40862e-06 0)
(14.0931 -2.33579e-06 0)
(14.327 -1.92225e-06 0)
(14.5444 -1.27994e-06 0)
(14.7546 -5.04167e-07 0)
(14.8855 2.33392e-07 0)
(15.147 7.65307e-07 0)
(15.0389 8.97282e-07 0)
(15.2217 4.93861e-07 0)
(13.3662 0.00823181 0)
(12.7722 -0.0768867 0)
(12.6573 -0.0559979 0)
(12.6121 -0.028776 0)
(12.5746 -0.0146654 0)
(12.5597 -0.00736857 0)
(12.5638 -0.0036063 0)
(12.5856 -0.0017459 0)
(12.6268 -0.00082785 0)
(12.6903 -0.000383975 0)
(12.7788 -0.000176051 0)
(12.8946 -7.85944e-05 0)
(13.0387 -3.38832e-05 0)
(13.2107 -1.36873e-05 0)
(13.4078 -4.58086e-06 0)
(13.6252 -3.96145e-07 0)
(13.8565 1.4271e-06 0)
(14.0931 2.18567e-06 0)
(14.327 2.37659e-06 0)
(14.5444 2.18517e-06 0)
(14.7546 2.15756e-06 0)
(14.8855 1.85374e-06 0)
(15.147 1.71382e-06 0)
(15.0389 1.04704e-06 0)
(15.2217 -2.42717e-07 0)
(13.5339 -0.778194 0)
(12.2845 0.100136 0)
(12.4602 0.102865 0)
(12.5264 0.0551469 0)
(12.5325 0.0272795 0)
(12.5387 0.0127443 0)
(12.5536 0.00605243 0)
(12.5806 0.00286616 0)
(12.6243 0.00134381 0)
(12.689 0.00062472 0)
(12.778 0.00028773 0)
(12.894 0.000130068 0)
(13.0383 5.83879e-05 0)
(13.2103 2.61501e-05 0)
(13.4074 1.18063e-05 0)
(13.6249 5.3724e-06 0)
(13.8562 2.50806e-06 0)
(14.0928 1.41531e-06 0)
(14.3266 9.26305e-07 0)
(14.544 4.81639e-07 0)
(14.7543 3.15394e-07 0)
(14.8852 -2.52212e-08 0)
(15.1466 -2.46159e-08 0)
(15.0386 -4.18043e-07 0)
(15.2214 -1.15908e-06 0)
(0.0151882 -0.00351333 0)
(0.0490924 -0.00471641 0)
(0.0935251 -0.00731806 0)
(0.155111 -0.0116711 0)
(0.239202 -0.0181988 0)
(0.348249 -0.0272459 0)
(0.479712 -0.0388727 0)
(0.624484 -0.0526396 0)
(0.767667 -0.0675314 0)
(0.892564 -0.0821925 0)
(0.986295 -0.0953714 0)
(1.04443 -0.106402 0)
(1.07251 -0.115519 0)
(1.08329 -0.123825 0)
(1.09101 -0.13287 0)
(1.10604 -0.144133 0)
(1.13303 -0.158752 0)
(1.17293 -0.177692 0)
(1.2263 -0.202199 0)
(1.29503 -0.234235 0)
(1.38245 -0.276874 0)
(1.49322 -0.334952 0)
(1.6336 -0.416355 0)
(1.81179 -0.534458 0)
(2.03717 -0.713316 0)
(2.31543 -0.997577 0)
(2.63621 -1.48413 0)
(2.87545 -2.33003 0)
(2.95582 -4.23383 0)
(1.47499 -7.34107 0)
(0.0146459 -0.00474561 0)
(0.0473771 -0.00638167 0)
(0.0903877 -0.00992463 0)
(0.150198 -0.0158658 0)
(0.232163 -0.0248008 0)
(0.338893 -0.0372284 0)
(0.468201 -0.0532687 0)
(0.611469 -0.0723614 0)
(0.754218 -0.0931405 0)
(0.879868 -0.113733 0)
(0.975235 -0.132361 0)
(1.03523 -0.148016 0)
(1.06457 -0.160915 0)
(1.07543 -0.172499 0)
(1.08186 -0.184876 0)
(1.09441 -0.200105 0)
(1.11797 -0.219764 0)
(1.15347 -0.245127 0)
(1.20104 -0.277742 0)
(1.2618 -0.319989 0)
(1.33789 -0.375513 0)
(1.43202 -0.449849 0)
(1.54722 -0.55154 0)
(1.68618 -0.694009 0)
(1.84949 -0.898655 0)
(2.03081 -1.19866 0)
(2.21518 -1.64278 0)
(2.32349 -2.28649 0)
(2.30981 -3.12816 0)
(1.14687 -4.19476 0)
(0.0139482 -0.00580135 0)
(0.0451672 -0.00781938 0)
(0.0863371 -0.0121978 0)
(0.143836 -0.0195618 0)
(0.223012 -0.0306793 0)
(0.326674 -0.0462158 0)
(0.453085 -0.0663837 0)
(0.594266 -0.0905574 0)
(0.736312 -0.117081 0)
(0.862839 -0.143598 0)
(0.960311 -0.167794 0)
(1.02279 -0.18825 0)
(1.05395 -0.205057 0)
(1.06513 -0.219881 0)
(1.07009 -0.235323 0)
(1.0796 -0.253991 0)
(1.09891 -0.277902 0)
(1.12899 -0.308585 0)
(1.16957 -0.347744 0)
(1.22093 -0.397903 0)
(1.28403 -0.462839 0)
(1.35982 -0.548056 0)
(1.44855 -0.661582 0)
(1.54872 -0.81516 0)
(1.6547 -1.02587 0)
(1.75139 -1.31763 0)
(1.81089 -1.72178 0)
(1.74071 -2.27852 0)
(1.4826 -3.00198 0)
(0.652317 -3.90764 0)
(0.0131165 -0.00664799 0)
(0.0425292 -0.00898625 0)
(0.0814882 -0.0140715 0)
(0.136191 -0.0226557 0)
(0.211962 -0.0356775 0)
(0.311832 -0.0539817 0)
(0.434594 -0.0779105 0)
(0.573046 -0.106839 0)
(0.714019 -0.138899 0)
(0.841433 -0.171306 0)
(0.941394 -0.201205 0)
(1.00699 -0.22669 0)
(1.0406 -0.247601 0)
(1.05249 -0.265687 0)
(1.05601 -0.283939 0)
(1.06214 -0.305486 0)
(1.07659 -0.332784 0)
(1.10054 -0.367594 0)
(1.13335 -0.41166 0)
(1.17457 -0.467431 0)
(1.22409 -0.538482 0)
(1.2814 -0.629808 0)
(1.34478 -0.748274 0)
(1.41009 -0.903152 0)
(1.46868 -1.10653 0)
(1.50342 -1.37279 0)
(1.48696 -1.71525 0)
(1.35417 -2.14194 0)
(1.07416 -2.60165 0)
(0.450215 -3.05249 0)
(0.012176 -0.00726428 0)
(0.0395409 -0.00985287 0)
(0.0759771 -0.0154984 0)
(0.127461 -0.02507 0)
(0.19927 -0.0396716 0)
(0.294665 -0.0603385 0)
(0.413025 -0.0875808 0)
(0.548043 -0.120847 0)
(0.687453 -0.158156 0)
(0.815618 -0.196364 0)
(0.918337 -0.232089 0)
(0.987628 -0.262873 0)
(1.0244 -0.288161 0)
(1.03759 -0.309612 0)
(1.03993 -0.33048 0)
(1.04258 -0.35436 0)
(1.05183 -0.384159 0)
(1.06921 -0.421876 0)
(1.0939 -0.469227 0)
(1.12481 -0.52843 0)
(1.16097 -0.602626 0)
(1.20082 -0.696033 0)
(1.24139 -0.814084 0)
(1.27721 -0.963483 0)
(1.29877 -1.15189 0)
(1.29003 -1.38658 0)
(1.22781 -1.67053 0)
(1.06874 -1.9986 0)
(0.791052 -2.32416 0)
(0.312095 -2.61799 0)
(0.0111546 -0.00764151 0)
(0.0362886 -0.0104054 0)
(0.0699552 -0.0164529 0)
(0.117871 -0.0267571 0)
(0.185232 -0.0425785 0)
(0.275522 -0.0651484 0)
(0.388735 -0.0951809 0)
(0.519558 -0.132274 0)
(0.656785 -0.174442 0)
(0.785399 -0.218282 0)
(0.890988 -0.25992 0)
(0.96449 -0.296293 0)
(1.00517 -0.32631 0)
(1.02042 -0.351348 0)
(1.0221 -0.374754 0)
(1.02146 -0.400505 0)
(1.02542 -0.43197 0)
(1.03607 -0.471426 0)
(1.0526 -0.520555 0)
(1.07347 -0.581258 0)
(1.09706 -0.656121 0)
(1.12114 -0.748477 0)
(1.14209 -0.862325 0)
(1.15407 -1.00209 0)
(1.14801 -1.17193 0)
(1.11033 -1.37427 0)
(1.02303 -1.6064 0)
(0.85876 -1.85754 0)
(0.604324 -2.08992 0)
(0.227747 -2.27319 0)
(0.0100813 -0.00778339 0)
(0.0328628 -0.0106457 0)
(0.0635842 -0.0169315 0)
(0.107661 -0.0277018 0)
(0.170173 -0.0443587 0)
(0.254798 -0.0683296 0)
(0.36215 -0.100561 0)
(0.487971 -0.140875 0)
(0.622268 -0.187396 0)
(0.750834 -0.236588 0)
(0.859212 -0.284154 0)
(0.937311 -0.3264 0)
(0.982672 -0.361568 0)
(1.00087 -0.390551 0)
(1.00267 -0.416578 0)
(0.999219 -0.443892 0)
(0.998084 -0.476312 0)
(1.00207 -0.516455 0)
(1.01066 -0.566023 0)
(1.02207 -0.626596 0)
(1.03423 -0.700163 0)
(1.04454 -0.789183 0)
(1.04918 -0.89637 0)
(1.04256 -1.02429 0)
(1.01669 -1.17463 0)
(0.960733 -1.34676 0)
(0.861491 -1.53542 0)
(0.702258 -1.72852 0)
(0.47589 -1.8978 0)
(0.17326 -2.01784 0)
(0.00898524 -0.0077051 0)
(0.0293553 -0.0105906 0)
(0.0570286 -0.0169525 0)
(0.0970837 -0.0279207 0)
(0.15444 -0.0450187 0)
(0.232926 -0.0698608 0)
(0.333753 -0.103646 0)
(0.453746 -0.146482 0)
(0.584245 -0.196726 0)
(0.712067 -0.25085 0)
(0.82292 -0.304241 0)
(0.905818 -0.352591 0)
(0.956555 -0.393376 0)
(0.978728 -0.426801 0)
(0.981671 -0.455737 0)
(0.976187 -0.484524 0)
(0.970428 -0.517377 0)
(0.968074 -0.557328 0)
(0.969121 -0.6062 0)
(0.971809 -0.665317 0)
(0.97384 -0.736113 0)
(0.972435 -0.820247 0)
(0.963898 -0.91936 0)
(0.943178 -1.03464 0)
(0.90361 -1.16608 0)
(0.836878 -1.31143 0)
(0.733675 -1.46458 0)
(0.584093 -1.61428 0)
(0.384998 -1.73986 0)
(0.136782 -1.82152 0)
(0.00789442 -0.00743165 0)
(0.0258543 -0.0102696 0)
(0.0504497 -0.016554 0)
(0.0863897 -0.0274612 0)
(0.138387 -0.0446099 0)
(0.210365 -0.0697837 0)
(0.30408 -0.104439 0)
(0.417427 -0.149019 0)
(0.543167 -0.202226 0)
(0.669349 -0.260699 0)
(0.782103 -0.319652 0)
(0.869756 -0.374232 0)
(0.926429 -0.421092 0)
(0.953612 -0.459573 0)
(0.958927 -0.491929 0)
(0.952503 -0.522369 0)
(0.942906 -0.555398 0)
(0.934755 -0.594505 0)
(0.928815 -0.641773 0)
(0.92361 -0.698403 0)
(0.916814 -0.765371 0)
(0.905656 -0.843658 0)
(0.886698 -0.934061 0)
(0.855572 -1.03677 0)
(0.806905 -1.15078 0)
(0.734488 -1.27308 0)
(0.631949 -1.39768 0)
(0.49362 -1.51489 0)
(0.318798 -1.60972 0)
(0.111363 -1.66748 0)
(0.00683441 -0.0069955 0)
(0.0224415 -0.00972277 0)
(0.0439991 -0.0157906 0)
(0.0758202 -0.0263971 0)
(0.122364 -0.0432258 0)
(0.187582 -0.0682009 0)
(0.273701 -0.103028 0)
(0.379634 -0.148516 0)
(0.499603 -0.203801 0)
(0.62307 -0.26586 0)
(0.736874 -0.32991 0)
(0.828937 -0.390672 0)
(0.891875 -0.443989 0)
(0.925041 -0.488205 0)
(0.934079 -0.524704 0)
(0.928084 -0.557283 0)
(0.915757 -0.590564 0)
(0.902611 -0.628473 0)
(0.890378 -0.673487 0)
(0.878136 -0.72687 0)
(0.863752 -0.789298 0)
(0.844586 -0.861227 0)
(0.817536 -0.942814 0)
(0.778922 -1.03359 0)
(0.724509 -1.13199 0)
(0.649753 -1.23478 0)
(0.5504 -1.33655 0)
(0.423381 -1.42931 0)
(0.269339 -1.50214 0)
(0.0929994 -1.54442 0)
(0.00582743 -0.00643395 0)
(0.0191885 -0.00899742 0)
(0.0378124 -0.0147292 0)
(0.0655967 -0.0248241 0)
(0.106704 -0.0409956 0)
(0.165041 -0.0652718 0)
(0.243209 -0.0995824 0)
(0.341052 -0.145108 0)
(0.454233 -0.201487 0)
(0.573772 -0.266188 0)
(0.687508 -0.334632 0)
(0.783295 -0.401294 0)
(0.852509 -0.461288 0)
(0.892439 -0.511897 0)
(0.906573 -0.553423 0)
(0.902589 -0.588935 0)
(0.888953 -0.622926 0)
(0.871908 -0.659652 0)
(0.854241 -0.702076 0)
(0.835838 -0.751722 0)
(0.814986 -0.809177 0)
(0.789307 -0.874551 0)
(0.756063 -0.947555 0)
(0.712197 -1.0273 0)
(0.654419 -1.11196 0)
(0.57945 -1.19841 0)
(0.484515 -1.28193 0)
(0.368117 -1.35611 0)
(0.231542 -1.41294 0)
(0.0793066 -1.44483 0)
(0.00489157 -0.00578629 0)
(0.0161546 -0.00814435 0)
(0.0320042 -0.0134444 0)
(0.055913 -0.0228531 0)
(0.0917088 -0.0380769 0)
(0.143179 -0.0612039 0)
(0.213194 -0.0943471 0)
(0.302401 -0.139043 0)
(0.407837 -0.195466 0)
(0.52216 -0.261698 0)
(0.634477 -0.333582 0)
(0.732945 -0.405568 0)
(0.808051 -0.4722 0)
(0.855213 -0.529727 0)
(0.875692 -0.577223 0)
(0.875409 -0.616732 0)
(0.862161 -0.65229 0)
(0.842624 -0.688291 0)
(0.8206 -0.728171 0)
(0.796965 -0.77389 0)
(0.77066 -0.826182 0)
(0.73971 -0.885023 0)
(0.701768 -0.949863 0)
(0.654319 -1.01958 0)
(0.594823 -1.09228 0)
(0.520929 -1.16508 0)
(0.430876 -1.23399 0)
(0.324089 -1.29389 0)
(0.202092 -1.33888 0)
(0.0688244 -1.36352 0)
(0.00404027 -0.00509099 0)
(0.0133845 -0.00721453 0)
(0.0266647 -0.0120135 0)
(0.0469279 -0.0206027 0)
(0.077638 -0.0346451 0)
(0.122394 -0.0562403 0)
(0.184215 -0.0876315 0)
(0.264414 -0.13067 0)
(0.361273 -0.186064 0)
(0.469094 -0.252594 0)
(0.57847 -0.32672 0)
(0.678237 -0.403121 0)
(0.75841 -0.476006 0)
(0.812843 -0.540713 0)
(0.840633 -0.595041 0)
(0.845696 -0.63977 0)
(0.834719 -0.678119 0)
(0.814399 -0.714326 0)
(0.789366 -0.752175 0)
(0.761556 -0.794149 0)
(0.730759 -0.841346 0)
(0.69557 -0.893846 0)
(0.654082 -0.951036 0)
(0.60426 -1.01172 0)
(0.544142 -1.07404 0)
(0.472048 -1.13545 0)
(0.386892 -1.19257 0)
(0.288621 -1.24137 0)
(0.178766 -1.27743 0)
(0.060626 -1.29685 0)
(0.00328215 -0.00438345 0)
(0.0109081 -0.00625584 0)
(0.0218573 -0.0105111 0)
(0.0387606 -0.0181919 0)
(0.0646992 -0.0308831 0)
(0.103021 -0.0506459 0)
(0.156784 -0.0797917 0)
(0.227799 -0.120425 0)
(0.315432 -0.173751 0)
(0.415558 -0.239277 0)
(0.520394 -0.314243 0)
(0.619801 -0.393815 0)
(0.70377 -0.472155 0)
(0.764997 -0.543912 0)
(0.800618 -0.605677 0)
(0.812445 -0.656835 0)
(0.805655 -0.699454 0)
(0.786497 -0.73725 0)
(0.760102 -0.774105 0)
(0.729383 -0.812978 0)
(0.6951 -0.855481 0)
(0.656576 -0.902025 0)
(0.612434 -0.952144 0)
(0.561091 -1.00472 0)
(0.501046 -1.05805 0)
(0.431098 -1.10988 0)
(0.350599 -1.15743 0)
(0.259773 -1.19747 0)
(0.160038 -1.22668 0)
(0.0541035 -1.24222 0)
(0.00262118 -0.00369417 0)
(0.00874037 -0.00531064 0)
(0.0176184 -0.00900558 0)
(0.0314881 -0.0157329 0)
(0.0530413 -0.0269695 0)
(0.0853259 -0.0446906 0)
(0.13133 -0.0712095 0)
(0.193203 -0.108806 0)
(0.271196 -0.159112 0)
(0.362616 -0.222342 0)
(0.461346 -0.296613 0)
(0.558557 -0.377815 0)
(0.644653 -0.460368 0)
(0.711647 -0.538545 0)
(0.755049 -0.607923 0)
(0.774623 -0.666482 0)
(0.773773 -0.714913 0)
(0.757822 -0.756012 0)
(0.731972 -0.79342 0)
(0.699881 -0.830378 0)
(0.663271 -0.869032 0)
(0.622309 -0.910288 0)
(0.576252 -0.954032 0)
(0.523994 -0.999388 0)
(0.464437 -1.0449 0)
(0.396731 -1.08865 0)
(0.320512 -1.12831 0)
(0.23613 -1.16135 0)
(0.144842 -1.18521 0)
(0.048846 -1.19778 0)
(0.00205703 -0.00304755 0)
(0.00688259 -0.00441383 0)
(0.0139584 -0.00755535 0)
(0.0251458 -0.0133255 0)
(0.0427522 -0.0230695 0)
(0.0694916 -0.0386341 0)
(0.108191 -0.0622694 0)
(0.161179 -0.0963427 0)
(0.229383 -0.14282 0)
(0.311346 -0.202554 0)
(0.402562 -0.274557 0)
(0.495692 -0.355627 0)
(0.581953 -0.440745 0)
(0.653166 -0.524158 0)
(0.703656 -0.600737 0)
(0.731358 -0.667199 0)
(0.737801 -0.72277 0)
(0.726997 -0.769005 0)
(0.703741 -0.808898 0)
(0.672077 -0.845668 0)
(0.634537 -0.881851 0)
(0.592155 -0.918902 0)
(0.544905 -0.957206 0)
(0.492221 -0.996293 0)
(0.433397 -1.03506 0)
(0.367881 -1.07194 0)
(0.295501 -1.10506 0)
(0.216653 -1.1324 0)
(0.132419 -1.15199 0)
(0.0445679 -1.16224 0)
(0.00158568 -0.00246116 0)
(0.00532392 -0.00359166 0)
(0.0108643 -0.00620661 0)
(0.01973 -0.0110523 0)
(0.03386 -0.0193256 0)
(0.0556165 -0.0327111 0)
(0.0875931 -0.0533357 0)
(0.132154 -0.0835664 0)
(0.190699 -0.125592 0)
(0.262773 -0.180794 0)
(0.345333 -0.249033 0)
(0.432604 -0.328109 0)
(0.516924 -0.413823 0)
(0.59039 -0.500755 0)
(0.646639 -0.583447 0)
(0.682135 -0.657642 0)
(0.696615 -0.721167 0)
(0.692545 -0.774173 0)
(0.673869 -0.818625 0)
(0.64459 -0.857336 0)
(0.607767 -0.892965 0)
(0.565198 -0.927407 0)
(0.517597 -0.961596 0)
(0.464991 -0.995578 0)
(0.407104 -1.0287 0)
(0.343674 -1.05984 0)
(0.274691 -1.08752 0)
(0.200565 -1.11019 0)
(0.122216 -1.12633 0)
(0.0410676 -1.13473 0)
(0.00120023 -0.00194577 0)
(0.00404393 -0.00286137 0)
(0.00830398 -0.00499199 0)
(0.015203 -0.00897542 0)
(0.0263372 -0.0158515 0)
(0.0437155 -0.0271186 0)
(0.0696481 -0.0447317 0)
(0.106416 -0.0709736 0)
(0.155694 -0.108139 0)
(0.217791 -0.158006 0)
(0.290912 -0.22117 0)
(0.370799 -0.296439 0)
(0.451106 -0.380605 0)
(0.524609 -0.468903 0)
(0.584752 -0.555956 0)
(0.626981 -0.636909 0)
(0.649483 -0.708438 0)
(0.653135 -0.769285 0)
(0.640712 -0.820153 0)
(0.615736 -0.863053 0)
(0.58143 -0.900415 0)
(0.540139 -0.934343 0)
(0.493239 -0.966222 0)
(0.44136 -0.996632 0)
(0.384696 -1.02545 0)
(0.323301 -1.05201 0)
(0.257339 -1.07532 0)
(0.187245 -1.09422 0)
(0.113813 -1.10758 0)
(0.0381925 -1.11451 0)
(0.000891753 -0.00150593 0)
(0.00301521 -0.00223169 0)
(0.00623051 -0.00393071 0)
(0.0114997 -0.00713546 0)
(0.0201093 -0.0127279 0)
(0.0337283 -0.0220076 0)
(0.0543556 -0.0367211 0)
(0.0840982 -0.058997 0)
(0.124737 -0.0911223 0)
(0.177107 -0.135124 0)
(0.240415 -0.192184 0)
(0.311769 -0.262025 0)
(0.386213 -0.342509 0)
(0.457493 -0.429765 0)
(0.519308 -0.518869 0)
(0.56657 -0.604806 0)
(0.596288 -0.683461 0)
(0.607877 -0.75235 0)
(0.602803 -0.810857 0)
(0.58376 -0.859916 0)
(0.553737 -0.901348 0)
(0.515323 -0.937143 0)
(0.470389 -0.968928 0)
(0.420103 -0.99772 0)
(0.36513 -1.0239 0)
(0.305874 -1.04731 0)
(0.242703 -1.06742 0)
(0.176118 -1.08347 0)
(0.106836 -1.09471 0)
(0.0358135 -1.10051 0)
(0.000650184 -0.001141 0)
(0.0022062 -0.00170395 0)
(0.00458744 -0.00302976 0)
(0.0085356 -0.00555258 0)
(0.0150657 -0.0100026 0)
(0.0255312 -0.0174782 0)
(0.041614 -0.0294972 0)
(0.0651857 -0.04798 0)
(0.0979981 -0.0751074 0)
(0.141197 -0.113009 0)
(0.194735 -0.163278 0)
(0.256868 -0.226399 0)
(0.323976 -0.301265 0)
(0.390946 -0.385038 0)
(0.452089 -0.473545 0)
(0.502238 -0.562019 0)
(0.53766 -0.64599 0)
(0.556582 -0.722078 0)
(0.559189 -0.78847 0)
(0.547153 -0.844921 0)
(0.5229 -0.892366 0)
(0.48892 -0.932332 0)
(0.447328 -0.966391 0)
(0.399698 -0.995797 0)
(0.347111 -1.02133 0)
(0.290321 -1.04328 0)
(0.229933 -1.06156 0)
(0.166557 -1.07584 0)
(0.100899 -1.08568 0)
(0.033798 -1.09071 0)
(0.000465094 -0.000846315 0)
(0.00158373 -0.0012736 0)
(0.00331365 -0.00228588 0)
(0.00621497 -0.00422885 0)
(0.011071 -0.00769241 0)
(0.0189534 -0.0135815 0)
(0.0312385 -0.0231789 0)
(0.0495305 -0.0381627 0)
(0.0754525 -0.0605307 0)
(0.110283 -0.0923838 0)
(0.154477 -0.135548 0)
(0.20719 -0.191079 0)
(0.265981 -0.258763 0)
(0.326922 -0.336819 0)
(0.385175 -0.422012 0)
(0.435874 -0.510162 0)
(0.47498 -0.596871 0)
(0.499893 -0.678277 0)
(0.509701 -0.751648 0)
(0.505017 -0.815641 0)
(0.487489 -0.870179 0)
(0.45922 -0.916064 0)
(0.422289 -0.954506 0)
(0.378467 -0.986724 0)
(0.329145 -1.01369 0)
(0.275383 -1.03604 0)
(0.218027 -1.05404 0)
(0.157834 -1.06774 0)
(0.0955573 -1.07701 0)
(0.0319973 -1.08169 0)
(0.000326347 -0.000614558 0)
(0.00111516 -0.000931883 0)
(0.00234767 -0.00168807 0)
(0.00443802 -0.00315187 0)
(0.00797734 -0.00578832 0)
(0.0137941 -0.0103241 0)
(0.022984 -0.0178136 0)
(0.0368769 -0.0296787 0)
(0.0569042 -0.047682 0)
(0.0843411 -0.073791 0)
(0.119934 -0.109901 0)
(0.163484 -0.157433 0)
(0.213521 -0.216872 0)
(0.267221 -0.287398 0)
(0.320714 -0.366783 0)
(0.369713 -0.451661 0)
(0.410246 -0.538069 0)
(0.439277 -0.622079 0)
(0.455082 -0.700418 0)
(0.457319 -0.770874 0)
(0.44679 -0.832404 0)
(0.425009 -0.884962 0)
(0.393775 -0.929162 0)
(0.354841 -0.965919 0)
(0.309738 -0.996161 0)
(0.259741 -1.02065 0)
(0.205906 -1.03991 0)
(0.149152 -1.05424 0)
(0.0903227 -1.06377 0)
(0.0302465 -1.06853 0)
(0.000224595 -0.00043692 0)
(0.000770122 -0.000667504 0)
(0.00163114 -0.00122015 0)
(0.00310741 -0.00229887 0)
(0.00563519 -0.00426136 0)
(0.00983955 -0.00767632 0)
(0.0165697 -0.0133871 0)
(0.0268933 -0.0225624 0)
(0.0420199 -0.0367034 0)
(0.0631272 -0.0575699 0)
(0.0910854 -0.0869932 0)
(0.126117 -0.126567 0)
(0.167482 -0.177256 0)
(0.213306 -0.239019 0)
(0.260681 -0.310584 0)
(0.306058 -0.389502 0)
(0.345822 -0.47249 0)
(0.376849 -0.555922 0)
(0.39693 -0.636376 0)
(0.404985 -0.711099 0)
(0.401022 -0.77827 0)
(0.385888 -0.837021 0)
(0.360931 -0.887256 0)
(0.327689 -0.929391 0)
(0.287667 -0.964078 0)
(0.242228 -0.992001 0)
(0.192571 -1.01374 0)
(0.139749 -1.02974 0)
(0.0847208 -1.04027 0)
(0.0283847 -1.0455 0)
(0.000151589 -0.000304149 0)
(0.000521561 -0.000468097 0)
(0.00111127 -0.000863246 0)
(0.0021331 -0.00164082 0)
(0.0039018 -0.00306929 0)
(0.00687776 -0.0055825 0)
(0.0117019 -0.00983692 0)
(0.0192056 -0.016765 0)
(0.0303722 -0.0276028 0)
(0.0462266 -0.0438607 0)
(0.0676416 -0.0672082 0)
(0.0950748 -0.0992521 0)
(0.128293 -0.141226 0)
(0.166172 -0.193648 0)
(0.206664 -0.256047 0)
(0.247005 -0.32687 0)
(0.284118 -0.403638 0)
(0.315069 -0.483286 0)
(0.337474 -0.562586 0)
(0.349778 -0.638598 0)
(0.351354 -0.709004 0)
(0.342409 -0.772265 0)
(0.323768 -0.827599 0)
(0.296617 -0.874829 0)
(0.262286 -0.914171 0)
(0.222101 -0.946046 0)
(0.177306 -0.970917 0)
(0.129047 -0.989201 0)
(0.0783753 -1.00122 0)
(0.0262818 -1.00717 0)
(0.00010034 -0.000207332 0)
(0.000346386 -0.000321401 0)
(0.000742336 -0.000597842 0)
(0.00143547 -0.00114611 0)
(0.00264781 -0.00216287 0)
(0.0047104 -0.00397079 0)
(0.00809451 -0.00706733 0)
(0.0134287 -0.0121752 0)
(0.0214842 -0.0202795 0)
(0.0331105 -0.0326282 0)
(0.0491046 -0.0506693 0)
(0.0700194 -0.0759045 0)
(0.0959392 -0.109657 0)
(0.126284 -0.152786 0)
(0.159713 -0.205415 0)
(0.194199 -0.266764 0)
(0.227275 -0.335157 0)
(0.256384 -0.408219 0)
(0.27922 -0.483171 0)
(0.294015 -0.557199 0)
(0.299716 -0.627791 0)
(0.296005 -0.692979 0)
(0.283199 -0.75142 0)
(0.262077 -0.802368 0)
(0.233691 -0.845543 0)
(0.199221 -0.88098 0)
(0.159864 -0.908885 0)
(0.116787 -0.929519 0)
(0.0711005 -0.943126 0)
(0.0238704 -0.94988 0)
(6.51369e-05 -0.000138423 0)
(0.000225596 -0.000216095 0)
(0.000486223 -0.000405336 0)
(0.000946975 -0.000783531 0)
(0.00176099 -0.00149128 0)
(0.0031607 -0.00276263 0)
(0.00548383 -0.00496468 0)
(0.00919217 -0.00864192 0)
(0.014871 -0.0145553 0)
(0.0231944 -0.0236993 0)
(0.0348427 -0.0372764 0)
(0.0503685 -0.0566073 0)
(0.0700255 -0.0829692 0)
(0.0935974 -0.117375 0)
(0.120281 -0.160331 0)
(0.148675 -0.211648 0)
(0.17691 -0.270354 0)
(0.202889 -0.334773 0)
(0.224563 -0.402708 0)
(0.240171 -0.471697 0)
(0.248447 -0.539315 0)
(0.248712 -0.603417 0)
(0.240863 -0.662308 0)
(0.225282 -0.714786 0)
(0.202707 -0.760107 0)
(0.174094 -0.797892 0)
(0.140518 -0.828014 0)
(0.103096 -0.85049 0)
(0.0629425 -0.865403 0)
(0.0211611 -0.872832 0)
(4.14722e-05 -9.05281e-05 0)
(0.000144093 -0.000142298 0)
(0.00031228 -0.000269083 0)
(0.000612437 -0.00052433 0)
(0.00114786 -0.00100619 0)
(0.00207792 -0.00188024 0)
(0.00363863 -0.00341044 0)
(0.00615999 -0.00599574 0)
(0.0100723 -0.0102064 0)
(0.0158903 -0.0168087 0)
(0.0241639 -0.0267617 0)
(0.035389 -0.0411693 0)
(0.0498839 -0.0611748 0)
(0.0676513 -0.0877997 0)
(0.0882637 -0.121749 0)
(0.110814 -0.163228 0)
(0.133959 -0.211817 0)
(0.156074 -0.266456 0)
(0.175446 -0.325544 0)
(0.190482 -0.387098 0)
(0.199886 -0.448974 0)
(0.202789 -0.509093 0)
(0.198793 -0.565619 0)
(0.187955 -0.617072 0)
(0.170705 -0.662354 0)
(0.147755 -0.70072 0)
(0.12 -0.731709 0)
(0.08845 -0.75507 0)
(0.0541667 -0.77068 0)
(0.0182385 -0.77849 0)
(2.59006e-05 -5.80076e-05 0)
(9.02695e-05 -9.17898e-05 0)
(0.000196683 -0.000174936 0)
(0.000388329 -0.000343518 0)
(0.000733352 -0.000664447 0)
(0.00133853 -0.00125205 0)
(0.00236472 -0.0022913 0)
(0.00404152 -0.00406668 0)
(0.0066759 -0.0069933 0)
(0.0106472 -0.0116426 0)
(0.0163799 -0.018752 0)
(0.024287 -0.0292036 0)
(0.0346846 -0.0439609 0)
(0.0476882 -0.0639591 0)
(0.0631136 -0.0899576 0)
(0.0804131 -0.122383 0)
(0.0986741 -0.161196 0)
(0.116696 -0.205829 0)
(0.133128 -0.255211 0)
(0.146624 -0.307855 0)
(0.155989 -0.362004 0)
(0.160308 -0.415811 0)
(0.159026 -0.467499 0)
(0.151968 -0.515494 0)
(0.13931 -0.558496 0)
(0.12153 -0.5955 0)
(0.0993268 -0.62578 0)
(0.0735604 -0.648839 0)
(0.0451913 -0.66436 0)
(0.0152405 -0.67216 0)
(1.58689e-05 -3.64261e-05 0)
(5.54734e-05 -5.80131e-05 0)
(0.000121496 -0.000111401 0)
(0.00024144 -0.000220386 0)
(0.000459286 -0.000429534 0)
(0.000844944 -0.0008159 0)
(0.00150544 -0.00150589 0)
(0.00259637 -0.00269708 0)
(0.00433051 -0.00468314 0)
(0.0069784 -0.00787738 0)
(0.0108545 -0.0128273 0)
(0.0162833 -0.0202098 0)
(0.0235429 -0.030797 0)
(0.0327906 -0.0453855 0)
(0.0439848 -0.0646919 0)
(0.0568227 -0.0892287 0)
(0.0707159 -0.119185 0)
(0.0848202 -0.154344 0)
(0.0981209 -0.194057 0)
(0.109543 -0.237286 0)
(0.118066 -0.282684 0)
(0.122835 -0.328718 0)
(0.123245 -0.373807 0)
(0.11899 -0.416441 0)
(0.110069 -0.455276 0)
(0.0967598 -0.489183 0)
(0.0795757 -0.517267 0)
(0.059211 -0.538861 0)
(0.0364909 -0.553498 0)
(0.0123259 -0.560886 0)
(9.53996e-06 -2.2422e-05 0)
(3.34464e-05 -3.59337e-05 0)
(7.36208e-05 -6.95058e-05 0)
(0.000147218 -0.000138489 0)
(0.000282015 -0.000271892 0)
(0.000522763 -0.000520434 0)
(0.000938986 -0.000968401 0)
(0.0016335 -0.0017495 0)
(0.00274978 -0.00306587 0)
(0.00447482 -0.00520769 0)
(0.00703324 -0.00856842 0)
(0.0106679 -0.0136486 0)
(0.0156041 -0.0210398 0)
(0.0219995 -0.0313827 0)
(0.029885 -0.0452967 0)
(0.0391128 -0.0632885 0)
(0.0493239 -0.085654 0)
(0.0599515 -0.112396 0)
(0.0702669 -0.143176 0)
(0.079454 -0.17732 0)
(0.0866927 -0.213854 0)
(0.0912464 -0.251582 0)
(0.0925414 -0.289187 0)
(0.0902226 -0.32533 0)
(0.0841801 -0.358746 0)
(0.074547 -0.388308 0)
(0.0616756 -0.413068 0)
(0.0461009 -0.432275 0)
(0.0284983 -0.445379 0)
(0.00964094 -0.452018 0)
(5.62851e-06 -1.35329e-05 0)
(1.97889e-05 -2.18193e-05 0)
(4.37695e-05 -4.25004e-05 0)
(8.8052e-05 -8.5263e-05 0)
(0.000169812 -0.000168569 0)
(0.000317064 -0.000325036 0)
(0.000573935 -0.000609527 0)
(0.00100671 -0.00111027 0)
(0.00170957 -0.00196276 0)
(0.00280805 -0.00336499 0)
(0.00445723 -0.00559109 0)
(0.00683135 -0.00899854 0)
(0.0101023 -0.014023 0)
(0.0144064 -0.0211549 0)
(0.0198036 -0.0308952 0)
(0.0262362 -0.0436913 0)
(0.0334979 -0.0598625 0)
(0.0412248 -0.0795285 0)
(0.0489151 -0.102556 0)
(0.0559763 -0.128541 0)
(0.061783 -0.15682 0)
(0.0657406 -0.186506 0)
(0.067352 -0.216563 0)
(0.0662711 -0.24588 0)
(0.0623379 -0.273349 0)
(0.0555897 -0.297938 0)
(0.0462533 -0.31874 0)
(0.034723 -0.335006 0)
(0.0215274 -0.346168 0)
(0.00729335 -0.351844 0)
(3.25976e-06 -8.01099e-06 0)
(1.14921e-05 -1.29917e-05 0)
(2.55371e-05 -2.54761e-05 0)
(5.1671e-05 -5.14457e-05 0)
(0.000100293 -0.000102393 0)
(0.000188564 -0.000198823 0)
(0.000343859 -0.000375616 0)
(0.000607894 -0.000689583 0)
(0.00104094 -0.00122922 0)
(0.00172493 -0.00212597 0)
(0.00276361 -0.00356527 0)
(0.00427739 -0.00579427 0)
(0.00639088 -0.0091222 0)
(0.00921207 -0.0139088 0)
(0.0128048 -0.0205376 0)
(0.0171586 -0.0293739 0)
(0.022163 -0.0407107 0)
(0.0275942 -0.0547126 0)
(0.0331202 -0.0713666 0)
(0.038328 -0.0904541 0)
(0.0427617 -0.111546 0)
(0.0459672 -0.13402 0)
(0.0475426 -0.157099 0)
(0.047185 -0.179908 0)
(0.0447251 -0.201539 0)
(0.0401454 -0.221107 0)
(0.0335821 -0.237811 0)
(0.0253135 -0.250966 0)
(0.015737 -0.260041 0)
(0.00533897 -0.26467 0)
(1.85367e-06 -4.65256e-06 0)
(6.55218e-06 -7.58769e-06 0)
(1.46254e-05 -1.49752e-05 0)
(2.97571e-05 -3.04311e-05 0)
(5.8115e-05 -6.0956e-05 0)
(0.00010999 -0.000119157 0)
(0.000201991 -0.000226704 0)
(0.000359766 -0.000419314 0)
(0.000620938 -0.000753358 0)
(0.00103757 -0.00131382 0)
(0.00167705 -0.00222265 0)
(0.00261978 -0.00364555 0)
(0.00395229 -0.00579471 0)
(0.00575466 -0.00892391 0)
(0.00808269 -0.0133135 0)
(0.0109471 -0.0192438 0)
(0.0142938 -0.0269585 0)
(0.0179909 -0.0366226 0)
(0.0218268 -0.0482826 0)
(0.0255244 -0.0618372 0)
(0.0287646 -0.0770251 0)
(0.0312166 -0.093427 0)
(0.0325737 -0.110487 0)
(0.0325906 -0.12755 0)
(0.0311133 -0.143908 0)
(0.028099 -0.158848 0)
(0.0236234 -0.171704 0)
(0.0178751 -0.181894 0)
(0.0111413 -0.188957 0)
(0.00378477 -0.19257 0)
(1.03524e-06 -2.65182e-06 0)
(3.66859e-06 -4.3482e-06 0)
(8.22425e-06 -8.63482e-06 0)
(1.68223e-05 -1.76526e-05 0)
(3.3048e-05 -3.55765e-05 0)
(6.29439e-05 -6.99901e-05 0)
(0.000116372 -0.000134059 0)
(0.000208745 -0.000249719 0)
(0.000362994 -0.000452019 0)
(0.000611366 -0.000794524 0)
(0.000996408 -0.00135527 0)
(0.00157015 -0.0022422 0)
(0.00239044 -0.00359633 0)
(0.00351361 -0.00559046 0)
(0.0049834 -0.00842124 0)
(0.00681715 -0.0122931 0)
(0.00899176 -0.0173946 0)
(0.0114328 -0.0238687 0)
(0.0140102 -0.0317826 0)
(0.0165442 -0.0411025 0)
(0.01882 -0.0516783 0)
(0.0206065 -0.0632399 0)
(0.0216808 -0.0754059 0)
(0.0218558 -0.0877059 0)
(0.0210049 -0.0996133 0)
(0.0190789 -0.110583 0)
(0.0161153 -0.120091 0)
(0.0122377 -0.127672 0)
(0.00764608 -0.132948 0)
(0.00260058 -0.135654 0)
(5.67986e-07 -1.48383e-06 0)
(2.0177e-06 -2.44573e-06 0)
(4.54208e-06 -4.88562e-06 0)
(9.33811e-06 -1.00455e-05 0)
(1.84488e-05 -2.0364e-05 0)
(3.53505e-05 -4.03068e-05 0)
(6.57754e-05 -7.76988e-05 0)
(0.000118785 -0.000145712 0)
(0.000208033 -0.000265629 0)
(0.000353006 -0.000470386 0)
(0.000579864 -0.000808647 0)
(0.000921291 -0.00134879 0)
(0.00141466 -0.00218179 0)
(0.00209788 -0.00342148 0)
(0.00300277 -0.00520078 0)
(0.00414623 -0.00766239 0)
(0.00552077 -0.010944 0)
(0.00708627 -0.0151585 0)
(0.00876542 -0.0203724 0)
(0.0104455 -0.0265859 0)
(0.0119867 -0.0337188 0)
(0.0132336 -0.0416038 0)
(0.0140311 -0.049989 0)
(0.014244 -0.0585501 0)
(0.0137749 -0.0669119 0)
(0.0125788 -0.0746755 0)
(0.0106715 -0.0814495 0)
(0.00813088 -0.0868788 0)
(0.00509163 -0.0906718 0)
(0.00173373 -0.0926219 0)
(3.06225e-07 -8.15361e-07 0)
(1.09039e-06 -1.35066e-06 0)
(2.4644e-06 -2.71343e-06 0)
(5.09139e-06 -5.60995e-06 0)
(1.01131e-05 -1.14359e-05 0)
(1.94901e-05 -2.2767e-05 0)
(3.64859e-05 -4.41556e-05 0)
(6.63144e-05 -8.33379e-05 0)
(0.000116924 -0.000152946 0)
(0.000199815 -0.000272756 0)
(0.000330669 -0.000472363 0)
(0.000529452 -0.000793954 0)
(0.000819554 -0.00129457 0)
(0.00122554 -0.00204695 0)
(0.00176924 -0.00313789 0)
(0.00246442 -0.0046632 0)
(0.00331053 -0.00671871 0)
(0.004287 -0.00938772 0)
(0.00534935 -0.0127263 0)
(0.0064291 -0.0167484 0)
(0.00743806 -0.0214148 0)
(0.00827533 -0.0266261 0)
(0.00883723 -0.0322216 0)
(0.00903014 -0.0379856 0)
(0.00878356 -0.0436612 0)
(0.00806091 -0.0489684 0)
(0.00686659 -0.0536268 0)
(0.00524815 -0.0573784 0)
(0.00329336 -0.0600086 0)
(0.0011226 -0.0613636 0)
(1.62284e-07 -4.40137e-07 0)
(5.79164e-07 -7.32609e-07 0)
(1.31399e-06 -1.47979e-06 0)
(2.72741e-06 -3.07554e-06 0)
(5.4455e-06 -6.30295e-06 0)
(1.05524e-05 -1.26178e-05 0)
(1.98691e-05 -2.46138e-05 0)
(3.63335e-05 -4.67384e-05 0)
(6.44736e-05 -8.63246e-05 0)
(0.000110922 -0.000154975 0)
(0.000184852 -0.000270261 0)
(0.000298145 -0.000457557 0)
(0.000465017 -0.00075168 0)
(0.000700837 -0.00119778 0)
(0.00101992 -0.00185078 0)
(0.00143235 -0.00277275 0)
(0.00194008 -0.00402768 0)
(0.00253316 -0.00567378 0)
(0.00318678 -0.0077538 0)
(0.00386053 -0.010285 0)
(0.00450048 -0.0132502 0)
(0.00504321 -0.0165928 0)
(0.00542177 -0.0202136 0)
(0.00557397 -0.023974 0)
(0.00545115 -0.0277042 0)
(0.00502593 -0.0312149 0)
(0.00429759 -0.0343134 0)
(0.00329421 -0.0368196 0)
(0.00207127 -0.0385822 0)
(0.000706726 -0.039492 0)
(8.45617e-08 -2.33476e-07 0)
(3.02444e-07 -3.90419e-07 0)
(6.88704e-07 -7.92706e-07 0)
(1.43594e-06 -1.65583e-06 0)
(2.88113e-06 -3.41071e-06 0)
(5.61243e-06 -6.86395e-06 0)
(1.06261e-05 -1.34637e-05 0)
(1.95442e-05 -2.57138e-05 0)
(3.48921e-05 -4.77803e-05 0)
(6.04112e-05 -8.63208e-05 0)
(0.000101344 -0.000151526 0)
(0.000164587 -0.000258294 0)
(0.000258546 -0.000427335 0)
(0.000392537 -0.000685914 0)
(0.000575579 -0.00106778 0)
(0.000814549 -0.00161185 0)
(0.00111186 -0.00235932 0)
(0.001463 -0.00334898 0)
(0.00185457 -0.00461129 0)
(0.00226337 -0.00616165 0)
(0.00265736 -0.00799427 0)
(0.00299786 -0.0100778 0)
(0.00324305 -0.0123531 0)
(0.00335307 -0.014734 0)
(0.00329575 -0.0171117 0)
(0.00305183 -0.0193628 0)
(0.00261883 -0.0213596 0)
(0.00201285 -0.0229811 0)
(0.00126792 -0.0241248 0)
(0.000433019 -0.0247163 0)
(4.33372e-08 -1.21746e-07 0)
(1.55326e-07 -2.04489e-07 0)
(3.54946e-07 -4.17262e-07 0)
(7.43238e-07 -8.75783e-07 0)
(1.4983e-06 -1.81272e-06 0)
(2.9333e-06 -3.66644e-06 0)
(5.58291e-06 -7.22959e-06 0)
(1.03251e-05 -1.38835e-05 0)
(1.85399e-05 -2.59458e-05 0)
(3.2293e-05 -4.7155e-05 0)
(5.45142e-05 -8.32909e-05 0)
(8.91105e-05 -0.000142896 0)
(0.000140926 -0.000237992 0)
(0.000215447 -0.000384622 0)
(0.000318156 -0.000602952 0)
(0.0004535 -0.000916661 0)
(0.000623526 -0.00135136 0)
(0.000826395 -0.00193194 0)
(0.00105507 -0.00267891 0)
(0.00129659 -0.00360419 0)
(0.00153243 -0.00470701 0)
(0.00173964 -0.0059708 0)
(0.0018929 -0.00736119 0)
(0.00196751 -0.00882613 0)
(0.00194299 -0.0102982 0)
(0.00180646 -0.0116996 0)
(0.00155529 -0.0129484 0)
(0.00119843 -0.0139662 0)
(0.000756194 -0.014686 0)
(0.000258478 -0.0150588 0)
(2.18509e-08 -6.24266e-08 0)
(7.84742e-08 -1.05302e-07 0)
(1.79934e-07 -2.15893e-07 0)
(3.78324e-07 -4.55216e-07 0)
(7.66103e-07 -9.46594e-07 0)
(1.50701e-06 -1.92379e-06 0)
(2.88265e-06 -3.81239e-06 0)
(5.35921e-06 -7.35945e-06 0)
(9.67578e-06 -1.38285e-05 0)
(1.69497e-05 -2.52751e-05 0)
(2.8783e-05 -4.49069e-05 0)
(4.73394e-05 -7.75132e-05 0)
(7.53423e-05 -0.00012991 0)
(0.000115936 -0.000211305 0)
(0.000172349 -0.000333435 0)
(0.000247331 -0.000510304 0)
(0.000342379 -0.000757359 0)
(0.000456856 -0.00108999 0)
(0.000587176 -0.00152139 0)
(0.000726285 -0.00206002 0)
(0.000863726 -0.00270693 0)
(0.00098627 -0.0034537 0)
(0.00107901 -0.00428094 0)
(0.0011271 -0.00515807 0)
(0.00111795 -0.00604456 0)
(0.00104331 -0.00689271 0)
(0.000901027 -0.00765168 0)
(0.000695925 -0.00827237 0)
(0.000439822 -0.00871241 0)
(0.000150458 -0.00894066 0)
(1.08424e-08 -3.14869e-08 0)
(3.90145e-08 -5.33299e-08 0)
(8.97475e-08 -1.09837e-07 0)
(1.89443e-07 -2.32612e-07 0)
(3.85274e-07 -4.85845e-07 0)
(7.6133e-07 -9.91921e-07 0)
(1.46325e-06 -1.97507e-06 0)
(2.73395e-06 -3.83163e-06 0)
(4.9617e-06 -7.23696e-06 0)
(8.7388e-06 -1.32985e-05 0)
(1.49232e-05 -2.37594e-05 0)
(2.4687e-05 -4.12471e-05 0)
(3.95261e-05 -6.95392e-05 0)
(6.11969e-05 -0.000113797 0)
(9.15462e-05 -0.000180681 0)
(0.00013221 -0.000278259 0)
(0.000184188 -0.000415575 0)
(0.000247338 -0.000601846 0)
(0.000319885 -0.000845239 0)
(0.000398078 -0.00115136 0)
(0.000476167 -0.00152165 0)
(0.000546709 -0.00195198 0)
(0.000601161 -0.00243173 0)
(0.000630864 -0.00294341 0)
(0.000628312 -0.00346329 0)
(0.000588434 -0.00396299 0)
(0.000509651 -0.0044119 0)
(0.000394507 -0.00478016 0)
(0.000249698 -0.00504183 0)
(8.54831e-05 -0.00517774 0)
(5.29619e-09 -1.5627e-08 0)
(1.90929e-08 -2.65718e-08 0)
(4.40574e-08 -5.49655e-08 0)
(9.33492e-08 -1.16894e-07 0)
(1.90627e-07 -2.45183e-07 0)
(3.78331e-07 -5.02762e-07 0)
(7.30452e-07 -1.00563e-06 0)
(1.37126e-06 -1.96013e-06 0)
(2.50093e-06 -3.72037e-06 0)
(4.4274e-06 -6.87132e-06 0)
(7.60091e-06 -1.23413e-05 0)
(1.26432e-05 -2.15416e-05 0)
(2.03575e-05 -3.65206e-05 0)
(3.17018e-05 -6.01063e-05 0)
(4.77042e-05 -9.59911e-05 0)
(6.93064e-05 -0.000148703 0)
(9.7134e-05 -0.0002234 0)
(0.000131216 -0.000325437 0)
(0.0001707 -0.000459693 0)
(0.000213639 -0.000629706 0)
(0.000256942 -0.000836713 0)
(0.000296522 -0.0010788 0)
(0.00032761 -0.00135029 0)
(0.000345287 -0.00164142 0)
(0.000345212 -0.00193867 0)
(0.000324367 -0.00222561 0)
(0.000281698 -0.00248431 0)
(0.000218504 -0.00269715 0)
(0.000138493 -0.0028487 0)
(4.74456e-05 -0.00292752 0)
(2.54745e-09 -7.63383e-09 0)
(9.20006e-09 -1.30294e-08 0)
(2.12929e-08 -2.70647e-08 0)
(4.52785e-08 -5.77889e-08 0)
(9.28261e-08 -1.21701e-07 0)
(1.84994e-07 -2.50595e-07 0)
(3.5872e-07 -5.0341e-07 0)
(6.7646e-07 -9.85642e-07 0)
(1.23954e-06 -1.8795e-06 0)
(2.20505e-06 -3.48812e-06 0)
(3.80471e-06 -6.2962e-06 0)
(6.36161e-06 -1.10466e-05 0)
(1.0298e-05 -1.88269e-05 0)
(1.61245e-05 -3.11532e-05 0)
(2.43991e-05 -5.00258e-05 0)
(3.56476e-05 -7.79269e-05 0)
(5.02428e-05 -0.000117723 0)
(6.82526e-05 -0.000172439 0)
(8.92803e-05 -0.000244901 0)
(0.000112337 -0.000337245 0)
(0.000135798 -0.000450375 0)
(0.000157472 -0.000583453 0)
(0.000174758 -0.000733508 0)
(0.000184935 -0.000895235 0)
(0.00018556 -0.00106111 0)
(0.000174894 -0.00122187 0)
(0.000152271 -0.0013673 0)
(0.00011834 -0.00148727 0)
(7.51044e-05 -0.00157285 0)
(2.57466e-05 -0.00161741 0)
(1.20693e-09 -3.67174e-09 0)
(4.36629e-09 -6.28959e-09 0)
(1.01344e-08 -1.3117e-08 0)
(2.1625e-08 -2.81149e-08 0)
(4.45004e-08 -5.94372e-08 0)
(8.90363e-08 -1.22874e-07 0)
(1.73364e-07 -2.47855e-07 0)
(3.28329e-07 -4.8736e-07 0)
(6.04313e-07 -9.3346e-07 0)
(1.08001e-06 -1.74034e-06 0)
(1.87242e-06 -3.15627e-06 0)
(3.14618e-06 -5.56463e-06 0)
(5.11875e-06 -9.53137e-06 0)
(8.05632e-06 -1.58522e-05 0)
(1.22546e-05 -2.55874e-05 0)
(1.79993e-05 -4.00668e-05 0)
(2.55036e-05 -6.08449e-05 0)
(3.48283e-05 -8.9588e-05 0)
(4.57946e-05 -0.000127883 0)
(5.79109e-05 -0.000176976 0)
(7.03417e-05 -0.000237465 0)
(8.1937e-05 -0.000309008 0)
(9.13126e-05 -0.000390089 0)
(9.69981e-05 -0.000477888 0)
(9.76542e-05 -0.000568321 0)
(9.23069e-05 -0.00065629 0)
(8.05574e-05 -0.000736117 0)
(6.27199e-05 -0.000802129 0)
(3.98537e-05 -0.000849308 0)
(1.36708e-05 -0.0008739 0)
(5.63395e-10 -1.73936e-09 0)
(2.04156e-09 -2.98984e-09 0)
(4.75163e-09 -6.2592e-09 0)
(1.01726e-08 -1.34652e-08 0)
(2.10087e-08 -2.85714e-08 0)
(4.21931e-08 -5.92896e-08 0)
(8.24787e-08 -1.20066e-07 0)
(1.56844e-07 -2.37049e-07 0)
(2.89909e-07 -4.55946e-07 0)
(5.20393e-07 -8.53771e-07 0)
(9.06304e-07 -1.55536e-06 0)
(1.52996e-06 -2.75482e-06 0)
(2.50112e-06 -4.74093e-06 0)
(3.95572e-06 -7.92297e-06 0)
(6.04698e-06 -1.28512e-05 0)
(8.92609e-06 -2.02226e-05 0)
(1.27109e-05 -3.08612e-05 0)
(1.74446e-05 -4.56621e-05 0)
(2.30491e-05 -6.54934e-05 0)
(2.92852e-05 -9.10576e-05 0)
(3.57321e-05 -0.000122725 0)
(4.1799e-05 -0.000160369 0)
(4.6765e-05 -0.000203236 0)
(4.98543e-05 -0.000249858 0)
(5.03503e-05 -0.000298068 0)
(4.77225e-05 -0.000345126 0)
(4.17405e-05 -0.000387952 0)
(3.25533e-05 -0.000423449 0)
(2.07089e-05 -0.000448861 0)
(7.10774e-06 -0.000462121 0)
(2.59194e-10 -8.1178e-10 0)
(9.40723e-10 -1.40004e-09 0)
(2.19527e-09 -2.94169e-09 0)
(4.71466e-09 -6.35054e-09 0)
(9.77028e-09 -1.35225e-08 0)
(1.96932e-08 -2.81627e-08 0)
(3.86408e-08 -5.72455e-08 0)
(7.37673e-08 -1.1346e-07 0)
(1.36902e-07 -2.19108e-07 0)
(2.46769e-07 -4.11986e-07 0)
(4.31618e-07 -7.53737e-07 0)
(7.31853e-07 -1.34085e-06 0)
(1.20183e-06 -2.31789e-06 0)
(1.90958e-06 -3.8913e-06 0)
(2.9328e-06 -6.34092e-06 0)
(4.34962e-06 -1.00245e-05 0)
(6.2232e-06 -1.53692e-05 0)
(8.58072e-06 -2.28448e-05 0)
(1.13895e-05 -3.29145e-05 0)
(1.45355e-05 -4.59625e-05 0)
(1.78107e-05 -6.22066e-05 0)
(2.0918e-05 -8.16086e-05 0)
(2.34897e-05 -0.0001038 0)
(2.51255e-05 -0.000128035 0)
(2.5451e-05 -0.000153188 0)
(2.41841e-05 -0.000177818 0)
(2.11968e-05 -0.000200294 0)
(1.65577e-05 -0.000218963 0)
(1.05446e-05 -0.00023235 0)
(3.6211e-06 -0.000239341 0)
(1.17553e-10 -3.73353e-10 0)
(4.273e-10 -6.45987e-10 0)
(9.99673e-10 -1.36207e-09 0)
(2.15345e-09 -2.95032e-09 0)
(4.47732e-09 -6.30341e-09 0)
(9.0557e-09 -1.31733e-08 0)
(1.78323e-08 -2.68727e-08 0)
(3.41695e-08 -5.34584e-08 0)
(6.36579e-08 -1.0363e-07 0)
(1.15201e-07 -1.95623e-07 0)
(2.02319e-07 -3.59346e-07 0)
(3.44494e-07 -6.41913e-07 0)
(5.68151e-07 -1.11436e-06 0)
(9.06681e-07 -1.87888e-06 0)
(1.39868e-06 -3.07504e-06 0)
(2.08364e-06 -4.88274e-06 0)
(2.99444e-06 -7.51888e-06 0)
(4.14703e-06 -1.12247e-05 0)
(5.52835e-06 -1.62411e-05 0)
(7.08493e-06 -2.2773e-05 0)
(8.71608e-06 -3.0943e-05 0)
(1.02752e-05 -4.07448e-05 0)
(1.15786e-05 -5.20027e-05 0)
(1.2424e-05 -6.4344e-05 0)
(1.26202e-05 -7.71967e-05 0)
(1.20207e-05 -8.98205e-05 0)
(1.05566e-05 -0.000101369 0)
(8.25854e-06 -0.000110981 0)
(5.26469e-06 -0.000117883 0)
(1.80886e-06 -0.000121491 0)
(5.25776e-11 -1.69279e-10 0)
(1.91385e-10 -2.93779e-10 0)
(4.48822e-10 -6.21529e-10 0)
(9.69643e-10 -1.35059e-09 0)
(2.02236e-09 -2.89484e-09 0)
(4.10385e-09 -6.06981e-09 0)
(8.10889e-09 -1.24243e-08 0)
(1.5593e-08 -2.48031e-08 0)
(2.91563e-08 -4.82565e-08 0)
(5.2963e-08 -9.1435e-08 0)
(9.33771e-08 -1.68607e-07 0)
(1.59629e-07 -3.02376e-07 0)
(2.64339e-07 -5.27039e-07 0)
(4.23592e-07 -8.92254e-07 0)
(6.56191e-07 -1.46633e-06 0)
(9.81658e-07 -2.338e-06 0)
(1.4167e-06 -3.61517e-06 0)
(1.97018e-06 -5.41907e-06 0)
(2.63713e-06 -7.87241e-06 0)
(3.39302e-06 -1.10814e-05 0)
(4.18993e-06 -1.5113e-05 0)
(4.95692e-06 -1.997e-05 0)
(5.60401e-06 -2.55703e-05 0)
(6.03108e-06 -3.17315e-05 0)
(6.14242e-06 -3.81687e-05 0)
(5.86387e-06 -4.45091e-05 0)
(5.15915e-06 -5.03232e-05 0)
(4.04177e-06 -5.51714e-05 0)
(2.57902e-06 -5.86575e-05 0)
(8.86536e-07 -6.04813e-05 0)
(2.31904e-11 -7.56711e-11 0)
(8.45364e-11 -1.31723e-10 0)
(1.98729e-10 -2.79575e-10 0)
(4.30525e-10 -6.09388e-10 0)
(9.00642e-10 -1.3102e-09 0)
(1.83336e-09 -2.75585e-09 0)
(3.63444e-09 -5.65935e-09 0)
(7.01248e-09 -1.1336e-08 0)
(1.31579e-08 -2.21315e-08 0)
(2.39877e-08 -4.20838e-08 0)
(4.2448e-08 -7.78869e-08 0)
(7.28403e-08 -1.40204e-07 0)
(1.21086e-07 -2.45308e-07 0)
(1.94798e-07 -4.16905e-07 0)
(3.02962e-07 -6.87823e-07 0)
(4.55037e-07 -1.10101e-06 0)
(6.5931e-07 -1.70913e-06 0)
(9.20499e-07 -2.57187e-06 0)
(1.23686e-06 -3.75037e-06 0)
(1.59732e-06 -5.29851e-06 0)
(1.9795e-06 -7.25151e-06 0)
(2.34969e-06 -9.6136e-06 0)
(2.66463e-06 -1.23472e-05 0)
(2.87573e-06 -1.53646e-05 0)
(2.93609e-06 -1.85268e-05 0)
(2.8089e-06 -2.16496e-05 0)
(2.47563e-06 -2.45196e-05 0)
(1.94203e-06 -2.6917e-05 0)
(1.24031e-06 -2.8643e-05 0)
(4.26548e-07 -2.95468e-05 0)
(1.00934e-11 -3.33629e-11 0)
(3.68433e-11 -5.82482e-11 0)
(8.67991e-11 -1.24006e-10 0)
(1.88544e-10 -2.71092e-10 0)
(3.95563e-10 -5.84568e-10 0)
(8.07642e-10 -1.23331e-09 0)
(1.60607e-09 -2.54056e-09 0)
(3.10882e-09 -5.10522e-09 0)
(5.85267e-09 -9.99998e-09 0)
(1.07063e-08 -1.90799e-08 0)
(1.90122e-08 -3.54352e-08 0)
(3.27421e-08 -6.40139e-08 0)
(5.46286e-08 -1.12408e-07 0)
(8.82114e-08 -1.91741e-07 0)
(1.37708e-07 -3.17515e-07 0)
(2.07614e-07 -5.10144e-07 0)
(3.01947e-07 -7.94843e-07 0)
(4.23133e-07 -1.20044e-06 0)
(5.70628e-07 -1.75679e-06 0)
(7.39525e-07 -2.49058e-06 0)
(9.19548e-07 -3.41988e-06 0)
(1.09496e-06 -4.54799e-06 0)
(1.24534e-06 -5.858e-06 0)
(1.34756e-06 -7.30863e-06 0)
(1.37906e-06 -8.83315e-06 0)
(1.32197e-06 -1.03424e-05 0)
(1.16703e-06 -1.17324e-05 0)
(9.16636e-07 -1.28954e-05 0)
(5.85921e-07 -1.37337e-05 0)
(2.01587e-07 -1.4173e-05 0)
(4.33521e-12 -1.45091e-11 0)
(1.58499e-11 -2.53977e-11 0)
(3.74083e-11 -5.42452e-11 0)
(8.14603e-11 -1.18935e-10 0)
(1.71386e-10 -2.57194e-10 0)
(3.50933e-10 -5.44181e-10 0)
(6.99931e-10 -1.12433e-09 0)
(1.35903e-09 -2.26624e-09 0)
(2.56663e-09 -4.45307e-09 0)
(4.71045e-09 -8.52389e-09 0)
(8.3928e-09 -1.58831e-08 0)
(1.45032e-08 -2.87899e-08 0)
(2.42822e-08 -5.0729e-08 0)
(3.93482e-08 -8.68338e-08 0)
(6.16462e-08 -1.44299e-07 0)
(9.32727e-08 -2.32659e-07 0)
(1.36136e-07 -3.63772e-07 0)
(1.91446e-07 -5.51302e-07 0)
(2.59069e-07 -8.09536e-07 0)
(3.36868e-07 -1.15143e-06 0)
(4.20204e-07 -1.58601e-06 0)
(5.01852e-07 -2.11538e-06 0)
(5.7235e-07 -2.73211e-06 0)
(6.20875e-07 -3.41708e-06 0)
(6.36795e-07 -4.13885e-06 0)
(6.11586e-07 -4.85507e-06 0)
(5.40745e-07 -5.51596e-06 0)
(4.25226e-07 -6.0698e-06 0)
(2.72025e-07 -6.46947e-06 0)
(9.36285e-08 -6.67904e-06 0)
(1.83824e-12 -6.22637e-12 0)
(6.72029e-12 -1.09384e-11 0)
(1.59194e-11 -2.34106e-11 0)
(3.47316e-11 -5.14732e-11 0)
(7.32787e-11 -1.11617e-10 0)
(1.50444e-10 -2.36811e-10 0)
(3.00921e-10 -4.90671e-10 0)
(5.85998e-10 -9.91912e-10 0)
(1.11005e-09 -1.95491e-09 0)
(2.04356e-09 -3.75355e-09 0)
(3.65269e-09 -7.01627e-09 0)
(6.33258e-09 -1.27588e-08 0)
(1.06375e-08 -2.2555e-08 0)
(1.72955e-08 -3.87358e-08 0)
(2.71883e-08 -6.45853e-08 0)
(4.12764e-08 -1.04482e-07 0)
(6.04486e-08 -1.63905e-07 0)
(8.52912e-08 -2.49215e-07 0)
(1.15794e-07 -3.67122e-07 0)
(1.51042e-07 -5.23788e-07 0)
(1.88974e-07 -7.23611e-07 0)
(2.26329e-07 -9.67824e-07 0)
(2.58794e-07 -1.2532e-06 0)
(2.81398e-07 -1.57104e-06 0)
(2.89216e-07 -1.9068e-06 0)
(2.78264e-07 -2.24071e-06 0)
(2.46392e-07 -2.54939e-06 0)
(1.93973e-07 -2.80845e-06 0)
(1.24182e-07 -2.9956e-06 0)
(4.27584e-08 -3.09379e-06 0)
(7.69603e-13 -2.62481e-12 0)
(2.81499e-12 -4.63374e-12 0)
(6.68081e-12 -9.9667e-12 0)
(1.46177e-11 -2.19766e-11 0)
(3.09157e-11 -4.77839e-11 0)
(6.36465e-11 -1.01658e-10 0)
(1.2766e-10 -2.11219e-10 0)
(2.49291e-10 -4.28177e-10 0)
(4.73599e-10 -8.46308e-10 0)
(8.74464e-10 -1.62975e-09 0)
(1.56778e-09 -3.05555e-09 0)
(2.72642e-09 -5.57341e-09 0)
(4.5943e-09 -9.88338e-09 0)
(7.49366e-09 -1.70271e-08 0)
(1.18178e-08 -2.84797e-08 0)
(1.79991e-08 -4.62186e-08 0)
(2.64438e-08 -7.27335e-08 0)
(3.74294e-08 -1.10934e-07 0)
(5.09722e-08 -1.63915e-07 0)
(6.66866e-08 -2.3455e-07 0)
(8.36712e-08 -3.24937e-07 0)
(1.00478e-07 -4.35745e-07 0)
(1.15175e-07 -5.65604e-07 0)
(1.25514e-07 -7.10616e-07 0)
(1.29256e-07 -8.64168e-07 0)
(1.24571e-07 -1.01719e-06 0)
(1.10456e-07 -1.15889e-06 0)
(8.70484e-08 -1.27798e-06 0)
(5.57684e-08 -1.3641e-06 0)
(1.92092e-08 -1.40931e-06 0)
(3.16846e-13 -1.10006e-12 0)
(1.18154e-12 -1.94744e-12 0)
(2.75619e-12 -4.19527e-12 0)
(6.07282e-12 -9.26077e-12 0)
(1.28771e-11 -2.01928e-11 0)
(2.65784e-11 -4.30702e-11 0)
(5.34502e-11 -8.97087e-11 0)
(1.04666e-10 -1.82353e-10 0)
(1.99381e-10 -3.61411e-10 0)
(3.69192e-10 -6.97929e-10 0)
(6.63812e-10 -1.31226e-09 0)
(1.15779e-09 -2.40058e-09 0)
(1.95685e-09 -4.26957e-09 0)
(3.20145e-09 -7.37764e-09 0)
(5.06423e-09 -1.23771e-08 0)
(7.73665e-09 -2.01467e-08 0)
(1.1401e-08 -3.17994e-08 0)
(1.61856e-08 -4.86438e-08 0)
(2.21064e-08 -7.20821e-08 0)
(2.90035e-08 -1.03431e-07 0)
(3.64886e-08 -1.4367e-07 0)
(4.39289e-08 -1.93144e-07 0)
(5.04714e-08 -2.51281e-07 0)
(5.51186e-08 -3.16363e-07 0)
(5.68679e-08 -3.85433e-07 0)
(5.48946e-08 -4.54397e-07 0)
(4.87381e-08 -5.18367e-07 0)
(3.84481e-08 -5.72197e-07 0)
(2.46488e-08 -6.1116e-07 0)
(8.49307e-09 -6.31627e-07 0)
(1.29695e-13 -4.47885e-13 0)
(4.70397e-13 -7.97995e-13 0)
(1.13987e-12 -1.71997e-12 0)
(2.48554e-12 -3.85557e-12 0)
(5.29868e-12 -8.41405e-12 0)
(1.09557e-11 -1.80007e-11 0)
(2.20934e-11 -3.76049e-11 0)
(4.3376e-11 -7.663e-11 0)
(8.28488e-11 -1.52276e-10 0)
(1.53825e-10 -2.94855e-10 0)
(2.77345e-10 -5.55927e-10 0)
(4.85086e-10 -1.01981e-09 0)
(8.22213e-10 -1.81893e-09 0)
(1.34904e-09 -3.15198e-09 0)
(2.14017e-09 -5.30303e-09 0)
(3.27904e-09 -8.65668e-09 0)
(4.84603e-09 -1.37024e-08 0)
(6.8993e-09 -2.10193e-08 0)
(9.44926e-09 -3.12322e-08 0)
(1.24306e-08 -4.49333e-08 0)
(1.56786e-08 -6.2571e-08 0)
(1.89208e-08 -8.43165e-08 0)
(2.17868e-08 -1.09936e-07 0)
(2.38405e-08 -1.38683e-07 0)
(2.46406e-08 -1.69255e-07 0)
(2.38217e-08 -1.99838e-07 0)
(2.11762e-08 -2.28249e-07 0)
(1.67212e-08 -2.52186e-07 0)
(1.07267e-08 -2.69527e-07 0)
(3.69721e-09 -2.78642e-07 0)
(5.15757e-14 -1.81103e-13 0)
(1.91687e-13 -3.31294e-13 0)
(4.55445e-13 -7.12651e-13 0)
(1.00598e-12 -1.57516e-12 0)
(2.15005e-12 -3.46817e-12 0)
(4.45701e-12 -7.43395e-12 0)
(9.01935e-12 -1.55604e-11 0)
(1.7745e-11 -3.17894e-11 0)
(3.39853e-11 -6.33309e-11 0)
(6.32672e-11 -1.22943e-10 0)
(1.14379e-10 -2.32399e-10 0)
(2.00577e-10 -4.27437e-10 0)
(3.40909e-10 -7.64415e-10 0)
(5.60868e-10 -1.32823e-09 0)
(8.9222e-10 -2.24076e-09 0)
(1.37079e-09 -3.66777e-09 0)
(2.0314e-09 -5.82126e-09 0)
(2.89991e-09 -8.95342e-09 0)
(3.98216e-09 -1.33381e-08 0)
(5.2519e-09 -1.92374e-08 0)
(6.64022e-09 -2.68525e-08 0)
(8.03157e-09 -3.62657e-08 0)
(9.26754e-09 -4.73826e-08 0)
(1.01603e-08 -5.98847e-08 0)
(1.0519e-08 -7.32072e-08 0)
(1.0184e-08 -8.65571e-08 0)
(9.06367e-09 -9.89773e-08 0)
(7.16326e-09 -1.09454e-07 0)
(4.59806e-09 -1.1705e-07 0)
(1.58531e-09 -1.21044e-07 0)
(1.96559e-14 -7.25753e-14 0)
(7.81195e-14 -1.23983e-13 0)
(1.75559e-13 -2.7955e-13 0)
(4.00509e-13 -6.41084e-13 0)
(8.6469e-13 -1.40178e-12 0)
(1.7907e-12 -3.02432e-12 0)
(3.63281e-12 -6.36044e-12 0)
(7.17389e-12 -1.30162e-11 0)
(1.3766e-11 -2.59955e-11 0)
(2.56941e-11 -5.05922e-11 0)
(4.65614e-11 -9.58706e-11 0)
(8.18717e-11 -1.76801e-10 0)
(1.39507e-10 -3.17e-10 0)
(2.30133e-10 -5.52226e-10 0)
(3.67045e-10 -9.34035e-10 0)
(5.65401e-10 -1.53282e-09 0)
(8.4006e-10 -2.43902e-09 0)
(1.20229e-09 -3.76082e-09 0)
(1.6551e-09 -5.61637e-09 0)
(2.18811e-09 -8.1196e-09 0)
(2.7729e-09 -1.13594e-08 0)
(3.36114e-09 -1.53741e-08 0)
(3.88609e-09 -2.01263e-08 0)
(4.26814e-09 -2.54819e-08 0)
(4.42582e-09 -3.11996e-08 0)
(4.2907e-09 -3.69386e-08 0)
(3.82294e-09 -4.22853e-08 0)
(3.02395e-09 -4.68002e-08 0)
(1.94217e-09 -5.00764e-08 0)
(6.6981e-10 -5.18001e-08 0)
(9.57579e-15 -2.01601e-14 0)
(2.5704e-14 -5.40954e-14 0)
(6.60236e-14 -1.02144e-13 0)
(1.57247e-13 -2.62078e-13 0)
(3.4003e-13 -5.61788e-13 0)
(7.12483e-13 -1.21463e-12 0)
(1.4421e-12 -2.56803e-12 0)
(2.86354e-12 -5.26038e-12 0)
(5.50683e-12 -1.05426e-11 0)
(1.03035e-11 -2.05587e-11 0)
(1.8723e-11 -3.9057e-11 0)
(3.29931e-11 -7.21874e-11 0)
(5.63682e-11 -1.29752e-10 0)
(9.32103e-11 -2.26581e-10 0)
(1.4905e-10 -3.842e-10 0)
(2.30155e-10 -6.3205e-10 0)
(3.42815e-10 -1.00818e-09 0)
(4.9183e-10 -1.55826e-09 0)
(6.78661e-10 -2.33251e-09 0)
(8.99281e-10 -3.37973e-09 0)
(1.14209e-09 -4.73843e-09 0)
(1.38722e-09 -6.42604e-09 0)
(1.6069e-09 -8.428e-09 0)
(1.76789e-09 -1.06887e-08 0)
(1.83596e-09 -1.31066e-08 0)
(1.78222e-09 -1.55372e-08 0)
(1.58961e-09 -1.78046e-08 0)
(1.25839e-09 -1.97213e-08 0)
(8.08668e-10 -2.11132e-08 0)
(2.78964e-10 -2.18458e-08 0)
(3.19198e-15 -8.39984e-15 0)
(9.07189e-15 -9.07232e-15 0)
(2.30159e-14 -4.87192e-14 0)
(6.01435e-14 -9.23997e-14 0)
(1.30535e-13 -2.2579e-13 0)
(2.80894e-13 -4.79469e-13 0)
(5.6666e-13 -1.01707e-12 0)
(1.12761e-12 -2.10099e-12 0)
(2.17307e-12 -4.21341e-12 0)
(4.08052e-12 -8.24572e-12 0)
(7.43681e-12 -1.57072e-11 0)
(1.31289e-11 -2.91045e-11 0)
(2.24912e-11 -5.24314e-11 0)
(3.72768e-11 -9.17875e-11 0)
(5.97522e-11 -1.5599e-10 0)
(9.24971e-11 -2.57223e-10 0)
(1.3809e-10 -4.11238e-10 0)
(1.98568e-10 -6.37076e-10 0)
(2.74626e-10 -9.55746e-10 0)
(3.64695e-10 -1.38779e-09 0)
(4.6412e-10 -1.94967e-09 0)
(5.6482e-10 -2.64913e-09 0)
(6.55445e-10 -3.48059e-09 0)
(7.22281e-10 -4.42127e-09 0)
(7.51168e-10 -5.42905e-09 0)
(7.30074e-10 -6.44365e-09 0)
(6.51826e-10 -7.39131e-09 0)
(5.164e-10 -8.19315e-09 0)
(3.32022e-10 -8.77586e-09 0)
(1.14565e-10 -9.0827e-09 0)
(1.0079e-15 -4.03197e-15 0)
(-3.52774e-15 -1.71355e-14 0)
(1.02478e-14 -5.71239e-15 0)
(2.31838e-14 -3.72956e-14 0)
(5.67834e-14 -8.80313e-14 0)
(1.00967e-13 -1.85471e-13 0)
(2.19574e-13 -3.96477e-13 0)
(4.38141e-13 -8.27562e-13 0)
(8.4705e-13 -1.66285e-12 0)
(1.59414e-12 -3.26993e-12 0)
(2.91948e-12 -6.23578e-12 0)
(5.15857e-12 -1.15812e-11 0)
(8.86412e-12 -2.09182e-11 0)
(1.47285e-11 -3.67024e-11 0)
(2.36598e-11 -6.25262e-11 0)
(3.67081e-11 -1.03341e-10 0)
(5.49217e-11 -1.65593e-10 0)
(7.91481e-11 -2.57071e-10 0)
(1.09701e-10 -3.86475e-10 0)
(1.45975e-10 -5.62334e-10 0)
(1.8614e-10 -7.91543e-10 0)
(2.26946e-10 -1.07747e-09 0)
(2.63812e-10 -1.41802e-09 0)
(2.91155e-10 -1.80401e-09 0)
(3.0321e-10 -2.21819e-09 0)
(2.95048e-10 -2.63576e-09 0)
(2.63663e-10 -3.02623e-09 0)
(2.09042e-10 -3.35693e-09 0)
(1.34475e-10 -3.59742e-09 0)
(4.64077e-11 -3.72411e-09 0)
(8.39976e-16 2.68796e-15 0)
(2.51987e-15 -1.00821e-15 0)
(-2.8559e-15 -1.37756e-14 0)
(5.712e-15 -1.0416e-14 0)
(1.47841e-14 -2.8224e-14 0)
(4.33435e-14 -7.02235e-14 0)
(8.31594e-14 -1.53215e-13 0)
(1.57751e-13 -3.16846e-13 0)
(3.23398e-13 -6.4814e-13 0)
(6.14708e-13 -1.2815e-12 0)
(1.12626e-12 -2.44438e-12 0)
(2.01179e-12 -4.55647e-12 0)
(3.44868e-12 -8.24706e-12 0)
(5.7506e-12 -1.45023e-11 0)
(9.2648e-12 -2.4758e-11 0)
(1.43869e-11 -4.09988e-11 0)
(2.15773e-11 -6.58297e-11 0)
(3.11534e-11 -1.02425e-10 0)
(4.32658e-11 -1.54287e-10 0)
(5.76908e-11 -2.24927e-10 0)
(7.36991e-11 -3.17185e-10 0)
(9.00131e-11 -4.32505e-10 0)
(1.04807e-10 -5.70116e-10 0)
(1.15838e-10 -7.26348e-10 0)
(1.20784e-10 -8.94243e-10 0)
(1.1767e-10 -1.06374e-09 0)
(1.05246e-10 -1.22242e-09 0)
(8.34991e-11 -1.35693e-09 0)
(5.37447e-11 -1.45479e-09 0)
(1.85551e-11 -1.50638e-09 0)
(-3.35966e-16 3.35961e-16 0)
(3.3599e-15 -1.0079e-15 0)
(-9.07183e-15 -1.34406e-15 0)
(1.51202e-15 -3.69593e-15 0)
(1.00797e-14 -9.74387e-15 0)
(1.3104e-14 -2.08319e-14 0)
(2.6376e-14 -5.10716e-14 0)
(6.58554e-14 -1.17599e-13 0)
(1.22807e-13 -2.45614e-13 0)
(2.28478e-13 -4.87197e-13 0)
(4.31253e-13 -9.4449e-13 0)
(7.66075e-13 -1.76432e-12 0)
(1.32736e-12 -3.20643e-12 0)
(2.21842e-12 -5.65585e-12 0)
(3.57535e-12 -9.6764e-12 0)
(5.56782e-12 -1.60604e-11 0)
(8.37693e-12 -2.5849e-11 0)
(1.21161e-11 -4.02932e-11 0)
(1.68533e-11 -6.08146e-11 0)
(2.25174e-11 -8.88223e-11 0)
(2.88173e-11 -1.25476e-10 0)
(3.52514e-11 -1.71384e-10 0)
(4.11098e-11 -2.26254e-10 0)
(4.54958e-11 -2.8865e-10 0)
(4.7501e-11 -3.55812e-10 0)
(4.63245e-11 -4.23688e-10 0)
(4.14675e-11 -4.87309e-10 0)
(3.29219e-11 -5.41275e-10 0)
(2.11976e-11 -5.80569e-10 0)
(7.31736e-12 -6.01287e-10 0)
(3.35991e-16 -1.34385e-15 0)
(-1.00795e-15 2.35195e-15 0)
(-6.8879e-15 -4.70388e-15 0)
(4.03179e-15 1.3439e-15 0)
(-2.35184e-15 -2.35204e-15 0)
(3.02413e-15 -1.24318e-14 0)
(1.42797e-14 -1.81439e-14 0)
(2.50318e-14 -3.6288e-14 0)
(4.19998e-14 -9.27354e-14 0)
(8.73593e-14 -1.83119e-13 0)
(1.56575e-13 -3.5347e-13 0)
(2.95342e-13 -6.77707e-13 0)
(4.92405e-13 -1.23009e-12 0)
(8.48394e-13 -2.17861e-12 0)
(1.36398e-12 -3.73697e-12 0)
(2.13359e-12 -6.21797e-12 0)
(3.21852e-12 -1.00218e-11 0)
(4.65306e-12 -1.56558e-11 0)
(6.48879e-12 -2.36858e-11 0)
(8.67848e-12 -3.46504e-11 0)
(1.11296e-11 -4.90237e-11 0)
(1.36328e-11 -6.70665e-11 0)
(1.59221e-11 -8.86624e-11 0)
(1.76476e-11 -1.13266e-10 0)
(1.84416e-11 -1.39778e-10 0)
(1.80101e-11 -1.66603e-10 0)
(1.61333e-11 -1.91773e-10 0)
(1.28119e-11 -2.13146e-10 0)
(8.25849e-12 -2.28708e-10 0)
(2.85212e-12 -2.36921e-10 0)
(5.03975e-16 4.36784e-15 0)
(3.3599e-15 1.81435e-14 0)
(-7.39182e-15 -6.04777e-15 0)
(1.67996e-16 6.71978e-16 0)
(-2.18396e-15 -2.35191e-15 0)
(1.44475e-14 -2.35205e-15 0)
(-1.27675e-14 -6.71997e-15 0)
(7.55994e-15 -1.00799e-14 0)
(1.42799e-14 -3.25918e-14 0)
(2.97359e-14 -7.08954e-14 0)
(6.01435e-14 -1.32719e-13 0)
(1.01303e-13 -2.5099e-13 0)
(1.84463e-13 -4.69053e-13 0)
(3.18862e-13 -8.27226e-13 0)
(5.13069e-13 -1.42665e-12 0)
(8.06227e-13 -2.38122e-12 0)
(1.22068e-12 -3.8381e-12 0)
(1.76516e-12 -6.01906e-12 0)
(2.47009e-12 -9.09815e-12 0)
(3.30874e-12 -1.33428e-11 0)
(4.24063e-12 -1.89271e-11 0)
(5.21334e-12 -2.59155e-11 0)
(6.09903e-12 -3.43101e-11 0)
(6.76699e-12 -4.38907e-11 0)
(7.06721e-12 -5.42203e-11 0)
(6.92323e-12 -6.46943e-11 0)
(6.20134e-12 -7.4526e-11 0)
(4.92623e-12 -8.28748e-11 0)
(3.1782e-12 -8.89678e-11 0)
(1.09905e-12 -9.21759e-11 0)
(-4.03193e-15 -3.02382e-15 0)
(-5.04002e-16 -1.17594e-14 0)
(5.54381e-15 1.34389e-15 0)
(-2.51992e-15 2.01598e-15 0)
(-3.19194e-15 -1.34397e-15 0)
(3.36101e-16 -2.68787e-15 0)
(-6.72124e-16 -1.67995e-15 0)
(1.84796e-15 -9.40782e-15 0)
(4.70388e-15 -8.39994e-15 0)
(1.37758e-14 -1.9824e-14 0)
(1.81441e-14 -3.79679e-14 0)
(3.74637e-14 -9.17273e-14 0)
(6.85436e-14 -1.69007e-13 0)
(1.18607e-13 -3.0475e-13 0)
(1.88999e-13 -5.26509e-13 0)
(3.00382e-13 -8.93754e-13 0)
(4.57461e-13 -1.44983e-12 0)
(6.60404e-13 -2.27605e-12 0)
(9.24162e-13 -3.46682e-12 0)
(1.24689e-12 -5.08163e-12 0)
(1.6022e-12 -7.20984e-12 0)
(1.96172e-12 -9.90219e-12 0)
(2.3083e-12 -1.31197e-11 0)
(2.56232e-12 -1.67979e-11 0)
(2.68009e-12 -2.07825e-11 0)
(2.627e-12 -2.48161e-11 0)
(2.35266e-12 -2.85958e-11 0)
(1.86815e-12 -3.1824e-11 0)
(1.20993e-12 -3.4173e-11 0)
(4.15461e-13 -3.54155e-11 0)
(2.35193e-15 9.40778e-15 0)
(-6.04786e-15 6.38385e-15 0)
(-1.67997e-15 5.37585e-15 0)
(-1.67994e-15 3.02394e-15 0)
(-1.68002e-15 1.34397e-15 0)
(5.5439e-15 3.69585e-15 0)
(-6.04794e-15 1.67994e-15 0)
(-3.52789e-15 -4.36784e-15 0)
(-4.53584e-15 -2.688e-15 0)
(3.19195e-15 -1.34396e-14 0)
(1.09197e-14 -7.72804e-15 0)
(9.07213e-15 -3.15838e-14 0)
(2.53678e-14 -6.04796e-14 0)
(4.16638e-14 -1.11551e-13 0)
(7.17354e-14 -1.96223e-13 0)
(1.11887e-13 -3.2827e-13 0)
(1.67999e-13 -5.41292e-13 0)
(2.47966e-13 -8.56458e-13 0)
(3.43894e-13 -1.29729e-12 0)
(4.63173e-13 -1.90544e-12 0)
(5.9858e-13 -2.72293e-12 0)
(7.29619e-13 -3.72756e-12 0)
(8.62338e-13 -4.95429e-12 0)
(9.55578e-13 -6.35472e-12 0)
(1.00094e-12 -7.86335e-12 0)
(9.82625e-13 -9.39416e-12 0)
(8.85186e-13 -1.08426e-11 0)
(6.99715e-13 -1.20751e-11 0)
(4.63341e-13 -1.29749e-11 0)
(1.55567e-13 -1.34503e-11 0)
(5.03994e-16 4.36784e-15 0)
(2.51996e-15 7.3918e-15 0)
(5.87984e-15 1.34404e-15 0)
(-5.03989e-16 -2.35198e-15 0)
(1.00798e-15 -1.00795e-15 0)
(-1.17593e-15 3.02392e-15 0)
(5.04006e-16 -2.35186e-15 0)
(-2.68801e-15 4.03176e-15 0)
(2.01587e-15 -1.67986e-15 0)
(-4.5359e-15 1.34388e-15 0)
(-3.02374e-15 -2.01588e-15 0)
(1.25996e-14 -9.74394e-15 0)
(-2.01586e-15 -2.21759e-14 0)
(1.88158e-14 -3.83036e-14 0)
(2.3016e-14 -6.48477e-14 0)
(3.96477e-14 -1.20623e-13 0)
(6.21596e-14 -1.99247e-13 0)
(9.03833e-14 -3.1315e-13 0)
(1.23479e-13 -4.79133e-13 0)
(1.68335e-13 -7.16683e-13 0)
(2.22094e-13 -1.00497e-12 0)
(2.68126e-13 -1.39305e-12 0)
(3.22558e-13 -1.85236e-12 0)
(3.51958e-13 -2.3745e-12 0)
(3.71109e-13 -2.942e-12 0)
(3.61366e-13 -3.52596e-12 0)
(3.31462e-13 -4.06759e-12 0)
(2.57206e-13 -4.52522e-12 0)
(1.69511e-13 -4.85718e-12 0)
(6.11515e-14 -5.03593e-12 0)
(2.01588e-15 -1.07517e-14 0)
(-6.55181e-15 1.00803e-15 0)
(1.176e-15 -3.69582e-15 0)
(-1.51191e-15 1.34406e-15 0)
(1.3439e-15 -1.34385e-15 0)
(-5.03975e-16 1.00806e-15 0)
(1.3439e-15 4.03187e-15 0)
(-6.38385e-15 8.45203e-20 0)
(1.17595e-15 6.38378e-15 0)
(-4.36787e-15 3.36071e-16 0)
(4.03175e-15 5.71185e-15 0)
(4.19998e-15 -2.35192e-15 0)
(-3.02388e-15 -3.35997e-15 0)
(4.36799e-15 -6.38419e-15 0)
(1.41118e-14 -2.48637e-14 0)
(5.04014e-15 -3.79678e-14 0)
(2.77197e-14 -6.68635e-14 0)
(3.09118e-14 -1.13567e-13 0)
(4.11597e-14 -1.72703e-13 0)
(6.18236e-14 -2.53006e-13 0)
(7.52635e-14 -3.72621e-13 0)
(1.02815e-13 -5.07357e-13 0)
(1.12559e-13 -6.76027e-13 0)
(1.36247e-13 -8.78634e-13 0)
(1.27175e-13 -1.08124e-12 0)
(1.36919e-13 -1.2983e-12 0)
(1.27847e-13 -1.50594e-12 0)
(8.68556e-14 -1.67092e-12 0)
(6.24956e-14 -1.79759e-12 0)
(2.21758e-14 -1.86781e-12 0)
(1.34393e-15 5.03982e-15 0)
(-9.07167e-15 -5.71182e-15 0)
(8.39973e-15 6.71971e-15 0)
(-3.35984e-16 6.04789e-15 0)
(-1.34396e-15 1.14236e-14 0)
(-2.85592e-15 3.69593e-15 0)
(1.51193e-15 -2.01587e-15 0)
(-4.70391e-15 3.69594e-15 0)
(-2.35199e-15 -1.67986e-15 0)
(2.01584e-15 5.37584e-15 0)
(-2.68786e-15 2.68788e-15 0)
(2.51999e-15 1.67997e-15 0)
(-2.68794e-15 -3.69587e-15 0)
(3.02393e-15 -8.39971e-15 0)
(7.72783e-15 -5.71198e-15 0)
(-8.3992e-16 -1.17599e-14 0)
(7.22392e-15 -2.38559e-14 0)
(1.41118e-14 -3.42719e-14 0)
(5.20822e-15 -6.38395e-14 0)
(2.77196e-14 -9.71032e-14 0)
(2.25119e-14 -1.29023e-13 0)
(2.23441e-14 -1.86479e-13 0)
(4.36796e-14 -2.38559e-13 0)
(5.10715e-14 -3.1315e-13 0)
(4.78796e-14 -3.93117e-13 0)
(5.47676e-14 -4.82493e-13 0)
(4.33438e-14 -5.45996e-13 0)
(3.71277e-14 -6.07148e-13 0)
(2.93997e-14 -6.65611e-13 0)
(8.73594e-15 -6.80731e-13 0)
(2.35192e-15 -1.10877e-14 0)
(4.53589e-15 1.6799e-15 0)
(6.71967e-16 -2.35181e-15 0)
(2.016e-15 4.03197e-15 0)
(5.04044e-16 1.00813e-15 0)
(-6.72062e-16 -5.71171e-15 0)
(-2.18397e-15 6.38386e-15 0)
(-3.69595e-15 5.71182e-15 0)
(3.69585e-15 1.008e-15 0)
(-7.89577e-15 6.71918e-16 0)
(-1.84804e-15 -9.74359e-15 0)
(3.02392e-15 1.00794e-15 0)
(-6.04793e-15 6.71972e-15 0)
(3.19189e-15 6.72004e-16 0)
(-3.86379e-15 1.34389e-15 0)
(8.3994e-16 3.35904e-16 0)
(-1.8479e-15 -4.70406e-15 0)
(3.86398e-15 -1.20959e-14 0)
(6.55185e-15 -1.54561e-14 0)
(5.04007e-15 -3.12477e-14 0)
(2.08316e-14 -3.89758e-14 0)
(4.53608e-15 -6.48475e-14 0)
(1.61278e-14 -9.13912e-14 0)
(1.37761e-14 -1.08527e-13 0)
(2.48636e-14 -1.39103e-13 0)
(1.78079e-14 -1.69343e-13 0)
(1.0584e-14 -1.91519e-13 0)
(8.73598e-15 -2.18062e-13 0)
(1.41119e-14 -2.29151e-13 0)
(8.39979e-16 -2.3923e-13 0)
(1.51196e-15 5.71181e-15 0)
(6.71989e-16 1.34401e-15 0)
(-3.35988e-15 2.35194e-15 0)
(-6.72002e-16 3.35993e-16 0)
(4.36779e-15 6.04788e-15 0)
(-8.23178e-15 6.71969e-15 0)
(6.35616e-21 1.67998e-15 0)
(-8.40053e-16 -5.71172e-15 0)
(-1.00804e-15 1.00793e-15 0)
(-5.04021e-16 -1.00794e-15 0)
(-4.19989e-15 3.0238e-15 0)
(-1.34397e-15 1.00803e-15 0)
(-6.71984e-15 -4.36778e-15 0)
(1.34393e-15 -1.0081e-15 0)
(1.34388e-15 -2.0159e-15 0)
(2.18394e-15 -9.07174e-15 0)
(-1.34399e-15 -7.05585e-15 0)
(4.87195e-15 -8.73581e-15 0)
(-4.36783e-15 -8.73583e-15 0)
(4.03196e-15 -1.41119e-14 0)
(1.14238e-14 -1.41118e-14 0)
(6.04796e-15 -1.07523e-14 0)
(-1.17576e-15 -3.19198e-14 0)
(1.27676e-14 -3.72958e-14 0)
(2.85617e-15 -4.50238e-14 0)
(6.55191e-15 -5.37598e-14 0)
(6.38386e-15 -6.48475e-14 0)
(3.3612e-16 -7.69434e-14 0)
(5.87993e-15 -8.36635e-14 0)
(-1.67967e-16 -8.60155e-14 0)
(4.0339e-20 2.01602e-15 0)
(1.34396e-15 1.17597e-14 0)
(4.70385e-15 3.21715e-20 0)
(-1.84793e-15 -3.3596e-16 0)
(-4.87178e-15 2.68795e-15 0)
(-1.00801e-15 -1.34382e-15 0)
(8.39899e-16 1.34402e-15 0)
(-5.03995e-15 6.71981e-16 0)
(-6.88776e-15 2.33456e-20 0)
(6.71855e-16 -3.02383e-15 0)
(-1.84799e-15 -3.35958e-16 0)
(2.35197e-15 -1.67998e-15 0)
(-1.00814e-15 2.01598e-15 0)
(-4.36785e-15 2.01601e-15 0)
(-2.51998e-15 -1.67994e-15 0)
(-3.35979e-16 -2.01605e-15 0)
(-3.19185e-15 -3.35986e-16 0)
(8.39973e-15 1.00792e-15 0)
(1.00799e-15 -5.20827e-20 0)
(4.36798e-15 -6.7205e-16 0)
(3.86392e-15 -5.37594e-15 0)
(5.04022e-16 -5.37588e-15 0)
(3.02395e-15 -1.10879e-14 0)
(-1.00787e-15 -1.07519e-14 0)
(5.54385e-15 -1.57918e-14 0)
(-1.6798e-15 -1.88157e-14 0)
(4.70386e-15 -2.01599e-14 0)
(-1.67879e-16 -2.62077e-14 0)
(6.88771e-15 -2.58717e-14 0)
(-1.84792e-15 -2.75517e-14 0)
(3.69591e-15 1.00804e-15 0)
(-3.35989e-15 -6.38372e-15 0)
(5.03944e-16 -3.35893e-16 0)
(1.17596e-15 -1.00797e-15 0)
(4.0319e-15 6.72022e-16 0)
(1.00797e-15 6.71974e-16 0)
(-2.688e-15 6.04785e-15 0)
(-7.05581e-15 7.0559e-15 0)
(7.22363e-15 -2.63911e-20 0)
(-1.44476e-14 2.68783e-15 0)
(-3.02394e-15 3.0239e-15 0)
(5.54378e-15 -1.6799e-15 0)
(-1.00797e-14 6.04776e-15 0)
(-5.35433e-20 1.00796e-15 0)
(-5.54385e-15 2.01585e-15 0)
(8.39925e-16 -3.02383e-15 0)
(3.52784e-15 3.35891e-16 0)
(1.43697e-19 2.35197e-15 0)
(1.17606e-15 -3.02389e-15 0)
(1.20956e-14 -3.69586e-15 0)
(-8.73573e-15 -1.00798e-15 0)
(4.53593e-15 -1.34399e-15 0)
(1.176e-15 -4.70387e-15 0)
(-1.17593e-15 -4.368e-15 0)
(7.89579e-15 -6.72001e-16 0)
(-1.00807e-15 3.35799e-16 0)
(-1.17588e-15 -6.04798e-15 0)
(3.35987e-15 -1.00826e-15 0)
(-5.71177e-15 -1.00798e-14 0)
(-5.04023e-16 -6.72393e-16 0)
(2.93582e-20 5.71188e-15 0)
(1.00792e-15 1.31036e-14 0)
(-6.71981e-15 7.05575e-15 0)
(-1.34392e-15 -1.34397e-15 0)
(3.8638e-15 -1.34395e-15 0)
(-1.34391e-15 5.3759e-15 0)
(-7.72789e-15 1.68005e-15 0)
(-3.36028e-16 4.70381e-15 0)
(-4.03182e-15 4.03199e-15 0)
(-1.36456e-19 6.72082e-16 0)
(-3.36037e-16 -4.70392e-15 0)
(-2.3519e-15 3.35937e-16 0)
(1.0078e-15 -4.36782e-15 0)
(-1.67971e-16 -1.00803e-15 0)
(-3.36094e-16 -9.40773e-15 0)
(-4.70385e-15 4.36781e-15 0)
(-1.84798e-15 7.05583e-15 0)
(8.0638e-15 -1.00802e-15 0)
(-4.03191e-15 4.03189e-15 0)
(8.40098e-16 9.74375e-15 0)
(1.34403e-15 2.68787e-15 0)
(6.71977e-15 -2.01595e-15 0)
(-4.03187e-15 6.71959e-15 0)
(1.00789e-15 -8.73573e-15 0)
(-8.39885e-16 2.68781e-15 0)
(-6.71829e-16 -5.71184e-15 0)
(4.5359e-15 -1.00796e-14 0)
(8.39916e-16 -4.70383e-15 0)
(-1.84797e-15 3.69575e-15 0)
(1.61117e-21 -8.39961e-15 0)
(1.00794e-15 -1.6799e-15 0)
(-8.3996e-16 -7.39182e-15 0)
(-2.01601e-15 3.36063e-16 0)
(3.52786e-15 3.36011e-16 0)
(-1.17586e-15 -2.01596e-15 0)
(1.67992e-15 1.34398e-15 0)
(1.00795e-15 -1.00804e-15 0)
(-2.51996e-15 -4.7038e-15 0)
(-1.00803e-15 -3.35991e-15 0)
(-8.23188e-15 4.70378e-15 0)
(3.02398e-15 -2.01588e-15 0)
(-1.00806e-15 4.03193e-15 0)
(-1.22637e-14 -1.34396e-15 0)
(4.70377e-15 1.00792e-15 0)
(-7.89574e-15 4.36784e-15 0)
(-3.36116e-16 3.35982e-16 0)
(-3.02389e-15 -8.39974e-15 0)
(3.36034e-16 -3.02385e-15 0)
(-1.34401e-15 -4.36788e-15 0)
(3.19194e-15 -5.0399e-15 0)
(9.74384e-15 -8.06376e-15 0)
(-2.01597e-15 -4.36795e-15 0)
(-5.37587e-15 -1.14236e-14 0)
(-1.34384e-15 -1.13099e-19 0)
(2.35191e-15 -4.3679e-15 0)
(7.39174e-15 -6.71946e-16 0)
(1.51198e-15 6.71967e-15 0)
(2.68799e-15 7.72782e-15 0)
(2.68799e-15 -1.00785e-15 0)
(3.97626e-20 -4.03204e-15 0)
(6.71964e-16 2.68785e-15 0)
(-7.05577e-15 -3.35909e-16 0)
(-5.03999e-16 5.37584e-15 0)
(1.84795e-15 -3.02394e-15 0)
(-1.84803e-15 4.36778e-15 0)
(-3.02388e-15 1.67992e-15 0)
(1.02477e-14 -5.71184e-15 0)
(-6.21586e-15 -1.34406e-15 0)
(5.71185e-15 4.03186e-15 0)
(-1.27678e-14 -6.38375e-15 0)
(-2.01607e-15 -3.36007e-15 0)
(-1.00791e-15 8.39975e-15 0)
(-1.05245e-19 -2.35196e-15 0)
(-3.86387e-15 -8.73581e-15 0)
(3.52782e-15 -5.71183e-15 0)
(-7.22378e-15 -3.02393e-15 0)
(1.51183e-15 7.39177e-15 0)
(2.68794e-15 2.68783e-15 0)
(-4.53588e-15 -1.00801e-15 0)
(3.35996e-15 7.7278e-15 0)
(8.73586e-15 3.35983e-15 0)
(-6.71985e-15 -1.00798e-15 0)
(-3.69586e-15 5.71175e-15 0)
(1.39435e-14 -1.68001e-15 0)
(-2.85578e-15 -3.35955e-16 0)
(-1.00786e-15 1.00785e-15 0)
(-7.05574e-15 -6.71808e-16 0)
(4.36791e-15 -4.36787e-15 0)
(9.57574e-15 4.3678e-15 0)
(2.01591e-15 -5.0398e-15 0)
(1.17597e-15 -6.71907e-16 0)
(6.04772e-15 -4.704e-15 0)
(-2.68794e-15 -8.73575e-15 0)
(-5.03969e-16 4.70384e-15 0)
(-2.6879e-15 -1.17596e-14 0)
(1.51193e-15 -1.37757e-14 0)
(-3.52789e-15 -3.36012e-15 0)
(-2.51997e-15 4.03184e-15 0)
(4.19985e-15 -2.68787e-15 0)
(-9.40781e-15 1.34392e-15 0)
(-5.20791e-15 -8.73576e-15 0)
(-3.36073e-16 -9.07175e-15 0)
(-4.19997e-15 -1.68017e-15 0)
(1.00795e-15 1.67999e-15 0)
(-1.51195e-15 1.67983e-15 0)
(-1.68133e-16 6.71935e-16 0)
(-6.04774e-15 -1.00798e-14 0)
(1.17593e-15 -4.70387e-15 0)
(-5.71184e-15 -1.67993e-15 0)
(2.68789e-15 -7.05589e-15 0)
(4.20002e-15 -4.36784e-15 0)
(-2.01603e-15 -6.72029e-16 0)
(2.01593e-15 -1.34397e-14 0)
(-6.71757e-16 -3.02385e-15 0)
(1.07516e-14 3.35978e-15 0)
(2.35199e-15 -1.0078e-15 0)
(7.22383e-15 1.37754e-14 0)
(2.35199e-15 -3.02394e-15 0)
(-4.53579e-15 -3.69588e-15 0)
(-2.01588e-15 1.34394e-15 0)
(-5.0395e-16 2.01582e-15 0)
(-3.35933e-16 -1.67997e-15 0)
(-4.70384e-15 3.35931e-16 0)
(5.0393e-16 -6.72021e-16 0)
(-1.68075e-16 -1.00811e-15 0)
(-3.35975e-16 -2.68805e-15 0)
(-1.34404e-15 -1.04159e-14 0)
(-3.6959e-15 -2.31834e-14 0)
(-6.88786e-15 2.35178e-15 0)
(2.18384e-15 1.67981e-15 0)
(1.84786e-15 -2.01614e-15 0)
(-3.86382e-15 2.35172e-15 0)
(-3.86394e-15 -1.17596e-14 0)
(-2.51996e-15 -2.35207e-15 0)
(-3.86387e-15 -6.71978e-15 0)
(-2.18402e-15 -3.35998e-15 0)
(3.02388e-15 -2.68796e-15 0)
(-3.69588e-15 1.67991e-15 0)
(3.35987e-16 2.35183e-15 0)
(2.35193e-15 -4.70381e-15 0)
(5.20788e-15 -1.02588e-19 0)
(-7.05578e-15 2.3519e-15 0)
(1.34403e-15 4.03197e-15 0)
(3.02382e-15 1.00786e-15 0)
(-4.0317e-15 -5.37579e-15 0)
(5.71184e-15 -4.36797e-15 0)
(8.39992e-15 -1.10875e-14 0)
(8.39973e-16 -4.36794e-15 0)
(-1.344e-15 4.36786e-15 0)
(1.51191e-15 -3.3599e-15 0)
(1.17593e-15 -3.35994e-15 0)
(-1.84805e-15 -1.17597e-14 0)
(-2.18401e-15 3.69576e-15 0)
(-2.01591e-15 -1.34404e-15 0)
(8.39884e-16 -4.36796e-15 0)
(2.35195e-15 -3.69614e-15 0)
(3.1919e-15 -7.72773e-15 0)
(-1.20957e-14 1.14235e-14 0)
(1.00788e-15 -6.04788e-15 0)
(-3.36002e-15 -7.72782e-15 0)
(-5.87967e-15 -7.39191e-15 0)
(5.71179e-15 -1.64636e-14 0)
(6.71891e-16 -2.01624e-15 0)
(-5.77722e-20 1.68e-15 0)
(-5.04019e-16 -1.34416e-15 0)
(-2.01593e-15 -3.35999e-15 0)
(2.18396e-15 -5.3759e-15 0)
(2.35194e-15 -4.704e-15 0)
(1.84794e-15 -2.68794e-15 0)
(2.18404e-15 -3.36085e-16 0)
(6.72071e-16 -2.01588e-15 0)
(1.3439e-15 -5.37577e-15 0)
(-8.39985e-16 2.35203e-15 0)
(7.22382e-15 4.36794e-15 0)
(-6.71936e-16 -8.73573e-15 0)
(5.04077e-16 2.35185e-15 0)
(1.10877e-14 3.35986e-15 0)
(-4.1998e-15 3.02393e-15 0)
(-8.3997e-15 -1.17597e-14 0)
(1.6799e-15 2.01599e-15 0)
(3.35996e-16 -6.71988e-15 0)
(-2.01588e-15 -1.68016e-15 0)
(-5.04083e-16 -1.20957e-14 0)
(-8.40058e-16 -1.71355e-14 0)
(-1.17597e-14 -2.68806e-15 0)
(8.39948e-16 -1.27676e-14 0)
(-3.52796e-15 -6.38403e-15 0)
(5.03978e-15 -1.37757e-14 0)
(-3.36043e-16 -1.54557e-14 0)
(-6.71976e-15 -1.37758e-14 0)
(7.39161e-15 -1.07518e-14 0)
(-2.85589e-15 -1.31038e-14 0)
(-1.57916e-14 -4.70395e-15 0)
(-1.34399e-15 -4.70387e-15 0)
(1.84799e-15 -8.39976e-15 0)
(-2.01597e-15 -3.35998e-15 0)
(2.35198e-15 -1.18816e-19 0)
(1.34398e-15 -6.04782e-15 0)
(1.848e-15 -9.4078e-15 0)
(1.00805e-15 -3.36025e-16 0)
(3.35996e-15 2.01591e-15 0)
(8.39999e-16 6.71981e-15 0)
(-5.71187e-15 1.41115e-14 0)
(-1.00787e-15 2.35202e-15 0)
(5.7118e-15 7.05569e-15 0)
(-3.35867e-16 -4.03181e-15 0)
(4.536e-15 -3.02403e-15 0)
(7.22379e-15 1.67995e-15 0)
(8.23165e-15 8.06374e-15 0)
(-3.35962e-16 3.35987e-15 0)
(8.39946e-16 -6.04795e-15 0)
(-2.68804e-15 -3.36005e-15 0)
(-8.06379e-15 1.00787e-15 0)
(-1.34404e-15 -2.59148e-19 0)
(-7.39196e-15 -1.34407e-15 0)
(5.54391e-15 -1.68018e-15 0)
(-7.8959e-15 -3.02406e-15 0)
(3.19193e-15 -4.70403e-15 0)
(-9.74368e-15 -6.04801e-15 0)
(3.69574e-15 -5.04007e-15 0)
(-9.40769e-15 -7.72797e-15 0)
(3.19194e-15 -2.35214e-15 0)
(-1.68125e-16 -6.04783e-15 0)
(-3.3598e-16 -1.34406e-15 0)
(2.8559e-15 -1.34407e-15 0)
(4.6753e-20 -3.35991e-15 0)
(1.51191e-15 -3.35986e-15 0)
(3.36004e-15 -1.34404e-15 0)
(6.71951e-16 -6.72073e-16 0)
(6.21587e-15 -6.72019e-16 0)
(7.89587e-15 3.97862e-20 0)
(2.85591e-15 1.06399e-19 0)
(-3.35985e-15 1.5823e-19 0)
(6.04779e-15 6.72062e-16 0)
(-1.17577e-15 1.00802e-15 0)
(3.86378e-15 7.12405e-21 0)
(8.73588e-15 6.71976e-16 0)
(-6.88778e-15 -1.0079e-15 0)
(-8.39957e-16 -2.01591e-15 0)
(-3.35971e-16 6.71982e-16 0)
(8.39927e-16 -5.71191e-15 0)
(-1.17598e-14 -5.71182e-15 0)
(-2.18403e-15 -8.06389e-15 0)
(-3.35996e-15 -1.27677e-14 0)
(-5.87991e-15 -7.0559e-15 0)
(-5.03995e-16 -7.3918e-15 0)
(1.67896e-16 -7.39183e-15 0)
(-5.54389e-15 -1.67999e-15 0)
(7.22382e-15 -5.37591e-15 0)
(-4.53589e-15 -6.04791e-15 0)
(3.52789e-15 -4.03186e-15 0)
(2.01585e-15 -1.34396e-15 0)
(1.12364e-19 3.02388e-15 0)
(-1.176e-15 2.68788e-15 0)
(6.71869e-20 1.67998e-15 0)
(1.17593e-15 2.35195e-15 0)
(-4.03188e-15 7.39177e-15 0)
(3.52799e-15 -1.35495e-21 0)
(-1.17595e-15 -2.35192e-15 0)
(7.55982e-15 -4.70386e-15 0)
(1.84816e-15 2.68792e-15 0)
(3.52794e-15 4.3678e-15 0)
(3.36016e-16 -1.00793e-15 0)
(-3.35919e-16 5.0398e-15 0)
(1.29356e-14 1.34413e-15 0)
(-4.87167e-15 2.68787e-15 0)
(5.2078e-15 -6.04771e-15 0)
(-4.36793e-15 5.37578e-15 0)
(-2.35184e-15 -2.01597e-15 0)
(3.35977e-16 3.36042e-16 0)
(6.7193e-16 4.7038e-15 0)
(-6.88787e-15 -1.07518e-14 0)
(-5.04068e-16 2.01587e-15 0)
(-2.01601e-15 1.67992e-15 0)
(-4.19991e-15 -2.35199e-15 0)
(-8.40057e-16 5.0398e-15 0)
(-2.18393e-15 -5.63332e-20 0)
(-3.52794e-15 -2.35202e-15 0)
(-6.7198e-16 -2.01601e-15 0)
(-3.19188e-15 1.57417e-21 0)
(2.01595e-15 2.6878e-15 0)
(-5.54379e-15 1.00795e-15 0)
(6.38376e-15 1.23777e-20 0)
(4.19991e-15 -3.35982e-16 0)
(1.00801e-15 -3.69581e-15 0)
(-1.67997e-15 1.34391e-15 0)
(-2.18395e-15 1.49938e-20 0)
(4.19982e-15 1.34402e-15 0)
(-6.71844e-16 4.03185e-15 0)
(3.36098e-16 -3.35978e-16 0)
(1.37756e-14 -2.68799e-15 0)
(1.68001e-15 -6.71975e-15 0)
(2.01598e-15 2.35191e-15 0)
(-1.17591e-15 -2.01586e-15 0)
(-1.51185e-15 4.36774e-15 0)
(5.71186e-15 3.02401e-15 0)
(-3.86386e-15 7.7277e-15 0)
(5.04014e-16 -2.68786e-15 0)
(9.74367e-15 1.00804e-15 0)
(6.72016e-16 1.0079e-15 0)
(-1.00794e-15 -6.71929e-16 0)
(2.01579e-15 -1.344e-15 0)
(1.68142e-16 -4.70393e-15 0)
(-1.68002e-15 1.34384e-15 0)
(-1.0081e-15 -6.04783e-15 0)
(-8.06373e-15 1.00792e-15 0)
(2.6878e-15 -1.34389e-15 0)
(3.36004e-15 -3.69596e-15 0)
(-8.40018e-16 -3.69599e-15 0)
(4.87184e-15 6.71956e-16 0)
(-3.36007e-16 -2.68791e-15 0)
(-4.36791e-15 -1.34392e-15 0)
(2.52e-15 3.02386e-15 0)
(-3.19189e-15 -7.05577e-15 0)
(8.39957e-16 1.04156e-14 0)
(3.0239e-15 -3.35931e-16 0)
(-3.35988e-15 -3.35984e-15 0)
(5.04119e-16 2.35193e-15 0)
(3.35979e-15 6.71992e-16 0)
(5.71185e-15 -2.01596e-15 0)
(6.55207e-15 -2.79816e-20 0)
(-1.67994e-15 -3.36021e-16 0)
(-2.18382e-15 -5.71187e-15 0)
(9.74366e-15 1.34396e-15 0)
(-4.03178e-15 -9.40755e-15 0)
(8.39961e-15 7.39175e-15 0)
(-4.70376e-15 -6.0478e-15 0)
(5.54381e-15 -6.52025e-20 0)
(-5.5437e-15 -3.02402e-15 0)
(4.36779e-15 -2.68785e-15 0)
(-6.72005e-16 -2.35218e-15 0)
(-6.21578e-15 2.68789e-15 0)
(1.51189e-15 -9.07188e-15 0)
(-1.68002e-15 -1.6799e-15 0)
(-4.70375e-15 3.35985e-15 0)
(5.87972e-15 -3.3589e-16 0)
(-6.55178e-15 1.00792e-15 0)
(4.7038e-15 1.00794e-15 0)
(-4.87184e-15 -3.02385e-15 0)
(2.01597e-15 -4.03189e-15 0)
(-5.04024e-16 -3.35974e-16 0)
(1.008e-15 -6.72066e-16 0)
(-1.34396e-15 -6.04776e-15 0)
(2.6879e-15 5.03968e-15 0)
(-1.00793e-15 -1.17597e-14 0)
(-2.35191e-15 -6.72009e-16 0)
(1.34381e-15 -2.35204e-15 0)
(6.88787e-15 -3.36033e-16 0)
(-6.21574e-15 1.34393e-15 0)
(2.52005e-15 1.34385e-15 0)
(5.20785e-15 -5.71186e-15 0)
(8.40056e-16 6.38369e-15 0)
(9.74367e-15 -7.72782e-15 0)
(-1.00778e-15 3.02381e-15 0)
(4.19982e-15 8.73566e-15 0)
(-5.71164e-15 3.56969e-20 0)
(6.04773e-15 -1.00787e-15 0)
(-2.68788e-15 -1.67993e-15 0)
(5.37597e-15 1.67997e-15 0)
(-4.03184e-15 -1.344e-15 0)
(1.67988e-15 -5.03969e-15 0)
(-4.36793e-15 -4.0319e-15 0)
(-4.19987e-15 -4.36785e-15 0)
(1.1759e-15 1.67988e-15 0)
(-1.51198e-15 -2.35197e-15 0)
(1.51192e-15 1.00793e-15 0)
(-8.39989e-15 1.34402e-15 0)
(-1.84793e-15 -4.36785e-15 0)
(1.00798e-14 3.69573e-15 0)
(-7.22383e-15 3.69589e-15 0)
(5.2079e-15 3.35876e-16 0)
(1.00798e-15 -1.67993e-15 0)
(-8.39986e-16 -4.03195e-15 0)
(1.51199e-15 -1.10876e-14 0)
(2.85595e-15 2.35203e-15 0)
(-7.72792e-15 3.35899e-16 0)
(-4.87173e-15 -4.368e-15 0)
(3.69579e-15 -5.03983e-15 0)
(2.18396e-15 -3.69585e-15 0)
(7.05586e-15 -2.016e-15 0)
(1.68125e-16 -5.71197e-15 0)
(2.18384e-15 -7.05579e-15 0)
(-7.2237e-15 -3.36075e-16 0)
(7.55976e-15 -7.39187e-15 0)
(-1.67843e-16 -1.34396e-15 0)
(4.53581e-15 1.34411e-15 0)
(3.86406e-15 5.03966e-15 0)
(-2.18389e-15 6.7193e-16 0)
(1.64635e-14 -5.03981e-15 0)
(2.18397e-15 -7.39183e-15 0)
(1.00796e-15 1.34379e-15 0)
(-2.18402e-15 9.40764e-15 0)
(-6.71966e-16 -1.3439e-15 0)
(-4.87189e-15 -1.67998e-15 0)
(2.85598e-15 -5.03984e-15 0)
(1.00791e-15 3.98359e-20 0)
(-9.91174e-15 2.68783e-15 0)
(-2.01603e-15 -4.368e-15 0)
(1.67996e-15 -4.03185e-15 0)
(-1.51192e-15 -1.07517e-14 0)
(3.69594e-15 -6.38387e-15 0)
(-1.67993e-15 6.71897e-16 0)
(-1.51203e-15 -1.00802e-15 0)
(-6.71987e-15 1.00797e-14 0)
(1.07517e-14 7.39162e-15 0)
(-6.71977e-15 -7.72775e-15 0)
(9.57562e-15 -4.36796e-15 0)
(-5.03971e-15 -2.01607e-15 0)
(-1.17589e-15 -1.00802e-15 0)
(8.73574e-15 -2.68798e-15 0)
(5.87988e-15 -5.71179e-15 0)
(-1.14237e-14 -3.696e-15 0)
(3.52788e-15 -4.03206e-15 0)
(1.68008e-15 -1.51195e-14 0)
(6.21574e-15 1.00781e-15 0)
(-1.67874e-16 1.3439e-15 0)
(6.21587e-15 -8.06368e-15 0)
(-1.84796e-15 -4.03193e-15 0)
(-3.6957e-15 5.0397e-15 0)
(-2.94821e-20 4.70385e-15 0)
(1.84791e-15 -6.0478e-15 0)
(-9.23969e-15 -6.71973e-15 0)
(1.07517e-14 3.02368e-15 0)
(-2.51989e-15 -4.03184e-15 0)
(6.04785e-15 -2.68803e-15 0)
(-3.36095e-16 -6.7213e-16 0)
(-5.71193e-15 -4.0319e-15 0)
(-3.52791e-15 -6.38392e-15 0)
(1.67945e-16 6.71884e-16 0)
(-3.36012e-16 -3.32659e-19 0)
(7.05584e-15 -1.67991e-15 0)
(-1.67993e-15 -5.37597e-15 0)
(-8.39937e-16 -3.36093e-16 0)
(-5.37586e-15 -2.41915e-14 0)
(-3.52794e-15 -1.07517e-14 0)
(3.86382e-15 1.34381e-15 0)
(-5.03971e-15 -1.00797e-14 0)
(5.71164e-15 -3.36002e-15 0)
(1.68088e-16 -4.36797e-15 0)
(-1.34376e-15 -4.70391e-15 0)
(8.23171e-15 5.37571e-15 0)
(-6.71994e-16 -5.03992e-15 0)
(-2.18386e-15 2.35203e-15 0)
(7.05581e-15 4.03159e-15 0)
(1.68167e-16 -1.04156e-14 0)
(6.71985e-15 2.0159e-15 0)
(3.02402e-15 -1.00805e-15 0)
(-6.71984e-16 -3.02392e-15 0)
(1.51188e-15 -6.71953e-16 0)
(-1.17594e-15 -1.34389e-15 0)
(3.35987e-15 -3.36001e-15 0)
(-4.70389e-15 -2.01601e-15 0)
(1.67962e-16 -5.37567e-15 0)
(1.00788e-15 6.04764e-15 0)
(-4.53596e-15 -3.02393e-15 0)
(-7.72763e-15 -6.04787e-15 0)
(-1.68133e-16 -7.056e-15 0)
(3.3594e-16 -1.10877e-14 0)
(-5.87986e-15 -2.0161e-15 0)
(8.40016e-16 -1.20956e-14 0)
(-1.84794e-15 -1.68022e-15 0)
(3.19184e-15 -8.39972e-15 0)
(3.02398e-15 -1.16501e-19 0)
(4.19976e-15 3.36006e-15 0)
(-6.55172e-15 5.03964e-15 0)
(-2.18396e-15 -5.03989e-15 0)
(4.19981e-15 2.68779e-15 0)
(3.36242e-16 -3.69589e-15 0)
(6.04779e-15 -2.352e-15 0)
(2.85586e-15 -5.71178e-15 0)
(-1.67807e-16 -1.34396e-15 0)
(6.71981e-16 -9.40774e-15 0)
(3.36014e-16 -6.38389e-15 0)
(9.91181e-15 -8.7357e-15 0)
(2.35193e-15 -8.06393e-15 0)
(4.19993e-15 -4.70392e-15 0)
(1.84802e-15 6.71892e-16 0)
(1.84798e-15 -6.7174e-20 0)
(5.04091e-16 -3.02383e-15 0)
(-6.7198e-16 1.6799e-15 0)
(2.01599e-15 -3.35996e-15 0)
(4.19977e-15 -4.03193e-15 0)
(-1.20956e-14 2.01576e-15 0)
(1.00791e-15 -8.73564e-15 0)
(-3.19193e-15 -3.02404e-15 0)
(1.00781e-15 -1.04158e-14 0)
(-2.688e-15 -1.10878e-14 0)
(-3.52788e-15 -1.00823e-15 0)
(-4.36799e-15 -8.39987e-15 0)
(2.352e-15 -4.70408e-15 0)
(-5.04004e-16 -6.71976e-15 0)
(1.68008e-15 -3.02398e-15 0)
(8.39876e-16 -4.03186e-15 0)
(-4.03176e-15 -1.68014e-15 0)
(8.39965e-15 -1.24315e-14 0)
(-8.73572e-15 -3.02402e-15 0)
(1.67995e-15 -1.67995e-15 0)
(6.71972e-15 -6.72048e-16 0)
(5.04237e-16 -1.00798e-15 0)
(-6.71963e-16 3.69572e-15 0)
(8.06385e-15 6.71979e-16 0)
(1.67995e-15 2.01587e-15 0)
(3.69595e-15 6.7197e-15 0)
(-6.71861e-16 4.70377e-15 0)
(3.36048e-16 -3.35992e-15 0)
(-1.17591e-15 -4.03193e-15 0)
(7.72789e-15 -6.38381e-15 0)
(-3.36008e-16 -3.69584e-15 0)
(5.87982e-15 7.72779e-15 0)
(3.36001e-16 -1.21501e-20 0)
(1.51197e-15 -3.35993e-15 0)
(-5.03998e-15 2.01588e-15 0)
(-5.87986e-15 -6.71913e-16 0)
(5.03824e-16 -3.3606e-16 0)
(-7.22374e-15 1.00786e-15 0)
(1.51189e-15 -1.34409e-15 0)
(-8.06384e-15 -2.352e-15 0)
(2.3519e-15 -3.35996e-15 0)
(-2.68791e-15 -8.73579e-15 0)
(1.008e-15 -3.35993e-15 0)
(-6.72008e-16 -1.34405e-15 0)
(3.35988e-15 2.68785e-15 0)
(-1.84783e-15 3.35979e-15 0)
(8.56769e-15 6.72105e-16 0)
(-6.21582e-15 2.35187e-15 0)
(3.19187e-15 -1.34391e-15 0)
(-4.36782e-15 3.36049e-16 0)
(6.72167e-16 -1.3439e-15 0)
(8.90367e-15 1.344e-15 0)
(3.35989e-15 5.12257e-20 0)
(3.02406e-15 3.35994e-16 0)
(-3.35965e-16 -6.71895e-16 0)
(1.51202e-15 -6.71924e-16 0)
(5.20788e-15 9.20882e-20 0)
(1.67996e-15 3.35981e-15 0)
(5.54399e-15 1.34391e-15 0)
(1.27676e-14 1.00792e-15 0)
(-1.07516e-14 2.68785e-15 0)
(5.20782e-15 4.70377e-15 0)
(-5.03959e-16 1.00793e-15 0)
(5.03967e-16 -2.01597e-15 0)
(-8.39988e-15 3.36076e-16 0)
(-1.68007e-15 1.34388e-15 0)
(-3.69593e-15 -3.36041e-16 0)
(-5.04062e-16 -9.74365e-15 0)
(-5.3759e-15 -6.04783e-15 0)
(-5.54388e-15 5.71181e-15 0)
(3.02391e-15 -1.00796e-15 0)
(5.37594e-15 3.35989e-15 0)
(1.00791e-15 3.69583e-15 0)
(-2.68787e-15 -3.35906e-16 0)
(3.86399e-15 4.36796e-15 0)
(6.71912e-16 -7.72762e-15 0)
(-9.40779e-15 7.05561e-15 0)
(4.70384e-15 8.3998e-15 0)
(2.35202e-15 4.03195e-15 0)
(2.0159e-15 5.37576e-15 0)
(2.68798e-15 3.69599e-15 0)
(3.024e-15 4.03186e-15 0)
(-2.35188e-15 -1.00792e-15 0)
(3.3599e-15 -6.71927e-16 0)
(-1.00791e-15 3.35974e-15 0)
(4.03188e-15 -7.39182e-15 0)
(1.51198e-15 2.01582e-15 0)
(-3.35864e-16 -6.38376e-15 0)
(9.40768e-15 -5.37594e-15 0)
(-3.86366e-15 -3.35977e-16 0)
(3.35887e-16 -1.34395e-15 0)
(1.84794e-15 -7.72765e-15 0)
(-1.67987e-15 -7.05584e-15 0)
(-3.02392e-15 2.35194e-15 0)
(-5.37599e-15 4.36777e-15 0)
(-2.51991e-15 -5.37579e-15 0)
(-5.20793e-15 1.34397e-15 0)
(-8.39976e-16 6.38369e-15 0)
(-2.68806e-15 3.69586e-15 0)
(-3.02399e-15 -3.35984e-15 0)
(-5.03966e-16 -2.01591e-15 0)
(2.18393e-15 -1.344e-15 0)
(3.52802e-15 4.36813e-15 0)
(6.04783e-15 4.70381e-15 0)
(3.1919e-15 -2.68788e-15 0)
(-2.51988e-15 6.71975e-15 0)
(-8.06386e-15 -3.69569e-15 0)
(-4.19989e-15 -4.7039e-15 0)
(3.02403e-15 2.35201e-15 0)
(3.02383e-15 6.04809e-15 0)
(3.69594e-15 6.71979e-15 0)
(1.00808e-15 2.35205e-15 0)
(-6.71983e-16 -6.71891e-16 0)
(2.18393e-15 2.6879e-15 0)
(1.51191e-15 -4.03179e-15 0)
(-8.39891e-16 6.71885e-16 0)
(2.18397e-15 -2.35191e-15 0)
(-1.00791e-15 3.35974e-15 0)
(3.52802e-15 -8.39973e-15 0)
(9.57572e-15 3.35982e-15 0)
(-3.35991e-16 -6.04782e-15 0)
(-1.84788e-15 3.35965e-15 0)
(6.71978e-15 -1.00796e-14 0)
(1.67947e-16 -6.72015e-16 0)
(-1.51188e-15 -4.70388e-15 0)
(-1.17609e-15 3.60794e-20 0)
(-2.01602e-15 1.00792e-15 0)
(-1.68002e-15 -7.72769e-15 0)
(-6.55183e-15 9.07185e-15 0)
(-1.84801e-15 1.10876e-14 0)
(1.17598e-15 -2.01592e-15 0)
(3.35974e-16 7.72785e-15 0)
(1.34412e-15 4.03179e-15 0)
(8.39943e-16 6.72004e-16 0)
(-8.4e-16 2.35187e-15 0)
(-5.03957e-16 -5.3759e-15 0)
(1.51188e-15 2.35177e-15 0)
(-2.18399e-15 -3.02383e-15 0)
(5.20791e-15 1.34392e-15 0)
(1.68068e-16 -1.34398e-15 0)
(3.52798e-15 3.02403e-15 0)
(3.02394e-15 1.00801e-15 0)
(-1.84802e-15 6.38376e-15 0)
(-1.5119e-15 3.02397e-15 0)
(-3.35988e-16 1.34393e-15 0)
(3.35959e-16 -1.07517e-14 0)
(3.02396e-15 -4.70395e-15 0)
(3.19192e-15 -8.06368e-15 0)
(7.39191e-15 -1.69378e-19 0)
(-1.67985e-15 -1.00798e-15 0)
(-1.34394e-15 -1.10588e-19 0)
(-5.04077e-16 -1.41115e-14 0)
(-3.35988e-15 2.68776e-15 0)
(1.34394e-15 1.344e-15 0)
(-3.02386e-15 -9.40772e-15 0)
(-2.18404e-15 3.35958e-16 0)
(-6.38371e-15 1.67995e-15 0)
(1.67936e-16 -1.00804e-15 0)
(-3.8639e-15 -1.34397e-15 0)
(-2.18387e-15 -7.72761e-15 0)
(-1.0079e-15 1.00789e-15 0)
(-8.3995e-16 -7.39177e-15 0)
(6.04779e-15 -1.00794e-15 0)
(1.34404e-15 -4.36774e-15 0)
(2.01594e-15 3.35995e-15 0)
(-4.03199e-15 -2.0158e-15 0)
(-3.69593e-15 -1.67984e-15 0)
(6.8877e-15 1.34387e-15 0)
(-1.34409e-15 6.72017e-16 0)
(-3.36054e-16 1.41117e-14 0)
(7.05577e-15 2.35191e-15 0)
(-1.34403e-15 -1.34398e-15 0)
(-1.8479e-15 -6.71919e-16 0)
(8.39959e-16 2.35193e-15 0)
(-1.67998e-15 1.34392e-15 0)
(-1.34376e-15 -3.36007e-16 0)
(6.71932e-16 1.34398e-15 0)
(5.04087e-16 2.68776e-15 0)
(1.00796e-14 -3.0238e-15 0)
(2.51996e-15 -2.68789e-15 0)
(-1.67996e-15 -3.35976e-16 0)
(-5.54372e-15 6.71974e-15 0)
(-1.00799e-15 -2.68786e-15 0)
)
;

boundaryField
{
    outerWall
    {
        type            noSlip;
    }
    axis
    {
        type            symmetryPlane;
    }
    nozzle
    {
        type            zeroGradient;
    }
    back
    {
        type            empty;
    }
    front
    {
        type            empty;
    }
}


// ************************************************************************* //
