/*--------------------------------*- C++ -*----------------------------------*\
| =========                 |                                                 |
| \\      /  F ield         | OpenFOAM: The Open Source CFD Toolbox           |
|  \\    /   O peration     | Version:  2412                                  |
|   \\  /    A nd           | Website:  www.openfoam.com                      |
|    \\/     M anipulation  |                                                 |
\*---------------------------------------------------------------------------*/
FoamFile
{
    version     2.0;
    format      ascii;
    arch        "LSB;label=32;scalar=64";
    class       surfaceScalarField;
    location    "0.00014";
    object      phi;
}
// * * * * * * * * * * * * * * * * * * * * * * * * * * * * * * * * * * * * * //

dimensions      [1 0 -1 0 0 0 0];

oriented        oriented;

internalField   nonuniform List<scalar> 
7275
(
-0.0012994
-0.00269509
-0.0026442
-0.00270288
-0.00407753
-0.00270253
-0.00559282
-0.00270868
-0.00715413
-0.00269757
-0.00867468
-0.00263962
-0.00993065
-0.00254403
-0.010696
-0.00233883
-0.0105691
-0.0021487
-0.00927534
-0.00183174
-0.0067208
-0.00145897
-0.00286465
-0.00101011
0.00188078
-0.000589688
0.00742919
-0.000160757
0.0133934
0.000287288
0.0192414
0.000766831
0.0245388
0.00128544
0.0289656
0.00186644
0.0323168
0.0025262
0.0344871
0.0032766
0.0354455
0.00411908
0.035211
0.00504282
0.0338315
0.0060253
0.0313676
0.00703908
0.0279013
0.00803859
0.0235336
0.00897795
0.0183903
0.00980869
0.012626
0.0104847
0.00642565
0.0109632
0.0112115
-0.00130378
-0.00539783
-0.0026494
-0.00541365
-0.00407623
-0.00541369
-0.00558589
-0.00541878
-0.00712575
-0.0054006
-0.00861752
-0.00527355
-0.00986771
-0.00504993
-0.0105466
-0.00472069
-0.010407
-0.00425537
-0.00910474
-0.00363955
-0.00651371
-0.00288948
-0.0026317
-0.00204675
0.00212415
-0.0012126
0.00768586
-0.000333809
0.0136653
0.000561003
0.0195394
0.00151466
0.0248694
0.00255414
0.0293388
0.00371422
0.0327415
0.00502977
0.0349623
0.00653027
0.0359652
0.0082135
0.0357658
0.010057
0.0343993
0.0120267
0.0319239
0.0140587
0.0284222
0.0160611
0.0239951
0.0179444
0.0187659
0.0196155
0.0128917
0.0209779
0.00656345
0.0219439
0.0224455
-0.0013052
-0.00812257
-0.00265637
-0.00813696
-0.00406792
-0.0081459
-0.00554724
-0.00815015
-0.00711075
-0.00804931
-0.00853816
-0.00791049
-0.00968476
-0.00757816
-0.0102573
-0.00711092
-0.0100416
-0.00633534
-0.00869085
-0.00541445
-0.00604341
-0.0043056
-0.00207138
-0.00312983
0.00262151
-0.00180624
0.00819881
-0.000526007
0.0142087
0.000804125
0.0201247
0.00223197
0.0255255
0.00378143
0.0300864
0.00551572
0.0335882
0.00748798
0.035911
0.00973251
0.037006
0.0122512
0.0368655
0.0150213
0.035525
0.0179765
0.0330362
0.0210271
0.0294708
0.0240429
0.0249246
0.026888
0.0195227
0.0294204
0.0134276
0.0314914
0.00684155
0.0329638
0.0337299
-0.00131382
-0.0108719
-0.00266903
-0.0108815
-0.00406579
-0.0109016
-0.00553449
-0.0108771
-0.00698356
-0.0107633
-0.00831376
-0.010556
-0.00936431
-0.0100803
-0.00989541
-0.00939109
-0.00951088
-0.00843193
-0.00801664
-0.00720543
-0.00533388
-0.00571168
-0.00140897
-0.00413555
0.00334989
-0.00244725
0.0089617
-0.000748626
0.0150129
0.00100603
0.0210041
0.00288959
0.0265094
0.00494372
0.0312005
0.00724753
0.0348544
0.00986496
0.0373292
0.0128479
0.038556
0.0161991
0.0385214
0.0198829
0.0372245
0.023836
0.034712
0.0279167
0.031054
0.0319577
0.0263328
0.0357936
0.0206726
0.0392244
0.0142438
0.0420429
0.00726583
0.0440547
0.045105
-0.00132537
-0.0136499
-0.00267394
-0.0136632
-0.0040664
-0.013671
-0.00549156
-0.0136233
-0.0068655
-0.0134811
-0.00811701
-0.0131574
-0.00900372
-0.0125804
-0.0093313
-0.011674
-0.00878836
-0.0104948
-0.00721758
-0.00892435
-0.00442007
-0.00713225
-0.000471275
-0.00514073
0.00431169
-0.0031087
0.00996638
-0.00101866
0.0160795
0.00113976
0.0221628
0.00346774
0.027812
0.00600569
0.0326841
0.00886676
0.0365378
0.0121206
0.0392148
0.0158294
0.0406257
0.0199999
0.0407189
0.024604
0.0394879
0.0295529
0.0369663
0.0346686
0.0331913
0.0397725
0.0282406
0.0446462
0.0222363
0.0490336
0.0153577
0.0526614
0.00784631
0.0552658
0.0566319
-0.00132984
-0.0164707
-0.00267716
-0.0164805
-0.00403666
-0.0164784
-0.00541976
-0.0163747
-0.00669687
-0.0161985
-0.00780277
-0.0157422
-0.00852521
-0.0150287
-0.00863264
-0.0139457
-0.00796785
-0.0124598
-0.0062187
-0.0106335
-0.00329966
-0.00854057
0.000637238
-0.00616788
0.00549694
-0.003814
0.0112071
-0.00135694
0.0173933
0.00118573
0.0235978
0.00393239
0.0294242
0.00693284
0.0345217
0.0103286
0.0386274
0.0141999
0.0415603
0.0186149
0.0432025
0.0235896
0.0434744
0.0291064
0.0423426
0.035056
0.0398139
0.0412326
0.0359058
0.0474455
0.0306781
0.0534278
0.0242461
0.0588608
0.0167966
0.0633929
0.00859916
0.0666723
0.0684043
-0.00133948
-0.0193347
-0.00268659
-0.0193323
-0.00402657
-0.0193024
-0.0053004
-0.0191789
-0.00646724
-0.0189005
-0.00739633
-0.0183071
-0.0079062
-0.0174392
-0.00780437
-0.0161575
-0.00693418
-0.0143814
-0.0050222
-0.0123044
-0.00200315
-0.00989427
0.00195483
-0.00724258
0.00688321
-0.00457601
0.0126597
-0.00178482
0.0189412
0.00110914
0.025304
0.004235
0.0313407
0.00767982
0.0367051
0.0115799
0.0411154
0.016036
0.0443652
0.0211235
0.0462881
0.026891
0.0467817
0.0333111
0.045793
0.0402576
0.0432811
0.0475343
0.0392361
0.0549256
0.0336932
0.0621195
0.0267524
0.0687286
0.0186039
0.0743069
0.00955012
0.0783863
0.0805626
-0.00134486
-0.0222474
-0.00268341
-0.0222223
-0.00397388
-0.0221617
-0.00516633
-0.0219803
-0.00619137
-0.0215848
-0.00690262
-0.0208612
-0.00717485
-0.0198115
-0.00688512
-0.0182538
-0.0057276
-0.0163071
-0.00366845
-0.0139143
-0.000471227
-0.0112441
0.00345502
-0.00835417
0.0084613
-0.00541307
0.0143169
-0.00233223
0.0207094
0.000871034
0.0272472
0.00434288
0.0335333
0.00818891
0.0392214
0.012543
0.0439924
0.0175474
0.0476035
0.0232796
0.0498753
0.0297988
0.0506573
0.037108
0.0498617
0.0450611
0.0474057
0.0534865
0.0432388
0.0621503
0.0373568
0.0706998
0.0298311
0.0786715
0.0208459
0.0855035
0.0107393
0.0905697
0.093312
-0.00134968
-0.0252013
-0.00265076
-0.0251665
-0.00389219
-0.0250351
-0.00496403
-0.0247889
-0.0058308
-0.0242338
-0.00630114
-0.0233894
-0.00634666
-0.0220945
-0.00574657
-0.0203434
-0.00442009
-0.0181257
-0.00214469
-0.0155255
0.00101479
-0.0125738
0.00511102
-0.00952525
0.0102044
-0.00634747
0.0161519
-0.00302798
0.0226601
0.000437155
0.0294157
0.00419818
0.0360018
0.00838844
0.0420459
0.0131585
0.0472269
0.0186518
0.0512714
0.0249723
0.0539562
0.0322053
0.0551028
0.0403742
0.0545749
0.0493461
0.0522408
0.0589813
0.0479939
0.0690415
0.0417712
0.0791409
0.0335939
0.088734
0.0236217
0.0971172
0.0122282
0.103446
0.106944
-0.00132469
-0.0282068
-0.00260444
-0.0281249
-0.00374212
-0.0279478
-0.00471279
-0.027556
-0.00534065
-0.0268937
-0.0056039
-0.0258272
-0.00537047
-0.0243158
-0.0045189
-0.0223482
-0.00295802
-0.0199055
-0.00047378
-0.0170641
0.00271112
-0.013975
0.00690482
-0.0107645
0.0120777
-0.00739708
0.0181259
-0.00390097
0.0247924
-0.00022765
0.0317837
0.00376023
0.0386891
0.00822968
0.0451457
0.0133369
0.0508027
0.019245
0.0553417
0.026098
0.0585273
0.0339779
0.0601273
0.0429773
0.0599689
0.0529721
0.0578567
0.0638877
0.0536098
0.0754973
0.0470787
0.0873985
0.0382005
0.0989626
0.0270772
0.109317
0.0141107
0.117312
0.121867
-0.00128764
-0.0312435
-0.00249039
-0.0311203
-0.00354075
-0.0308463
-0.00433856
-0.0303146
-0.00480554
-0.029452
-0.00481484
-0.0281937
-0.00430985
-0.0264616
-0.00319841
-0.024274
-0.00138386
-0.0216375
0.00115538
-0.0186094
0.00450679
-0.0154342
0.00879589
-0.0120881
0.0140633
-0.00860406
0.0202173
-0.00498449
0.0270469
-0.0011586
0.0343063
0.00296431
0.0415804
0.00763597
0.048493
0.0130014
0.0546667
0.0192482
0.0597874
0.0265289
0.0635582
0.0349923
0.0657415
0.0447536
0.0660864
0.0557792
0.0643412
0.0680441
0.0602279
0.0813791
0.053472
0.0953943
0.0438762
0.109388
0.0314266
0.122301
0.0165303
0.132551
0.138648
-0.00122113
-0.0342936
-0.00233347
-0.0341196
-0.00326704
-0.0337111
-0.0038875
-0.0330245
-0.00410958
-0.031962
-0.00386027
-0.0304749
-0.0030768
-0.0285279
-0.00172867
-0.026113
0.00025578
-0.0232953
0.00292626
-0.0202132
0.00638718
-0.0169393
0.0107627
-0.0135178
0.0161083
-0.00998116
0.0223795
-0.00631397
0.0294176
-0.00243644
0.0369378
0.00177367
0.0446106
0.00654593
0.0520229
0.0120751
0.0587892
0.018549
0.0645602
0.0261606
0.0690384
0.0350942
0.0719364
0.0455491
0.0729675
0.0575719
0.0717963
0.0712421
0.0680248
0.0864881
0.0612064
0.102986
0.0509353
0.119997
0.0369833
0.136278
0.0197094
0.149649
0.158083
-0.00111783
-0.0373321
-0.00211594
-0.0370843
-0.00288087
-0.0365403
-0.00329971
-0.0356627
-0.00328077
-0.0343812
-0.00277599
-0.032651
-0.00174921
-0.0304931
-0.0001619
-0.0278871
0.00196552
-0.0249667
0.00476042
-0.0218312
0.0083136
-0.0185038
0.0127598
-0.0150746
0.0181837
-0.0115584
0.0245788
-0.00791864
0.0318202
-0.00406652
0.0396364
0.000130234
0.0477399
0.00491058
0.0556866
0.0104904
0.0630993
0.0170621
0.0696141
0.02487
0.0749111
0.0341478
0.0787103
0.0451616
0.0806512
0.0581214
0.0803325
0.0732097
0.0772116
0.0905345
0.0706113
0.109923
0.0598119
0.130679
0.0442109
0.151434
0.0239985
0.169206
0.181324
-0.000971006
-0.0403201
-0.00181215
-0.039983
-0.00238291
-0.0392927
-0.00257918
-0.0382049
-0.0023132
-0.0366912
-0.00154886
-0.0347367
-0.000260812
-0.0323553
0.0014455
-0.0296228
0.00372933
-0.0266346
0.00662346
-0.0234653
0.0102464
-0.0201488
0.0147471
-0.0167805
0.0202436
-0.0133591
0.0267617
-0.00982081
0.034215
-0.00607813
0.0423541
-0.00196208
0.0509055
0.00270508
0.0594155
0.00819634
0.0675192
0.0147215
0.0748672
0.0225479
0.0811305
0.0319935
0.0860122
0.0434043
0.0891495
0.0571431
0.0900541
0.0735878
0.088027
0.0930987
0.0821005
0.115783
0.0711015
0.141146
0.0538019
0.167864
0.0299602
0.191957
0.210083
-0.00078412
-0.0431995
-0.00142123
-0.0427704
-0.00176683
-0.0419273
-0.00172232
-0.0406247
-0.00120805
-0.0388788
-0.000217113
-0.0366955
0.00120212
-0.0341614
0.00311928
-0.0313369
0.00552137
-0.0282924
0.00848173
-0.0251323
0.0121474
-0.0218962
0.0166854
-0.0186566
0.022242
-0.0153974
0.028884
-0.0120407
0.0365533
-0.00849409
0.0450454
-0.00458608
0.0540004
-0.000129924
0.0631214
0.00513049
0.0719745
0.0114536
0.0802185
0.0191224
0.0875812
0.0285016
0.0937818
0.0400515
0.0984418
0.054328
0.101037
0.0719331
0.100718
0.0935967
0.0961766
0.119894
0.085614
0.150806
0.06682
0.185407
0.03855
0.218745
0.247032
-0.000549564
-0.0459065
-0.000941289
-0.0453933
-0.00103275
-0.0443997
-0.000720431
-0.0428881
-6.96643e-06
-0.0409193
0.00116828
-0.038576
0.00278684
-0.0359048
0.00483198
-0.0330076
0.00730913
-0.0299537
0.0102999
-0.0268557
0.013978
-0.0237653
0.018529
-0.0207145
0.0241408
-0.017692
0.0308956
-0.0145833
0.0387722
-0.0113189
0.0475861
-0.0077164
0.0570144
-0.00358507
0.0667173
0.00129734
0.0763355
0.00720987
0.0855558
0.0144974
0.0941475
0.0235407
0.10187
0.0349133
0.108426
0.0493315
0.113286
0.06771
0.115498
0.0912476
0.113409
0.121229
0.104412
0.158571
0.0848184
0.20341
0.0511442
0.250583
0.29621
-0.000263441
-0.0483828
-0.000370999
-0.0477916
-0.000193195
-0.0466517
0.0003333
-0.044965
0.00129469
-0.0428375
0.0026704
-0.0403417
0.00443222
-0.0375729
0.00654258
-0.0346335
0.00905047
-0.0316409
0.0120431
-0.0286675
0.0157047
-0.0257744
0.0202533
-0.022971
0.0258879
-0.020231
0.0327466
-0.0174522
0.040818
-0.0145493
0.0499385
-0.0113481
0.0598209
-0.00767216
0.0700957
-0.00329015
0.0804933
0.00203017
0.0907283
0.00864703
0.100613
0.0170445
0.110076
0.0277719
0.118907
0.0417973
0.126676
0.0603132
0.132468
0.0850467
0.134386
0.118274
0.128971
0.162459
0.110935
0.219547
0.071631
0.287726
0.365531
6.56777e-05
-0.0505642
0.000268663
-0.0499046
0.000725727
-0.0486457
0.0015284
-0.0468286
0.00270263
-0.04457
0.00423241
-0.0419742
0.00608491
-0.0391671
0.00823098
-0.0362509
0.0107288
-0.0333787
0.0136774
-0.0305781
0.0172878
-0.027931
0.0218072
-0.0254275
0.0274633
-0.0230297
0.0344018
-0.020632
0.0426332
-0.0181546
0.052023
-0.0154466
0.0623249
-0.0123632
0.0731831
-0.00863573
0.0842948
-0.00409035
0.0955209
0.00162579
0.106781
0.0089649
0.118094
0.0185494
0.129508
0.0314453
0.140845
0.0491145
0.151429
0.0738198
0.15933
0.109091
0.15984
0.160159
0.144241
0.232961
0.0974709
0.332015
0.460333
0.000430424
-0.0523694
0.000981943
-0.051666
0.00175105
-0.050328
0.00280776
-0.0484269
0.00417086
-0.0460989
0.00582796
-0.0434818
0.00772045
-0.0406898
0.00986409
-0.037882
0.012294
-0.0351676
0.0151701
-0.0326078
0.0187075
-0.0302488
0.0231705
-0.0280793
0.0288188
-0.0260708
0.0358064
-0.0240971
0.044175
-0.0221131
0.0538026
-0.0199788
0.0644271
-0.0175578
0.0757843
-0.0146541
0.0876085
-0.0110737
0.0997657
-0.00652145
0.112319
-0.000601009
0.125512
0.00726343
0.1397
0.0181319
0.155185
0.0335692
0.171991
0.0561694
0.189504
0.0900841
0.204928
0.142714
0.210897
0.224544
0.163421
0.37671
0.620723
0.000824712
-0.0537274
0.00174029
-0.0530044
0.00282135
-0.0516374
0.00412764
-0.0497282
0.00566279
-0.0474126
0.00739222
-0.0448391
0.0093045
-0.0421645
0.0113954
-0.039525
0.0137373
-0.0370329
0.0165027
-0.0347551
0.019937
-0.0327234
0.0243249
-0.030923
0.0299241
-0.0293203
0.0369338
-0.027822
0.0453902
-0.026373
0.0551861
-0.02487
0.0660855
-0.0232003
0.077832
-0.0212251
0.0902252
-0.0187892
0.103206
-0.0156449
0.116959
-0.0115127
0.131859
-0.0058824
0.148691
0.00204157
0.16832
0.0137246
0.191682
0.0317974
0.219004
0.0610917
0.245634
0.113859
0.263661
0.203815
0.209875
0.427387
0.827163
0.000947767
-0.0544467
0.0019485
-0.0537348
0.00303857
-0.0523878
0.00424678
-0.0505252
0.00557309
-0.0482847
0.00700379
-0.0458255
0.00851449
-0.0432968
0.0101279
-0.0408487
0.011914
-0.038576
0.014028
-0.0365544
0.0166826
-0.0348068
0.0201175
-0.033319
0.0245488
-0.0320575
0.030139
-0.0309534
0.0369283
-0.0299551
0.0448362
-0.0289859
0.0536834
-0.027959
0.0632841
-0.0267916
0.0734699
-0.0253346
0.0842747
-0.0234669
0.0959271
-0.0209926
0.108895
-0.0175452
0.124002
-0.0126157
0.142673
-0.00521911
0.16719
0.00637984
0.201574
0.0252706
0.255124
0.0584079
0.340646
0.115964
0.524673
0.240582
0.469306
0.879285
0.00119717
-0.0548162
0.00243017
-0.0541422
0.00371059
-0.0528548
0.00505931
-0.0510965
0.00646692
-0.0489924
0.00791634
-0.0467047
0.00940109
-0.0443838
0.0109438
-0.0421681
0.0126424
-0.0401588
0.0146592
-0.0384178
0.0172212
-0.0369717
0.0205762
-0.0358071
0.0249471
-0.0348957
0.0305018
-0.0341954
0.0372818
-0.0336567
0.0452113
-0.0332356
0.0541199
-0.0328768
0.0638059
-0.0325301
0.0741561
-0.0321229
0.0852014
-0.0316048
0.0971959
-0.03089
0.110728
-0.0298383
0.126787
-0.0282807
0.147026
-0.0257876
0.174129
-0.0216867
0.212563
-0.0146687
0.271496
-0.00250766
0.365943
0.0190871
0.546441
0.0571611
0.126695
0.885558
0.00143593
-0.0548271
0.00288727
-0.0542144
0.00434737
-0.0530289
0.00582084
-0.0514276
0.0072958
-0.0495223
0.00875677
-0.0474688
0.0102024
-0.0454103
0.0116713
-0.0434762
0.0132704
-0.0417629
0.015181
-0.0403289
0.0176404
-0.0391994
0.0209051
-0.0383683
0.0252034
-0.0378144
0.0306959
-0.0375141
0.0374349
-0.0374396
0.0453432
-0.0375695
0.0542493
-0.0378831
0.0639582
-0.03837
0.0743523
-0.0390234
0.0854683
-0.0398732
0.0975852
-0.0409663
0.111323
-0.0423903
0.127734
-0.0443308
0.148656
-0.0470813
0.177269
-0.0513073
0.219254
-0.0582021
0.285222
-0.0704976
0.392743
-0.09091
0.572086
-0.125133
-0.193483
0.888703
0.00165589
-0.0544813
0.00330361
-0.0539477
0.00492871
-0.0529095
0.00651087
-0.0515104
0.00804083
-0.0498635
0.00950255
-0.0481022
0.010902
-0.0463591
0.0122901
-0.0447518
0.0137868
-0.0433688
0.0155877
-0.0422662
0.0179398
-0.0414681
0.0211039
-0.0409765
0.0253114
-0.0407822
0.0307222
-0.0408785
0.0373872
-0.0412614
0.0452287
-0.0419339
0.054072
-0.0429091
0.0637182
-0.0442169
0.0740404
-0.045911
0.0850662
-0.0481
0.0970582
-0.0509575
0.110599
-0.0547798
0.126694
-0.0600918
0.147022
-0.0678103
0.174361
-0.0796793
0.213318
-0.0987314
0.272611
-0.131835
0.368148
-0.188937
0.551783
-0.311738
-0.537879
0.892671
0.00184927
-0.0537926
0.00366665
-0.053351
0.00543573
-0.0525025
0.00710799
-0.0513423
0.00868071
-0.0500076
0.010135
-0.0485893
0.0114843
-0.0472094
0.0127901
-0.0459698
0.0141845
-0.0449494
0.0158742
-0.0442002
0.0181158
-0.0437474
0.0211722
-0.0436006
0.0252751
-0.0437649
0.030582
-0.0442504
0.037142
-0.0450777
0.0448735
-0.0462745
0.0535952
-0.0478858
0.0630984
-0.0499804
0.0732385
-0.0526647
0.0840155
-0.0561162
0.0956455
-0.0606152
0.108622
-0.0666261
0.123792
-0.0749425
0.142523
-0.0869543
0.167112
-0.105309
0.201584
-0.134778
0.255585
-0.187868
0.342245
-0.27805
0.531208
-0.503592
0.895944
-0.90593
0.845945
0.0309637
0.857474
-0.0143501
0.866757
-0.0124599
0.870324
-0.0070843
0.86974
-0.00327793
0.867012
-0.00147814
0.863152
-0.000683073
0.858603
-0.000322747
0.853574
-0.000154992
0.848177
-7.54946e-05
0.84249
-3.69372e-05
0.836578
-1.76321e-05
0.83051
-7.94702e-06
0.824365
-3e-06
0.81823
-4.61931e-07
0.812206
5.2196e-07
0.8064
9.08817e-07
0.800923
8.78648e-07
0.79589
6.56691e-07
0.791411
3.75783e-07
0.787587
1.1195e-07
0.784511
-5.35226e-08
0.782255
-1.19712e-07
0.780876
-1.03495e-07
-2.09032e-08
0.922389
-0.00839405
0.909113
-0.00394271
0.894484
-0.00103538
0.883894
-3.24481e-05
0.876322
0.000419658
0.870246
0.000386816
0.864766
0.000250173
0.859423
0.000146133
0.854002
8.12293e-05
0.84841
4.416e-05
0.842624
2.41895e-05
0.836662
1.37959e-05
0.830569
8.57149e-06
0.82441
6.01186e-06
0.818269
4.65944e-06
0.812241
3.67656e-06
0.806433
2.85704e-06
0.800956
2.02598e-06
0.795922
1.21015e-06
0.791443
5.2739e-07
0.78762
2.60601e-08
0.784543
-2.63458e-07
0.782288
-3.53088e-07
0.780909
-2.77845e-07
-1.00148e-07
0.878302
-0.000496977
0.874047
-0.00255201
0.872699
-0.00288266
0.871363
-0.00222061
0.869467
-0.00154754
0.866579
-0.00092993
0.862827
-0.000540198
0.858406
-0.000303353
0.853471
-0.000166604
0.848134
-8.96985e-05
0.842481
-4.73702e-05
0.836587
-2.41901e-05
0.83053
-1.15375e-05
0.82439
-4.79997e-06
0.818258
-1.1634e-06
0.812235
4.79305e-07
0.806429
1.04747e-06
0.800953
9.79389e-07
0.795921
6.20375e-07
0.791442
1.75268e-07
0.787619
-2.19051e-07
0.784543
-4.37997e-07
0.782288
-4.80241e-07
0.780909
-3.60001e-07
-1.49733e-07
0.929451
-0.039788
0.913543
0.010518
0.896745
0.0107246
0.884944
0.00604406
0.876769
0.00275262
0.870476
0.00115157
0.864889
0.000500371
0.859491
0.000222626
0.85404
0.000100588
0.848432
4.64265e-05
0.842637
2.1991e-05
0.836669
1.09773e-05
0.830573
6.05431e-06
0.824412
3.74848e-06
0.81827
2.66847e-06
0.812241
2.06595e-06
0.806432
1.54236e-06
0.800954
1.01008e-06
0.795921
4.91075e-07
0.791442
8.8562e-08
0.787619
-2.08622e-07
0.784543
-3.61506e-07
0.782288
-3.822e-07
0.780909
-2.85404e-07
-1.32965e-07
0.853775
0.861489
0.869048
0.871577
0.870465
0.867411
0.86337
0.858722
0.85364
0.848215
0.842512
0.83659
0.830517
0.824368
0.818232
0.812206
0.806398
0.800921
0.795889
0.79141
0.787587
0.78451
0.782255
0.780877
0.00256177
-0.0524663
0.00506024
-0.0521607
0.0074544
-0.0515886
0.00967342
-0.050784
0.0117026
-0.0498996
0.0135195
-0.0489734
0.0151495
-0.0481091
0.0166838
-0.0473841
0.0183035
-0.0468621
0.0202829
-0.046588
0.0229557
-0.0465892
0.0266556
-0.0468845
0.0316711
-0.0474973
0.0381984
-0.0484603
0.0462923
-0.0498226
0.0558423
-0.0516434
0.0666063
-0.0540042
0.0782989
-0.0570164
0.090702
-0.0608406
0.103757
-0.0657203
0.117635
-0.0720263
0.132773
-0.0803492
0.149871
-0.0916419
0.169855
-0.107457
0.193642
-0.130401
0.221641
-0.164742
0.249067
-0.217811
0.267826
-0.299798
0.212746
-0.451904
-0.696883
0.00273336
-0.0507065
0.00538833
-0.050553
0.00789464
-0.0502717
0.010195
-0.0498705
0.0122413
-0.0494632
0.014024
-0.0490733
0.0155717
-0.0487661
0.0169865
-0.0485944
0.0184609
-0.0486042
0.0202795
-0.0488307
0.022781
-0.0493018
0.026297
-0.0500445
0.0311085
-0.0510985
0.0374054
-0.0525196
0.0452323
-0.0543799
0.0544678
-0.0567703
0.0648502
-0.0598011
0.0760646
-0.0636174
0.0878442
-0.0684175
0.10005
-0.0744824
0.112722
-0.0822241
0.126072
-0.0922686
0.140433
-0.105578
0.156128
-0.123634
0.1732
-0.148733
0.190915
-0.184358
0.206401
-0.235718
0.212431
-0.308668
0.164825
-0.407466
-0.53547
0.0028201
-0.0486157
0.00554932
-0.0486146
0.00810618
-0.0486252
0.0104425
-0.0486465
0.0124708
-0.0487051
0.0142089
-0.0488743
0.0156759
-0.049138
0.0169836
-0.0495374
0.0183303
-0.0500956
0.0200057
-0.0508373
0.0223483
-0.0517875
0.0256832
-0.0529795
0.0302815
-0.0544662
0.0363229
-0.0563224
0.0438429
-0.0586415
0.0527051
-0.061539
0.0626283
-0.0651501
0.073266
-0.0696425
0.0843018
-0.0752348
0.0955179
-0.0822202
0.106825
-0.0910079
0.118239
-0.10219
0.129781
-0.116626
0.141292
-0.135548
0.15206
-0.160671
0.16012
-0.194217
0.16073
-0.238625
0.145128
-0.295749
0.09808
-0.36339
-0.440547
0.00281727
-0.0463088
0.00554033
-0.0464519
0.00808259
-0.0467362
0.0103914
-0.0471569
0.0123864
-0.0476713
0.0140639
-0.0483734
0.0154521
-0.0491959
0.0166657
-0.050159
0.0179039
-0.0512623
0.0194562
-0.0525181
0.0216569
-0.0539465
0.0248197
-0.0555832
0.0292032
-0.05749
0.0349749
-0.0597561
0.0421604
-0.0624929
0.0506074
-0.0658326
0.0600162
-0.0699308
0.0700114
-0.0749678
0.0802316
-0.0811675
0.0903896
-0.0888142
0.10029
-0.0982821
0.109792
-0.110084
0.118703
-0.124919
0.126596
-0.143713
0.132504
-0.16761
0.134494
-0.197855
0.129058
-0.235321
0.11088
-0.280069
0.0715512
-0.32681
-0.371889
0.00273045
-0.0439085
0.00537206
-0.0441794
0.00784041
-0.0447054
0.0100671
-0.0454698
0.012002
-0.0464171
0.0135964
-0.047585
0.0149048
-0.0489303
0.0160349
-0.0504225
0.0171822
-0.0520448
0.018632
-0.0537952
0.0207098
-0.0556865
0.0237143
-0.0577527
0.0278886
-0.0600603
0.0333868
-0.0627073
0.0402221
-0.0658177
0.0482297
-0.0695354
0.0570918
-0.074029
0.0664096
-0.0794841
0.0757866
-0.0861187
0.0848814
-0.0941924
0.0934199
-0.104026
0.101154
-0.116029
0.107767
-0.130725
0.112717
-0.14874
0.115022
-0.170743
0.112999
-0.197274
0.104031
-0.228272
0.0844584
-0.262765
0.0509199
-0.295775
-0.323596
0.00257302
-0.0415373
0.00506453
-0.0419084
0.00739947
-0.0426322
0.00950618
-0.0436798
0.0113391
-0.0449982
0.0128295
-0.0465477
0.0140538
-0.0483575
0.0151062
-0.0503157
0.0161768
-0.0524075
0.017542
-0.0546121
0.0195159
-0.0569333
0.0223786
-0.0593999
0.0263549
-0.0620781
0.0315843
-0.0650701
0.0380666
-0.0685062
0.0456259
-0.0725383
0.0539292
-0.0773389
0.0625618
-0.0830955
0.0711035
-0.0900115
0.0791762
-0.098313
0.0864557
-0.108258
0.0926327
-0.120151
0.0973355
-0.134346
0.100013
-0.151216
0.0997917
-0.171071
0.0953478
-0.193988
0.0848854
-0.21944
0.0662215
-0.246077
0.0381785
-0.269935
-0.287735
0.00235846
-0.0393033
0.00464812
-0.039748
0.00679774
-0.0406152
0.00873469
-0.0418704
0.0104218
-0.0434776
0.0118063
-0.0453379
0.012933
-0.0475129
0.0139083
-0.0498562
0.0149109
-0.0523451
0.0162056
-0.0549421
0.0180923
-0.0576408
0.0208302
-0.0604615
0.0246235
-0.0634665
0.0295952
-0.0667571
0.035732
-0.070465
0.0428466
-0.0747454
0.0505964
-0.0797694
0.0585574
-0.0857216
0.0662974
-0.0927865
0.0734197
-0.101153
0.0795748
-0.111017
0.0844288
-0.122583
0.0876043
-0.13606
0.0885976
-0.151622
0.0866943
-0.16933
0.080918
-0.188983
0.0701008
-0.209868
0.0530362
-0.230603
0.0295189
-0.248233
-0.260143
0.00210478
-0.0372961
0.00415
-0.0377885
0.00607275
-0.038745
0.00781654
-0.0401414
0.0093156
-0.0419254
0.0105904
-0.044045
0.0115887
-0.0464389
0.0124838
-0.0490894
0.0134202
-0.0518836
0.0146531
-0.0547929
0.016466
-0.0577976
0.0190947
-0.0609082
0.0227212
-0.0641801
0.027451
-0.0677103
0.0332568
-0.0716276
0.0399405
-0.0760856
0.0471552
-0.0812524
0.054473
-0.087303
0.0614618
-0.0944039
0.0677217
-0.102706
0.0728987
-0.112347
0.0766605
-0.123447
0.078654
-0.136096
0.0784494
-0.150323
0.0754949
-0.166024
0.0691091
-0.182856
0.0585752
-0.200067
0.0433029
-0.216409
0.0234993
-0.229735
-0.238061
0.00182481
-0.035581
0.00359036
-0.0360915
0.00525735
-0.0370972
0.00677023
-0.0385627
0.00809242
-0.040459
0.00919122
-0.0427059
0.0100782
-0.0452429
0.0108834
-0.0480813
0.0117511
-0.0510792
0.0129256
-0.0542063
0.0146741
-0.0574303
0.0172068
-0.0607502
0.0206823
-0.0642134
0.0251878
-0.0679102
0.0306815
-0.0719639
0.0369552
-0.0765232
0.0436606
-0.0817514
0.0503733
-0.08781
0.0566707
-0.094849
0.0621622
-0.102984
0.0665045
-0.1123
0.0693849
-0.122849
0.0704901
-0.134632
0.0694711
-0.147575
0.0659212
-0.161475
0.0593896
-0.175927
0.0494688
-0.190221
0.0359349
-0.203296
0.019151
-0.213598
-0.219669
0.00152619
-0.0341981
0.00300952
-0.0347141
0.00440975
-0.0357306
0.0056851
-0.0372132
0.0067804
-0.0391199
0.00770021
-0.0414146
0.00847531
-0.0440208
0.00916614
-0.0469037
0.00995838
-0.0500147
0.0110733
-0.0532563
0.0127629
-0.0566017
0.0152101
-0.0600376
0.0185489
-0.0636031
0.0228477
-0.0673813
0.0280499
-0.0714882
0.0339381
-0.0760658
0.0401639
-0.0812705
0.0463147
-0.0872515
0.0519828
-0.0941402
0.0567976
-0.102022
0.0604375
-0.110941
0.0626191
-0.120892
0.0630755
-0.131812
0.0615345
-0.14356
0.0577092
-0.15588
0.0513194
-0.168353
0.0421629
-0.18034
0.0302232
-0.190972
0.015902
-0.199115
-0.203716
0.00123096
-0.0331797
0.00243392
-0.0336882
0.00356181
-0.0346754
0.00457242
-0.0361166
0.005447
-0.0379883
0.00618345
-0.0402496
0.00681664
-0.0428339
0.00739184
-0.04566
0.00810069
-0.0487887
0.00915261
-0.0520413
0.0107863
-0.0554059
0.0131557
-0.0588568
0.01637
-0.062427
0.0204787
-0.0661923
0.0254099
-0.0702612
0.0309374
-0.0747684
0.0367152
-0.0798624
0.042347
-0.0856817
0.0474459
-0.0923379
0.0516686
-0.099894
0.0547218
-0.108358
0.0563568
-0.117685
0.0563536
-0.127767
0.054507
-0.13842
0.0506246
-0.149366
0.0445479
-0.160198
0.0362056
-0.17036
0.0256919
-0.179146
0.0133965
-0.185722
-0.189328
0.000944149
-0.0325358
0.00185686
-0.0330089
0.00272214
-0.0339454
0.00350616
-0.0353233
0.00415507
-0.0370986
0.0046848
-0.0392604
0.00515673
-0.0417481
0.00563193
-0.044476
0.00623653
-0.0474879
0.00722293
-0.0506695
0.00880229
-0.0539551
0.0110998
-0.0573211
0.0141997
-0.060796
0.0181331
-0.0644509
0.0228123
-0.0683872
0.0280028
-0.0727327
0.0333631
-0.0776283
0.0385162
-0.083203
0.0431012
-0.0895492
0.0468061
-0.0967133
0.0493702
-0.104675
0.0505812
-0.113361
0.050263
-0.122633
0.0482667
-0.132286
0.0444715
-0.142035
0.0388024
-0.151502
0.031269
-0.160206
0.0220186
-0.167578
0.0114079
-0.172993
-0.175902
0.000672429
-0.0322525
0.00132904
-0.0326851
0.00193034
-0.0335307
0.00246262
-0.0348169
0.00289968
-0.0364771
0.00324119
-0.038496
0.00354273
-0.0408298
0.00391414
-0.0434288
0.0044213
-0.0462191
0.00534014
-0.0492511
0.00686841
-0.0523689
0.00909977
-0.0555576
0.012094
-0.0588426
0.0158652
-0.0622928
0.0203096
-0.0660045
0.0251844
-0.0700998
0.0301552
-0.0747125
0.0348655
-0.0799626
0.0389859
-0.085928
0.0422362
-0.0926388
0.0443907
-0.100056
0.0452732
-0.108087
0.0447472
-0.116576
0.0427097
-0.125308
0.0390923
-0.134005
0.0338757
-0.142321
0.0271165
-0.149843
0.0189822
-0.15611
0.00978952
-0.160646
-0.163047
0.000423369
-0.0322956
0.000831569
-0.0326832
0.00120827
-0.0334524
0.00150227
-0.0345929
0.00172198
-0.0361202
0.00187831
-0.037976
0.00203134
-0.0401225
0.00226892
-0.0425516
0.00273116
-0.0451046
0.00355391
-0.0478669
0.00503826
-0.0507685
0.00720988
-0.0536957
0.010107
-0.0567068
0.0137276
-0.0598685
0.0179523
-0.0632727
0.0225306
-0.0670375
0.0271363
-0.0712913
0.0314364
-0.0761452
0.035134
-0.0816662
0.0379818
-0.0878691
0.0397899
-0.0947053
0.0404163
-0.102067
0.0397592
-0.109793
0.0377522
-0.117667
0.0343647
-0.125425
0.029613
-0.132752
0.0235785
-0.139296
0.0164303
-0.144677
0.00844483
-0.148529
-0.150547
0.000204631
-0.0326296
0.000389711
-0.0329688
0.000540466
-0.0336543
0.000639312
-0.0346882
0.000647766
-0.0360436
0.000625264
-0.0377125
0.000646266
-0.0396621
0.000744807
-0.0418333
0.00115308
-0.0441791
0.00190564
-0.0466171
0.00335942
-0.0492515
0.00547827
-0.0518509
0.00828669
-0.0545222
0.0117679
-0.0573271
0.0157864
-0.0603561
0.0200848
-0.0637246
0.0243471
-0.0675567
0.0282653
-0.0719558
0.0315752
-0.0769802
0.0340634
-0.0826312
0.0355744
-0.0888557
0.0359977
-0.0955382
0.0352621
-0.102516
0.0333296
-0.109581
0.0301966
-0.116484
0.0259007
-0.122945
0.0205342
-0.128657
0.0142575
-0.133309
0.0073094
-0.13661
-0.138327
1.77631e-05
-0.0332043
1.83167e-05
-0.0335036
-1.44953e-05
-0.0341127
-0.000100677
-0.0350222
-0.000237473
-0.0362336
-0.000403079
-0.0377115
-0.000537046
-0.039443
-0.000553375
-0.0413586
-0.000262073
-0.0434662
0.000485532
-0.0456303
0.00186758
-0.0478247
0.0039433
-0.0501136
0.00667213
-0.0524021
0.0100249
-0.0548029
0.0138495
-0.0574083
0.0178826
-0.0603336
0.0218207
-0.0636996
0.0253821
-0.0676027
0.0283337
-0.0720926
0.030498
-0.0771628
0.0317494
-0.0827552
0.0320078
-0.0887534
0.0312276
-0.0949987
0.0293933
-0.101293
0.0265197
-0.107408
0.0226566
-0.113091
0.017898
-0.118079
0.0123909
-0.122113
0.00633981
-0.124957
-0.126429
-0.00014502
-0.0339632
-0.000309682
-0.0342268
-0.000508773
-0.0347692
-0.00076447
-0.035566
-0.00106287
-0.036645
-0.00137117
-0.0379546
-0.00165032
-0.0394602
-0.00173954
-0.0411691
-0.0015421
-0.0429687
-0.000832492
-0.0448335
0.000574292
-0.0466543
0.00262801
-0.0485714
0.00529023
-0.0504377
0.0085261
-0.0524051
0.0121683
-0.0545595
0.0159494
-0.0570161
0.0195806
-0.0598926
0.0228071
-0.0632784
0.0254271
-0.0672155
0.0272961
-0.0716924
0.0283174
-0.0766459
0.0284376
-0.0819648
0.0276332
-0.0874962
0.0259061
-0.0930558
0.0232834
-0.0984355
0.0198209
-0.103412
0.0156092
-0.107757
0.0107797
-0.111252
0.00550647
-0.113705
-0.11497
-0.000292857
-0.0348663
-0.000604259
-0.0351029
-0.00095962
-0.0355821
-0.00136186
-0.0362918
-0.00180384
-0.0372519
-0.00224912
-0.038402
-0.00262223
-0.0397188
-0.00280027
-0.0412033
-0.00262085
-0.0427251
-0.00189777
-0.0442742
-0.000481584
-0.0457434
0.00155481
-0.0472226
0.00415787
-0.0486816
0.00728724
-0.0502103
0.0107574
-0.051908
0.0142984
-0.053892
0.0176387
-0.0562771
0.0205505
-0.0591454
0.0228626
-0.0625318
0.0244603
-0.0664202
0.0252751
-0.0707455
0.0252761
-0.0754023
0.0244583
-0.0802463
0.0228374
-0.085109
0.0204484
-0.0898028
0.017349
-0.0941307
0.0136236
-0.0978959
0.00938782
-0.100914
0.0047887
-0.103025
-0.104111
-0.000424701
-0.0358821
-0.000868382
-0.0360988
-0.00135939
-0.0365241
-0.00188781
-0.0371709
-0.00246343
-0.038013
-0.00301042
-0.0390364
-0.00345144
-0.0401889
-0.0036696
-0.041451
-0.00349628
-0.0426962
-0.00276936
-0.0439174
-0.0013362
-0.045064
0.000716321
-0.0461003
0.00327777
-0.0471626
0.00631159
-0.0482633
0.00961877
-0.0495171
0.0129305
-0.0510443
0.0159948
-0.0529559
0.0186109
-0.0553262
0.0206367
-0.0581828
0.0219849
-0.0615058
0.0226126
-0.0652303
0.0225079
-0.0692556
0.0216816
-0.0734492
0.0201595
-0.0776582
0.0179819
-0.0817156
0.0152056
-0.0854491
0.0119077
-0.0886891
0.00818846
-0.0912794
0.00417148
-0.0930878
-0.0940168
-0.000541671
-0.0369854
-0.00111008
-0.0371818
-0.00171369
-0.0375761
-0.0023647
-0.0381603
-0.00304676
-0.0389029
-0.00367647
-0.0398204
-0.00417678
-0.0408163
-0.00442607
-0.0418561
-0.00422646
-0.042848
-0.00343381
-0.0437707
-0.00197453
-0.0445575
0.000114229
-0.045224
0.00264336
-0.0458873
0.00559169
-0.04658
0.00874325
-0.0474173
0.0118353
-0.0485194
0.0146375
-0.0499916
0.0169759
-0.0518998
0.0187356
-0.0542642
0.0198546
-0.0570609
0.0203117
-0.060226
0.0201119
-0.0636637
0.0192783
-0.0672544
0.0178444
-0.0708601
0.0158536
-0.0743339
0.0133603
-0.0775262
0.0104338
-0.0802921
0.00716028
-0.0824995
0.00364308
-0.0840382
-0.0848277
-0.000650946
-0.0381526
-0.00132453
-0.0383383
-0.00204641
-0.0386965
-0.00279904
-0.0392378
-0.00355238
-0.0399077
-0.00425404
-0.040706
-0.0047779
-0.0415693
-0.00500455
-0.0423984
-0.00473402
-0.0431574
-0.00387575
-0.0437655
-0.00237461
-0.0442056
-0.000242797
-0.0445432
0.00224374
-0.0448324
0.00511175
-0.045151
0.00811244
-0.0456107
0.010993
-0.046331
0.0135462
-0.04741
0.0156238
-0.0489041
0.0171367
-0.050826
0.0180454
-0.0531476
0.0183469
-0.0558061
0.0180609
-0.0587115
0.0172196
-0.0617551
0.0158623
-0.0648146
0.0140334
-0.0677618
0.0117846
-0.0704678
0.0091772
-0.0728095
0.00628487
-0.074676
0.00319364
-0.0759756
-0.0766418
-0.000751272
-0.03937
-0.00153184
-0.0395403
-0.00233623
-0.0398879
-0.00318791
-0.0403686
-0.00399574
-0.0410001
-0.00473405
-0.0416709
-0.0052645
-0.0423964
-0.00544112
-0.0430316
-0.0050979
-0.0435521
-0.00416657
-0.0438578
-0.00257242
-0.0440021
-0.000381421
-0.0440238
0.00205951
-0.0439625
0.00484937
-0.0439503
0.00770134
-0.0440782
0.010377
-0.0444673
0.0126929
-0.0452064
0.014526
-0.046342
0.0158104
-0.0478786
0.0165266
-0.049784
0.016687
-0.0519962
0.0163229
-0.0544311
0.0154731
-0.0569899
0.0141808
-0.0595653
0.0124904
-0.0620459
0.0104502
-0.0643219
0.00811425
-0.0662894
0.00554513
-0.067856
0.0028141
-0.0689458
-0.069504
-0.000849963
-0.0406222
-0.00171474
-0.0407898
-0.00262149
-0.0411055
-0.00352278
-0.0415702
-0.00441681
-0.0421055
-0.00513804
-0.0427144
-0.00564094
-0.0432658
-0.00574238
-0.0437125
-0.00530394
-0.0439914
-0.00425105
-0.0440299
-0.00256169
-0.0439161
-0.000393519
-0.0435825
0.00206621
-0.0432448
0.00477809
-0.0429417
0.00748089
-0.0427873
0.00995657
-0.0428988
0.0120458
-0.0433543
0.0136494
-0.0441895
0.0147228
-0.045401
0.0152636
-0.0469522
0.0152967
-0.0487817
0.0148618
-0.0508107
0.0140032
-0.05295
0.0127655
-0.0551053
0.0111926
-0.0571808
0.00932884
-0.0590834
0.00722191
-0.0607264
0.00492463
-0.0620332
0.00249592
-0.0629415
-0.0634063
-0.000938618
-0.0419076
-0.00189931
-0.042062
-0.00286846
-0.0423694
-0.00385839
-0.0427709
-0.00475368
-0.043266
-0.00549224
-0.0437511
-0.00591731
-0.0441665
-0.0059082
-0.0444114
-0.00533914
-0.0444528
-0.00415801
-0.0442391
-0.00241415
-0.0438281
-0.000226863
-0.0432413
0.00224085
-0.0426399
0.00486933
-0.042086
0.00742023
-0.0416989
0.00969927
-0.041586
0.0115712
-0.0418134
0.0129594
-0.0424057
0.0138383
-0.0433511
0.0142197
-0.0446092
0.0141387
-0.0461187
0.0136407
-0.0478058
0.0127734
-0.0495898
0.0115816
-0.0513881
0.0101077
-0.0531188
0.00839246
-0.0547034
0.00647746
-0.0560699
0.0044074
-0.0571555
0.00223083
-0.0579092
-0.0582946
-0.00102869
-0.0432173
-0.00206998
-0.0433615
-0.00312024
-0.0436427
-0.00411142
-0.0440281
-0.00502772
-0.0444195
-0.00573697
-0.0447795
-0.00607768
-0.0450482
-0.00593626
-0.0450946
-0.00522251
-0.0448939
-0.00392691
-0.0444368
-0.00209296
-0.0437471
0.000107461
-0.0429366
0.00256062
-0.0421057
0.00509451
-0.0413446
0.00748875
-0.0407729
0.00957318
-0.0404862
0.0112361
-0.0405375
0.012422
-0.0409403
0.0131218
-0.0416748
0.0133591
-0.0426965
0.0131763
-0.0439448
0.0126229
-0.04535
0.0117475
-0.0468394
0.0105946
-0.0483403
0.00920435
-0.0497829
0.00761369
-0.0511014
0.00585907
-0.0522365
0.00397816
-0.0531368
0.00201099
-0.0537612
-0.0540801
-0.00111317
-0.0445507
-0.00222003
-0.0446931
-0.00331772
-0.0449404
-0.00436364
-0.0452579
-0.00525391
-0.0455734
-0.00586066
-0.0458214
-0.00610415
-0.0458752
-0.00582162
-0.0457213
-0.00495781
-0.0452851
-0.00353836
-0.0445899
-0.00163143
-0.0436448
0.000580489
-0.0426325
0.00300019
-0.0416099
0.00542594
-0.0406841
0.00765736
-0.039973
0.00954833
-0.0395585
0.0110099
-0.0394805
0.0120055
-0.0397414
0.0125405
-0.0403139
0.0126479
-0.04115
0.0123751
-0.0421893
0.0117734
-0.0433666
0.0108914
-0.0446158
0.0097721
-0.0458732
0.00845275
-0.0470792
0.00696689
-0.0481789
0.00534623
-0.0491234
0.00362259
-0.0498711
0.001829
-0.0503889
-0.0506531
-0.00118614
-0.0459129
-0.00236067
-0.0460415
-0.00349829
-0.0462465
-0.00455333
-0.0464737
-0.00539492
-0.0467046
-0.00593395
-0.0467899
-0.00600356
-0.0466831
-0.00554867
-0.0462832
-0.00454238
-0.0455994
-0.0030189
-0.0446523
-0.00105172
-0.0435046
0.00116741
-0.0423101
0.00353466
-0.0411288
0.00583774
-0.0400784
0.00789953
-0.0392687
0.00959776
-0.0387673
0.0108649
-0.0386005
0.0116818
-0.0387603
0.0120655
-0.0392125
0.0120561
-0.039906
0.0117042
-0.0407814
0.0110613
-0.0417772
0.0101745
-0.0428334
0.00908462
-0.0438942
0.00782603
-0.0449085
0.00642875
-0.0458307
0.00492036
-0.0466205
0.00332774
-0.0472442
0.00167823
-0.0476755
-0.0478951
-0.00125717
-0.0472954
-0.00249449
-0.0473956
-0.00365705
-0.0475505
-0.00465574
-0.0477071
-0.00542645
-0.0477961
-0.0058409
-0.047699
-0.00580448
-0.0473571
-0.00518973
-0.0467476
-0.00402994
-0.0458163
-0.00238177
-0.0446446
-0.000373474
-0.043317
0.00184744
-0.0419564
0.0041409
-0.0406471
0.0063064
-0.0395089
0.0081918
-0.038637
0.00969813
-0.0380836
0.0107779
-0.037862
0.0114268
-0.0379544
0.0116719
-0.0383203
0.011558
-0.0389068
0.011137
-0.0396553
0.0104593
-0.0405081
0.00956989
-0.0414109
0.00850653
-0.0423145
0.00730062
-0.0431751
0.00597886
-0.0439547
0.00456514
-0.0446201
0.00308222
-0.0451443
0.00155279
-0.0455059
-0.0456899
-0.00131435
-0.048695
-0.00258932
-0.0487579
-0.00375443
-0.0488444
-0.00471376
-0.0489048
-0.00541368
-0.0488018
-0.00567691
-0.0485316
-0.00542046
-0.0479712
-0.00465973
-0.047082
-0.00336642
-0.0459159
-0.00162592
-0.0445596
0.000398956
-0.0430597
0.00260197
-0.0415592
0.00479774
-0.040156
0.00681097
-0.0389642
0.00851394
-0.0380619
0.00982985
-0.0374859
0.0107293
-0.0372371
0.011221
-0.0372887
0.0113394
-0.0375955
0.0111323
-0.0381029
0.0106514
-0.0387541
0.00994499
-0.0394949
0.00905503
-0.0402761
0.00801614
-0.0410545
0.00685657
-0.0417926
0.00559986
-0.0424582
0.00426668
-0.0430244
0.00287634
-0.0434691
0.00144776
-0.0437751
-0.0439306
-0.00135158
-0.0501059
-0.00264189
-0.0501217
-0.00378549
-0.0501158
-0.00469098
-0.0500359
-0.00525253
-0.049749
-0.00536371
-0.0492557
-0.0049462
-0.0484469
-0.00399221
-0.0473168
-0.00255354
-0.0459413
-0.000757
-0.0443495
0.00126107
-0.0427216
0.00341064
-0.0411162
0.00548559
-0.039654
0.00733316
-0.0384395
0.00884899
-0.0375339
0.009977
-0.0369593
0.0107039
-0.036705
0.0110489
-0.0367365
0.0110519
-0.0370045
0.0107621
-0.0374541
0.0102297
-0.0380306
0.00949999
-0.0386835
0.00861158
-0.0393683
0.00759571
-0.0400468
0.00647746
-0.040687
0.00527747
-0.0412617
0.00401355
-0.0417487
0.00270209
-0.0421299
0.00135896
-0.0423918
-0.0425246
-0.00136267
-0.0515135
-0.00264115
-0.0514728
-0.00373065
-0.0513521
-0.0045384
-0.0510981
-0.00493932
-0.0506124
-0.00487127
-0.0498605
-0.00430606
-0.0487682
-0.0031993
-0.0474291
-0.00168303
-0.0458101
0.000151814
-0.0440795
0.00218516
-0.0423185
0.00425329
-0.0406347
0.00618666
-0.0391452
0.00785724
-0.0379352
0.00918311
-0.0370491
0.0101271
-0.0364949
0.0106897
-0.0362514
0.0108986
-0.0362777
0.0107972
-0.0365219
0.0104345
-0.0369295
0.00985807
-0.0374481
0.00911
-0.0380312
0.00822507
-0.0386387
0.00723111
-0.039237
0.00615018
-0.0397983
0.00500021
-0.0403
0.00379652
-0.0407234
0.00255303
-0.0410539
0.00128312
-0.0412804
-0.041395
-0.00134175
-0.0528958
-0.00257638
-0.052786
-0.0035792
-0.0525277
-0.00426418
-0.052072
-0.00450871
-0.0513554
-0.004266
-0.0503329
-0.00350156
-0.0489881
-0.00228886
-0.0473615
-0.000647224
-0.0455949
0.00116199
-0.0437083
0.00315476
-0.0418518
0.00511185
-0.0401253
0.00688525
-0.0386377
0.00837006
-0.0374557
0.00950532
-0.0366076
0.0102707
-0.0360882
0.0106782
-0.0358673
0.0107618
-0.0358987
0.0105664
-0.0361293
0.0101397
-0.0365058
0.0095262
-0.0369788
0.00876406
-0.0375056
0.00788432
-0.0380501
0.00691141
-0.0385829
0.00586454
-0.03908
0.00475916
-0.0395222
0.0036084
-0.0398941
0.00242411
-0.0401835
0.0012176
-0.0403815
-0.0404815
-0.0012814
-0.0542215
-0.00243442
-0.0540289
-0.00332188
-0.0536109
-0.00385452
-0.0529301
-0.00393684
-0.0519575
-0.00351688
-0.0506459
-0.00260272
-0.0490527
-0.00123388
-0.0472233
0.00037267
-0.0452539
0.00222982
-0.0432642
0.00414897
-0.0413386
0.00596944
-0.0396021
0.0075677
-0.0381425
0.00886092
-0.0370085
0.00980732
-0.0362128
0.0104011
-0.0357384
0.0106634
-0.0355474
0.0106324
-0.0355905
0.0103531
-0.035814
0.00987082
-0.0361667
0.0092264
-0.0366025
0.00845399
-0.0370825
0.00758088
-0.0375745
0.00662828
-0.0380528
0.00561273
-0.0384967
0.00454745
-0.0388899
0.00344366
-0.0392193
0.00231145
-0.039475
0.00116041
-0.0396496
-0.0397377
-0.00117341
-0.0554474
-0.00220022
-0.055159
-0.00294548
-0.0545677
-0.00329825
-0.0536429
-0.00320479
-0.0523999
-0.00260666
-0.0508144
-0.00156474
-0.0489792
-0.000163603
-0.0469531
0.00151408
-0.0448456
0.00333794
-0.0427545
0.00514905
-0.0407983
0.00681098
-0.0390817
0.00822253
-0.0376727
0.00932151
-0.0366026
0.0100832
-0.0358696
0.0105139
-0.0354465
0.0106417
-0.0352897
0.0105067
-0.0353476
0.0101531
-0.0355675
0.00962303
-0.0359009
0.00895319
-0.0363051
0.00817379
-0.036745
0.00730848
-0.0371922
0.00637548
-0.037624
0.00538886
-0.0380228
0.00435989
-0.0383746
0.0032981
-0.0386685
0.00221209
-0.0388961
0.00111003
-0.0390511
-0.0391293
-0.0010105
-0.0565187
-0.00186407
-0.0561226
-0.00243154
-0.0553576
-0.00258901
-0.0541875
-0.00230388
-0.0526759
-0.00155562
-0.0508371
-0.000409946
-0.0487769
0.00103765
-0.046581
0.00271632
-0.0443517
0.00446376
-0.0422038
0.00613775
-0.0402522
0.0076234
-0.038582
0.00884054
-0.0372424
0.00974585
-0.0362479
0.0103293
-0.0355841
0.0106068
-0.0352154
0.0106111
-0.0350939
0.0103829
-0.0351673
0.00996408
-0.035385
0.00939315
-0.0357012
0.00870276
-0.0360772
0.00791912
-0.0364816
0.00706251
-0.0368893
0.00614835
-0.0372806
0.00518853
-0.0376404
0.00419258
-0.0379565
0.00316856
-0.0382199
0.00212381
-0.0384235
0.00106533
-0.038562
-0.0386317
-0.000792912
-0.0573663
-0.00142258
-0.0568699
-0.00177273
-0.0559328
-0.00172736
-0.0545355
-0.00125167
-0.0527745
-0.000383078
-0.0507061
0.000822889
-0.0484557
0.00231746
-0.0461151
0.00395185
-0.0438024
0.00558698
-0.0416387
0.0070998
-0.0397231
0.0083959
-0.0381218
0.00941487
-0.0368658
0.0101301
-0.0359548
0.0105439
-0.035363
0.0106792
-0.0350486
0.0105713
-0.0349611
0.0102602
-0.0350488
0.00978463
-0.0352636
0.00917924
-0.0355634
0.00847253
-0.0359132
0.00768694
-0.036285
0.0068396
-0.036657
0.00594347
-0.0370121
0.00500847
-0.0373372
0.0040426
-0.0376221
0.00305269
-0.0378588
0.00204496
-0.0380414
0.00102542
-0.0381656
-0.038228
-0.000515328
-0.0579211
-0.000868725
-0.0573519
-0.000978662
-0.0562359
-0.000723708
-0.0546506
-0.000109734
-0.0526778
0.000874789
-0.0504279
0.00216443
-0.0480182
0.00364699
-0.0455753
0.00519658
-0.0432272
0.00668954
-0.0410857
0.00802225
-0.0392338
0.00912016
-0.0377193
0.00994105
-0.036557
0.0104728
-0.035733
0.0107271
-0.0352129
0.0107318
-0.03495
0.0105231
-0.0348932
0.0101388
-0.0349924
0.00961442
-0.0352026
0.00898024
-0.0354855
0.00826079
-0.0358098
0.00747506
-0.036151
0.00663733
-0.0364899
0.00575831
-0.0368119
0.00484625
-0.0371057
0.00390779
-0.0373624
0.0029487
-0.0375754
0.00197429
-0.0377394
0.000989687
-0.0378509
-0.0379068
-0.000188732
-0.0581123
-0.00023104
-0.0574758
-9.8181e-05
-0.0562405
0.000365228
-0.0545058
0.00116168
-0.0523759
0.00225481
-0.0499848
0.00356809
-0.0474754
0.00499742
-0.0449893
0.00642852
-0.042654
0.00775555
-0.0405705
0.00889465
-0.0388061
0.00979044
-0.0373923
0.010417
-0.0363291
0.0107739
-0.035592
0.0108803
-0.0351398
0.0107665
-0.0349237
0.010468
-0.0348927
0.01002
-0.0349994
0.00945374
-0.0352024
0.00879568
-0.0354671
0.00806652
-0.035766
0.00728201
-0.0360776
0.00645392
-0.0363853
0.005591
-0.0366765
0.00470003
-0.0369413
0.00378652
-0.0371723
0.0028553
-0.0373637
0.00191087
-0.037511
0.000957627
-0.0376109
-0.0376611
0.00015554
-0.0578729
0.000418138
-0.0571931
0.000875834
-0.0558876
0.00157851
-0.0540577
0.00253179
-0.0518374
0.0036964
-0.0493807
0.00499768
-0.0468457
0.00634067
-0.0443798
0.00762713
-0.0421062
0.0087712
-0.0401151
0.00970909
-0.0384592
0.0104035
-0.0371559
0.0108427
-0.0361938
0.0110358
-0.0355401
0.0110065
-0.0351501
0.0107862
-0.0349739
0.0104085
-0.0349626
0.00990505
-0.035072
0.00930332
-0.0352645
0.00862558
-0.0355093
0.00788909
-0.0357823
0.00710675
-0.0360647
0.00628808
-0.0363424
0.00544016
-0.0366043
0.00456847
-0.0368421
0.00367756
-0.0370493
0.00277145
-0.0372207
0.00185396
-0.0373525
0.000928879
-0.037442
-0.0374868
0.000542495
-0.0571394
0.00116336
-0.0564465
0.00192343
-0.0551205
0.00285259
-0.0532725
0.00394363
-0.0510498
0.00515421
-0.0486171
0.00641604
-0.0461387
0.00764836
-0.043761
0.00877269
-0.0416004
0.00972442
-0.0397357
0.0104598
-0.0382073
0.0109583
-0.0370221
0.0112201
-0.0361602
0.0112617
-0.0355846
0.0111095
-0.035249
0.0107944
-0.0351049
0.0103472
-0.0351064
0.00979605
-0.0352131
0.00916419
-0.0353913
0.00847024
-0.0356141
0.00772826
-0.0358602
0.00694861
-0.0361136
0.0061389
-0.036362
0.00530473
-0.0365959
0.00445052
-0.036808
0.00357996
-0.0369926
0.0026964
-0.0371454
0.00180306
-0.0372628
0.000903158
-0.0373425
-0.0373824
0.000940034
-0.0558594
0.00192465
-0.0551874
0.00298534
-0.0539048
0.00413079
-0.0521252
0.005343
-0.0499976
0.00657997
-0.0476867
0.00778367
-0.0453532
0.00889122
-0.0431361
0.00984565
-0.0411418
0.0106042
-0.0394383
0.0111425
-0.0380566
0.0114552
-0.0369963
0.0115525
-0.0362335
0.0114562
-0.0357299
0.0111939
-0.0354408
0.010795
-0.0353207
0.0102874
-0.0353279
0.00969509
-0.0354264
0.00903764
-0.0355865
0.00833019
-0.0357847
0.00758398
-0.0360028
0.00680719
-0.0362269
0.00600571
-0.0364463
0.00518396
-0.0366529
0.0043454
-0.0368402
0.00349302
-0.0370034
0.00262955
-0.0371383
0.00175772
-0.0372422
0.000880269
-0.0373126
-0.0373479
0.00132634
-0.0540065
0.0026622
-0.0533911
0.00400911
-0.0522185
0.005355
-0.050596
0.00667262
-0.0486636
0.00792249
-0.0465744
0.00905909
-0.0444758
0.0100386
-0.0424934
0.0108259
-0.0407208
0.0113996
-0.0392158
0.0117533
-0.038002
0.011895
-0.0370756
0.0118433
-0.0364124
0.0116237
-0.0359765
0.0112642
-0.0357271
0.0107923
-0.0356241
0.0102322
-0.0356308
0.00960443
-0.0357159
0.00892506
-0.0358542
0.00820613
-0.0360255
0.00745646
-0.0362142
0.00668229
-0.0364084
0.00588813
-0.0365989
0.00507733
-0.0367785
0.00425256
-0.0369417
0.00341619
-0.037084
0.00257047
-0.0372018
0.00171764
-0.0372926
0.000860019
-0.0373542
-0.037385
0.0016802
-0.0515838
0.00333663
-0.0510583
0.00494262
-0.0500578
0.00646701
-0.0486753
0.00787484
-0.0470317
0.00913005
-0.0452584
0.0101997
-0.0434812
0.0110586
-0.041806
0.0116921
-0.0403112
0.0120983
-0.0390441
0.0122869
-0.0380233
0.0122773
-0.0372442
0.0120951
-0.0366858
0.0117683
-0.0363174
0.0113247
-0.0361049
0.0107897
-0.0360147
0.0101845
-0.0360167
0.0095262
-0.0360851
0.00882784
-0.0361988
0.00809888
-0.0363412
0.00734602
-0.0364993
0.00657393
-0.036663
0.00578593
-0.0368243
0.00498448
-0.0369772
0.00417161
-0.0371165
0.00334914
-0.0372383
0.00251885
-0.0373395
0.0016826
-0.0374175
0.000842315
-0.0374706
-0.0374971
0.00198241
-0.0486261
0.00391215
-0.0482176
0.00573818
-0.0474402
0.00741311
-0.0463665
0.00889562
-0.0450903
0.0101531
-0.0437136
0.011164
-0.0423335
0.011919
-0.0410318
0.0124215
-0.0398687
0.012686
-0.0388809
0.0127357
-0.0380826
0.0125994
-0.0374705
0.0123079
-0.0370289
0.0118915
-0.0367347
0.0113776
-0.0365622
0.0107897
-0.036486
0.0101463
-0.0364833
0.00946197
-0.0365343
0.00874712
-0.0366229
0.00800912
-0.0367359
0.00725302
-0.036863
0.00648221
-0.036996
0.00569904
-0.0371282
0.00490527
-0.0372543
0.00410234
-0.03737
0.00329161
-0.0374716
0.00247449
-0.0375563
0.00165245
-0.0376219
0.000827063
-0.0376665
-0.0376888
0.00221738
-0.0451985
0.00435954
-0.0449256
0.00635647
-0.0444065
0.00814822
-0.0436893
0.00968869
-0.0428366
0.0109481
-0.041916
0.0119136
-0.0409917
0.0125887
-0.0401178
0.0129904
-0.0393344
0.0131458
-0.0386663
0.0130884
-0.0381236
0.0128541
-0.0377048
0.0124779
-0.0374003
0.0119916
-0.0371957
0.0114224
-0.0370746
0.0107923
-0.0370208
0.010118
-0.0370194
0.00941213
-0.0370574
0.0086832
-0.0371239
0.00793707
-0.0372098
0.00717757
-0.0373076
0.00640715
-0.037411
0.00562742
-0.037515
0.00483957
-0.0376151
0.00404461
-0.0377076
0.00324349
-0.0377894
0.00243728
-0.037858
0.00162711
-0.0379112
0.00081423
-0.0379476
-0.0379658
0.00237449
-0.0413935
0.00465868
-0.0412645
0.00676997
-0.0410194
0.00864008
-0.0406815
0.0102198
-0.0402806
0.0114813
-0.0398485
0.0124175
-0.0394152
0.0130403
-0.0390059
0.0133755
-0.0386393
0.0134586
-0.0383269
0.0133299
-0.0380737
0.01303
-0.0378793
0.0125964
-0.03774
0.0120621
-0.0376493
0.0114543
-0.0376005
0.010794
-0.0375863
0.0100971
-0.0376004
0.00937488
-0.0376367
0.00863479
-0.0376899
0.00788181
-0.0377554
0.00711902
-0.0378289
0.00634826
-0.0379067
0.0055707
-0.0379852
0.00478713
-0.0380613
0.0039982
-0.0381322
0.0032046
-0.0381953
0.00240708
-0.0382485
0.00160648
-0.03829
0.000803771
-0.0383184
-0.0383327
0.00244896
-0.0373245
0.00480037
-0.0373368
0.00696558
-0.0373616
0.00887241
-0.0373989
0.0104703
-0.0374477
0.0117323
-0.0375063
0.0126544
-0.037572
0.0132523
-0.0376418
0.0135561
-0.0377128
0.0136051
-0.0377826
0.0134424
-0.0378493
0.0131109
-0.037912
0.0126493
-0.0379706
0.012091
-0.038026
0.0114632
-0.038079
0.0107868
-0.0381311
0.0100772
-0.0381836
0.00934517
-0.0382376
0.00859803
-0.0382936
0.00784042
-0.0383516
0.00707516
-0.0384111
0.00630392
-0.0384712
0.00552767
-0.0385304
0.00474704
-0.0385873
0.00396249
-0.0386401
0.00317451
-0.0386871
0.00238359
-0.0387268
0.00159038
-0.0387579
0.00079559
-0.0387792
-0.0387899
0.00244222
-0.0331175
0.00478693
-0.0332586
0.0069456
-0.0335305
0.00884627
-0.0339133
0.0104387
-0.0343806
0.0116966
-0.0349015
0.0126161
-0.0354451
0.0132129
-0.0359831
0.0135171
-0.0364923
0.0135676
-0.036956
0.0134072
-0.0373642
0.0130778
-0.0377128
0.0126182
-0.0380031
0.0120613
-0.03824
0.0114341
-0.0384307
0.0107574
-0.0385831
0.010047
-0.0387054
0.00931381
-0.0388047
0.0085655
-0.0388873
0.007807
-0.0389579
0.0070414
-0.0390201
0.00627058
-0.0390761
0.00549565
-0.0391269
0.0047173
-0.0391731
0.00393598
-0.0392145
0.0031521
-0.0392506
0.00236607
-0.0392806
0.00157835
-0.0393039
0.000789466
-0.0393199
-0.0393278
0.0023614
-0.0289014
0.00463143
-0.0291507
0.00672685
-0.0296313
0.00857957
-0.0303091
0.0101414
-0.0311381
0.0113862
-0.0320658
0.0123086
-0.0330388
0.0129216
-0.0340082
0.0132517
-0.0349332
0.0133339
-0.0357837
0.0132075
-0.0365404
0.0129117
-0.0371941
0.0124827
-0.0377444
0.0119524
-0.0381972
0.0113471
-0.0385626
0.0106879
-0.0388531
0.00999063
-0.0390817
0.00926709
-0.0392606
0.00852562
-0.0394006
0.00777198
-0.0395111
0.00700995
-0.0395993
0.006242
-0.0396708
0.00546971
-0.0397296
0.00469406
-0.0397785
0.00391573
-0.0398192
0.00313523
-0.0398527
0.00235298
-0.0398794
0.0015694
-0.0398995
0.000784921
-0.039913
-0.0399196
0.0022183
-0.0247982
0.00435577
-0.0251298
0.00633839
-0.0257704
0.00810474
-0.0266774
0.00961021
-0.0277929
0.0108289
-0.0290501
0.0117532
-0.0303808
0.0123914
-0.0317212
0.012764
-0.0330168
0.0129
-0.0342258
0.0128326
-0.0353195
0.0125961
-0.0362822
0.0122231
-0.0371091
0.011743
-0.0378041
0.0111808
-0.0383772
0.0105572
-0.0388423
0.00988848
-0.0392147
0.00918726
-0.0395099
0.00846281
-0.0397424
0.00772195
-0.0399247
0.00696948
-0.0400677
0.00620878
-0.0401799
0.00544214
-0.0402683
0.00467115
-0.0403381
0.00389692
-0.040393
0.00312023
-0.0404359
0.0023417
-0.0404685
0.00156185
-0.0404921
0.000781131
-0.0405075
-0.040515
0.0020278
-0.0209144
0.00398793
-0.0213001
0.00581791
-0.0220473
0.00746499
-0.0231102
0.00888937
-0.0244262
0.010066
-0.0259223
0.0109847
-0.0275225
0.0116483
-0.0291545
0.0120705
-0.0307551
0.0122724
-0.0322733
0.0122802
-0.0336723
0.0121216
-0.0349289
0.0118243
-0.0360322
0.0114141
-0.0369818
0.010914
-0.0377847
0.0103437
-0.0384533
0.00971935
-0.0390026
0.00905421
-0.0394489
0.00835859
-0.0398083
0.00764039
-0.0400957
0.00690555
-0.0403244
0.00615852
-0.0405056
0.00540255
-0.0406486
0.00464002
-0.040761
0.00387267
-0.0408485
0.0031018
-0.0409158
0.00232837
-0.0409662
0.00155317
-0.0410021
0.000776848
-0.0410252
-0.0410363
0.00180611
-0.0173344
0.00355862
-0.0177467
0.00520754
-0.0185479
0.00670968
-0.0196934
0.00803102
-0.0211219
0.0091481
-0.022761
0.0100485
-0.0245343
0.01073
-0.0263669
0.0111993
-0.0281915
0.0114695
-0.029952
0.011559
-0.0316048
0.0114883
-0.03312
0.0112792
-0.0344802
0.0109533
-0.0356786
0.0105304
-0.0367171
0.0100285
-0.0376043
0.00946335
-0.0383525
0.00884814
-0.0389766
0.00819386
-0.0394923
0.00750941
-0.039915
0.00680187
-0.0402589
0.00607678
-0.0405368
0.00533842
-0.0407599
0.0045901
-0.0409375
0.00383436
-0.0410774
0.00307313
-0.0411857
0.00230796
-0.0412671
0.00154005
-0.0413252
0.000770434
-0.0413627
-0.0413808
0.00156908
-0.0141177
0.00309818
-0.014532
0.00454951
-0.0153398
0.00588944
-0.0165009
0.00709013
-0.0179597
0.00813053
-0.0196499
0.00899694
-0.0214998
0.00968299
-0.0234378
0.010189
-0.0253974
0.0105209
-0.0273204
0.0106892
-0.0291599
0.0107075
-0.0308803
0.0105913
-0.0324578
0.0103571
-0.0338792
0.0100211
-0.0351402
0.00959904
-0.0362435
0.00910513
-0.037197
0.00855221
-0.0380121
0.0079514
-0.0387023
0.0073122
-0.0392814
0.00664252
-0.0397635
0.0059489
-0.0401615
0.00523664
-0.0404873
0.00451001
-0.0407512
0.0037724
-0.0409621
0.00302657
-0.0411273
0.00227472
-0.0412528
0.00151867
-0.0413431
0.000759975
-0.0414015
-0.04143
0.00133086
-0.0112977
0.00263393
-0.0116941
0.00388241
-0.0124695
0.0050516
-0.0135902
0.00611971
-0.015009
0.00706867
-0.0166689
0.00788467
-0.0185071
0.00855843
-0.0204595
0.00908535
-0.0224641
0.00946522
-0.0244647
0.00970177
-0.0264135
0.00980197
-0.0282716
0.00977535
-0.0300105
0.00963319
-0.0316107
0.00938776
-0.0330614
0.00905164
-0.0343591
0.00863717
-0.035506
0.00815605
-0.0365085
0.00761897
-0.0373762
0.00703554
-0.0381202
0.00641415
-0.0387523
0.00576202
-0.0392845
0.00508528
-0.0397282
0.00438908
-0.0400935
0.00367768
-0.0403898
0.00295465
-0.0406249
0.00222299
-0.0408054
0.00148521
-0.0409363
0.000743545
-0.0410214
-0.0410633
0.00110299
-0.00888364
0.00218833
-0.00924748
0.00323855
-0.00996154
0.00423667
-0.0109994
0.00516653
-0.0123235
0.0060133
-0.0138878
0.00676399
-0.0156404
0.0074079
-0.017527
0.00793712
-0.0194935
0.0083468
-0.0214887
0.00863528
-0.0234665
0.00880392
-0.0253877
0.00885684
-0.0272203
0.00880042
-0.0289405
0.0086428
-0.0305318
0.00839323
-0.0319845
0.0080616
-0.0332947
0.00765791
-0.0344633
0.00719187
-0.0354948
0.00667264
-0.0363964
0.00610864
-0.0371766
0.0055074
-0.037845
0.00487559
-0.0384112
0.00421904
-0.0388844
0.00354278
-0.0392733
0.00285114
-0.0395855
0.0021479
-0.0398273
0.00143636
-0.040004
0.000719482
-0.0401197
-0.0401767
0.000893894
-0.0068643
0.00177805
-0.00718633
0.00264237
-0.00782049
0.0034762
-0.00874737
0.00426828
-0.00993908
0.00500703
-0.0113606
0.00568094
-0.0129717
0.00627913
-0.0147289
0.00679198
-0.0165872
0.00721168
-0.0185028
0.0075327
-0.0204339
0.0077521
-0.0223429
0.00786952
-0.0241975
0.00788706
-0.0259707
0.00780896
-0.0276419
0.00764114
-0.0291964
0.00739075
-0.0306246
0.00706572
-0.0319219
0.0066743
-0.0330876
0.00622472
-0.0341239
0.00572492
-0.0350356
0.00518236
-0.0358287
0.00460391
-0.0365102
0.0039958
-0.0370873
0.00336361
-0.0375671
0.00271233
-0.037956
0.00204645
-0.0382599
0.00136999
-0.0384835
0.000686677
-0.0386305
-0.0387033
0.000708888
-0.00521256
0.00141379
-0.00548844
0.00211006
-0.00603356
0.0027919
-0.00683479
0.0034521
-0.00787284
0.00408209
-0.00912296
0.00467224
-0.0105558
0.00521239
-0.0121384
0.00569249
-0.0138359
0.00610332
-0.0156121
0.00643705
-0.0174315
0.00668778
-0.0192603
0.00685184
-0.0210674
0.0069279
-0.0228255
0.0069168
-0.0245115
0.00682139
-0.0261068
0.00664611
-0.0275978
0.00639662
-0.0289747
0.00607939
-0.030232
0.00570137
-0.0313672
0.00526963
-0.0323806
0.00479114
-0.0332743
0.00427261
-0.0340521
0.00372038
-0.0347183
0.00314031
-0.035278
0.00253787
-0.0357357
0.00191808
-0.0360961
0.00128561
-0.0363628
0.000644844
-0.0365388
-0.0366262
0.000550462
-0.00389059
0.00110079
-0.00411998
0.00165006
-0.0045748
0.00219599
-0.00524701
0.00273451
-0.0061245
0.00325966
-0.00719118
0.00376381
-0.00842719
0.0042381
-0.00980933
0.004673
-0.0113117
0.00505904
-0.0129065
0.00538743
-0.0145648
0.00565066
-0.0162578
0.00584291
-0.0179575
0.00596036
-0.019638
0.00600123
-0.0212757
0.00596574
-0.0228503
0.00585585
-0.024345
0.00567502
-0.0257467
0.00542785
-0.0270454
0.00511974
-0.0282345
0.00475663
-0.0293101
0.0043447
-0.0302706
0.00389016
-0.0311161
0.00339914
-0.0318479
0.00287754
-0.0324682
0.00233103
-0.0329797
0.00176499
-0.0333849
0.00118454
-0.0336864
0.000594615
-0.0338862
-0.0339856
0.000418792
-0.0028547
0.000839754
-0.00304025
0.0012643
-0.00340937
0.00169245
-0.00395789
0.00212241
-0.00467926
0.00255039
-0.00556418
0.00297066
-0.00660051
0.00337592
-0.00777316
0.00375777
-0.00906426
0.00410732
-0.0104535
0.0044158
-0.0119187
0.00467515
-0.0134365
0.0048785
-0.014983
0.00502052
-0.0165349
0.00509761
-0.01807
0.00510797
-0.0195679
0.00505152
-0.0210104
0.00492975
-0.0223822
0.00474544
-0.0236704
0.00450245
-0.0248652
0.0042054
-0.025959
0.00385948
-0.0269468
0.00347016
-0.0278254
0.00304312
-0.0285929
0.002584
-0.029249
0.00209844
-0.0297937
0.00159194
-0.0302279
0.00106987
-0.0305525
0.000537494
-0.0307683
-0.0308759
0.000312345
-0.00205954
0.000628015
-0.00220579
0.000949662
-0.00249769
0.00127868
-0.0029338
0.00161482
-0.00351148
0.00195591
-0.00422647
0.00229793
-0.00507242
0.00263518
-0.00604059
0.00296066
-0.00711967
0.00326657
-0.00829583
0.00354484
-0.00955294
0.00378765
-0.010873
0.0039879
-0.0122368
0.00413958
-0.0136244
0.00423805
-0.0150158
0.00428018
-0.016392
0.00426438
-0.0177349
0.00419053
-0.0190285
0.00405987
-0.0202584
0.00387477
-0.0214126
0.00363857
-0.0224811
0.00335534
-0.023456
0.00302971
-0.0243313
0.00266665
-0.0251026
0.00227139
-0.0257667
0.00184927
-0.0263218
0.00140568
-0.0267666
0.000946029
-0.0271006
0.000475681
-0.0273232
-0.0274346
0.000228488
-0.00146129
0.000460658
-0.00157378
0.000699632
-0.00179903
0.000947487
-0.00213734
0.00120488
-0.00258866
0.00147085
-0.00315207
0.00174273
-0.0038253
0.0020163
-0.00460424
0.00228602
-0.0054826
0.00254541
-0.00645174
0.00278749
-0.00750068
0.00300518
-0.00861633
0.00319175
-0.00978381
0.00334115
-0.010987
0.00344837
-0.0122089
0.00350954
-0.0134325
0.00352209
-0.0146413
0.00348478
-0.0158193
0.00339759
-0.0169521
0.00326168
-0.0180266
0.00307919
-0.0190315
0.00285313
-0.019957
0.00258719
-0.0207951
0.00228557
-0.0215395
0.00195289
-0.0221849
0.00159404
-0.0227276
0.00121409
-0.0231646
0.000818253
-0.0234939
0.000411785
-0.0237141
-0.0238244
0.000164023
-0.00101989
0.000331581
-0.00110443
0.000505774
-0.00127426
0.000688873
-0.00153065
0.000882016
-0.00187503
0.00108501
-0.00230854
0.00129624
-0.00283151
0.00151275
-0.00344295
0.00173034
-0.00414013
0.00194389
-0.00491832
0.00214764
-0.00577062
0.00233552
-0.00668806
0.00250157
-0.00765971
0.00264015
-0.00867306
0.00274633
-0.00971441
0.00281603
-0.0107693
0.00284618
-0.0118231
0.00283481
-0.0128613
0.00278106
-0.01387
0.00268512
-0.0148362
0.00254816
-0.0157482
0.00237223
-0.0165955
0.00216012
-0.0173688
0.00191525
-0.0180605
0.00164155
-0.018664
0.00134332
-0.0191742
0.00102516
-0.0195869
0.000691902
-0.019899
0.000348496
-0.0201083
-0.0202132
0.000115601
-0.000700363
0.00023432
-0.000762514
0.000358945
-0.00088775
0.000491645
-0.00107776
0.000633722
-0.0013347
0.000785442
-0.00166075
0.000945949
-0.00205771
0.00111326
-0.00252648
0.00128436
-0.00306666
0.00145535
-0.00367626
0.00162167
-0.00435142
0.0017784
-0.00508641
0.00192045
-0.00587364
0.00204292
-0.00670385
0.00214127
-0.00756638
0.00221157
-0.00844953
0.00225063
-0.00934093
0.00225615
-0.0102279
0.00222673
-0.011098
0.0021619
-0.0119391
0.00206208
-0.0127396
0.00192854
-0.0134892
0.00176329
-0.0141784
0.00156899
-0.0147988
0.00134885
-0.0153433
0.00110655
-0.0158058
0.000846113
-0.0161814
0.000571853
-0.0164664
0.000288271
-0.0166579
-0.0167541
8.0027e-05
-0.000473318
0.00016264
-0.00051805
0.000250191
-0.00060846
0.000344582
-0.000746304
0.000447083
-0.00093391
0.00055819
-0.00117384
0.000677545
-0.00146853
0.000803906
-0.00181987
0.000935184
-0.00222884
0.00106854
-0.00269518
0.00120051
-0.00321716
0.00132722
-0.00379145
0.00144457
-0.00441308
0.00154844
-0.0050755
0.00163491
-0.00577079
0.00170042
-0.00648982
0.00174196
-0.00722258
0.00175715
-0.00795852
0.00174436
-0.00868681
0.00170271
-0.00939669
0.00163212
-0.0100777
0.00153323
-0.01072
0.00140742
-0.0113144
0.00125667
-0.0118527
0.00108354
-0.0123276
0.000891053
-0.0127329
0.000682627
-0.0130632
0.000461986
-0.0133146
0.000233077
-0.0134839
-0.013569
5.44398e-05
-0.000314885
0.000110927
-0.000346432
0.000171346
-0.000410381
0.00023727
-0.000508347
0.000309826
-0.000642518
0.000389588
-0.000815407
0.0004765
-0.00102956
0.000569841
-0.00128721
0.000668227
-0.00159002
0.000769659
-0.00193872
0.000871609
-0.00233295
0.000971138
-0.00277104
0.00106505
-0.00324997
0.00115003
-0.00376534
0.00122284
-0.00431147
0.00128043
-0.00488151
0.0013201
-0.00546768
0.00133964
-0.00606148
0.00133737
-0.00665395
0.00131223
-0.00723592
0.00126382
-0.00779829
0.00119237
-0.00833224
0.00109873
-0.00882942
0.00098433
-0.00928214
0.000851141
-0.00968347
0.000701583
-0.0100273
0.000538462
-0.0103087
0.000364897
-0.0105233
0.00018424
-0.0106681
-0.010741
3.64069e-05
-0.000206267
7.43726e-05
-0.000228083
0.000115348
-0.000272436
0.000160574
-0.000340696
0.00021099
-0.000434753
0.000267149
-0.000556833
0.000329161
-0.00070928
0.000396649
-0.000894307
0.000468739
-0.00111375
0.000544076
-0.00136884
0.000620869
-0.00165996
0.000696965
-0.00198654
0.000769953
-0.00234691
0.00083727
-0.00273827
0.000896325
-0.00315673
0.000944624
-0.00359732
0.000979886
-0.0040542
0.00100015
-0.00452075
0.00100386
-0.00498982
0.00098993
-0.00545391
0.000957786
-0.0059054
0.000907386
-0.00633674
0.000839216
-0.00674067
0.000754268
-0.00711034
0.000654004
-0.00743951
0.000540307
-0.00772265
0.000415417
-0.00795501
0.000281871
-0.00813273
0.000142428
-0.00825285
-0.00831341
2.39449e-05
-0.000133075
4.90378e-05
-0.00014788
7.63574e-05
-0.000178063
0.000106846
-0.000224725
0.000141248
-0.0002894
0.000180049
-0.000373933
0.000223428
-0.000480319
0.000271225
-0.000610524
0.000322914
-0.000766298
0.000377608
-0.000948987
0.00043408
-0.00115936
0.000490801
-0.00139747
0.000546007
-0.00166254
0.000597774
-0.00195291
0.000644111
-0.002266
0.000683048
-0.00259836
0.000712732
-0.00294572
0.00073152
-0.00330312
0.000738051
-0.00366501
0.000731314
-0.00402548
0.000710688
-0.00437836
0.000675978
-0.00471746
0.000627416
-0.00503667
0.000565659
-0.0053302
0.000491766
-0.00559267
0.000407159
-0.00581923
0.000313579
-0.00600571
0.000213031
-0.00614866
0.000107723
-0.00624545
-0.00629429
1.54943e-05
-8.45798e-05
3.18096e-05
-9.44444e-05
4.97237e-05
-0.000114611
6.99293e-05
-0.000145924
9.29921e-05
-0.000189573
0.000119311
-0.00024701
0.000149079
-0.000319837
0.000182258
-0.000409685
0.000218553
-0.000518072
0.000257404
-0.000646265
0.000297993
-0.000795142
0.000339267
-0.000965078
0.000379971
-0.00115584
0.000418707
-0.00136651
0.000453986
-0.00159547
0.000484306
-0.0018404
0.000508218
-0.00209828
0.0005244
-0.00236549
0.000531722
-0.00263788
0.000529303
-0.00291091
0.000516552
-0.00317977
0.000493206
-0.00343952
0.000459337
-0.00368525
0.000415361
-0.00391221
0.00036202
-0.00411593
0.000300363
-0.00429237
0.000231707
-0.00443799
0.000157596
-0.00454987
7.97473e-05
-0.00462573
-0.00466404
9.86784e-06
-5.29724e-05
2.03073e-05
-5.94299e-05
3.18643e-05
-7.26668e-05
4.50331e-05
-9.33067e-05
6.02296e-05
-0.000122237
7.77641e-05
-0.000160554
9.7815e-05
-0.000209489
0.000120405
-0.000270323
0.000145381
-0.000344292
0.000172405
-0.000432484
0.000200947
-0.000535735
0.000230301
-0.000654537
0.000259601
-0.00078895
0.000287852
-0.000938543
0.000313979
-0.00110235
0.000336868
-0.00127885
0.000355422
-0.00146597
0.000368617
-0.00166116
0.000375552
-0.00186138
0.0003755
-0.00206327
0.000367943
-0.00226317
0.000352604
-0.00245727
0.000329467
-0.00264175
0.000298777
-0.00281284
0.000261044
-0.00296698
0.00021702
-0.00310088
0.000167677
-0.00321168
0.000114174
-0.00329697
5.78141e-05
-0.00335489
-0.00338417
6.18754e-06
-3.27006e-05
1.27636e-05
-3.68559e-05
2.01016e-05
-4.53956e-05
2.85452e-05
-5.87663e-05
3.83909e-05
-7.76079e-05
4.98708e-05
-0.000102719
6.31337e-05
-0.00013501
7.82277e-05
-0.000175449
9.50836e-05
-0.000224992
0.000113504
-0.000284515
0.000133159
-0.000354737
0.000153585
-0.000436152
0.000174198
-0.000528955
0.000194314
-0.000632995
0.00021317
-0.000747728
0.000229967
-0.000872199
0.000243897
-0.00100503
0.000254193
-0.00114446
0.000260164
-0.00128833
0.000261233
-0.00143421
0.000256973
-0.0015794
0.000247128
-0.00172106
0.000231637
-0.00185627
0.000210637
-0.00198216
0.000184466
-0.00209596
0.000153652
-0.00219511
0.000118896
-0.00227735
8.10459e-05
-0.00234077
4.10656e-05
-0.0023839
-0.00240572
3.82128e-06
-1.99019e-05
7.90065e-06
-2.25315e-05
1.24879e-05
-2.79495e-05
1.7816e-05
-3.64662e-05
2.40908e-05
-4.85298e-05
3.14798e-05
-6.47047e-05
4.00996e-05
-8.56432e-05
5.00028e-05
-0.000112049
6.11662e-05
-0.000144633
7.34807e-05
-0.000184069
8.6745e-05
-0.000230933
0.000100664
-0.00028566
0.000114855
-0.000348487
0.000128853
-0.000419409
0.000142138
-0.000498146
0.000154145
-0.00058412
0.0001643
-0.000676443
0.000172042
-0.000773919
0.000176857
-0.00087507
0.000178307
-0.000978168
0.000176054
-0.00108128
0.000169881
-0.00118234
0.000159712
-0.0012792
0.000145615
-0.0013697
0.000127809
-0.00145178
0.000106656
-0.00152348
8.26498e-05
-0.00158309
5.63969e-05
-0.00162915
2.85939e-05
-0.00166051
-0.00167638
2.32509e-06
-1.19447e-05
4.81803e-06
-1.35821e-05
7.64236e-06
-1.69639e-05
1.09524e-05
-2.23006e-05
1.48877e-05
-2.98975e-05
1.95652e-05
-4.0143e-05
2.50721e-05
-5.34905e-05
3.14557e-05
-7.04365e-05
3.87154e-05
-9.14927e-05
4.67944e-05
-0.000117154
5.55739e-05
-0.000147862
6.48707e-05
-0.000183969
7.4438e-05
-0.000225699
8.39714e-05
-0.000273117
9.3119e-05
-0.000326097
0.000101496
-0.000384301
0.0001087
-0.000447171
0.000114336
-0.000513924
0.000118032
-0.00058356
0.000119464
-0.000654889
0.000118376
-0.000726559
0.000114596
-0.000797099
0.000108047
-0.000864967
9.87593e-05
-0.000928602
8.68695e-05
-0.000986484
7.26207e-05
-0.00103718
5.6353e-05
-0.00107942
3.84912e-05
-0.00111211
1.95272e-05
-0.00113439
-0.00114568
1.39427e-06
-7.07138e-06
2.89556e-06
-8.07493e-06
4.60872e-06
-1.01527e-05
6.63395e-06
-1.34438e-05
9.06343e-06
-1.81514e-05
1.1977e-05
-2.45359e-05
1.54369e-05
-3.29046e-05
1.94817e-05
-4.35982e-05
2.41201e-05
-5.69734e-05
2.93247e-05
-7.33824e-05
3.50279e-05
-9.31492e-05
4.11185e-05
-0.000116544
4.74415e-05
-0.000143756
5.38006e-05
-0.00017487
5.99646e-05
-0.000209844
6.56755e-05
-0.000248492
7.06606e-05
-0.000290472
7.46458e-05
-0.00033528
7.73703e-05
-0.000382259
7.86026e-05
-0.000430607
7.81544e-05
-0.000479398
7.58935e-05
-0.000527613
7.17546e-05
-0.000574171
6.57451e-05
-0.000617967
5.79493e-05
-0.000657917
4.85264e-05
-0.000692996
3.77061e-05
-0.000722279
2.57792e-05
-0.000744976
1.30857e-05
-0.000760465
-0.000768319
8.24263e-07
-4.13033e-06
1.71547e-06
-4.73605e-06
2.73957e-06
-5.99303e-06
3.96031e-06
-7.99132e-06
5.43735e-06
-1.08631e-05
7.22373e-06
-1.47789e-05
9.36254e-06
-1.9942e-05
1.1883e-05
-2.65804e-05
1.4796e-05
-3.4936e-05
1.80904e-05
-4.52523e-05
2.17288e-05
-5.77584e-05
2.56453e-05
-7.26522e-05
2.97447e-05
-9.00825e-05
3.39031e-05
-0.000110131
3.79716e-05
-0.000132797
4.17814e-05
-0.000157983
4.51511e-05
-0.000185485
4.78957e-05
-0.000214989
4.98365e-05
-0.000246069
5.08121e-05
-0.000278198
5.06887e-05
-0.000310756
4.9369e-05
-0.000343052
4.68005e-05
-0.000374345
4.29806e-05
-0.000403874
3.79591e-05
-0.000430882
3.18385e-05
-0.000454651
2.47708e-05
-0.000474531
1.69509e-05
-0.000489962
8.60914e-06
-0.000500505
-0.000505854
4.80534e-07
-2.38079e-06
1.00219e-06
-2.74095e-06
1.6057e-06
-3.49005e-06
2.33085e-06
-4.68513e-06
3.21546e-06
-6.41039e-06
4.29397e-06
-8.77517e-06
5.59535e-06
-1.19109e-05
7.14058e-06
-1.59666e-05
8.93989e-06
-2.11025e-05
1.09898e-05
-2.74822e-05
1.32706e-05
-3.52629e-05
1.57442e-05
-4.45845e-05
1.83532e-05
-5.55574e-05
2.10212e-05
-6.82504e-05
2.36541e-05
-8.26793e-05
2.61436e-05
-9.87968e-05
2.83717e-05
-0.000116486
3.02162e-05
-0.000135553
3.15577e-05
-0.00015573
3.22865e-05
-0.000176677
3.23098e-05
-0.000197987
3.15586e-05
-0.000219202
2.9993e-05
-0.000239826
2.76062e-05
-0.000259343
2.44273e-05
-0.000277241
2.05206e-05
-0.000293027
1.59848e-05
-0.000306253
1.09482e-05
-0.000316534
5.56337e-06
-0.000323566
-0.000327135
2.76342e-07
-1.35461e-06
5.77511e-07
-1.56565e-06
9.28224e-07
-2.00557e-06
1.35286e-06
-2.70982e-06
1.87495e-06
-3.73094e-06
2.51636e-06
-5.13764e-06
3.29606e-06
-7.01316e-06
4.22856e-06
-9.45276e-06
5.32207e-06
-1.25601e-05
6.57665e-06
-1.64425e-05
7.98234e-06
-2.1205e-05
9.51767e-06
-2.69432e-05
1.11488e-05
-3.37356e-05
1.28294e-05
-4.16354e-05
1.45012e-05
-5.06626e-05
1.60961e-05
-6.07971e-05
1.7539e-05
-7.19731e-05
1.87508e-05
-8.40753e-05
1.96533e-05
-9.69372e-05
2.01737e-05
-0.000110343
2.02495e-05
-0.000124033
1.9833e-05
-0.000137709
1.88952e-05
-0.000151045
1.74287e-05
-0.000163701
1.54499e-05
-0.000175335
1.29985e-05
-0.000185618
1.01372e-05
-0.000194248
6.94895e-06
-0.000200965
3.53293e-06
-0.000205564
-0.0002079
1.56803e-07
-7.60956e-07
3.28346e-07
-8.82872e-07
5.29378e-07
-1.13755e-06
7.7458e-07
-1.54661e-06
1.07833e-06
-2.14224e-06
1.45422e-06
-2.96679e-06
1.91439e-06
-4.07192e-06
2.46851e-06
-5.51733e-06
3.12269e-06
-7.36865e-06
3.87824e-06
-9.6947e-06
4.73043e-06
-1.25639e-05
5.66748e-06
-1.60397e-05
6.6698e-06
-2.0176e-05
7.70979e-06
-2.50116e-05
8.75215e-06
-3.0565e-05
9.75485e-06
-3.68296e-05
1.06708e-05
-4.37698e-05
1.145e-05
-5.13178e-05
1.20423e-05
-5.93728e-05
1.24005e-05
-6.78009e-05
1.24834e-05
-7.64381e-05
1.22589e-05
-8.50947e-05
1.17067e-05
-9.35614e-05
1.08203e-05
-0.000101618
9.60855e-06
-0.00010904
8.09564e-06
-0.000115614
6.32072e-06
-0.00012114
4.33629e-06
-0.000125447
2.20569e-06
-0.000128398
-0.000129898
8.7813e-08
-4.2214e-07
1.84239e-07
-4.91595e-07
2.97935e-07
-6.36986e-07
4.37597e-07
-8.71265e-07
6.1185e-07
-1.2138e-06
8.28999e-07
-1.69021e-06
1.09662e-06
-2.33198e-06
1.42099e-06
-3.17578e-06
1.80639e-06
-4.26235e-06
2.25433e-06
-5.63487e-06
2.76277e-06
-7.33686e-06
3.32539e-06
-9.40949e-06
3.93111e-06
-1.18886e-05
4.56377e-06
-1.48011e-05
5.20234e-06
-1.81621e-05
5.82134e-06
-2.19709e-05
6.39188e-06
-2.62089e-05
6.88288e-06
-3.08373e-05
7.26286e-06
-3.5796e-05
7.50175e-06
-4.10034e-05
7.57303e-06
-4.63583e-05
7.45567e-06
-5.17419e-05
7.13589e-06
-5.70223e-05
6.60863e-06
-6.20595e-05
5.87841e-06
-6.67107e-05
4.95969e-06
-7.08377e-05
3.87651e-06
-7.43125e-05
2.66152e-06
-7.70239e-05
1.35444e-06
-7.88834e-05
-7.9829e-05
4.85485e-08
-2.31312e-07
1.02052e-07
-2.70345e-07
1.65514e-07
-3.5222e-07
2.44001e-07
-4.84563e-07
3.42603e-07
-6.7883e-07
4.66297e-07
-9.5025e-07
6.19719e-07
-1.31767e-06
8.06835e-07
-1.80321e-06
1.03052e-06
-2.43167e-06
1.29207e-06
-3.22961e-06
1.59074e-06
-4.22413e-06
1.92324e-06
-5.44129e-06
2.28339e-06
-6.90426e-06
2.66194e-06
-8.63121e-06
3.04654e-06
-1.06331e-05
3.42204e-06
-1.29118e-05
3.77101e-06
-1.54579e-05
4.0745e-06
-1.82496e-05
4.31309e-06
-2.12518e-05
4.46806e-06
-2.44157e-05
4.52267e-06
-2.76797e-05
4.46342e-06
-3.0971e-05
4.28126e-06
-3.4208e-05
3.97245e-06
-3.73033e-05
3.53924e-06
-4.01675e-05
2.99008e-06
-4.27135e-05
2.33949e-06
-4.48603e-05
1.60744e-06
-4.65374e-05
8.18388e-07
-4.76885e-05
-4.82741e-05
2.6504e-08
-1.25221e-07
5.58163e-08
-1.46867e-07
9.07843e-08
-1.92361e-07
1.34316e-07
-2.66123e-07
1.89365e-07
-3.74814e-07
2.58864e-07
-5.27339e-07
3.45594e-07
-7.34788e-07
4.52002e-07
-1.01027e-06
5.79947e-07
-1.3686e-06
7.30418e-07
-1.82582e-06
9.03226e-07
-2.39847e-06
1.09671e-06
-3.10269e-06
1.30752e-06
-3.95309e-06
1.53041e-06
-4.9615e-06
1.75827e-06
-6.13561e-06
1.98224e-06
-7.47767e-06
2.19199e-06
-8.98326e-06
2.37615e-06
-1.06404e-05
2.52298e-06
-1.24289e-05
2.62103e-06
-1.432e-05
2.65994e-06
-1.6277e-05
2.63125e-06
-1.82561e-05
2.52914e-06
-2.02075e-05
2.351e-06
-2.20779e-05
2.09787e-06
-2.3812e-05
1.77463e-06
-2.53562e-05
1.38989e-06
-2.666e-05
9.55665e-07
-2.76798e-05
4.86765e-07
-2.83803e-05
-2.87368e-05
1.42913e-08
-6.69859e-08
3.01511e-08
-7.88348e-08
4.91766e-08
-1.03785e-07
7.30115e-08
-1.44358e-07
1.03344e-07
-2.04368e-07
1.41871e-07
-2.88937e-07
1.90233e-07
-4.04483e-07
2.49905e-07
-5.58645e-07
3.22055e-07
-7.60127e-07
4.07376e-07
-1.01843e-06
5.059e-07
-1.34347e-06
6.1682e-07
-1.74504e-06
7.38334e-07
-2.23214e-06
8.67543e-07
-2.81227e-06
1.00041e-06
-3.49057e-06
1.13184e-06
-4.26903e-06
1.25579e-06
-5.14571e-06
1.36559e-06
-6.11417e-06
1.45425e-06
-7.16296e-06
1.51488e-06
-8.27553e-06
1.5412e-06
-9.43032e-06
1.52802e-06
-1.06013e-05
1.47167e-06
-1.17588e-05
1.37042e-06
-1.28706e-05
1.2247e-06
-1.39035e-05
1.03728e-06
-1.48247e-05
8.13181e-07
-1.56036e-05
5.59517e-07
-1.62135e-05
2.85107e-07
-1.66327e-05
-1.68462e-05
7.613e-09
-3.54163e-08
1.60898e-08
-4.18201e-08
2.63135e-08
-5.53299e-08
3.91999e-08
-7.73619e-08
5.56986e-08
-1.10066e-07
7.67774e-08
-1.56345e-07
1.03386e-07
-2.19852e-07
1.36396e-07
-3.04968e-07
1.76522e-07
-4.16723e-07
2.24223e-07
-5.60651e-07
2.79594e-07
-7.42582e-07
3.42258e-07
-9.6834e-07
4.1127e-07
-1.24337e-06
4.85045e-07
-1.5723e-06
5.61335e-07
-1.95845e-06
6.37242e-07
-2.40333e-06
7.09314e-07
-2.90621e-06
7.73677e-07
-3.46367e-06
8.26241e-07
-4.06936e-06
8.62946e-07
-4.71388e-06
8.80052e-07
-5.38476e-06
8.74423e-07
-6.06684e-06
8.43811e-07
-6.74265e-06
7.87087e-07
-7.39318e-06
7.04411e-07
-7.99864e-06
5.97319e-07
-8.53949e-06
4.68707e-07
-8.9974e-06
3.22713e-07
-9.35628e-06
1.64508e-07
-9.60316e-06
-9.72894e-06
4.00739e-09
-1.85107e-08
8.48402e-09
-2.19287e-08
1.39114e-08
-2.91527e-08
2.07926e-08
-4.09665e-08
2.96542e-08
-5.85646e-08
4.10392e-08
-8.35656e-08
5.54882e-08
-1.1802e-07
7.3507e-08
-1.64401e-07
9.55223e-08
-2.25565e-07
1.21826e-07
-3.04686e-07
1.52512e-07
-4.05133e-07
1.87414e-07
-5.30308e-07
2.26044e-07
-6.83438e-07
2.67553e-07
-8.67313e-07
3.10703e-07
-1.08401e-06
3.53878e-07
-1.33461e-06
3.95128e-07
-1.61887e-06
4.32244e-07
-1.93505e-06
4.62873e-07
-2.27968e-06
4.84659e-07
-2.64748e-06
4.95411e-07
-3.03138e-06
4.93275e-07
-3.42266e-06
4.76895e-07
-3.81124e-06
4.45562e-07
-4.18603e-06
3.99315e-07
-4.53548e-06
3.38995e-07
-4.84812e-06
2.66242e-07
-5.11314e-06
1.8343e-07
-5.32105e-06
9.35424e-08
-5.46417e-06
-5.53712e-06
2.08489e-09
-9.56588e-09
4.4213e-09
-1.13681e-08
7.26831e-09
-1.51837e-08
1.08984e-08
-2.14407e-08
1.55994e-08
-3.07929e-08
2.16715e-08
-4.41303e-08
2.94177e-08
-6.25864e-08
3.9126e-08
-8.75358e-08
5.10458e-08
-1.20578e-07
6.53564e-08
-1.63503e-07
8.21316e-08
-2.18224e-07
1.01303e-07
-2.86698e-07
1.22624e-07
-3.70797e-07
1.45646e-07
-4.72174e-07
1.69698e-07
-5.92094e-07
1.93892e-07
-7.31267e-07
2.17143e-07
-8.89678e-07
2.38212e-07
-1.06645e-06
2.55764e-07
-1.25971e-06
2.68456e-07
-1.46655e-06
2.75025e-07
-1.68301e-06
2.74392e-07
-1.90417e-06
2.65758e-07
-2.12428e-06
2.48689e-07
-2.337e-06
2.23175e-07
-2.53567e-06
1.89672e-07
-2.71366e-06
1.49094e-07
-2.86474e-06
1.02784e-07
-2.98336e-06
5.24353e-08
-3.06508e-06
-3.10674e-06
1.07229e-09
-4.88867e-09
2.27766e-09
-5.82758e-09
3.75366e-09
-7.81889e-09
5.64592e-09
-1.10929e-08
8.10967e-09
-1.60026e-08
1.13085e-08
-2.30306e-08
1.54094e-08
-3.27944e-08
2.05738e-08
-4.60472e-08
2.69445e-08
-6.36711e-08
3.46285e-08
-8.66593e-08
4.36774e-08
-1.16084e-07
5.40662e-08
-1.53048e-07
6.56734e-08
-1.98623e-07
7.82645e-08
-2.53765e-07
9.14822e-08
-3.19228e-07
1.04845e-07
-3.95462e-07
1.17759e-07
-4.8252e-07
1.29536e-07
-5.79968e-07
1.39435e-07
-6.8682e-07
1.46699e-07
-8.01494e-07
1.50613e-07
-9.21806e-07
1.50559e-07
-1.04502e-06
1.46075e-07
-1.1679e-06
1.369e-07
-1.28687e-06
1.23014e-07
-1.39817e-06
1.04659e-07
-1.49803e-06
8.23372e-08
-1.58288e-06
5.67962e-08
-1.64957e-06
2.89851e-08
-1.69554e-06
-1.71899e-06
5.45305e-10
-2.47115e-09
1.16013e-09
-2.95459e-09
1.91658e-09
-3.98162e-09
2.89149e-09
-5.67454e-09
4.16743e-09
-8.22139e-09
5.83228e-09
-1.18802e-08
7.97678e-09
-1.69828e-08
1.06899e-08
-2.39361e-08
1.40519e-08
-3.32195e-08
1.81251e-08
-4.53762e-08
2.29431e-08
-6.09971e-08
2.84987e-08
-8.06954e-08
3.47334e-08
-1.05072e-07
4.15266e-08
-1.34672e-07
4.86905e-08
-1.69934e-07
5.59678e-08
-2.11134e-07
6.30372e-08
-2.58333e-07
6.95245e-08
-3.11323e-07
7.50212e-08
-3.6959e-07
7.91088e-08
-4.32287e-07
8.13885e-08
-4.98227e-07
8.15129e-08
-5.65906e-07
7.92179e-08
-6.33541e-07
7.43512e-08
-6.99145e-07
6.68932e-08
-7.60614e-07
5.69702e-08
-8.15838e-07
4.48557e-08
-8.62813e-07
3.09593e-08
-8.99765e-07
1.58051e-08
-9.25252e-07
-9.38258e-07
2.74251e-10
-1.23574e-09
5.8437e-10
-1.4818e-09
9.67692e-10
-2.00541e-09
1.46423e-09
-2.87065e-09
2.11735e-09
-4.17638e-09
2.9736e-09
-6.05876e-09
4.0816e-09
-8.69366e-09
5.48963e-09
-1.22979e-08
7.242e-09
-1.71284e-08
9.37417e-09
-2.34781e-08
1.19069e-08
-3.16677e-08
1.48398e-08
-4.2033e-08
1.8145e-08
-5.49058e-08
2.17618e-08
-7.05911e-08
2.55925e-08
-8.9339e-08
2.95017e-08
-1.11314e-07
3.33179e-08
-1.36565e-07
3.68402e-08
-1.64997e-07
3.98473e-08
-1.96345e-07
4.21107e-08
-2.30161e-07
4.34113e-08
-2.65811e-07
4.35568e-08
-3.02478e-07
4.2399e-08
-3.39194e-07
3.98506e-08
-3.74869e-07
3.58966e-08
-4.08346e-07
3.06021e-08
-4.3846e-07
2.41134e-08
-4.64104e-07
1.66523e-08
-4.84293e-07
8.50406e-09
-4.98226e-07
-5.05339e-07
1.36434e-10
-6.11425e-10
2.91153e-10
-7.35261e-10
4.8325e-10
-9.9919e-10
7.3331e-10
-1.43638e-09
1.06381e-09
-2.09813e-09
1.49909e-09
-3.05537e-09
2.06484e-09
-4.4001e-09
2.78687e-09
-6.2463e-09
3.68923e-09
-8.72978e-09
4.79169e-09
-1.20063e-08
6.10662e-09
-1.62476e-08
7.63551e-09
-2.16346e-08
9.36549e-09
-2.83478e-08
1.12663e-08
-3.65551e-08
1.32879e-08
-4.63964e-08
1.53598e-08
-5.79674e-08
1.73921e-08
-7.13024e-08
1.92781e-08
-8.63586e-08
2.08995e-08
-1.03003e-07
2.21335e-08
-1.21001e-07
2.28615e-08
-1.40018e-07
2.29784e-08
-1.59619e-07
2.24027e-08
-1.79283e-07
2.1085e-08
-1.9842e-07
1.9015e-08
-2.16405e-07
1.6226e-08
-2.32604e-07
1.27951e-08
-2.46412e-07
8.84088e-09
-2.57291e-07
4.51636e-09
-2.64804e-07
-2.68641e-07
6.71518e-11
-2.99367e-10
1.43514e-10
-3.60997e-10
2.38738e-10
-4.92551e-10
3.63284e-10
-7.1098e-10
5.2866e-10
-1.04257e-09
7.47436e-10
-1.5238e-09
1.03299e-09
-2.20218e-09
1.39892e-09
-3.13686e-09
1.8581e-09
-4.39866e-09
2.42133e-09
-6.06931e-09
3.09576e-09
-8.23941e-09
3.88299e-09
-1.10051e-08
4.77724e-09
-1.44632e-08
5.76363e-09
-1.87045e-08
6.81692e-09
-2.3806e-08
7.90094e-09
-2.9822e-08
8.96896e-09
-3.67747e-08
9.96518e-09
-4.46458e-08
1.08273e-08
-5.3369e-08
1.14902e-08
-6.28243e-08
1.18904e-08
-7.28365e-08
1.19715e-08
-8.31766e-08
1.16893e-08
-9.35683e-08
1.10163e-08
-1.03699e-07
9.94601e-09
-1.13232e-07
8.49507e-09
-1.21829e-07
6.70371e-09
-1.29164e-07
4.63439e-09
-1.34948e-07
2.36822e-09
-1.38945e-07
-1.40986e-07
3.2709e-11
-1.45041e-10
7.0005e-11
-1.75371e-10
1.16709e-10
-2.40211e-10
1.78078e-10
-3.48116e-10
2.59931e-10
-5.12387e-10
3.68677e-10
-7.51548e-10
5.11197e-10
-1.08982e-09
6.94561e-10
-1.5575e-09
9.25546e-10
-2.19103e-09
1.20996e-09
-3.03271e-09
1.55182e-09
-4.12969e-09
1.95236e-09
-5.53235e-09
2.40907e-09
-7.29178e-09
2.91473e-09
-9.45636e-09
3.45676e-09
-1.20677e-08
4.01683e-09
-1.5156e-08
4.57098e-09
-1.87349e-08
5.09041e-09
-2.2797e-08
5.54269e-09
-2.73097e-08
5.89372e-09
-3.22123e-08
6.11013e-09
-3.74145e-08
6.16195e-09
-4.27973e-08
6.0255e-09
-4.82164e-08
5.68588e-09
-5.35074e-08
5.1391e-09
-5.84934e-08
4.39335e-09
-6.29948e-08
3.46936e-09
-6.68393e-08
2.39964e-09
-6.9873e-08
1.22662e-09
-7.19701e-08
-7.30418e-08
1.57767e-11
-6.94783e-11
3.38137e-11
-8.42257e-11
5.64941e-11
-1.15799e-10
8.64287e-11
-1.68459e-10
1.26529e-10
-2.48846e-10
1.80025e-10
-3.66237e-10
2.50414e-10
-5.32813e-10
3.41326e-10
-7.63871e-10
4.56278e-10
-1.07791e-09
5.98349e-10
-1.49648e-09
7.69742e-10
-2.04378e-09
9.71288e-10
-2.74579e-09
1.20193e-09
-3.62905e-09
1.45823e-09
-4.71893e-09
1.73398e-09
-6.03752e-09
2.01999e-09
-7.60119e-09
2.30415e-09
-9.41799e-09
2.57174e-09
-1.14852e-08
2.8061e-09
-1.3787e-08
2.98959e-09
-1.62931e-08
3.10485e-09
-1.89576e-08
3.13621e-09
-2.17197e-08
3.07114e-09
-2.45051e-08
2.90166e-09
-2.72286e-08
2.62541e-09
-2.97985e-08
2.2464e-09
-3.21211e-08
1.77516e-09
-3.41066e-08
1.22842e-09
-3.56744e-08
6.28115e-10
-3.67588e-08
-3.73131e-08
7.55241e-12
-3.27584e-11
1.621e-11
-3.98099e-11
2.71402e-11
-5.49274e-11
4.16299e-11
-8.01932e-11
6.11227e-11
-1.18862e-10
8.72328e-11
-1.75494e-10
1.21722e-10
-2.56097e-10
1.66435e-10
-3.68248e-10
2.23181e-10
-5.21147e-10
2.9357e-10
-7.25571e-10
3.78792e-10
-9.93668e-10
4.79366e-10
-1.33857e-09
5.9487e-10
-1.77376e-09
7.2368e-10
-2.31224e-09
8.62768e-10
-2.96546e-09
1.00757e-09
-3.74206e-09
1.15201e-09
-4.64659e-09
1.28863e-09
-5.67813e-09
1.40896e-09
-6.82925e-09
1.50396e-09
-8.08505e-09
1.56468e-09
-9.42274e-09
1.58297e-09
-1.08118e-08
1.55231e-09
-1.22147e-08
1.46845e-09
-1.35884e-08
1.33004e-09
-1.48861e-08
1.13902e-09
-1.60601e-08
9.0069e-10
-1.70646e-08
6.23585e-10
-1.78583e-08
3.18943e-10
-1.84076e-08
-1.86884e-08
3.62435e-12
-1.48629e-11
7.79026e-12
-1.8102e-11
1.30712e-11
-2.50544e-11
2.01032e-11
-3.66955e-11
2.96041e-11
-5.4553e-11
4.23821e-11
-8.07711e-11
5.9327e-11
-1.18188e-10
8.13788e-11
-1.70391e-10
1.0947e-10
-2.41754e-10
1.44444e-10
-3.37423e-10
1.86941e-10
-4.63223e-10
2.37276e-10
-6.25479e-10
2.9529e-10
-8.30724e-10
3.60222e-10
-1.0853e-09
4.30589e-10
-1.39484e-09
5.04125e-10
-1.76367e-09
5.77767e-10
-2.19416e-09
6.47739e-10
-2.6861e-09
7.09707e-10
-3.23608e-09
7.59026e-10
-3.83714e-09
7.91069e-10
-4.47844e-09
8.01606e-10
-5.14535e-09
7.87204e-10
-5.81981e-09
7.45609e-10
-6.481e-09
6.76052e-10
-7.10628e-09
5.79463e-10
-7.67249e-09
4.58531e-10
-8.15728e-09
3.17617e-10
-8.54057e-09
1.62499e-10
-8.80591e-09
-8.94161e-09
1.82186e-12
-5.71798e-12
3.92186e-12
-6.97557e-12
6.59539e-12
-9.6767e-12
1.01719e-11
-1.42058e-11
1.50263e-11
-2.11653e-11
2.15831e-11
-3.14018e-11
3.03136e-11
-4.60392e-11
4.17205e-11
-6.65016e-11
5.63087e-11
-9.45296e-11
7.45412e-11
-1.32177e-10
9.67808e-11
-1.81777e-10
1.23221e-10
-2.45869e-10
1.5381e-10
-3.27091e-10
1.88174e-10
-4.2801e-10
2.25557e-10
-5.50925e-10
2.64776e-10
-6.97619e-10
3.04213e-10
-8.69099e-10
3.41859e-10
-1.06534e-09
3.75387e-10
-1.28503e-09
4.02289e-10
-1.52543e-09
4.20053e-10
-1.78222e-09
4.26365e-10
-2.04955e-09
4.19333e-10
-2.32017e-09
3.97696e-10
-2.58569e-09
3.60999e-10
-2.83698e-09
3.09706e-10
-3.06467e-09
2.45248e-10
-3.25973e-09
1.69967e-10
-3.41401e-09
8.69856e-11
-3.52084e-09
-3.57549e-09
1.12275e-12
2.41967e-12
4.07755e-12
6.30447e-12
9.33863e-12
1.34525e-11
1.89494e-11
2.61566e-11
3.5405e-11
4.70019e-11
6.1194e-11
7.81216e-11
9.77679e-11
1.1991e-10
1.44075e-10
1.6951e-10
1.95177e-10
2.19773e-10
2.41781e-10
2.59558e-10
2.7145e-10
2.75925e-10
2.71721e-10
2.57989e-10
2.34406e-10
2.01258e-10
1.59468e-10
1.10566e-10
5.66001e-11
)
;

boundaryField
{
    outerWall
    {
        type            calculated;
        value           uniform 0;
    }
    axis
    {
        type            symmetryPlane;
        value           uniform 0;
    }
    nozzle
    {
        type            calculated;
        value           nonuniform List<scalar> 5(0.780409 0.780441 0.780442 0.780442 0.780409);
    }
    back
    {
        type            empty;
    }
    front
    {
        type            empty;
    }
}


// ************************************************************************* //
