/*--------------------------------*- C++ -*----------------------------------*\
| =========                 |                                                 |
| \\      /  F ield         | OpenFOAM: The Open Source CFD Toolbox           |
|  \\    /   O peration     | Version:  2412                                  |
|   \\  /    A nd           | Website:  www.openfoam.com                      |
|    \\/     M anipulation  |                                                 |
\*---------------------------------------------------------------------------*/
FoamFile
{
    version     2.0;
    format      ascii;
    arch        "LSB;label=32;scalar=64";
    class       volVectorField;
    location    "0.00014";
    object      U;
}
// * * * * * * * * * * * * * * * * * * * * * * * * * * * * * * * * * * * * * //

dimensions      [0 1 -1 0 0 0 0];

internalField   nonuniform List<vector> 
3725
(
(-0.0134849 -0.0201847 0)
(-0.0411932 -0.0202233 0)
(-0.070077 -0.020228 0)
(-0.100238 -0.020281 0)
(-0.132074 -0.0202166 0)
(-0.163431 -0.0197685 0)
(-0.190864 -0.0190658 0)
(-0.210206 -0.017503 0)
(-0.215797 -0.0161027 0)
(-0.201861 -0.0137376 0)
(-0.1636 -0.0109466 0)
(-0.098665 -0.00758567 0)
(-0.0108846 -0.00441672 0)
(0.0932726 -0.00120306 0)
(0.208398 0.0021691 0)
(0.326226 0.00572999 0)
(0.43735 0.00965231 0)
(0.534278 0.0139999 0)
(0.611796 0.0189152 0)
(0.666841 0.0245218 0)
(0.698065 0.0308079 0)
(0.705339 0.037689 0)
(0.689345 0.0450477 0)
(0.651142 0.0525881 0)
(0.592103 0.0599759 0)
(0.514008 0.0669015 0)
(0.419096 0.073046 0)
(0.310146 0.0780514 0)
(0.190546 0.0815967 0)
(0.064274 0.0834357 0)
(-0.0135143 -0.0605842 0)
(-0.0412235 -0.060742 0)
(-0.0701145 -0.0607392 0)
(-0.100223 -0.0609098 0)
(-0.131682 -0.0606692 0)
(-0.162559 -0.0592438 0)
(-0.189154 -0.0568699 0)
(-0.20797 -0.0528279 0)
(-0.212962 -0.0479705 0)
(-0.197979 -0.0410037 0)
(-0.158969 -0.0325825 0)
(-0.0937497 -0.0228736 0)
(-0.0060785 -0.0135234 0)
(0.0982322 -0.00371673 0)
(0.213619 0.00642903 0)
(0.33186 0.0171514 0)
(0.443574 0.0287736 0)
(0.541247 0.0417802 0)
(0.619711 0.0565826 0)
(0.675782 0.0733971 0)
(0.707962 0.0922637 0)
(0.716041 0.11298 0)
(0.700538 0.134945 0)
(0.662362 0.157458 0)
(0.602855 0.179662 0)
(0.523825 0.200569 0)
(0.427471 0.219119 0)
(0.316568 0.234235 0)
(0.19459 0.244947 0)
(0.0656556 0.250506 0)
(-0.0136002 -0.101183 0)
(-0.0413031 -0.101404 0)
(-0.0701964 -0.101444 0)
(-0.100178 -0.101612 0)
(-0.130816 -0.100677 0)
(-0.160572 -0.0988415 0)
(-0.18604 -0.0945307 0)
(-0.203513 -0.0887249 0)
(-0.206909 -0.0793015 0)
(-0.19031 -0.0677964 0)
(-0.149982 -0.0539384 0)
(-0.0843495 -0.0389136 0)
(0.00350629 -0.022685 0)
(0.108262 -0.0064519 0)
(0.224075 0.010364 0)
(0.343013 0.0281187 0)
(0.455851 0.0474324 0)
(0.555165 0.0690956 0)
(0.635541 0.0937161 0)
(0.69363 0.121715 0)
(0.727773 0.15312 0)
(0.737372 0.18753 0)
(0.72273 0.224167 0)
(0.684703 0.261768 0)
(0.62445 0.298901 0)
(0.543614 0.334001 0)
(0.444358 0.365218 0)
(0.329527 0.390712 0)
(0.202758 0.408814 0)
(0.0684478 0.418223 0)
(-0.0136789 -0.14213 0)
(-0.0414153 -0.142496 0)
(-0.070265 -0.142486 0)
(-0.0996427 -0.142353 0)
(-0.129601 -0.140941 0)
(-0.157947 -0.138373 0)
(-0.181563 -0.132371 0)
(-0.196544 -0.12367 0)
(-0.197252 -0.110666 0)
(-0.178965 -0.0946316 0)
(-0.137299 -0.0750952 0)
(-0.0703036 -0.0544958 0)
(0.0182742 -0.0319324 0)
(0.123027 -0.00953284 0)
(0.239555 0.0137414 0)
(0.359671 0.038424 0)
(0.474317 0.0653332 0)
(0.57597 0.0955464 0)
(0.659187 0.129946 0)
(0.720346 0.169049 0)
(0.757328 0.212918 0)
(0.769337 0.261004 0)
(0.756231 0.312278 0)
(0.718418 0.365042 0)
(0.657037 0.417433 0)
(0.573571 0.467097 0)
(0.470011 0.51143 0)
(0.349269 0.547769 0)
(0.215229 0.573652 0)
(0.0727164 0.587141 0)
(-0.0138725 -0.183485 0)
(-0.0415648 -0.183804 0)
(-0.0700829 -0.183841 0)
(-0.0990134 -0.183294 0)
(-0.127826 -0.181555 0)
(-0.154141 -0.177563 0)
(-0.17501 -0.169738 0)
(-0.18723 -0.157709 0)
(-0.185121 -0.141765 0)
(-0.163636 -0.120888 0)
(-0.11987 -0.0962636 0)
(-0.0519686 -0.0695797 0)
(0.0372368 -0.0416639 0)
(0.142526 -0.013251 0)
(0.260052 0.0163936 0)
(0.381717 0.0478369 0)
(0.498703 0.0820844 0)
(0.603635 0.120644 0)
(0.690681 0.164649 0)
(0.755866 0.2147 0)
(0.796747 0.2709 0)
(0.811909 0.332647 0)
(0.800766 0.39858 0)
(0.763577 0.466754 0)
(0.701 0.534817 0)
(0.614119 0.599636 0)
(0.504868 0.657793 0)
(0.376198 0.705715 0)
(0.232294 0.740009 0)
(0.078569 0.757948 0)
(-0.0139157 -0.225395 0)
(-0.0416771 -0.225459 0)
(-0.0698762 -0.225551 0)
(-0.0979217 -0.224403 0)
(-0.125297 -0.222213 0)
(-0.14908 -0.216339 0)
(-0.166669 -0.206779 0)
(-0.17556 -0.191758 0)
(-0.169631 -0.171765 0)
(-0.144834 -0.146339 0)
(-0.0988148 -0.11738 0)
(-0.029342 -0.0849138 0)
(0.0605277 -0.0518991 0)
(0.166578 -0.0179036 0)
(0.28538 0.0177235 0)
(0.408948 0.0555123 0)
(0.528932 0.0970681 0)
(0.637904 0.143779 0)
(0.729737 0.197069 0)
(0.800038 0.257805 0)
(0.845802 0.326217 0)
(0.865106 0.401498 0)
(0.856815 0.482202 0)
(0.820603 0.566235 0)
(0.756705 0.650507 0)
(0.665809 0.731318 0)
(0.549575 0.804365 0)
(0.410934 0.865007 0)
(0.254411 0.908695 0)
(0.086177 0.931678 0)
(-0.0139188 -0.267849 0)
(-0.0416765 -0.267893 0)
(-0.0692837 -0.267587 0)
(-0.0965034 -0.265892 0)
(-0.121772 -0.262713 0)
(-0.142561 -0.254734 0)
(-0.156571 -0.243124 0)
(-0.160966 -0.225343 0)
(-0.151052 -0.20101 0)
(-0.12284 -0.171848 0)
(-0.0738029 -0.137954 0)
(-0.00284549 -0.10042 0)
(0.0874994 -0.0628236 0)
(0.194749 -0.0235748 0)
(0.315121 0.01754 0)
(0.441232 0.0614034 0)
(0.564909 0.109692 0)
(0.678642 0.164094 0)
(0.776202 0.2264 0)
(0.852737 0.297592 0)
(0.904525 0.377819 0)
(0.928899 0.466574 0)
(0.924323 0.562178 0)
(0.88981 0.662403 0)
(0.824816 0.763747 0)
(0.729516 0.861829 0)
(0.605137 0.951377 0)
(0.454447 1.02648 0)
(0.282305 1.08108 0)
(0.0958135 1.11004 0)
(-0.0139474 -0.310977 0)
(-0.0414759 -0.310798 0)
(-0.0683688 -0.310124 0)
(-0.0942601 -0.307774 0)
(-0.116923 -0.302751 0)
(-0.134383 -0.293166 0)
(-0.144622 -0.278602 0)
(-0.143971 -0.257545 0)
(-0.129507 -0.229708 0)
(-0.0975391 -0.196379 0)
(-0.0452369 -0.158141 0)
(0.0270042 -0.116707 0)
(0.11817 -0.0747056 0)
(0.226855 -0.0307113 0)
(0.349118 0.0154956 0)
(0.478067 0.0646851 0)
(0.605955 0.119089 0)
(0.725436 0.180818 0)
(0.829865 0.251599 0)
(0.913608 0.332686 0)
(0.972538 0.424346 0)
(1.00338 0.526301 0)
(1.00369 0.637052 0)
(0.971782 0.754094 0)
(0.906277 0.873709 0)
(0.806533 0.990889 0)
(0.673062 1.09929 0)
(0.50821 1.19142 0)
(0.317094 1.25923 0)
(0.107909 1.29564 0)
(-0.0137834 -0.354814 0)
(-0.0410336 -0.354332 0)
(-0.0670108 -0.352957 0)
(-0.0909672 -0.34969 0)
(-0.11081 -0.342594 0)
(-0.124445 -0.331087 0)
(-0.129852 -0.313358 0)
(-0.124293 -0.288626 0)
(-0.105176 -0.257446 0)
(-0.0691631 -0.220169 0)
(-0.0140433 -0.17809 0)
(0.0597286 -0.133756 0)
(0.152 -0.0878741 0)
(0.262402 -0.0399797 0)
(0.386672 0.010402 0)
(0.518931 0.0644242 0)
(0.65201 0.124465 0)
(0.778027 0.192721 0)
(0.890107 0.271217 0)
(0.982296 0.361514 0)
(1.04974 0.464224 0)
(1.08843 0.579194 0)
(1.09517 0.705182 0)
(1.0673 0.839849 0)
(1.00241 0.979361 0)
(0.898701 1.11816 0)
(0.755539 1.24871 0)
(0.574406 1.36161 0)
(0.360478 1.44603 0)
(0.12313 1.49216 0)
(-0.0135859 -0.399311 0)
(-0.0400817 -0.398438 0)
(-0.0648827 -0.396105 0)
(-0.0864822 -0.391331 0)
(-0.102965 -0.382298 0)
(-0.112451 -0.367954 0)
(-0.112773 -0.346972 0)
(-0.102035 -0.319168 0)
(-0.0781629 -0.284311 0)
(-0.0380211 -0.243639 0)
(0.0195716 -0.198432 0)
(0.0946744 -0.151707 0)
(0.188499 -0.102786 0)
(0.300562 -0.0516804 0)
(0.427423 0.00209519 0)
(0.563616 0.0601441 0)
(0.702179 0.124827 0)
(0.835501 0.198679 0)
(0.956455 0.284064 0)
(1.05836 0.382636 0)
(1.13581 0.495618 0)
(1.1841 0.623136 0)
(1.19918 0.764598 0)
(1.17742 0.917894 0)
(1.11501 1.07938 0)
(1.00855 1.24312 0)
(0.855659 1.40034 0)
(0.656206 1.53933 0)
(0.415019 1.64535 0)
(0.14252 1.70478 0)
(-0.0131288 -0.444451 0)
(-0.0386279 -0.442916 0)
(-0.0616779 -0.439535 0)
(-0.080608 -0.432612 0)
(-0.0932719 -0.421264 0)
(-0.0979462 -0.403823 0)
(-0.0932588 -0.379569 0)
(-0.0772959 -0.348497 0)
(-0.0485281 -0.31051 0)
(-0.00475334 -0.266618 0)
(0.0549048 -0.219751 0)
(0.131464 -0.170718 0)
(0.227024 -0.119568 0)
(0.341062 -0.0662032 0)
(0.470538 -0.00993336 0)
(0.610979 0.0512303 0)
(0.75591 0.119395 0)
(0.897451 0.197741 0)
(1.02807 0.288771 0)
(1.14096 0.394493 0)
(1.23012 0.516709 0)
(1.29016 0.656195 0)
(1.31624 0.813091 0)
(1.30339 0.986062 0)
(1.24634 1.17198 0)
(1.13943 1.36487 0)
(0.977705 1.55479 0)
(0.758169 1.72731 0)
(0.484584 1.86224 0)
(0.167715 1.94064 0)
(-0.0124353 -0.489931 0)
(-0.0363951 -0.487703 0)
(-0.057153 -0.482589 0)
(-0.0727756 -0.47347 0)
(-0.0813694 -0.459059 0)
(-0.0811759 -0.438527 0)
(-0.0712752 -0.411015 0)
(-0.0502392 -0.376599 0)
(-0.0167537 -0.335811 0)
(0.0300473 -0.290113 0)
(0.0914952 -0.241866 0)
(0.169808 -0.191233 0)
(0.266888 -0.138682 0)
(0.382791 -0.0841624 0)
(0.515498 -0.0265056 0)
(0.66061 0.0366188 0)
(0.81206 0.107096 0)
(0.962532 0.188522 0)
(1.10402 0.283658 0)
(1.22932 0.395218 0)
(1.33208 0.525392 0)
(1.40637 0.675884 0)
(1.44658 0.848003 0)
(1.44659 1.04161 0)
(1.39913 1.25469 0)
(1.29566 1.48182 0)
(1.1275 1.71222 0)
(0.886801 1.92861 0)
(0.575042 2.10312 0)
(0.201336 2.20974 0)
(-0.0114583 -0.535419 0)
(-0.0331226 -0.532273 0)
(-0.0510033 -0.525138 0)
(-0.0629579 -0.513433 0)
(-0.0670608 -0.495889 0)
(-0.0619097 -0.47182 0)
(-0.0468098 -0.441112 0)
(-0.0208911 -0.403569 0)
(0.0163366 -0.360653 0)
(0.0657043 -0.314038 0)
(0.129063 -0.264764 0)
(0.208851 -0.213513 0)
(0.307324 -0.16074 0)
(0.425196 -0.10604 0)
(0.561126 -0.0481036 0)
(0.711181 0.0152922 0)
(0.869836 0.0868694 0)
(1.02987 0.170056 0)
(1.1831 0.267736 0)
(1.32227 0.383156 0)
(1.44061 0.519539 0)
(1.53212 0.679636 0)
(1.59053 0.866185 0)
(1.60841 1.08098 0)
(1.57651 1.32391 0)
(1.4826 1.59112 0)
(1.31282 1.87178 0)
(1.05136 2.14627 0)
(0.695464 2.37609 0)
(0.247687 2.52625 0)
(-0.0100769 -0.580452 0)
(-0.0286859 -0.57607 0)
(-0.0430241 -0.566846 0)
(-0.0508387 -0.552136 0)
(-0.0501572 -0.531217 0)
(-0.0400899 -0.503636 0)
(-0.020084 -0.469534 0)
(0.0101073 -0.429749 0)
(0.0503948 -0.385554 0)
(0.101963 -0.338118 0)
(0.166888 -0.288673 0)
(0.247825 -0.237817 0)
(0.347492 -0.185843 0)
(0.467266 -0.132187 0)
(0.606496 -0.0752977 0)
(0.761839 -0.0127712 0)
(0.928134 0.0586756 0)
(1.09818 0.141361 0)
(1.26384 0.239507 0)
(1.41818 0.356757 0)
(1.55444 0.496884 0)
(1.66636 0.664397 0)
(1.7476 0.863807 0)
(1.78989 1.09952 0)
(1.78175 1.37446 0)
(1.70659 1.68789 0)
(1.5439 2.03068 0)
(1.26505 2.38253 0)
(0.860098 2.69124 0)
(0.31395 2.91156 0)
(-0.00817276 -0.62426 0)
(-0.02292 -0.618536 0)
(-0.0330543 -0.607083 0)
(-0.0362371 -0.589198 0)
(-0.0306845 -0.564769 0)
(-0.0156449 -0.533785 0)
(0.00860845 -0.496904 0)
(0.0420961 -0.455475 0)
(0.0850601 -0.410347 0)
(0.138364 -0.3627 0)
(0.204289 -0.313934 0)
(0.285974 -0.264466 0)
(0.386545 -0.214434 0)
(0.508103 -0.162917 0)
(0.650688 -0.108316 0)
(0.81166 -0.0481404 0)
(0.985436 0.020938 0)
(1.1655 0.101566 0)
(1.34464 0.197856 0)
(1.5153 0.314219 0)
(1.67134 0.455256 0)
(1.80731 0.627055 0)
(1.91688 0.836474 0)
(1.99141 1.09129 0)
(2.01781 1.39897 0)
(1.9748 1.7642 0)
(1.83389 2.18265 0)
(1.54681 2.63713 0)
(1.0924 3.0598 0)
(0.412869 3.39241 0)
(-0.00578419 -0.665932 0)
(-0.0158055 -0.658951 0)
(-0.0210229 -0.645029 0)
(-0.0191042 -0.624159 0)
(-0.00859666 -0.596323 0)
(0.010811 -0.562428 0)
(0.0386503 -0.523499 0)
(0.0750269 -0.480474 0)
(0.119978 -0.435009 0)
(0.174274 -0.388118 0)
(0.240564 -0.340899 0)
(0.322449 -0.293781 0)
(0.423652 -0.246574 0)
(0.546854 -0.198419 0)
(0.692579 -0.147421 0)
(0.85878 -0.0911306 0)
(1.04041 -0.0265666 0)
(1.23087 0.0502063 0)
(1.42333 0.142086 0)
(1.61123 0.254379 0)
(1.78906 0.392856 0)
(1.95228 0.564521 0)
(2.09577 0.779204 0)
(2.21177 1.04901 0)
(2.28646 1.38742 0)
(2.2944 1.80781 0)
(2.19876 2.31598 0)
(1.92298 2.90535 0)
(1.42699 3.50171 0)
(0.563079 4.04741 0)
(-0.0029382 -0.70465 0)
(-0.00724492 -0.696444 0)
(-0.00696273 -0.680145 0)
(0.000290753 -0.656537 0)
(0.0156134 -0.625887 0)
(0.0389743 -0.589646 0)
(0.0700765 -0.548899 0)
(0.108465 -0.505064 0)
(0.154328 -0.459973 0)
(0.208948 -0.414581 0)
(0.275043 -0.369792 0)
(0.356716 -0.325991 0)
(0.458066 -0.282633 0)
(0.582468 -0.238764 0)
(0.731154 -0.192475 0)
(0.902302 -0.141537 0)
(1.09144 -0.0830405 0)
(1.29199 -0.0130392 0)
(1.49777 0.0720447 0)
(1.70338 0.176845 0)
(1.90395 0.307914 0)
(2.09707 0.473983 0)
(2.28025 0.687171 0)
(2.44758 0.964222 0)
(2.58693 1.32659 0)
(2.67127 1.79988 0)
(2.65729 2.40688 0)
(2.43609 3.15974 0)
(1.95027 3.96117 0)
(0.822476 4.747 0)
(0.000369281 -0.739369 0)
(0.00257074 -0.73011 0)
(0.00890479 -0.711996 0)
(0.0215876 -0.685941 0)
(0.041571 -0.653094 0)
(0.0685528 -0.614996 0)
(0.102088 -0.573067 0)
(0.141723 -0.529446 0)
(0.187842 -0.485332 0)
(0.241911 -0.442339 0)
(0.307006 -0.400862 0)
(0.387818 -0.361123 0)
(0.489073 -0.322596 0)
(0.614473 -0.283866 0)
(0.765499 -0.243497 0)
(0.940857 -0.199234 0)
(1.13679 -0.148293 0)
(1.34718 -0.0876491 0)
(1.56574 -0.0128595 0)
(1.78813 0.080713 0)
(2.01192 0.199359 0)
(2.23672 0.352866 0)
(2.46346 0.555093 0)
(2.69134 0.82733 0)
(2.91323 1.20064 0)
(3.10471 1.71812 0)
(3.21939 2.44068 0)
(3.09015 3.44373 0)
(2.62041 4.77457 0)
(1.14185 6.41705 0)
(0.00400526 -0.769114 0)
(0.0132826 -0.758973 0)
(0.0261621 -0.739465 0)
(0.0444655 -0.711764 0)
(0.0688205 -0.677416 0)
(0.0989946 -0.638194 0)
(0.13424 -0.596346 0)
(0.174268 -0.553632 0)
(0.21966 -0.511613 0)
(0.272303 -0.471744 0)
(0.335955 -0.434275 0)
(0.415418 -0.39922 0)
(0.516009 -0.36592 0)
(0.641792 -0.333452 0)
(0.794628 -0.300057 0)
(0.973705 -0.263718 0)
(1.17513 -0.222028 0)
(1.39356 -0.172579 0)
(1.62404 -0.111484 0)
(1.86254 -0.0336104 0)
(2.10807 0.0670984 0)
(2.36388 0.200215 0)
(2.63611 0.379966 0)
(2.93174 0.630032 0)
(3.255 0.987679 0)
(3.60105 1.51141 0)
(3.95046 2.28813 0)
(4.18042 3.40723 0)
(4.18241 4.92241 0)
(2.09565 6.95133 0)
(0.00797478 -0.792861 0)
(0.0248068 -0.782177 0)
(0.0443098 -0.761864 0)
(0.0681222 -0.733329 0)
(0.0967465 -0.698536 0)
(0.129355 -0.659651 0)
(0.16551 -0.618893 0)
(0.205274 -0.578166 0)
(0.24926 -0.539202 0)
(0.299917 -0.503018 0)
(0.361401 -0.47015 0)
(0.439087 -0.440391 0)
(0.5384 -0.413041 0)
(0.663869 -0.387296 0)
(0.8178 -0.361577 0)
(0.999379 -0.334283 0)
(1.20514 -0.303507 0)
(1.43009 -0.266849 0)
(1.66997 -0.221331 0)
(1.92207 -0.163552 0)
(2.18729 -0.0875199 0)
(2.47138 0.0157823 0)
(2.78584 0.159892 0)
(3.14717 0.367032 0)
(3.57439 0.679629 0)
(4.08084 1.17214 0)
(4.64527 2.02623 0)
(5.10302 3.44424 0)
(5.36287 6.74956 0)
(2.71515 12.4615 0)
(0.0116141 -0.808355 0)
(0.0353579 -0.797654 0)
(0.0609482 -0.777396 0)
(0.0895764 -0.749107 0)
(0.121344 -0.714953 0)
(0.155789 -0.677383 0)
(0.19237 -0.638455 0)
(0.231161 -0.600378 0)
(0.273346 -0.564837 0)
(0.321676 -0.532691 0)
(0.380776 -0.504412 0)
(0.456336 -0.479749 0)
(0.55409 -0.458219 0)
(0.678738 -0.438814 0)
(0.83273 -0.42049 0)
(1.01547 -0.401932 0)
(1.22365 -0.381663 0)
(1.45269 -0.357847 0)
(1.69837 -0.32853 0)
(1.95883 -0.29105 0)
(2.23706 -0.241122 0)
(2.54166 -0.172643 0)
(2.88824 -0.0742082 0)
(3.30422 0.0720565 0)
(3.83051 0.301048 0)
(4.557 0.675605 0)
(5.53905 1.35952 0)
(7.40104 2.54661 0)
(9.74599 5.55619 0)
(17.355 11.0258 0)
(0.0148001 -0.816476 0)
(0.0445547 -0.806115 0)
(0.0752861 -0.786512 0)
(0.107971 -0.759458 0)
(0.142513 -0.726962 0)
(0.17819 -0.691357 0)
(0.214697 -0.655148 0)
(0.252321 -0.620201 0)
(0.29255 -0.588236 0)
(0.338592 -0.560091 0)
(0.395321 -0.536195 0)
(0.468722 -0.516347 0)
(0.564706 -0.500066 0)
(0.688159 -0.486535 0)
(0.841588 -0.475052 0)
(1.02446 -0.464615 0)
(1.23365 -0.454197 0)
(1.46449 -0.442593 0)
(1.71321 -0.428745 0)
(1.9786 -0.410703 0)
(2.26388 -0.386348 0)
(2.57937 -0.352687 0)
(2.9441 -0.303582 0)
(3.38993 -0.228714 0)
(3.96555 -0.109779 0)
(4.77108 0.0870425 0)
(5.8796 0.435794 0)
(7.85945 1.03339 0)
(10.3546 2.01334 0)
(17.7128 3.91752 0)
(0.0178314 -0.81949 0)
(0.0533368 -0.809858 0)
(0.0889423 -0.791401 0)
(0.125306 -0.766252 0)
(0.162204 -0.736283 0)
(0.198876 -0.70382 0)
(0.235062 -0.67105 0)
(0.271308 -0.640018 0)
(0.309413 -0.612137 0)
(0.352902 -0.588388 0)
(0.407024 -0.569126 0)
(0.478017 -0.55423 0)
(0.571979 -0.543284 0)
(0.693747 -0.535738 0)
(0.845881 -0.531181 0)
(1.02799 -0.529 0)
(1.23686 -0.528642 0)
(1.46796 -0.529652 0)
(1.7175 -0.531416 0)
(1.98427 -0.533795 0)
(2.27187 -0.536585 0)
(2.59133 -0.539413 0)
(2.96263 -0.542035 0)
(3.42055 -0.544034 0)
(4.02005 -0.544251 0)
(4.88459 -0.540246 0)
(6.10498 -0.524702 0)
(8.35529 -0.504095 0)
(11.0512 -0.457366 0)
(18.4214 -0.440179 0)
(0.0205795 -0.817075 0)
(0.0614085 -0.808507 0)
(0.10145 -0.791868 0)
(0.141042 -0.769435 0)
(0.179972 -0.742864 0)
(0.217329 -0.714329 0)
(0.252976 -0.685898 0)
(0.287669 -0.659416 0)
(0.323528 -0.63627 0)
(0.364399 -0.617309 0)
(0.415817 -0.602905 0)
(0.484229 -0.593022 0)
(0.575804 -0.587436 0)
(0.695422 -0.585931 0)
(0.845631 -0.588246 0)
(1.02599 -0.59426 0)
(1.23326 -0.603918 0)
(1.46282 -0.61737 0)
(1.71072 -0.634977 0)
(1.9755 -0.657785 0)
(2.26051 -0.687458 0)
(2.57609 -0.726916 0)
(2.94132 -0.781601 0)
(3.3886 -0.860719 0)
(3.96783 -0.982756 0)
(4.78288 -1.18109 0)
(5.9016 -1.53025 0)
(7.89928 -2.12178 0)
(10.4095 -3.05851 0)
(17.9189 -4.94933 0)
(0.0229728 -0.80931 0)
(0.0684616 -0.802022 0)
(0.112386 -0.787911 0)
(0.154709 -0.768779 0)
(0.195267 -0.74648 0)
(0.233055 -0.722702 0)
(0.268009 -0.699347 0)
(0.301084 -0.67806 0)
(0.334677 -0.660094 0)
(0.372921 -0.646256 0)
(0.421596 -0.636915 0)
(0.487299 -0.63216 0)
(0.576236 -0.631955 0)
(0.693263 -0.636327 0)
(0.840885 -0.645405 0)
(1.01858 -0.659418 0)
(1.223 -0.678806 0)
(1.44932 -0.704318 0)
(1.69325 -0.737164 0)
(1.95277 -0.77951 0)
(2.23039 -0.834804 0)
(2.53484 -0.908847 0)
(2.88234 -1.01175 0)
(3.29981 -1.16147 0)
(3.82773 -1.39293 0)
(4.55588 -1.77092 0)
(5.54286 -2.46225 0)
(7.42629 -3.6542 0)
(9.81716 -6.6803 0)
(17.6055 -12.1303 0)
(22.9905 2.33391 0)
(20.8022 -0.389376 0)
(21.3952 -0.488377 0)
(21.7001 -0.306557 0)
(21.7002 -0.157396 0)
(21.6515 -0.0775536 0)
(21.5716 -0.038642 0)
(21.4687 -0.0194457 0)
(21.3512 -0.00984735 0)
(21.2233 -0.00501216 0)
(21.0872 -0.00256306 0)
(20.9446 -0.00130329 0)
(20.7973 -0.00065791 0)
(20.6471 -0.000326759 0)
(20.496 -0.000156641 0)
(20.3461 -6.7206e-05 0)
(20.2005 -2.32032e-05 0)
(20.0609 -4.11296e-06 0)
(19.9335 1.99161e-06 0)
(19.8115 2.90738e-06 0)
(19.7254 1.53426e-06 0)
(19.6144 3.33521e-07 0)
(19.6217 -2.67118e-07 0)
(19.4898 -2.41917e-07 0)
(19.5111 5.49112e-07 0)
(23.6311 -0.429347 0)
(22.9514 -0.178921 0)
(22.4031 -0.031778 0)
(22.1563 0.0107032 0)
(21.9422 0.0217331 0)
(21.7716 0.0169748 0)
(21.6303 0.010919 0)
(21.4982 0.00644781 0)
(21.3664 0.00363916 0)
(21.2313 0.00199859 0)
(21.0917 0.00109214 0)
(20.9473 0.00060461 0)
(20.7991 0.00034741 0)
(20.6484 0.000215321 0)
(20.497 0.000143772 0)
(20.3471 0.000100942 0)
(20.2014 7.20054e-05 0)
(20.0617 4.88811e-05 0)
(19.9343 2.94093e-05 0)
(19.8123 1.40177e-05 0)
(19.7262 2.82194e-06 0)
(19.6152 -3.49387e-06 0)
(19.6225 -5.66239e-06 0)
(19.4906 -4.675e-06 0)
(19.5119 -1.474e-06 0)
(23.0635 -0.179823 0)
(21.7571 -0.10446 0)
(21.6682 -0.0536619 0)
(21.7477 -0.0255339 0)
(21.7125 -0.012852 0)
(21.642 -0.00594875 0)
(21.5619 -0.00320998 0)
(21.4623 -0.00177109 0)
(21.3475 -0.00097856 0)
(21.2215 -0.000527388 0)
(21.0866 -0.000271138 0)
(20.9447 -0.000123281 0)
(20.7977 -3.56453e-05 0)
(20.6477 1.43752e-05 0)
(20.4966 4.12988e-05 0)
(20.3469 5.14509e-05 0)
(20.2013 4.91031e-05 0)
(20.0616 3.79293e-05 0)
(19.9343 2.26781e-05 0)
(19.8122 7.88969e-06 0)
(19.7262 -3.44263e-06 0)
(19.6152 -9.60756e-06 0)
(19.6225 -1.10037e-05 0)
(19.4906 -8.3406e-06 0)
(19.5119 -3.23285e-06 0)
(23.8141 0.247684 0)
(23.111 0.0500814 0)
(22.4826 -0.0323869 0)
(22.1946 -0.0467577 0)
(21.9605 -0.0409486 0)
(21.7797 -0.027497 0)
(21.6344 -0.0166805 0)
(21.5005 -0.00958605 0)
(21.3676 -0.00534373 0)
(21.232 -0.00291254 0)
(21.0921 -0.00155981 0)
(20.9475 -0.000814778 0)
(20.7992 -0.000408187 0)
(20.6485 -0.000192215 0)
(20.4971 -7.71464e-05 0)
(20.3471 -1.64385e-05 0)
(20.2014 8.89303e-06 0)
(20.0617 1.35877e-05 0)
(19.9343 7.97183e-06 0)
(19.8122 -6.64849e-07 0)
(19.7262 -7.84326e-06 0)
(19.6152 -1.16053e-05 0)
(19.6225 -1.18217e-05 0)
(19.4906 -8.64923e-06 0)
(19.5119 -3.77757e-06 0)
(23.4482 -2.66468 0)
(20.8454 0.344415 0)
(21.4737 0.470071 0)
(21.7407 0.2938 0)
(21.7253 0.152218 0)
(21.6648 0.0731261 0)
(21.5789 0.0361216 0)
(21.4728 0.0180821 0)
(21.3534 0.0091201 0)
(21.2245 0.00463119 0)
(21.0879 0.00236543 0)
(20.945 0.00121649 0)
(20.7976 0.000633248 0)
(20.6473 0.000335282 0)
(20.496 0.000181928 0)
(20.3462 0.000100269 0)
(20.2005 5.5004e-05 0)
(20.0608 2.86544e-05 0)
(19.9335 1.27126e-05 0)
(19.8114 2.55567e-06 0)
(19.7254 -3.1129e-06 0)
(19.6143 -5.82506e-06 0)
(19.6217 -6.21324e-06 0)
(19.4898 -4.7417e-06 0)
(19.5111 -2.56783e-06 0)
(0.0252132 -0.794199 0)
(0.0750104 -0.788616 0)
(0.122582 -0.778003 0)
(0.167373 -0.763317 0)
(0.209243 -0.746731 0)
(0.247259 -0.729205 0)
(0.281306 -0.71243 0)
(0.312554 -0.697748 0)
(0.343654 -0.686227 0)
(0.379014 -0.678593 0)
(0.424627 -0.67524 0)
(0.487194 -0.676381 0)
(0.572919 -0.682229 0)
(0.686575 -0.693104 0)
(0.830579 -0.709535 0)
(1.00428 -0.732175 0)
(1.20412 -0.761979 0)
(1.42497 -0.800314 0)
(1.66196 -0.849207 0)
(1.91219 -0.911856 0)
(2.17664 -0.993228 0)
(2.46135 -1.1014 0)
(2.7775 -1.24984 0)
(3.1413 -1.46144 0)
(3.57183 -1.77778 0)
(4.08413 -2.27242 0)
(4.6577 -3.12612 0)
(5.12522 -4.54469 0)
(5.38355 -7.87563 0)
(2.72443 -13.6537 0)
(0.0269435 -0.77109 0)
(0.0799759 -0.767665 0)
(0.130377 -0.761301 0)
(0.176938 -0.752284 0)
(0.219494 -0.742654 0)
(0.257396 -0.73282 0)
(0.290303 -0.724074 0)
(0.319608 -0.717385 0)
(0.34815 -0.713575 0)
(0.38054 -0.713245 0)
(0.42292 -0.716809 0)
(0.482014 -0.724613 0)
(0.563948 -0.737128 0)
(0.673346 -0.755019 0)
(0.812472 -0.779196 0)
(0.980496 -0.810791 0)
(1.17355 -0.85125 0)
(1.38604 -0.902516 0)
(1.61234 -0.967308 0)
(1.84833 -1.04961 0)
(2.09296 -1.15538 0)
(2.34886 -1.2939 0)
(2.62157 -1.47983 0)
(2.91798 -1.73639 0)
(3.24269 -2.10075 0)
(3.58989 -2.63077 0)
(3.93843 -3.4156 0)
(4.16695 -4.5449 0)
(4.1711 -6.05997 0)
(2.09459 -8.08108 0)
(0.0278096 -0.742286 0)
(0.0824308 -0.741139 0)
(0.134241 -0.739131 0)
(0.181507 -0.736298 0)
(0.223994 -0.73371 0)
(0.261339 -0.732075 0)
(0.293003 -0.731768 0)
(0.320509 -0.733491 0)
(0.34679 -0.737763 0)
(0.376562 -0.745033 0)
(0.416011 -0.755698 0)
(0.471795 -0.770211 0)
(0.549876 -0.789266 0)
(0.654694 -0.813842 0)
(0.78831 -0.84518 0)
(0.949675 -0.884833 0)
(1.13461 -0.934649 0)
(1.33701 -0.996989 0)
(1.55048 -1.075 0)
(1.76965 -1.17302 0)
(1.99148 -1.29728 0)
(2.21544 -1.45699 0)
(2.44212 -1.66597 0)
(2.67068 -1.94476 0)
(2.89387 -2.32362 0)
(3.08687 -2.84569 0)
(3.20307 -3.57025 0)
(3.07664 -4.57059 0)
(2.60899 -5.89498 0)
(1.13631 -7.52865 0)
(0.0278134 -0.709396 0)
(0.0823687 -0.710462 0)
(0.134048 -0.712684 0)
(0.181048 -0.716006 0)
(0.222695 -0.720295 0)
(0.258868 -0.726834 0)
(0.289228 -0.734976 0)
(0.315062 -0.745187 0)
(0.3394 -0.757639 0)
(0.366945 -0.772609 0)
(0.403837 -0.790436 0)
(0.456574 -0.811637 0)
(0.530882 -0.837072 0)
(0.63097 -0.867969 0)
(0.758669 -0.905864 0)
(0.912687 -0.952616 0)
(1.08854 -1.01041 0)
(1.27967 -1.08187 0)
(1.47892 -1.17032 0)
(1.67986 -1.28012 0)
(1.87774 -1.41718 0)
(2.06942 -1.58981 0)
(2.25189 -1.80976 0)
(2.41954 -2.09319 0)
(2.55989 -2.46128 0)
(2.64532 -2.93921 0)
(2.63213 -3.54937 0)
(2.4114 -4.30347 0)
(1.9281 -5.10556 0)
(0.812543 -5.88675 0)
(0.0270022 -0.674192 0)
(0.0799406 -0.677294 0)
(0.130042 -0.683362 0)
(0.17574 -0.692242 0)
(0.215788 -0.703179 0)
(0.250212 -0.717187 0)
(0.279091 -0.733413 0)
(0.30333 -0.751797 0)
(0.326006 -0.772207 0)
(0.351704 -0.79472 0)
(0.386431 -0.819585 0)
(0.43645 -0.847324 0)
(0.507183 -0.878896 0)
(0.602556 -0.915706 0)
(0.724157 -0.959515 0)
(0.870439 -1.01239 0)
(1.03665 -1.07677 0)
(1.21582 -1.1554 0)
(1.40022 -1.25161 0)
(1.58255 -1.36947 0)
(1.75677 -1.5142 0)
(1.91789 -1.69275 0)
(2.06061 -1.91423 0)
(2.17689 -2.19017 0)
(2.25264 -2.53388 0)
(2.26213 -2.95815 0)
(2.1684 -3.46814 0)
(1.89579 -4.05629 0)
(1.40588 -4.64741 0)
(0.554537 -5.18558 0)
(0.0254637 -0.638512 0)
(0.0754211 -0.643317 0)
(0.122722 -0.65267 0)
(0.16603 -0.666236 0)
(0.203789 -0.683188 0)
(0.235954 -0.703522 0)
(0.262996 -0.727131 0)
(0.285658 -0.752955 0)
(0.306867 -0.780755 0)
(0.331036 -0.810363 0)
(0.363968 -0.841902 0)
(0.411621 -0.875845 0)
(0.479055 -0.913182 0)
(0.56987 -0.955415 0)
(0.685391 -1.00444 0)
(0.823818 -1.06249 0)
(0.980156 -1.1321 0)
(1.14716 -1.21608 0)
(1.31669 -1.31758 0)
(1.48084 -1.44026 0)
(1.63272 -1.58844 0)
(1.76624 -1.76746 0)
(1.87489 -1.98383 0)
(1.94989 -2.24491 0)
(1.97781 -2.5578 0)
(1.93719 -2.92668 0)
(1.79961 -3.34665 0)
(1.51766 -3.79995 0)
(1.07096 -4.21919 0)
(0.404418 -4.54753 0)
(0.023361 -0.604078 0)
(0.0692127 -0.610181 0)
(0.112675 -0.622086 0)
(0.152612 -0.639312 0)
(0.18753 -0.661208 0)
(0.216908 -0.686701 0)
(0.241625 -0.716523 0)
(0.262686 -0.748705 0)
(0.282494 -0.782982 0)
(0.305358 -0.818918 0)
(0.336801 -0.85649 0)
(0.382426 -0.896069 0)
(0.446876 -0.938616 0)
(0.53339 -0.985652 0)
(0.643008 -1.03914 0)
(0.773691 -1.10137 0)
(0.92024 -1.17492 0)
(1.07524 -1.26259 0)
(1.23031 -1.36726 0)
(1.37727 -1.49205 0)
(1.50878 -1.64035 0)
(1.61823 -1.81594 0)
(1.69874 -2.02296 0)
(1.74186 -2.26541 0)
(1.7359 -2.54587 0)
(1.66421 -2.86315 0)
(1.5064 -3.20769 0)
(1.23444 -3.55893 0)
(0.838889 -3.86533 0)
(0.306012 -4.08234 0)
(0.0208393 -0.572369 0)
(0.0617756 -0.579381 0)
(0.100646 -0.59302 0)
(0.136383 -0.612852 0)
(0.167874 -0.638217 0)
(0.19403 -0.667985 0)
(0.216002 -0.702163 0)
(0.235288 -0.739518 0)
(0.25365 -0.779044 0)
(0.275322 -0.820244 0)
(0.305493 -0.862922 0)
(0.349377 -0.90731 0)
(0.41116 -0.954286 0)
(0.493685 -1.00534 0)
(0.597689 -1.06241 0)
(0.720906 -1.1278 0)
(0.857972 -1.20407 0)
(1.00139 -1.2939 0)
(1.14277 -1.39991 0)
(1.27386 -1.52464 0)
(1.38725 -1.67057 0)
(1.47626 -1.8401 0)
(1.53423 -2.03541 0)
(1.55358 -2.25793 0)
(1.52477 -2.50718 0)
(1.43556 -2.77894 0)
(1.2722 -3.06211 0)
(1.01922 -3.337 0)
(0.674111 -3.56575 0)
(0.239992 -3.71405 0)
(0.0180479 -0.544545 0)
(0.0535638 -0.552044 0)
(0.08731 -0.566717 0)
(0.11836 -0.588118 0)
(0.145746 -0.615641 0)
(0.168443 -0.648304 0)
(0.187409 -0.685173 0)
(0.204417 -0.726233 0)
(0.22131 -0.769559 0)
(0.241785 -0.814716 0)
(0.270812 -0.861315 0)
(0.31318 -0.909427 0)
(0.372582 -0.959819 0)
(0.451447 -1.01389 0)
(0.55019 -1.07353 0)
(0.666322 -1.141 0)
(0.794359 -1.21877 0)
(0.926814 -1.30936 0)
(1.05543 -1.41513 0)
(1.17214 -1.53807 0)
(1.2697 -1.67984 0)
(1.34171 -1.84167 0)
(1.38207 -2.02421 0)
(1.3843 -2.22704 0)
(1.34101 -2.44778 0)
(1.24361 -2.6807 0)
(1.08341 -2.91484 0)
(0.852723 -3.13297 0)
(0.553058 -3.3077 0)
(0.19362 -3.41361 0)
(0.0151572 -0.52139 0)
(0.0449747 -0.529062 0)
(0.073309 -0.544182 0)
(0.0993054 -0.566223 0)
(0.12226 -0.594664 0)
(0.141332 -0.628623 0)
(0.156939 -0.667085 0)
(0.17133 -0.709878 0)
(0.186587 -0.755566 0)
(0.205777 -0.803202 0)
(0.233709 -0.852341 0)
(0.27472 -0.902876 0)
(0.331984 -0.955452 0)
(0.407501 -1.01137 0)
(0.501356 -1.07241 0)
(0.610833 -1.14075 0)
(0.730374 -1.21878 0)
(0.852569 -1.30881 0)
(0.969432 -1.41296 0)
(1.07325 -1.53271 0)
(1.15716 -1.66902 0)
(1.21526 -1.82219 0)
(1.24215 -1.99174 0)
(1.23255 -2.17599 0)
(1.18093 -2.37144 0)
(1.08156 -2.57186 0)
(0.929411 -2.76718 0)
(0.721468 -2.94302 0)
(0.461374 -3.07953 0)
(0.159705 -3.15824 0)
(0.0122346 -0.503443 0)
(0.036293 -0.511101 0)
(0.0591486 -0.526079 0)
(0.0801022 -0.547935 0)
(0.0984541 -0.576184 0)
(0.113555 -0.610252 0)
(0.125826 -0.649068 0)
(0.137356 -0.691758 0)
(0.150578 -0.738424 0)
(0.168437 -0.786992 0)
(0.195268 -0.837176 0)
(0.23503 -0.88868 0)
(0.290355 -0.942045 0)
(0.362805 -0.998459 0)
(0.452132 -1.0596 0)
(0.55539 -1.12753 0)
(0.666982 -1.20453 0)
(0.779641 -1.29275 0)
(0.885744 -1.394 0)
(0.978078 -1.50938 0)
(1.0503 -1.63927 0)
(1.09712 -1.78325 0)
(1.11393 -1.94004 0)
(1.09653 -2.10715 0)
(1.04097 -2.28053 0)
(0.943671 -2.454 0)
(0.802105 -2.61863 0)
(0.615992 -2.76272 0)
(0.389921 -2.87175 0)
(0.13395 -2.93239 0)
(0.00935382 -0.491022 0)
(0.0278221 -0.498358 0)
(0.0453962 -0.512735 0)
(0.0613333 -0.533805 0)
(0.0750321 -0.561071 0)
(0.0860938 -0.594142 0)
(0.0951652 -0.632065 0)
(0.103606 -0.673592 0)
(0.114407 -0.719517 0)
(0.130931 -0.767632 0)
(0.156638 -0.817361 0)
(0.195237 -0.868335 0)
(0.248781 -0.921011 0)
(0.318408 -0.976489 0)
(0.403536 -1.03633 0)
(0.50099 -1.10251 0)
(0.605154 -1.17718 0)
(0.70897 -1.26233 0)
(0.805247 -1.3595 0)
(0.887361 -1.46948 0)
(0.949594 -1.59217 0)
(0.987303 -1.72667 0)
(0.99667 -1.8711 0)
(0.974485 -2.02255 0)
(0.918048 -2.17675 0)
(0.825311 -2.32785 0)
(0.695426 -2.4681 0)
(0.529632 -2.58806 0)
(0.332764 -2.67696 0)
(0.113728 -2.72518 0)
(0.00667616 -0.484095 0)
(0.01984 -0.490861 0)
(0.0322865 -0.504178 0)
(0.0434712 -0.524092 0)
(0.0527268 -0.549768 0)
(0.0597491 -0.581026 0)
(0.0656096 -0.617074 0)
(0.0710748 -0.656903 0)
(0.0793044 -0.700289 0)
(0.0942796 -0.746752 0)
(0.118943 -0.794631 0)
(0.156472 -0.843637 0)
(0.208383 -0.894171 0)
(0.2754 -0.94728 0)
(0.35662 -1.00444 0)
(0.448646 -1.06752 0)
(0.545854 -1.13856 0)
(0.641463 -1.21944 0)
(0.728751 -1.31141 0)
(0.801736 -1.41504 0)
(0.855384 -1.52988 0)
(0.88572 -1.65466 0)
(0.889675 -1.78718 0)
(0.864874 -1.92427 0)
(0.809587 -2.06171 0)
(0.722853 -2.19409 0)
(0.604883 -2.31475 0)
(0.457697 -2.41606 0)
(0.285985 -2.4899 0)
(0.0973921 -2.52925 0)
(0.00422753 -0.4823 0)
(0.0126042 -0.488428 0)
(0.0202141 -0.500493 0)
(0.0267836 -0.518629 0)
(0.0318839 -0.542451 0)
(0.0350839 -0.57142 0)
(0.0376574 -0.604914 0)
(0.0405362 -0.642509 0)
(0.0463094 -0.682455 0)
(0.0594283 -0.725782 0)
(0.0832075 -0.770784 0)
(0.119794 -0.816502 0)
(0.170228 -0.863561 0)
(0.234834 -0.912972 0)
(0.312407 -0.96614 0)
(0.399337 -1.02486 0)
(0.490012 -1.09109 0)
(0.577971 -1.16656 0)
(0.657001 -1.25233 0)
(0.721782 -1.34876 0)
(0.767988 -1.45516 0)
(0.792299 -1.57003 0)
(0.792333 -1.69098 0)
(0.766417 -1.81479 0)
(0.713557 -1.93739 0)
(0.633533 -2.05385 0)
(0.527192 -2.15847 0)
(0.396885 -2.24504 0)
(0.24696 -2.30733 0)
(0.083889 -2.34011 0)
(0.00203305 -0.485117 0)
(0.00605505 -0.490547 0)
(0.00940131 -0.501415 0)
(0.0116744 -0.517664 0)
(0.0127185 -0.539209 0)
(0.0124095 -0.565555 0)
(0.011731 -0.596177 0)
(0.0123051 -0.630573 0)
(0.0161904 -0.667193 0)
(0.027334 -0.706072 0)
(0.0501842 -0.747457 0)
(0.0861546 -0.788762 0)
(0.135267 -0.831225 0)
(0.197654 -0.875802 0)
(0.27182 -0.923854 0)
(0.353947 -0.977127 0)
(0.438463 -1.03751 0)
(0.519257 -1.10659 0)
(0.590662 -1.18532 0)
(0.648016 -1.2738 0)
(0.687685 -1.37127 0)
(0.706995 -1.47605 0)
(0.704169 -1.58571 0)
(0.678121 -1.69707 0)
(0.628405 -1.8063 0)
(0.555292 -1.90896 0)
(0.459978 -2.00015 0)
(0.344882 -2.07475 0)
(0.213917 -2.1279 0)
(0.0725292 -2.15563 0)
(0.000113006 -0.491905 0)
(0.000254592 -0.496675 0)
(-0.000333353 -0.506346 0)
(-0.00185707 -0.520869 0)
(-0.00441067 -0.540051 0)
(-0.00809101 -0.56357 0)
(-0.0116197 -0.591094 0)
(-0.0132881 -0.621642 0)
(-0.0109127 -0.654937 0)
(-0.00140427 -0.689334 0)
(0.0205356 -0.725427 0)
(0.0563043 -0.761955 0)
(0.10426 -0.799009 0)
(0.16463 -0.837889 0)
(0.235612 -0.87996 0)
(0.313201 -0.926945 0)
(0.391891 -0.980676 0)
(0.465944 -1.04264 0)
(0.530275 -1.11365 0)
(0.580852 -1.19365 0)
(0.614704 -1.28181 0)
(0.629776 -1.3764 0)
(0.624819 -1.475 0)
(0.599229 -1.57457 0)
(0.552968 -1.67156 0)
(0.48662 -1.76198 0)
(0.401542 -1.84161 0)
(0.300066 -1.90621 0)
(0.185647 -1.9519 0)
(0.0628543 -1.97559 0)
(-0.00158095 -0.501867 0)
(-0.00488637 -0.506071 0)
(-0.00893113 -0.514675 0)
(-0.0138675 -0.527423 0)
(-0.0196434 -0.54454 0)
(-0.0262746 -0.565376 0)
(-0.032281 -0.589575 0)
(-0.0360825 -0.616668 0)
(-0.0351153 -0.645876 0)
(-0.0260913 -0.675987 0)
(-0.00485572 -0.705991 0)
(0.0303864 -0.737413 0)
(0.0777158 -0.768442 0)
(0.136301 -0.801053 0)
(0.204323 -0.836579 0)
(0.277614 -0.876738 0)
(0.350777 -0.923316 0)
(0.418478 -0.977697 0)
(0.476214 -1.04057 0)
(0.520565 -1.11179 0)
(0.549183 -1.19044 0)
(0.560582 -1.27484 0)
(0.553974 -1.36263 0)
(0.529149 -1.45098 0)
(0.486369 -1.53661 0)
(0.426407 -1.61598 0)
(0.350663 -1.68545 0)
(0.261298 -1.74147 0)
(0.161321 -1.78086 0)
(0.0545557 -1.80121 0)
(-0.00307202 -0.514283 0)
(-0.0094486 -0.518017 0)
(-0.016512 -0.525651 0)
(-0.0244889 -0.536905 0)
(-0.0331736 -0.552146 0)
(-0.0422219 -0.570529 0)
(-0.0504927 -0.591624 0)
(-0.0559593 -0.615499 0)
(-0.0558725 -0.640322 0)
(-0.0469657 -0.665835 0)
(-0.0260195 -0.690412 0)
(0.00897153 -0.715776 0)
(0.056025 -0.740598 0)
(0.112988 -0.766684 0)
(0.17825 -0.795418 0)
(0.247462 -0.828536 0)
(0.315374 -0.867774 0)
(0.37708 -0.914415 0)
(0.428651 -0.96903 0)
(0.467262 -1.03141 0)
(0.491129 -1.1006 0)
(0.499275 -1.17497 0)
(0.491323 -1.2523 0)
(0.467375 -1.32997 0)
(0.42791 -1.40501 0)
(0.373809 -1.47429 0)
(0.30644 -1.53467 0)
(0.227759 -1.58313 0)
(0.140355 -1.61708 0)
(0.0474185 -1.63457 0)
(-0.00441002 -0.528617 0)
(-0.0134987 -0.532002 0)
(-0.0232423 -0.538757 0)
(-0.0339452 -0.548894 0)
(-0.0451245 -0.562363 0)
(-0.0561941 -0.578606 0)
(-0.0663627 -0.597061 0)
(-0.0729908 -0.617593 0)
(-0.073267 -0.638272 0)
(-0.0640553 -0.658968 0)
(-0.0427061 -0.678503 0)
(-0.00765117 -0.697278 0)
(0.0391311 -0.716086 0)
(0.0947521 -0.73569 0)
(0.157446 -0.757687 0)
(0.222775 -0.783853 0)
(0.28569 -0.815876 0)
(0.341737 -0.854922 0)
(0.387543 -0.901459 0)
(0.42085 -0.955216 0)
(0.440381 -1.01522 0)
(0.445605 -1.07993 0)
(0.436502 -1.14728 0)
(0.413416 -1.21487 0)
(0.376985 -1.28005 0)
(0.32814 -1.34008 0)
(0.268177 -1.39223 0)
(0.198833 -1.43396 0)
(0.122319 -1.46313 0)
(0.0412883 -1.47812 0)
(-0.00563659 -0.544446 0)
(-0.0171305 -0.547531 0)
(-0.0293104 -0.553653 0)
(-0.0423764 -0.56285 0)
(-0.0556894 -0.574691 0)
(-0.068519 -0.589199 0)
(-0.0800406 -0.605255 0)
(-0.0871923 -0.622459 0)
(-0.0872325 -0.639174 0)
(-0.077458 -0.655185 0)
(-0.0550544 -0.669617 0)
(-0.0195135 -0.682313 0)
(0.0269118 -0.69517 0)
(0.081458 -0.708521 0)
(0.141746 -0.724085 0)
(0.203361 -0.743657 0)
(0.261511 -0.768855 0)
(0.312217 -0.800725 0)
(0.352639 -0.839625 0)
(0.381044 -0.885225 0)
(0.396609 -0.936562 0)
(0.399189 -0.99217 0)
(0.389056 -1.05017 0)
(0.366749 -1.10838 0)
(0.333012 -1.16447 0)
(0.28879 -1.21603 0)
(0.235285 -1.26074 0)
(0.174024 -1.29645 0)
(0.106878 -1.32136 0)
(0.036045 -1.33414 0)
(-0.00674711 -0.561407 0)
(-0.0204732 -0.56426 0)
(-0.034848 -0.56988 0)
(-0.0498865 -0.578288 0)
(-0.0650919 -0.588841 0)
(-0.0793573 -0.601666 0)
(-0.0915702 -0.615561 0)
(-0.0986973 -0.629525 0)
(-0.098071 -0.642604 0)
(-0.0871294 -0.65403 0)
(-0.0632667 -0.663176 0)
(-0.0270182 -0.670647 0)
(0.0192669 -0.677723 0)
(0.0728368 -0.685227 0)
(0.130815 -0.694854 0)
(0.188843 -0.708395 0)
(0.242438 -0.727371 0)
(0.288101 -0.752695 0)
(0.323502 -0.784612 0)
(0.347383 -0.822733 0)
(0.359328 -0.866111 0)
(0.359506 -0.913359 0)
(0.34843 -0.962774 0)
(0.326789 -1.01241 0)
(0.295391 -1.06022 0)
(0.255171 -1.10414 0)
(0.20723 -1.14216 0)
(0.152895 -1.17248 0)
(0.0937432 -1.1936 0)
(0.0315883 -1.20443 0)
(-0.00779751 -0.57922 0)
(-0.0235487 -0.581878 0)
(-0.0399377 -0.587148 0)
(-0.0567436 -0.594782 0)
(-0.0734061 -0.604508 0)
(-0.0887685 -0.615484 0)
(-0.101154 -0.627357 0)
(-0.107688 -0.638296 0)
(-0.105806 -0.647849 0)
(-0.0930506 -0.65466 0)
(-0.0676488 -0.659 0)
(-0.0305389 -0.661649 0)
(0.0158615 -0.663307 0)
(0.0684742 -0.665542 0)
(0.124186 -0.669867 0)
(0.178715 -0.678081 0)
(0.227936 -0.69158 0)
(0.268834 -0.711133 0)
(0.299558 -0.736868 0)
(0.319276 -0.768335 0)
(0.327924 -0.804601 0)
(0.325929 -0.844366 0)
(0.313985 -0.886083 0)
(0.292891 -0.928039 0)
(0.263493 -0.968448 0)
(0.226693 -1.00553 0)
(0.183492 -1.03761 0)
(0.135038 -1.06316 0)
(0.0826523 -1.08093 0)
(0.0278267 -1.09005 0)
(-0.00876017 -0.597669 0)
(-0.0264786 -0.600192 0)
(-0.0446235 -0.605144 0)
(-0.0630397 -0.612205 0)
(-0.0807795 -0.620922 0)
(-0.0966737 -0.630484 0)
(-0.108859 -0.640022 0)
(-0.114227 -0.648102 0)
(-0.110474 -0.654062 0)
(-0.0955817 -0.656614 0)
(-0.0685652 -0.656812 0)
(-0.0302833 -0.654442 0)
(0.0163166 -0.651413 0)
(0.067865 -0.649 0)
(0.121312 -0.648737 0)
(0.172387 -0.652402 0)
(0.217388 -0.661245 0)
(0.253776 -0.675879 0)
(0.280148 -0.696311 0)
(0.296048 -0.722028 0)
(0.301704 -0.752108 0)
(0.297751 -0.785337 0)
(0.285015 -0.820309 0)
(0.264365 -0.855524 0)
(0.236658 -0.889436 0)
(0.202756 -0.920536 0)
(0.163559 -0.947406 0)
(0.120057 -0.968787 0)
(0.0733546 -0.983653 0)
(0.0246745 -0.991264 0)
(-0.00970854 -0.616625 0)
(-0.0292111 -0.61903 0)
(-0.0490384 -0.62368 0)
(-0.068698 -0.630148 0)
(-0.0872567 -0.637844 0)
(-0.103243 -0.64602 0)
(-0.114506 -0.653238 0)
(-0.118329 -0.658398 0)
(-0.112258 -0.660775 0)
(-0.0951352 -0.659442 0)
(-0.066004 -0.655486 0)
(-0.0264478 -0.648566 0)
(0.0199856 -0.6415 0)
(0.070502 -0.635039 0)
(0.121607 -0.630927 0)
(0.169235 -0.630844 0)
(0.210144 -0.635866 0)
(0.242257 -0.646445 0)
(0.264581 -0.662467 0)
(0.276987 -0.683354 0)
(0.279943 -0.708193 0)
(0.27424 -0.735845 0)
(0.26079 -0.765041 0)
(0.2405 -0.794463 0)
(0.21422 -0.822787 0)
(0.182758 -0.848737 0)
(0.146924 -0.87113 0)
(0.107566 -0.888928 0)
(0.0656077 -0.901292 0)
(0.0220491 -0.907618 0)
(-0.0105813 -0.636011 0)
(-0.0318225 -0.63824 0)
(-0.0530462 -0.642634 0)
(-0.0737708 -0.648509 0)
(-0.0928058 -0.655128 0)
(-0.10834 -0.661439 0)
(-0.11824 -0.666547 0)
(-0.11994 -0.668712 0)
(-0.111266 -0.667502 0)
(-0.0915738 -0.662461 0)
(-0.0603237 -0.654199 0)
(-0.0196838 -0.643714 0)
(0.0265692 -0.63296 0)
(0.0758777 -0.623076 0)
(0.124491 -0.615847 0)
(0.168644 -0.612791 0)
(0.205564 -0.614797 0)
(0.233616 -0.62215 0)
(0.252175 -0.634613 0)
(0.261392 -0.651552 0)
(0.261922 -0.672057 0)
(0.254667 -0.695058 0)
(0.240588 -0.719411 0)
(0.220599 -0.743957 0)
(0.195525 -0.767565 0)
(0.166117 -0.789164 0)
(0.133098 -0.807774 0)
(0.0971964 -0.822546 0)
(0.0591816 -0.832796 0)
(0.0198726 -0.838036 0)
(-0.0113968 -0.655757 0)
(-0.0342276 -0.657897 0)
(-0.0568169 -0.66184 0)
(-0.0781634 -0.667088 0)
(-0.0970533 -0.672362 0)
(-0.111896 -0.6769 0)
(-0.120018 -0.679301 0)
(-0.119053 -0.678484 0)
(-0.107521 -0.673703 0)
(-0.0850536 -0.665062 0)
(-0.0517961 -0.652807 0)
(-0.0103519 -0.639139 0)
(0.035627 -0.625237 0)
(0.0834718 -0.612574 0)
(0.129402 -0.602926 0)
(0.170031 -0.597619 0)
(0.203051 -0.597347 0)
(0.227238 -0.602229 0)
(0.242297 -0.611912 0)
(0.248609 -0.625705 0)
(0.24697 -0.642705 0)
(0.238351 -0.661906 0)
(0.22373 -0.682273 0)
(0.204004 -0.702789 0)
(0.179958 -0.722489 0)
(0.152285 -0.740476 0)
(0.121624 -0.755944 0)
(0.0886017 -0.768201 0)
(0.0538604 -0.776695 0)
(0.0180709 -0.781033 0)
(-0.0122022 -0.675895 0)
(-0.0364301 -0.677918 0)
(-0.0600084 -0.681291 0)
(-0.0817412 -0.685353 0)
(-0.10024 -0.68943 0)
(-0.113597 -0.691914 0)
(-0.11944 -0.691507 0)
(-0.115697 -0.68735 0)
(-0.101093 -0.678957 0)
(-0.0757365 -0.66665 0)
(-0.0406775 -0.650972 0)
(0.00120992 -0.634434 0)
(0.0467026 -0.617913 0)
(0.0927869 -0.603089 0)
(0.135824 -0.591665 0)
(0.172872 -0.584756 0)
(0.20207 -0.582859 0)
(0.222578 -0.585929 0)
(0.234382 -0.593508 0)
(0.238054 -0.604855 0)
(0.234485 -0.619078 0)
(0.224678 -0.635229 0)
(0.209603 -0.652368 0)
(0.19012 -0.669607 0)
(0.166962 -0.686117 0)
(0.140762 -0.701152 0)
(0.112086 -0.714049 0)
(0.0814692 -0.724247 0)
(0.0494496 -0.731304 0)
(0.0165786 -0.734903 0)
(-0.0129288 -0.6964 0)
(-0.0383143 -0.698108 0)
(-0.0624479 -0.70079 0)
(-0.084328 -0.70365 0)
(-0.102023 -0.706032 0)
(-0.113469 -0.705932 0)
(-0.116559 -0.702567 0)
(-0.10954 -0.695004 0)
(-0.0918335 -0.682907 0)
(-0.0638441 -0.667038 0)
(-0.0273794 -0.6485 0)
(0.0147022 -0.629359 0)
(0.059382 -0.610697 0)
(0.103365 -0.594287 0)
(0.143296 -0.581664 0)
(0.176705 -0.573719 0)
(0.202162 -0.570753 0)
(0.219167 -0.572568 0)
(0.227952 -0.578609 0)
(0.229229 -0.588097 0)
(0.22395 -0.600155 0)
(0.21312 -0.613889 0)
(0.197676 -0.628449 0)
(0.178426 -0.643051 0)
(0.15605 -0.656991 0)
(0.131115 -0.669642 0)
(0.10412 -0.680462 0)
(0.0755243 -0.688996 0)
(0.0457782 -0.694891 0)
(0.015337 -0.697892 0)
(-0.0134953 -0.717185 0)
(-0.0397546 -0.718401 0)
(-0.0642049 -0.720199 0)
(-0.0857104 -0.721812 0)
(-0.101967 -0.721694 0)
(-0.110969 -0.718936 0)
(-0.111157 -0.712176 0)
(-0.100797 -0.700955 0)
(-0.0798985 -0.685254 0)
(-0.0496597 -0.666325 0)
(-0.0121212 -0.645154 0)
(0.0298605 -0.623727 0)
(0.0732832 -0.603407 0)
(0.11479 -0.585943 0)
(0.151412 -0.572629 0)
(0.181141 -0.564131 0)
(0.202943 -0.560555 0)
(0.216623 -0.561566 0)
(0.222613 -0.566526 0)
(0.221724 -0.57463 0)
(0.214937 -0.585018 0)
(0.203234 -0.596854 0)
(0.187501 -0.609367 0)
(0.168487 -0.621868 0)
(0.146809 -0.633751 0)
(0.122974 -0.644492 0)
(0.0974175 -0.653647 0)
(0.0705336 -0.660849 0)
(0.0427012 -0.665812 0)
(0.0142974 -0.668336 0)
(-0.0138495 -0.738183 0)
(-0.0405957 -0.738768 0)
(-0.0650295 -0.739364 0)
(-0.0854575 -0.739207 0)
(-0.0998406 -0.736277 0)
(-0.106253 -0.730557 0)
(-0.10293 -0.720307 0)
(-0.0891357 -0.70519 0)
(-0.0655881 -0.686168 0)
(-0.0334533 -0.6641 0)
(0.00490575 -0.640684 0)
(0.0463418 -0.617428 0)
(0.0880177 -0.595968 0)
(0.12669 -0.577936 0)
(0.159827 -0.564373 0)
(0.185856 -0.555719 0)
(0.204106 -0.551903 0)
(0.214642 -0.552463 0)
(0.218052 -0.556696 0)
(0.215214 -0.563782 0)
(0.207106 -0.572891 0)
(0.194666 -0.58324 0)
(0.178718 -0.594131 0)
(0.159946 -0.604957 0)
(0.138902 -0.615198 0)
(0.116036 -0.624416 0)
(0.0917237 -0.632243 0)
(0.0663047 -0.638381 0)
(0.040098 -0.642602 0)
(0.0134185 -0.644744 0)
(-0.0139376 -0.759242 0)
(-0.0406467 -0.759052 0)
(-0.0645342 -0.758099 0)
(-0.0833671 -0.75559 0)
(-0.0954076 -0.749799 0)
(-0.0988641 -0.740473 0)
(-0.0919309 -0.726245 0)
(-0.0749228 -0.707767 0)
(-0.0487563 -0.685357 0)
(-0.0151884 -0.660493 0)
(0.0232512 -0.635127 0)
(0.0637503 -0.610502 0)
(0.103214 -0.588399 0)
(0.138736 -0.570232 0)
(0.16825 -0.556793 0)
(0.190592 -0.548306 0)
(0.205411 -0.544532 0)
(0.212991 -0.544907 0)
(0.214034 -0.548677 0)
(0.20945 -0.555023 0)
(0.200191 -0.563147 0)
(0.187137 -0.572323 0)
(0.171042 -0.581921 0)
(0.15252 -0.591407 0)
(0.132061 -0.600335 0)
(0.110056 -0.608332 0)
(0.0868339 -0.615097 0)
(0.0626824 -0.620386 0)
(0.0378725 -0.624015 0)
(0.0126679 -0.625854 0)
(-0.0137052 -0.780086 0)
(-0.0397268 -0.778958 0)
(-0.0624016 -0.776118 0)
(-0.0791638 -0.770798 0)
(-0.0883813 -0.761793 0)
(-0.0884 -0.748509 0)
(-0.078141 -0.730271 0)
(-0.0581469 -0.708082 0)
(-0.0297591 -0.68275 0)
(0.0046156 -0.655683 0)
(0.0427934 -0.628609 0)
(0.0817563 -0.603081 0)
(0.118538 -0.58079 0)
(0.150643 -0.562869 0)
(0.176444 -0.549862 0)
(0.195148 -0.541791 0)
(0.206681 -0.538269 0)
(0.2115 -0.538648 0)
(0.210385 -0.542142 0)
(0.204248 -0.547946 0)
(0.193994 -0.555302 0)
(0.180436 -0.563541 0)
(0.164254 -0.572096 0)
(0.145991 -0.580498 0)
(0.126075 -0.588362 0)
(0.104847 -0.595375 0)
(0.0825885 -0.601283 0)
(0.0595457 -0.605889 0)
(0.0359484 -0.609043 0)
(0.0120195 -0.610639 0)
(-0.013082 -0.800319 0)
(-0.0376365 -0.798056 0)
(-0.0583457 -0.792992 0)
(-0.0725075 -0.784479 0)
(-0.0785126 -0.771832 0)
(-0.074972 -0.754363 0)
(-0.0612907 -0.732381 0)
(-0.0389061 -0.706525 0)
(-0.00904279 -0.678574 0)
(0.025844 -0.649571 0)
(0.0631172 -0.62127 0)
(0.0999919 -0.59535 0)
(0.13369 -0.573284 0)
(0.162175 -0.555935 0)
(0.184225 -0.543606 0)
(0.199378 -0.536133 0)
(0.207793 -0.533007 0)
(0.210055 -0.533514 0)
(0.206986 -0.536858 0)
(0.199476 -0.542256 0)
(0.188372 -0.548997 0)
(0.174408 -0.55647 0)
(0.15819 -0.564168 0)
(0.140192 -0.571678 0)
(0.120786 -0.578669 0)
(0.100263 -0.584875 0)
(0.0788647 -0.590085 0)
(0.0568013 -0.594135 0)
(0.0342678 -0.596903 0)
(0.0114538 -0.598301 0)
(-0.0119893 -0.819382 0)
(-0.0341717 -0.815784 0)
(-0.0521088 -0.80823 0)
(-0.0631236 -0.796209 0)
(-0.0655534 -0.779624 0)
(-0.0584981 -0.757944 0)
(-0.0418842 -0.732296 0)
(-0.0173671 -0.703454 0)
(0.0134058 -0.672956 0)
(0.048046 -0.642426 0)
(0.0838871 -0.613382 0)
(0.118124 -0.587539 0)
(0.14841 -0.566063 0)
(0.173136 -0.549551 0)
(0.191451 -0.538085 0)
(0.20318 -0.531335 0)
(0.208666 -0.528692 0)
(0.208582 -0.5294 0)
(0.20376 -0.532667 0)
(0.195047 -0.537746 0)
(0.183221 -0.543977 0)
(0.168939 -0.550806 0)
(0.152728 -0.55778 0)
(0.135001 -0.56454 0)
(0.116073 -0.5708 0)
(0.0961946 -0.576334 0)
(0.0755699 -0.580965 0)
(0.0543785 -0.584555 0)
(0.0327864 -0.587004 0)
(0.0109553 -0.588239 0)
(-0.0103538 -0.836543 0)
(-0.0291821 -0.831423 0)
(-0.0435069 -0.821274 0)
(-0.0508237 -0.805594 0)
(-0.0495094 -0.784978 0)
(-0.0391009 -0.759357 0)
(-0.0199919 -0.730217 0)
(0.00606822 -0.698636 0)
(0.0372101 -0.666197 0)
(0.0709946 -0.634487 0)
(0.104716 -0.605249 0)
(0.135854 -0.579905 0)
(0.16248 -0.559328 0)
(0.183379 -0.543861 0)
(0.198031 -0.533383 0)
(0.206497 -0.527425 0)
(0.209259 -0.525304 0)
(0.207042 -0.526242 0)
(0.20066 -0.529469 0)
(0.190904 -0.534279 0)
(0.178474 -0.540066 0)
(0.163947 -0.546334 0)
(0.147781 -0.552681 0)
(0.130325 -0.558795 0)
(0.111847 -0.56443 0)
(0.0925594 -0.569392 0)
(0.0726342 -0.573532 0)
(0.0522239 -0.576734 0)
(0.031471 -0.578916 0)
(0.010513 -0.580014 0)
(-0.00810802 -0.850874 0)
(-0.0225974 -0.844198 0)
(-0.03253 -0.831463 0)
(-0.0356115 -0.81225 0)
(-0.0305082 -0.787761 0)
(-0.0169936 -0.75853 0)
(0.00413679 -0.726286 0)
(0.0311542 -0.692356 0)
(0.0620243 -0.658385 0)
(0.0942374 -0.626134 0)
(0.125254 -0.597203 0)
(0.152927 -0.572722 0)
(0.175727 -0.553291 0)
(0.1928 -0.539015 0)
(0.203908 -0.529595 0)
(0.209303 -0.524452 0)
(0.209562 -0.52285 0)
(0.205425 -0.524015 0)
(0.197669 -0.527206 0)
(0.187015 -0.531768 0)
(0.174085 -0.537152 0)
(0.159378 -0.542914 0)
(0.143284 -0.548703 0)
(0.126097 -0.554247 0)
(0.108042 -0.559334 0)
(0.0892962 -0.563798 0)
(0.0700051 -0.567514 0)
(0.0502981 -0.570383 0)
(0.0302963 -0.572334 0)
(0.0101183 -0.573315 0)
(-0.00529399 -0.861339 0)
(-0.0144687 -0.85337 0)
(-0.0192905 -0.838011 0)
(-0.0176996 -0.815696 0)
(-0.00879297 -0.787759 0)
(0.00749264 -0.755455 0)
(0.0301627 -0.720598 0)
(0.0575309 -0.684823 0)
(0.0873989 -0.649966 0)
(0.117364 -0.617766 0)
(0.145197 -0.589581 0)
(0.169134 -0.566267 0)
(0.188026 -0.548163 0)
(0.201338 -0.535163 0)
(0.209068 -0.526819 0)
(0.211608 -0.522469 0)
(0.20959 -0.521354 0)
(0.203741 -0.522713 0)
(0.194784 -0.525851 0)
(0.183366 -0.530167 0)
(0.170027 -0.535168 0)
(0.155193 -0.54046 0)
(0.139192 -0.545739 0)
(0.122268 -0.550768 0)
(0.104609 -0.555364 0)
(0.0863597 -0.559387 0)
(0.067644 -0.562727 0)
(0.0485709 -0.565303 0)
(0.0292438 -0.567053 0)
(0.00976481 -0.567932 0)
(-0.00206793 -0.866893 0)
(-0.00491534 -0.857878 0)
(-0.0039741 -0.840292 0)
(0.00247705 -0.815455 0)
(0.0151506 -0.784762 0)
(0.0339091 -0.750046 0)
(0.0576695 -0.713255 0)
(0.0846863 -0.676394 0)
(0.112847 -0.64137 0)
(0.140002 -0.609772 0)
(0.164285 -0.58272 0)
(0.184317 -0.560809 0)
(0.1993 -0.544148 0)
(0.208976 -0.53245 0)
(0.213529 -0.525151 0)
(0.213446 -0.521537 0)
(0.209377 -0.520846 0)
(0.202016 -0.52235 0)
(0.192019 -0.525402 0)
(0.179954 -0.529459 0)
(0.166284 -0.534082 0)
(0.151366 -0.538927 0)
(0.135472 -0.543728 0)
(0.118802 -0.548282 0)
(0.10151 -0.55243 0)
(0.0837155 -0.556053 0)
(0.0655215 -0.559056 0)
(0.04702 -0.561369 0)
(0.0282996 -0.562939 0)
(0.00944773 -0.563727 0)
(0.00154004 -0.866509 0)
(0.00569442 -0.856667 0)
(0.0128639 -0.837666 0)
(0.0243893 -0.811003 0)
(0.0407829 -0.778462 0)
(0.0616892 -0.742202 0)
(0.0859842 -0.704476 0)
(0.112013 -0.667445 0)
(0.137892 -0.63298 0)
(0.161814 -0.602508 0)
(0.182305 -0.576924 0)
(0.198368 -0.556593 0)
(0.209519 -0.54143 0)
(0.215735 -0.531007 0)
(0.217338 -0.524683 0)
(0.214871 -0.521718 0)
(0.208974 -0.521369 0)
(0.200288 -0.522951 0)
(0.189396 -0.525873 0)
(0.176788 -0.529648 0)
(0.162851 -0.53389 0)
(0.147882 -0.538299 0)
(0.132102 -0.542645 0)
(0.115673 -0.546751 0)
(0.0987186 -0.550484 0)
(0.081338 -0.553738 0)
(0.0636152 -0.556433 0)
(0.0456282 -0.558505 0)
(0.0274525 -0.559912 0)
(0.00916347 -0.560618 0)
(0.00539171 -0.859206 0)
(0.0169459 -0.848945 0)
(0.0306373 -0.829268 0)
(0.0473502 -0.801762 0)
(0.0672968 -0.768531 0)
(0.0899844 -0.731963 0)
(0.114329 -0.694471 0)
(0.138874 -0.658252 0)
(0.162062 -0.625095 0)
(0.182487 -0.59626 0)
(0.199084 -0.572442 0)
(0.211218 -0.553821 0)
(0.218691 -0.540165 0)
(0.221668 -0.530951 0)
(0.220568 -0.525499 0)
(0.215957 -0.523075 0)
(0.208442 -0.522971 0)
(0.198603 -0.524555 0)
(0.186944 -0.527294 0)
(0.173879 -0.530757 0)
(0.159728 -0.534607 0)
(0.144731 -0.538584 0)
(0.129066 -0.542488 0)
(0.112861 -0.546169 0)
(0.0962146 -0.54951 0)
(0.0792072 -0.552419 0)
(0.0619083 -0.554826 0)
(0.0443829 -0.556677 0)
(0.0266949 -0.557933 0)
(0.00890911 -0.558562 0)
(0.00931747 -0.84412 0)
(0.0283857 -0.833919 0)
(0.0486256 -0.814419 0)
(0.0704245 -0.787293 0)
(0.0936861 -0.754759 0)
(0.117821 -0.719284 0)
(0.14185 -0.683301 0)
(0.164593 -0.648945 0)
(0.184876 -0.617877 0)
(0.20172 -0.591194 0)
(0.21447 -0.569428 0)
(0.22283 -0.552625 0)
(0.226852 -0.540459 0)
(0.226849 -0.532369 0)
(0.223307 -0.527673 0)
(0.216787 -0.52567 0)
(0.207852 -0.525706 0)
(0.197012 -0.52721 0)
(0.184696 -0.529709 0)
(0.171245 -0.532827 0)
(0.156919 -0.536269 0)
(0.141909 -0.539811 0)
(0.126353 -0.543282 0)
(0.110351 -0.546551 0)
(0.0939822 -0.549516 0)
(0.0773088 -0.552098 0)
(0.060388 -0.554234 0)
(0.0432737 -0.555877 0)
(0.0260203 -0.556991 0)
(0.0086828 -0.557549 0)
(0.0131236 -0.820664 0)
(0.0394582 -0.811045 0)
(0.0659773 -0.792696 0)
(0.0925687 -0.767261 0)
(0.118842 -0.736902 0)
(0.144143 -0.704 0)
(0.16764 -0.67086 0)
(0.188459 -0.63946 0)
(0.205832 -0.611294 0)
(0.219207 -0.587301 0)
(0.228315 -0.567889 0)
(0.233173 -0.553022 0)
(0.234043 -0.542343 0)
(0.231358 -0.535298 0)
(0.225645 -0.531248 0)
(0.217447 -0.529554 0)
(0.207275 -0.52963 0)
(0.195569 -0.530975 0)
(0.182687 -0.533178 0)
(0.168907 -0.535912 0)
(0.154434 -0.538927 0)
(0.139416 -0.542028 0)
(0.123957 -0.545069 0)
(0.108136 -0.547934 0)
(0.0920107 -0.550535 0)
(0.0756319 -0.552802 0)
(0.0590445 -0.554678 0)
(0.0422935 -0.556122 0)
(0.0254238 -0.557102 0)
(0.00848255 -0.557593 0)
(0.0166078 -0.788665 0)
(0.0495836 -0.780144 0)
(0.0818111 -0.763909 0)
(0.112712 -0.741449 0)
(0.141633 -0.714713 0)
(0.167876 -0.685834 0)
(0.190766 -0.656855 0)
(0.209738 -0.629509 0)
(0.224407 -0.605079 0)
(0.234617 -0.584348 0)
(0.24045 -0.567635 0)
(0.242191 -0.554872 0)
(0.240285 -0.545721 0)
(0.235258 -0.539688 0)
(0.22766 -0.536213 0)
(0.218013 -0.534744 0)
(0.206775 -0.534783 0)
(0.194323 -0.535904 0)
(0.180954 -0.537762 0)
(0.166888 -0.540082 0)
(0.152284 -0.542649 0)
(0.137254 -0.545301 0)
(0.121877 -0.547909 0)
(0.106208 -0.550375 0)
(0.0902931 -0.552618 0)
(0.0741688 -0.554577 0)
(0.0578712 -0.556203 0)
(0.0414365 -0.557455 0)
(0.0249022 -0.558305 0)
(0.00830747 -0.558731 0)
(0.0195821 -0.748411 0)
(0.0582224 -0.741439 0)
(0.0953062 -0.728162 0)
(0.129856 -0.70981 0)
(0.160994 -0.687985 0)
(0.187995 -0.664436 0)
(0.21033 -0.640831 0)
(0.227701 -0.618575 0)
(0.240059 -0.598702 0)
(0.247585 -0.58184 0)
(0.250655 -0.568233 0)
(0.249781 -0.55782 0)
(0.24555 -0.550328 0)
(0.238565 -0.545355 0)
(0.229392 -0.542455 0)
(0.218531 -0.541189 0)
(0.206395 -0.541159 0)
(0.193311 -0.542027 0)
(0.179521 -0.543515 0)
(0.165204 -0.545401 0)
(0.150479 -0.54751 0)
(0.135429 -0.549706 0)
(0.120112 -0.55188 0)
(0.104567 -0.553947 0)
(0.0888254 -0.555837 0)
(0.0729153 -0.557493 0)
(0.056864 -0.558872 0)
(0.0406998 -0.559936 0)
(0.0244533 -0.56066 0)
(0.00815668 -0.561023 0)
(0.0218922 -0.700651 0)
(0.0649314 -0.69557 0)
(0.105785 -0.685894 0)
(0.143164 -0.672519 0)
(0.176023 -0.656611 0)
(0.203615 -0.639439 0)
(0.225525 -0.622212 0)
(0.241668 -0.605947 0)
(0.252249 -0.591394 0)
(0.25771 -0.57901 0)
(0.258653 -0.568977 0)
(0.255762 -0.56126 0)
(0.249732 -0.555667 0)
(0.241224 -0.551919 0)
(0.230818 -0.549704 0)
(0.218995 -0.548711 0)
(0.20614 -0.548657 0)
(0.192538 -0.5493 0)
(0.178397 -0.550437 0)
(0.16386 -0.551901 0)
(0.149021 -0.553561 0)
(0.133942 -0.555309 0)
(0.118662 -0.557056 0)
(0.10321 -0.55873 0)
(0.0876052 -0.560271 0)
(0.0718688 -0.561629 0)
(0.0560201 -0.562765 0)
(0.0400812 -0.563644 0)
(0.0240757 -0.564244 0)
(0.00802974 -0.564545 0)
(0.0234334 -0.646567 0)
(0.0694078 -0.643576 0)
(0.112778 -0.637881 0)
(0.152051 -0.630009 0)
(0.186067 -0.620646 0)
(0.214068 -0.610536 0)
(0.235714 -0.600388 0)
(0.251058 -0.590795 0)
(0.260475 -0.582197 0)
(0.264575 -0.574863 0)
(0.264108 -0.568905 0)
(0.259869 -0.564312 0)
(0.25263 -0.56098 0)
(0.243084 -0.558755 0)
(0.231824 -0.557465 0)
(0.219324 -0.556937 0)
(0.205948 -0.557011 0)
(0.191962 -0.557545 0)
(0.17755 -0.558419 0)
(0.162835 -0.55953 0)
(0.147896 -0.560791 0)
(0.132781 -0.562127 0)
(0.117519 -0.563474 0)
(0.10213 -0.564775 0)
(0.0866277 -0.565983 0)
(0.0710252 -0.567054 0)
(0.0553368 -0.567955 0)
(0.0395784 -0.568656 0)
(0.0237682 -0.569135 0)
(0.00792627 -0.569375 0)
(0.0241595 -0.587701 0)
(0.0715159 -0.586841 0)
(0.116069 -0.585212 0)
(0.156228 -0.582979 0)
(0.190783 -0.580356 0)
(0.21897 -0.577566 0)
(0.240488 -0.574817 0)
(0.255455 -0.572278 0)
(0.264324 -0.570067 0)
(0.267784 -0.568249 0)
(0.26665 -0.566848 0)
(0.261768 -0.565854 0)
(0.253944 -0.565238 0)
(0.243888 -0.56496 0)
(0.232195 -0.564973 0)
(0.21934 -0.565238 0)
(0.205679 -0.565716 0)
(0.19147 -0.566371 0)
(0.176893 -0.567168 0)
(0.162062 -0.568072 0)
(0.147053 -0.569048 0)
(0.131909 -0.570061 0)
(0.116655 -0.571075 0)
(0.101308 -0.572055 0)
(0.0858778 -0.572966 0)
(0.0703741 -0.573779 0)
(0.0548065 -0.574464 0)
(0.0391867 -0.575 0)
(0.0235279 -0.575367 0)
(0.0078453 -0.575551 0)
(0.0240852 -0.52584 0)
(0.0712946 -0.526999 0)
(0.115706 -0.529233 0)
(0.155733 -0.532387 0)
(0.190171 -0.536251 0)
(0.218267 -0.540583 0)
(0.239722 -0.545134 0)
(0.254659 -0.549674 0)
(0.263529 -0.554008 0)
(0.267015 -0.557992 0)
(0.265923 -0.561535 0)
(0.261089 -0.564601 0)
(0.253308 -0.567199 0)
(0.243286 -0.56937 0)
(0.231613 -0.571177 0)
(0.218761 -0.572689 0)
(0.20509 -0.573977 0)
(0.190862 -0.575105 0)
(0.176261 -0.576123 0)
(0.16141 -0.577067 0)
(0.146389 -0.57796 0)
(0.131245 -0.578811 0)
(0.116008 -0.579619 0)
(0.100697 -0.580377 0)
(0.085321 -0.581069 0)
(0.0698897 -0.58168 0)
(0.0544111 -0.582193 0)
(0.038894 -0.582593 0)
(0.0233481 -0.582868 0)
(0.00778465 -0.583004 0)
(0.0232815 -0.462891 0)
(0.068945 -0.46582 0)
(0.111986 -0.47146 0)
(0.15091 -0.479399 0)
(0.184572 -0.489092 0)
(0.212238 -0.499916 0)
(0.233599 -0.511246 0)
(0.24873 -0.522507 0)
(0.258021 -0.533222 0)
(0.26208 -0.543039 0)
(0.261641 -0.55174 0)
(0.257476 -0.559224 0)
(0.250329 -0.565498 0)
(0.240873 -0.570641 0)
(0.22968 -0.574785 0)
(0.217217 -0.578082 0)
(0.203848 -0.580689 0)
(0.189844 -0.582753 0)
(0.175406 -0.584401 0)
(0.16067 -0.585739 0)
(0.145731 -0.586848 0)
(0.130651 -0.587786 0)
(0.115469 -0.588592 0)
(0.10021 -0.589291 0)
(0.08489 -0.589894 0)
(0.0695218 -0.590404 0)
(0.0541142 -0.590821 0)
(0.0386755 -0.59114 0)
(0.0232143 -0.591356 0)
(0.0077396 -0.591462 0)
(0.0218653 -0.400726 0)
(0.0648008 -0.405077 0)
(0.105414 -0.413472 0)
(0.14237 -0.425327 0)
(0.174622 -0.439862 0)
(0.201477 -0.456186 0)
(0.222602 -0.473394 0)
(0.238004 -0.490646 0)
(0.247968 -0.507235 0)
(0.252981 -0.52262 0)
(0.253657 -0.536443 0)
(0.250662 -0.548517 0)
(0.244655 -0.558802 0)
(0.236246 -0.567371 0)
(0.225973 -0.574376 0)
(0.214286 -0.580012 0)
(0.20155 -0.584492 0)
(0.188049 -0.588022 0)
(0.173998 -0.590793 0)
(0.159556 -0.592968 0)
(0.144837 -0.594682 0)
(0.129923 -0.596042 0)
(0.114868 -0.597131 0)
(0.0997102 -0.598007 0)
(0.0844771 -0.598712 0)
(0.069187 -0.599274 0)
(0.0538538 -0.599711 0)
(0.0384889 -0.600032 0)
(0.0231019 -0.600245 0)
(0.00770202 -0.600348 0)
(0.0199834 -0.341051 0)
(0.0592851 -0.346421 0)
(0.0966394 -0.356806 0)
(0.13091 -0.371538 0)
(0.161185 -0.38971 0)
(0.186825 -0.410279 0)
(0.207482 -0.432169 0)
(0.223082 -0.454368 0)
(0.233788 -0.476 0)
(0.239944 -0.496372 0)
(0.242014 -0.514992 0)
(0.240531 -0.53157 0)
(0.23604 -0.545988 0)
(0.22907 -0.558271 0)
(0.220099 -0.568547 0)
(0.20955 -0.577011 0)
(0.197776 -0.58389 0)
(0.185069 -0.589422 0)
(0.171658 -0.593835 0)
(0.157723 -0.597335 0)
(0.143402 -0.600102 0)
(0.128795 -0.602284 0)
(0.11398 -0.604004 0)
(0.0990113 -0.605355 0)
(0.0839296 -0.606412 0)
(0.0687648 -0.607228 0)
(0.0535395 -0.607842 0)
(0.0382709 -0.608283 0)
(0.0229735 -0.608567 0)
(0.0076596 -0.608704 0)
(0.0177956 -0.285296 0)
(0.0528605 -0.291267 0)
(0.086379 -0.302849 0)
(0.117433 -0.319361 0)
(0.145261 -0.33987 0)
(0.169298 -0.36329 0)
(0.189187 -0.388483 0)
(0.204785 -0.414356 0)
(0.216134 -0.439935 0)
(0.223429 -0.464422 0)
(0.22698 -0.487217 0)
(0.22717 -0.507921 0)
(0.224418 -0.526322 0)
(0.219149 -0.542367 0)
(0.211771 -0.556122 0)
(0.202659 -0.567741 0)
(0.192144 -0.57743 0)
(0.180511 -0.585422 0)
(0.168 -0.591954 0)
(0.154806 -0.597253 0)
(0.141087 -0.601524 0)
(0.126966 -0.604947 0)
(0.11254 -0.607675 0)
(0.0978853 -0.609835 0)
(0.0830581 -0.611528 0)
(0.0681032 -0.612834 0)
(0.0530545 -0.613814 0)
(0.0379397 -0.614514 0)
(0.0227805 -0.614963 0)
(0.0075962 -0.615181 0)
(0.015458 -0.234535 0)
(0.0459816 -0.240717 0)
(0.0753478 -0.252748 0)
(0.102853 -0.269989 0)
(0.127892 -0.291563 0)
(0.149982 -0.316431 0)
(0.16878 -0.343488 0)
(0.184087 -0.371643 0)
(0.195843 -0.399899 0)
(0.20411 -0.427405 0)
(0.209047 -0.453485 0)
(0.210893 -0.477651 0)
(0.209933 -0.499593 0)
(0.206485 -0.519161 0)
(0.200869 -0.536338 0)
(0.193401 -0.551205 0)
(0.184376 -0.563916 0)
(0.174061 -0.574665 0)
(0.162691 -0.583671 0)
(0.15047 -0.591151 0)
(0.13757 -0.597317 0)
(0.124133 -0.602363 0)
(0.110275 -0.606459 0)
(0.0960908 -0.609754 0)
(0.0816564 -0.612371 0)
(0.0670322 -0.61441 0)
(0.0522669 -0.615952 0)
(0.0374005 -0.617059 0)
(0.0224662 -0.617773 0)
(0.00749294 -0.618121 0)
(0.0131097 -0.18946 0)
(0.0390565 -0.195522 0)
(0.0641942 -0.207355 0)
(0.0880158 -0.224405 0)
(0.110063 -0.245903 0)
(0.129944 -0.270924 0)
(0.147343 -0.298464 0)
(0.162032 -0.327512 0)
(0.173872 -0.357108 0)
(0.182817 -0.386404 0)
(0.1889 -0.414689 0)
(0.192226 -0.441412 0)
(0.192957 -0.466178 0)
(0.1913 -0.488745 0)
(0.187485 -0.508999 0)
(0.181757 -0.526932 0)
(0.174363 -0.542621 0)
(0.165539 -0.556199 0)
(0.155506 -0.567835 0)
(0.144463 -0.577717 0)
(0.132589 -0.586039 0)
(0.120037 -0.592986 0)
(0.106939 -0.598732 0)
(0.093405 -0.60343 0)
(0.0795291 -0.607217 0)
(0.0653881 -0.610205 0)
(0.0510469 -0.612489 0)
(0.0365598 -0.614139 0)
(0.0219739 -0.615211 0)
(0.00733081 -0.615736 0)
(0.0108641 -0.15039 0)
(0.0324193 -0.156071 0)
(0.0534569 -0.1672 0)
(0.0736379 -0.183324 0)
(0.0926359 -0.20381 0)
(0.110146 -0.227886 0)
(0.125892 -0.254698 0)
(0.139641 -0.28336 0)
(0.151209 -0.313006 0)
(0.160469 -0.342837 0)
(0.167357 -0.372152 0)
(0.171869 -0.400369 0)
(0.17406 -0.427036 0)
(0.174031 -0.45183 0)
(0.171927 -0.474547 0)
(0.167919 -0.495088 0)
(0.162195 -0.513439 0)
(0.154951 -0.529656 0)
(0.146382 -0.543842 0)
(0.136673 -0.556133 0)
(0.125998 -0.566683 0)
(0.114513 -0.575651 0)
(0.102359 -0.583194 0)
(0.0896599 -0.589458 0)
(0.0765214 -0.594575 0)
(0.0630365 -0.598663 0)
(0.0492852 -0.601816 0)
(0.0353373 -0.604114 0)
(0.0212546 -0.605613 0)
(0.00709344 -0.606352 0)
(0.00880388 -0.117307 0)
(0.0263165 -0.122431 0)
(0.0435397 -0.1325 0)
(0.0602693 -0.147171 0)
(0.0762899 -0.165955 0)
(0.0913761 -0.188246 0)
(0.1053 -0.213358 0)
(0.11784 -0.240558 0)
(0.128795 -0.269111 0)
(0.137991 -0.298304 0)
(0.145297 -0.327484 0)
(0.150629 -0.356077 0)
(0.153955 -0.383604 0)
(0.155291 -0.409686 0)
(0.1547 -0.434045 0)
(0.152281 -0.4565 0)
(0.148164 -0.476949 0)
(0.142497 -0.495364 0)
(0.135439 -0.511774 0)
(0.127152 -0.526248 0)
(0.117797 -0.538885 0)
(0.107524 -0.549802 0)
(0.0964748 -0.559121 0)
(0.084779 -0.566967 0)
(0.0725528 -0.573456 0)
(0.0599005 -0.578693 0)
(0.0469156 -0.582769 0)
(0.0336821 -0.58576 0)
(0.0202765 -0.587722 0)
(0.00676988 -0.588692 0)
(0.00698132 -0.0899231 0)
(0.0209053 -0.094387 0)
(0.0347065 -0.10319 0)
(0.0482825 -0.116089 0)
(0.0615053 -0.132732 0)
(0.0742194 -0.152672 0)
(0.0862449 -0.17539 0)
(0.0973863 -0.200317 0)
(0.107444 -0.226857 0)
(0.116229 -0.254413 0)
(0.123571 -0.282408 0)
(0.129337 -0.310309 0)
(0.13343 -0.337642 0)
(0.135802 -0.364003 0)
(0.136447 -0.389065 0)
(0.135403 -0.412581 0)
(0.13274 -0.434376 0)
(0.128557 -0.454344 0)
(0.122975 -0.472437 0)
(0.116126 -0.488653 0)
(0.108146 -0.503029 0)
(0.0991763 -0.515627 0)
(0.0893499 -0.526525 0)
(0.0787959 -0.535812 0)
(0.0676347 -0.543575 0)
(0.055978 -0.5499 0)
(0.0439291 -0.554861 0)
(0.0315839 -0.558524 0)
(0.0190317 -0.560937 0)
(0.00635733 -0.562133 0)
(0.00542074 -0.0677497 0)
(0.0162614 -0.07152 0)
(0.0270916 -0.078981 0)
(0.0378801 -0.0899741 0)
(0.0485645 -0.104265 0)
(0.0590458 -0.121551 0)
(0.0691898 -0.141463 0)
(0.0788336 -0.163585 0)
(0.0877959 -0.187463 0)
(0.0958892 -0.21262 0)
(0.102933 -0.238576 0)
(0.108768 -0.264861 0)
(0.113261 -0.291036 0)
(0.116318 -0.316702 0)
(0.117883 -0.341511 0)
(0.117941 -0.365174 0)
(0.116512 -0.387462 0)
(0.113651 -0.408205 0)
(0.109436 -0.427287 0)
(0.103966 -0.444641 0)
(0.0973532 -0.460239 0)
(0.0897157 -0.474084 0)
(0.0811764 -0.486205 0)
(0.0718569 -0.496645 0)
(0.0618757 -0.505457 0)
(0.0513471 -0.512695 0)
(0.0403798 -0.518412 0)
(0.0290776 -0.522656 0)
(0.0175397 -0.525463 0)
(0.00586199 -0.526859 0)
(0.00412379 -0.0501762 0)
(0.0123932 -0.0532708 0)
(0.0207203 -0.0594153 0)
(0.0291196 -0.0685186 0)
(0.0375738 -0.0804417 0)
(0.0460275 -0.0949961 0)
(0.0543868 -0.111944 0)
(0.0625231 -0.131001 0)
(0.0702813 -0.15184 0)
(0.0774909 -0.174104 0)
(0.0839781 -0.19741 0)
(0.0895769 -0.22137 0)
(0.0941401 -0.245597 0)
(0.0975474 -0.269722 0)
(0.0997107 -0.293402 0)
(0.100577 -0.316335 0)
(0.100126 -0.338259 0)
(0.0983737 -0.35896 0)
(0.0953605 -0.37827 0)
(0.091152 -0.396066 0)
(0.0858318 -0.412261 0)
(0.0794964 -0.426806 0)
(0.0722509 -0.439677 0)
(0.0642051 -0.450872 0)
(0.0554707 -0.460401 0)
(0.0461591 -0.468287 0)
(0.0363799 -0.474555 0)
(0.0262404 -0.47923 0)
(0.0158457 -0.482333 0)
(0.00529873 -0.483879 0)
(0.00307535 -0.0365359 0)
(0.00925914 -0.0390089 0)
(0.0155354 -0.0439356 0)
(0.0219444 -0.0512743 0)
(0.0284973 -0.0609567 0)
(0.0351703 -0.0728828 0)
(0.0419022 -0.0869154 0)
(0.0485966 -0.102878 0)
(0.0551284 -0.120553 0)
(0.0613517 -0.139687 0)
(0.0671101 -0.159994 0)
(0.0722471 -0.181166 0)
(0.0766157 -0.202881 0)
(0.0800866 -0.224816 0)
(0.0825549 -0.246655 0)
(0.0839439 -0.268104 0)
(0.0842068 -0.288893 0)
(0.0833267 -0.308786 0)
(0.0813143 -0.327581 0)
(0.0782049 -0.345113 0)
(0.074055 -0.361253 0)
(0.0689374 -0.375903 0)
(0.0629376 -0.388994 0)
(0.0561505 -0.40048 0)
(0.0486765 -0.410335 0)
(0.0406199 -0.418546 0)
(0.0320865 -0.425108 0)
(0.0231828 -0.430024 0)
(0.0140151 -0.433297 0)
(0.00468923 -0.434932 0)
(0.00224948 -0.0261611 0)
(0.00678496 -0.0280884 0)
(0.0114244 -0.0319405 0)
(0.0162193 -0.037709 0)
(0.0211968 -0.0453745 0)
(0.0263536 -0.0548989 0)
(0.0316538 -0.066219 0)
(0.0370293 -0.0792398 0)
(0.0423838 -0.0938308 0)
(0.0475986 -0.109825 0)
(0.0525413 -0.127021 0)
(0.0570732 -0.145187 0)
(0.0610584 -0.164068 0)
(0.0643713 -0.183394 0)
(0.0669026 -0.202892 0)
(0.0685646 -0.222291 0)
(0.069294 -0.241332 0)
(0.0690528 -0.259777 0)
(0.0678285 -0.27741 0)
(0.0656322 -0.294042 0)
(0.0624963 -0.309516 0)
(0.0584714 -0.3237 0)
(0.0536235 -0.336488 0)
(0.0480303 -0.3478 0)
(0.041779 -0.357574 0)
(0.0349631 -0.365768 0)
(0.0276809 -0.37235 0)
(0.0200339 -0.3773 0)
(0.0121252 -0.380606 0)
(0.00405922 -0.38226 0)
(0.00161464 -0.0184247 0)
(0.00487896 -0.0198914 0)
(0.008244 -0.0228324 0)
(0.0117629 -0.0272594 0)
(0.0154693 -0.0331832 0)
(0.0193724 -0.0406063 0)
(0.0234543 -0.0495149 0)
(0.0276698 -0.0598717 0)
(0.031948 -0.0716102 0)
(0.0361971 -0.0846314 0)
(0.0403097 -0.0988024 0)
(0.0441696 -0.113959 0)
(0.0476583 -0.129909 0)
(0.0506615 -0.146438 0)
(0.0530752 -0.163319 0)
(0.0548104 -0.180316 0)
(0.0557966 -0.197194 0)
(0.055984 -0.213729 0)
(0.0553445 -0.229708 0)
(0.0538713 -0.244936 0)
(0.0515778 -0.25924 0)
(0.0484956 -0.272469 0)
(0.0446724 -0.284495 0)
(0.0401693 -0.295212 0)
(0.0350587 -0.304533 0)
(0.0294218 -0.31239 0)
(0.0233464 -0.318732 0)
(0.0169255 -0.323518 0)
(0.0102555 -0.326724 0)
(0.00343525 -0.32833 0)
(0.00113786 -0.0127659 0)
(0.00344442 -0.0138571 0)
(0.00584029 -0.016052 0)
(0.00837447 -0.0193729 0)
(0.0110812 -0.0238467 0)
(0.0139759 -0.029499 0)
(0.0170527 -0.0363459 0)
(0.0202834 -0.0443876 0)
(0.0236185 -0.0536015 0)
(0.0269898 -0.0639378 0)
(0.030314 -0.0753171 0)
(0.0334978 -0.0876299 0)
(0.0364425 -0.100739 0)
(0.03905 -0.114481 0)
(0.0412271 -0.128675 0)
(0.0428905 -0.143127 0)
(0.0439699 -0.157633 0)
(0.044411 -0.171992 0)
(0.0441773 -0.186006 0)
(0.0432501 -0.199488 0)
(0.041629 -0.212265 0)
(0.0393305 -0.224179 0)
(0.0363868 -0.235091 0)
(0.0328439 -0.244881 0)
(0.0287597 -0.253447 0)
(0.0242021 -0.260705 0)
(0.0192471 -0.266588 0)
(0.0139768 -0.271044 0)
(0.00847828 -0.274034 0)
(0.00284151 -0.275535 0)
(0.000787612 -0.00870383 0)
(0.00238842 -0.00949831 0)
(0.00406365 -0.0111013 0)
(0.00585532 -0.0135385 0)
(0.00779475 -0.0168437 0)
(0.00989932 -0.0210526 0)
(0.0121703 -0.0261972 0)
(0.0145919 -0.0322987 0)
(0.017131 -0.0393621 0)
(0.0197389 -0.0473711 0)
(0.0223536 -0.0562844 0)
(0.0249028 -0.066035 0)
(0.0273081 -0.0765294 0)
(0.0294885 -0.0876502 0)
(0.0313648 -0.0992588 0)
(0.0328635 -0.1112 0)
(0.0339196 -0.123307 0)
(0.03448 -0.135407 0)
(0.0345051 -0.147325 0)
(0.0339699 -0.15889 0)
(0.032865 -0.16994 0)
(0.0311959 -0.180321 0)
(0.0289823 -0.189896 0)
(0.0262573 -0.198539 0)
(0.0230657 -0.206143 0)
(0.0194624 -0.212617 0)
(0.0155111 -0.217884 0)
(0.0112821 -0.221885 0)
(0.00685108 -0.224577 0)
(0.0022974 -0.22593 0)
(0.000535724 -0.00584097 0)
(0.00162742 -0.00640752 0)
(0.00277822 -0.00755405 0)
(0.00402231 -0.00930575 0)
(0.00538631 -0.0116964 0)
(0.00688698 -0.0147641 0)
(0.00852937 -0.0185463 0)
(0.0103057 -0.0230741 0)
(0.0121953 -0.0283675 0)
(0.0141645 -0.0344305 0)
(0.0161688 -0.0412479 0)
(0.0181542 -0.0487827 0)
(0.0200604 -0.0569758 0)
(0.0218235 -0.0657459 0)
(0.0233788 -0.0749916 0)
(0.0246643 -0.0845941 0)
(0.0256236 -0.0944208 0)
(0.0262081 -0.10433 0)
(0.0263793 -0.114173 0)
(0.0261103 -0.123802 0)
(0.0253865 -0.133071 0)
(0.0242062 -0.14184 0)
(0.0225798 -0.149979 0)
(0.0205301 -0.157369 0)
(0.0180904 -0.163903 0)
(0.0153039 -0.169489 0)
(0.0122223 -0.174051 0)
(0.00890393 -0.177527 0)
(0.0054126 -0.179869 0)
(0.00181598 -0.181048 0)
(0.000358226 -0.00385908 0)
(0.00109009 -0.0042551 0)
(0.0018671 -0.0050589 0)
(0.00271586 -0.00629273 0)
(0.00365786 -0.00798706 0)
(0.00470782 -0.0101774 0)
(0.00587224 -0.0129002 0)
(0.00714844 -0.0161891 0)
(0.00852403 -0.0200703 0)
(0.00997695 -0.0245586 0)
(0.0114761 -0.0296547 0)
(0.0129827 -0.0353422 0)
(0.0144518 -0.0415862 0)
(0.0158344 -0.0483336 0)
(0.0170799 -0.055513 0)
(0.0181382 -0.0630369 0)
(0.0189622 -0.0708035 0)
(0.0195101 -0.0787004 0)
(0.0197471 -0.0866073 0)
(0.0196472 -0.0944002 0)
(0.0191939 -0.101954 0)
(0.0183811 -0.109147 0)
(0.0172132 -0.115862 0)
(0.0157046 -0.121992 0)
(0.0138796 -0.127436 0)
(0.0117711 -0.13211 0)
(0.00941976 -0.135939 0)
(0.00687267 -0.138864 0)
(0.00418205 -0.140839 0)
(0.00140383 -0.141834 0)
(0.000235577 -0.00251082 0)
(0.000718077 -0.00278237 0)
(0.00123392 -0.0033351 0)
(0.00180308 -0.00418742 0)
(0.00244217 -0.00536487 0)
(0.00316333 -0.00689787 0)
(0.00397309 -0.00881883 0)
(0.0048716 -0.011159 0)
(0.00585205 -0.0139454 0)
(0.00690048 -0.0171972 0)
(0.00799601 -0.0209235 0)
(0.00911142 -0.0251205 0)
(0.0102143 -0.0297702 0)
(0.0112684 -0.0348397 0)
(0.0122352 -0.0402809 0)
(0.0130757 -0.0460314 0)
(0.0137523 -0.0520159 0)
(0.0142305 -0.0581482 0)
(0.0144805 -0.0643338 0)
(0.0144791 -0.0704727 0)
(0.01421 -0.0764622 0)
(0.0136652 -0.0821997 0)
(0.012845 -0.0875857 0)
(0.0117582 -0.0925257 0)
(0.0104216 -0.096933 0)
(0.00885964 -0.10073 0)
(0.00710359 -0.103851 0)
(0.00519034 -0.10624 0)
(0.00316142 -0.107856 0)
(0.00106174 -0.108671 0)
(0.000152419 -0.00160914 0)
(0.000465369 -0.0017919 0)
(0.000802223 -0.00216496 0)
(0.0011775 -0.00274276 0)
(0.00160362 -0.00354562 0)
(0.00209009 -0.00459811 0)
(0.00264273 -0.00592708 0)
(0.00326305 -0.00755938 0)
(0.00394772 -0.00951945 0)
(0.00468829 -0.0118269 0)
(0.00547116 -0.0144941 0)
(0.00627786 -0.0175245 0)
(0.00708563 -0.0209107 0)
(0.00786839 -0.0246337 0)
(0.00859776 -0.0286625 0)
(0.00924431 -0.0329542 0)
(0.00977895 -0.0374547 0)
(0.0101744 -0.0421 0)
(0.0104064 -0.0468183 0)
(0.0104551 -0.0515315 0)
(0.010306 -0.0561579 0)
(0.00995071 -0.0606146 0)
(0.00938721 -0.0648196 0)
(0.00862032 -0.0686941 0)
(0.00766145 -0.0721646 0)
(0.00652825 -0.0751651 0)
(0.00524402 -0.0776378 0)
(0.00383698 -0.0795352 0)
(0.00233928 -0.0808208 0)
(0.000786002 -0.0814698 0)
(9.70592e-05 -0.00101607 0)
(0.000296824 -0.00113689 0)
(0.000513274 -0.00138417 0)
(0.000756676 -0.00176881 0)
(0.00103601 -0.00230627 0)
(0.00135844 -0.00301552 0)
(0.00172876 -0.00391768 0)
(0.00214896 -0.00503445 0)
(0.00261773 -0.0063864 0)
(0.0031302 -0.00799111 0)
(0.0036778 -0.00986148 0)
(0.00424833 -0.012004 0)
(0.00482627 -0.0144177 0)
(0.00539333 -0.0170925 0)
(0.00592917 -0.0200094 0)
(0.00641223 -0.0231399 0)
(0.00682075 -0.0264463 0)
(0.00713383 -0.0298826 0)
(0.00733246 -0.0333956 0)
(0.00740059 -0.0369263 0)
(0.0073259 -0.0404118 0)
(0.00710057 -0.043787 0)
(0.00672165 -0.0469868 0)
(0.00619139 -0.0499477 0)
(0.00551724 -0.0526099 0)
(0.0047116 -0.0549188 0)
(0.00379149 -0.0568267 0)
(0.00277791 -0.0582938 0)
(0.00169512 -0.0592893 0)
(0.00056982 -0.0597923 0)
(6.08527e-05 -0.000632302 0)
(0.000186395 -0.000710786 0)
(0.000323299 -0.000871842 0)
(0.000478644 -0.00112342 0)
(0.000658742 -0.00147686 0)
(0.000868807 -0.00194625 0)
(0.00111259 -0.00254754 0)
(0.00139202 -0.00329745 0)
(0.00170689 -0.00421233 0)
(0.00205455 -0.00530683 0)
(0.00242978 -0.00659259 0)
(0.00282475 -0.00807701 0)
(0.00322914 -0.0097621 0)
(0.00363044 -0.0116436 0)
(0.00401444 -0.0137104 0)
(0.00436579 -0.0159443 0)
(0.00466866 -0.0183196 0)
(0.00490754 -0.0208043 0)
(0.00506801 -0.0233599 0)
(0.00513759 -0.0259432 0)
(0.00510635 -0.0285071 0)
(0.00496756 -0.0310021 0)
(0.00471807 -0.033378 0)
(0.00435861 -0.0355854 0)
(0.00389385 -0.037577 0)
(0.00333233 -0.0393096 0)
(0.00268616 -0.0407448 0)
(0.0019706 -0.0418505 0)
(0.00120353 -0.0426019 0)
(0.000404744 -0.0429818 0)
(3.75767e-05 -0.000387882 0)
(0.000115279 -0.00043801 0)
(0.000200544 -0.000541141 0)
(0.000298138 -0.000702888 0)
(0.000412388 -0.000931327 0)
(0.000546976 -0.00123658 0)
(0.000704699 -0.00163026 0)
(0.000887223 -0.00212478 0)
(0.00109483 -0.00273256 0)
(0.00132621 -0.00346512 0)
(0.00157829 -0.00433216 0)
(0.00184617 -0.00534062 0)
(0.00212316 -0.00649376 0)
(0.0024009 -0.00779052 0)
(0.00266973 -0.00922484 0)
(0.00291896 -0.0107854 0)
(0.00313739 -0.0124555 0)
(0.00331383 -0.014213 0)
(0.00343769 -0.0160313 0)
(0.00349957 -0.0178792 0)
(0.0034918 -0.0197224 0)
(0.00340892 -0.0215244 0)
(0.003248 -0.0232477 0)
(0.00300897 -0.0248547 0)
(0.00269466 -0.0263095 0)
(0.00231077 -0.0275787 0)
(0.00186574 -0.0286324 0)
(0.00137042 -0.0294457 0)
(0.000837664 -0.0299991 0)
(0.000281821 -0.0302792 0)
(2.28611e-05 -0.000234617 0)
(7.02407e-05 -0.000266111 0)
(0.000122549 -0.000331068 0)
(0.000182923 -0.000433346 0)
(0.000254261 -0.00057853 0)
(0.000339093 -0.000773685 0)
(0.000439431 -0.00102701 0)
(0.000556596 -0.00134743 0)
(0.000691047 -0.00174402 0)
(0.000842212 -0.00222546 0)
(0.00100835 -0.00279935 0)
(0.00118649 -0.00347156 0)
(0.00137237 -0.00424555 0)
(0.00156057 -0.00512183 0)
(0.00174463 -0.00609742 0)
(0.00191731 -0.00716559 0)
(0.00207088 -0.00831564 0)
(0.00219746 -0.00953294 0)
(0.00228949 -0.0107991 0)
(0.00234012 -0.0120925 0)
(0.00234361 -0.0133888 0)
(0.00229574 -0.0146617 0)
(0.00219404 -0.0158838 0)
(0.00203805 -0.0170275 0)
(0.0018294 -0.0180661 0)
(0.00157185 -0.0189745 0)
(0.00127112 -0.0197304 0)
(0.000934768 -0.0203149 0)
(0.000571825 -0.0207131 0)
(0.00019246 -0.0209147 0)
(1.37074e-05 -0.000139962 0)
(4.21786e-05 -0.000159435 0)
(7.37976e-05 -0.000199696 0)
(0.000110588 -0.000263331 0)
(0.000154447 -0.000354105 0)
(0.000207071 -0.000476823 0)
(0.000269861 -0.000637122 0)
(0.000343809 -0.000841208 0)
(0.000429377 -0.00109553 0)
(0.00052638 -0.00140636 0)
(0.000633879 -0.00177942 0)
(0.000750103 -0.00221932 0)
(0.000872427 -0.00272918 0)
(0.000997385 -0.00331013 0)
(0.00112077 -0.00396095 0)
(0.00123778 -0.00467781 0)
(0.00134319 -0.00545404 0)
(0.00143162 -0.00628016 0)
(0.00149779 -0.00714389 0)
(0.00153684 -0.00803048 0)
(0.00154463 -0.00892305 0)
(0.001518 -0.00980311 0)
(0.00145499 -0.0106512 0)
(0.00135504 -0.0114476 0)
(0.00121903 -0.0121729 0)
(0.00104936 -0.0128089 0)
(0.000849878 -0.0133392 0)
(0.0006257 -0.0137499 0)
(0.00038305 -0.0140301 0)
(0.000128973 -0.014172 0)
(8.10258e-06 -8.23676e-05 0)
(2.49685e-05 -9.42218e-05 0)
(4.38068e-05 -0.000118789 0)
(6.58971e-05 -0.000157762 0)
(9.24567e-05 -0.000213621 0)
(0.000124597 -0.000289554 0)
(0.000163265 -0.000389339 0)
(0.000209174 -0.000517187 0)
(0.000262718 -0.000677535 0)
(0.000323892 -0.000874799 0)
(0.000392215 -0.00111309 0)
(0.000466667 -0.00139587 0)
(0.000545657 -0.00172569 0)
(0.000627023 -0.0021038 0)
(0.000708081 -0.00252988 0)
(0.000785707 -0.00300188 0)
(0.00085646 -0.00351576 0)
(0.000916729 -0.0040655 0)
(0.000962929 -0.00464308 0)
(0.000991706 -0.00523868 0)
(0.00100015 -0.00584084 0)
(0.00098597 -0.0064369 0)
(0.000947695 -0.00701335 0)
(0.000884774 -0.00755637 0)
(0.00079767 -0.0080523 0)
(0.000687884 -0.0084882 0)
(0.000557921 -0.00885239 0)
(0.000411202 -0.00913485 0)
(0.000251919 -0.00932772 0)
(8.48518e-05 -0.00942554 0)
(4.72316e-06 -4.78304e-05 0)
(1.45753e-05 -5.49379e-05 0)
(2.56411e-05 -6.97014e-05 0)
(3.87148e-05 -9.32066e-05 0)
(5.4562e-05 -0.000127051 0)
(7.38952e-05 -0.000173304 0)
(9.73395e-05 -0.000234438 0)
(0.000125387 -0.000313241 0)
(0.000158345 -0.00041269 0)
(0.000196279 -0.000535799 0)
(0.000238958 -0.000685433 0)
(0.000285812 -0.000864098 0)
(0.000335898 -0.00107372 0)
(0.000387894 -0.00131544 0)
(0.000440121 -0.00158937 0)
(0.000490592 -0.00189446 0)
(0.000537082 -0.00222834 0)
(0.000577225 -0.00258728 0)
(0.000608639 -0.00296617 0)
(0.000629063 -0.00335856 0)
(0.000636502 -0.0037569 0)
(0.000629357 -0.00415266 0)
(0.000606553 -0.00453669 0)
(0.000567627 -0.00489953 0)
(0.000512796 -0.00523179 0)
(0.00044298 -0.00552449 0)
(0.000359785 -0.00576948 0)
(0.000265447 -0.00595978 0)
(0.000162737 -0.00608984 0)
(5.48327e-05 -0.00615585 0)
(2.71586e-06 -2.74128e-05 0)
(8.39256e-06 -3.16117e-05 0)
(1.48031e-05 -4.0353e-05 0)
(2.24318e-05 -5.43186e-05 0)
(3.17513e-05 -7.45173e-05 0)
(4.32092e-05 -0.000102263 0)
(5.72081e-05 -0.00013914 0)
(7.40778e-05 -0.000186953 0)
(9.40421e-05 -0.000247652 0)
(0.000117182 -0.000323241 0)
(0.000143399 -0.000415661 0)
(0.000172383 -0.000526657 0)
(0.000203586 -0.000657633 0)
(0.000236218 -0.000809498 0)
(0.000269248 -0.000982527 0)
(0.000301435 -0.00117623 0)
(0.00033137 -0.00138927 0)
(0.000357535 -0.00161937 0)
(0.00037838 -0.00186333 0)
(0.000392416 -0.00211704 0)
(0.000398309 -0.00237557 0)
(0.00039497 -0.00263335 0)
(0.000381641 -0.00288428 0)
(0.000357963 -0.00312205 0)
(0.000324022 -0.00334032 0)
(0.00028037 -0.00353302 0)
(0.000228017 -0.00369459 0)
(0.000168399 -0.00382026 0)
(0.000103309 -0.00390625 0)
(3.48207e-05 -0.00394991 0)
(1.54087e-06 -1.55098e-05 0)
(4.76806e-06 -1.79547e-05 0)
(8.43161e-06 -2.30558e-05 0)
(1.28218e-05 -3.12332e-05 0)
(1.82253e-05 -4.31112e-05 0)
(2.4918e-05 -5.95083e-05 0)
(3.31534e-05 -8.14192e-05 0)
(4.31465e-05 -0.000109987 0)
(5.5053e-05 -0.000146461 0)
(6.89455e-05 -0.000192142 0)
(8.47898e-05 -0.000248313 0)
(0.000102423 -0.00031615 0)
(0.000121534 -0.000396636 0)
(0.000141658 -0.000490453 0)
(0.000162175 -0.000597894 0)
(0.000182324 -0.000718766 0)
(0.000201231 -0.000852327 0)
(0.000217938 -0.000997232 0)
(0.00023146 -0.00115151 0)
(0.000240835 -0.00131259 0)
(0.000245192 -0.00147734 0)
(0.000243808 -0.00164215 0)
(0.000236164 -0.00180308 0)
(0.000221997 -0.00195598 0)
(0.000201328 -0.00209668 0)
(0.000174482 -0.00222114 0)
(0.000142083 -0.00232567 0)
(0.000105034 -0.00240709 0)
(6.44778e-05 -0.00246284 0)
(2.17395e-05 -0.00249117 0)
(8.62833e-07 -8.66473e-06 0)
(2.67347e-06 -1.00685e-05 0)
(4.73944e-06 -1.30034e-05 0)
(7.23191e-06 -1.77237e-05 0)
(1.03217e-05 -2.46089e-05 0)
(1.41758e-05 -3.4159e-05 0)
(1.89507e-05 -4.69867e-05 0)
(2.4783e-05 -6.38017e-05 0)
(3.17768e-05 -8.53882e-05 0)
(3.99891e-05 -0.000112572 0)
(4.94142e-05 -0.00014618 0)
(5.99695e-05 -0.000186985 0)
(7.14829e-05 -0.000235651 0)
(8.36857e-05 -0.000292666 0)
(9.62109e-05 -0.000358281 0)
(0.000108601 -0.000432446 0)
(0.000120322 -0.000514765 0)
(0.000130785 -0.000604457 0)
(0.000139371 -0.000700336 0)
(0.000145475 -0.000800819 0)
(0.000148538 -0.000903947 0)
(0.000148091 -0.00100745 0)
(0.00014379 -0.00110881 0)
(0.000135448 -0.00120535 0)
(0.000123061 -0.0012944 0)
(0.000106814 -0.00137332 0)
(8.70867e-05 -0.00143971 0)
(6.4438e-05 -0.00149148 0)
(3.95814e-05 -0.00152697 0)
(1.33495e-05 -0.00154501 0)
(4.76979e-07 -4.78078e-06 0)
(1.47981e-06 -5.5757e-06 0)
(2.62975e-06 -7.24109e-06 0)
(4.02611e-06 -9.92816e-06 0)
(5.76906e-06 -1.38634e-05 0)
(7.95787e-06 -1.93472e-05 0)
(1.06873e-05 -2.67496e-05 0)
(1.40423e-05 -3.65034e-05 0)
(1.80901e-05 -4.90908e-05 0)
(2.28718e-05 -6.50257e-05 0)
(2.83927e-05 -8.48286e-05 0)
(3.46128e-05 -0.000108996 0)
(4.14386e-05 -0.000137963 0)
(4.87177e-05 -0.000172065 0)
(5.6237e-05 -0.000211494 0)
(6.37259e-05 -0.000256262 0)
(7.08644e-05 -0.000306165 0)
(7.72946e-05 -0.00036076 0)
(8.26384e-05 -0.000419346 0)
(8.65198e-05 -0.000480965 0)
(8.85888e-05 -0.000544418 0)
(8.85473e-05 -0.000608295 0)
(8.61725e-05 -0.000671022 0)
(8.13379e-05 -0.000730922 0)
(7.40283e-05 -0.000786284 0)
(6.43491e-05 -0.000835444 0)
(5.25265e-05 -0.000876862 0)
(3.89005e-05 -0.000909199 0)
(2.3909e-05 -0.000931382 0)
(8.06613e-06 -0.000942665 0)
(2.60371e-07 -2.60573e-06 0)
(8.0881e-07 -3.04985e-06 0)
(1.44073e-06 -3.98218e-06 0)
(2.21288e-06 -5.49111e-06 0)
(3.18309e-06 -7.70962e-06 0)
(4.40938e-06 -1.08149e-05 0)
(5.9481e-06 -1.50269e-05 0)
(7.85082e-06 -2.06045e-05 0)
(1.01599e-05 -2.78389e-05 0)
(1.29035e-05 -3.70436e-05 0)
(1.60894e-05 -4.85398e-05 0)
(1.96992e-05 -6.26385e-05 0)
(2.36834e-05 -7.96183e-05 0)
(2.7957e-05 -9.9701e-05 0)
(3.23984e-05 -0.000123025 0)
(3.68501e-05 -0.000149622 0)
(4.11235e-05 -0.000179392 0)
(4.50055e-05 -0.000212087 0)
(4.82684e-05 -0.000247302 0)
(5.06832e-05 -0.000284467 0)
(5.2035e-05 -0.000322861 0)
(5.21383e-05 -0.000361624 0)
(5.08518e-05 -0.00039979 0)
(4.80922e-05 -0.000436321 0)
(4.38439e-05 -0.000470155 0)
(3.81651e-05 -0.000500253 0)
(3.11885e-05 -0.000525646 0)
(2.31176e-05 -0.000545495 0)
(1.42167e-05 -0.000559122 0)
(4.79762e-06 -0.000566057 0)
(1.40381e-07 -1.40326e-06 0)
(4.36613e-07 -1.64814e-06 0)
(7.79532e-07 -2.16322e-06 0)
(1.2011e-06 -2.99935e-06 0)
(1.73416e-06 -4.23335e-06 0)
(2.41211e-06 -5.96808e-06 0)
(3.26787e-06 -8.33196e-06 0)
(4.33214e-06 -1.14773e-05 0)
(5.63099e-06 -1.55768e-05 0)
(7.18274e-06 -2.08181e-05 0)
(8.99449e-06 -2.73957e-05 0)
(1.10585e-05 -3.55004e-05 0)
(1.33491e-05 -4.53061e-05 0)
(1.58198e-05 -5.69555e-05 0)
(1.84021e-05 -7.05436e-05 0)
(2.1006e-05 -8.61021e-05 0)
(2.35223e-05 -0.000103585 0)
(2.58259e-05 -0.000122859 0)
(2.77821e-05 -0.00014369 0)
(2.92542e-05 -0.000165748 0)
(3.01124e-05 -0.000188604 0)
(3.02433e-05 -0.000211745 0)
(2.95597e-05 -0.000234587 0)
(2.80079e-05 -0.0002565 0)
(2.55751e-05 -0.000276836 0)
(2.22928e-05 -0.000294956 0)
(1.82376e-05 -0.000310265 0)
(1.35292e-05 -0.000322244 0)
(8.32468e-06 -0.000330476 0)
(2.81006e-06 -0.000334666 0)
(7.47743e-08 -7.46816e-07 0)
(2.32841e-07 -8.80112e-07 0)
(4.16652e-07 -1.16101e-06 0)
(6.43943e-07 -1.61833e-06 0)
(9.33111e-07 -2.29575e-06 0)
(1.30306e-06 -3.25202e-06 0)
(1.77271e-06 -4.56096e-06 0)
(2.36e-06 -6.31067e-06 0)
(3.0806e-06 -8.60186e-06 0)
(3.94605e-06 -1.15449e-05 0)
(4.96179e-06 -1.52553e-05 0)
(6.12502e-06 -1.98478e-05 0)
(7.42265e-06 -2.54288e-05 0)
(8.82971e-06 -3.20875e-05 0)
(1.03083e-05 -3.98864e-05 0)
(1.18079e-05 -4.88516e-05 0)
(1.32659e-05 -5.8964e-05 0)
(1.46104e-05 -7.01518e-05 0)
(1.57629e-05 -8.22848e-05 0)
(1.66432e-05 -9.51726e-05 0)
(1.71742e-05 -0.000108566 0)
(1.72881e-05 -0.000122163 0)
(1.69318e-05 -0.000135616 0)
(1.60719e-05 -0.000148551 0)
(1.46988e-05 -0.000160577 0)
(1.28291e-05 -0.00017131 0)
(1.05064e-05 -0.00018039 0)
(7.80019e-06 -0.000187503 0)
(4.8021e-06 -0.000192393 0)
(1.62142e-06 -0.000194884 0)
(3.93567e-08 -3.92864e-07 0)
(1.22697e-07 -4.6451e-07 0)
(2.20038e-07 -6.1577e-07 0)
(3.41088e-07 -8.6273e-07 0)
(4.95998e-07 -1.22985e-06 0)
(6.95318e-07 -1.75019e-06 0)
(9.49733e-07 -2.4655e-06 0)
(1.26956e-06 -3.42596e-06 0)
(1.664e-06 -4.68933e-06 0)
(2.14013e-06 -6.31941e-06 0)
(2.70174e-06 -8.38366e-06 0)
(3.34811e-06 -1.09498e-05 0)
(4.07275e-06 -1.40814e-05 0)
(4.86246e-06 -1.78332e-05 0)
(5.69664e-06 -2.22448e-05 0)
(6.54716e-06 -2.73355e-05 0)
(7.37898e-06 -3.30985e-05 0)
(8.15122e-06 -3.94962e-05 0)
(8.81896e-06 -4.64569e-05 0)
(9.33577e-06 -5.3873e-05 0)
(9.65683e-06 -6.16017e-05 0)
(9.74221e-06 -6.94678e-05 0)
(9.56022e-06 -7.72693e-05 0)
(9.09048e-06 -8.47853e-05 0)
(8.32631e-06 -9.17861e-05 0)
(7.27635e-06 -9.80439e-05 0)
(5.96505e-06 -0.000103345 0)
(4.43195e-06 -0.000107501 0)
(2.72988e-06 -0.000110361 0)
(9.21972e-07 -0.000111819 0)
(2.0474e-08 -2.04318e-07 0)
(6.39016e-08 -2.42355e-07 0)
(1.14843e-07 -3.22801e-07 0)
(1.78538e-07 -4.54507e-07 0)
(2.60512e-07 -6.50969e-07 0)
(3.66566e-07 -9.3052e-07 0)
(5.02645e-07 -1.31643e-06 0)
(6.74579e-07 -1.83682e-06 0)
(8.87667e-07 -2.52431e-06 0)
(1.14613e-06 -3.41519e-06 0)
(1.45247e-06 -4.54817e-06 0)
(1.80671e-06 -5.9625e-06 0)
(2.20576e-06 -7.69558e-06 0)
(2.64273e-06 -9.78003e-06 0)
(3.10657e-06 -1.22405e-05 0)
(3.58192e-06 -1.509e-05 0)
(4.04939e-06 -1.83271e-05 0)
(4.48612e-06 -2.19326e-05 0)
(4.86678e-06 -2.58676e-05 0)
(5.16498e-06 -3.00722e-05 0)
(5.35501e-06 -3.44659e-05 0)
(5.41377e-06 -3.89486e-05 0)
(5.32273e-06 -4.34046e-05 0)
(5.06968e-06 -4.7706e-05 0)
(4.65023e-06 -5.17195e-05 0)
(4.06877e-06 -5.53124e-05 0)
(3.33878e-06 -5.83597e-05 0)
(2.4825e-06 -6.07512e-05 0)
(1.52986e-06 -6.2398e-05 0)
(5.16813e-07 -6.32376e-05 0)
(1.05292e-08 -1.05073e-07 0)
(3.28994e-08 -1.25023e-07 0)
(5.92493e-08 -1.67291e-07 0)
(9.23708e-08 -2.36675e-07 0)
(1.3523e-07 -3.40523e-07 0)
(1.90971e-07 -4.88849e-07 0)
(2.62854e-07 -6.94433e-07 0)
(3.54119e-07 -9.72814e-07 0)
(4.67764e-07 -1.34212e-06 0)
(6.06253e-07 -1.82269e-06 0)
(7.71146e-07 -2.43637e-06 0)
(9.62701e-07 -3.20552e-06 0)
(1.17947e-06 -4.15172e-06 0)
(1.41793e-06 -5.29409e-06 0)
(1.67224e-06 -6.64745e-06 0)
(1.93413e-06 -8.22037e-06 0)
(2.19301e-06 -1.00132e-05 0)
(2.43632e-06 -1.20164e-05 0)
(2.64997e-06 -1.42092e-05 0)
(2.81918e-06 -1.65588e-05 0)
(2.92945e-06 -1.90204e-05 0)
(2.96764e-06 -2.15379e-05 0)
(2.92307e-06 -2.40457e-05 0)
(2.78861e-06 -2.64711e-05 0)
(2.56147e-06 -2.8738e-05 0)
(2.24381e-06 -3.07702e-05 0)
(1.84298e-06 -3.24959e-05 0)
(1.37129e-06 -3.38514e-05 0)
(8.45472e-07 -3.47855e-05 0)
(2.85684e-07 -3.52618e-05 0)
(5.35408e-09 -5.34412e-08 0)
(1.67475e-08 -6.37813e-08 0)
(3.02222e-08 -8.57258e-08 0)
(4.72464e-08 -1.21843e-07 0)
(6.93917e-08 -1.76075e-07 0)
(9.8339e-08 -2.53819e-07 0)
(1.3585e-07 -3.61996e-07 0)
(1.83697e-07 -5.09065e-07 0)
(2.43549e-07 -7.04962e-07 0)
(3.16811e-07 -9.609e-07 0)
(4.04427e-07 -1.28902e-06 0)
(5.06656e-07 -1.70187e-06 0)
(6.22848e-07 -2.21167e-06 0)
(7.5123e-07 -2.82942e-06 0)
(8.8876e-07 -3.56385e-06 0)
(1.03104e-06 -4.42032e-06 0)
(1.17239e-06 -5.39968e-06 0)
(1.30598e-06 -6.49731e-06 0)
(1.42409e-06 -7.70229e-06 0)
(1.51859e-06 -8.9969e-06 0)
(1.5814e-06 -1.03566e-05 0)
(1.60517e-06 -1.17503e-05 0)
(1.58386e-06 -1.31415e-05 0)
(1.51336e-06 -1.44896e-05 0)
(1.39197e-06 -1.57515e-05 0)
(1.22072e-06 -1.68843e-05 0)
(1.00357e-06 -1.78473e-05 0)
(7.47231e-07 -1.86045e-05 0)
(4.60917e-07 -1.91266e-05 0)
(1.55779e-07 -1.93929e-05 0)
(2.69252e-09 -2.68867e-08 0)
(8.43108e-09 -3.21839e-08 0)
(1.52447e-08 -4.34446e-08 0)
(2.38957e-08 -6.20249e-08 0)
(3.52063e-08 -9.00123e-08 0)
(5.00629e-08 -1.30276e-07 0)
(6.94044e-08 -1.86513e-07 0)
(9.41862e-08 -2.63265e-07 0)
(1.25322e-07 -3.65898e-07 0)
(1.63597e-07 -5.00507e-07 0)
(2.09566e-07 -6.73741e-07 0)
(2.63428e-07 -8.92524e-07 0)
(3.24904e-07 -1.16367e-06 0)
(3.93117e-07 -1.49338e-06 0)
(4.66502e-07 -1.88671e-06 0)
(5.42761e-07 -2.34689e-06 0)
(6.18875e-07 -2.87474e-06 0)
(6.91187e-07 -3.46807e-06 0)
(7.55538e-07 -4.12123e-06 0)
(8.07499e-07 -4.8248e-06 0)
(8.42655e-07 -5.5655e-06 0)
(8.56946e-07 -6.32641e-06 0)
(8.47015e-07 -7.08745e-06 0)
(8.10534e-07 -7.82618e-06 0)
(7.46489e-07 -8.5188e-06 0)
(6.5537e-07 -9.14138e-06 0)
(5.3926e-07 -9.67121e-06 0)
(4.01785e-07 -1.00881e-05 0)
(2.47945e-07 -1.03758e-05 0)
(8.3818e-08 -1.05226e-05 0)
(1.33937e-09 -1.33829e-08 0)
(4.19831e-09 -1.60658e-08 0)
(7.60584e-09 -2.17782e-08 0)
(1.1953e-08 -3.1227e-08 0)
(1.76644e-08 -4.55033e-08 0)
(2.52017e-08 -6.61125e-08 0)
(3.50583e-08 -9.50026e-08 0)
(4.77419e-08 -1.3458e-07 0)
(6.37445e-08 -1.87702e-07 0)
(8.34982e-08 -2.57636e-07 0)
(1.0732e-07 -3.47968e-07 0)
(1.35344e-07 -4.62464e-07 0)
(1.6746e-07 -6.04859e-07 0)
(2.03239e-07 -7.78604e-07 0)
(2.4189e-07 -9.86549e-07 0)
(2.82223e-07 -1.2306e-06 0)
(3.2266e-07 -1.51138e-06 0)
(3.61268e-07 -1.82789e-06 0)
(3.95835e-07 -2.17724e-06 0)
(4.23985e-07 -2.55449e-06 0)
(4.43337e-07 -2.95257e-06 0)
(4.51685e-07 -3.36237e-06 0)
(4.47187e-07 -3.77303e-06 0)
(4.28551e-07 -4.17233e-06 0)
(3.95185e-07 -4.54725e-06 0)
(3.47314e-07 -4.8847e-06 0)
(2.86024e-07 -5.17218e-06 0)
(2.13244e-07 -5.39858e-06 0)
(1.31651e-07 -5.55487e-06 0)
(4.45144e-08 -5.63466e-06 0)
(6.59177e-10 -6.59142e-09 0)
(2.0683e-09 -7.93503e-09 0)
(3.75405e-09 -1.08004e-08 0)
(5.91468e-09 -1.55512e-08 0)
(8.76674e-09 -2.27506e-08 0)
(1.25476e-08 -3.31783e-08 0)
(1.75133e-08 -4.78477e-08 0)
(2.39298e-08 -6.80165e-08 0)
(3.20582e-08 -9.51864e-08 0)
(4.21319e-08 -1.31084e-07 0)
(5.43278e-08 -1.77617e-07 0)
(6.87319e-08 -2.36803e-07 0)
(8.53025e-08 -3.10661e-07 0)
(1.03835e-07 -4.01075e-07 0)
(1.23934e-07 -5.09628e-07 0)
(1.44993e-07 -6.37417e-07 0)
(1.66196e-07 -7.8486e-07 0)
(1.86535e-07 -9.51519e-07 0)
(2.0485e-07 -1.13595e-06 0)
(2.19883e-07 -1.33558e-06 0)
(2.30369e-07 -1.5467e-06 0)
(2.35124e-07 -1.76448e-06 0)
(2.33154e-07 -1.98312e-06 0)
(2.23752e-07 -2.19606e-06 0)
(2.06583e-07 -2.39629e-06 0)
(1.81744e-07 -2.57673e-06 0)
(1.49795e-07 -2.7306e-06 0)
(1.11748e-07 -2.85187e-06 0)
(6.90188e-08 -2.93564e-06 0)
(2.33418e-08 -2.97842e-06 0)
(3.21051e-10 -3.2126e-09 0)
(1.00838e-09 -3.87804e-09 0)
(1.83358e-09 -5.29928e-09 0)
(2.89603e-09 -7.66122e-09 0)
(4.30489e-09 -1.12509e-08 0)
(6.18072e-09 -1.6467e-08 0)
(8.65461e-09 -2.38299e-08 0)
(1.18642e-08 -3.39886e-08 0)
(1.59459e-08 -4.77217e-08 0)
(2.10241e-08 -6.59296e-08 0)
(2.71954e-08 -8.96132e-08 0)
(3.45114e-08 -1.19837e-07 0)
(4.29594e-08 -1.57677e-07 0)
(5.24431e-08 -2.04146e-07 0)
(6.2767e-08 -2.60107e-07 0)
(7.36259e-08 -3.26177e-07 0)
(8.46037e-08 -4.02621e-07 0)
(9.51819e-08 -4.89255e-07 0)
(1.04758e-07 -5.85363e-07 0)
(1.12677e-07 -6.89635e-07 0)
(1.18274e-07 -8.00144e-07 0)
(1.20923e-07 -9.14364e-07 0)
(1.20095e-07 -1.02924e-06 0)
(1.1541e-07 -1.14129e-06 0)
(1.0668e-07 -1.2468e-06 0)
(9.39457e-08 -1.342e-06 0)
(7.74926e-08 -1.42325e-06 0)
(5.78447e-08 -1.48735e-06 0)
(3.57409e-08 -1.53164e-06 0)
(1.20898e-08 -1.55427e-06 0)
(1.54844e-10 -1.54901e-09 0)
(4.8681e-10 -1.87481e-09 0)
(8.86791e-10 -2.57172e-09 0)
(1.40401e-09 -3.73251e-09 0)
(2.09291e-09 -5.50155e-09 0)
(3.01405e-09 -8.0802e-09 0)
(4.23373e-09 -1.17322e-08 0)
(5.82232e-09 -1.67878e-08 0)
(7.85024e-09 -2.36454e-08 0)
(1.03826e-08 -3.2768e-08 0)
(1.34714e-08 -4.46733e-08 0)
(1.71465e-08 -5.99153e-08 0)
(2.14056e-08 -7.90579e-08 0)
(2.62043e-08 -1.02637e-07 0)
(3.1447e-08 -1.31116e-07 0)
(3.69821e-08 -1.64834e-07 0)
(4.25997e-08 -2.0395e-07 0)
(4.80361e-08 -2.48392e-07 0)
(5.29828e-08 -2.97812e-07 0)
(5.71019e-08 -3.51548e-07 0)
(6.00483e-08 -4.08616e-07 0)
(6.14961e-08 -4.6771e-07 0)
(6.11672e-08 -5.27244e-07 0)
(5.88589e-08 -5.85405e-07 0)
(5.4469e-08 -6.40243e-07 0)
(4.80134e-08 -6.89774e-07 0)
(3.96353e-08 -7.32093e-07 0)
(2.96032e-08 -7.65497e-07 0)
(1.82983e-08 -7.88594e-07 0)
(6.19085e-09 -8.00397e-07 0)
(7.41206e-11 -7.37427e-10 0)
(2.33248e-10 -8.94804e-10 0)
(4.25662e-10 -1.23192e-09 0)
(6.75525e-10 -1.79462e-09 0)
(1.00979e-09 -2.6545e-09 0)
(1.45856e-09 -3.9116e-09 0)
(2.05518e-09 -5.69755e-09 0)
(2.83519e-09 -8.17792e-09 0)
(3.83461e-09 -1.15532e-08 0)
(5.0872e-09 -1.60576e-08 0)
(6.62055e-09 -2.19543e-08 0)
(8.45146e-09 -2.9527e-08 0)
(1.05809e-08 -3.90659e-08 0)
(1.29885e-08 -5.08494e-08 0)
(1.56283e-08 -6.51211e-08 0)
(1.84256e-08 -8.2063e-08 0)
(2.12753e-08 -1.01767e-07 0)
(2.40446e-08 -1.24208e-07 0)
(2.65769e-08 -1.49218e-07 0)
(2.86995e-08 -1.7647e-07 0)
(3.0235e-08 -2.05468e-07 0)
(3.10152e-08 -2.35549e-07 0)
(3.0895e-08 -2.65902e-07 0)
(2.9768e-08 -2.95598e-07 0)
(2.7579e-08 -3.23633e-07 0)
(2.43335e-08 -3.48981e-07 0)
(2.01027e-08 -3.70657e-07 0)
(1.50232e-08 -3.87779e-07 0)
(9.28971e-09 -3.99624e-07 0)
(3.14358e-09 -4.05679e-07 0)
(3.55625e-11 -3.43123e-10 0)
(1.12041e-10 -4.17338e-10 0)
(2.0483e-10 -5.76514e-10 0)
(3.25851e-10 -8.42733e-10 0)
(4.88475e-10 -1.25054e-09 0)
(7.07705e-10 -1.84838e-09 0)
(1.00032e-09 -2.70019e-09 0)
(1.38437e-09 -3.88665e-09 0)
(1.87829e-09 -5.50596e-09 0)
(2.49962e-09 -7.67325e-09 0)
(3.26301e-09 -1.05186e-08 0)
(4.1778e-09 -1.41829e-08 0)
(5.24554e-09 -1.88112e-08 0)
(6.45713e-09 -2.45435e-08 0)
(7.79038e-09 -3.15039e-08 0)
(9.20828e-09 -3.97866e-08 0)
(1.06583e-08 -4.94419e-08 0)
(1.20733e-08 -6.04621e-08 0)
(1.33736e-08 -7.27692e-08 0)
(1.44706e-08 -8.62052e-08 0)
(1.52729e-08 -1.00527e-07 0)
(1.56933e-08 -1.15408e-07 0)
(1.5656e-08 -1.30446e-07 0)
(1.5105e-08 -1.45177e-07 0)
(1.40103e-08 -1.59099e-07 0)
(1.23735e-08 -1.717e-07 0)
(1.02301e-08 -1.82485e-07 0)
(7.64967e-09 -1.91008e-07 0)
(4.7321e-09 -1.96907e-07 0)
(1.60163e-09 -1.99924e-07 0)
(1.78742e-11 -1.48163e-10 0)
(5.63762e-11 -1.80559e-10 0)
(1.03258e-10 -2.50123e-10 0)
(1.64684e-10 -3.66654e-10 0)
(2.47612e-10 -5.4554e-10 0)
(3.59896e-10 -8.08339e-10 0)
(5.10389e-10 -1.18368e-09 0)
(7.08704e-10 -1.70778e-09 0)
(9.64752e-10 -2.42475e-09 0)
(1.28811e-09 -3.38669e-09 0)
(1.68691e-09 -4.65254e-09 0)
(2.1666e-09 -6.2864e-09 0)
(2.7286e-09 -8.35466e-09 0)
(3.36871e-09 -1.09218e-08 0)
(4.07571e-09 -1.40453e-08 0)
(4.83048e-09 -1.77695e-08 0)
(5.60544e-09 -2.2119e-08 0)
(6.36491e-09 -2.70922e-08 0)
(7.06631e-09 -3.26553e-08 0)
(7.66198e-09 -3.87381e-08 0)
(8.10242e-09 -4.52312e-08 0)
(8.34007e-09 -5.19866e-08 0)
(8.33343e-09 -5.88212e-08 0)
(8.05134e-09 -6.55235e-08 0)
(7.47685e-09 -7.18639e-08 0)
(6.61002e-09 -7.76068e-08 0)
(5.46944e-09 -8.25249e-08 0)
(4.09234e-09 -8.6414e-08 0)
(2.53257e-09 -8.91066e-08 0)
(8.57343e-10 -9.04838e-08 0)
(1.10169e-11 -4.11409e-11 0)
(3.47678e-11 -5.02031e-11 0)
(6.37839e-11 -6.965e-11 0)
(1.01962e-10 -1.02272e-10 0)
(1.53715e-10 -1.52402e-10 0)
(2.24042e-10 -2.26168e-10 0)
(3.18655e-10 -3.31663e-10 0)
(4.43763e-10 -4.79145e-10 0)
(6.0584e-10 -6.81239e-10 0)
(8.11217e-10 -9.52715e-10 0)
(1.06532e-09 -1.31047e-09 0)
(1.37198e-09 -1.77285e-09 0)
(1.7324e-09 -2.35893e-09 0)
(2.14422e-09 -3.08729e-09 0)
(2.60053e-09 -3.97457e-09 0)
(3.08925e-09 -5.0337e-09 0)
(3.59274e-09 -6.27199e-09 0)
(4.08796e-09 -7.68934e-09 0)
(4.5472e-09 -9.27634e-09 0)
(4.93938e-09 -1.10131e-08 0)
(5.23194e-09 -1.28686e-08 0)
(5.39347e-09 -1.48006e-08 0)
(5.39645e-09 -1.67565e-08 0)
(5.21996e-09 -1.86758e-08 0)
(4.85248e-09 -2.04923e-08 0)
(4.2936e-09 -2.21385e-08 0)
(3.55519e-09 -2.35487e-08 0)
(2.66144e-09 -2.46642e-08 0)
(1.64762e-09 -2.54367e-08 0)
(5.57859e-10 -2.58318e-08 0)
)
;

boundaryField
{
    outerWall
    {
        type            noSlip;
    }
    axis
    {
        type            symmetryPlane;
    }
    nozzle
    {
        type            zeroGradient;
    }
    back
    {
        type            empty;
    }
    front
    {
        type            empty;
    }
}


// ************************************************************************* //
