/*--------------------------------*- C++ -*----------------------------------*\
| =========                 |                                                 |
| \\      /  F ield         | OpenFOAM: The Open Source CFD Toolbox           |
|  \\    /   O peration     | Version:  2412                                  |
|   \\  /    A nd           | Website:  www.openfoam.com                      |
|    \\/     M anipulation  |                                                 |
\*---------------------------------------------------------------------------*/
FoamFile
{
    version     2.0;
    format      ascii;
    arch        "LSB;label=32;scalar=64";
    class       surfaceScalarField;
    location    "0.000105";
    object      phi;
}
// * * * * * * * * * * * * * * * * * * * * * * * * * * * * * * * * * * * * * //

dimensions      [1 0 -1 0 0 0 0];

oriented        oriented;

internalField   nonuniform List<scalar> 
7275
(
0.0125463
0.00282107
0.0246414
0.00273232
0.0358083
0.00252972
0.0455625
0.00217956
0.0534866
0.00166402
0.0593225
0.00100034
0.0630371
0.00024562
0.0648265
-0.000509014
0.0650636
-0.00118502
0.0642082
-0.00170076
0.0626973
-0.00202408
0.0608669
-0.00215502
0.0589258
-0.00212935
0.0569546
-0.00198358
0.0549842
-0.00178642
0.0529685
-0.00152798
0.0508753
-0.0012533
0.0486496
-0.000944611
0.0462457
-0.000610652
0.0436259
-0.000255956
0.040761
0.000108494
0.0375739
0.000512745
0.0340405
0.000939067
0.0301307
0.00137899
0.0258485
0.00181177
0.0212009
0.00221653
0.0162264
0.00257593
0.0109818
0.00287191
0.00554215
0.00308332
0.00319353
0.0124954
0.00556273
0.0245258
0.00538895
0.0356093
0.00499326
0.0452705
0.00431108
0.0531119
0.00330792
0.0588972
0.00201597
0.0626088
0.000543929
0.0644455
-0.000927985
0.0647726
-0.00226293
0.0640269
-0.00329436
0.0626251
-0.00395393
0.0608823
-0.00423767
0.0589976
-0.00421622
0.0570741
-0.0039669
0.0551235
-0.00358263
0.0531364
-0.00309364
0.0510537
-0.00253435
0.0488394
-0.00192081
0.0464517
-0.00125938
0.0438455
-0.00054727
0.0409891
0.000187972
0.0378166
0.000995464
0.034285
0.00185978
0.0303668
0.00275056
0.0260671
0.00362468
0.0213974
0.0044425
0.0163888
0.00517457
0.0110979
0.00577827
0.00560264
0.0062101
0.00643563
0.0123959
0.00814893
0.0243002
0.00789736
0.0352217
0.00732694
0.0447026
0.00634739
0.0523826
0.00490975
0.0580676
0.00305702
0.0617723
0.00093827
0.0636957
-0.00117895
0.0641926
-0.00314404
0.0636571
-0.00468074
0.0624661
-0.00569762
0.0608853
-0.00617027
0.0591325
-0.00622554
0.057303
-0.0059299
0.0553953
-0.00537885
0.0534387
-0.0046921
0.0514079
-0.00389204
0.0492321
-0.00297313
0.0468688
-0.00197583
0.0442858
-0.000908541
0.0414507
0.000197906
0.0382937
0.00143598
0.0347666
0.00274686
0.0308418
0.00409964
0.026517
0.00543301
0.0218004
0.0066899
0.0167208
0.00782004
0.011335
0.008755
0.00572634
0.0094261
0.00977765
0.012252
0.0105102
0.0239752
0.0101912
0.0346658
0.00947182
0.0438893
0.00824306
0.0513375
0.00644432
0.0568747
0.00412467
0.0605531
0.00146195
0.0626075
-0.00124971
0.0633305
-0.00374924
0.0630823
-0.00576044
0.0621804
-0.0071637
0.0608733
-0.00790494
0.0593059
-0.00808836
0.0575888
-0.00780297
0.0557838
-0.00717854
0.0539105
-0.00634965
0.0519267
-0.0053163
0.049794
-0.00411258
0.0474976
-0.00281616
0.0449511
-0.0013694
0.0421381
0.00010911
0.039026
0.00178714
0.0355078
0.00358063
0.0315686
0.00542146
0.02721
0.0072325
0.0224239
0.00896654
0.0172356
0.0105356
0.0117035
0.0118403
0.00591899
0.0127814
0.0132765
0.0120698
0.0125868
0.0235658
0.012213
0.033969
0.011376
0.0428726
0.00995532
0.0500299
0.00788251
0.0553767
0.00520814
0.0590193
0.00212446
0.0611904
-0.00103593
0.0621949
-0.00400616
0.0623097
-0.00646985
0.0617739
-0.00826328
0.0607617
-0.00930519
0.0594662
-0.00974123
0.0579233
-0.00953249
0.0562731
-0.00895167
0.0544906
-0.00801795
0.052585
-0.00680833
0.0505605
-0.00539014
0.0483163
-0.00376301
0.0458458
-0.00197644
0.0430806
-6.94125e-05
0.0400059
0.00203352
0.0365044
0.00432899
0.0325737
0.00667361
0.0281711
0.00901709
0.0232905
0.0112806
0.0179533
0.0133457
0.0122193
0.015076
0.00618946
0.0163325
0.0169972
0.0118562
0.0143311
0.0230894
0.0139166
0.0331636
0.012996
0.0417015
0.0114452
0.0485232
0.00919178
0.0536429
0.0062842
0.0572266
0.00291565
0.0595294
-0.00059516
0.0608114
-0.00390779
0.061296
-0.00675449
0.0611651
-0.00894475
0.0605511
-0.0103518
0.0595501
-0.0110744
0.0582785
-0.0110828
0.0568012
-0.0106033
0.0551532
-0.00965335
0.0533917
-0.00837093
0.0514613
-0.00675045
0.049352
-0.00487263
0.046969
-0.00273135
0.0442709
-0.000412555
0.0412618
0.0021253
0.0378007
0.00494766
0.0338761
0.00783768
0.0294255
0.0107717
0.0244297
0.0136355
0.018903
0.0162751
0.0129057
0.0185087
0.00655101
0.0201447
0.021017
0.0116191
0.0157092
0.0225651
0.0152686
0.0322842
0.0142987
0.0404284
0.012679
0.0468851
0.0103377
0.0517493
0.00731875
0.0552496
0.0038048
0.0576619
9.03551e-05
0.0592149
-0.00346446
0.0600688
-0.00662063
0.0603642
-0.00917191
0.0601562
-0.0109588
0.0595133
-0.0120212
0.0585559
-0.0123473
0.0573202
-0.0120539
0.0559054
-0.0112255
0.0542961
-0.00990441
0.0525313
-0.00818624
0.0505416
-0.00607755
0.0483151
-0.00366425
0.0457356
-0.000936798
0.042797
0.0020488
0.0394116
0.00539634
0.0355085
0.00888733
0.0310115
0.012482
0.0258834
0.0160357
0.0201258
0.0193529
0.0137964
0.0221949
0.00702304
0.0242996
0.0254338
0.0113665
0.0167015
0.0220118
0.0162485
0.0313648
0.0152614
0.039105
0.0136295
0.045184
0.0112862
0.0497734
0.00826983
0.0531623
0.00474475
0.0556371
0.000976834
0.0574352
-0.00271177
0.0586645
-0.00607558
0.0593583
-0.00892155
0.0595651
-0.0110793
0.059324
-0.0125237
0.0587153
-0.0132209
0.0578055
-0.0132201
0.0566331
-0.0125736
0.0552714
-0.0113617
0.0537058
-0.00961517
0.0519126
-0.00736432
0.0498495
-0.00471131
0.0474539
-0.00164698
0.0446402
0.00178643
0.0413628
0.00566551
0.0375086
0.00980719
0.0329781
0.0141412
0.0277078
0.0184931
0.0216782
0.0226189
0.0149387
0.0262089
0.00763346
0.0289054
0.030381
0.0111063
0.0173014
0.0214477
0.0168486
0.0304374
0.0158725
0.0377796
0.0142776
0.0434835
0.0120062
0.0477907
0.00909159
0.0510455
0.00567466
0.05356
0.00198147
0.0555386
-0.00171762
0.0570725
-0.00518483
0.0581446
-0.00824555
0.0587595
-0.0107161
0.0589348
-0.0125371
0.0587203
-0.0136324
0.0581506
-0.0139667
0.057333
-0.0136352
0.0562506
-0.0125986
0.0549526
-0.0109493
0.0534034
-0.00864739
0.0515918
-0.00584599
0.0494208
-0.00248537
0.046794
0.00135985
0.04368
0.00576456
0.0399203
0.0105993
0.0353856
0.015756
0.0299749
0.0210313
0.0236354
0.0261291
0.0163977
0.0306533
0.00842203
0.034114
0.03605
0.0108456
0.0175149
0.020889
0.0170728
0.0295299
0.0161312
0.0364938
0.0146127
0.0418397
0.0124723
0.0458681
0.00973921
0.0489703
0.00652924
0.0514798
0.0030244
0.0535881
-0.000563135
0.0553563
-0.00402439
0.0567491
-0.00719733
0.0577473
-0.00991281
0.0583199
-0.012042
0.0585093
-0.0135292
0.0583734
-0.0142684
0.0579133
-0.0142691
0.0571811
-0.0135127
0.0562121
-0.0120614
0.0549885
-0.0098245
0.0535001
-0.00698126
0.051617
-0.00338158
0.0492617
0.000817376
0.0463878
0.00572878
0.0427911
0.0112875
0.0383041
0.0173468
0.0327744
0.023688
0.0260968
0.0299641
0.0182637
0.0356754
0.0094468
0.0401463
0.0427271
0.0105906
0.0173578
0.0203492
0.0169349
0.028665
0.0160459
0.0352813
0.0146334
0.0402976
0.0126667
0.0440616
0.0101732
0.047001
0.00724455
0.0494649
0.00401865
0.0516428
0.000652352
0.053577
-0.00269342
0.0552237
-0.00586954
0.05654
-0.00872238
0.0575038
-0.0111138
0.0581049
-0.0129247
0.0583621
-0.0140333
0.0583282
-0.0144288
0.058029
-0.0140272
0.0574464
-0.0128274
0.0566201
-0.0107753
0.0554877
-0.00796751
0.0540213
-0.00427193
0.0520467
0.000238943
0.0495049
0.0056316
0.0461673
0.0119116
0.0418137
0.0189457
0.0362196
0.0265188
0.0291972
0.0342382
0.0206658
0.0414859
0.0107948
0.0473237
0.0508454
0.0103465
0.016854
0.019839
0.016457
0.0278598
0.0156336
0.0341667
0.0143468
0.0388904
0.012581
0.0424133
0.0103632
0.0451882
0.00776383
0.0475756
0.0048807
0.049765
0.00181972
0.0517961
-0.00130928
0.0536254
-0.00438181
0.0552025
-0.00726232
0.0564921
-0.00980636
0.0574739
-0.0118687
0.0581656
-0.0133234
0.0585648
-0.0140799
0.0587037
-0.0140527
0.0585864
-0.0131797
0.0582282
-0.0113947
0.0575772
-0.00872573
0.056577
-0.00501165
0.0551039
-0.000272701
0.0530318
0.00551646
0.0500921
0.0125043
0.0460089
0.0205885
0.0404573
0.029592
0.0331225
0.0390968
0.0237914
0.0483668
0.0126003
0.0560967
0.0610493
0.0101172
0.0160331
0.0193662
0.015667
0.0271259
0.014918
0.0331656
0.0137681
0.0376386
0.0122162
0.0409504
0.0102904
0.043568
0.00804353
0.045858
0.00553846
0.0480117
0.0028387
0.0500739
9.10684e-06
0.0520127
-0.00286349
0.0537804
-0.00566195
0.0553424
-0.00824935
0.0566678
-0.0104658
0.0577518
-0.0121787
0.0585929
-0.0132584
0.059198
-0.0135882
0.0595868
-0.0130838
0.0597635
-0.0116358
0.0596682
-0.00917012
0.0592509
-0.00555227
0.0584259
-0.000695994
0.056966
0.00541947
0.0546128
0.0130833
0.0510048
0.0222924
0.0456794
0.0329555
0.0381321
0.0446801
0.0279194
0.0566494
0.0150764
0.0670553
0.0742735
0.0099057
0.0149285
0.0189361
0.0145968
0.0264698
0.0139277
0.0322856
0.012919
0.0365516
0.0115826
0.0396861
0.00994818
0.0421611
0.00805493
0.0443427
0.00593847
0.0464265
0.00362628
0.0484663
0.00114838
0.0504473
-0.00144913
0.0523361
-0.00406336
0.054107
-0.00658448
0.0557177
-0.0088467
0.0571599
-0.0107238
0.0584204
-0.0120573
0.0595062
-0.0127104
0.0604212
-0.0125577
0.0611683
-0.011469
0.0617187
-0.00929149
0.0619984
-0.0058665
0.0619352
-0.0010075
0.0612953
0.00532235
0.0597794
0.0136194
0.0569379
0.0240087
0.0521341
0.0365734
0.0445895
0.0510499
0.0334726
0.0666524
0.0185686
0.080922
0.0918595
0.00971415
0.0135754
0.0185518
0.0132806
0.0258943
0.012694
0.0315277
0.0118259
0.0356291
0.0106982
0.0386211
0.00934172
0.0409731
0.00778566
0.0430466
0.0060456
0.045039
0.00412244
0.0470175
0.00201795
0.0489868
-0.000247762
0.0509352
-0.00261558
0.0528397
-0.00497451
0.0546781
-0.0071761
0.0564272
-0.00911353
0.0580726
-0.0106158
0.0596154
-0.0115298
0.0610589
-0.0116976
0.062404
-0.0109612
0.0636534
-0.00913756
0.0647641
-0.00599353
0.0656145
-0.00129544
0.0660036
0.00516869
0.065635
0.0139956
0.0639587
0.0255585
0.0601337
0.0402353
0.0530015
0.058073
0.0411054
0.0785582
0.0236574
0.0985166
0.115761
0.00954405
0.0120091
0.018215
0.0117531
0.025399
0.0112499
0.0308882
0.0105185
0.0348637
0.00958702
0.0377461
0.00848645
0.039997
0.00723864
0.0419696
0.0058455
0.0438618
0.00429041
0.0457541
0.00255462
0.0476728
0.000638884
0.0496203
-0.00142933
0.0516103
-0.00356822
0.0536045
-0.00561795
0.055601
-0.00752417
0.0575808
-0.0091035
0.059548
-0.0102081
0.061506
-0.0106515
0.0634702
-0.0102626
0.0654623
-0.00883095
0.0674419
-0.00605306
0.0693626
-0.0016574
0.0710428
0.00478626
0.0721934
0.0139566
0.0722109
0.0265631
0.0700502
0.0434434
0.0640578
0.0652506
0.0518303
0.0921917
0.0312722
0.12072
0.14885
0.00939643
0.0102644
0.0179262
0.0100485
0.0249818
0.00962852
0.03036
0.00902791
0.0342428
0.00827717
0.0370447
0.00740571
0.039216
0.00642965
0.0410997
0.00534242
0.0428923
0.0041175
0.0446864
0.00272386
0.0465285
0.0011474
0.048451
-0.000606238
0.0504481
-0.00247583
0.052549
-0.00433371
0.0547322
-0.00612764
0.0569846
-0.00770474
0.059326
-0.00892905
0.0617612
-0.00959598
0.0643221
-0.00953165
0.0670632
-0.00851592
0.0700025
-0.00619907
0.0731072
-0.00225215
0.0763202
0.00390621
0.0794058
0.0130918
0.0817882
0.0263955
0.0822861
0.0452891
0.0786853
0.0714651
0.0674023
0.106467
0.0434701
0.148047
0.196017
0.00927198
0.0083744
0.0176854
0.00819926
0.0246393
0.00786169
0.0299344
0.00738521
0.0337513
0.00679878
0.0364963
0.00612812
0.038607
0.00538418
0.040415
0.00455584
0.042115
0.00361246
0.0438087
0.00251775
0.0455605
0.00124804
0.047417
-0.000200393
0.0494153
-0.00181451
0.0515662
-0.00344668
0.05386
-0.00508423
0.0563135
-0.00659427
0.0589852
-0.00788591
0.0618333
-0.00871835
0.0649625
-0.00898165
0.0684179
-0.00840642
0.0723146
-0.00666073
0.0767114
-0.00335438
0.0816632
0.00217
0.0871062
0.0108588
0.0926432
0.0241832
0.0971408
0.044389
0.0977545
0.0748986
0.0886253
0.120237
0.0595405
0.18241
0.261355
0.00917114
0.00637019
0.0174919
0.0062363
0.0243677
0.00597969
0.0296021
0.00562046
0.0333731
0.00518235
0.0360786
0.00468491
0.0381432
0.00413407
0.0398883
0.00351622
0.0415052
0.00280087
0.043103
0.0019517
0.0447605
0.000941094
0.0465404
-0.000245708
0.0485028
-0.00162352
0.0506562
-0.0030156
0.0530302
-0.00448983
0.0556473
-0.00592842
0.0585098
-0.00723717
0.0617246
-0.00823399
0.0653456
-0.00880102
0.0694661
-0.00869988
0.0742808
-0.00764131
0.0799789
-0.00522256
0.0867864
-0.000789409
0.0949417
0.00667394
0.104503
0.0188565
0.115046
0.0385279
0.125071
0.0702212
0.130066
0.121466
0.100645
0.219021
0.370071
0.0090941
0.00428089
0.0173449
0.00418823
0.024163
0.00401068
0.0293539
0.00376191
0.0330927
0.00345728
0.0357694
0.00310791
0.0377976
0.00271405
0.0394891
0.00226074
0.0410327
0.00171976
0.0425426
0.00105958
0.0441085
0.000253072
0.0458129
-0.000724214
0.0477052
-0.00184838
0.0498401
-0.00307956
0.0522384
-0.00441589
0.0549395
-0.00578801
0.0579725
-0.00711713
0.0614429
-0.00828015
0.065453
-0.00918182
0.0701367
-0.00960145
0.0757525
-0.00934629
0.0826479
-0.00806974
0.0912674
-0.00520745
0.102236
0.000143889
0.116188
0.00975632
0.133333
0.0268777
0.150615
0.059308
0.161815
0.117842
0.128293
0.261536
0.50878
0.00723693
0.00256776
0.0138027
0.00250766
0.0192284
0.00239155
0.0233588
0.0022263
0.0263323
0.00201878
0.0284562
0.00177201
0.0300553
0.00148093
0.0313737
0.00112931
0.0325613
0.000691859
0.0337119
0.000146209
0.0349031
-0.000537668
0.0362057
-0.00136996
0.037667
-0.00236479
0.0393364
-0.00349579
0.041244
-0.00475027
0.0434264
-0.00608836
0.0459237
-0.00745097
0.0488286
-0.00877601
0.052206
-0.00993252
0.056247
-0.0108302
0.0611958
-0.0113229
0.0673725
-0.0111117
0.0753706
-0.00985288
0.0861069
-0.00691391
0.101067
-0.0011276
0.123135
0.00952262
0.158955
0.0290849
0.217996
0.0655978
0.342521
0.145459
0.286661
0.575353
0.00721483
0.000830696
0.0137602
0.000802435
0.0191682
0.000745709
0.0232836
0.000659577
0.0262433
0.000541251
0.0283515
0.000384617
0.0299292
0.000178759
0.0312171
-9.73645e-05
0.0323665
-0.000452284
0.0334702
-0.000914423
0.0346083
-0.00151234
0.0358524
-0.00225688
0.0372603
-0.0031573
0.0388886
-0.00421431
0.040768
-0.00541073
0.0429423
-0.00673705
0.0454665
-0.00815828
0.0484109
-0.00963477
0.0518981
-0.0111008
0.0561106
-0.0124957
0.0612969
-0.0137436
0.0678763
-0.014712
0.0765417
-0.0152757
0.0883362
-0.0151416
0.105176
-0.0138867
0.130059
-0.010589
0.16883
-0.00372817
0.231782
0.00976331
0.353609
0.0326148
0.0761456
0.575572
0.00720448
-0.000917783
0.0137395
-0.000915344
0.0191369
-0.000915287
0.0232407
-0.00092694
0.0261868
-0.000963473
0.0282777
-0.00104086
0.029833
-0.00117655
0.031093
-0.00138902
0.0322015
-0.00169673
0.0332564
-0.00211105
0.03434
-0.00265173
0.035529
-0.00333747
0.0368854
-0.00418209
0.0384579
-0.00519265
0.0402929
-0.00636925
0.0424347
-0.00771293
0.0449413
-0.00921469
0.0478916
-0.0108628
0.0514084
-0.0126418
0.055674
-0.0145415
0.0609592
-0.0165708
0.0677111
-0.0187566
0.0766278
-0.0211875
0.0889071
-0.0240313
0.106627
-0.0276744
0.133633
-0.0328968
0.176987
-0.0415189
0.249297
-0.0553459
0.367543
-0.0765309
-0.113944
0.569223
0.00720543
-0.00266563
0.0137396
-0.00263412
0.0191327
-0.00258057
0.0232276
-0.00252282
0.0261588
-0.00248468
0.0282287
-0.0024924
0.0297565
-0.00257048
0.0309821
-0.00273871
0.0320523
-0.00301241
0.0330618
-0.00340235
0.0340933
-0.00392002
0.0352252
-0.0045806
0.0365216
-0.00540191
0.0380345
-0.00639877
0.0398092
-0.0075847
0.0418937
-0.00897277
0.0443471
-0.0105759
0.0472493
-0.0124109
0.0507212
-0.0145027
0.0549379
-0.0168996
0.0601626
-0.0196919
0.0668177
-0.0230397
0.0755698
-0.0272523
0.087526
-0.0328959
0.104558
-0.0410668
0.129815
-0.0537562
0.168817
-0.0750392
0.232648
-0.112271
0.356347
-0.191438
-0.329201
0.582851
0.00721711
-0.00440114
0.0137594
-0.00434274
0.0191539
-0.00423982
0.0232415
-0.0041184
0.026156
-0.00401269
0.0282003
-0.0039593
0.0296955
-0.00399026
0.0308832
-0.00412774
0.0319114
-0.00438437
0.0328749
-0.00476728
0.0338548
-0.00528442
0.0349287
-0.00594815
0.0361616
-0.00677683
0.0376059
-0.00779072
0.0393073
-0.00901283
0.0413134
-0.0104689
0.0436818
-0.0121907
0.0464892
-0.0142206
0.0498471
-0.016619
0.0539148
-0.0194846
0.0589276
-0.0229783
0.0652506
-0.0273686
0.0734458
-0.0331383
0.0844155
-0.0411595
0.0997058
-0.0531163
0.122197
-0.0722717
0.158628
-0.106459
0.21898
-0.166316
0.347413
-0.311839
0.591829
-0.563272
0.57097
0.0129081
0.586818
-0.00628144
0.602123
-0.00502339
0.615476
-0.00270879
0.627444
-0.00129408
0.638456
-0.000602879
0.648642
-0.000290015
0.657982
-0.000142286
0.66643
-7.07375e-05
0.673965
-3.5609e-05
0.6806
-1.80142e-05
0.686383
-9.1159e-06
0.691385
-4.62058e-06
0.695687
-2.34079e-06
0.699373
-1.17875e-06
0.702519
-5.82557e-07
0.705191
-2.7471e-07
0.707445
-1.15598e-07
0.709324
-2.74752e-08
0.710865
3.03325e-08
0.712094
5.40035e-08
0.713029
7.17155e-08
0.713688
6.76714e-08
0.714079
5.81489e-08
5.44908e-08
0.602477
-0.00541342
0.607298
-0.00149917
0.612897
-0.000289107
0.620799
4.17196e-05
0.630048
0.000124514
0.639749
0.000101325
0.649293
6.01651e-05
0.658315
3.20175e-05
0.666606
1.59922e-05
0.674062
7.59874e-06
0.680658
3.52077e-06
0.686421
1.57615e-06
0.691413
6.75038e-07
0.695711
2.66586e-07
0.699394
9.24768e-08
0.702538
3.47435e-08
0.70521
1.40623e-08
0.707464
9.7844e-09
0.709343
1.72394e-08
0.710884
2.67535e-08
0.712113
2.86165e-08
0.713048
3.37935e-08
0.713707
3.13472e-08
0.714098
2.81368e-08
2.61101e-08
0.576793
-0.00437371
0.589414
-0.00452798
0.602553
-0.00320509
0.615163
-0.00194893
0.627065
-0.00110924
0.638197
-0.000622443
0.648494
-0.000339701
0.657907
-0.000182612
0.666399
-9.70393e-05
0.673957
-5.09738e-05
0.680605
-2.65356e-05
0.686395
-1.3693e-05
0.6914
-7.022e-06
0.695704
-3.58793e-06
0.69939
-1.82837e-06
0.702537
-9.28724e-07
0.70521
-4.70689e-07
0.707464
-2.37324e-07
0.709343
-1.2253e-07
0.710884
-7.17948e-08
0.712113
-4.29074e-08
0.713048
-3.12078e-08
0.713707
-1.95504e-08
0.714098
-1.26756e-08
-1.72043e-08
0.607132
-0.0201186
0.610111
0.00205454
0.614376
0.00277721
0.621547
0.00149707
0.630445
0.000652708
0.639963
0.000263126
0.649409
0.000109221
0.658379
4.57087e-05
0.66664
1.91399e-05
0.67408
8.16635e-06
0.680667
3.51533e-06
0.686426
1.49909e-06
0.691416
6.31939e-07
0.695712
2.48008e-07
0.699394
7.50281e-08
0.702539
7.23287e-09
0.705211
-2.30752e-08
0.707464
-3.31837e-08
0.709343
-4.56001e-08
0.710884
-6.86469e-08
0.712113
-7.10995e-08
0.713048
-7.53202e-08
0.713707
-6.34526e-08
0.714098
-5.01011e-08
-5.00228e-08
0.580196
0.591761
0.604761
0.616866
0.628176
0.638842
0.648848
0.658092
0.666489
0.673996
0.680617
0.686392
0.69139
0.69569
0.699374
0.702519
0.705192
0.707445
0.709324
0.710865
0.712094
0.713029
0.713688
0.714079
0.00914725
-0.00655939
0.0174345
-0.00647103
0.024258
-0.00631302
0.0294126
-0.00612055
0.0330665
-0.00594
0.035605
-0.0058207
0.0374385
-0.00580451
0.0388773
-0.00591789
0.0401108
-0.00617157
0.0412585
-0.00656744
0.0424203
-0.00710872
0.0436914
-0.00780567
0.0451527
-0.00867689
0.0468688
-0.00974731
0.0488958
-0.011048
0.0512905
-0.0126182
0.0541198
-0.0145086
0.0574703
-0.0167872
0.0614617
-0.0195504
0.0662605
-0.0229432
0.0721026
-0.027189
0.0793279
-0.0326422
0.0884084
-0.0398872
0.0999583
-0.0498992
0.114623
-0.0643344
0.132595
-0.0859366
0.150816
-0.11924
0.163095
-0.171774
0.130133
-0.27051
-0.423285
0.00919948
-0.00865696
0.0175274
-0.0085445
0.0243705
-0.00834175
0.0295174
-0.00809091
0.033135
-0.00784845
0.0356133
-0.00767522
0.0373718
-0.00762298
0.0387296
-0.0077237
0.0398809
-0.00798781
0.0409444
-0.00841308
0.042016
-0.00899802
0.0431859
-0.00975009
0.0445313
-0.0106879
0.0461131
-0.0118395
0.0479822
-0.0132417
0.0501887
-0.0149432
0.0527886
-0.0170075
0.055851
-0.0195207
0.0594656
-0.0226014
0.0637501
-0.0264214
0.068859
-0.0312339
0.0749892
-0.037422
0.0823705
-0.0455776
0.0912149
-0.0566239
0.101568
-0.0720083
0.112999
-0.0939575
0.123978
-0.125888
0.129942
-0.172334
0.1012
-0.235253
-0.314603
0.00926608
-0.0106713
0.0176469
-0.0105421
0.0245173
-0.0103075
0.0296582
-0.0100136
0.0332346
-0.00972409
0.0356422
-0.0095092
0.037312
-0.00943042
0.0385753
-0.00952613
0.0396333
-0.00980831
0.0406044
-0.0102721
0.0415789
-0.0109115
0.0426407
-0.0117313
0.0438616
-0.012749
0.0452968
-0.0139942
0.0469907
-0.0155077
0.0489838
-0.0173432
0.051319
-0.0195723
0.0540452
-0.02229
0.0572203
-0.025626
0.0609122
-0.0297602
0.0651972
-0.0349481
0.0701465
-0.0415569
0.0757924
-0.0501198
0.0820414
-0.0614078
0.0884754
-0.0765136
0.0939366
-0.0968993
0.0955377
-0.124249
0.0873441
-0.160087
0.0590579
-0.202118
-0.250086
0.00934281
-0.0125799
0.0177855
-0.0124429
0.0246896
-0.012192
0.0298265
-0.0118736
0.0333582
-0.0115543
0.0356861
-0.0113113
0.0372546
-0.0112148
0.0384101
-0.0113106
0.0393631
-0.0116141
0.0402322
-0.0121194
0.041102
-0.012817
0.0420485
-0.0137084
0.0431367
-0.0148097
0.0444152
-0.0161507
0.0459205
-0.0177735
0.0476826
-0.0197342
0.0497302
-0.0221068
0.0520916
-0.024989
0.0547946
-0.0285103
0.0578627
-0.0328453
0.0613053
-0.0382308
0.0650976
-0.0449905
0.0691358
-0.0535644
0.0731509
-0.0645382
0.0765426
-0.0786533
0.0781013
-0.0967474
0.0755783
-0.119469
0.0653457
-0.147003
0.0424384
-0.175805
-0.203856
0.00942452
-0.0143602
0.0179342
-0.014226
0.0248768
-0.0139773
0.0300124
-0.0136561
0.0334982
-0.0133275
0.0357402
-0.0130719
0.037197
-0.0129668
0.0382322
-0.0130664
0.0390685
-0.0133914
0.0398261
-0.0139366
0.0405834
-0.0146902
0.0414077
-0.0156504
0.0423561
-0.0168311
0.0434701
-0.0182612
0.0447776
-0.0199823
0.0462984
-0.0220501
0.0480471
-0.0245371
0.0500331
-0.0275375
0.0522578
-0.0311735
0.0547083
-0.0356037
0.0573443
-0.0410345
0.0600752
-0.047732
0.062718
-0.0560335
0.0649259
-0.0663467
0.0660722
-0.0791197
0.0650879
-0.0947395
0.0602977
-0.113256
0.049284
-0.134144
0.0299684
-0.154267
-0.171422
0.00950513
-0.0159899
0.0180825
-0.0158707
0.0250664
-0.0156453
0.0302044
-0.0153467
0.0336457
-0.0150326
0.0357991
-0.0147826
0.0371369
-0.0146794
0.0380417
-0.014786
0.0387506
-0.0151304
0.0393875
-0.0157108
0.0400248
-0.016514
0.0407208
-0.0175351
0.0415239
-0.0187853
0.0424682
-0.0202914
0.0435734
-0.0220932
0.0448492
-0.0242436
0.0462977
-0.0268107
0.047912
-0.0298814
0.0496724
-0.033565
0.0515387
-0.0379986
0.0534373
-0.0433519
0.0552392
-0.0498312
0.0567262
-0.0576769
0.0575393
-0.0671465
0.0571082
-0.0784676
0.054574
-0.0917353
0.0487659
-0.106695
0.0382278
-0.122562
0.0221798
-0.136922
-0.147788
0.00957763
-0.017447
0.0182181
-0.0173562
0.025244
-0.0171781
0.0303885
-0.0169306
0.0337903
-0.0166587
0.035857
-0.0164356
0.0370728
-0.016347
0.0378399
-0.0164644
0.0384123
-0.0168255
0.0389201
-0.0174339
0.0394311
-0.0182773
0.0399939
-0.0193479
0.0406481
-0.0206538
0.0414202
-0.0222189
0.0423223
-0.0240797
0.0433553
-0.0262849
0.0445103
-0.0288963
0.0457676
-0.0319905
0.0470918
-0.0356615
0.0484246
-0.0400222
0.0496725
-0.0452054
0.05069
-0.0513612
0.0512535
-0.0586471
0.0510296
-0.0672042
0.0495377
-0.0771078
0.046127
-0.0882806
0.0400125
-0.100342
0.0303685
-0.112482
0.0169847
-0.122936
-0.130102
0.00963425
-0.0187105
0.0183274
-0.0186627
0.0253928
-0.0185575
0.0305492
-0.018393
0.0339198
-0.0181945
0.0359066
-0.0180236
0.0370023
-0.0179651
0.0376283
-0.0180987
0.0380578
-0.0184735
0.0384297
-0.0191017
0.0388089
-0.0199739
0.0392351
-0.0210806
0.0397389
-0.0224262
0.040339
-0.0240309
0.0410409
-0.0259274
0.0418378
-0.0281589
0.0427123
-0.0307795
0.043635
-0.0338546
0.04456
-0.0374615
0.0454182
-0.0416894
0.0461079
-0.0466366
0.0464815
-0.0524047
0.0463289
-0.0590851
0.0453593
-0.0667344
0.0431879
-0.0753304
0.0393406
-0.0847057
0.0333098
-0.0944512
0.0246579
-0.10384
0.0134207
-0.111601
-0.116521
0.00966655
-0.0197607
0.0183953
-0.0197708
0.0254948
-0.019766
0.0306683
-0.0197186
0.0340199
-0.0196283
0.0359392
-0.0195386
0.0369227
-0.0195293
0.0374089
-0.019687
0.0376919
-0.0200737
0.0379227
-0.0207133
0.0381662
-0.021602
0.0384539
-0.02273
0.0388073
-0.0240982
0.0392382
-0.0257227
0.0397457
-0.0276315
0.040317
-0.0298618
0.0409284
-0.0324595
0.0415436
-0.0354783
0.0421107
-0.0389796
0.0425561
-0.0430302
0.0427776
-0.0476984
0.0426351
-0.0530461
0.0419413
-0.0591152
0.0404536
-0.0659041
0.0378741
-0.0733337
0.0338679
-0.0811995
0.0281179
-0.0891133
0.0204146
-0.0964642
0.0108926
-0.102338
-0.105847
0.00966576
-0.0205799
0.0184061
-0.0206632
0.0255301
-0.0207863
0.0307259
-0.0208917
0.0340737
-0.0209468
0.0359438
-0.0209714
0.0368292
-0.0210348
0.0371827
-0.0212282
0.0373195
-0.021627
0.0374064
-0.0222701
0.0375114
-0.0231627
0.03766
-0.0242969
0.0378651
-0.0256708
0.0381313
-0.0272956
0.0384526
-0.0291945
0.0388116
-0.0313985
0.0391798
-0.033945
0.0395172
-0.0368768
0.0397691
-0.0402402
0.0398617
-0.0440826
0.0396977
-0.0484472
0.0391499
-0.0533652
0.0380573
-0.0588425
0.0362234
-0.0648407
0.0334238
-0.0712511
0.0294277
-0.0778633
0.0240451
-0.0843322
0.0171955
-0.0901614
0.00904424
-0.0946897
-0.0972815
0.00962306
-0.0211535
0.0183437
-0.0213242
0.0254782
-0.0216022
0.0307005
-0.0218959
0.0340625
-0.0221358
0.0359069
-0.0223111
0.0367155
-0.0224753
0.0369497
-0.0227203
0.0369452
-0.023135
0.0368881
-0.0237756
0.0368535
-0.0246602
0.0368635
-0.0257856
0.0369234
-0.0271484
0.0370313
-0.0287554
0.0371763
-0.0306242
0.0373377
-0.0327797
0.0374842
-0.0352514
0.0375739
-0.0380717
0.0375519
-0.0412739
0.0373477
-0.0448886
0.0368714
-0.0489393
0.0360113
-0.0534339
0.0346324
-0.058354
0.0325795
-0.0636396
0.0296866
-0.0691708
0.0257987
-0.0747478
0.0208082
-0.0800744
0.0147054
-0.0847553
0.00765484
-0.0883078
-0.0902797
0.00953009
-0.0214709
0.0181923
-0.0217417
0.0253182
-0.0221989
0.0305695
-0.022715
0.0339652
-0.0231791
0.0358126
-0.0235443
0.0365724
-0.023842
0.0367076
-0.02416
0.0365727
-0.024599
0.0363747
-0.0252341
0.036201
-0.0261002
0.036074
-0.0272027
0.0359929
-0.0285386
0.0359496
-0.0301109
0.0359294
-0.0319318
0.0359088
-0.0340201
0.0358552
-0.0363978
0.0357265
-0.0390883
0.0354696
-0.0421133
0.0350186
-0.0454904
0.0342931
-0.0492271
0.0331968
-0.0533152
0.031619
-0.0577204
0.0294389
-0.0623721
0.0265362
-0.0671499
0.0228093
-0.0718731
0.0182032
-0.0762927
0.0127445
-0.0800964
0.00658408
-0.0829288
-0.084467
0.0093794
-0.0215262
0.0179379
-0.0219072
0.0250306
-0.0225639
0.0303099
-0.0233327
0.0337592
-0.0240589
0.035642
-0.0246547
0.0363877
-0.0251229
0.0364519
-0.0255414
0.0362035
-0.026019
0.0358722
-0.0266501
0.0355622
-0.0274899
0.0353005
-0.0285567
0.0350831
-0.0298511
0.0348966
-0.0313736
0.0347227
-0.0331311
0.0345359
-0.0351366
0.0343034
-0.0374055
0.0339838
-0.039953
0.0335272
-0.0427916
0.0328734
-0.0459279
0.0319515
-0.0493582
0.0306802
-0.0530627
0.02897
-0.0569983
0.026728
-0.0610904
0.0238685
-0.0652251
0.0203272
-0.069243
0.0160817
-0.0729376
0.0111754
-0.0760628
0.00574088
-0.0783541
-0.079579
0.00916506
-0.0213195
0.0175682
-0.021817
0.0245974
-0.0226879
0.0298997
-0.0237337
0.0334211
-0.0247559
0.035374
-0.0256225
0.0361456
-0.0263017
0.0361744
-0.0268542
0.0358369
-0.027392
0.0353853
-0.0280269
0.0349444
-0.0288369
0.0345516
-0.0298576
0.0342029
-0.0310973
0.0338812
-0.0325563
0.0335649
-0.0342373
0.0332273
-0.0361476
0.0328357
-0.0382964
0.0323507
-0.0406923
0.0317256
-0.0433401
0.0309067
-0.0462381
0.0298322
-0.0493743
0.0284344
-0.0527215
0.0266414
-0.0562324
0.024383
-0.0598331
0.021599
-0.0634192
0.0182505
-0.0668526
0.014335
-0.0699631
0.00990174
-0.0725567
0.00506461
-0.0744344
-0.0754268
0.00888317
-0.0208571
0.0170747
-0.0214732
0.0240046
-0.0225655
0.0293195
-0.0239043
0.0329277
-0.0252498
0.0349852
-0.0264246
0.035827
-0.027357
0.0358627
-0.0280832
0.0354684
-0.0287106
0.0349158
-0.0293652
0.0343536
-0.0301478
0.0338347
-0.0311156
0.03336
-0.0322896
0.0329109
-0.0336731
0.0324632
-0.0352662
0.0319893
-0.0370714
0.031457
-0.0390924
0.0308291
-0.0413317
0.030063
-0.0437883
0.0291106
-0.0464541
0.0279192
-0.0493114
0.0264325
-0.0523289
0.0245935
-0.0554578
0.0223496
-0.058628
0.0196591
-0.0617456
0.0165005
-0.0646925
0.0128826
-0.0673286
0.00885485
-0.0695004
0.00451381
-0.0710568
-0.0718722
0.0085324
-0.0201525
0.0164531
-0.0208843
0.0232424
-0.0221962
0.0285529
-0.0238339
0.0322574
-0.0255207
0.0344514
-0.0270353
0.0354092
-0.0282625
0.0354999
-0.0292063
0.0350891
-0.0299613
0.0344625
-0.0306608
0.0337938
-0.0314268
0.0331564
-0.0323407
0.0325613
-0.0334411
0.031992
-0.034739
0.0314231
-0.0362346
0.030826
-0.0379268
0.0301696
-0.0398144
0.0294189
-0.0418951
0.028535
-0.0441628
0.0274758
-0.0466051
0.0261961
-0.0492004
0.0246495
-0.0519153
0.0227911
-0.054702
0.0205818
-0.0574953
0.0179935
-0.0602121
0.015016
-0.0627517
0.0116643
-0.0649991
0.00798491
-0.0668323
0.00405927
-0.068135
-0.068813
0.00811438
-0.0192263
0.015704
-0.0200655
0.0223074
-0.0215856
0.0275895
-0.0235157
0.0313917
-0.0255501
0.0337487
-0.0274271
0.034867
-0.028987
0.0350643
-0.0301949
0.0346844
-0.0311228
0.0340193
-0.0319029
0.0332654
-0.0326734
0.0325209
-0.0335402
0.0318126
-0.034564
0.0311301
-0.035769
0.0304489
-0.0371593
0.0297406
-0.0387322
0.0289746
-0.0404829
0.0281183
-0.0424048
0.0271365
-0.044488
0.0259921
-0.0467168
0.0246467
-0.0490673
0.0230622
-0.0515058
0.0212034
-0.0539863
0.0190413
-0.0564493
0.0165575
-0.058822
0.0137492
-0.0610188
0.0106343
-0.0629451
0.0072551
-0.0645032
0.00368007
-0.0656029
-0.0661723
0.00763385
-0.0181059
0.0148341
-0.0190389
0.021203
-0.0207457
0.0264255
-0.0229486
0.0303173
-0.0253226
0.0328549
-0.0275725
0.0341736
-0.0294957
0.03453
-0.0310132
0.034234
-0.0321651
0.0335739
-0.0330718
0.0327646
-0.0338797
0.0319301
-0.034717
0.0311181
-0.0356688
0.0303295
-0.0367777
0.0295442
-0.038057
0.0287348
-0.0395058
0.0278718
-0.0411172
0.0269245
-0.0428816
0.0258612
-0.0447858
0.0246492
-0.0468117
0.0232558
-0.0489346
0.0216498
-0.0511209
0.0198036
-0.0533274
0.0176957
-0.0555006
0.0153148
-0.0575767
0.0126625
-0.0594831
0.00975759
-0.0611417
0.00663788
-0.062474
0.00336075
-0.0634089
-0.063891
0.00709867
-0.0168247
0.0138554
-0.0178329
0.0199403
-0.0196956
0.0250652
-0.0221384
0.0290281
-0.0248285
0.0317524
-0.0274468
0.0333027
-0.029752
0.0338677
-0.0316196
0.0337114
-0.033049
0.0331075
-0.0341369
0.0322814
-0.0350281
0.0313812
-0.0358663
0.0304794
-0.0367612
0.0295934
-0.0377777
0.0287116
-0.0389441
0.0278098
-0.0402656
0.0268602
-0.0417363
0.0258342
-0.0433449
0.0247028
-0.045076
0.0234371
-0.0469099
0.0220093
-0.0488212
0.0203937
-0.0507775
0.0185686
-0.0527387
0.0165182
-0.0546567
0.0142359
-0.0564759
0.0117261
-0.0581348
0.00900709
-0.0595684
0.00611227
-0.0607132
0.00308981
-0.0615128
-0.0619238
0.00651955
-0.0154209
0.012786
-0.016482
0.0185385
-0.0184614
0.023522
-0.0210986
0.0275264
-0.0240653
0.0304302
-0.0270304
0.0322309
-0.0297211
0.0330465
-0.0319688
0.0330853
-0.0337267
0.0325939
-0.0350562
0.0317981
-0.0360882
0.0308656
-0.0369724
0.0298943
-0.0378388
0.0289229
-0.0387768
0.0279527
-0.0398343
0.0269662
-0.0410286
0.0259387
-0.0423585
0.0248437
-0.0438135
0.0236548
-0.0453772
0.0223463
-0.0470292
0.0208943
-0.0487438
0.0192775
-0.0504901
0.0174786
-0.0522309
0.0154862
-0.0539234
0.0132967
-0.055519
0.0109161
-0.0569653
0.00836147
-0.0582083
0.0056621
-0.059196
0.0028584
-0.0598831
-0.0602353
0.00590947
-0.0139355
0.0116485
-0.0150245
0.0170236
-0.0170756
0.0218186
-0.0198511
0.0258247
-0.0230401
0.0288862
-0.0263119
0.0309409
-0.029373
0.032037
-0.0320156
0.0323211
-0.0341444
0.0319999
-0.0357767
0.0312889
-0.0370155
0.0303668
-0.0380049
0.0293548
-0.0388871
0.0283154
-0.0397742
0.0272674
-0.0407368
0.0262039
-0.0418095
0.0251057
-0.0430011
0.0239495
-0.0443054
0.0227113
-0.0457072
0.0213682
-0.0471863
0.0198993
-0.0487175
0.0182868
-0.0502713
0.0165168
-0.0518135
0.0145809
-0.0533057
0.0124775
-0.0547054
0.0102133
-0.0559678
0.00780398
-0.0570478
0.00527478
-0.0579024
0.0026598
-0.0584951
-0.0587982
0.00528291
-0.0124109
0.010469
-0.0135019
0.0154282
-0.015576
0.0199864
-0.0184262
0.0239457
-0.0217703
0.0271288
-0.0252912
0.029424
-0.0286873
0.0308148
-0.0317197
0.0313834
-0.0342468
0.0312879
-0.0362364
0.0307198
-0.0377514
0.0298594
-0.0389167
0.028845
-0.0398754
0.0277628
-0.0407557
0.0266524
-0.0416513
0.0255214
-0.0426175
0.0243596
-0.0436787
0.0231484
-0.0448373
0.021867
-0.046083
0.020495
-0.0473974
0.0190142
-0.0487566
0.0174093
-0.050133
0.0156689
-0.051495
0.0137867
-0.052808
0.0117623
-0.0540349
0.00960243
-0.0551371
0.00732119
-0.0560764
0.00494037
-0.0568173
0.00248863
-0.0573297
-0.0575913
0.00465499
-0.0108885
0.00927568
-0.0119559
0.0137891
-0.0140041
0.0180641
-0.0168618
0.0219227
-0.0202845
0.0251784
-0.0239816
0.027683
-0.0276563
0.0293638
-0.0310505
0.030241
-0.0339826
0.0304176
-0.0363694
0.0300502
-0.038226
0.0293085
-0.0396433
0.0283395
-0.0407529
0.0272491
-0.0416885
0.0260988
-0.0425622
0.0249142
-0.0434513
0.0236972
-0.0443994
0.0224369
-0.045423
0.0211171
-0.0465204
0.0197202
-0.0476782
0.0182305
-0.0488755
0.0166345
-0.0500871
0.0149228
-0.0512842
0.0130904
-0.0524356
0.0111377
-0.0535086
0.00907086
-0.0544697
0.00690241
-0.0552865
0.00465099
-0.055929
0.00234076
-0.0563726
-0.0565986
0.00404051
-0.00940666
0.00809699
-0.0104271
0.0121452
-0.0124032
0.0160959
-0.0152016
0.0197977
-0.018622
0.0230672
-0.0224106
0.0257337
-0.0262889
0.0276803
-0.0299928
0.0288706
-0.0333108
0.0293516
-0.0361131
0.0292363
-0.0383627
0.0286714
-0.0401063
0.0278026
-0.0414484
0.0267483
-0.042517
0.0255898
-0.0434328
0.024372
-0.0442921
0.0231124
-0.045159
0.0218106
-0.0460682
0.0204569
-0.0470309
0.019038
-0.0480426
0.0175407
-0.0490881
0.0159536
-0.050146
0.0142686
-0.0511909
0.0124815
-0.0521951
0.0105929
-0.0531295
0.00860849
-0.053965
0.00653901
-0.0546736
0.00440036
-0.0552302
0.00221282
-0.0556137
-0.0558091
0.00345301
-0.00799886
0.00695972
-0.00895248
0.0105351
-0.0108155
0.0141287
-0.0134927
0.0176196
-0.0168307
0.0208385
-0.0206198
0.023606
-0.024612
0.025775
-0.0285509
0.0272617
-0.0322082
0.0280601
-0.035416
0.0282353
-0.0380871
0.0279011
-0.0402179
0.0271896
-0.0418737
0.0262235
-0.0431614
0.025098
-0.0442001
0.0238765
-0.0450965
0.0225934
-0.045933
0.0212615
-0.0467635
0.0198803
-0.047616
0.0184426
-0.0484987
0.0169387
-0.0494055
0.0153595
-0.0503215
0.0136981
-0.0512259
0.0119512
-0.0520949
0.0101193
-0.0529032
0.00820723
-0.0536254
0.00622416
-0.0542373
0.00418351
-0.0547175
0.00210225
-0.0550481
-0.0552164
0.00290399
-0.00669231
0.00588748
-0.00756364
0.00899478
-0.00928072
0.0122087
-0.0117833
0.0154409
-0.0149646
0.0185439
-0.0186634
0.0213429
-0.0226707
0.0236744
-0.0267514
0.0254199
-0.0306746
0.0265268
-0.0342468
0.0270123
-0.0373375
0.026951
-0.0398923
0.0264511
-0.0419295
0.0256283
-0.0435224
0.0245851
-0.0447738
0.0233986
-0.0457912
0.0221195
-0.0466679
0.0207755
-0.0474747
0.0193776
-0.0482578
0.0179264
-0.0490407
0.0164177
-0.0498302
0.0148454
-0.0506204
0.0132046
-0.0513977
0.0114926
-0.0521435
0.00970998
-0.0528368
0.00786068
-0.0534561
0.00595247
-0.0539807
0.00399651
-0.0543921
0.00200693
-0.0546754
-0.0548195
0.00240229
-0.00550709
0.0048992
-0.00628564
0.00755489
-0.00783287
0.0103789
-0.0101192
0.0133139
-0.0130803
0.0162403
-0.016604
0.0189981
-0.0205262
0.0214209
-0.0246434
0.0233687
-0.0287367
0.0247525
-0.0326013
0.0255459
-0.0360748
0.0257819
-0.0390574
0.0255374
-0.0415185
0.0249111
-0.0434887
0.0240026
-0.0450418
0.0228975
-0.0462726
0.021659
-0.0472764
0.0203292
-0.0481345
0.0189318
-0.0489083
0.0174773
-0.049638
0.0159684
-0.0503449
0.0144038
-0.0510355
0.0127813
-0.0517055
0.0110994
-0.0523437
0.00935902
-0.0529348
0.00756361
-0.0534619
0.00571964
-0.053908
0.00383632
-0.0542577
0.00192531
-0.0544984
-0.0546208
0.00195393
-0.00445575
0.00400853
-0.00513611
0.00623936
-0.00649938
0.00867572
-0.00854092
0.0112878
-0.0112331
0.0139855
-0.0145089
0.016632
-0.0182513
0.0190694
-0.0222962
0.0211494
-0.0264484
0.0227583
-0.0305069
0.0238339
-0.0342919
0.0243696
-0.0376683
0.0244072
-0.0405601
0.0240206
-0.0429521
0.0232976
-0.0448802
0.0223232
-0.0464142
0.021169
-0.0476387
0.019888
-0.0486373
0.0185163
-0.0494809
0.0170752
-0.0502231
0.015576
-0.0509002
0.0140234
-0.0515321
0.0124191
-0.0521263
0.0107642
-0.0526811
0.00906042
-0.0531887
0.00731108
-0.053638
0.00552178
-0.0540166
0.00370021
-0.0543127
0.00185594
-0.0545161
-0.0546195
0.00156203
-0.00354362
0.00322361
-0.00412515
0.00506451
-0.0052998
0.00712717
-0.0070818
0.00940423
-0.00947287
0.0118342
-0.0124448
0.0143074
-0.0159255
0.0166839
-0.019794
0.0188185
-0.0238881
0.0205852
-0.028024
0.0218959
-0.0320192
0.0227101
-0.035717
0.0230348
-0.0390052
0.0229148
-0.0418254
0.0224184
-0.0441716
0.0216221
-0.0460798
0.0205979
-0.047613
0.0194065
-0.048845
0.0180933
-0.0498483
0.0166899
-0.0506851
0.0152168
-0.0514028
0.013686
-0.0520344
0.0121044
-0.0525999
0.0104765
-0.0531084
0.00880598
-0.0535613
0.00709682
-0.0539549
0.00535433
-0.0542824
0.00358518
-0.0545365
0.00179738
-0.0547103
-0.0547983
0.00122697
-0.00276943
0.00254714
-0.00325567
0.00403886
-0.00424553
0.00575172
-0.00576614
0.00769539
-0.0078408
0.00983337
-0.0104724
0.0120842
-0.013628
0.0143316
-0.0172292
0.016443
-0.0211526
0.0182912
-0.0252416
0.0197732
-0.029325
0.020823
-0.0332394
0.0214166
-0.0368489
0.021569
-0.0400598
0.0213243
-0.042826
0.0207436
-0.0451459
0.0198926
-0.0470524
0.0188327
-0.0486003
0.0176156
-0.0498529
0.0162809
-0.0508723
0.0148574
-0.051713
0.0133646
-0.0524176
0.0118158
-0.0530167
0.0102198
-0.0535305
0.00858313
-0.0539703
0.00691148
-0.0543405
0.00521064
-0.0546416
0.00348695
-0.0548713
0.00174749
-0.0550268
-0.055105
0.000946745
-0.00212649
0.00197696
-0.00252423
0.0031635
-0.00334011
0.00455816
-0.00460873
0.00618221
-0.00636752
0.00801956
-0.00864206
0.0100147
-0.011431
0.0120775
-0.0146943
0.0140944
-0.0183483
0.0159464
-0.0222701
0.0175261
-0.0263112
0.0187514
-0.030315
0.0195742
-0.0341363
0.019982
-0.0376576
0.0199937
-0.0407998
0.0196505
-0.0435249
0.0190057
-0.0458324
0.0181156
-0.0477504
0.0170325
-0.0493246
0.0158007
-0.0506087
0.0144556
-0.0516552
0.0130235
-0.0525116
0.0115238
-0.0532162
0.00997023
-0.0537981
0.00837324
-0.0542775
0.00674097
-0.0546673
0.00508062
-0.0549752
0.00339902
-0.0552049
0.00170312
-0.0553578
-0.0554342
0.000717472
-0.00160396
0.0015069
-0.0019223
0.00243308
-0.00258013
0.00354621
-0.00361504
0.00487429
-0.00507199
0.00641653
-0.00699123
0.00813958
-0.00939467
0.00997821
-0.0122737
0.0118418
-0.0155812
0.013626
-0.0192307
0.0152276
-0.0231032
0.0165582
-0.0270606
0.0175535
-0.0309617
0.0181792
-0.0346785
0.0184305
-0.0381091
0.0183271
-0.0411856
0.0179061
-0.0438754
0.0172135
-0.0461769
0.0162972
-0.0481122
0.0152019
-0.0497186
0.0139661
-0.05104
0.0126213
-0.052121
0.0111921
-0.0530021
0.00969745
-0.0537174
0.00815169
-0.0542941
0.00656621
-0.0547524
0.00495037
-0.0551064
0.00331235
-0.0553654
0.00165978
-0.0555354
-0.0556195
0.000533935
-0.00118832
0.00112783
-0.00143765
0.00183715
-0.00195658
0.00270786
-0.00278221
0.00377063
-0.00396174
0.00503513
-0.00554298
0.00648538
-0.00756296
0.00807818
-0.0100366
0.00974565
-0.0129475
0.0114023
-0.0162433
0.0129558
-0.0198377
0.0143192
-0.0236187
0.0154208
-0.02746
0.016211
-0.0312358
0.0166655
-0.0348337
0.0167842
-0.0381655
0.0165862
-0.0411717
0.0161038
-0.0438227
0.0153765
-0.0461147
0.0144449
-0.0480637
0.0133473
-0.0496986
0.0121174
-0.0510548
0.0107834
-0.0521689
0.00936824
-0.0530751
0.0078904
-0.0538032
0.0063646
-0.0543776
0.00480293
-0.0548171
0.00321567
-0.0551359
0.00161188
-0.0553434
-0.0554456
0.000390162
-0.000864672
0.000828763
-0.00105581
0.00136169
-0.00145638
0.00202911
-0.00210064
0.00286135
-0.00303407
0.00387417
-0.00430637
0.00506424
-0.00596252
0.00640624
-0.00803298
0.00785283
-0.0105247
0.00933821
-0.0134145
0.0107852
-0.0166478
0.0121145
-0.0201411
0.0132541
-0.0237912
0.0141467
-0.0274848
0.0147542
-0.0311106
0.0150598
-0.0345707
0.0150657
-0.0377878
0.0147894
-0.0407092
0.014259
-0.0433069
0.0135077
-0.0455742
0.0125702
-0.0475211
0.0114793
-0.0491688
0.0102647
-0.0505444
0.00895179
-0.0516771
0.00756212
-0.0525946
0.00611353
-0.0533218
0.00462099
-0.0538795
0.00309724
-0.054284
0.00155349
-0.0545472
-0.0546768
0.000279936
-0.000617925
0.000597892
-0.000761369
0.000990657
-0.00106401
0.00149197
-0.00155584
0.00212974
-0.00227804
0.00292239
-0.00327807
0.00387487
-0.00460307
0.0049753
-0.00629199
0.00619344
-0.00836748
0.0074818
-0.0108291
0.00877965
-0.0136492
0.0100194
-0.016773
0.0111346
-0.0201224
0.0120664
-0.023604
0.0127694
-0.0271174
0.0132145
-0.0305654
0.0133901
-0.0338622
0.0132996
-0.0369401
0.0129587
-0.0397516
0.0123913
-0.0422693
0.0116255
-0.0444837
0.0106908
-0.0463989
0.00961569
-0.0480289
0.00842627
-0.0493931
0.00714577
-0.050513
0.00579438
-0.05141
0.0043896
-0.0521032
0.00294671
-0.0526088
0.00147933
-0.052939
-0.0531019
0.000197212
-0.000433702
0.000423467
-0.000539115
0.000707412
-0.00076295
0.0010764
-0.00113037
0.00155474
-0.00167682
0.00216102
-0.00244487
0.00290484
-0.00347964
0.00378359
-0.00482282
0.00478027
-0.00650602
0.00586292
-0.0085443
0.00698655
-0.0109313
0.00809699
-0.0136368
0.00913671
-0.0166079
0.0100507
-0.0197734
0.0107915
-0.02305
0.0113236
-0.0263498
0.0116248
-0.029588
0.0116872
-0.0326902
0.0115149
-0.0355961
0.0111215
-0.0382625
0.0105273
-0.0406623
0.00975625
-0.0427829
0.00883368
-0.0446232
0.00778439
-0.0461902
0.00663176
-0.047496
0.00539719
-0.048555
0.0041
-0.0493818
0.00275762
-0.0499893
0.00138598
-0.0503882
-0.0505856
0.000136423
-0.000298979
0.000294468
-0.000374852
0.000495837
-0.000536963
0.000762004
-0.000805621
0.00111319
-0.00121008
0.00156653
-0.00178667
0.00213354
-0.00257579
0.00281738
-0.00361773
0.00361044
-0.00494747
0.00449307
-0.00658917
0.00543389
-0.00855127
0.00639191
-0.010823
0.00732022
-0.0133734
0.00817073
-0.0161531
0.00889865
-0.0190978
0.00946627
-0.0221345
0.00984582
-0.0251866
0.0100208
-0.0281809
0.0099859
-0.0310522
0.0097454
-0.0337471
0.00931134
-0.0362255
0.0087011
-0.0384605
0.00793526
-0.0404366
0.00703577
-0.0421479
0.00602469
-0.0435953
0.00492333
-0.0447841
0.00375182
-0.0457219
0.00252904
-0.0464166
0.00127278
-0.0468754
-0.0471033
9.26749e-05
-0.000202452
0.000201053
-0.000255955
0.000341156
-0.000370954
0.000529342
-0.000563291
0.000781784
-0.000856226
0.00111327
-0.00127946
0.00153539
-0.00186735
0.00205429
-0.0026561
0.00266853
-0.00368001
0.00336744
-0.0049671
0.00413061
-0.00653469
0.00492866
-0.00838575
0.00572545
-0.0105066
0.00648128
-0.0128669
0.00715667
-0.0154211
0.00771566
-0.0181126
0.00812865
-0.0208773
0.00837438
-0.0236493
0.00844071
-0.0263652
0.0083244
-0.028968
0.00802998
-0.0314102
0.00756818
-0.0336545
0.00695418
-0.0356737
0.00620602
-0.0374504
0.0053432
-0.0389744
0.00438577
-0.0402414
0.00335359
-0.041251
0.00226609
-0.0420048
0.00114209
-0.0425055
-0.0427551
6.1831e-05
-0.000134674
0.0001348
-0.000171648
0.000230443
-0.000251578
0.000360877
-0.000386438
0.000538588
-0.000594111
0.000775708
-0.000897993
0.00108275
-0.00132603
0.00146693
-0.00190898
0.00193037
-0.0026779
0.0024685
-0.00366079
0.00306912
-0.00487906
0.00371234
-0.00634406
0.00437172
-0.00805447
0.00501619
-0.00999491
0.0056129
-0.0121363
0.00612995
-0.0144377
0.00653893
-0.0168492
0.00681702
-0.0193152
0.00694832
-0.0217788
0.00692427
-0.0241854
0.00674345
-0.0264852
0.00641065
-0.0286357
0.00593577
-0.0306021
0.00533247
-0.032358
0.00461697
-0.033884
0.00380711
-0.0351671
0.00292151
-0.0361993
0.00197914
-0.0369757
0.000998992
-0.0374942
-0.0377535
4.05215e-05
-8.8021e-05
8.87648e-05
-0.00011307
0.000152839
-0.000167519
0.000241484
-0.00026016
0.000364038
-0.000404325
0.000530026
-0.000617826
0.000748339
-0.000922535
0.00102604
-0.00134342
0.00136693
-0.00190688
0.00177022
-0.00263851
0.00222942
-0.00356024
0.00273191
-0.00468751
0.00325926
-0.00602668
0.00378836
-0.00757317
0.00429322
-0.00931081
0.00474715
-0.0112124
0.00512485
-0.0132413
0.00540435
-0.0153537
0.00556848
-0.0175019
0.00560576
-0.0196367
0.0055107
-0.021711
0.00528349
-0.0236814
0.0049294
-0.0255099
0.00445787
-0.0271648
0.00388159
-0.0286206
0.0032156
-0.0298576
0.00247653
-0.0308613
0.00168204
-0.0316216
0.000850347
-0.0321318
-0.0323878
2.60901e-05
-5.65334e-05
5.74163e-05
-7.31743e-05
9.95495e-05
-0.000109539
0.000158636
-0.000171909
0.000241455
-0.000269941
0.00035521
-0.000416781
0.000507021
-0.000628966
0.000703109
-0.000925951
0.000947759
-0.00132913
0.00124221
-0.00186033
0.00158368
-0.00253978
0.00196472
-0.00338387
0.00237316
-0.00440288
0.00279255
-0.0055991
0.00320328
-0.00696567
0.00358413
-0.00848625
0.00391386
-0.0101358
0.00417287
-0.0118816
0.00434461
-0.0136858
0.00441664
-0.015507
0.00438119
-0.0173034
0.00423537
-0.0190343
0.00398088
-0.0206621
0.00362356
-0.0221534
0.00317271
-0.0234796
0.00264042
-0.0246172
0.00204085
-0.0255477
0.00138969
-0.026257
0.00070364
-0.0267351
-0.0269757
1.65067e-05
-3.56878e-05
3.64888e-05
-4.65325e-05
6.3689e-05
-7.03516e-05
0.000102327
-0.000111519
0.000157188
-0.000176842
0.00023354
-0.000275747
0.000336836
-0.000420348
0.000472179
-0.00062527
0.000643604
-0.000907129
0.000853235
-0.00128358
0.00110047
-0.00177194
0.00138134
-0.00238755
0.00168821
-0.00314189
0.0020099
-0.00404096
0.00233224
-0.00508391
0.00263907
-0.00626233
0.00291346
-0.00756027
0.00313897
-0.00895482
0.00330085
-0.0104173
0.00338709
-0.0119148
0.00338919
-0.0134122
0.00330247
-0.0148737
0.00312625
-0.0162648
0.00286355
-0.0175532
0.00252079
-0.0187104
0.00210721
-0.0197115
0.00163441
-0.0205363
0.00111572
-0.0211686
0.000565772
-0.0215965
-0.0218124
1.02644e-05
-2.21472e-05
2.2788e-05
-2.90824e-05
4.00319e-05
-4.43891e-05
6.48258e-05
-7.10385e-05
0.000100462
-0.000113709
0.000150674
-0.000178978
0.00021948
-0.000275462
0.000310846
-0.000413803
0.000428204
-0.00060643
0.000573851
-0.000867004
0.000748316
-0.00120953
0.000949798
-0.0016472
0.0011738
-0.00219099
0.00141303
-0.00284829
0.00165767
-0.00362165
0.00189592
-0.00450793
0.00211485
-0.00549788
0.00230134
-0.0065763
0.00244305
-0.00772257
0.00252931
-0.00891171
0.00255191
-0.0101156
0.00250553
-0.0113045
0.00238807
-0.0124486
0.00220059
-0.0135188
0.0019472
-0.0144886
0.0016347
-0.0153342
0.00127217
-0.0160352
0.000870533
-0.0165755
0.000442081
-0.0169425
-0.017128
6.27474e-06
-1.35144e-05
1.39887e-05
-1.7868e-05
2.47267e-05
-2.75218e-05
4.03446e-05
-4.44474e-05
6.3051e-05
-7.17824e-05
9.542e-05
-0.000114001
0.00014031
-0.000177063
0.000200668
-0.000268485
0.000279218
-0.000397255
0.000378051
-0.00057354
0.000498154
-0.000808146
0.00063897
-0.00111173
0.000798037
-0.00149381
0.000970819
-0.00196172
0.00115075
-0.00251954
0.00132955
-0.00316723
0.00149773
-0.00390011
0.00164526
-0.00470871
0.00176234
-0.00557888
0.00184007
-0.00649243
0.00187118
-0.00742792
0.00185047
-0.00836173
0.0017752
-0.00926926
0.00164524
-0.010126
0.00146298
-0.0109086
0.00123321
-0.0115958
0.000962793
-0.0121689
0.00066035
-0.0126125
0.000335811
-0.0129149
-0.0130681
3.77179e-06
-8.11065e-06
8.44259e-06
-1.07943e-05
1.50125e-05
-1.6772e-05
2.46726e-05
-2.73227e-05
3.887e-05
-4.45023e-05
5.93319e-05
-7.12799e-05
8.80304e-05
-0.000111674
0.000127073
-0.000170845
0.000178508
-0.000255096
0.000244058
-0.000371735
0.000324786
-0.000528761
0.000420768
-0.000734369
0.000530789
-0.000996275
0.000652155
-0.00132093
0.000780644
-0.00171272
0.000910632
-0.00217319
0.00103541
-0.00270052
0.00114762
-0.0032892
0.0012398
-0.00392998
0.00130491
-0.00461013
0.0013369
-0.00531393
0.00133118
-0.00602342
0.00128494
-0.00671924
0.00119737
-0.0073816
0.00106972
-0.00799112
0.000905212
-0.00852973
0.000708876
-0.00898134
0.000487264
-0.00933241
0.000248118
-0.00957245
-0.00969428
2.22997e-06
-4.78847e-06
5.01086e-06
-6.4135e-06
8.96145e-06
-1.00488e-05
1.48304e-05
-1.65063e-05
2.35447e-05
-2.71031e-05
3.62343e-05
-4.37646e-05
5.42217e-05
-6.91339e-05
7.89631e-05
-0.000106662
0.000111934
-0.000160642
0.000154456
-0.000236165
0.00020748
-0.000338943
0.000271344
-0.000475015
0.000345546
-0.000650301
0.000428565
-0.00087006
0.000517782
-0.00113829
0.00060951
-0.00145712
0.000699157
-0.00182633
0.000781518
-0.00224301
0.000851122
-0.00270137
0.000902646
-0.00319285
0.000931331
-0.00370635
0.000933372
-0.0042287
0.00090623
-0.0047453
0.000848839
-0.0052408
0.000761716
-0.00569987
0.000646951
-0.00610792
0.000508097
-0.00645173
0.000349981
-0.00672003
0.000178437
-0.00690399
-0.00699751
1.29707e-06
-2.78181e-06
2.9255e-06
-3.74874e-06
5.26089e-06
-5.92075e-06
8.76439e-06
-9.80268e-06
1.4017e-05
-1.62204e-05
2.17405e-05
-2.63948e-05
3.27986e-05
-4.20238e-05
4.81669e-05
-6.53579e-05
6.88681e-05
-9.92458e-05
9.58661e-05
-0.000147129
0.000129925
-0.000212957
0.000171443
-0.000301017
0.000220289
-0.000415651
0.000275656
-0.000560899
0.000335976
-0.000740068
0.000398908
-0.000955291
0.000461408
-0.00120712
0.000519909
-0.00149421
0.000570546
-0.00181312
0.000609446
-0.0021583
0.000633029
-0.00252217
0.000638318
-0.00289542
0.000623192
-0.00326741
0.000586585
-0.00362673
0.000528595
-0.00396171
0.00045052
-0.00426106
0.000354796
-0.00451442
0.000244869
-0.00471284
0.000124994
-0.00484923
-0.00491867
7.42418e-07
-1.59059e-06
1.68056e-06
-2.15614e-06
3.03818e-06
-3.4316e-06
5.09383e-06
-5.72453e-06
8.20404e-06
-9.54221e-06
1.28197e-05
-1.56422e-05
1.94906e-05
-2.50912e-05
2.88526e-05
-3.93223e-05
4.15911e-05
-6.0178e-05
5.83791e-05
-8.99225e-05
7.97884e-05
-0.000131207
0.000106181
-0.000186972
0.000137594
-0.000260285
0.000173633
-0.000354099
0.000213393
-0.000470973
0.000255431
-0.00061275
0.00029779
-0.000780252
0.000338097
-0.000973008
0.000373712
-0.00118909
0.000401911
-0.00142502
0.00042011
-0.00167578
0.000426084
-0.00193501
0.000418169
-0.00219521
0.000395428
-0.00244818
0.000357755
-0.00268537
0.000305921
-0.0028984
0.000241546
-0.00307944
0.000167018
-0.00322168
8.53512e-05
-0.00331969
-0.00336967
4.18286e-07
-8.95356e-07
9.50141e-07
-1.22063e-06
1.72648e-06
-1.957e-06
2.91236e-06
-3.28824e-06
4.72223e-06
-5.5197e-06
7.43162e-06
-9.1119e-06
1.13825e-05
-1.47205e-05
1.69782e-05
-2.32378e-05
2.46648e-05
-3.58271e-05
3.48949e-05
-5.39405e-05
4.80742e-05
-7.9308e-05
6.44924e-05
-0.000113888
8.42459e-05
-0.00015977
0.000107163
-0.00021903
0.000132742
-0.000293544
0.000160118
-0.000384768
0.000188068
-0.00049352
0.00021506
-0.000619773
0.00023934
-0.000762509
0.000259059
-0.000919622
0.000272412
-0.0010879
0.000277805
-0.00126311
0.000273996
-0.00144016
0.000260231
-0.00161332
0.000236325
-0.00177654
0.000202716
-0.00192381
0.000160451
-0.00204945
0.000111141
-0.00214847
5.68569e-05
-0.00221684
-0.00225175
2.32033e-07
-4.96312e-07
5.28838e-07
-6.80335e-07
9.65656e-07
-1.09846e-06
1.63852e-06
-1.85841e-06
2.67389e-06
-3.14051e-06
4.23669e-06
-5.2191e-06
6.53482e-06
-8.48899e-06
9.81808e-06
-1.34937e-05
1.43687e-05
-2.09512e-05
2.04814e-05
-3.17703e-05
2.84316e-05
-4.7051e-05
3.84331e-05
-6.80609e-05
5.05885e-05
-9.61806e-05
6.48379e-05
-0.000132817
8.09142e-05
-0.000179285
9.83149e-05
-0.000236666
0.000116295
-0.000305651
0.000133891
-0.000386399
0.000149972
-0.000478413
0.000163317
-0.000580465
0.000172709
-0.000690556
0.000177044
-0.000805951
0.000175436
-0.000923273
0.000167312
-0.00103866
0.000152484
-0.00114797
0.000131184
-0.00124702
0.000104075
-0.00133182
7.22109e-05
-0.00139884
3.69785e-05
-0.00144521
-0.00146891
1.26764e-07
-2.70985e-07
2.89849e-07
-3.73427e-07
5.31763e-07
-6.07005e-07
9.07373e-07
-1.03373e-06
1.48988e-06
-1.75807e-06
2.376e-06
-2.94038e-06
3.68949e-06
-4.81363e-06
5.58146e-06
-7.7021e-06
8.226e-06
-1.20392e-05
1.18093e-05
-1.83809e-05
1.65118e-05
-2.74097e-05
2.24822e-05
-3.99246e-05
2.98072e-05
-5.68119e-05
3.84776e-05
-7.89949e-05
4.8358e-05
-0.000107361
5.91641e-05
-0.000142673
7.04539e-05
-0.000185463
8.16363e-05
-0.000235936
9.20017e-05
-0.00029388
0.000100766
-0.0003586
0.000107133
-0.000428887
0.000110362
-0.000503022
0.000109845
-0.00057883
0.000105169
-0.000653777
9.61712e-05
-0.000725106
8.2969e-05
-0.000789995
6.59679e-05
-0.000845734
4.58434e-05
-0.000889899
2.34984e-05
-0.000920516
-0.000936185
6.82222e-08
-1.45774e-07
1.56479e-07
-2.01905e-07
2.88382e-07
-3.30324e-07
4.94739e-07
-5.66086e-07
8.17139e-07
-9.68639e-07
1.31123e-06
-1.62994e-06
2.04918e-06
-2.68486e-06
3.1204e-06
-4.32301e-06
4.62971e-06
-6.80064e-06
6.69168e-06
-1.04504e-05
9.42052e-06
-1.56859e-05
1.29152e-05
-2.29986e-05
1.72409e-05
-3.29426e-05
2.24078e-05
-4.61061e-05
2.83508e-05
-6.30684e-05
3.49136e-05
-8.43443e-05
4.18401e-05
-0.000110319
4.8777e-05
-0.000141179
5.52892e-05
-0.000176854
6.0887e-05
-0.000216966
6.50627e-05
-0.000260801
6.7336e-05
-0.000307308
6.7302e-05
-0.00035512
6.46762e-05
-0.00040262
5.93316e-05
-0.000448023
5.13221e-05
-0.000489479
4.08906e-05
-0.0005252
2.84589e-05
-0.000553573
1.46006e-05
-0.000573276
-0.000583371
3.61786e-08
-7.728e-08
8.32314e-08
-1.07563e-07
1.5406e-07
-1.7707e-07
2.65671e-07
-3.0528e-07
4.41278e-07
-5.25423e-07
7.12305e-07
-8.89296e-07
1.12e-06
-1.47351e-06
1.71619e-06
-2.38682e-06
2.56257e-06
-3.77768e-06
3.72785e-06
-5.84098e-06
5.28231e-06
-8.82201e-06
7.28931e-06
-1.30159e-05
9.79427e-06
-1.87605e-05
1.28118e-05
-2.64205e-05
1.6313e-05
-3.63628e-05
2.02143e-05
-4.89227e-05
2.43706e-05
-6.43639e-05
2.85755e-05
-8.28347e-05
3.25689e-05
-0.000104327
3.60519e-05
-0.000128643
3.87098e-05
-0.000155374
4.02391e-05
-0.000183888
4.03788e-05
-0.000213352
3.89398e-05
-0.000242756
3.583e-05
-0.000270976
3.10708e-05
-0.000296833
2.48043e-05
-0.000319177
1.72877e-05
-0.000336965
8.87692e-06
-0.000349338
-0.000355684
1.89099e-08
-4.03848e-08
4.36297e-08
-5.64762e-08
8.10973e-08
-9.35248e-08
1.40545e-07
-1.62173e-07
2.34707e-07
-2.80679e-07
3.81011e-07
-4.77706e-07
6.02593e-07
-7.95997e-07
9.28887e-07
-1.29676e-06
1.39543e-06
-2.06437e-06
2.0425e-06
-3.21069e-06
2.91217e-06
-4.87814e-06
4.04366e-06
-7.24013e-06
5.46698e-06
-1.04977e-05
7.1953e-06
-1.48715e-05
9.21703e-06
-2.05872e-05
1.14887e-05
-2.78566e-05
1.39302e-05
-3.68527e-05
1.64234e-05
-4.76829e-05
1.88162e-05
-6.03625e-05
2.09307e-05
-7.47924e-05
2.25763e-05
-9.07424e-05
2.35664e-05
-0.000107845
2.37374e-05
-0.0001256
2.29678e-05
-0.000143397
2.1194e-05
-0.00016054
1.84226e-05
-0.0001763
1.47345e-05
-0.000189955
1.02832e-05
-0.00020085
5.28454e-06
-0.00020844
-0.000212336
9.7442e-09
-2.08085e-08
2.25452e-08
-2.92324e-08
4.20755e-08
-4.86857e-08
7.32667e-08
-8.48874e-08
1.22988e-07
-1.47704e-07
2.00737e-07
-2.52727e-07
3.19253e-07
-4.23387e-07
4.94935e-07
-6.93516e-07
7.47841e-07
-1.11017e-06
1.10105e-06
-1.73634e-06
1.57915e-06
-2.65303e-06
2.2057e-06
-3.95999e-06
2.99969e-06
-5.77429e-06
3.97107e-06
-8.22609e-06
5.11609e-06
-1.14509e-05
6.4128e-06
-1.55784e-05
7.81782e-06
-2.07182e-05
9.26512e-06
-2.69434e-05
1.06676e-05
-3.4274e-05
1.19217e-05
-4.26626e-05
1.29146e-05
-5.19832e-05
1.35345e-05
-6.20259e-05
1.36815e-05
-7.24985e-05
1.32798e-05
-8.30373e-05
1.22875e-05
-9.3226e-05
1.07048e-05
-0.000102621
8.57694e-06
-0.000110782
5.9935e-06
-0.000117307
3.08243e-06
-0.000121858
-0.000124197
4.95148e-09
-1.05741e-08
1.14872e-08
-1.49201e-08
2.15216e-08
-2.49853e-08
3.76477e-08
-4.37943e-08
6.35111e-08
-7.65919e-08
1.04199e-07
-1.3172e-07
1.66605e-07
-2.21805e-07
2.59695e-07
-3.6522e-07
3.94571e-07
-5.87739e-07
5.84183e-07
-9.24169e-07
8.42571e-07
-1.4197e-06
1.18352e-06
-2.13055e-06
1.61859e-06
-3.12345e-06
2.15465e-06
-4.47351e-06
2.7911e-06
-6.2601e-06
3.51718e-06
-8.56058e-06
4.30992e-06
-1.14421e-05
5.13311e-06
-1.49521e-05
5.93792e-06
-1.91081e-05
6.66535e-06
-2.38887e-05
7.25021e-06
-2.92266e-05
7.62685e-06
-3.50043e-05
7.7359e-06
-4.10547e-05
7.53126e-06
-4.71665e-05
6.98652e-06
-5.30951e-05
6.09963e-06
-5.85776e-05
4.89539e-06
-6.33517e-05
3.42501e-06
-6.71753e-05
1.76276e-06
-6.98465e-05
-7.12201e-05
2.48178e-09
-5.30064e-09
5.7726e-09
-7.51094e-09
1.08556e-08
-1.26441e-08
1.90734e-08
-2.2275e-08
3.23299e-08
-3.91477e-08
5.33057e-08
-6.76536e-08
8.56669e-08
-1.14484e-07
1.3423e-07
-1.89451e-07
2.05023e-07
-3.06422e-07
3.0517e-07
-4.84287e-07
4.42516e-07
-7.47789e-07
6.24924e-07
-1.128e-06
8.59226e-07
-1.66219e-06
1.14985e-06
-2.39278e-06
1.49724e-06
-3.3652e-06
1.89631e-06
-4.62449e-06
2.33513e-06
-6.21065e-06
2.79424e-06
-8.15319e-06
3.24682e-06
-1.04652e-05
3.6599e-06
-1.31377e-05
3.99661e-06
-1.61357e-05
4.21929e-06
-1.93947e-05
4.29343e-06
-2.28211e-05
4.19178e-06
-2.62947e-05
3.89812e-06
-2.96747e-05
3.4102e-06
-3.2809e-05
2.74131e-06
-3.55445e-05
1.92014e-06
-3.77393e-05
9.88929e-07
-3.92746e-05
-4.00646e-05
1.22726e-09
-2.62181e-09
2.86177e-09
-3.73027e-09
5.40109e-09
-6.31141e-09
9.52991e-09
-1.11727e-08
1.62273e-08
-1.9728e-08
2.68832e-08
-3.42526e-08
4.34152e-08
-5.82363e-08
6.83659e-08
-9.68315e-08
1.0495e-07
-1.57376e-07
1.57013e-07
-2.49942e-07
2.28846e-07
-3.87833e-07
3.24836e-07
-5.87906e-07
4.48905e-07
-8.7057e-07
6.03773e-07
-1.25931e-06
7.9008e-07
-1.77956e-06
1.0055e-06
-2.45694e-06
1.24397e-06
-3.31466e-06
1.49522e-06
-4.37046e-06
1.7448e-06
-5.63324e-06
1.97466e-06
-7.09979e-06
2.16434e-06
-8.75212e-06
2.29272e-06
-1.05557e-05
2.34017e-06
-1.24589e-05
2.29097e-06
-1.4395e-05
2.13544e-06
-1.62845e-05
1.87176e-06
-1.80412e-05
1.50692e-06
-1.95776e-05
1.05667e-06
-2.08124e-05
5.44576e-07
-2.16772e-05
-2.21226e-05
5.98908e-10
-1.27987e-09
1.39994e-09
-1.82815e-09
2.65132e-09
-3.10817e-09
4.69713e-09
-5.52785e-09
8.03327e-09
-9.80464e-09
1.33693e-08
-1.70995e-08
2.1692e-08
-2.92041e-08
3.43214e-08
-4.87809e-08
5.29426e-08
-7.96487e-08
7.9592e-08
-1.27088e-07
1.16574e-07
-1.98128e-07
1.66281e-07
-3.01748e-07
2.30909e-07
-4.48919e-07
3.12065e-07
-6.52385e-07
4.10288e-07
-9.26112e-07
5.24559e-07
-1.28434e-06
6.51857e-07
-1.7402e-06
7.86864e-07
-2.30408e-06
9.21929e-07
-2.98164e-06
1.04736e-06
-3.77201e-06
1.15203e-06
-4.66621e-06
1.22433e-06
-5.64602e-06
1.25332e-06
-6.68369e-06
1.23013e-06
-7.74258e-06
1.14917e-06
-8.779e-06
1.00913e-06
-9.74488e-06
8.13604e-07
-1.05914e-05
5.71105e-07
-1.12728e-05
2.94516e-07
-1.17505e-05
-1.19968e-05
2.88492e-10
-6.16761e-10
6.75927e-10
-8.84328e-10
1.2844e-09
-1.51053e-09
2.28438e-09
-2.69848e-09
3.92333e-09
-4.80692e-09
6.55798e-09
-8.41939e-09
1.06883e-08
-1.44417e-08
1.69885e-08
-2.42284e-08
2.63269e-08
-3.97352e-08
3.97635e-08
-6.36851e-08
5.85119e-08
-9.97296e-08
8.38518e-08
-1.5257e-07
1.16984e-07
-2.27997e-07
1.58824e-07
-3.328e-07
2.09755e-07
-4.74493e-07
2.69353e-07
-6.60829e-07
3.3614e-07
-8.99085e-07
4.07411e-07
-1.19515e-06
4.79189e-07
-1.55248e-06
5.46362e-07
-1.97105e-06
6.02993e-07
-2.44648e-06
6.42812e-07
-2.96934e-06
6.59869e-07
-3.52494e-06
6.49254e-07
-4.09362e-06
6.07804e-07
-4.65173e-06
5.34672e-07
-5.17306e-06
4.3167e-07
-5.63082e-06
3.03309e-07
-5.99986e-06
1.56509e-07
-6.2589e-06
-6.39248e-06
1.37202e-10
-2.93465e-10
3.22185e-10
-4.22322e-10
6.14194e-10
-7.24617e-10
1.09649e-09
-1.30004e-09
1.8908e-09
-2.32542e-09
3.17383e-09
-4.08979e-09
5.19503e-09
-7.04433e-09
8.29338e-09
-1.18677e-08
1.29091e-08
-1.9546e-08
1.95846e-08
-3.14611e-08
2.89477e-08
-4.94791e-08
4.16696e-08
-7.60199e-08
5.83923e-08
-1.14088e-07
7.96246e-08
-1.67234e-07
1.05611e-07
-2.39427e-07
1.36186e-07
-3.34806e-07
1.70642e-07
-4.57314e-07
2.07627e-07
-6.10213e-07
2.45108e-07
-7.95527e-07
2.80435e-07
-1.01347e-06
3.10498e-07
-1.26194e-06
3.31978e-07
-1.53616e-06
3.41692e-07
-1.82847e-06
3.36983e-07
-2.12853e-06
3.16105e-07
-2.42376e-06
2.78536e-07
-2.70014e-06
2.25173e-07
-2.94326e-06
1.58366e-07
-3.13955e-06
8.17642e-08
-3.27746e-06
-3.34863e-06
6.4437e-11
-1.37904e-10
1.51645e-10
-1.99159e-10
2.89984e-10
-3.43193e-10
5.19569e-10
-6.18265e-10
8.99436e-10
-1.11031e-09
1.51586e-09
-1.96046e-09
2.49146e-09
-3.3902e-09
3.99408e-09
-5.73456e-09
6.24337e-09
-9.48315e-09
9.51239e-09
-1.53266e-08
1.41203e-08
-2.42033e-08
2.04128e-08
-3.73388e-08
2.87262e-08
-5.62654e-08
3.93356e-08
-8.28092e-08
5.23874e-08
-1.19028e-07
6.78246e-08
-1.67091e-07
8.53137e-08
-2.2909e-07
1.04189e-07
-3.06792e-07
1.23431e-07
-4.01344e-07
1.41688e-07
-5.12965e-07
1.57359e-07
-6.40676e-07
1.68717e-07
-7.82084e-07
1.74094e-07
-9.33283e-07
1.72079e-07
-1.08892e-06
1.61729e-07
-1.24241e-06
1.42734e-07
-1.38641e-06
1.15534e-07
-1.5133e-06
8.13291e-08
-1.61588e-06
4.2013e-08
-1.68803e-06
-1.72528e-06
2.98919e-11
-6.40136e-11
7.04949e-11
-9.27638e-11
1.35209e-10
-1.60517e-10
2.43101e-10
-2.90319e-10
4.22411e-10
-5.2336e-10
7.1467e-10
-9.27606e-10
1.17929e-09
-1.61023e-09
1.89813e-09
-2.73425e-09
2.97914e-09
-4.53923e-09
4.55759e-09
-7.36506e-09
6.7931e-09
-1.16765e-08
9.86049e-09
-1.80843e-08
1.39327e-08
-2.73576e-08
1.91548e-08
-4.04194e-08
2.56107e-08
-5.83187e-08
3.32843e-08
-8.21712e-08
4.20217e-08
-1.13066e-07
5.15008e-08
-1.5194e-07
6.12171e-08
-1.99424e-07
7.0494e-08
-2.55682e-07
7.85203e-08
-3.20269e-07
8.44143e-08
-3.92007e-07
8.73153e-08
-4.68935e-07
8.64891e-08
-5.48324e-07
8.1436e-08
-6.26805e-07
7.19812e-08
-7.00573e-07
5.83336e-08
-7.65683e-07
4.10989e-08
-8.1839e-07
2.1242e-08
-8.55495e-07
-8.74662e-07
1.36998e-11
-2.93584e-11
3.23743e-11
-4.26845e-11
6.22727e-11
-7.4157e-11
1.1234e-10
-1.34635e-10
1.95904e-10
-2.436e-10
3.32681e-10
-4.33333e-10
5.51052e-10
-7.54986e-10
8.90375e-10
-1.28676e-09
1.4029e-09
-2.14419e-09
2.15463e-09
-3.49213e-09
3.2241e-09
-5.55727e-09
4.69826e-09
-8.63942e-09
6.66433e-09
-1.31185e-08
9.19731e-09
-1.94535e-08
1.23434e-08
-2.81703e-08
1.61005e-08
-3.9833e-08
2.03988e-08
-5.49982e-08
2.5085e-08
-7.41521e-08
2.99135e-08
-9.76331e-08
3.45506e-08
-1.25549e-07
3.85923e-08
-1.57701e-07
4.15957e-08
-1.93521e-07
4.31247e-08
-2.32037e-07
4.28039e-08
-2.71884e-07
4.03738e-08
-3.11362e-07
3.57383e-08
-3.48539e-07
2.89954e-08
-3.81404e-07
2.04456e-08
-4.08041e-07
1.05726e-08
-4.2681e-07
-4.36511e-07
6.20416e-12
-1.33058e-11
1.46908e-11
-1.94075e-11
2.83364e-11
-3.38471e-11
5.12842e-11
-6.16763e-11
8.97414e-11
-1.11988e-10
1.52943e-10
-1.99911e-10
2.54261e-10
-3.49531e-10
4.12351e-10
-5.97846e-10
6.52146e-10
-9.99798e-10
1.00536e-09
-1.6342e-09
1.51004e-09
-2.61002e-09
2.20873e-09
-4.07223e-09
3.14468e-09
-6.20562e-09
4.35583e-09
-9.23499e-09
5.86683e-09
-1.34196e-08
7.67938e-09
-1.90398e-08
9.76246e-09
-2.63753e-08
1.20441e-08
-3.56735e-08
1.44066e-08
-4.71118e-08
1.66879e-08
-6.07551e-08
1.869e-08
-7.65171e-08
2.0194e-08
-9.41274e-08
2.09825e-08
-1.13113e-07
2.08671e-08
-1.32801e-07
1.97154e-08
-1.52348e-07
1.74761e-08
-1.70788e-07
1.41944e-08
-1.87114e-07
1.00168e-08
-2.00362e-07
5.18222e-09
-2.09704e-07
-2.14535e-07
2.77708e-12
-5.96028e-12
6.58789e-12
-8.7205e-12
1.27419e-11
-1.5266e-11
2.31327e-11
-2.79162e-11
4.06145e-11
-5.08606e-11
6.94565e-11
-9.10986e-11
1.15874e-10
-1.5982e-10
1.88588e-10
-2.74296e-10
2.9933e-10
-4.60297e-10
4.63116e-10
-7.54976e-10
6.9811e-10
-1.20998e-09
1.0248e-09
-1.89438e-09
1.46426e-09
-2.89674e-09
2.03534e-09
-4.32547e-09
2.75082e-09
-6.3064e-09
3.61276e-09
-8.9767e-09
4.60762e-09
-1.24744e-08
5.70211e-09
-1.69232e-08
6.84069e-09
-2.24141e-08
7.94584e-09
-2.8984e-08
8.92195e-09
-3.65964e-08
9.66253e-09
-4.51248e-08
1.00611e-08
-5.43422e-08
1.00244e-08
-6.39223e-08
9.48639e-09
-7.34523e-08
8.42009e-09
-8.24585e-08
6.84609e-09
-9.04434e-08
4.83485e-09
-9.69299e-08
2.50247e-09
-1.01508e-07
-1.03876e-07
1.22906e-12
-2.6397e-12
2.92088e-12
-3.87326e-12
5.66335e-12
-6.80524e-12
1.03124e-11
-1.24867e-11
1.81635e-11
-2.28244e-11
3.11653e-11
-4.10147e-11
5.21685e-11
-7.219e-11
8.51963e-11
-1.24306e-10
1.35691e-10
-2.0929e-10
2.10665e-10
-3.44419e-10
3.18661e-10
-5.5383e-10
4.69397e-10
-8.69974e-10
6.72979e-10
-1.33468e-09
9.38604e-10
-1.99946e-09
1.27274e-09
-2.92447e-09
1.67691e-09
-4.17575e-09
2.14532e-09
-5.82032e-09
2.6628e-09
-7.91901e-09
3.20351e-09
-1.05175e-08
3.73091e-09
-1.36359e-08
4.19952e-09
-1.72592e-08
4.55834e-09
-2.13292e-08
4.75598e-09
-2.57384e-08
4.74712e-09
-3.03311e-08
4.49924e-09
-3.49084e-08
3.9986e-09
-3.92412e-08
3.25438e-09
-4.30879e-08
2.29997e-09
-4.62161e-08
1.19096e-09
-4.84256e-08
-4.95693e-08
5.37566e-13
-1.1557e-12
1.28008e-12
-1.70071e-12
2.48843e-12
-2.99862e-12
4.54421e-12
-5.52061e-12
8.02869e-12
-1.01232e-11
1.38197e-11
-1.82481e-11
2.32083e-11
-3.22196e-11
3.80262e-11
-5.56555e-11
6.07646e-11
-9.40041e-11
9.46531e-11
-1.55193e-10
1.43653e-10
-2.50351e-10
2.12305e-10
-3.94513e-10
3.05383e-10
-6.07164e-10
4.27295e-10
-9.1242e-10
5.81242e-10
-1.33862e-09
7.68177e-10
-1.91709e-09
9.85674e-10
-2.67985e-09
1.22692e-09
-3.65631e-09
1.48005e-09
-4.86894e-09
1.72808e-09
-6.32839e-09
1.94971e-09
-8.02874e-09
2.12086e-09
-9.94339e-09
2.21711e-09
-1.20224e-08
2.21677e-09
-1.41924e-08
2.10411e-09
-1.6359e-08
1.87227e-09
-1.84132e-08
1.52527e-09
-2.02392e-08
1.0787e-09
-2.17257e-08
5.58801e-10
-2.27763e-08
-2.33204e-08
2.32715e-13
-5.00162e-13
5.54771e-13
-7.38385e-13
1.08124e-12
-1.30641e-12
1.9798e-12
-2.41293e-12
3.50824e-12
-4.43837e-12
6.0574e-12
-8.02495e-12
1.02044e-11
-1.42119e-11
1.67723e-11
-2.46243e-11
2.68874e-11
-4.17188e-11
4.20162e-11
-6.90862e-11
6.39712e-11
-1.1179e-10
9.48442e-11
-1.76703e-10
1.36855e-10
-2.72775e-10
1.92082e-10
-4.11144e-10
2.6208e-10
-6.04969e-10
3.47391e-10
-8.68884e-10
4.4702e-10
-1.21797e-09
5.57949e-10
-1.6662e-09
6.74804e-10
-2.22445e-09
7.89807e-10
-2.89817e-09
8.93113e-10
-3.68511e-09
9.73519e-10
-4.57334e-09
1.01959e-09
-5.53994e-09
1.02111e-09
-6.55081e-09
9.70585e-10
-7.56189e-09
8.64652e-10
-8.52189e-09
7.05048e-10
-9.37634e-09
4.98955e-10
-1.00726e-08
2.58579e-10
-1.05651e-08
-1.08202e-08
9.97263e-14
-2.14011e-13
2.37813e-13
-3.16804e-13
4.64552e-13
-5.62628e-13
8.53039e-13
-1.04267e-12
1.51569e-12
-1.92369e-12
2.6248e-12
-3.48884e-12
4.43523e-12
-6.19674e-12
7.31244e-12
-1.07686e-11
1.17582e-11
-1.8298e-11
1.84308e-11
-3.03913e-11
2.81476e-11
-4.9322e-11
4.18594e-11
-7.81909e-11
6.05833e-11
-1.21055e-10
8.52847e-11
-1.82987e-10
1.16703e-10
-2.70013e-10
1.5513e-10
-3.88873e-10
2.00167e-10
-5.46561e-10
2.50494e-10
-7.49621e-10
3.03709e-10
-1.00322e-09
3.56298e-10
-1.31008e-09
4.03774e-10
-1.66939e-09
4.40996e-10
-2.07588e-09
4.62692e-10
-2.51915e-09
4.64111e-10
-2.9836e-09
4.41744e-10
-3.44892e-09
3.93971e-10
-3.89137e-09
3.21533e-10
-4.28563e-09
2.2769e-10
-4.6072e-09
1.18044e-10
-4.83481e-09
-4.95278e-09
4.21527e-14
-9.03198e-14
1.00564e-13
-1.34194e-13
1.97193e-13
-2.39575e-13
3.63405e-13
-4.45594e-13
6.47513e-13
-8.24398e-13
1.12455e-12
-1.49947e-12
1.90601e-12
-2.67136e-12
3.15185e-12
-4.65557e-12
5.08299e-12
-7.93333e-12
7.99111e-12
-1.32141e-11
1.224e-11
-2.15057e-11
1.82561e-11
-3.41901e-11
2.64991e-11
-5.30819e-11
3.74102e-11
-8.04606e-11
5.13353e-11
-1.19049e-10
6.84243e-11
-1.71907e-10
8.85206e-11
-2.42234e-10
1.11055e-10
-3.33047e-10
1.3497e-10
-4.46764e-10
1.58695e-10
-5.84709e-10
1.80214e-10
-7.46614e-10
1.97202e-10
-9.30175e-10
2.07258e-10
-1.13075e-09
2.08208e-10
-1.34129e-09
1.9843e-10
-1.55256e-09
1.77162e-10
-1.75371e-09
1.4471e-10
-1.93317e-09
1.02538e-10
-2.07967e-09
5.31794e-11
-2.18343e-09
-2.23722e-09
1.76183e-14
-3.73691e-14
4.23548e-14
-5.60527e-14
8.30848e-14
-1.00477e-13
1.52838e-13
-1.8807e-13
2.73543e-13
-3.4925e-13
4.76675e-13
-6.3751e-13
8.09967e-13
-1.1387e-12
1.34296e-12
-1.98978e-12
2.17244e-12
-3.40073e-12
3.42525e-12
-5.67991e-12
5.26144e-12
-9.26928e-12
7.86999e-12
-1.47768e-11
1.14549e-11
-2.30034e-11
1.62158e-11
-3.4961e-11
2.23119e-11
-5.18626e-11
2.9817e-11
-7.50805e-11
3.86719e-11
-1.06056e-10
4.86337e-11
-1.46161e-10
5.92416e-11
-1.96508e-10
6.9805e-11
-2.5773e-10
7.94286e-11
-3.29747e-10
8.70749e-11
-4.11569e-10
9.16655e-11
-5.01147e-10
9.22193e-11
-5.95336e-10
8.79984e-11
-6.89996e-10
7.86476e-11
-7.80244e-10
6.42937e-11
-8.60845e-10
4.55835e-11
-9.26699e-10
2.36495e-11
-9.7337e-10
-9.97577e-10
7.23069e-15
-1.5045e-14
1.74114e-14
-2.28938e-14
3.44173e-14
-4.14619e-14
6.37395e-14
-7.85406e-14
1.14421e-13
-1.46406e-13
1.99588e-13
-2.6785e-13
3.40199e-13
-4.79933e-13
5.66147e-13
-8.41045e-13
9.1803e-13
-1.4414e-12
1.45147e-12
-2.41381e-12
2.23608e-12
-3.95023e-12
3.3537e-12
-6.31352e-12
4.89484e-12
-9.85406e-12
6.94752e-12
-1.50148e-11
9.58422e-12
-2.23296e-11
1.28402e-11
-3.2405e-11
1.66935e-11
-4.58822e-11
2.10426e-11
-6.33764e-11
2.56888e-11
-8.53917e-11
3.03318e-11
-1.12224e-10
3.45795e-11
-1.43856e-10
3.79749e-11
-1.79867e-10
4.00399e-11
-2.19364e-10
4.0338e-11
-2.60963e-10
3.85379e-11
-3.02831e-10
3.4477e-11
-3.42799e-10
2.82066e-11
-3.78531e-10
2.00095e-11
-4.0775e-10
1.03847e-11
-4.28469e-10
-4.3922e-10
2.95917e-15
-5.81066e-15
7.07564e-15
-9.05482e-15
1.38472e-14
-1.6695e-14
2.60723e-14
-3.22882e-14
4.71624e-14
-6.05591e-14
8.2431e-14
-1.1105e-13
1.41379e-13
-2.00034e-13
2.35944e-13
-3.51687e-13
3.83715e-13
-6.03988e-13
6.08558e-13
-1.01434e-12
9.39778e-13
-1.66454e-12
1.41333e-12
-2.66704e-12
2.06822e-12
-4.17358e-12
2.94276e-12
-6.37499e-12
4.06967e-12
-9.50366e-12
5.46521e-12
-1.38244e-11
7.12211e-12
-1.96184e-11
8.9978e-12
-2.71579e-11
1.10074e-11
-3.6668e-11
1.30229e-11
-4.82843e-11
1.48741e-11
-6.20079e-11
1.6362e-11
-7.76611e-11
1.72781e-11
-9.48595e-11
1.74296e-11
-1.13003e-10
1.66711e-11
-1.31288e-10
1.4929e-11
-1.48765e-10
1.22228e-11
-1.64406e-10
8.67544e-12
-1.77205e-10
4.50375e-12
-1.86286e-10
-1.91001e-10
1.08394e-15
-2.10017e-15
2.89771e-15
-3.54836e-15
5.58946e-15
-6.52116e-15
1.05619e-14
-1.30438e-14
1.91248e-14
-2.4587e-14
3.38262e-14
-4.53224e-14
5.81447e-14
-8.23062e-14
9.71574e-14
-1.45254e-13
1.58432e-13
-2.50144e-13
2.52336e-13
-4.21742e-13
3.90654e-13
-6.93551e-13
5.88793e-13
-1.11393e-12
8.63952e-13
-1.74796e-12
1.23241e-12
-2.67647e-12
1.70838e-12
-3.99922e-12
2.30006e-12
-5.83065e-12
3.00385e-12
-8.29255e-12
3.8031e-12
-1.15038e-11
4.66199e-12
-1.55632e-11
5.52626e-12
-2.05322e-11
6.32283e-12
-2.64146e-11
6.96642e-12
-3.31362e-11
7.36721e-12
-4.05339e-11
7.44144e-12
-4.835e-11
7.12554e-12
-5.62382e-11
6.3868e-12
-6.37861e-11
5.2328e-12
-7.05471e-11
3.71625e-12
-7.60846e-11
1.92989e-12
-8.00158e-11
-8.20571e-11
2.43231e-16
-4.98445e-16
8.29783e-16
-1.31762e-15
2.2192e-15
-2.51224e-15
3.97728e-15
-4.87507e-15
7.54441e-15
-9.75897e-15
1.37998e-14
-1.84183e-14
2.38851e-14
-3.34834e-14
3.95104e-14
-5.89879e-14
6.44546e-14
-1.02286e-13
1.03169e-13
-1.73129e-13
1.60521e-13
-2.86117e-13
2.42766e-13
-4.60184e-13
3.57041e-13
-7.24028e-13
5.10611e-13
-1.11127e-12
7.09419e-13
-1.66437e-12
9.57055e-13
-2.43173e-12
1.25281e-12
-3.46591e-12
1.5893e-12
-4.8178e-12
1.95205e-12
-6.5305e-12
2.31812e-12
-8.63116e-12
2.65691e-12
-1.11227e-11
2.93189e-12
-1.39748e-11
3.10484e-12
-1.71193e-11
3.14038e-12
-2.04462e-11
3.0098e-12
-2.38078e-11
2.70001e-12
-2.70285e-11
2.21352e-12
-2.99157e-11
1.57328e-12
-3.22828e-11
8.17488e-13
-3.39632e-11
-3.48365e-11
1.88817e-16
5.62295e-17
4.66368e-16
-5.24819e-16
8.10802e-16
-9.06269e-16
1.46433e-15
-1.5443e-15
2.89018e-15
-3.8307e-15
5.21346e-15
-7.55306e-15
9.2654e-15
-1.3451e-14
1.59162e-14
-2.40667e-14
2.60336e-14
-4.11009e-14
4.16782e-14
-6.99829e-14
6.50573e-14
-1.16695e-13
9.88473e-14
-1.88153e-13
1.46012e-13
-2.96716e-13
2.09009e-13
-4.56181e-13
2.91355e-13
-6.84926e-13
3.93841e-13
-1.00279e-12
5.16742e-13
-1.43287e-12
6.56604e-13
-1.99516e-12
8.08274e-13
-2.70939e-12
9.61673e-13
-3.58798e-12
1.1037e-12
-4.63061e-12
1.21994e-12
-5.82673e-12
1.29358e-12
-7.14792e-12
1.30992e-12
-8.54723e-12
1.25701e-12
-9.96318e-12
1.12854e-12
-1.13211e-11
9.26156e-13
-1.25396e-11
6.58197e-13
-1.35392e-11
3.41911e-13
-1.42493e-11
-1.46181e-11
-6.10571e-17
-1.70865e-16
3.8374e-17
-4.92615e-16
1.19028e-16
-1.54763e-16
6.46246e-16
-6.1412e-16
9.83746e-16
-1.48166e-15
1.98815e-15
-2.8375e-15
3.55644e-15
-5.60654e-15
5.9318e-15
-9.47753e-15
1.01721e-14
-1.65181e-14
1.68609e-14
-2.81051e-14
2.60876e-14
-4.68676e-14
3.98561e-14
-7.60013e-14
5.88665e-14
-1.2044e-13
8.45819e-14
-1.85109e-13
1.18308e-13
-2.78829e-13
1.60507e-13
-4.09213e-13
2.1077e-13
-5.85851e-13
2.68459e-13
-8.17173e-13
3.31202e-13
-1.1119e-12
3.94543e-13
-1.47492e-12
4.53461e-13
-1.9065e-12
5.02111e-13
-2.40245e-12
5.32757e-13
-2.95098e-12
5.39983e-13
-3.53269e-12
5.18863e-13
-4.12276e-12
4.66456e-13
-4.68833e-12
3.8287e-13
-5.1967e-12
2.72081e-13
-5.61367e-12
1.41534e-13
-5.91045e-12
-6.06436e-12
-6.41653e-18
-2.46145e-16
-1.41803e-16
-2.44904e-16
-5.22411e-17
-2.33997e-16
2.82582e-16
-7.16606e-16
4.50207e-16
-6.1891e-16
1.02815e-15
-1.2905e-15
1.15596e-15
-2.17588e-15
1.84581e-15
-3.47279e-15
3.96177e-15
-6.81458e-15
6.49587e-15
-1.1289e-14
1.04189e-14
-1.86951e-14
1.61341e-14
-3.07538e-14
2.35437e-14
-4.79641e-14
3.40278e-14
-7.41564e-14
4.7615e-14
-1.12274e-13
6.45882e-14
-1.65219e-13
8.49872e-14
-2.36657e-13
1.08707e-13
-3.31083e-13
1.34284e-13
-4.5145e-13
1.60183e-13
-5.99514e-13
1.8445e-13
-7.76329e-13
2.04388e-13
-9.79787e-13
2.17168e-13
-1.20481e-12
2.20443e-13
-1.44402e-12
2.11784e-13
-1.68689e-12
1.90648e-13
-1.92016e-12
1.56387e-13
-2.12954e-12
1.11255e-13
-2.30153e-12
5.77764e-14
-2.42417e-12
-2.48773e-12
2.10451e-17
-3.84095e-16
-1.17768e-16
-1.50661e-16
-5.01838e-17
-3.33951e-16
-2.58822e-16
-5.07081e-16
-1.09009e-16
-1.80271e-16
1.40759e-16
-8.12067e-16
3.7951e-16
-8.79839e-16
9.84842e-16
-1.49645e-15
1.5593e-15
-2.67621e-15
2.63501e-15
-4.56416e-15
4.01559e-15
-7.59428e-15
5.70272e-15
-1.19131e-14
8.85619e-15
-1.8898e-14
1.34378e-14
-2.93345e-14
1.896e-14
-4.45241e-14
2.58262e-14
-6.56962e-14
3.4074e-14
-9.44513e-14
4.34586e-14
-1.32583e-13
5.37292e-14
-1.81273e-13
6.43471e-14
-2.40995e-13
7.41305e-14
-3.12728e-13
8.20344e-14
-3.95268e-13
8.74127e-14
-4.86449e-13
8.89693e-14
-5.83945e-13
8.55155e-14
-6.82578e-13
7.70266e-14
-7.77809e-13
6.34694e-14
-8.63247e-13
4.54878e-14
-9.33398e-13
2.35666e-14
-9.83214e-13
-1.00929e-12
-1.15887e-16
-3.63915e-16
-2.70931e-16
-3.19063e-16
-2.60033e-16
-1.72571e-16
-1.81913e-16
-4.75585e-16
-3.29328e-17
-3.6e-16
2.6109e-18
-3.06319e-16
1.00192e-16
-3.90094e-16
1.09665e-16
-4.74012e-16
4.52276e-16
-1.06284e-15
8.21186e-16
-1.86672e-15
1.35306e-15
-2.93978e-15
2.3613e-15
-4.56116e-15
3.52129e-15
-7.21213e-15
5.35709e-15
-1.12332e-14
7.39545e-15
-1.71759e-14
1.01403e-14
-2.566e-14
1.35465e-14
-3.71482e-14
1.72754e-14
-5.2457e-14
2.13267e-14
-7.19399e-14
2.57387e-14
-9.58877e-14
2.96072e-14
-1.24502e-13
3.27161e-14
-1.5761e-13
3.50501e-14
-1.94422e-13
3.55649e-14
-2.33465e-13
3.42934e-14
-2.73344e-13
3.08588e-14
-3.11666e-13
2.52412e-14
-3.4622e-13
1.78223e-14
-3.7412e-13
9.36329e-15
-3.94477e-13
-4.05013e-13
-4.3607e-16
-1.24365e-17
-3.02241e-16
-3.16814e-16
-2.06736e-16
-2.56889e-16
-1.99727e-16
-2.86152e-16
-1.42872e-16
-2.43717e-16
-1.09252e-17
-3.47649e-17
-5.7121e-17
-1.37934e-16
4.25892e-17
-3.31736e-16
3.4263e-16
-4.07764e-16
4.13205e-16
-5.87586e-16
5.87602e-16
-1.18634e-15
9.16056e-16
-1.57869e-15
1.3121e-15
-2.47052e-15
1.9082e-15
-4.27832e-15
2.89987e-15
-6.75106e-15
3.79951e-15
-9.88868e-15
5.14303e-15
-1.42097e-14
6.73489e-15
-2.03658e-14
8.40904e-15
-2.80684e-14
9.99096e-15
-3.76871e-14
1.15676e-14
-4.89681e-14
1.30435e-14
-6.2194e-14
1.3849e-14
-7.66851e-14
1.427e-14
-9.23865e-14
1.35713e-14
-1.08036e-13
1.22511e-14
-1.23416e-13
9.88362e-15
-1.37257e-13
7.01611e-15
-1.48305e-13
3.60183e-15
-1.56687e-13
-1.60899e-13
-1.68344e-16
6.61569e-17
-1.83609e-16
-1.71199e-16
-1.0186e-16
-2.06558e-16
-1.00551e-16
7.22033e-17
-1.3256e-16
-3.17532e-16
-6.11846e-17
2.15591e-16
-1.17731e-16
3.5567e-17
-1.91738e-16
-1.42284e-16
9.35428e-18
-1.44886e-16
5.4231e-17
-9.20885e-17
1.10725e-16
-1.48409e-16
3.36959e-16
-4.41657e-16
5.95796e-16
-7.9981e-16
1.00415e-15
-1.54662e-15
1.01513e-15
-2.15509e-15
1.35646e-15
-3.75539e-15
2.09007e-15
-5.6444e-15
2.56938e-15
-7.74847e-15
3.16941e-15
-1.07026e-14
3.99836e-15
-1.46119e-14
4.62584e-15
-1.90058e-14
5.05479e-15
-2.41545e-14
5.42553e-15
-2.98719e-14
5.41579e-15
-3.60288e-14
5.39594e-15
-4.2491e-14
4.74731e-15
-4.80382e-14
3.89817e-15
-5.36653e-14
2.88949e-15
-5.82453e-14
1.67489e-15
-6.15045e-14
-6.31059e-14
1.44947e-16
3.01985e-17
5.72818e-17
3.29723e-17
1.07437e-16
-3.209e-16
-6.93056e-18
8.12516e-17
-1.7832e-16
-2.76873e-17
-8.64245e-17
4.21449e-17
1.40058e-16
-5.65799e-19
1.27834e-17
-1.37573e-16
9.73769e-17
-2.07296e-16
1.37573e-16
-7.22449e-17
-7.60287e-17
-1.64053e-17
4.62897e-18
-2.18596e-16
1.30604e-16
-3.66509e-16
9.56975e-17
-4.35725e-16
4.29871e-16
-7.66936e-16
4.57156e-16
-1.15896e-15
6.92077e-16
-1.90838e-15
1.05953e-15
-2.80805e-15
1.36044e-15
-3.8917e-15
1.7081e-15
-5.46442e-15
1.77107e-15
-7.29225e-15
1.68056e-15
-8.8656e-15
2.29539e-15
-1.16194e-14
2.18029e-15
-1.35719e-14
2.01195e-15
-1.62835e-14
1.99614e-15
-1.82368e-14
1.70288e-15
-2.08438e-14
1.02259e-15
-2.24241e-14
4.86058e-16
-2.36584e-14
-2.43716e-14
-1.82095e-16
-1.46874e-16
-1.57795e-16
-3.4523e-17
-5.05105e-18
-3.45634e-16
-1.33197e-16
6.04648e-17
-4.15461e-18
-3.71507e-17
-1.53749e-17
1.81257e-17
-7.49857e-17
3.1865e-17
2.2104e-17
-1.61888e-16
-3.64688e-17
-4.41259e-17
5.69777e-17
-5.63626e-17
-3.58945e-17
3.01141e-17
-2.55147e-17
-2.91787e-16
8.60015e-17
-3.15969e-16
7.32355e-17
-1.71466e-16
7.37786e-17
-3.2839e-16
9.88253e-17
-4.38254e-16
3.76283e-16
-7.17671e-16
3.8236e-16
-9.59611e-16
2.8816e-16
-1.39071e-15
6.56464e-16
-2.03177e-15
7.34633e-16
-3.00876e-15
9.89596e-16
-3.47176e-15
8.45924e-16
-4.28824e-15
8.10476e-16
-5.24504e-15
7.74386e-16
-5.93751e-15
7.55704e-16
-6.8018e-15
7.75319e-16
-7.63404e-15
3.80121e-16
-8.48774e-15
1.29394e-16
-8.94248e-15
-9.42229e-15
-7.12389e-17
-1.21384e-16
-2.52208e-16
2.71379e-16
-1.23327e-16
-1.47298e-16
-8.1374e-17
-9.73981e-18
4.07909e-17
-1.94928e-16
-1.29689e-16
2.29142e-17
-3.32976e-16
1.63518e-16
2.27786e-16
-1.13586e-16
1.56348e-18
9.0115e-17
1.52705e-17
-1.67379e-16
1.00411e-16
-1.88061e-16
9.51581e-17
-1.65054e-17
1.09202e-16
-2.15171e-16
1.05699e-16
2.01457e-17
-2.33527e-16
2.55054e-16
-2.59515e-16
-3.45537e-16
-1.86653e-18
-4.876e-16
1.79289e-16
-4.69716e-16
2.50915e-16
-3.4656e-16
2.63988e-16
-6.88026e-16
1.66347e-16
-1.13092e-15
2.45597e-16
-1.25561e-15
8.34487e-17
-1.48488e-15
4.10033e-16
-2.26939e-15
4.89856e-16
-1.93291e-15
5.21981e-16
-2.16699e-15
4.37179e-16
-2.77901e-15
4.95708e-16
-3.2386e-15
4.90687e-16
-3.23302e-15
-3.32926e-15
-9.22138e-18
-2.18968e-16
-1.47231e-16
7.92308e-17
-1.65515e-16
2.33541e-19
-6.93644e-17
-2.04486e-16
8.71251e-17
-2.33949e-16
-1.7519e-16
2.40117e-17
-2.6165e-16
-1.44403e-17
-5.85597e-17
-4.99935e-16
-1.82552e-17
-8.19473e-17
8.11108e-17
-3.53275e-16
-5.77902e-17
-1.65866e-16
-4.46005e-17
-1.12259e-16
-2.57529e-16
4.55864e-17
-2.0858e-17
-5.20208e-16
1.82e-16
-3.3021e-17
1.447e-16
-1.55135e-16
1.07646e-16
-5.04742e-16
-6.78361e-17
-2.69902e-16
6.91536e-17
-4.00469e-16
3.85418e-16
-2.90549e-16
-1.32618e-16
-2.80916e-16
-2.49305e-17
-4.77334e-16
1.2006e-16
-4.89785e-16
1.60772e-16
-8.27576e-16
3.16198e-16
-7.37347e-16
2.49973e-16
-6.39186e-16
1.93159e-16
-1.1422e-15
-1.68854e-17
-1.12158e-15
-2.59156e-17
-9.45783e-16
-9.89561e-16
-1.78777e-16
-1.33066e-16
-9.96759e-18
-1.63684e-16
3.09545e-16
8.44268e-17
7.27494e-17
9.92874e-17
1.53474e-16
-1.79731e-16
-9.08846e-17
-2.53461e-16
-2.46752e-16
-4.02232e-16
-9.43471e-17
-6.26497e-16
-6.30898e-18
-1.39984e-16
2.21322e-16
-4.71346e-16
-2.45691e-17
-1.01476e-16
1.87845e-17
-4.22885e-16
-1.80412e-16
-5.37453e-17
-2.31622e-16
-5.50014e-16
-8.69105e-17
-2.76254e-16
-4.02867e-17
-6.90848e-17
-8.01685e-18
-1.95799e-16
1.02597e-16
-2.40831e-16
-2.67859e-17
-2.45871e-16
1.07637e-16
-2.15495e-16
1.62781e-16
1.07747e-16
4.79193e-17
-5.70081e-16
7.93915e-17
-2.50373e-16
1.34222e-16
-3.2288e-16
2.4983e-16
-7.09625e-16
2.87949e-16
-8.97774e-17
1.39072e-16
-1.98603e-16
-6.82081e-17
-3.00678e-16
2.40906e-17
-2.74646e-16
-1.21506e-16
-4.60214e-17
-1.92609e-16
-1.37698e-16
-1.66954e-16
-5.02301e-17
-9.75064e-17
-1.70205e-16
1.67569e-17
-3.72437e-16
-1.39675e-16
-1.8802e-16
-5.3401e-16
-2.6399e-18
-5.02352e-16
-1.41542e-16
-3.86434e-16
-1.01532e-16
-2.94243e-16
-9.69011e-17
-4.9556e-16
4.07309e-17
-1.74238e-16
1.54948e-16
-2.42794e-16
3.21748e-16
-1.74626e-16
-1.15753e-16
2.99037e-17
-2.60817e-16
-2.4061e-16
-3.88726e-17
-2.15254e-16
1.63413e-16
1.48124e-16
1.68673e-16
-1.21423e-16
1.47533e-16
-2.52763e-16
-4.52403e-17
-8.08088e-17
1.62642e-17
-7.37885e-17
-2.00588e-17
-2.04746e-16
3.38472e-16
4.40386e-18
3.219e-16
-1.55397e-16
2.47111e-16
-3.54266e-16
1.02888e-16
-2.72475e-16
9.85987e-17
-2.37479e-16
7.37024e-17
-1.8778e-16
-5.93807e-18
1.34009e-16
-4.11637e-17
1.23514e-16
-1.92269e-16
-2.55235e-16
-2.90334e-18
-3.84897e-16
-6.13089e-18
-7.02591e-17
-2.03334e-16
-4.191e-17
-3.08879e-17
-7.21964e-17
-4.45394e-16
-1.48226e-16
-3.3749e-16
-1.33687e-16
-1.32118e-16
-3.83647e-17
-4.77417e-16
2.65117e-17
-2.4072e-16
-2.01918e-17
-1.98077e-16
-1.88356e-17
2.48758e-17
-1.49027e-16
6.82026e-17
1.0514e-16
-9.23782e-17
3.57591e-17
-2.62354e-16
-1.79472e-16
-1.33079e-16
1.47817e-16
-5.19396e-17
1.19798e-16
-2.48366e-17
1.01101e-17
-7.04617e-17
4.98645e-17
-1.34464e-16
3.29245e-16
-2.77251e-17
2.01841e-16
-3.45759e-17
7.73124e-17
1.74945e-16
-3.16445e-18
7.17653e-17
-4.57303e-18
-6.30713e-17
7.18545e-17
-2.24435e-16
1.71542e-16
-2.37977e-16
1.94626e-16
-1.17054e-16
1.09167e-16
3.34798e-16
-3.87587e-17
-9.14894e-17
-1.57178e-16
-3.16088e-16
-1.37842e-17
-1.39068e-16
5.12584e-17
-2.74495e-16
-3.6442e-17
-1.67124e-16
-2.88877e-16
-1.33086e-16
-2.39427e-16
-1.50459e-16
8.52439e-17
-3.59653e-17
-7.28303e-17
-7.00968e-17
-1.51568e-16
3.15006e-17
3.91722e-18
3.61617e-17
-5.1151e-17
2.81009e-17
1.43227e-16
1.60883e-16
-1.93974e-16
5.99387e-17
1.59063e-16
-1.64364e-16
3.13865e-16
-3.50636e-17
4.41299e-17
-1.24836e-16
1.73883e-16
1.46085e-16
4.92996e-17
2.29332e-16
1.53437e-16
9.30297e-17
-9.21278e-17
1.14499e-16
-1.19867e-17
9.12133e-17
5.04269e-17
1.17726e-16
-2.24189e-16
1.91136e-16
6.39735e-17
2.56464e-16
-6.47594e-17
4.10453e-16
-2.61924e-16
5.81646e-17
-8.81589e-18
-1.02607e-16
-6.23124e-17
8.52843e-17
-1.7607e-16
-2.91256e-16
-2.71865e-16
2.05922e-17
-2.53522e-16
1.42702e-16
-1.78303e-16
-1.24818e-16
-1.52154e-16
8.43727e-17
-1.9574e-16
-1.41068e-16
-2.6435e-16
3.28238e-17
1.55963e-18
9.49342e-17
2.14099e-16
-1.33605e-16
1.12706e-16
5.80183e-17
-4.43615e-17
3.13139e-16
-5.08306e-17
1.13301e-16
1.18268e-16
9.60494e-17
-2.76354e-16
-1.89741e-17
-2.06272e-16
8.06426e-17
1.53107e-16
7.7983e-17
1.44118e-16
1.75963e-16
7.80691e-17
3.38011e-16
3.10844e-17
2.92453e-16
-4.84232e-17
1.40456e-16
7.09224e-18
-3.69569e-17
7.54496e-17
1.54884e-16
1.82732e-16
2.89512e-17
9.79964e-17
-2.59168e-16
8.063e-17
-6.13645e-18
1.44659e-16
-1.30341e-16
1.2463e-16
-4.0009e-16
-1.09054e-16
8.97234e-17
1.59224e-16
-2.12338e-16
-4.97178e-17
-1.30733e-16
-5.04886e-16
-2.62271e-16
4.58144e-18
-1.69224e-16
-6.87082e-17
-1.74769e-16
-1.41681e-16
-2.53283e-16
5.96196e-17
-7.23915e-17
-1.65201e-16
-1.45886e-16
4.6903e-16
-1.05195e-16
1.78775e-16
-4.99693e-17
-1.13502e-16
1.13668e-16
2.29585e-16
2.78361e-16
2.57514e-16
1.9594e-16
1.38219e-16
-1.01195e-18
-1.96053e-17
-2.52834e-16
2.80325e-17
-3.01826e-16
-5.54165e-17
-1.10851e-16
-2.59159e-16
9.57112e-17
1.00201e-16
9.95417e-17
2.02676e-16
5.51853e-17
2.8539e-16
-2.85218e-17
9.97828e-17
6.08409e-17
1.24526e-16
8.68352e-17
1.5688e-16
3.58214e-17
-8.55092e-17
-1.83e-18
-3.4281e-16
9.46208e-17
-2.34228e-16
4.45972e-17
-1.34805e-16
2.23732e-16
-2.53257e-16
2.44615e-16
1.49459e-16
2.33057e-17
-1.71896e-16
1.54681e-16
-3.66332e-16
-1.8455e-16
-8.35963e-17
1.01522e-17
-2.46586e-17
-4.14173e-16
-7.81364e-17
1.72754e-17
-2.66291e-16
7.92304e-17
-1.77355e-16
-1.68081e-16
-2.40823e-16
2.29246e-16
-2.44464e-17
1.44452e-16
1.55958e-18
-9.60296e-18
1.8033e-17
6.72484e-17
6.5189e-17
1.437e-16
-2.69926e-17
-8.03887e-17
-1.08222e-16
2.01873e-16
4.99551e-17
-2.16971e-16
-3.43008e-18
1.00735e-16
-1.85949e-17
-1.03334e-16
1.29067e-16
2.38271e-17
2.39222e-17
4.33456e-16
8.3569e-17
1.11444e-16
-3.80132e-17
-3.74572e-17
-2.01514e-17
1.92898e-16
-3.35076e-17
2.12648e-16
1.98077e-17
1.52937e-16
5.74175e-17
-2.93299e-16
1.85811e-16
-4.65711e-17
2.61175e-16
-1.33135e-16
7.75989e-17
-9.21402e-17
-5.72242e-17
-6.76532e-17
-2.1305e-17
7.45795e-18
-1.1761e-16
-1.97536e-16
-8.47564e-17
-2.8816e-18
-1.81457e-16
-2.27186e-16
-2.51233e-16
-6.9441e-17
-1.61924e-16
-1.00764e-16
-4.74862e-17
1.42123e-16
1.90991e-16
6.30779e-18
-1.12412e-16
-1.83465e-16
3.44263e-17
5.03423e-17
-2.78525e-17
6.62161e-17
8.19315e-17
-8.95427e-17
4.99843e-18
2.44027e-18
1.79879e-17
2.22223e-17
2.19828e-17
1.9355e-16
1.94305e-16
1.06576e-17
-1.19045e-16
-1.99431e-16
)
;

boundaryField
{
    outerWall
    {
        type            calculated;
        value           uniform 0;
    }
    axis
    {
        type            symmetryPlane;
        value           uniform 0;
    }
    nozzle
    {
        type            calculated;
        value           nonuniform List<scalar> 5(0.714207 0.714227 0.714227 0.714227 0.714207);
    }
    back
    {
        type            empty;
    }
    front
    {
        type            empty;
    }
}


// ************************************************************************* //
