/*--------------------------------*- C++ -*----------------------------------*\
| =========                 |                                                 |
| \\      /  F ield         | OpenFOAM: The Open Source CFD Toolbox           |
|  \\    /   O peration     | Version:  2412                                  |
|   \\  /    A nd           | Website:  www.openfoam.com                      |
|    \\/     M anipulation  |                                                 |
\*---------------------------------------------------------------------------*/
FoamFile
{
    version     2.0;
    format      ascii;
    arch        "LSB;label=32;scalar=64";
    class       volVectorField;
    location    "0.000105";
    object      U;
}
// * * * * * * * * * * * * * * * * * * * * * * * * * * * * * * * * * * * * * //

dimensions      [0 1 -1 0 0 0 0];

internalField   nonuniform List<vector> 
3725
(
(0.124594 0.0210854 0)
(0.369425 0.0204243 0)
(0.600775 0.0189144 0)
(0.809077 0.0163023 0)
(0.98533 0.0124538 0)
(1.1227 0.00749753 0)
(1.21819 0.00185514 0)
(1.27332 -0.00383906 0)
(1.29374 -0.00891773 0)
(1.28774 -0.0128089 0)
(1.26427 -0.0152442 0)
(1.23106 -0.0162286 0)
(1.19358 -0.0160501 0)
(1.1547 -0.0151293 0)
(1.11555 -0.0135704 0)
(1.07597 -0.0117596 0)
(1.03517 -0.00956299 0)
(0.992289 -0.00722863 0)
(0.946308 -0.00474212 0)
(0.896392 -0.00203868 0)
(0.841874 0.000855364 0)
(0.781698 0.00386625 0)
(0.714852 0.00707433 0)
(0.640786 0.0103085 0)
(0.559214 0.0134353 0)
(0.470209 0.016338 0)
(0.374202 0.0189508 0)
(0.272129 0.0211142 0)
(0.165313 0.0226629 0)
(0.0554541 0.0234708 0)
(0.124099 0.0626637 0)
(0.367797 0.0607076 0)
(0.597684 0.0562469 0)
(0.804234 0.0485447 0)
(0.978729 0.037207 0)
(1.11476 0.0226022 0)
(1.20969 0.00595615 0)
(1.26525 -0.0108594 0)
(1.28702 -0.0259253 0)
(1.283 -0.0375652 0)
(1.26172 -0.0449579 0)
(1.23047 -0.048094 0)
(1.19441 -0.0479251 0)
(1.15657 -0.0452642 0)
(1.11809 -0.0407079 0)
(1.07899 -0.0353366 0)
(1.03858 -0.0291845 0)
(0.995918 -0.0221978 0)
(0.950214 -0.0145422 0)
(0.900602 -0.00634005 0)
(0.846314 0.0023726 0)
(0.786375 0.0115018 0)
(0.7197 0.0210358 0)
(0.645575 0.0306672 0)
(0.563747 0.0401191 0)
(0.474355 0.0490206 0)
(0.377793 0.0570166 0)
(0.274919 0.0636231 0)
(0.167084 0.0683501 0)
(0.0560614 0.0708178 0)
(0.123128 0.102487 0)
(0.364614 0.0993176 0)
(0.591655 0.0921145 0)
(0.7948 0.0797163 0)
(0.965877 0.0614946 0)
(1.09927 0.0380098 0)
(1.1931 0.0111718 0)
(1.24942 -0.0161669 0)
(1.27373 -0.0406578 0)
(1.27348 -0.0599191 0)
(1.25639 -0.0725827 0)
(1.22885 -0.0786086 0)
(1.19571 -0.0788414 0)
(1.16013 -0.0748581 0)
(1.12301 -0.0681417 0)
(1.08463 -0.0594935 0)
(1.04505 -0.0493324 0)
(1.00329 -0.0378484 0)
(0.958223 -0.0252739 0)
(0.909097 -0.0114589 0)
(0.855267 0.00316798 0)
(0.79571 0.0184009 0)
(0.729249 0.0344541 0)
(0.655115 0.0507128 0)
(0.572987 0.0667172 0)
(0.482891 0.0819683 0)
(0.385162 0.0956956 0)
(0.280636 0.107045 0)
(0.170714 0.115181 0)
(0.0573075 0.119436 0)
(0.121722 0.139467 0)
(0.360018 0.135214 0)
(0.582984 0.125597 0)
(0.78127 0.10912 0)
(0.947452 0.0849588 0)
(1.07702 0.0537992 0)
(1.16906 0.0180692 0)
(1.22638 -0.0185605 0)
(1.25422 -0.0519568 0)
(1.25907 -0.0786471 0)
(1.24771 -0.09671 0)
(1.22578 -0.106065 0)
(1.19723 -0.107869 0)
(1.1646 -0.103575 0)
(1.12962 -0.0955025 0)
(1.0931 -0.0839856 0)
(1.05483 -0.070146 0)
(1.01397 -0.0546456 0)
(0.970018 -0.0370981 0)
(0.921946 -0.0179552 0)
(0.868714 0.0027255 0)
(0.80985 0.0243574 0)
(0.743948 0.0471187 0)
(0.669778 0.0702591 0)
(0.587196 0.0933618 0)
(0.496097 0.115476 0)
(0.396607 0.135452 0)
(0.289537 0.152021 0)
(0.176381 0.163939 0)
(0.0592556 0.170192 0)
(0.119938 0.172638 0)
(0.354212 0.167473 0)
(0.572085 0.155867 0)
(0.764323 0.136097 0)
(0.924389 0.107194 0)
(1.04911 0.0698979 0)
(1.13883 0.0269659 0)
(1.19691 -0.0173106 0)
(1.22867 -0.0583477 0)
(1.23992 -0.0919932 0)
(1.23583 -0.115921 0)
(1.22049 -0.129598 0)
(1.19759 -0.134053 0)
(1.16941 -0.130983 0)
(1.13771 -0.121979 0)
(1.10366 -0.108604 0)
(1.06706 -0.0922399 0)
(1.02809 -0.0728999 0)
(0.985754 -0.050849 0)
(0.938972 -0.0262845 0)
(0.88701 0.000497925 0)
(0.829022 0.0288316 0)
(0.763683 0.0585928 0)
(0.689804 0.089159 0)
(0.606908 0.119983 0)
(0.514466 0.14965 0)
(0.412576 0.176591 0)
(0.302005 0.19906 0)
(0.184348 0.215308 0)
(0.062001 0.223873 0)
(0.117848 0.201197 0)
(0.34744 0.19532 0)
(0.559453 0.182211 0)
(0.744767 0.160036 0)
(0.897805 0.127738 0)
(1.01685 0.0860509 0)
(1.10366 0.0378527 0)
(1.1624 -0.0123241 0)
(1.19821 -0.0593564 0)
(1.2159 -0.0991268 0)
(1.21951 -0.129094 0)
(1.21219 -0.148023 0)
(1.1962 -0.156233 0)
(1.17367 -0.155785 0)
(1.14641 -0.147516 0)
(1.11542 -0.133755 0)
(1.08161 -0.115083 0)
(1.04503 -0.0924609 0)
(1.00499 -0.0663753 0)
(0.960461 -0.036875 0)
(0.910065 -0.00409335 0)
(0.85343 0.0312105 0)
(0.789197 0.0683818 0)
(0.715826 0.107168 0)
(0.63257 0.146403 0)
(0.538558 0.184479 0)
(0.433668 0.219351 0)
(0.318578 0.248678 0)
(0.194996 0.270043 0)
(0.065683 0.281377 0)
(0.11553 0.224536 0)
(0.339972 0.218159 0)
(0.545623 0.204056 0)
(0.72347 0.180394 0)
(0.868903 0.14609 0)
(0.981698 0.10183 0)
(1.06506 0.0504222 0)
(1.12401 -0.00365996 0)
(1.16357 -0.0555131 0)
(1.18763 -0.10054 0)
(1.19916 -0.135675 0)
(1.20014 -0.159851 0)
(1.19178 -0.173119 0)
(1.17596 -0.176278 0)
(1.15424 -0.170618 0)
(1.12799 -0.157412 0)
(1.09804 -0.137879 0)
(1.06463 -0.113027 0)
(1.02745 -0.0833017 0)
(0.985693 -0.0493604 0)
(0.938082 -0.0111307 0)
(0.883379 0.0312039 0)
(0.820654 0.0761977 0)
(0.748324 0.123733 0)
(0.664895 0.172315 0)
(0.569179 0.219963 0)
(0.460727 0.264089 0)
(0.340025 0.301606 0)
(0.208878 0.329203 0)
(0.0705063 0.343976 0)
(0.113066 0.242253 0)
(0.33208 0.235588 0)
(0.53113 0.220986 0)
(0.701294 0.196716 0)
(0.838885 0.16174 0)
(0.945106 0.116668 0)
(1.02455 0.064093 0)
(1.08296 0.00817438 0)
(1.12556 -0.046437 0)
(1.15578 -0.0954237 0)
(1.17503 -0.135381 0)
(1.18411 -0.165023 0)
(1.18389 -0.183735 0)
(1.17555 -0.191572 0)
(1.16057 -0.18954 0)
(1.13998 -0.178656 0)
(1.11491 -0.15984 0)
(1.08596 -0.134015 0)
(1.05274 -0.101982 0)
(1.0146 -0.064061 0)
(0.970488 -0.0205839 0)
(0.918928 0.0283948 0)
(0.858596 0.0816195 0)
(0.787916 0.13857 0)
(0.704744 0.197572 0)
(0.60739 0.25625 0)
(0.494902 0.311357 0)
(0.367414 0.358864 0)
(0.226779 0.394246 0)
(0.0767682 0.41343 0)
(0.110531 0.254155 0)
(0.324021 0.247397 0)
(0.516469 0.232745 0)
(0.679037 0.208658 0)
(0.808869 0.174202 0)
(0.908466 0.12991 0)
(0.983692 0.078061 0)
(1.04111 0.022327 0)
(1.08588 -0.0329937 0)
(1.12092 -0.0842166 0)
(1.14697 -0.128299 0)
(1.16388 -0.163106 0)
(1.17187 -0.187408 0)
(1.17161 -0.20091 0)
(1.16393 -0.203825 0)
(1.15027 -0.196463 0)
(1.13152 -0.179634 0)
(1.10802 -0.154453 0)
(1.07992 -0.121333 0)
(1.04674 -0.0806208 0)
(1.00743 -0.0322129 0)
(0.960033 0.0230649 0)
(0.903286 0.0845614 0)
(0.835289 0.151572 0)
(0.753156 0.222197 0)
(0.654519 0.29364 0)
(0.537689 0.361907 0)
(0.402192 0.4218 0)
(0.249808 0.467129 0)
(0.0849004 0.49216 0)
(0.107997 0.260237 0)
(0.316023 0.253557 0)
(0.502075 0.239242 0)
(0.657387 0.215998 0)
(0.779825 0.183056 0)
(0.873002 0.14088 0)
(0.943864 0.0913872 0)
(0.999669 0.0376262 0)
(1.04565 -0.0168471 0)
(1.08431 -0.0687005 0)
(1.11587 -0.115261 0)
(1.13978 -0.154208 0)
(1.15554 -0.183861 0)
(1.16324 -0.203054 0)
(1.1639 -0.211439 0)
(1.15812 -0.208847 0)
(1.14642 -0.195873 0)
(1.12969 -0.172484 0)
(1.10811 -0.139602 0)
(1.08143 -0.0970857 0)
(1.04826 -0.0455206 0)
(1.00651 0.0155068 0)
(0.954977 0.0853258 0)
(0.891143 0.162935 0)
(0.811296 0.246403 0)
(0.712174 0.332607 0)
(0.591024 0.416772 0)
(0.446331 0.492281 0)
(0.279557 0.550614 0)
(0.0955488 0.583682 0)
(0.105521 0.260659 0)
(0.308274 0.254201 0)
(0.488299 0.240532 0)
(0.636897 0.218647 0)
(0.752532 0.187979 0)
(0.839716 0.148949 0)
(0.906254 0.103107 0)
(0.959939 0.0528421 0)
(1.00613 0.000905195 0)
(1.04711 -0.049977 0)
(1.08284 -0.0973956 0)
(1.11243 -0.139046 0)
(1.13523 -0.173039 0)
(1.15092 -0.197533 0)
(1.15959 -0.211529 0)
(1.16194 -0.214563 0)
(1.15879 -0.206209 0)
(1.15022 -0.186303 0)
(1.13646 -0.155097 0)
(1.1173 -0.112379 0)
(1.09188 -0.0585266 0)
(1.05816 0.00717045 0)
(1.01386 0.084715 0)
(0.956098 0.173129 0)
(0.880412 0.270591 0)
(0.782298 0.373864 0)
(0.657448 0.477423 0)
(0.502576 0.572978 0)
(0.318369 0.648715 0)
(0.10971 0.693276 0)
(0.103152 0.255723 0)
(0.300926 0.249599 0)
(0.475408 0.23681 0)
(0.617972 0.216651 0)
(0.727552 0.188778 0)
(0.80935 0.153597 0)
(0.871786 0.11232 0)
(0.923019 0.0667058 0)
(0.968537 0.0187168 0)
(1.01058 -0.0296272 0)
(1.04907 -0.0762926 0)
(1.08305 -0.119112 0)
(1.11167 -0.155974 0)
(1.13437 -0.18493 0)
(1.15113 -0.204308 0)
(1.16211 -0.212738 0)
(1.16761 -0.209578 0)
(1.16802 -0.194455 0)
(1.16355 -0.166454 0)
(1.15387 -0.125142 0)
(1.13792 -0.0700387 0)
(1.11393 -0.000934006 0)
(1.07944 0.0835736 0)
(1.03055 0.182694 0)
(0.961851 0.295281 0)
(0.867303 0.418366 0)
(0.740365 0.545837 0)
(0.574804 0.667595 0)
(0.369793 0.767181 0)
(0.128979 0.828887 0)
(0.100928 0.245823 0)
(0.294089 0.240122 0)
(0.463587 0.228376 0)
(0.600873 0.210175 0)
(0.705241 0.185398 0)
(0.782373 0.154457 0)
(0.841086 0.118275 0)
(0.889738 0.0780521 0)
(0.933885 0.0350551 0)
(0.975858 -0.00940476 0)
(1.01573 -0.0537749 0)
(1.05267 -0.096168 0)
(1.08587 -0.134466 0)
(1.11467 -0.166418 0)
(1.13873 -0.190062 0)
(1.15799 -0.203791 0)
(1.1725 -0.206129 0)
(1.18257 -0.195944 0)
(1.18845 -0.1721 0)
(1.18962 -0.13362 0)
(1.18503 -0.0792049 0)
(1.17337 -0.00776935 0)
(1.15158 0.0824971 0)
(1.11488 0.192024 0)
(1.05717 0.320904 0)
(0.970222 0.467037 0)
(0.844379 0.624221 0)
(0.668589 0.780781 0)
(0.439357 0.913796 0)
(0.155998 1.00215 0)
(0.098876 0.231433 0)
(0.287839 0.226218 0)
(0.452947 0.215623 0)
(0.585737 0.199497 0)
(0.685763 0.177925 0)
(0.759007 0.15134 0)
(0.814483 0.120433 0)
(0.860605 0.0859428 0)
(0.902945 0.0485499 0)
(0.943958 0.0089685 0)
(0.983993 -0.0317748 0)
(1.02253 -0.0721536 0)
(1.05898 -0.110179 0)
(1.09267 -0.143707 0)
(1.1231 -0.170476 0)
(1.15006 -0.188472 0)
(1.1735 -0.195853 0)
(1.19354 -0.190852 0)
(1.2103 -0.171922 0)
(1.22354 -0.137567 0)
(1.2323 -0.0854244 0)
(1.23521 -0.0130324 0)
(1.22929 0.0816427 0)
(1.20936 0.201058 0)
(1.16812 0.347272 0)
(1.0948 0.520051 0)
(0.975693 0.714211 0)
(0.791994 0.917531 0)
(0.535855 1.09845 0)
(0.195248 1.22989 0)
(0.0970163 0.213065 0)
(0.282229 0.208382 0)
(0.443544 0.198997 0)
(0.572599 0.184974 0)
(0.669123 0.166569 0)
(0.739255 0.144236 0)
(0.792039 0.11849 0)
(0.835825 0.0897158 0)
(0.876155 0.0581303 0)
(0.915614 0.0239771 0)
(0.954885 -0.0121948 0)
(0.993868 -0.0492328 0)
(1.0322 -0.0855392 0)
(1.06945 -0.11899 0)
(1.10516 -0.147408 0)
(1.13895 -0.168535 0)
(1.17072 -0.180191 0)
(1.20051 -0.180239 0)
(1.22841 -0.166546 0)
(1.25449 -0.136828 0)
(1.27843 -0.0881075 0)
(1.29867 -0.0169497 0)
(1.31215 0.0804639 0)
(1.31411 0.208736 0)
(1.29642 0.372757 0)
(1.24544 0.575699 0)
(1.14253 0.815465 0)
(0.956779 1.08179 0)
(0.673702 1.33266 0)
(0.25456 1.53499 0)
(0.0953634 0.191245 0)
(0.277287 0.187127 0)
(0.43539 0.17898 0)
(0.561415 0.167028 0)
(0.655208 0.151646 0)
(0.722948 0.133299 0)
(0.773592 0.112373 0)
(0.815335 0.089002 0)
(0.853641 0.0630742 0)
(0.891213 0.0344699 0)
(0.929086 0.00337231 0)
(0.967522 -0.0294597 0)
(1.00666 -0.0626808 0)
(1.04627 -0.0947262 0)
(1.08594 -0.123351 0)
(1.12547 -0.146288 0)
(1.16472 -0.16126 0)
(1.20377 -0.165744 0)
(1.24285 -0.157206 0)
(1.28237 -0.132708 0)
(1.32221 -0.0886264 0)
(1.36163 -0.0205265 0)
(1.39855 0.0772425 0)
(1.42858 0.212312 0)
(1.44335 0.393302 0)
(1.42685 0.628925 0)
(1.35533 0.923656 0)
(1.17991 1.2742 0)
(0.875958 1.6305 0)
(0.346875 1.96042 0)
(0.0939275 0.166497 0)
(0.27303 0.162968 0)
(0.428468 0.156067 0)
(0.552096 0.146111 0)
(0.643826 0.133544 0)
(0.7098 0.118819 0)
(0.758816 0.102224 0)
(0.798851 0.0837274 0)
(0.835255 0.063014 0)
(0.870837 0.0397198 0)
(0.906938 0.0137646 0)
(0.944326 -0.0144573 0)
(0.983253 -0.0439308 0)
(1.02395 -0.0733466 0)
(1.06648 -0.100746 0)
(1.11052 -0.12428 0)
(1.15613 -0.141627 0)
(1.20355 -0.149749 0)
(1.25319 -0.146229 0)
(1.30593 -0.127472 0)
(1.36256 -0.0895959 0)
(1.42307 -0.0266672 0)
(1.48677 0.0686425 0)
(1.55115 0.206832 0)
(1.60889 0.40154 0)
(1.64323 0.669569 0)
(1.62661 1.02708 0)
(1.48693 1.48481 0)
(1.18898 1.98122 0)
(0.501726 2.46521 0)
(0.0927159 0.139329 0)
(0.269463 0.136404 0)
(0.422746 0.13074 0)
(0.544523 0.122689 0)
(0.634739 0.112699 0)
(0.699457 0.101184 0)
(0.747273 0.0883506 0)
(0.785928 0.0740702 0)
(0.820635 0.0579224 0)
(0.854276 0.039414 0)
(0.888452 0.0182804 0)
(0.924249 -0.00534353 0)
(0.962495 -0.030905 0)
(1.00366 -0.0569751 0)
(1.04774 -0.0824102 0)
(1.09481 -0.10539 0)
(1.14561 -0.123632 0)
(1.20032 -0.135096 0)
(1.25956 -0.136398 0)
(1.32484 -0.123892 0)
(1.39782 -0.0934508 0)
(1.48031 -0.0386473 0)
(1.57368 0.0498426 0)
(1.67825 0.18504 0)
(1.7904 0.386291 0)
(1.89603 0.681428 0)
(1.96701 1.10913 0)
(1.89588 1.72285 0)
(1.61342 2.55068 0)
(0.707163 3.58309 0)
(0.0917331 0.11022 0)
(0.266587 0.107909 0)
(0.418181 0.103465 0)
(0.538565 0.0972185 0)
(0.627697 0.089564 0)
(0.691538 0.0808424 0)
(0.73848 0.071183 0)
(0.77603 0.0604056 0)
(0.809263 0.0480603 0)
(0.841106 0.0336154 0)
(0.873369 0.0167091 0)
(0.907437 -0.00268863 0)
(0.944529 -0.0241477 0)
(0.985316 -0.0470551 0)
(1.03017 -0.0702288 0)
(1.0796 -0.0920873 0)
(1.13385 -0.110754 0)
(1.19398 -0.124762 0)
(1.26159 -0.130696 0)
(1.33814 -0.125207 0)
(1.42649 -0.103824 0)
(1.53054 -0.0602447 0)
(1.65454 0.0155566 0)
(1.80348 0.138588 0)
(1.98117 0.332822 0)
(2.18529 0.635504 0)
(2.40747 1.1025 0)
(2.56608 1.79541 0)
(2.58535 2.73553 0)
(1.29264 3.96522 0)
(0.0909819 0.0796167 0)
(0.264396 0.077922 0)
(0.414728 0.0746751 0)
(0.534096 0.07013 0)
(0.622456 0.0645804 0)
(0.685671 0.0582572 0)
(0.731946 0.0512091 0)
(0.768586 0.0432264 0)
(0.800542 0.033877 0)
(0.830763 0.0226652 0)
(0.861224 0.00920956 0)
(0.893607 -0.00661376 0)
(0.92922 -0.024592 0)
(0.969093 -0.0445057 0)
(1.01396 -0.0654181 0)
(1.06441 -0.086271 0)
(1.12111 -0.105692 0)
(1.18537 -0.121655 0)
(1.25923 -0.132016 0)
(1.345 -0.134339 0)
(1.44654 -0.124147 0)
(1.56985 -0.0955297 0)
(1.7228 -0.0398524 0)
(1.9162 0.0583986 0)
(2.16311 0.226799 0)
(2.47348 0.514758 0)
(2.83849 1.03521 0)
(3.13549 1.94584 0)
(3.27979 4.07815 0)
(1.65267 7.63297 0)
(0.0905139 0.0511884 0)
(0.263032 0.0500456 0)
(0.412576 0.0478495 0)
(0.531304 0.0447542 0)
(0.619158 0.040927 0)
(0.681926 0.0364746 0)
(0.727681 0.0313629 0)
(0.763586 0.0253615 0)
(0.794511 0.018075 0)
(0.823421 0.00911321 0)
(0.852391 -0.00189144 0)
(0.883239 -0.0151478 0)
(0.917421 -0.0307553 0)
(0.956135 -0.0484688 0)
(1.00036 -0.0677764 0)
(1.0509 -0.087914 0)
(1.10869 -0.107883 0)
(1.17535 -0.126065 0)
(1.25279 -0.14118 0)
(1.34414 -0.151081 0)
(1.4547 -0.152292 0)
(1.59138 -0.140656 0)
(1.76529 -0.109319 0)
(1.99479 -0.0454594 0)
(2.30746 0.0731266 0)
(2.75938 0.291622 0)
(3.41077 0.711071 0)
(4.64827 1.48668 0)
(6.19018 3.4263 0)
(11.443 6.77654 0)
(0.0902441 0.0253998 0)
(0.262241 0.024739 0)
(0.411313 0.0234467 0)
(0.529632 0.0215678 0)
(0.617122 0.0191337 0)
(0.679516 0.0161225 0)
(0.724804 0.0124189 0)
(0.760057 0.0078005 0)
(0.790122 0.00196232 0)
(0.817967 -0.00552337 0)
(0.845686 -0.0150009 0)
(0.875138 -0.0267219 0)
(0.907917 -0.0408069 0)
(0.94544 -0.0570812 0)
(0.988783 -0.0753886 0)
(1.03885 -0.0952258 0)
(1.09684 -0.115942 0)
(1.16428 -0.136508 0)
(1.2435 -0.156204 0)
(1.33824 -0.173109 0)
(1.4537 -0.185513 0)
(1.59803 -0.191211 0)
(1.78467 -0.185433 0)
(2.03447 -0.161527 0)
(2.38162 -0.107417 0)
(2.889 0.000199541 0)
(3.62438 0.204653 0)
(4.92096 0.572467 0)
(6.54514 1.16875 0)
(11.5871 2.33892 0)
(0.0901173 -0.000650397 0)
(0.261859 -0.000843246 0)
(0.410673 -0.00126644 0)
(0.528716 -0.00199654 0)
(0.615891 -0.00315229 0)
(0.677897 -0.00489756 0)
(0.722687 -0.007441 0)
(0.757312 -0.0110227 0)
(0.786517 -0.0158984 0)
(0.813243 -0.0224208 0)
(0.839672 -0.0309007 0)
(0.867756 -0.041596 0)
(0.899205 -0.0546228 0)
(0.935386 -0.0699633 0)
(0.97747 -0.0877076 0)
(1.02657 -0.10763 0)
(1.08392 -0.129423 0)
(1.15119 -0.152693 0)
(1.23083 -0.176845 0)
(1.32655 -0.201324 0)
(1.44384 -0.225726 0)
(1.59143 -0.249342 0)
(1.78311 -0.271396 0)
(2.04162 -0.29168 0)
(2.40454 -0.308627 0)
(2.94673 -0.321658 0)
(3.75328 -0.326939 0)
(5.22709 -0.328169 0)
(7.05748 -0.311205 0)
(11.8131 -0.264998 0)
(0.0901284 -0.0267812 0)
(0.261871 -0.0265267 0)
(0.410621 -0.0261249 0)
(0.5285 -0.0257789 0)
(0.615381 -0.0257654 0)
(0.676943 -0.0263995 0)
(0.721129 -0.0279944 0)
(0.754983 -0.0308358 0)
(0.783283 -0.0351762 0)
(0.808966 -0.041181 0)
(0.834181 -0.0490823 0)
(0.860904 -0.059132 0)
(0.890897 -0.0715681 0)
(0.92559 -0.0865595 0)
(0.966182 -0.1042 0)
(1.01382 -0.124603 0)
(1.0698 -0.147801 0)
(1.13582 -0.173836 0)
(1.21433 -0.202786 0)
(1.30891 -0.234946 0)
(1.42489 -0.27107 0)
(1.57063 -0.312592 0)
(1.75926 -0.362573 0)
(2.01213 -0.426629 0)
(2.36364 -0.516096 0)
(2.87802 -0.652324 0)
(3.62049 -0.876752 0)
(4.9304 -1.25261 0)
(6.58362 -1.82805 0)
(11.7153 -2.92176 0)
(0.0902701 -0.0528172 0)
(0.262253 -0.0521438 0)
(0.411122 -0.0509721 0)
(0.528931 -0.0496306 0)
(0.615519 -0.0485536 0)
(0.67656 -0.0482107 0)
(0.720026 -0.0490245 0)
(0.753003 -0.051308 0)
(0.78031 -0.0552699 0)
(0.804898 -0.0610436 0)
(0.828901 -0.0687743 0)
(0.854264 -0.0786681 0)
(0.882749 -0.0909956 0)
(0.915807 -0.10602 0)
(0.954645 -0.124017 0)
(1.00041 -0.145278 0)
(1.05438 -0.170144 0)
(1.1182 -0.199062 0)
(1.19417 -0.232685 0)
(1.28558 -0.272133 0)
(1.39725 -0.319321 0)
(1.53653 -0.377537 0)
(1.71468 -0.452883 0)
(1.94949 -0.556584 0)
(2.26908 -0.710851 0)
(2.73023 -0.959584 0)
(3.39398 -1.40576 0)
(4.6553 -2.19852 0)
(6.24942 -4.15036 0)
(11.7121 -7.51118 0)
(15.2034 1.01453 0)
(14.1252 -0.227962 0)
(14.761 -0.224687 0)
(15.1881 -0.127207 0)
(15.4951 -0.0641 0)
(15.7821 -0.0315352 0)
(16.0498 -0.0156707 0)
(16.2963 -0.00782362 0)
(16.5207 -0.00391114 0)
(16.7226 -0.00195832 0)
(16.9015 -0.000980114 0)
(17.0584 -0.000488592 0)
(17.1946 -0.000243201 0)
(17.3122 -0.000120782 0)
(17.4132 -5.97225e-05 0)
(17.4994 -2.92444e-05 0)
(17.5729 -1.39903e-05 0)
(17.6349 -6.35471e-06 0)
(17.6882 -2.38748e-06 0)
(17.7273 -8.35243e-08 0)
(17.7773 9.62479e-07 0)
(17.7692 1.62947e-06 0)
(17.8996 1.63589e-06 0)
(17.7595 1.49721e-06 0)
(17.8559 1.52263e-06 0)
(15.4086 -0.229817 0)
(15.0569 -0.0294439 0)
(15.1616 0.0150544 0)
(15.3715 0.0165054 0)
(15.5921 0.011937 0)
(15.8304 0.00759688 0)
(16.0738 0.00430087 0)
(16.3084 0.00230685 0)
(16.527 0.00119586 0)
(16.7259 0.000603359 0)
(16.9034 0.0003002 0)
(17.0595 0.000147224 0)
(17.1954 7.13765e-05 0)
(17.3129 3.42258e-05 0)
(17.4137 1.62908e-05 0)
(17.4999 7.76768e-06 0)
(17.5734 3.83026e-06 0)
(17.6353 2.04998e-06 0)
(17.6887 1.38028e-06 0)
(17.7278 1.41818e-06 0)
(17.7778 1.37505e-06 0)
(17.7697 1.54514e-06 0)
(17.9 1.38823e-06 0)
(17.76 1.16849e-06 0)
(17.8564 1.12117e-06 0)
(14.91 -0.12924 0)
(14.4387 -0.0728969 0)
(14.8105 -0.03899 0)
(15.1854 -0.0202415 0)
(15.4875 -0.0107208 0)
(15.7751 -0.00579299 0)
(16.045 -0.00313866 0)
(16.2936 -0.00169951 0)
(16.5195 -0.000916175 0)
(16.7221 -0.000489602 0)
(16.9015 -0.000258836 0)
(17.0586 -0.000135431 0)
(17.195 -7.03084e-05 0)
(17.3126 -3.63435e-05 0)
(17.4136 -1.87131e-05 0)
(17.4999 -9.59921e-06 0)
(17.5734 -4.86636e-06 0)
(17.6353 -2.38939e-06 0)
(17.6887 -1.09226e-06 0)
(17.7278 -4.23663e-07 0)
(17.7778 -5.12345e-08 0)
(17.7697 1.51516e-07 0)
(17.9 2.49002e-07 0)
(17.76 2.59729e-07 0)
(17.8564 1.35161e-07 0)
(15.5644 -0.00808089 0)
(15.1499 -0.100569 0)
(15.2156 -0.084608 0)
(15.3981 -0.0534141 0)
(15.6066 -0.0312618 0)
(15.838 -0.0178411 0)
(16.0779 -0.00975463 0)
(16.3107 -0.00521734 0)
(16.5283 -0.00274685 0)
(16.7266 -0.00142534 0)
(16.9038 -0.000732406 0)
(17.0597 -0.000372798 0)
(17.1955 -0.000188558 0)
(17.3129 -9.50676e-05 0)
(17.4137 -4.78875e-05 0)
(17.4999 -2.41918e-05 0)
(17.5734 -1.23981e-05 0)
(17.6353 -6.5437e-06 0)
(17.6887 -3.73e-06 0)
(17.7278 -2.57592e-06 0)
(17.7778 -1.83682e-06 0)
(17.7697 -1.58444e-06 0)
(17.9 -1.18404e-06 0)
(17.76 -8.60922e-07 0)
(17.8564 -9.42443e-07 0)
(15.5545 -1.15499 0)
(14.2926 0.171585 0)
(14.8545 0.193797 0)
(15.2375 0.110897 0)
(15.5214 0.0555108 0)
(15.7959 0.0270884 0)
(16.0571 0.0133565 0)
(16.3002 0.00661276 0)
(16.5228 0.00327634 0)
(16.7237 0.00162595 0)
(16.9021 0.000806746 0)
(17.0587 0.000398449 0)
(17.1948 0.000196327 0)
(17.3123 9.62841e-05 0)
(17.4132 4.68389e-05 0)
(17.4994 2.24195e-05 0)
(17.573 1.02888e-05 0)
(17.6349 4.25039e-06 0)
(17.6882 1.13002e-06 0)
(17.7273 -6.5056e-07 0)
(17.7773 -1.37301e-06 0)
(17.7692 -1.82029e-06 0)
(17.8996 -1.6807e-06 0)
(17.7595 -1.44936e-06 0)
(17.8559 -1.47906e-06 0)
(0.0905671 -0.0819274 0)
(0.263074 -0.0808283 0)
(0.412262 -0.0788748 0)
(0.530086 -0.0765255 0)
(0.616327 -0.0743839 0)
(0.676674 -0.0730925 0)
(0.719171 -0.0732038 0)
(0.751003 -0.0750805 0)
(0.777065 -0.0788975 0)
(0.800331 -0.0847214 0)
(0.822908 -0.0926371 0)
(0.84669 -0.102813 0)
(0.873398 -0.115528 0)
(0.904458 -0.13112 0)
(0.941047 -0.149998 0)
(0.984264 -0.172652 0)
(1.03531 -0.199708 0)
(1.09568 -0.232003 0)
(1.16736 -0.270734 0)
(1.25315 -0.317761 0)
(1.35696 -0.376025 0)
(1.48442 -0.450321 0)
(1.64354 -0.548907 0)
(1.84515 -0.686221 0)
(2.1022 -0.888814 0)
(2.42452 -1.20615 0)
(2.8034 -1.75086 0)
(3.11722 -2.68122 0)
(3.27936 -4.83844 0)
(1.65701 -8.45227 0)
(0.0910687 -0.113743 0)
(0.264472 -0.112239 0)
(0.414251 -0.109538 0)
(0.532201 -0.106221 0)
(0.618027 -0.103057 0)
(0.677441 -0.10087 0)
(0.718618 -0.100361 0)
(0.748921 -0.101966 0)
(0.77338 -0.105843 0)
(0.795015 -0.111989 0)
(0.815885 -0.120418 0)
(0.837794 -0.131264 0)
(0.862383 -0.144806 0)
(0.891003 -0.161443 0)
(0.924749 -0.181687 0)
(0.964607 -0.206202 0)
(1.01161 -0.235851 0)
(1.06699 -0.271803 0)
(1.13229 -0.315691 0)
(1.20955 -0.369928 0)
(1.30146 -0.43815 0)
(1.41154 -0.525999 0)
(1.54413 -0.642496 0)
(1.70395 -0.802196 0)
(1.89437 -1.02868 0)
(2.11292 -1.35895 0)
(2.35097 -1.84835 0)
(2.52673 -2.55856 0)
(2.56399 -3.51186 0)
(1.28639 -4.75288 0)
(0.0917072 -0.144477 0)
(0.266261 -0.142667 0)
(0.416824 -0.139393 0)
(0.534999 -0.135317 0)
(0.620383 -0.131337 0)
(0.678717 -0.128436 0)
(0.71834 -0.12746 0)
(0.746849 -0.128933 0)
(0.769469 -0.133024 0)
(0.789284 -0.13968 0)
(0.808299 -0.148846 0)
(0.828206 -0.160613 0)
(0.850525 -0.175255 0)
(0.876506 -0.193204 0)
(0.907125 -0.215045 0)
(0.943213 -0.241549 0)
(0.985593 -0.273736 0)
(1.03517 -0.312972 0)
(1.093 -0.361137 0)
(1.16034 -0.420891 0)
(1.23867 -0.496088 0)
(1.32955 -0.592417 0)
(1.43421 -0.718403 0)
(1.55246 -0.886851 0)
(1.68022 -1.11685 0)
(1.8031 -1.43597 0)
(1.89262 -1.88266 0)
(1.84128 -2.51006 0)
(1.57817 -3.34576 0)
(0.694079 -4.37978 0)
(0.0924407 -0.173796 0)
(0.268326 -0.171803 0)
(0.419823 -0.168168 0)
(0.538308 -0.163586 0)
(0.623242 -0.159032 0)
(0.68038 -0.155609 0)
(0.718241 -0.154301 0)
(0.744703 -0.155739 0)
(0.765236 -0.160125 0)
(0.783024 -0.167379 0)
(0.80002 -0.177389 0)
(0.817779 -0.190198 0)
(0.837682 -0.206064 0)
(0.860846 -0.225431 0)
(0.888108 -0.248921 0)
(0.920125 -0.277363 0)
(0.957481 -0.311851 0)
(1.00075 -0.353836 0)
(1.0505 -0.405273 0)
(1.10727 -0.468833 0)
(1.17146 -0.548228 0)
(1.24305 -0.64866 0)
(1.32099 -0.777445 0)
(1.40197 -0.944726 0)
(1.47821 -1.16408 0)
(1.53259 -1.45224 0)
(1.53715 -1.82528 0)
(1.41992 -2.2938 0)
(1.14502 -2.79652 0)
(0.485587 -3.2814 0)
(0.0932183 -0.201364 0)
(0.270528 -0.199334 0)
(0.423053 -0.195593 0)
(0.541924 -0.190806 0)
(0.626429 -0.18596 0)
(0.682303 -0.182232 0)
(0.718242 -0.180727 0)
(0.742435 -0.182193 0)
(0.760647 -0.186899 0)
(0.7762 -0.194762 0)
(0.791005 -0.205624 0)
(0.806473 -0.219483 0)
(0.823823 -0.236566 0)
(0.844025 -0.257313 0)
(0.867766 -0.282352 0)
(0.89552 -0.312523 0)
(0.927634 -0.348928 0)
(0.964363 -0.393007 0)
(1.00584 -0.446653 0)
(1.052 -0.512367 0)
(1.10239 -0.593476 0)
(1.15583 -0.694399 0)
(1.20982 -0.820935 0)
(1.25943 -0.980452 0)
(1.29558 -1.18166 0)
(1.30196 -1.4333 0)
(1.25456 -1.73984 0)
(1.10481 -2.0978 0)
(0.827876 -2.45742 0)
(0.329696 -2.78587 0)
(0.0939801 -0.226845 0)
(0.272702 -0.224947 0)
(0.426287 -0.221398 0)
(0.54561 -0.216758 0)
(0.629742 -0.21195 0)
(0.684346 -0.208169 0)
(0.718271 -0.206614 0)
(0.740025 -0.20816 0)
(0.75571 -0.213171 0)
(0.768832 -0.221594 0)
(0.781284 -0.233244 0)
(0.794329 -0.24807 0)
(0.809011 -0.266264 0)
(0.826145 -0.288241 0)
(0.846265 -0.314611 0)
(0.869668 -0.34619 0)
(0.896484 -0.384034 0)
(0.926682 -0.429498 0)
(0.960034 -0.48432 0)
(0.995993 -0.550712 0)
(1.0335 -0.631488 0)
(1.07066 -0.730171 0)
(1.10419 -0.851043 0)
(1.12858 -0.998997 0)
(1.13499 -1.1789 0)
(1.10952 -1.39405 0)
(1.0334 -1.64243 0)
(0.876052 -1.91381 0)
(0.62295 -2.16671 0)
(0.236829 -2.36801 0)
(0.0946573 -0.249909 0)
(0.274658 -0.248335 0)
(0.429262 -0.245313 0)
(0.549086 -0.241224 0)
(0.63294 -0.23684 0)
(0.686347 -0.233301 0)
(0.718249 -0.231868 0)
(0.737466 -0.233546 0)
(0.750465 -0.238825 0)
(0.760986 -0.24772 0)
(0.770938 -0.260038 0)
(0.781448 -0.275688 0)
(0.793378 -0.294813 0)
(0.807383 -0.317792 0)
(0.823846 -0.3452 0)
(0.842905 -0.377795 0)
(0.864496 -0.416552 0)
(0.888358 -0.462694 0)
(0.913974 -0.517741 0)
(0.940461 -0.583562 0)
(0.966376 -0.66241 0)
(0.989432 -0.75693 0)
(1.00608 -0.870052 0)
(1.01095 -1.00467 0)
(0.996159 -1.1629 0)
(0.950636 -1.34464 0)
(0.86057 -1.54488 0)
(0.707434 -1.75153 0)
(0.483437 -1.93362 0)
(0.177245 -2.0643 0)
(0.0951734 -0.270232 0)
(0.276186 -0.269192 0)
(0.431679 -0.267069 0)
(0.552034 -0.263983 0)
(0.635748 -0.260462 0)
(0.688114 -0.257515 0)
(0.718085 -0.256414 0)
(0.734752 -0.258292 0)
(0.744968 -0.263797 0)
(0.752755 -0.273048 0)
(0.760087 -0.285879 0)
(0.767973 -0.302165 0)
(0.7771 -0.321998 0)
(0.787958 -0.345709 0)
(0.800789 -0.373816 0)
(0.815591 -0.407007 0)
(0.83214 -0.446148 0)
(0.849992 -0.492301 0)
(0.868429 -0.546745 0)
(0.88635 -0.610983 0)
(0.902109 -0.686732 0)
(0.913293 -0.775848 0)
(0.916427 -0.880146 0)
(0.906631 -1.00103 0)
(0.877317 -1.13877 0)
(0.820007 -1.29139 0)
(0.72499 -1.45283 0)
(0.581408 -1.61161 0)
(0.385822 -1.74534 0)
(0.137806 -1.83324 0)
(0.0954462 -0.287511 0)
(0.277057 -0.287226 0)
(0.433212 -0.2864 0)
(0.554095 -0.28481 0)
(0.637844 -0.282646 0)
(0.689416 -0.280695 0)
(0.71766 -0.280187 0)
(0.731871 -0.282365 0)
(0.739282 -0.288059 0)
(0.744251 -0.29754 0)
(0.748871 -0.310708 0)
(0.754073 -0.327419 0)
(0.760377 -0.347714 0)
(0.768111 -0.371863 0)
(0.777388 -0.400321 0)
(0.788085 -0.43369 0)
(0.799853 -0.472714 0)
(0.812117 -0.518283 0)
(0.824026 -0.571431 0)
(0.834365 -0.633313 0)
(0.841426 -0.70516 0)
(0.842845 -0.788169 0)
(0.83542 -0.883291 0)
(0.814936 -0.990874 0)
(0.776089 -1.11007 0)
(0.712593 -1.23801 0)
(0.617849 -1.36868 0)
(0.485735 -1.49212 0)
(0.315435 -1.59227 0)
(0.110624 -1.65378 0)
(0.09539 -0.301466 0)
(0.27703 -0.302163 0)
(0.433512 -0.303044 0)
(0.55488 -0.303473 0)
(0.638868 -0.303205 0)
(0.689979 -0.302714 0)
(0.71682 -0.303117 0)
(0.728786 -0.30574 0)
(0.733466 -0.311612 0)
(0.73559 -0.321202 0)
(0.737442 -0.33452 0)
(0.739927 -0.351433 0)
(0.743416 -0.371936 0)
(0.748087 -0.39623 0)
(0.753932 -0.424699 0)
(0.760725 -0.457852 0)
(0.768027 -0.496309 0)
(0.775176 -0.540789 0)
(0.78125 -0.592091 0)
(0.784997 -0.651059 0)
(0.784745 -0.718509 0)
(0.778289 -0.795112 0)
(0.762797 -0.881186 0)
(0.734751 -0.976386 0)
(0.690005 -1.07925 0)
(0.624003 -1.18661 0)
(0.532397 -1.29299 0)
(0.411941 -1.39019 0)
(0.263276 -1.46664 0)
(0.0911785 -1.51127 0)
(0.094919 -0.311859 0)
(0.275863 -0.313757 0)
(0.432221 -0.316753 0)
(0.553975 -0.319732 0)
(0.638421 -0.321934 0)
(0.689483 -0.323423 0)
(0.715367 -0.325122 0)
(0.725432 -0.328396 0)
(0.727563 -0.334476 0)
(0.726889 -0.344072 0)
(0.725959 -0.357356 0)
(0.725716 -0.374248 0)
(0.726426 -0.394705 0)
(0.728122 -0.418863 0)
(0.730686 -0.447026 0)
(0.733812 -0.479611 0)
(0.736995 -0.517114 0)
(0.739524 -0.560093 0)
(0.740454 -0.609137 0)
(0.738555 -0.664818 0)
(0.732249 -0.727618 0)
(0.719552 -0.797807 0)
(0.698032 -0.87526 0)
(0.664825 -0.959207 0)
(0.616756 -1.0479 0)
(0.55059 -1.13825 0)
(0.463554 -1.22548 0)
(0.354121 -1.30301 0)
(0.223647 -1.36245 0)
(0.0767867 -1.3959 0)
(0.0939525 -0.3185 0)
(0.273323 -0.3218 0)
(0.428986 -0.327293 0)
(0.550956 -0.333345 0)
(0.636072 -0.338604 0)
(0.687564 -0.34264 0)
(0.713051 -0.346089 0)
(0.721697 -0.350294 0)
(0.721585 -0.356673 0)
(0.718249 -0.366206 0)
(0.714572 -0.37929 0)
(0.711621 -0.395942 0)
(0.709603 -0.416112 0)
(0.708433 -0.439872 0)
(0.707892 -0.467446 0)
(0.707606 -0.499156 0)
(0.70703 -0.535385 0)
(0.705432 -0.576545 0)
(0.70188 -0.623039 0)
(0.695201 -0.675218 0)
(0.683953 -0.733299 0)
(0.666391 -0.79726 0)
(0.640471 -0.866684 0)
(0.603906 -0.94057 0)
(0.554304 -1.0171 0)
(0.48941 -1.09343 0)
(0.407526 -1.16551 0)
(0.308132 -1.22811 0)
(0.19286 -1.27512 0)
(0.0658161 -1.3009 0)
(0.0924189 -0.321266 0)
(0.269201 -0.326138 0)
(0.423474 -0.334464 0)
(0.545405 -0.344067 0)
(0.631377 -0.352963 0)
(0.683811 -0.360143 0)
(0.709566 -0.365864 0)
(0.717411 -0.371365 0)
(0.715503 -0.378212 0)
(0.709747 -0.387673 0)
(0.703422 -0.40042 0)
(0.69781 -0.41663 0)
(0.693131 -0.436285 0)
(0.689217 -0.459408 0)
(0.685756 -0.486143 0)
(0.682321 -0.516723 0)
(0.678343 -0.551425 0)
(0.673092 -0.59053 0)
(0.66567 -0.634291 0)
(0.654989 -0.682875 0)
(0.639754 -0.7363 0)
(0.61846 -0.794341 0)
(0.589417 -0.856403 0)
(0.550824 -0.921383 0)
(0.500904 -0.987524 0)
(0.438113 -1.05229 0)
(0.361474 -1.1123 0)
(0.271041 -1.16345 0)
(0.168474 -1.20121 0)
(0.0572434 -1.22153 0)
(0.0902611 -0.320116 0)
(0.263323 -0.326682 0)
(0.415399 -0.338102 0)
(0.536938 -0.351665 0)
(0.62389 -0.364733 0)
(0.677787 -0.375661 0)
(0.704546 -0.384234 0)
(0.712338 -0.391488 0)
(0.709226 -0.399071 0)
(0.701418 -0.40853 0)
(0.692626 -0.420855 0)
(0.684439 -0.43645 0)
(0.677181 -0.455381 0)
(0.670646 -0.477652 0)
(0.664454 -0.503334 0)
(0.65813 -0.532575 0)
(0.651092 -0.565556 0)
(0.642629 -0.602447 0)
(0.631892 -0.643374 0)
(0.617888 -0.688363 0)
(0.599473 -0.737288 0)
(0.575366 -0.789785 0)
(0.544185 -0.845167 0)
(0.504529 -0.902317 0)
(0.455091 -0.959599 0)
(0.394839 -1.0148 0)
(0.323271 -1.06514 0)
(0.240747 -1.10738 0)
(0.148833 -1.13813 0)
(0.0504058 -1.15446 0)
(0.0874429 -0.315097 0)
(0.255571 -0.323421 0)
(0.404542 -0.338096 0)
(0.525224 -0.35592 0)
(0.613192 -0.373618 0)
(0.669032 -0.388875 0)
(0.697572 -0.400918 0)
(0.706166 -0.410471 0)
(0.702587 -0.419173 0)
(0.693238 -0.428805 0)
(0.682262 -0.4407 0)
(0.671642 -0.455552 0)
(0.661904 -0.473579 0)
(0.652874 -0.494806 0)
(0.64413 -0.519252 0)
(0.635164 -0.546987 0)
(0.625387 -0.578105 0)
(0.614114 -0.612684 0)
(0.600555 -0.650744 0)
(0.583812 -0.692207 0)
(0.562887 -0.736843 0)
(0.536699 -0.784206 0)
(0.50413 -0.83357 0)
(0.464096 -0.883856 0)
(0.415649 -0.933585 0)
(0.358119 -0.980855 0)
(0.291307 -1.02338 0)
(0.215724 -1.05859 0)
(0.132786 -1.08394 0)
(0.0448594 -1.09727 0)
(0.0839527 -0.306359 0)
(0.245894 -0.316435 0)
(0.390771 -0.334404 0)
(0.510017 -0.356653 0)
(0.598916 -0.379319 0)
(0.657097 -0.399419 0)
(0.688179 -0.415559 0)
(0.698503 -0.428035 0)
(0.69533 -0.43836 0)
(0.685103 -0.448472 0)
(0.672355 -0.460036 0)
(0.65952 -0.474087 0)
(0.647431 -0.491068 0)
(0.636031 -0.511085 0)
(0.624906 -0.53414 0)
(0.613525 -0.560238 0)
(0.601301 -0.589395 0)
(0.587576 -0.62161 0)
(0.571622 -0.656822 0)
(0.552635 -0.694873 0)
(0.529748 -0.735464 0)
(0.502056 -0.778107 0)
(0.46866 -0.822073 0)
(0.428727 -0.866353 0)
(0.381575 -0.909629 0)
(0.326786 -0.95028 0)
(0.264355 -0.986423 0)
(0.194847 -1.01603 0)
(0.119513 -1.03715 0)
(0.0402963 -1.04817 0)
(0.0798074 -0.294158 0)
(0.234317 -0.3059 0)
(0.374063 -0.327065 0)
(0.491185 -0.353731 0)
(0.580781 -0.381546 0)
(0.641567 -0.406895 0)
(0.675884 -0.427725 0)
(0.688885 -0.443803 0)
(0.687098 -0.456373 0)
(0.67681 -0.467421 0)
(0.662849 -0.478891 0)
(0.648123 -0.492183 0)
(0.633864 -0.508038 0)
(0.62023 -0.526716 0)
(0.606878 -0.548249 0)
(0.593287 -0.572605 0)
(0.578874 -0.599735 0)
(0.563012 -0.629571 0)
(0.545029 -0.661988 0)
(0.524209 -0.69677 0)
(0.499804 -0.733576 0)
(0.471058 -0.771899 0)
(0.437248 -0.811036 0)
(0.397737 -0.850059 0)
(0.352041 -0.887808 0)
(0.299916 -0.922905 0)
(0.241473 -0.953802 0)
(0.177277 -0.978886 0)
(0.108421 -0.996641 0)
(0.0364986 -1.00585 0)
(0.0750543 -0.278853 0)
(0.220955 -0.292096 0)
(0.354521 -0.31621 0)
(0.468728 -0.347099 0)
(0.558624 -0.380048 0)
(0.622099 -0.410893 0)
(0.660208 -0.436925 0)
(0.676791 -0.45729 0)
(0.67743 -0.472828 0)
(0.668037 -0.485422 0)
(0.653587 -0.497203 0)
(0.63743 -0.509919 0)
(0.621259 -0.524659 0)
(0.605555 -0.54192 0)
(0.590127 -0.561831 0)
(0.574505 -0.584362 0)
(0.558126 -0.609424 0)
(0.540395 -0.636891 0)
(0.520692 -0.666588 0)
(0.498379 -0.69826 0)
(0.472808 -0.731539 0)
(0.44335 -0.765921 0)
(0.409423 -0.80074 0)
(0.370542 -0.835155 0)
(0.326365 -0.868151 0)
(0.276769 -0.89856 0)
(0.221927 -0.925105 0)
(0.162379 -0.946492 0)
(0.0990672 -0.961536 0)
(0.0333065 -0.969308 0)
(0.0697709 -0.260897 0)
(0.206005 -0.275401 0)
(0.332378 -0.302074 0)
(0.442804 -0.336791 0)
(0.532432 -0.374637 0)
(0.598461 -0.411022 0)
(0.64072 -0.442623 0)
(0.661674 -0.46792 0)
(0.665777 -0.487204 0)
(0.658336 -0.502099 0)
(0.644283 -0.51478 0)
(0.627314 -0.527279 0)
(0.60961 -0.541052 0)
(0.592057 -0.556901 0)
(0.574711 -0.575134 0)
(0.557217 -0.595782 0)
(0.539062 -0.618748 0)
(0.519687 -0.64387 0)
(0.498518 -0.670935 0)
(0.474984 -0.699658 0)
(0.448524 -0.72966 0)
(0.418611 -0.76045 0)
(0.384776 -0.791406 0)
(0.346646 -0.821772 0)
(0.303987 -0.850663 0)
(0.256751 -0.877088 0)
(0.205145 -0.89999 0)
(0.149666 -0.918325 0)
(0.0911219 -0.931157 0)
(0.030602 -0.937762 0)
(0.064062 -0.240826 0)
(0.189748 -0.256286 0)
(0.307996 -0.284993 0)
(0.413734 -0.322951 0)
(0.502365 -0.365223 0)
(0.570573 -0.406951 0)
(0.617086 -0.444287 0)
(0.643004 -0.475041 0)
(0.651526 -0.498854 0)
(0.647138 -0.516909 0)
(0.634504 -0.531264 0)
(0.617519 -0.544111 0)
(0.598809 -0.557242 0)
(0.579725 -0.57181 0)
(0.560659 -0.588382 0)
(0.54145 -0.607125 0)
(0.52168 -0.627985 0)
(0.500842 -0.650794 0)
(0.478411 -0.675316 0)
(0.453871 -0.701247 0)
(0.426734 -0.728205 0)
(0.396553 -0.755718 0)
(0.362948 -0.783211 0)
(0.325631 -0.810007 0)
(0.284441 -0.835335 0)
(0.239384 -0.858351 0)
(0.190673 -0.878179 0)
(0.138758 -0.893969 0)
(0.0843308 -0.904972 0)
(0.028295 -0.910618 0)
(0.0580541 -0.219232 0)
(0.172532 -0.235294 0)
(0.281854 -0.265406 0)
(0.381999 -0.305845 0)
(0.46877 -0.351841 0)
(0.53854 -0.398448 0)
(0.589116 -0.441432 0)
(0.620319 -0.477977 0)
(0.634045 -0.507018 0)
(0.633773 -0.529142 0)
(0.623667 -0.546094 0)
(0.607626 -0.560069 0)
(0.588617 -0.573104 0)
(0.568456 -0.586701 0)
(0.547946 -0.601749 0)
(0.527203 -0.61863 0)
(0.505966 -0.637403 0)
(0.483815 -0.657938 0)
(0.46028 -0.680001 0)
(0.434899 -0.703284 0)
(0.40724 -0.72741 0)
(0.376922 -0.751927 0)
(0.343631 -0.776305 0)
(0.307142 -0.799938 0)
(0.267347 -0.822154 0)
(0.224279 -0.842234 0)
(0.17815 -0.859445 0)
(0.12936 -0.873089 0)
(0.0784977 -0.882564 0)
(0.026317 -0.887415 0)
(0.0518886 -0.196738 0)
(0.154754 -0.213022 0)
(0.254527 -0.243838 0)
(0.348226 -0.285864 0)
(0.432183 -0.334674 0)
(0.502673 -0.38543 0)
(0.556812 -0.433682 0)
(0.593296 -0.47609 0)
(0.612749 -0.510881 0)
(0.617522 -0.537937 0)
(0.611064 -0.558499 0)
(0.597048 -0.574576 0)
(0.578625 -0.588299 0)
(0.558015 -0.601464 0)
(0.53646 -0.615299 0)
(0.514428 -0.630475 0)
(0.491889 -0.647238 0)
(0.468557 -0.66556 0)
(0.444043 -0.685249 0)
(0.41794 -0.706015 0)
(0.389868 -0.727494 0)
(0.359496 -0.749257 0)
(0.32656 -0.770818 0)
(0.290882 -0.791634 0)
(0.252386 -0.811115 0)
(0.211122 -0.828644 0)
(0.167288 -0.843607 0)
(0.121236 -0.855426 0)
(0.0734683 -0.86361 0)
(0.0246135 -0.867791 0)
(0.0457124 -0.173969 0)
(0.136836 -0.190091 0)
(0.226648 -0.220883 0)
(0.313155 -0.263518 0)
(0.39331 -0.314069 0)
(0.463503 -0.367995 0)
(0.520405 -0.420828 0)
(0.561811 -0.46885 0)
(0.587172 -0.509643 0)
(0.597683 -0.542339 0)
(0.5959 -0.567519 0)
(0.585041 -0.586795 0)
(0.568239 -0.602217 0)
(0.547993 -0.615745 0)
(0.525958 -0.628914 0)
(0.502996 -0.642718 0)
(0.479375 -0.657662 0)
(0.455006 -0.673889 0)
(0.429619 -0.691306 0)
(0.402882 -0.709676 0)
(0.374467 -0.728668 0)
(0.344086 -0.747885 0)
(0.311514 -0.76688 0)
(0.276602 -0.785165 0)
(0.239296 -0.802222 0)
(0.199653 -0.817518 0)
(0.157852 -0.830532 0)
(0.1142 -0.840781 0)
(0.0691213 -0.847862 0)
(0.0231428 -0.851473 0)
(0.03967 -0.15152 0)
(0.119199 -0.167115 0)
(0.198877 -0.197172 0)
(0.277601 -0.239417 0)
(0.353001 -0.290531 0)
(0.421762 -0.346451 0)
(0.480375 -0.40288 0)
(0.525984 -0.455915 0)
(0.557051 -0.502616 0)
(0.573658 -0.541386 0)
(0.577371 -0.572057 0)
(0.570751 -0.595657 0)
(0.556684 -0.613947 0)
(0.537781 -0.628883 0)
(0.516017 -0.642204 0)
(0.49264 -0.655209 0)
(0.468265 -0.668703 0)
(0.443058 -0.683068 0)
(0.416919 -0.698375 0)
(0.389623 -0.714489 0)
(0.360909 -0.731144 0)
(0.330535 -0.747991 0)
(0.298306 -0.764629 0)
(0.264097 -0.78062 0)
(0.227865 -0.795506 0)
(0.189666 -0.808825 0)
(0.149657 -0.820129 0)
(0.108101 -0.829014 0)
(0.0653595 -0.83514 0)
(0.0218712 -0.838262 0)
(0.0338936 -0.129929 0)
(0.102237 -0.144673 0)
(0.171852 -0.173345 0)
(0.242399 -0.214238 0)
(0.31219 -0.264714 0)
(0.378355 -0.321314 0)
(0.437443 -0.380107 0)
(0.486221 -0.437206 0)
(0.522394 -0.489322 0)
(0.545054 -0.534226 0)
(0.554768 -0.570985 0)
(0.553293 -0.59992 0)
(0.543057 -0.622295 0)
(0.526577 -0.639865 0)
(0.506006 -0.654422 0)
(0.482912 -0.667483 0)
(0.458261 -0.680146 0)
(0.432518 -0.693071 0)
(0.405805 -0.706552 0)
(0.378047 -0.720616 0)
(0.349076 -0.735108 0)
(0.318708 -0.749755 0)
(0.286784 -0.764217 0)
(0.2532 -0.77811 0)
(0.21792 -0.791031 0)
(0.180992 -0.802577 0)
(0.142552 -0.812364 0)
(0.102823 -0.820044 0)
(0.0621073 -0.825335 0)
(0.0207728 -0.828029 0)
(0.0284959 -0.10965 0)
(0.0862948 -0.123278 0)
(0.146154 -0.150014 0)
(0.208353 -0.188694 0)
(0.271848 -0.237379 0)
(0.334306 -0.293302 0)
(0.392541 -0.353051 0)
(0.443211 -0.412957 0)
(0.483521 -0.469589 0)
(0.511766 -0.520242 0)
(0.527582 -0.563286 0)
(0.531864 -0.598285 0)
(0.52641 -0.625858 0)
(0.513432 -0.647351 0)
(0.495086 -0.664421 0)
(0.473144 -0.678668 0)
(0.448873 -0.691406 0)
(0.423045 -0.70357 0)
(0.396042 -0.715713 0)
(0.367981 -0.728075 0)
(0.338825 -0.740661 0)
(0.308473 -0.753316 0)
(0.276816 -0.765788 0)
(0.243775 -0.77776 0)
(0.209321 -0.788891 0)
(0.173498 -0.798833 0)
(0.136419 -0.807254 0)
(0.09827 -0.81386 0)
(0.0593042 -0.818407 0)
(0.0198262 -0.820722 0)
(0.0235646 -0.0910348 0)
(0.0716459 -0.103354 0)
(0.122273 -0.127728 0)
(0.176186 -0.163486 0)
(0.232909 -0.209352 0)
(0.290688 -0.263286 0)
(0.346757 -0.322505 0)
(0.397898 -0.383734 0)
(0.441083 -0.443615 0)
(0.474041 -0.49917 0)
(0.495619 -0.548207 0)
(0.50587 -0.589572 0)
(0.50587 -0.623166 0)
(0.49735 -0.649764 0)
(0.482271 -0.670684 0)
(0.46246 -0.687437 0)
(0.439388 -0.701431 0)
(0.414096 -0.713806 0)
(0.387233 -0.725366 0)
(0.359139 -0.736591 0)
(0.329945 -0.74769 0)
(0.299664 -0.75867 0)
(0.268259 -0.769398 0)
(0.23569 -0.779655 0)
(0.201949 -0.789173 0)
(0.167074 -0.797667 0)
(0.131163 -0.804858 0)
(0.0943697 -0.810496 0)
(0.0569038 -0.814377 0)
(0.019016 -0.816351 0)
(0.019159 -0.0743285 0)
(0.058485 -0.0852203 0)
(0.10058 -0.106949 0)
(0.146491 -0.13926 0)
(0.196211 -0.18147 0)
(0.248548 -0.232239 0)
(0.301254 -0.289472 0)
(0.351422 -0.350425 0)
(0.396033 -0.412007 0)
(0.432497 -0.471187 0)
(0.459067 -0.525407 0)
(0.475052 -0.572908 0)
(0.48079 -0.61289 0)
(0.477419 -0.645463 0)
(0.466534 -0.671445 0)
(0.449841 -0.692066 0)
(0.428887 -0.708668 0)
(0.404904 -0.722484 0)
(0.378774 -0.734503 0)
(0.351062 -0.745431 0)
(0.322092 -0.755697 0)
(0.292021 -0.765501 0)
(0.260912 -0.77487 0)
(0.228787 -0.783708 0)
(0.195671 -0.791848 0)
(0.161611 -0.799079 0)
(0.126696 -0.805186 0)
(0.091056 -0.809968 0)
(0.0548643 -0.813257 0)
(0.0183274 -0.814928 0)
(0.0153098 -0.0596645 0)
(0.0469229 -0.0690835 0)
(0.0813167 -0.0880272 0)
(0.119707 -0.116568 0)
(0.162441 -0.154516 0)
(0.208833 -0.20116 0)
(0.257184 -0.25509 0)
(0.305029 -0.314177 0)
(0.349558 -0.375756 0)
(0.388097 -0.436953 0)
(0.418526 -0.495062 0)
(0.439567 -0.547901 0)
(0.450881 -0.594061 0)
(0.452971 -0.632989 0)
(0.446951 -0.664902 0)
(0.434249 -0.690591 0)
(0.416334 -0.711157 0)
(0.394515 -0.727777 0)
(0.369842 -0.741522 0)
(0.343077 -0.753258 0)
(0.314734 -0.763612 0)
(0.285133 -0.772983 0)
(0.254459 -0.78158 0)
(0.222823 -0.789457 0)
(0.1903 -0.796571 0)
(0.156965 -0.802812 0)
(0.12291 -0.80804 0)
(0.0882532 -0.812112 0)
(0.0531415 -0.814905 0)
(0.0177459 -0.816322 0)
(0.0120204 -0.0470727 0)
(0.0369891 -0.0550408 0)
(0.0645919 -0.0711936 0)
(0.0960997 -0.0958409 0)
(0.1321 -0.129172 0)
(0.172323 -0.171 0)
(0.215599 -0.220542 0)
(0.25997 -0.276309 0)
(0.302982 -0.336171 0)
(0.342076 -0.397586 0)
(0.37498 -0.457914 0)
(0.400021 -0.514764 0)
(0.416303 -0.566281 0)
(0.423729 -0.611326 0)
(0.422877 -0.649504 0)
(0.414785 -0.681071 0)
(0.400704 -0.706741 0)
(0.381891 -0.727474 0)
(0.359462 -0.744286 0)
(0.33432 -0.758104 0)
(0.307142 -0.769691 0)
(0.278403 -0.779615 0)
(0.248426 -0.788256 0)
(0.217425 -0.795836 0)
(0.185549 -0.80245 0)
(0.152919 -0.808107 0)
(0.119647 -0.812761 0)
(0.085853 -0.816343 0)
(0.0516715 -0.81878 0)
(0.0172507 -0.820011 0)
(0.00927081 -0.0364935 0)
(0.0286418 -0.0430881 0)
(0.0503945 -0.0565598 0)
(0.0757656 -0.0773704 0)
(0.105479 -0.105975 0)
(0.139584 -0.14259 0)
(0.177371 -0.18696 0)
(0.217394 -0.238202 0)
(0.257643 -0.29477 0)
(0.295828 -0.354577 0)
(0.329717 -0.415238 0)
(0.357436 -0.474364 0)
(0.377698 -0.529855 0)
(0.389897 -0.580132 0)
(0.394091 -0.624256 0)
(0.39087 -0.661929 0)
(0.381165 -0.693391 0)
(0.366061 -0.719257 0)
(0.346628 -0.740344 0)
(0.323822 -0.757514 0)
(0.298431 -0.771571 0)
(0.271062 -0.783185 0)
(0.242166 -0.792877 0)
(0.212066 -0.801014 0)
(0.181 -0.807833 0)
(0.14915 -0.813469 0)
(0.116668 -0.817982 0)
(0.0836915 -0.821387 0)
(0.0503591 -0.823671 0)
(0.0168105 -0.824816 0)
(0.00702236 -0.0277954 0)
(0.0217809 -0.0331356 0)
(0.0386096 -0.0441267 0)
(0.0586478 -0.0613081 0)
(0.0826701 -0.085297 0)
(0.110946 -0.116587 0)
(0.143135 -0.155335 0)
(0.178261 -0.201177 0)
(0.214781 -0.25314 0)
(0.250774 -0.309658 0)
(0.284195 -0.368735 0)
(0.313154 -0.428172 0)
(0.336142 -0.48583 0)
(0.352183 -0.539876 0)
(0.360883 -0.588958 0)
(0.362388 -0.632282 0)
(0.357255 -0.669598 0)
(0.346306 -0.7011 0)
(0.330467 -0.727296 0)
(0.310653 -0.74886 0)
(0.287686 -0.766518 0)
(0.262255 -0.780956 0)
(0.234914 -0.792765 0)
(0.206089 -0.802418 0)
(0.176109 -0.810271 0)
(0.145227 -0.816573 0)
(0.113647 -0.821488 0)
(0.0815421 -0.825115 0)
(0.0490704 -0.827512 0)
(0.0163808 -0.828702 0)
(0.00522346 -0.020796 0)
(0.0162644 -0.0250278 0)
(0.0290428 -0.0338009 0)
(0.0445628 -0.0476731 0)
(0.0635832 -0.0673342 0)
(0.0865034 -0.0934433 0)
(0.11326 -0.126443 0)
(0.143268 -0.166383 0)
(0.175426 -0.212789 0)
(0.208219 -0.264626 0)
(0.239896 -0.320362 0)
(0.268691 -0.378125 0)
(0.293037 -0.435923 0)
(0.311737 -0.491859 0)
(0.324057 -0.544336 0)
(0.329753 -0.592185 0)
(0.329008 -0.634717 0)
(0.322332 -0.671696 0)
(0.310431 -0.703258 0)
(0.294096 -0.729797 0)
(0.274106 -0.751859 0)
(0.25117 -0.77004 0)
(0.2259 -0.784917 0)
(0.198798 -0.797003 0)
(0.170272 -0.806723 0)
(0.140649 -0.814412 0)
(0.110193 -0.820317 0)
(0.0791257 -0.824616 0)
(0.0476388 -0.827424 0)
(0.0159065 -0.828809 0)
(0.0038151 -0.0152825 0)
(0.0119246 -0.0185646 0)
(0.0214468 -0.0254167 0)
(0.0332331 -0.0363717 0)
(0.0479811 -0.0521224 0)
(0.0661473 -0.0733983 0)
(0.0878547 -0.100814 0)
(0.11282 -0.134709 0)
(0.140323 -0.175017 0)
(0.169245 -0.221175 0)
(0.198174 -0.27213 0)
(0.225571 -0.326422 0)
(0.249944 -0.382337 0)
(0.270017 -0.43809 0)
(0.284846 -0.492015 0)
(0.293888 -0.542718 0)
(0.296994 -0.589181 0)
(0.29436 -0.630786 0)
(0.286433 -0.667294 0)
(0.273818 -0.698773 0)
(0.257186 -0.725513 0)
(0.237201 -0.747934 0)
(0.214479 -0.766514 0)
(0.189563 -0.781724 0)
(0.162915 -0.793997 0)
(0.134924 -0.803702 0)
(0.105913 -0.811136 0)
(0.0761557 -0.816525 0)
(0.0458902 -0.820033 0)
(0.0153291 -0.821759 0)
(0.00273597 -0.0110305 0)
(0.00858376 -0.0135224 0)
(0.0155469 -0.01876 0)
(0.0243227 -0.0272232 0)
(0.035521 -0.0395592 0)
(0.0496006 -0.0564942 0)
(0.066793 -0.0787176 0)
(0.0870299 -0.106749 0)
(0.109895 -0.140813 0)
(0.134618 -0.180734 0)
(0.16013 -0.2259 0)
(0.185165 -0.275278 0)
(0.208405 -0.327515 0)
(0.228612 -0.381064 0)
(0.24476 -0.434347 0)
(0.256111 -0.485908 0)
(0.262262 -0.534531 0)
(0.263131 -0.579316 0)
(0.258904 -0.619697 0)
(0.249972 -0.655421 0)
(0.236847 -0.686488 0)
(0.220096 -0.713087 0)
(0.20029 -0.735524 0)
(0.177968 -0.754161 0)
(0.153615 -0.769367 0)
(0.12766 -0.781487 0)
(0.100474 -0.79082 0)
(0.0723826 -0.797609 0)
(0.0436701 -0.802036 0)
(0.0145962 -0.804217 0)
(0.00192655 -0.00781946 0)
(0.00606648 -0.0096718 0)
(0.011063 -0.0135909 0)
(0.0174695 -0.0199883 0)
(0.0257968 -0.029436 0)
(0.0364694 -0.0426065 0)
(0.0497665 -0.0601894 0)
(0.0657581 -0.0827881 0)
(0.0842501 -0.11081 0)
(0.104758 -0.144366 0)
(0.12652 -0.183206 0)
(0.148558 -0.226693 0)
(0.16977 -0.273853 0)
(0.189049 -0.323454 0)
(0.205385 -0.374123 0)
(0.21796 -0.424479 0)
(0.226201 -0.47325 0)
(0.229813 -0.519374 0)
(0.228753 -0.562048 0)
(0.223198 -0.600745 0)
(0.213481 -0.635189 0)
(0.200036 -0.665317 0)
(0.183349 -0.691223 0)
(0.163914 -0.713104 0)
(0.142205 -0.731212 0)
(0.118664 -0.745813 0)
(0.0936934 -0.757159 0)
(0.0676556 -0.765467 0)
(0.0408809 -0.770908 0)
(0.0136743 -0.773598 0)
(0.00133209 -0.00544439 0)
(0.00420962 -0.00679292 0)
(0.00772806 -0.00966415 0)
(0.0123138 -0.0143971 0)
(0.0183788 -0.0214744 0)
(0.0262928 -0.031485 0)
(0.0363396 -0.0450677 0)
(0.0486648 -0.0628352 0)
(0.0632248 -0.0852863 0)
(0.0797498 -0.112716 0)
(0.0977347 -0.145142 0)
(0.116464 -0.18226 0)
(0.13507 -0.223446 0)
(0.152618 -0.267799 0)
(0.168194 -0.314217 0)
(0.180984 -0.361496 0)
(0.190342 -0.408433 0)
(0.195831 -0.453925 0)
(0.197234 -0.497036 0)
(0.194539 -0.537047 0)
(0.187908 -0.573454 0)
(0.177628 -0.605962 0)
(0.164072 -0.634448 0)
(0.14766 -0.658918 0)
(0.128825 -0.679469 0)
(0.107995 -0.696249 0)
(0.0855789 -0.70942 0)
(0.061962 -0.719141 0)
(0.0375067 -0.725543 0)
(0.0125567 -0.728718 0)
(0.000904504 -0.00372341 0)
(0.00286834 -0.00468514 0)
(0.00529987 -0.00674529 0)
(0.0085186 -0.0101732 0)
(0.0128459 -0.0153603 0)
(0.0185881 -0.0227992 0)
(0.0260064 -0.0330476 0)
(0.0352766 -0.0466769 0)
(0.0464456 -0.0642054 0)
(0.0593937 -0.0860242 0)
(0.0738131 -0.112328 0)
(0.0892114 -0.14306 0)
(0.104941 -0.17789 0)
(0.120254 -0.216221 0)
(0.134373 -0.257239 0)
(0.146553 -0.299971 0)
(0.15615 -0.343368 0)
(0.162661 -0.386389 0)
(0.165756 -0.428076 0)
(0.165282 -0.467604 0)
(0.16125 -0.50432 0)
(0.153809 -0.537743 0)
(0.143215 -0.567558 0)
(0.129792 -0.593587 0)
(0.113912 -0.615763 0)
(0.0959647 -0.634091 0)
(0.0763434 -0.648625 0)
(0.0554363 -0.659437 0)
(0.0336214 -0.666598 0)
(0.0112668 -0.670162 0)
(0.000603202 -0.00250146 0)
(0.00191935 -0.00317353 0)
(0.00356867 -0.00462165 0)
(0.00578445 -0.0070529 0)
(0.00880966 -0.0107737 0)
(0.0128877 -0.0161798 0)
(0.0182427 -0.0237356 0)
(0.0250505 -0.0339411 0)
(0.0334036 -0.0472844 0)
(0.0432781 -0.0641848 0)
(0.0545077 -0.0849331 0)
(0.0667749 -0.109638 0)
(0.0796214 -0.13819 0)
(0.0924796 -0.170249 0)
(0.10472 -0.20526 0)
(0.115707 -0.242495 0)
(0.124846 -0.281102 0)
(0.131631 -0.320175 0)
(0.135682 -0.358813 0)
(0.136754 -0.396185 0)
(0.13475 -0.431562 0)
(0.1297 -0.464349 0)
(0.121748 -0.494085 0)
(0.111126 -0.520441 0)
(0.0981276 -0.543197 0)
(0.0830888 -0.562225 0)
(0.0663695 -0.57746 0)
(0.0483407 -0.588879 0)
(0.0293775 -0.596483 0)
(0.00985459 -0.600281 0)
(0.000395146 -0.00165106 0)
(0.00126146 -0.0021114 0)
(0.00235971 -0.0031089 0)
(0.00385598 -0.00479803 0)
(0.00592872 -0.00741109 0)
(0.00876437 -0.0112549 0)
(0.0125452 -0.0167005 0)
(0.0174292 -0.0241636 0)
(0.0235241 -0.0340729 0)
(0.0308599 -0.0468289 0)
(0.0393643 -0.0627563 0)
(0.0488482 -0.0820567 0)
(0.0590044 -0.104769 0)
(0.0694222 -0.130747 0)
(0.0796177 -0.159655 0)
(0.0890731 -0.190985 0)
(0.097277 -0.224091 0)
(0.103764 -0.258232 0)
(0.108148 -0.292626 0)
(0.110146 -0.326499 0)
(0.109589 -0.359127 0)
(0.106424 -0.389866 0)
(0.100703 -0.418175 0)
(0.0925702 -0.443618 0)
(0.082244 -0.465861 0)
(0.0699974 -0.484661 0)
(0.0561427 -0.499848 0)
(0.0410186 -0.511313 0)
(0.0249792 -0.518987 0)
(0.00838784 -0.522831 0)
(0.000254313 -0.00107081 0)
(0.000814457 -0.00137997 0)
(0.00153249 -0.00205351 0)
(0.00252385 -0.00320346 0)
(0.00391607 -0.00500072 0)
(0.0058473 -0.00767558 0)
(0.00845927 -0.0115139 0)
(0.011884 -0.0168467 0)
(0.0162257 -0.0240303 0)
(0.021539 -0.0334184 0)
(0.0278087 -0.0453265 0)
(0.0349334 -0.0599933 0)
(0.042719 -0.0775443 0)
(0.050882 -0.0979643 0)
(0.0590669 -0.121083 0)
(0.0668717 -0.146577 0)
(0.0738794 -0.173988 0)
(0.0796883 -0.202745 0)
(0.083942 -0.232209 0)
(0.0863543 -0.261706 0)
(0.086725 -0.29057 0)
(0.0849478 -0.318173 0)
(0.0810098 -0.34395 0)
(0.0749847 -0.367416 0)
(0.0670212 -0.388165 0)
(0.05733 -0.405877 0)
(0.04617 -0.420304 0)
(0.0338359 -0.431266 0)
(0.0206474 -0.438638 0)
(0.00694039 -0.442342 0)
(0.000160836 -0.00068253 0)
(0.00051668 -0.000886171 0)
(0.000977702 -0.00133213 0)
(0.00162231 -0.00209953 0)
(0.00253932 -0.00331065 0)
(0.00382804 -0.00513324 0)
(0.00559447 -0.00778034 0)
(0.00794312 -0.0115056 0)
(0.0109645 -0.016592 0)
(0.0147195 -0.023334 0)
(0.0192233 -0.0320119 0)
(0.0244306 -0.0428631 0)
(0.0302264 -0.056051 0)
(0.0364244 -0.071639 0)
(0.0427741 -0.0895708 0)
(0.0489768 -0.109664 0)
(0.0547077 -0.131613 0)
(0.0596384 -0.155005 0)
(0.063462 -0.179344 0)
(0.0659146 -0.204076 0)
(0.0667931 -0.228626 0)
(0.0659666 -0.252424 0)
(0.0633815 -0.274931 0)
(0.0590599 -0.295657 0)
(0.0530946 -0.314175 0)
(0.0456397 -0.330124 0)
(0.0369007 -0.343213 0)
(0.0271236 -0.353218 0)
(0.0165845 -0.359976 0)
(0.00558027 -0.36338 0)
(9.99749e-05 -0.000427632 0)
(0.000322127 -0.000559237 0)
(0.000612888 -0.000848883 0)
(0.00102434 -0.00135105 0)
(0.00161683 -0.00215096 0)
(0.00245975 -0.00336743 0)
(0.00362972 -0.00515442 0)
(0.00520573 -0.0076998 0)
(0.00726103 -0.0112196 0)
(0.00985237 -0.0159471 0)
(0.0130077 -0.0221158 0)
(0.0167143 -0.0299387 0)
(0.0209099 -0.0395841 0)
(0.0254776 -0.0511528 0)
(0.0302482 -0.0646587 0)
(0.0350085 -0.080017 0)
(0.0395154 -0.0970413 0)
(0.0435133 -0.115448 0)
(0.0467516 -0.134872 0)
(0.0490034 -0.15488 0)
(0.0500821 -0.175001 0)
(0.0498535 -0.194748 0)
(0.0482438 -0.213638 0)
(0.0452421 -0.231217 0)
(0.040899 -0.247069 0)
(0.0353217 -0.260835 0)
(0.0286669 -0.272209 0)
(0.0211318 -0.28095 0)
(0.0129457 -0.286876 0)
(0.00436012 -0.289869 0)
(6.10935e-05 -0.000263421 0)
(0.000197416 -0.000346894 0)
(0.000377592 -0.00053149 0)
(0.000635474 -0.000853829 0)
(0.00101112 -0.00137184 0)
(0.00155173 -0.00216749 0)
(0.00231099 -0.00334892 0)
(0.00334634 -0.00505097 0)
(0.00471392 -0.00743279 0)
(0.00646136 -0.0106716 0)
(0.00861913 -0.0149522 0)
(0.0111914 -0.0204523 0)
(0.0141483 -0.0273252 0)
(0.0174205 -0.0356811 0)
(0.020898 -0.0455705 0)
(0.0244343 -0.0569707 0)
(0.0278544 -0.0697791 0)
(0.030967 -0.0838128 0)
(0.0335772 -0.0988137 0)
(0.0355005 -0.11446 0)
(0.0365773 -0.130384 0)
(0.036684 -0.146188 0)
(0.0357421 -0.161465 0)
(0.0337225 -0.175816 0)
(0.0306471 -0.188869 0)
(0.0265865 -0.200287 0)
(0.0216557 -0.20978 0)
(0.0160073 -0.21711 0)
(0.00982435 -0.222098 0)
(0.00331189 -0.224622 0)
(3.67111e-05 -0.000159573 0)
(0.000118959 -0.000211554 0)
(0.000228685 -0.000327035 0)
(0.000387441 -0.000530074 0)
(0.000621218 -0.000859118 0)
(0.000961334 -0.0013693 0)
(0.00144434 -0.00213459 0)
(0.00211058 -0.00324899 0)
(0.00300118 -0.00482601 0)
(0.00415344 -0.00699544 0)
(0.00559494 -0.00989714 0)
(0.00733691 -0.0136715 0)
(0.00936803 -0.018447 0)
(0.0116495 -0.0243267 0)
(0.0141129 -0.0313742 0)
(0.0166609 -0.0396018 0)
(0.019172 -0.0489617 0)
(0.0215081 -0.0593432 0)
(0.0235238 -0.0705731 0)
(0.0250762 -0.0824216 0)
(0.026036 -0.0946124 0)
(0.026298 -0.106836 0)
(0.0257888 -0.118765 0)
(0.0244723 -0.13007 0)
(0.0223527 -0.140431 0)
(0.0194737 -0.149555 0)
(0.0159167 -0.157184 0)
(0.0117959 -0.163101 0)
(0.00725229 -0.16714 0)
(0.00244697 -0.169187 0)
(2.16973e-05 -9.50814e-05 0)
(7.04977e-05 -0.000126873 0)
(0.000136188 -0.000197813 0)
(0.000232211 -0.000323359 0)
(0.00037507 -0.000528453 0)
(0.000585054 -0.000849308 0)
(0.000886385 -0.00133524 0)
(0.00130654 -0.00205003 0)
(0.0018745 -0.00307224 0)
(0.00261797 -0.00449385 0)
(0.00355942 -0.00641669 0)
(0.00471158 -0.00894657 0)
(0.00607279 -0.012185 0)
(0.00762297 -0.0162194 0)
(0.00932111 -0.0211124 0)
(0.0111048 -0.0268922 0)
(0.0128924 -0.033544 0)
(0.0145878 -0.0410058 0)
(0.0160862 -0.0491665 0)
(0.0172814 -0.0578683 0)
(0.0180737 -0.0669118 0)
(0.0183787 -0.0760659 0)
(0.0181335 -0.0850777 0)
(0.0173021 -0.0936859 0)
(0.015879 -0.101632 0)
(0.0138897 -0.108672 0)
(0.0113898 -0.114588 0)
(0.00846183 -0.119196 0)
(0.00521111 -0.12235 0)
(0.00175972 -0.123952 0)
(1.26163e-05 -5.57399e-05 0)
(4.1099e-05 -7.48429e-05 0)
(7.97695e-05 -0.00011765 0)
(0.000136851 -0.000193883 0)
(0.000222604 -0.000319372 0)
(0.000349874 -0.000517364 0)
(0.000534317 -0.000819956 0)
(0.000794112 -0.00126932 0)
(0.00114902 -0.00191836 0)
(0.0016187 -0.00283025 0)
(0.00222024 -0.00407669 0)
(0.00296514 -0.00573429 0)
(0.00385599 -0.00787935 0)
(0.00488348 -0.0105811 0)
(0.00602409 -0.0138941 0)
(0.0072391 -0.0178504 0)
(0.00847534 -0.0224529 0)
(0.00966789 -0.0276703 0)
(0.0107438 -0.0334349 0)
(0.0116271 -0.0396419 0)
(0.0122441 -0.0461529 0)
(0.0125301 -0.0528011 0)
(0.0124347 -0.0593989 0)
(0.0119261 -0.0657474 0)
(0.0109946 -0.0716457 0)
(0.00965402 -0.0769012 0)
(0.00794095 -0.0813384 0)
(0.00591342 -0.0848066 0)
(0.00364743 -0.0871874 0)
(0.00123266 -0.0883986 0)
(7.21921e-06 -3.21572e-05 0)
(2.35765e-05 -4.34385e-05 0)
(4.59676e-05 -6.8821e-05 0)
(7.93274e-05 -0.000114295 0)
(0.000129906 -0.000189696 0)
(0.000205664 -0.000309624 0)
(0.000316478 -0.000494495 0)
(0.000474063 -0.000771524 0)
(0.000691485 -0.0011754 0)
(0.000982182 -0.00174833 0)
(0.00135846 -0.00253921 0)
(0.00182956 -0.0036016 0)
(0.00239941 -0.00499049 0)
(0.00306444 -0.00675786 0)
(0.00381177 -0.0089474 0)
(0.00461814 -0.0115889 0)
(0.00544995 -0.0146927 0)
(0.00626464 -0.0182459 0)
(0.00701304 -0.0222088 0)
(0.00764243 -0.0265148 0)
(0.00810048 -0.0310707 0)
(0.00833968 -0.0357601 0)
(0.00832155 -0.0404487 0)
(0.00802031 -0.0449907 0)
(0.00742554 -0.049236 0)
(0.00654369 -0.0530383 0)
(0.0053983 -0.0562624 0)
(0.00402888 -0.0587911 0)
(0.00248873 -0.0605311 0)
(0.000841704 -0.0614177 0)
(4.06623e-06 -1.82616e-05 0)
(1.33117e-05 -2.48116e-05 0)
(2.60675e-05 -3.9606e-05 0)
(4.52406e-05 -6.62636e-05 0)
(7.45648e-05 -0.000110771 0)
(0.000118869 -0.000182107 0)
(0.000184246 -0.000292973 0)
(0.00027806 -0.000460526 0)
(0.000408708 -0.000706961 0)
(0.000585078 -0.00105974 0)
(0.000815658 -0.00155125 0)
(0.00110732 -0.00221776 0)
(0.00146388 -0.00309747 0)
(0.00188457 -0.00422771 0)
(0.0023627 -0.00564141 0)
(0.00288474 -0.00736321 0)
(0.00343005 -0.00940542 0)
(0.00397149 -0.0117646 0)
(0.00447686 -0.0144192 0)
(0.00491075 -0.0173279 0)
(0.00523717 -0.0204301 0)
(0.00542255 -0.0236472 0)
(0.00543882 -0.0268859 0)
(0.00526622 -0.030043 0)
(0.0048954 -0.0330104 0)
(0.00432879 -0.0356808 0)
(0.00358097 -0.0379541 0)
(0.00267817 -0.0397428 0)
(0.00165669 -0.0409764 0)
(0.0005607 -0.0416058 0)
(2.25504e-06 -1.02108e-05 0)
(7.39965e-06 -1.39509e-05 0)
(1.45513e-05 -2.24302e-05 0)
(2.53915e-05 -3.77928e-05 0)
(4.21088e-05 -6.36123e-05 0)
(6.7574e-05 -0.000105298 0)
(0.000105465 -0.000170585 0)
(0.000160304 -0.000270055 0)
(0.000237347 -0.000417578 0)
(0.0003423 -0.000630573 0)
(0.000480802 -0.000929937 0)
(0.00065769 -0.00133951 0)
(0.000876087 -0.00188496 0)
(0.0011364 -0.00259209 0)
(0.00143539 -0.00348455 0)
(0.00176541 -0.00458123 0)
(0.00211414 -0.00589341 0)
(0.00246473 -0.00742223 0)
(0.00279664 -0.00915662 0)
(0.0030868 -0.011072 0)
(0.00331117 -0.0131301 0)
(0.00344684 -0.0152792 0)
(0.00347414 -0.0174568 0)
(0.00337863 -0.0195917 0)
(0.00315273 -0.0216087 0)
(0.00279683 -0.023432 0)
(0.00231973 -0.0249899 0)
(0.00173834 -0.0262192 0)
(0.00107675 -0.0270688 0)
(0.000364665 -0.0275029 0)
(1.23166e-06 -5.62283e-06 0)
(4.05068e-06 -7.72383e-06 0)
(7.99785e-06 -1.25043e-05 0)
(1.40289e-05 -2.12109e-05 0)
(2.34033e-05 -3.59364e-05 0)
(3.77945e-05 -5.9876e-05 0)
(5.93774e-05 -9.76467e-05 0)
(9.0866e-05 -0.000155634 0)
(0.000135474 -0.000242315 0)
(0.000196764 -0.000368482 0)
(0.000278359 -0.000547277 0)
(0.000383516 -0.000793946 0)
(0.000514558 -0.00112523 0)
(0.000672245 -0.00155837 0)
(0.000855138 -0.00210966 0)
(0.00105907 -0.00279277 0)
(0.00127687 -0.00361684 0)
(0.00149832 -0.00458464 0)
(0.00171068 -0.00569104 0)
(0.00189929 -0.0069219 0)
(0.00204858 -0.00825361 0)
(0.00214339 -0.0096533 0)
(0.00217038 -0.01108 0)
(0.00211946 -0.0124864 0)
(0.0019849 -0.0138214 0)
(0.00176622 -0.0150332 0)
(0.00146856 -0.0160722 0)
(0.00110256 -0.0168942 0)
(0.000683801 -0.0174635 0)
(0.00023173 -0.0177547 0)
(6.62702e-07 -3.05022e-06 0)
(2.18424e-06 -4.21173e-06 0)
(4.32948e-06 -6.86366e-06 0)
(7.63242e-06 -1.1718e-05 0)
(1.28048e-05 -1.99776e-05 0)
(2.08041e-05 -3.34944e-05 0)
(3.28908e-05 -5.497e-05 0)
(5.06599e-05 -8.81804e-05 0)
(7.60308e-05 -0.000138196 0)
(0.000111172 -0.000211553 0)
(0.000158345 -0.000316323 0)
(0.000219659 -0.00046201 0)
(0.000296734 -0.000659235 0)
(0.000390311 -0.000919156 0)
(0.000499841 -0.00125261 0)
(0.000623129 -0.00166905 0)
(0.000756092 -0.0021753 0)
(0.000892712 -0.00277431 0)
(0.00102525 -0.00346404 0)
(0.00114464 -0.00423665 0)
(0.00124105 -0.00507799 0)
(0.00130475 -0.00596765 0)
(0.00132699 -0.00687953 0)
(0.00130094 -0.00778298 0)
(0.00122251 -0.00864443 0)
(0.00109098 -0.00942938 0)
(0.000909237 -0.0101046 0)
(0.000683846 -0.0106401 0)
(0.000424624 -0.0110117 0)
(0.000143985 -0.0112019 0)
(3.51357e-07 -1.63042e-06 0)
(1.16049e-06 -2.26256e-06 0)
(2.3089e-06 -3.71061e-06 0)
(4.08998e-06 -6.37407e-06 0)
(6.89901e-06 -1.0932e-05 0)
(1.12739e-05 -1.84383e-05 0)
(1.79312e-05 -3.04436e-05 0)
(2.77895e-05 -4.91372e-05 0)
(4.19702e-05 -7.74902e-05 0)
(6.17623e-05 -0.000119377 0)
(8.854e-05 -0.000179642 0)
(0.000123624 -0.00026407 0)
(0.00016809 -0.000379226 0)
(0.000222528 -0.000532132 0)
(0.000286795 -0.000729767 0)
(0.000359772 -0.000978412 0)
(0.000439195 -0.00128287 0)
(0.000521595 -0.00164565 0)
(0.000602384 -0.00206621 0)
(0.000676085 -0.00254034 0)
(0.00073666 -0.0030598 0)
(0.00077801 -0.00361221 0)
(0.000794558 -0.00418138 0)
(0.000781851 -0.00474796 0)
(0.0007371 -0.00529046 0)
(0.000659594 -0.00578657 0)
(0.000550937 -0.00621458 0)
(0.000415062 -0.00655489 0)
(0.000258017 -0.00679138 0)
(8.75401e-05 -0.00691259 0)
(1.83609e-07 -8.58959e-07 0)
(6.07671e-07 -1.19774e-06 0)
(1.21339e-06 -1.97628e-06 0)
(2.15934e-06 -3.41489e-06 0)
(3.66139e-06 -5.89035e-06 0)
(6.0164e-06 -9.99157e-06 0)
(9.62422e-06 -1.65926e-05 0)
(1.50036e-05 -2.69386e-05 0)
(2.27963e-05 -4.27362e-05 0)
(3.37515e-05 -6.62354e-05 0)
(4.86832e-05 -0.000100281 0)
(6.83953e-05 -0.000148315 0)
(9.35716e-05 -0.000214296 0)
(0.000124638 -0.00030253 0)
(0.000161608 -0.000417381 0)
(0.000203934 -0.000562882 0)
(0.000250393 -0.00074226 0)
(0.000299024 -0.000957417 0)
(0.000347172 -0.00120843 0)
(0.000391601 -0.00149313 0)
(0.000428688 -0.00180683 0)
(0.000454712 -0.00214222 0)
(0.000466214 -0.00248947 0)
(0.000460373 -0.00283668 0)
(0.000435355 -0.00317044 0)
(0.000390589 -0.00347668 0)
(0.000326933 -0.00374163 0)
(0.000246695 -0.00395276 0)
(0.000153518 -0.00409971 0)
(5.21138e-05 -0.00417511 0)
(9.45947e-08 -4.46126e-07 0)
(3.13683e-07 -6.24977e-07 0)
(6.28538e-07 -1.03724e-06 0)
(1.12352e-06 -1.80242e-06 0)
(1.91458e-06 -3.12602e-06 0)
(3.16275e-06 -5.33151e-06 0)
(5.08718e-06 -8.90273e-06 0)
(7.97539e-06 -1.4535e-05 0)
(1.21873e-05 -2.31901e-05 0)
(1.81493e-05 -3.61487e-05 0)
(2.63324e-05 -5.50476e-05 0)
(3.72128e-05 -8.18897e-05 0)
(5.12106e-05 -0.000119009 0)
(6.86115e-05 -0.000168981 0)
(8.94757e-05 -0.000234461 0)
(0.000113547 -0.000317961 0)
(0.000140179 -0.000421566 0)
(0.00016829 -0.000546611 0)
(0.000196371 -0.000693369 0)
(0.000222555 -0.000860776 0)
(0.000244717 -0.00104623 0)
(0.000260639 -0.00124549 0)
(0.000268231 -0.00145276 0)
(0.000265754 -0.00166086 0)
(0.000252045 -0.00186164 0)
(0.000226685 -0.00204646 0)
(0.00019012 -0.00220677 0)
(0.000143676 -0.00233478 0)
(8.95005e-05 -0.00242402 0)
(3.03975e-05 -0.00246984 0)
(4.80591e-08 -2.28488e-07 0)
(1.59669e-07 -3.21522e-07 0)
(3.21008e-07 -5.36606e-07 0)
(5.76263e-07 -9.37512e-07 0)
(9.86709e-07 -1.63449e-06 0)
(1.63826e-06 -2.80223e-06 0)
(2.64898e-06 -4.70396e-06 0)
(4.1753e-06 -7.72104e-06 0)
(6.41537e-06 -1.23856e-05 0)
(9.6068e-06 -1.94129e-05 0)
(1.40164e-05 -2.97259e-05 0)
(1.99191e-05 -4.44662e-05 0)
(2.75655e-05 -6.49804e-05 0)
(3.71374e-05 -9.27728e-05 0)
(4.86961e-05 -0.00012942 0)
(6.21285e-05 -0.000176443 0)
(7.71003e-05 -0.000235142 0)
(9.30259e-05 -0.000306406 0)
(0.000109068 -0.000390518 0)
(0.00012417 -0.000486981 0)
(0.000137111 -0.000594385 0)
(0.000146602 -0.000710333 0)
(0.000151408 -0.000831461 0)
(0.000150485 -0.000953552 0)
(0.000143117 -0.00107176 0)
(0.000129018 -0.00118089 0)
(0.000108412 -0.00127578 0)
(8.20458e-05 -0.00135171 0)
(5.11581e-05 -0.00140471 0)
(1.73835e-05 -0.00143195 0)
(2.40841e-08 -1.15423e-07 0)
(8.01615e-08 -1.63123e-07 0)
(1.61683e-07 -2.7371e-07 0)
(2.91441e-07 -4.80683e-07 0)
(5.01318e-07 -8.42245e-07 0)
(8.36411e-07 -1.45119e-06 0)
(1.35924e-06 -2.44834e-06 0)
(2.15348e-06 -4.03927e-06 0)
(3.32617e-06 -6.51321e-06 0)
(5.00724e-06 -1.02621e-05 0)
(7.34463e-06 -1.57969e-05 0)
(1.04936e-05 -2.37552e-05 0)
(1.45994e-05 -3.48977e-05 0)
(1.9773e-05 -5.00844e-05 0)
(2.60625e-05 -7.02292e-05 0)
(3.34214e-05 -9.62295e-05 0)
(4.1681e-05 -0.000128872 0)
(5.05307e-05 -0.000168723 0)
(5.95143e-05 -0.00021601 0)
(6.80459e-05 -0.000270517 0)
(7.54396e-05 -0.000331496 0)
(8.09605e-05 -0.000397619 0)
(8.38963e-05 -0.000466979 0)
(8.36362e-05 -0.000537149 0)
(7.97498e-05 -0.000605307 0)
(7.20533e-05 -0.00066841 0)
(6.06541e-05 -0.000723411 0)
(4.59655e-05 -0.000767497 0)
(2.86871e-05 -0.000798312 0)
(9.75236e-06 -0.000814162 0)
(1.19079e-08 -5.75248e-08 0)
(3.9704e-08 -8.16361e-08 0)
(8.0331e-08 -1.37689e-07 0)
(1.45374e-07 -2.43007e-07 0)
(2.51167e-07 -4.27839e-07 0)
(4.21011e-07 -7.40695e-07 0)
(6.87482e-07 -1.25569e-06 0)
(1.09456e-06 -2.08178e-06 0)
(1.69909e-06 -3.37346e-06 0)
(2.57078e-06 -5.34182e-06 0)
(3.79005e-06 -8.26428e-06 0)
(5.44267e-06 -1.24905e-05 0)
(7.61076e-06 -1.84416e-05 0)
(1.03599e-05 -2.65989e-05 0)
(1.3723e-05 -3.74807e-05 0)
(1.76834e-05 -5.16036e-05 0)
(2.21577e-05 -6.9431e-05 0)
(2.69843e-05 -9.13099e-05 0)
(3.19194e-05 -0.000117403 0)
(3.66444e-05 -0.000147624 0)
(4.07812e-05 -0.000181586 0)
(4.392e-05 -0.000218569 0)
(4.56586e-05 -0.000257513 0)
(4.56473e-05 -0.000297048 0)
(4.36349e-05 -0.000335568 0)
(3.9507e-05 -0.000371326 0)
(3.33137e-05 -0.000402563 0)
(2.52789e-05 -0.000427643 0)
(1.57903e-05 -0.000445196 0)
(5.37035e-06 -0.000454231 0)
(5.81021e-09 -2.82911e-08 0)
(1.94058e-08 -4.03106e-08 0)
(3.93806e-08 -6.8326e-08 0)
(7.15377e-08 -1.21163e-07 0)
(1.24123e-07 -2.14304e-07 0)
(2.08989e-07 -3.72713e-07 0)
(3.42842e-07 -6.34779e-07 0)
(5.48428e-07 -1.05732e-06 0)
(8.55401e-07 -1.72148e-06 0)
(1.30052e-06 -2.73899e-06 0)
(1.92667e-06 -4.25786e-06 0)
(2.78027e-06 -6.46628e-06 0)
(3.90668e-06 -9.59293e-06 0)
(5.34342e-06 -1.3902e-05 0)
(7.11163e-06 -1.96811e-05 0)
(9.20645e-06 -2.7221e-05 0)
(1.15878e-05 -3.67879e-05 0)
(1.4173e-05 -4.85876e-05 0)
(1.68343e-05 -6.27275e-05 0)
(1.94015e-05 -7.91789e-05 0)
(2.16703e-05 -9.77464e-05 0)
(2.34165e-05 -0.000118046 0)
(2.44177e-05 -0.000139499 0)
(2.44782e-05 -0.00016135 0)
(2.34547e-05 -0.000182703 0)
(2.12786e-05 -0.000202574 0)
(1.7972e-05 -0.000219969 0)
(1.36542e-05 -0.000233958 0)
(8.5361e-06 -0.00024376 0)
(2.90437e-06 -0.000248809 0)
(2.79837e-09 -1.37334e-08 0)
(9.36178e-09 -1.96439e-08 0)
(1.90531e-08 -3.34551e-08 0)
(3.47382e-08 -5.95977e-08 0)
(6.05187e-08 -1.05877e-07 0)
(1.02335e-07 -1.84949e-07 0)
(1.68623e-07 -3.16388e-07 0)
(2.70957e-07 -5.29357e-07 0)
(4.24558e-07 -8.65788e-07 0)
(6.4847e-07 -1.38383e-06 0)
(9.65156e-07 -2.16111e-06 0)
(1.39925e-06 -3.29711e-06 0)
(1.97528e-06 -4.91378e-06 0)
(2.71413e-06 -7.15331e-06 0)
(3.6286e-06 -1.01722e-05 0)
(4.71821e-06 -1.41306e-05 0)
(5.96407e-06 -1.91778e-05 0)
(7.32478e-06 -2.54324e-05 0)
(8.73439e-06 -3.29616e-05 0)
(1.01037e-05 -4.17595e-05 0)
(1.13243e-05 -5.17292e-05 0)
(1.2276e-05 -6.267e-05 0)
(1.28381e-05 -7.42729e-05 0)
(1.29033e-05 -8.6128e-05 0)
(1.23917e-05 -9.77444e-05 0)
(1.12635e-05 -0.000108581 0)
(9.52802e-06 -0.000118085 0)
(7.24739e-06 -0.000125741 0)
(4.53437e-06 -0.000131111 0)
(1.54341e-06 -0.000133879 0)
(1.33068e-09 -6.58173e-09 0)
(4.45879e-09 -9.44954e-09 0)
(9.0999e-09 -1.61672e-08 0)
(1.66497e-08 -2.89269e-08 0)
(2.91197e-08 -5.16072e-08 0)
(4.94437e-08 -9.05289e-08 0)
(8.18171e-08 -1.55524e-07 0)
(1.3204e-07 -2.6133e-07 0)
(2.078e-07 -4.29275e-07 0)
(3.18799e-07 -6.89136e-07 0)
(4.766e-07 -1.08095e-06 0)
(6.94039e-07 -1.65641e-06 0)
(9.84091e-07 -2.47939e-06 0)
(1.35812e-06 -3.62505e-06 0)
(1.82355e-06 -5.17687e-06 0)
(2.38114e-06 -7.2214e-06 0)
(3.02221e-06 -9.84034e-06 0)
(3.72634e-06 -1.31005e-05 0)
(4.46013e-06 -1.70419e-05 0)
(5.17761e-06 -2.16663e-05 0)
(5.82229e-06 -2.69269e-05 0)
(6.33081e-06 -3.27205e-05 0)
(6.63903e-06 -3.88849e-05 0)
(6.68926e-06 -4.5202e-05 0)
(6.43792e-06 -5.14081e-05 0)
(5.86247e-06 -5.72105e-05 0)
(4.96649e-06 -6.23093e-05 0)
(3.78194e-06 -6.64223e-05 0)
(2.36797e-06 -6.93105e-05 0)
(8.06316e-07 -7.08003e-05 0)
(6.24878e-10 -3.1148e-09 0)
(2.09704e-09 -4.48813e-09 0)
(4.29135e-09 -7.71261e-09 0)
(7.87835e-09 -1.38578e-08 0)
(1.38309e-08 -2.48237e-08 0)
(2.35771e-08 -4.37217e-08 0)
(3.91734e-08 -7.54178e-08 0)
(6.34823e-08 -1.27248e-07 0)
(1.00326e-07 -2.09895e-07 0)
(1.54571e-07 -3.38368e-07 0)
(2.32065e-07 -5.32982e-07 0)
(3.39379e-07 -8.20159e-07 0)
(4.83252e-07 -1.23279e-06 0)
(6.69722e-07 -1.80989e-06 0)
(9.02944e-07 -2.59519e-06 0)
(1.18379e-06 -3.63452e-06 0)
(1.50837e-06 -4.97175e-06 0)
(1.86679e-06 -6.64348e-06 0)
(2.2424e-06 -8.67287e-06 0)
(2.61192e-06 -1.10632e-05 0)
(2.94639e-06 -1.37923e-05 0)
(3.21305e-06 -1.68082e-05 0)
(3.37839e-06 -2.00271e-05 0)
(3.41198e-06 -2.33351e-05 0)
(3.29054e-06 -2.6593e-05 0)
(3.00163e-06 -2.96454e-05 0)
(2.54647e-06 -3.23325e-05 0)
(1.94119e-06 -3.45031e-05 0)
(1.2163e-06 -3.60289e-05 0)
(4.1431e-07 -3.68164e-05 0)
(2.89847e-10 -1.45595e-09 0)
(9.74135e-10 -2.10519e-09 0)
(1.99864e-09 -3.63301e-09 0)
(3.68126e-09 -6.55414e-09 0)
(6.48606e-09 -1.17864e-08 0)
(1.10987e-08 -2.08398e-08 0)
(1.85127e-08 -3.60882e-08 0)
(3.01202e-08 -6.11303e-08 0)
(4.77934e-08 -1.01236e-07 0)
(7.39334e-08 -1.63857e-07 0)
(1.11453e-07 -2.5914e-07 0)
(1.63657e-07 -4.00372e-07 0)
(2.33981e-07 -6.04213e-07 0)
(3.25566e-07 -8.90569e-07 0)
(4.40671e-07 -1.28195e-06 0)
(5.79957e-07 -1.80218e-06 0)
(7.41733e-07 -2.47433e-06 0)
(9.21283e-07 -3.31804e-06 0)
(1.11044e-06 -4.34627e-06 0)
(1.2976e-06 -5.56187e-06 0)
(1.46817e-06 -6.95458e-06 0)
(1.60549e-06 -8.49862e-06 0)
(1.69237e-06 -1.01515e-05 0)
(1.71305e-06 -1.18546e-05 0)
(1.65532e-06 -1.35359e-05 0)
(1.5125e-06 -1.51145e-05 0)
(1.28487e-06 -1.65064e-05 0)
(9.80461e-07 -1.76322e-05 0)
(6.14753e-07 -1.84244e-05 0)
(2.09476e-07 -1.88335e-05 0)
(1.32823e-10 -6.72309e-10 0)
(4.47057e-10 -9.75376e-10 0)
(9.19511e-10 -1.69016e-09 0)
(1.69896e-09 -3.061e-09 0)
(3.00388e-09 -5.52528e-09 0)
(5.15895e-09 -9.80582e-09 0)
(8.63744e-09 -1.70445e-08 0)
(1.41069e-08 -2.89814e-08 0)
(2.24708e-08 -4.81789e-08 0)
(3.48963e-08 -7.82805e-08 0)
(5.28111e-08 -1.24279e-07 0)
(7.78502e-08 -1.92752e-07 0)
(1.11735e-07 -2.92001e-07 0)
(1.56066e-07 -4.32019e-07 0)
(2.12041e-07 -6.24196e-07 0)
(2.8009e-07 -8.80689e-07 0)
(3.59499e-07 -1.21342e-06 0)
(4.48055e-07 -1.6327e-06 0)
(5.41816e-07 -2.14557e-06 0)
(6.3509e-07 -2.75404e-06 0)
(7.20642e-07 -3.45348e-06 0)
(7.90137e-07 -4.23131e-06 0)
(8.34902e-07 -5.06631e-06 0)
(8.46922e-07 -5.92889e-06 0)
(8.19918e-07 -6.78235e-06 0)
(7.50362e-07 -7.58517e-06 0)
(6.38255e-07 -8.29422e-06 0)
(4.87515e-07 -8.86848e-06 0)
(3.05873e-07 -9.27289e-06 0)
(1.0426e-07 -9.48185e-06 0)
(6.01396e-11 -3.06768e-10 0)
(2.02727e-10 -4.46502e-10 0)
(4.17986e-10 -7.76733e-10 0)
(7.74629e-10 -1.412e-09 0)
(1.3742e-09 -2.55794e-09 0)
(2.36839e-09 -4.5559e-09 0)
(3.97965e-09 -7.94764e-09 0)
(6.52351e-09 -1.35629e-08 0)
(1.04298e-08 -2.26299e-08 0)
(1.62577e-08 -3.69045e-08 0)
(2.46961e-08 -5.88067e-08 0)
(3.65414e-08 -9.15437e-08 0)
(5.2641e-08 -1.39189e-07 0)
(7.3797e-08 -2.06679e-07 0)
(1.00627e-07 -2.9968e-07 0)
(1.33389e-07 -4.24294e-07 0)
(1.71791e-07 -5.86566e-07 0)
(2.14812e-07 -7.91804e-07 0)
(2.60577e-07 -1.04375e-06 0)
(3.06336e-07 -1.34366e-06 0)
(3.48559e-07 -1.68951e-06 0)
(3.83142e-07 -2.07523e-06 0)
(4.05783e-07 -2.49043e-06 0)
(4.12472e-07 -2.92038e-06 0)
(4.00037e-07 -3.3467e-06 0)
(3.66656e-07 -3.74846e-06 0)
(3.12259e-07 -4.10383e-06 0)
(2.38733e-07 -4.392e-06 0)
(1.49878e-07 -4.59511e-06 0)
(5.11038e-08 -4.70011e-06 0)
(2.69245e-11 -1.38327e-10 0)
(9.08506e-11 -2.01976e-10 0)
(1.87762e-10 -3.52701e-10 0)
(3.48999e-10 -6.4347e-10 0)
(6.21128e-10 -1.16975e-09 0)
(1.07412e-09 -2.09058e-09 0)
(1.81112e-09 -3.6596e-09 0)
(2.97929e-09 -6.26707e-09 0)
(4.78028e-09 -1.04936e-08 0)
(7.47806e-09 -1.71734e-08 0)
(1.14003e-08 -2.74626e-08 0)
(1.69289e-08 -4.29021e-08 0)
(2.44744e-08 -6.54605e-08 0)
(3.44313e-08 -9.75385e-08 0)
(4.71116e-08 -1.41911e-07 0)
(6.26609e-08 -2.0159e-07 0)
(8.09646e-08 -2.79589e-07 0)
(1.01559e-07 -3.78588e-07 0)
(1.23564e-07 -5.00528e-07 0)
(1.45674e-07 -6.46152e-07 0)
(1.66188e-07 -8.14582e-07 0)
(1.83121e-07 -1.00296e-06 0)
(1.94369e-07 -1.20626e-06 0)
(1.97962e-07 -1.41726e-06 0)
(1.92324e-07 -1.62691e-06 0)
(1.76532e-07 -1.82483e-06 0)
(1.50518e-07 -2.00015e-06 0)
(1.15179e-07 -2.14248e-06 0)
(7.23534e-08 -2.24289e-06 0)
(2.46776e-08 -2.29482e-06 0)
(1.19123e-11 -6.16586e-11 0)
(4.02592e-11 -9.0298e-11 0)
(8.33809e-11 -1.58274e-10 0)
(1.55404e-10 -2.89758e-10 0)
(2.77443e-10 -5.28498e-10 0)
(4.81335e-10 -9.47682e-10 0)
(8.14324e-10 -1.66447e-09 0)
(1.34409e-09 -2.85997e-09 0)
(2.16397e-09 -4.80495e-09 0)
(3.39688e-09 -7.89036e-09 0)
(5.19642e-09 -1.26608e-08 0)
(7.74297e-09 -1.98458e-08 0)
(1.12324e-08 -3.0383e-08 0)
(1.58553e-08 -4.54225e-08 0)
(2.17664e-08 -6.63024e-08 0)
(2.90441e-08 -9.44856e-08 0)
(3.76456e-08 -1.31448e-07 0)
(4.73633e-08 -1.78522e-07 0)
(5.77914e-08 -2.36691e-07 0)
(6.83162e-08 -3.06372e-07 0)
(7.81334e-08 -3.87198e-07 0)
(8.62943e-08 -4.77839e-07 0)
(9.17887e-08 -5.75894e-07 0)
(9.36617e-08 -6.77894e-07 0)
(9.11435e-08 -7.79435e-07 0)
(8.37756e-08 -8.75457e-07 0)
(7.1511e-08 -9.60636e-07 0)
(5.47681e-08 -1.02986e-06 0)
(3.4424e-08 -1.07873e-06 0)
(1.17444e-08 -1.10402e-06 0)
(5.21149e-12 -2.71785e-11 0)
(1.76293e-11 -3.99095e-11 0)
(3.66053e-11 -7.02027e-11 0)
(6.84027e-11 -1.28953e-10 0)
(1.22494e-10 -2.3597e-10 0)
(2.13178e-10 -4.24477e-10 0)
(3.61808e-10 -7.47922e-10 0)
(5.99136e-10 -1.28928e-09 0)
(9.67776e-10 -2.17313e-09 0)
(1.52418e-09 -3.58023e-09 0)
(2.33936e-09 -5.76357e-09 0)
(3.49729e-09 -9.06387e-09 0)
(5.08999e-09 -1.39212e-08 0)
(7.20816e-09 -2.08786e-08 0)
(9.92689e-09 -3.05717e-08 0)
(1.3287e-08 -4.37001e-08 0)
(1.72738e-08 -6.09757e-08 0)
(2.17955e-08 -8.30479e-08 0)
(2.66674e-08 -1.10407e-07 0)
(3.16056e-08 -1.43277e-07 0)
(3.62348e-08 -1.81508e-07 0)
(4.01086e-08 -2.24492e-07 0)
(4.27486e-08 -2.71101e-07 0)
(4.36997e-08 -3.19687e-07 0)
(4.25917e-08 -3.68145e-07 0)
(3.92008e-08 -4.14042e-07 0)
(3.34979e-08 -4.5481e-07 0)
(2.5676e-08 -4.87977e-07 0)
(1.61473e-08 -5.1141e-07 0)
(5.51047e-09 -5.23541e-07 0)
(2.25975e-12 -1.18335e-11 0)
(7.63471e-12 -1.7443e-11 0)
(1.5894e-11 -3.07811e-11 0)
(2.97692e-11 -5.67329e-11 0)
(5.34656e-11 -1.04135e-10 0)
(9.33272e-11 -1.87901e-10 0)
(1.58891e-10 -3.32114e-10 0)
(2.63934e-10 -5.74277e-10 0)
(4.2768e-10 -9.70994e-10 0)
(6.75707e-10 -1.60473e-09 0)
(1.0404e-09 -2.59146e-09 0)
(1.56031e-09 -4.08812e-09 0)
(2.27803e-09 -6.29847e-09 0)
(3.23604e-09 -9.47519e-09 0)
(4.47016e-09 -1.39158e-08 0)
(6.00105e-09 -1.995e-08 0)
(7.82412e-09 -2.79158e-08 0)
(9.89954e-09 -3.81247e-08 0)
(1.21443e-08 -5.08164e-08 0)
(1.44289e-08 -6.61071e-08 0)
(1.65806e-08 -8.3939e-08 0)
(1.83924e-08 -1.04036e-07 0)
(1.9641e-08 -1.25877e-07 0)
(2.01127e-08 -1.48691e-07 0)
(1.96324e-08 -1.71484e-07 0)
(1.80924e-08 -1.93107e-07 0)
(1.54763e-08 -2.12337e-07 0)
(1.18718e-08 -2.27997e-07 0)
(7.46996e-09 -2.3907e-07 0)
(2.54989e-09 -2.44804e-07 0)
(9.65657e-13 -5.10179e-12 0)
(3.27883e-12 -7.52769e-12 0)
(6.8184e-12 -1.33445e-11 0)
(1.28156e-11 -2.46726e-11 0)
(2.3076e-11 -4.54326e-11 0)
(4.03955e-11 -8.22287e-11 0)
(6.8978e-11 -1.45754e-10 0)
(1.14932e-10 -2.52794e-10 0)
(1.86805e-10 -4.28718e-10 0)
(2.96034e-10 -7.10678e-10 0)
(4.5721e-10 -1.15113e-09 0)
(6.87771e-10 -1.82142e-09 0)
(1.00717e-09 -2.81456e-09 0)
(1.435e-09 -4.24658e-09 0)
(1.98806e-09 -6.25479e-09 0)
(2.67652e-09 -8.99223e-09 0)
(3.49928e-09 -1.2617e-08 0)
(4.43925e-09 -1.72762e-08 0)
(5.45964e-09 -2.3085e-08 0)
(6.50219e-09 -3.01021e-08 0)
(7.48842e-09 -3.83059e-08 0)
(8.32367e-09 -4.75736e-08 0)
(8.90531e-09 -5.7667e-08 0)
(9.1343e-09 -6.823e-08 0)
(8.92905e-09 -7.88019e-08 0)
(8.23872e-09 -8.88452e-08 0)
(7.05442e-09 -9.77883e-08 0)
(5.41546e-09 -1.05078e-07 0)
(3.40924e-09 -1.10236e-07 0)
(1.16404e-09 -1.12908e-07 0)
(4.09413e-13 -2.16887e-12 0)
(1.38633e-12 -3.22289e-12 0)
(2.88958e-12 -5.72137e-12 0)
(5.45039e-12 -1.06138e-11 0)
(9.85498e-12 -1.9593e-11 0)
(1.72844e-11 -3.55687e-11 0)
(2.96061e-11 -6.32472e-11 0)
(4.94846e-11 -1.1001e-10 0)
(8.06586e-11 -1.87101e-10 0)
(1.28199e-10 -3.1105e-10 0)
(1.98581e-10 -5.05278e-10 0)
(2.99595e-10 -8.01801e-10 0)
(4.39997e-10 -1.24256e-09 0)
(6.28707e-10 -1.88005e-09 0)
(8.73459e-10 -2.77679e-09 0)
(1.17916e-09 -4.00286e-09 0)
(1.54572e-09 -5.6311e-09 0)
(1.96592e-09 -7.72996e-09 0)
(2.42366e-09 -1.03537e-08 0)
(2.89309e-09 -1.35315e-08 0)
(3.339e-09 -1.72556e-08 0)
(3.71873e-09 -2.1472e-08 0)
(3.98568e-09 -2.60736e-08 0)
(4.09468e-09 -3.08981e-08 0)
(4.00821e-09 -3.57345e-08 0)
(3.70268e-09 -4.03356e-08 0)
(3.17343e-09 -4.44374e-08 0)
(2.43791e-09 -4.7784e-08 0)
(1.5355e-09 -5.01534e-08 0)
(5.24403e-10 -5.13815e-08 0)
(1.68839e-13 -9.07194e-13 0)
(5.83628e-13 -1.34366e-12 0)
(1.22085e-12 -2.41818e-12 0)
(2.29134e-12 -4.51043e-12 0)
(4.15562e-12 -8.35526e-12 0)
(7.31702e-12 -1.5216e-11 0)
(1.2571e-11 -2.71281e-11 0)
(2.1063e-11 -4.73196e-11 0)
(3.44292e-11 -8.07151e-11 0)
(5.48894e-11 -1.34567e-10 0)
(8.52628e-11 -2.19208e-10 0)
(1.28999e-10 -3.48823e-10 0)
(1.89985e-10 -5.42053e-10 0)
(2.72206e-10 -8.22385e-10 0)
(3.79195e-10 -1.21789e-09 0)
(5.13255e-10 -1.76018e-09 0)
(6.74528e-10 -2.48241e-09 0)
(8.60003e-10 -3.41589e-09 0)
(1.0627e-09 -4.58587e-09 0)
(1.27133e-09 -6.00636e-09 0)
(1.47028e-09 -7.67494e-09 0)
(1.64057e-09 -9.56818e-09 0)
(1.76136e-09 -1.16384e-08 0)
(1.81228e-09 -1.38127e-08 0)
(1.77639e-09 -1.59958e-08 0)
(1.64283e-09 -1.80755e-08 0)
(1.40929e-09 -1.99316e-08 0)
(1.0834e-09 -2.14473e-08 0)
(6.82698e-10 -2.2521e-08 0)
(2.33202e-10 -2.30778e-08 0)
(7.40874e-14 -3.73965e-13 0)
(2.37551e-13 -5.74556e-13 0)
(5.05844e-13 -1.01035e-12 0)
(9.51713e-13 -1.89402e-12 0)
(1.74047e-12 -3.52663e-12 0)
(3.06195e-12 -6.43973e-12 0)
(5.27281e-12 -1.15076e-11 0)
(8.86564e-12 -2.01276e-11 0)
(1.45423e-11 -3.44384e-11 0)
(2.32258e-11 -5.75598e-11 0)
(3.61952e-11 -9.40175e-11 0)
(5.49146e-11 -1.50011e-10 0)
(8.10825e-11 -2.33725e-10 0)
(1.165e-10 -3.55525e-10 0)
(1.62701e-10 -5.27848e-10 0)
(2.20784e-10 -7.64797e-10 0)
(2.90873e-10 -1.0812e-09 0)
(3.71711e-10 -1.49122e-09 0)
(4.60362e-10 -2.00641e-09 0)
(5.51909e-10 -2.63338e-09 0)
(6.39509e-10 -3.37148e-09 0)
(7.14883e-10 -4.21069e-09 0)
(7.68782e-10 -5.13005e-09 0)
(7.9216e-10 -6.09731e-09 0)
(7.77473e-10 -7.06993e-09 0)
(7.19789e-10 -7.99765e-09 0)
(6.1801e-10 -8.82653e-09 0)
(4.75413e-10 -9.50394e-09 0)
(2.9971e-10 -9.98413e-09 0)
(1.02402e-10 -1.02332e-08 0)
(2.75519e-14 -1.45823e-13 0)
(1.01807e-13 -2.13695e-13 0)
(2.00759e-13 -4.11261e-13 0)
(3.85893e-13 -7.89595e-13 0)
(7.17187e-13 -1.4673e-12 0)
(1.26436e-12 -2.68865e-12 0)
(2.18029e-12 -4.83097e-12 0)
(3.69765e-12 -8.4705e-12 0)
(6.06543e-12 -1.45188e-11 0)
(9.73049e-12 -2.43437e-11 0)
(1.52e-11 -3.98776e-11 0)
(2.31129e-11 -6.37757e-11 0)
(3.42252e-11 -9.963e-11 0)
(4.92956e-11 -1.51932e-10 0)
(6.90154e-11 -2.26131e-10 0)
(9.38729e-11 -3.28413e-10 0)
(1.23969e-10 -4.65352e-10 0)
(1.58789e-10 -6.43275e-10 0)
(1.97071e-10 -8.6735e-10 0)
(2.36743e-10 -1.14066e-09 0)
(2.74839e-10 -1.46311e-09 0)
(3.07774e-10 -1.83045e-09 0)
(3.31495e-10 -2.23359e-09 0)
(3.42061e-10 -2.65845e-09 0)
(3.36117e-10 -3.08624e-09 0)
(3.11521e-10 -3.49481e-09 0)
(2.6769e-10 -3.86022e-09 0)
(2.06059e-10 -4.1591e-09 0)
(1.29959e-10 -4.37108e-09 0)
(4.44103e-11 -4.48109e-09 0)
(1.07519e-14 -5.87995e-14 0)
(4.04877e-14 -9.91191e-14 0)
(8.13114e-14 -1.66319e-13 0)
(1.58087e-13 -3.1987e-13 0)
(2.8879e-13 -6.06812e-13 0)
(5.16092e-13 -1.10778e-12 0)
(8.99634e-13 -1.99751e-12 0)
(1.52123e-12 -3.52327e-12 0)
(2.50167e-12 -6.05804e-12 0)
(4.02374e-12 -1.01787e-11 0)
(6.31709e-12 -1.67149e-11 0)
(9.62045e-12 -2.68119e-11 0)
(1.42723e-11 -4.19893e-11 0)
(2.06318e-11 -6.4187e-11 0)
(2.89358e-11 -9.57607e-11 0)
(3.94651e-11 -1.3941e-10 0)
(5.22366e-11 -1.97992e-10 0)
(6.7048e-11 -2.74266e-10 0)
(8.33904e-11 -3.70558e-10 0)
(1.00376e-10 -4.88264e-10 0)
(1.16743e-10 -6.27416e-10 0)
(1.30936e-10 -7.86238e-10 0)
(1.41249e-10 -9.60843e-10 0)
(1.45941e-10 -1.14513e-09 0)
(1.43582e-10 -1.33097e-09 0)
(1.33211e-10 -1.50865e-09 0)
(1.14558e-10 -1.66771e-09 0)
(8.82332e-11 -1.79792e-09 0)
(5.56809e-11 -1.89033e-09 0)
(1.90279e-11 -1.93831e-09 0)
(4.36792e-15 -1.7136e-14 0)
(6.04824e-15 -2.85598e-14 0)
(3.25918e-14 -5.94718e-14 0)
(6.09835e-14 -1.31711e-13 0)
(1.13063e-13 -2.37215e-13 0)
(2.03279e-13 -4.48557e-13 0)
(3.77661e-13 -8.2353e-13 0)
(6.15044e-13 -1.44849e-12 0)
(1.02429e-12 -2.4921e-12 0)
(1.63597e-12 -4.21643e-12 0)
(2.59222e-12 -6.93701e-12 0)
(3.96141e-12 -1.11387e-11 0)
(5.89474e-12 -1.75048e-11 0)
(8.53569e-12 -2.68244e-11 0)
(1.20106e-11 -4.01111e-11 0)
(1.64002e-11 -5.8514e-11 0)
(2.17688e-11 -8.32676e-11 0)
(2.79992e-11 -1.15602e-10 0)
(3.48787e-11 -1.56495e-10 0)
(4.20728e-11 -2.06579e-10 0)
(4.90182e-11 -2.6592e-10 0)
(5.50588e-11 -3.3376e-10 0)
(5.94864e-11 -4.0847e-10 0)
(6.15583e-11 -4.87455e-10 0)
(6.06118e-11 -5.67189e-10 0)
(5.62946e-11 -6.43525e-10 0)
(4.84366e-11 -7.11921e-10 0)
(3.73357e-11 -7.6796e-10 0)
(2.35815e-11 -8.07735e-10 0)
(8.05689e-12 -8.28399e-10 0)
(1.51196e-15 -4.36788e-15 0)
(1.00796e-14 -1.71359e-14 0)
(1.0584e-14 -3.09115e-14 0)
(2.23439e-14 -4.0656e-14 0)
(4.18318e-14 -1.03151e-13 0)
(7.99674e-14 -1.9051e-13 0)
(1.40783e-13 -3.2827e-13 0)
(2.46118e-13 -5.76908e-13 0)
(4.15293e-13 -1.01538e-12 0)
(6.58892e-13 -1.71628e-12 0)
(1.04865e-12 -2.85094e-12 0)
(1.60993e-12 -4.59107e-12 0)
(2.40507e-12 -7.21286e-12 0)
(3.49807e-12 -1.10822e-11 0)
(4.91917e-12 -1.6605e-11 0)
(6.74902e-12 -2.42836e-11 0)
(8.96711e-12 -3.46474e-11 0)
(1.15603e-11 -4.81801e-11 0)
(1.44235e-11 -6.53435e-11 0)
(1.74438e-11 -8.64213e-11 0)
(2.03482e-11 -1.11422e-10 0)
(2.2891e-11 -1.40063e-10 0)
(2.47753e-11 -1.71664e-10 0)
(2.56512e-11 -2.05101e-10 0)
(2.53075e-11 -2.38903e-10 0)
(2.35175e-11 -2.71305e-10 0)
(2.02586e-11 -3.00353e-10 0)
(1.56183e-11 -3.24188e-10 0)
(9.86523e-12 -3.41107e-10 0)
(3.36804e-12 -3.49897e-10 0)
(-5.03937e-16 2.35178e-15 0)
(1.51205e-15 -5.03998e-15 0)
(-1.67982e-15 -4.36807e-15 0)
(7.55986e-15 -1.67999e-14 0)
(1.74718e-14 -3.39359e-14 0)
(2.93998e-14 -7.02237e-14 0)
(5.47676e-14 -1.37423e-13 0)
(9.25674e-14 -2.54014e-13 0)
(1.56239e-13 -4.02862e-13 0)
(2.6611e-13 -6.89804e-13 0)
(4.23693e-13 -1.15214e-12 0)
(6.46628e-13 -1.85471e-12 0)
(9.67841e-13 -2.95107e-12 0)
(1.41472e-12 -4.52656e-12 0)
(1.99532e-12 -6.80933e-12 0)
(2.74292e-12 -9.96804e-12 0)
(3.66254e-12 -1.42513e-11 0)
(4.71774e-12 -1.98524e-11 0)
(5.90482e-12 -2.69803e-11 0)
(7.15188e-12 -3.57532e-11 0)
(8.35593e-12 -4.6159e-11 0)
(9.40978e-12 -5.81088e-11 0)
(1.02032e-11 -7.13179e-11 0)
(1.05744e-11 -8.53135e-11 0)
(1.04292e-11 -9.94862e-11 0)
(9.71924e-12 -1.13075e-10 0)
(8.37609e-12 -1.25286e-10 0)
(6.45351e-12 -1.35283e-10 0)
(4.08405e-12 -1.42395e-10 0)
(1.39557e-12 -1.4609e-10 0)
(1.17592e-15 -4.36793e-15 0)
(-2.85602e-15 -1.37756e-14 0)
(-1.34403e-15 1.67968e-15 0)
(-1.0079e-15 -6.72004e-15 0)
(9.57577e-15 -1.61279e-14 0)
(1.52878e-14 -2.8224e-14 0)
(2.43597e-14 -5.84633e-14 0)
(2.04963e-14 -7.59362e-14 0)
(6.14874e-14 -1.65647e-13 0)
(1.01303e-13 -2.79886e-13 0)
(1.65311e-13 -4.63341e-13 0)
(2.6443e-13 -7.63386e-13 0)
(3.87237e-13 -1.1854e-12 0)
(5.68004e-13 -1.8248e-12 0)
(8.02363e-13 -2.75249e-12 0)
(1.10073e-12 -4.05146e-12 0)
(1.47772e-12 -5.79999e-12 0)
(1.90511e-12 -8.0962e-12 0)
(2.39466e-12 -1.10217e-11 0)
(2.90453e-12 -1.46233e-11 0)
(3.39492e-12 -1.8916e-11 0)
(3.82987e-12 -2.38508e-11 0)
(4.15528e-12 -2.9304e-11 0)
(4.31623e-12 -3.50872e-11 0)
(4.25608e-12 -4.09695e-11 0)
(3.96813e-12 -4.65982e-11 0)
(3.42634e-12 -5.16519e-11 0)
(2.63523e-12 -5.58149e-11 0)
(1.66621e-12 -5.87798e-11 0)
(5.72204e-13 -6.03082e-11 0)
(3.35996e-16 -6.71986e-15 0)
(-1.0079e-15 3.02371e-15 0)
(-1.84809e-15 -1.27676e-14 0)
(-8.40085e-16 -1.91513e-14 0)
(-9.57558e-15 -7.72807e-15 0)
(3.69592e-15 -2.08314e-14 0)
(6.72055e-16 -2.21759e-14 0)
(1.84796e-14 -4.53594e-14 0)
(2.40238e-14 -7.35833e-14 0)
(3.5952e-14 -1.15919e-13 0)
(7.3415e-14 -1.87151e-13 0)
(9.49195e-14 -3.00046e-13 0)
(1.33896e-13 -4.70061e-13 0)
(2.2495e-13 -7.33147e-13 0)
(3.20878e-13 -1.1098e-12 0)
(4.36965e-13 -1.62724e-12 0)
(5.93876e-13 -2.32813e-12 0)
(7.61875e-13 -3.26657e-12 0)
(9.57929e-13 -4.45802e-12 0)
(1.16608e-12 -5.91759e-12 0)
(1.36398e-12 -7.66848e-12 0)
(1.54021e-12 -9.67976e-12 0)
(1.67108e-12 -1.19031e-11 0)
(1.7356e-12 -1.42809e-11 0)
(1.72468e-12 -1.66803e-11 0)
(1.60237e-12 -1.89997e-11 0)
(1.38633e-12 -2.10802e-11 0)
(1.07385e-12 -2.2778e-11 0)
(6.86947e-13 -2.39879e-11 0)
(2.28479e-13 -2.46246e-11 0)
(8.39936e-16 -6.38394e-15 0)
(-2.35208e-15 -4.70401e-15 0)
(-1.10877e-14 2.01577e-15 0)
(-1.17608e-15 -3.55904e-19 0)
(-7.05593e-15 -1.34409e-15 0)
(7.8958e-15 -2.68823e-15 0)
(-8.0638e-15 -6.72006e-15 0)
(1.00798e-14 -1.1424e-14 0)
(-2.18359e-15 -2.38559e-14 0)
(1.76395e-14 -4.30079e-14 0)
(1.64643e-14 -7.49275e-14 0)
(4.13276e-14 -1.13567e-13 0)
(5.52715e-14 -1.85471e-13 0)
(8.93754e-14 -2.83246e-13 0)
(1.27847e-13 -4.29069e-13 0)
(1.69847e-13 -6.40076e-13 0)
(2.35534e-13 -9.27354e-13 0)
(3.05086e-13 -1.29897e-12 0)
(3.76989e-13 -1.77608e-12 0)
(4.66533e-13 -2.36509e-12 0)
(5.48684e-13 -3.07236e-12 0)
(6.12188e-13 -3.88615e-12 0)
(6.6746e-13 -4.78528e-12 0)
(7.02235e-13 -5.74321e-12 0)
(6.83084e-13 -6.71861e-12 0)
(6.46123e-13 -7.6547e-12 0)
(5.57252e-13 -8.49402e-12 0)
(4.18821e-13 -9.19122e-12 0)
(2.7199e-13 -9.68312e-12 0)
(9.08874e-14 -9.93679e-12 0)
(1.0079e-15 -6.04786e-15 0)
(-1.44476e-14 -1.00791e-15 0)
(-2.52007e-15 -8.39982e-15 0)
(-4.03195e-15 -1.37756e-14 0)
(-5.2079e-15 -7.39187e-15 0)
(-5.03984e-16 -7.72774e-15 0)
(6.71844e-16 -8.39977e-15 0)
(-6.88779e-15 -6.04798e-15 0)
(1.42796e-14 -1.27679e-14 0)
(-2.18382e-15 -2.08318e-14 0)
(1.56237e-14 -3.15837e-14 0)
(1.32718e-14 -4.43517e-14 0)
(2.1168e-14 -6.51837e-14 0)
(3.27598e-14 -1.09199e-13 0)
(4.61998e-14 -1.68671e-13 0)
(6.80395e-14 -2.49646e-13 0)
(8.78635e-14 -3.5683e-13 0)
(1.19615e-13 -5.11053e-13 0)
(1.45151e-13 -7.04923e-13 0)
(1.87487e-13 -9.40793e-13 0)
(2.09831e-13 -1.21698e-12 0)
(2.43766e-13 -1.54089e-12 0)
(2.68294e-13 -1.90611e-12 0)
(2.72998e-13 -2.28949e-12 0)
(2.83246e-13 -2.67891e-12 0)
(2.50655e-13 -3.05758e-12 0)
(2.23942e-13 -3.40198e-12 0)
(1.62119e-13 -3.66238e-12 0)
(1.07687e-13 -3.87002e-12 0)
(3.59517e-14 -3.97788e-12 0)
(6.7191e-16 6.71969e-15 0)
(-7.22384e-15 -1.27677e-14 0)
(-2.18406e-15 1.00781e-15 0)
(-2.01602e-15 3.02385e-15 0)
(-3.5279e-15 -2.35199e-15 0)
(-8.40088e-16 6.38371e-15 0)
(-2.1839e-15 2.35189e-15 0)
(-4.87191e-15 -3.36001e-15 0)
(3.59836e-20 -3.36001e-15 0)
(-2.18385e-15 -2.35201e-15 0)
(5.5439e-15 -6.72018e-15 0)
(-1.17576e-15 -1.3776e-14 0)
(1.24317e-14 -2.51998e-14 0)
(1.69678e-14 -3.96477e-14 0)
(1.84799e-14 -6.92153e-14 0)
(2.28479e-14 -9.54234e-14 0)
(3.35998e-14 -1.40111e-13 0)
(5.07355e-14 -1.97567e-13 0)
(5.22478e-14 -2.69806e-13 0)
(7.05597e-14 -3.66237e-13 0)
(9.2567e-14 -4.79805e-13 0)
(9.22314e-14 -6.1118e-13 0)
(1.06847e-13 -7.45579e-13 0)
(1.07015e-13 -9.01482e-13 0)
(1.03655e-13 -1.051e-12 0)
(1.07687e-13 -1.20086e-12 0)
(8.13116e-14 -1.33022e-12 0)
(6.61916e-14 -1.45252e-12 0)
(5.19113e-14 -1.52946e-12 0)
(1.39439e-14 -1.56642e-12 0)
(-1.00793e-15 -1.00791e-15 0)
(2.68772e-15 6.04787e-15 0)
(4.20009e-15 -3.35992e-15 0)
(-1.68001e-15 3.35826e-16 0)
(6.71839e-16 -7.05575e-15 0)
(-8.73562e-15 1.00791e-15 0)
(4.03172e-15 -1.00788e-15 0)
(3.02402e-15 -4.03193e-15 0)
(-1.17601e-15 -3.69597e-15 0)
(5.20778e-15 -3.36064e-16 0)
(1.17599e-15 -2.68788e-15 0)
(-4.19987e-15 -5.0399e-15 0)
(3.86396e-15 -4.03217e-15 0)
(-1.00783e-15 -1.94876e-14 0)
(5.37592e-15 -1.00804e-14 0)
(1.10878e-14 -3.56157e-14 0)
(9.24008e-15 -5.64474e-14 0)
(1.6968e-14 -7.39196e-14 0)
(2.43596e-14 -1.03823e-13 0)
(3.22556e-14 -1.42463e-13 0)
(3.81358e-14 -1.80431e-13 0)
(3.09119e-14 -2.29486e-13 0)
(3.5952e-14 -2.91646e-13 0)
(5.34232e-14 -3.46078e-13 0)
(3.27601e-14 -4.20333e-13 0)
(4.87192e-14 -4.60653e-13 0)
(2.85601e-14 -5.26172e-13 0)
(3.37675e-14 -5.62124e-13 0)
(9.24033e-15 -5.98076e-13 0)
(8.90369e-15 -6.13867e-13 0)
(-6.72008e-16 -2.35217e-15 0)
(-7.55971e-15 -2.6881e-15 0)
(1.17586e-15 -1.07518e-14 0)
(-1.68001e-15 3.36087e-16 0)
(-5.0397e-15 4.70377e-15 0)
(5.87962e-15 -3.35873e-16 0)
(-6.55171e-15 -3.36074e-16 0)
(4.70373e-15 3.35902e-16 0)
(-4.87174e-15 -3.02383e-15 0)
(2.68791e-15 -3.69584e-15 0)
(-1.17598e-15 3.36003e-16 0)
(1.00798e-15 -3.69605e-15 0)
(-2.01593e-15 -8.73567e-15 0)
(4.70385e-15 3.02354e-15 0)
(5.04077e-16 -1.88154e-14 0)
(-5.03905e-16 -1.0752e-14 0)
(4.19976e-15 -1.6128e-14 0)
(1.49517e-14 -2.72159e-14 0)
(-2.51965e-15 -3.52798e-14 0)
(1.26e-14 -5.07358e-14 0)
(1.61278e-14 -7.49273e-14 0)
(1.2096e-14 -8.19838e-14 0)
(2.45274e-14 -1.14239e-13 0)
(1.15922e-14 -1.29359e-13 0)
(2.04956e-14 -1.49183e-13 0)
(1.00804e-14 -1.77407e-13 0)
(2.06636e-14 -1.98575e-13 0)
(7.05611e-15 -2.1739e-13 0)
(8.90393e-15 -2.24447e-13 0)
(-3.02377e-15 -2.36542e-13 0)
(1.67986e-15 -3.35968e-15 0)
(-5.37591e-15 -6.71872e-16 0)
(-6.21582e-15 -2.35187e-15 0)
(1.17585e-15 2.01584e-15 0)
(-2.18395e-15 -3.35993e-15 0)
(1.51191e-15 6.7193e-16 0)
(-8.73586e-15 1.00802e-15 0)
(-3.86388e-15 -3.02383e-15 0)
(1.31036e-14 4.03167e-15 0)
(-1.15917e-14 5.0398e-15 0)
(8.23181e-15 1.67984e-15 0)
(1.00798e-15 -3.35991e-15 0)
(-1.67991e-16 -3.35997e-15 0)
(3.52794e-15 -1.04155e-14 0)
(2.85595e-15 4.70394e-15 0)
(-1.05838e-14 -3.69611e-15 0)
(-3.35967e-15 -9.74395e-15 0)
(4.53576e-15 -1.07518e-14 0)
(3.19192e-15 -1.41118e-14 0)
(9.23982e-15 -2.04959e-14 0)
(1.17617e-15 -2.92318e-14 0)
(6.38375e-15 -3.86395e-14 0)
(-3.19159e-15 -3.69599e-14 0)
(1.20956e-14 -5.37595e-14 0)
(4.20019e-15 -5.87995e-14 0)
(1.17597e-14 -6.08155e-14 0)
(1.2096e-14 -6.98879e-14 0)
(2.01613e-15 -8.16475e-14 0)
(1.99913e-14 -9.07192e-14 0)
(1.84796e-15 -9.34071e-14 0)
(1.00795e-15 6.7178e-16 0)
(-2.85604e-15 1.14235e-14 0)
(-2.35193e-15 -3.35883e-16 0)
(-4.87184e-15 -1.67998e-15 0)
(3.19195e-15 -5.03981e-15 0)
(-8.76437e-20 1.68002e-15 0)
(-8.7357e-15 3.35978e-15 0)
(-2.85604e-15 -6.04797e-15 0)
(1.67997e-15 -4.03182e-15 0)
(-2.18392e-15 -1.31036e-14 0)
(3.69593e-15 -7.72782e-15 0)
(-2.01591e-15 -1.34441e-19 0)
(-2.18403e-15 -2.35198e-15 0)
(-1.17597e-14 1.17595e-14 0)
(1.51195e-14 6.71953e-15 0)
(-8.39966e-15 -9.74364e-15 0)
(1.19274e-14 -7.72794e-15 0)
(-4.70362e-15 -5.71206e-15 0)
(-1.84785e-15 -4.36802e-15 0)
(9.74367e-15 -7.39196e-15 0)
(5.87983e-15 -1.54557e-14 0)
(-1.25995e-14 -1.0416e-14 0)
(6.38377e-15 -1.98239e-14 0)
(2.01613e-15 -3.09113e-14 0)
(7.05567e-15 -1.37762e-14 0)
(2.85617e-15 -2.0496e-14 0)
(9.2398e-15 -3.35994e-14 0)
(-1.17595e-15 -3.35997e-14 0)
(-1.17564e-15 -2.38562e-14 0)
(3.35965e-16 -2.6208e-14 0)
(1.84788e-15 -4.0318e-15 0)
(-1.12556e-14 -6.04764e-15 0)
(1.37756e-14 4.0316e-15 0)
(-2.51985e-15 -4.70377e-15 0)
(6.71976e-15 -3.02403e-15 0)
(-3.36118e-16 -1.34415e-15 0)
(-4.70392e-15 -2.68791e-15 0)
(-4.87188e-15 -7.3919e-15 0)
(1.6792e-16 1.67983e-15 0)
(-3.35995e-16 -4.06048e-19 0)
(7.22376e-15 5.12191e-20 0)
(-2.18389e-15 -4.03196e-15 0)
(1.6805e-16 2.01582e-15 0)
(-5.71182e-15 -3.02392e-14 0)
(-6.21585e-15 -1.14236e-14 0)
(3.86374e-15 3.0237e-15 0)
(-6.04759e-15 -1.04156e-14 0)
(5.03956e-15 -3.69603e-15 0)
(-3.35887e-16 -6.71993e-15 0)
(-1.84769e-15 -4.36789e-15 0)
(7.22366e-15 5.0396e-15 0)
(-3.36017e-16 -7.72788e-15 0)
(-1.17582e-15 6.71965e-16 0)
(6.71978e-15 1.67947e-15 0)
(1.68217e-16 -1.47835e-14 0)
(8.90378e-15 -4.7041e-15 0)
(4.87202e-15 -8.06401e-15 0)
(-5.03968e-16 -1.10879e-14 0)
(1.67863e-16 -1.04159e-14 0)
(-1.17592e-15 -9.4078e-15 0)
(3.35983e-15 -3.36001e-15 0)
(-5.37585e-15 -2.01604e-15 0)
(-1.68003e-15 -5.37559e-15 0)
(6.71857e-16 8.73549e-15 0)
(-8.39987e-15 -3.02391e-15 0)
(-8.39956e-15 -4.36789e-15 0)
(-8.40169e-16 -6.72001e-15 0)
(6.71901e-16 -1.07516e-14 0)
(-6.8878e-15 -3.69612e-15 0)
(2.51998e-15 -1.27675e-14 0)
(-3.19188e-15 -3.02424e-15 0)
(2.85582e-15 -6.71969e-15 0)
(3.35997e-15 -1.34412e-15 0)
(6.21565e-15 9.40786e-15 0)
(-8.23162e-15 5.03952e-15 0)
(-2.85596e-15 -6.04783e-15 0)
(3.19177e-15 3.02371e-15 0)
(1.68028e-15 -3.69587e-15 0)
(5.71174e-15 -3.69599e-15 0)
(-8.40132e-16 -5.03975e-15 0)
(1.68245e-16 -1.00796e-15 0)
(6.71977e-16 -1.17597e-14 0)
(-6.71949e-16 -1.00798e-14 0)
(1.29357e-14 -1.10876e-14 0)
(1.67995e-15 -9.74391e-15 0)
(5.54389e-15 -2.35193e-15 0)
(1.84805e-15 3.35856e-16 0)
(2.51995e-15 -1.00809e-15 0)
(8.4011e-16 -4.36777e-15 0)
(-6.71974e-16 1.00788e-15 0)
(2.01599e-15 -3.35996e-15 0)
(4.19967e-15 -3.3599e-15 0)
(-1.67994e-14 1.34371e-15 0)
(1.00787e-15 -7.39154e-15 0)
(-3.52795e-15 -2.01607e-15 0)
(1.00777e-15 -1.37757e-14 0)
(-4.03199e-15 -1.10877e-14 0)
(-1.84788e-15 -3.36298e-16 0)
(-5.71196e-15 -8.06383e-15 0)
(3.35997e-15 -4.70411e-15 0)
(-1.84798e-15 -6.71972e-15 0)
(1.68008e-15 -1.67999e-15 0)
(-8.4012e-16 -4.36781e-15 0)
(-5.71163e-15 -7.39206e-15 0)
(1.14235e-14 -1.37754e-14 0)
(-1.00796e-14 -3.02404e-15 0)
(1.34392e-15 -2.01592e-15 0)
(5.71168e-15 -3.36066e-16 0)
(1.68285e-16 -2.68796e-15 0)
(-3.69589e-15 -3.36294e-16 0)
(1.10878e-14 -1.00801e-15 0)
(1.67996e-15 2.01583e-15 0)
(5.0399e-15 8.73561e-15 0)
(-6.71793e-16 4.3677e-15 0)
(3.36051e-16 -4.36789e-15 0)
(-2.85583e-15 -6.3839e-15 0)
(8.06386e-15 -8.39974e-15 0)
(-3.36007e-16 -6.04776e-15 0)
(6.21578e-15 7.39171e-15 0)
(3.36004e-16 -2.01597e-15 0)
(1.51195e-15 -3.35992e-15 0)
(-6.04795e-15 1.67985e-15 0)
(-7.22385e-15 -6.71893e-16 0)
(5.03782e-16 -3.3608e-16 0)
(-1.09196e-14 1.00781e-15 0)
(4.1998e-15 -1.34413e-15 0)
(-1.07518e-14 -2.352e-15 0)
(3.35984e-15 -3.35996e-15 0)
(-3.69586e-15 -8.73572e-15 0)
(1.00799e-15 -3.35992e-15 0)
(-1.67999e-15 -1.34406e-15 0)
(3.35986e-15 2.68783e-15 0)
(-2.51978e-15 4.03171e-15 0)
(1.05835e-14 6.72111e-16 0)
(-8.56766e-15 2.35183e-15 0)
(3.1918e-15 -1.34389e-15 0)
(-5.71175e-15 3.36046e-16 0)
(1.98973e-19 -1.34388e-15 0)
(7.55961e-15 1.34399e-15 0)
(1.34388e-15 5.79298e-20 0)
(4.36806e-15 3.35988e-16 0)
(-3.35951e-16 -6.71872e-16 0)
(1.51204e-15 -6.71922e-16 0)
(5.71183e-15 1.22525e-19 0)
(2.01596e-15 4.70373e-15 0)
(6.38397e-15 6.71883e-16 0)
(1.37755e-14 1.00789e-15 0)
(-1.24314e-14 2.68781e-15 0)
(5.87976e-15 4.70373e-15 0)
(-5.03948e-16 1.0079e-15 0)
(5.03939e-16 -2.01596e-15 0)
(-1.00798e-14 6.72086e-16 0)
(-3.36009e-15 2.01584e-15 0)
(-3.69591e-15 6.71932e-16 0)
(-2.18409e-15 -1.07515e-14 0)
(-5.37585e-15 -5.03979e-15 0)
(-6.55186e-15 7.0557e-15 0)
(3.35988e-15 -6.71951e-16 0)
(8.73584e-15 6.38379e-15 0)
(-3.36002e-15 3.02382e-15 0)
(-3.35981e-15 -2.01586e-15 0)
(4.87196e-15 4.03189e-15 0)
(-1.68102e-16 -1.07514e-14 0)
(-1.15917e-14 5.37555e-15 0)
(4.70374e-15 9.07172e-15 0)
(2.68802e-15 3.02395e-15 0)
(1.67989e-15 3.69577e-15 0)
(1.67998e-15 2.35201e-15 0)
(1.68001e-15 3.69584e-15 0)
(-4.03182e-15 -1.6799e-15 0)
(4.03187e-15 -6.71904e-16 0)
(-1.00788e-15 3.69568e-15 0)
(5.03983e-15 -8.39972e-15 0)
(2.184e-15 2.35176e-15 0)
(-3.3584e-16 -7.72766e-15 0)
(8.39962e-15 -6.04792e-15 0)
(-4.87152e-15 -2.35195e-15 0)
(3.35843e-16 -2.68794e-15 0)
(2.18393e-15 -8.73555e-15 0)
(-1.67983e-15 -7.72779e-15 0)
(-3.02389e-15 2.35192e-15 0)
(-6.04798e-15 3.02372e-15 0)
(-2.85591e-15 -5.71172e-15 0)
(-5.2079e-15 3.35982e-16 0)
(-2.51998e-15 6.71958e-15 0)
(-2.52009e-15 5.03982e-15 0)
(-4.53597e-15 -6.38371e-15 0)
(-2.51993e-15 -3.0239e-15 0)
(2.18393e-15 -5.03988e-15 0)
(3.192e-15 8.40006e-15 0)
(6.38378e-15 8.39972e-15 0)
(2.85589e-15 -3.0238e-15 0)
(-2.51987e-15 8.39959e-15 0)
(-8.39982e-15 -3.69562e-15 0)
(-6.21583e-15 -6.38382e-15 0)
(3.02402e-15 2.688e-15 0)
(1.34384e-15 9.74401e-15 0)
(2.35195e-15 6.04776e-15 0)
(1.00809e-15 2.01607e-15 0)
(-1.00798e-15 -6.71862e-16 0)
(2.51991e-15 3.69585e-15 0)
(1.51189e-15 -4.70371e-15 0)
(-2.18384e-15 3.35977e-15 0)
(4.19993e-15 -3.02387e-15 0)
(-1.00788e-15 5.03961e-15 0)
(1.17608e-15 -8.73564e-15 0)
(1.05836e-14 4.70373e-15 0)
(-3.35978e-16 -6.04776e-15 0)
(-5.03858e-16 4.0315e-15 0)
(8.39967e-15 -1.10874e-14 0)
(1.67936e-16 -1.344e-15 0)
(-1.5119e-15 -6.71983e-15 0)
(-1.5121e-15 6.72e-16 0)
(-2.01604e-15 1.00791e-15 0)
(-3.69601e-15 -7.72758e-15 0)
(-9.23976e-15 1.00798e-14 0)
(-8.40033e-16 1.31035e-14 0)
(1.67977e-16 -1.67986e-15 0)
(3.35977e-16 1.31037e-14 0)
(6.72148e-16 3.35833e-16 0)
(1.17596e-15 -3.35994e-15 0)
(-2.85595e-15 2.35183e-15 0)
(-5.03973e-16 -7.05579e-15 0)
(2.8558e-15 2.35172e-15 0)
(-4.53592e-15 -3.0238e-15 0)
(5.20786e-15 1.00791e-15 0)
(-8.39905e-16 -4.03186e-15 0)
(2.51999e-15 3.02403e-15 0)
(1.67993e-15 6.72019e-16 0)
(-1.84802e-15 5.71171e-15 0)
(-5.03883e-16 3.35997e-15 0)
(-1.34397e-15 3.69586e-15 0)
(-3.39108e-20 -1.41116e-14 0)
(4.70393e-15 -5.37593e-15 0)
(3.1919e-15 -9.74356e-15 0)
(6.38389e-15 -2.25417e-19 0)
(-1.67979e-15 -1.00796e-15 0)
(-1.67993e-15 -1.5819e-19 0)
(5.0389e-16 -1.61273e-14 0)
(-4.03181e-15 3.35965e-15 0)
(1.34391e-15 2.01596e-15 0)
(-3.02383e-15 -9.74361e-15 0)
(-3.52801e-15 -5.21386e-20 0)
(-6.38364e-15 1.34393e-15 0)
(-1.51207e-15 -1.34404e-15 0)
(-3.86388e-15 -1.67993e-15 0)
(-3.19185e-15 -9.07146e-15 0)
(-1.67988e-15 1.00784e-15 0)
(-8.39929e-16 -1.17596e-14 0)
(6.71971e-15 1.34402e-15 0)
(6.36414e-20 -1.67972e-15 0)
(2.0159e-15 4.03189e-15 0)
(-5.71192e-15 -1.00781e-15 0)
(-4.03187e-15 -3.35829e-16 0)
(6.88759e-15 6.7185e-16 0)
(-3.36002e-15 3.36046e-16 0)
(-1.68002e-15 1.88154e-14 0)
(8.06367e-15 1.67993e-15 0)
(-3.69597e-15 -1.00797e-15 0)
(-1.51189e-15 1.34409e-15 0)
(2.51991e-15 2.68791e-15 0)
(-2.68795e-15 3.35932e-16 0)
(1.6802e-15 3.0239e-15 0)
(8.39935e-16 5.37588e-15 0)
(-1.00786e-15 4.36767e-15 0)
(8.06348e-15 -3.35975e-15 0)
(1.84795e-15 -2.01588e-15 0)
(-1.67995e-15 3.32792e-20 0)
(-5.20766e-15 8.73557e-15 0)
(-1.008e-15 -3.02379e-15 0)
)
;

boundaryField
{
    outerWall
    {
        type            noSlip;
    }
    axis
    {
        type            symmetryPlane;
    }
    nozzle
    {
        type            zeroGradient;
    }
    back
    {
        type            empty;
    }
    front
    {
        type            empty;
    }
}


// ************************************************************************* //
