/*--------------------------------*- C++ -*----------------------------------*\
| =========                 |                                                 |
| \\      /  F ield         | OpenFOAM: The Open Source CFD Toolbox           |
|  \\    /   O peration     | Version:  2412                                  |
|   \\  /    A nd           | Website:  www.openfoam.com                      |
|    \\/     M anipulation  |                                                 |
\*---------------------------------------------------------------------------*/
FoamFile
{
    version     2.0;
    format      ascii;
    arch        "LSB;label=32;scalar=64";
    class       volScalarField;
    location    "9.5e-05";
    object      p;
}
// * * * * * * * * * * * * * * * * * * * * * * * * * * * * * * * * * * * * * //

dimensions      [1 -1 -2 0 0 0 0];

internalField   nonuniform List<scalar> 
3725
(
9.82961e+06
9.79149e+06
9.71312e+06
9.59127e+06
9.4236e+06
9.21115e+06
8.96067e+06
8.68588e+06
8.40664e+06
8.14546e+06
7.9228e+06
7.75299e+06
7.6418e+06
7.58599e+06
7.57537e+06
7.59712e+06
7.63857e+06
7.68911e+06
7.74145e+06
7.79117e+06
7.83639e+06
7.87646e+06
7.91109e+06
7.93973e+06
7.96306e+06
7.98196e+06
7.99683e+06
8.00778e+06
8.01499e+06
8.01857e+06
9.82397e+06
9.78541e+06
9.70633e+06
9.58389e+06
9.41629e+06
9.20518e+06
8.95782e+06
8.68813e+06
8.41555e+06
8.1615e+06
7.9451e+06
7.77939e+06
7.66929e+06
7.61153e+06
7.59651e+06
7.61257e+06
7.64814e+06
7.69331e+06
7.74151e+06
7.78845e+06
7.83189e+06
7.87086e+06
7.90485e+06
7.93337e+06
7.95711e+06
7.97627e+06
7.9913e+06
8.00239e+06
8.00969e+06
8.01331e+06
9.81283e+06
9.77342e+06
9.69299e+06
9.56943e+06
9.40198e+06
9.19349e+06
8.95223e+06
8.69244e+06
8.4327e+06
8.19242e+06
7.98812e+06
7.83044e+06
7.72271e+06
7.66147e+06
7.63809e+06
7.64368e+06
7.66787e+06
7.70315e+06
7.74351e+06
7.78494e+06
7.82455e+06
7.86109e+06
7.8936e+06
7.92174e+06
7.94566e+06
7.96516e+06
7.98045e+06
7.99173e+06
7.99916e+06
8.00284e+06
9.79651e+06
9.75587e+06
9.67352e+06
9.54842e+06
9.38128e+06
9.17664e+06
8.94416e+06
8.69847e+06
8.45686e+06
8.23601e+06
8.04891e+06
7.90286e+06
7.79904e+06
7.73382e+06
7.70086e+06
7.69222e+06
7.70099e+06
7.72229e+06
7.75108e+06
7.78405e+06
7.81769e+06
7.8502e+06
7.8801e+06
7.90714e+06
7.9304e+06
7.94977e+06
7.96504e+06
7.97634e+06
7.98379e+06
7.9875e+06
9.77542e+06
9.73327e+06
9.64858e+06
9.52163e+06
9.35503e+06
9.15536e+06
8.93396e+06
8.70574e+06
8.4864e+06
8.28934e+06
8.12345e+06
7.99212e+06
7.89407e+06
7.82532e+06
7.78174e+06
7.75722e+06
7.74919e+06
7.75432e+06
7.76946e+06
7.79079e+06
7.81588e+06
7.84239e+06
7.86793e+06
7.89225e+06
7.91384e+06
7.93203e+06
7.94657e+06
7.95746e+06
7.9647e+06
7.96831e+06
9.75011e+06
9.70625e+06
9.61895e+06
9.49003e+06
9.32426e+06
9.13057e+06
8.92203e+06
8.7137e+06
8.51942e+06
8.34909e+06
8.20716e+06
8.09298e+06
8.00273e+06
7.93208e+06
7.87821e+06
7.83919e+06
7.81489e+06
7.80293e+06
7.80209e+06
7.81015e+06
7.82441e+06
7.84207e+06
7.86177e+06
7.88125e+06
7.89918e+06
7.91482e+06
7.92769e+06
7.93753e+06
7.94415e+06
7.94748e+06
9.72122e+06
9.67555e+06
9.58551e+06
9.45467e+06
9.29012e+06
9.10328e+06
8.90885e+06
8.72183e+06
8.55408e+06
8.41187e+06
8.29533e+06
8.19991e+06
8.1195e+06
8.04947e+06
7.98837e+06
7.93794e+06
7.89784e+06
7.8701e+06
7.85341e+06
7.84689e+06
7.84799e+06
7.8553e+06
7.86648e+06
7.87863e+06
7.89108e+06
7.90275e+06
7.91282e+06
7.92076e+06
7.92622e+06
7.92899e+06
9.68945e+06
9.64196e+06
9.54923e+06
9.41667e+06
9.25382e+06
9.07451e+06
8.89489e+06
8.72968e+06
8.58865e+06
8.47459e+06
8.38357e+06
8.30766e+06
8.23886e+06
8.17239e+06
8.10784e+06
8.048e+06
7.99655e+06
7.95485e+06
7.92383e+06
7.90308e+06
7.89191e+06
7.88688e+06
7.88633e+06
7.88976e+06
7.89531e+06
7.90163e+06
7.90771e+06
7.91282e+06
7.91647e+06
7.91836e+06
9.65557e+06
9.60632e+06
9.51109e+06
9.37716e+06
9.2165e+06
9.04522e+06
8.88061e+06
8.7369e+06
8.62175e+06
8.53464e+06
8.46816e+06
8.41163e+06
8.35572e+06
8.29569e+06
8.23188e+06
8.16792e+06
8.10818e+06
8.05606e+06
8.01332e+06
7.97966e+06
7.95453e+06
7.93697e+06
7.92592e+06
7.91994e+06
7.91752e+06
7.91737e+06
7.91842e+06
7.91986e+06
7.92111e+06
7.92181e+06
9.62034e+06
9.56948e+06
9.47205e+06
9.33719e+06
9.17924e+06
9.0163e+06
8.86648e+06
8.74332e+06
8.65234e+06
8.59009e+06
8.54626e+06
8.50819e+06
8.4658e+06
8.41459e+06
8.35541e+06
8.29219e+06
8.22943e+06
8.17083e+06
8.11883e+06
8.07462e+06
8.03849e+06
8.01005e+06
7.98858e+06
7.97302e+06
7.96219e+06
7.95496e+06
7.95034e+06
7.94752e+06
7.94594e+06
7.94522e+06
9.58453e+06
9.53226e+06
9.433e+06
9.29774e+06
9.14296e+06
8.98848e+06
8.85289e+06
8.74884e+06
8.67978e+06
8.63969e+06
8.61601e+06
8.59482e+06
8.56589e+06
8.52512e+06
8.47366e+06
8.41534e+06
8.35435e+06
8.29424e+06
8.23775e+06
8.18679e+06
8.14245e+06
8.1051e+06
8.07456e+06
8.05028e+06
8.03146e+06
8.01726e+06
8.00689e+06
7.99966e+06
7.99508e+06
7.99282e+06
9.54889e+06
9.49544e+06
9.39479e+06
9.25964e+06
9.10844e+06
8.96235e+06
8.84017e+06
8.75349e+06
8.70379e+06
8.68284e+06
8.67645e+06
8.67011e+06
8.65394e+06
8.62435e+06
8.58267e+06
8.53235e+06
8.47698e+06
8.41974e+06
8.36332e+06
8.30992e+06
8.26115e+06
8.21799e+06
8.18087e+06
8.14974e+06
8.12431e+06
8.10407e+06
8.08852e+06
8.07719e+06
8.06976e+06
8.06599e+06
9.51414e+06
9.45975e+06
9.35814e+06
9.2236e+06
9.07627e+06
8.93835e+06
8.82858e+06
8.75737e+06
8.72434e+06
8.71946e+06
8.72741e+06
8.73368e+06
8.72903e+06
8.71056e+06
8.67964e+06
8.63922e+06
8.5922e+06
8.5412e+06
8.48868e+06
8.43688e+06
8.38762e+06
8.34228e+06
8.30171e+06
8.26639e+06
8.23644e+06
8.21177e+06
8.1922e+06
8.1775e+06
8.16765e+06
8.16249e+06
9.48094e+06
9.42586e+06
9.32369e+06
9.19018e+06
9.04689e+06
8.91677e+06
8.81827e+06
8.76058e+06
8.74163e+06
8.74986e+06
8.76933e+06
8.78592e+06
8.79124e+06
8.78311e+06
8.76298e+06
8.73323e+06
8.69606e+06
8.65353e+06
8.60775e+06
8.56078e+06
8.51448e+06
8.47036e+06
8.42959e+06
8.39297e+06
8.36098e+06
8.33386e+06
8.31175e+06
8.29468e+06
8.28297e+06
8.27657e+06
9.44991e+06
9.39434e+06
9.29198e+06
9.15982e+06
9.0206e+06
8.89777e+06
8.80934e+06
8.76326e+06
8.75593e+06
8.77461e+06
8.80306e+06
8.82777e+06
8.84137e+06
8.84238e+06
8.83228e+06
8.81301e+06
8.78612e+06
8.75314e+06
8.71579e+06
8.67587e+06
8.63508e+06
8.59495e+06
8.55673e+06
8.52142e+06
8.48975e+06
8.46218e+06
8.43907e+06
8.42061e+06
8.40756e+06
8.39988e+06
9.42157e+06
9.36572e+06
9.26345e+06
9.13284e+06
8.99758e+06
8.8814e+06
8.80179e+06
8.76551e+06
8.7676e+06
8.7944e+06
8.82963e+06
8.86052e+06
8.88071e+06
8.88941e+06
8.88813e+06
8.87842e+06
8.86135e+06
8.83801e+06
8.80973e+06
8.77799e+06
8.74428e+06
8.70998e+06
8.67632e+06
8.64435e+06
8.61487e+06
8.58848e+06
8.56562e+06
8.5465e+06
8.53229e+06
8.52299e+06
9.39642e+06
9.34043e+06
9.23846e+06
9.10948e+06
8.97792e+06
8.86765e+06
8.79558e+06
8.76739e+06
8.77698e+06
8.80994e+06
8.85014e+06
8.88556e+06
8.91082e+06
8.92569e+06
8.93177e+06
8.9303e+06
8.92201e+06
8.90764e+06
8.88819e+06
8.86483e+06
8.83878e+06
8.81124e+06
8.78329e+06
8.75592e+06
8.72987e+06
8.7057e+06
8.68385e+06
8.6643e+06
8.64834e+06
8.63549e+06
9.37485e+06
9.31882e+06
9.21727e+06
9.08987e+06
8.96162e+06
8.85642e+06
8.79063e+06
8.76897e+06
8.78437e+06
8.8219e+06
8.86564e+06
8.90427e+06
8.93326e+06
8.95291e+06
8.96486e+06
8.97015e+06
8.96927e+06
8.96271e+06
8.95124e+06
8.93574e+06
8.91717e+06
8.8965e+06
8.87462e+06
8.85235e+06
8.83029e+06
8.8088e+06
8.78812e+06
8.76806e+06
8.75177e+06
8.73987e+06
9.3572e+06
9.30121e+06
9.2001e+06
9.07412e+06
8.94867e+06
8.84763e+06
8.78685e+06
8.77026e+06
8.79003e+06
8.83086e+06
8.87703e+06
8.91787e+06
8.94955e+06
8.97275e+06
8.98918e+06
8.99978e+06
9.00486e+06
9.00477e+06
9.00007e+06
8.99145e+06
8.97963e+06
8.96534e+06
8.94928e+06
8.93202e+06
8.91391e+06
8.89489e+06
8.87415e+06
8.84883e+06
8.8168e+06
8.78277e+06
9.34374e+06
9.28781e+06
9.1871e+06
9.06228e+06
8.93903e+06
8.84116e+06
8.78413e+06
8.77128e+06
8.79417e+06
8.83727e+06
8.88507e+06
8.9274e+06
8.96095e+06
8.98673e+06
9.00648e+06
9.02107e+06
9.03074e+06
9.03575e+06
9.03653e+06
9.0336e+06
9.02749e+06
9.01873e+06
9.00782e+06
8.99508e+06
8.98063e+06
8.9642e+06
8.94494e+06
8.92224e+06
8.89348e+06
8.85915e+06
9.33557e+06
9.27969e+06
9.17926e+06
9.05518e+06
8.93328e+06
8.83735e+06
8.78259e+06
8.77194e+06
8.79667e+06
8.8411e+06
8.88985e+06
8.93307e+06
8.96779e+06
8.9952e+06
9.01709e+06
9.03431e+06
9.04706e+06
9.05555e+06
9.06015e+06
9.06126e+06
9.0593e+06
9.05464e+06
9.0476e+06
9.03828e+06
9.0264e+06
9.01096e+06
8.98823e+06
8.95594e+06
8.88283e+06
8.76148e+06
9.33119e+06
9.27534e+06
9.17506e+06
9.0514e+06
8.93024e+06
8.83536e+06
8.78181e+06
8.77237e+06
8.7981e+06
8.84327e+06
8.89259e+06
8.9364e+06
8.97191e+06
9.00041e+06
9.02374e+06
9.04274e+06
9.0576e+06
9.06852e+06
9.07581e+06
9.07982e+06
9.08087e+06
9.07923e+06
9.0751e+06
9.06845e+06
9.05882e+06
9.04507e+06
9.0241e+06
8.99493e+06
8.92849e+06
8.83245e+06
9.32973e+06
9.27389e+06
9.17367e+06
9.05015e+06
8.92926e+06
8.83474e+06
8.78164e+06
8.77265e+06
8.79879e+06
8.84433e+06
8.89402e+06
8.93828e+06
8.97439e+06
9.00372e+06
9.02813e+06
9.04846e+06
9.06492e+06
9.0777e+06
9.08707e+06
9.09335e+06
9.09679e+06
9.0976e+06
9.09588e+06
9.09149e+06
9.0838e+06
9.07128e+06
9.04906e+06
9.01336e+06
8.92633e+06
8.81757e+06
9.3312e+06
9.27536e+06
9.17509e+06
9.05145e+06
8.93033e+06
8.83551e+06
8.78207e+06
8.7728e+06
8.79879e+06
8.84436e+06
8.89427e+06
8.93889e+06
8.97551e+06
9.00549e+06
9.03071e+06
9.05205e+06
9.06972e+06
9.08391e+06
9.0949e+06
9.10294e+06
9.10828e+06
9.11106e+06
9.11133e+06
9.10889e+06
9.10311e+06
9.09259e+06
9.07389e+06
9.04552e+06
8.97711e+06
8.874e+06
9.3356e+06
9.27973e+06
9.17932e+06
9.05529e+06
8.93348e+06
8.83768e+06
8.78315e+06
8.77287e+06
8.79816e+06
8.84344e+06
8.89342e+06
8.93838e+06
8.97546e+06
9.00597e+06
9.03181e+06
9.05391e+06
9.0725e+06
9.08776e+06
9.09997e+06
9.10937e+06
9.11618e+06
9.12052e+06
9.1224e+06
9.12163e+06
9.11761e+06
9.10895e+06
9.0914e+06
9.062e+06
8.98707e+06
8.85275e+06
8.46739e+06
8.38161e+06
8.19406e+06
7.95935e+06
7.67809e+06
7.34914e+06
6.97459e+06
6.55878e+06
6.10838e+06
5.63216e+06
5.14041e+06
4.64412e+06
4.15401e+06
3.67961e+06
3.22849e+06
2.80572e+06
2.41379e+06
2.05275e+06
1.72068e+06
1.41419e+06
1.12939e+06
861682
606398
360907
119497
8.58333e+06
8.42159e+06
8.21711e+06
7.97178e+06
7.68417e+06
7.35221e+06
6.97616e+06
6.5596e+06
6.10881e+06
5.63238e+06
5.14053e+06
4.64418e+06
4.15404e+06
3.67963e+06
3.22849e+06
2.80572e+06
2.41379e+06
2.05274e+06
1.72067e+06
1.41419e+06
1.12939e+06
861682
606398
360907
119497
8.53634e+06
8.39719e+06
8.20119e+06
7.9617e+06
7.67844e+06
7.34895e+06
6.97435e+06
6.55861e+06
6.10827e+06
5.63209e+06
5.14037e+06
4.6441e+06
4.154e+06
3.6796e+06
3.22848e+06
2.80572e+06
2.41379e+06
2.05274e+06
1.72067e+06
1.41419e+06
1.12939e+06
861682
606398
360907
119497
8.60555e+06
8.43276e+06
8.22281e+06
7.97468e+06
7.68567e+06
7.35298e+06
6.97655e+06
6.5598e+06
6.10891e+06
5.63243e+06
5.14055e+06
4.64419e+06
4.15404e+06
3.67963e+06
3.22849e+06
2.80572e+06
2.41379e+06
2.05274e+06
1.72067e+06
1.41419e+06
1.12939e+06
861683
606399
360907
119497
8.50548e+06
8.40143e+06
8.2041e+06
7.96445e+06
7.68068e+06
7.35045e+06
6.97525e+06
6.55912e+06
6.10854e+06
5.63224e+06
5.14045e+06
4.64414e+06
4.15402e+06
3.67962e+06
3.22849e+06
2.80572e+06
2.41379e+06
2.05274e+06
1.72067e+06
1.41419e+06
1.12939e+06
861683
606399
360907
119497
9.34384e+06
9.28793e+06
9.18726e+06
9.06253e+06
8.93941e+06
8.84178e+06
8.78515e+06
8.77293e+06
8.7968e+06
8.84139e+06
8.89132e+06
8.93663e+06
8.97421e+06
9.00525e+06
9.03167e+06
9.05443e+06
9.07381e+06
9.09e+06
9.10325e+06
9.11384e+06
9.12193e+06
9.12766e+06
9.13103e+06
9.13192e+06
9.12992e+06
9.12423e+06
9.11348e+06
9.09635e+06
9.06911e+06
9.03215e+06
9.35753e+06
9.30157e+06
9.20053e+06
9.07468e+06
8.94945e+06
8.84879e+06
8.78865e+06
8.7731e+06
8.79449e+06
8.83776e+06
8.88744e+06
8.93315e+06
8.97133e+06
9.00293e+06
9.02988e+06
9.05322e+06
9.07326e+06
9.0902e+06
9.10432e+06
9.11585e+06
9.125e+06
9.13189e+06
9.13655e+06
9.13891e+06
9.13868e+06
9.13519e+06
9.12696e+06
9.1107e+06
9.08392e+06
9.05117e+06
9.37551e+06
9.31954e+06
9.21811e+06
9.09092e+06
8.96302e+06
8.85842e+06
8.79363e+06
8.77361e+06
8.79156e+06
8.83291e+06
8.8821e+06
8.92819e+06
8.96704e+06
8.99925e+06
9.0267e+06
9.05053e+06
9.0711e+06
9.08864e+06
9.10341e+06
9.11567e+06
9.12562e+06
9.13339e+06
9.13906e+06
9.14261e+06
9.14389e+06
9.14259e+06
9.13828e+06
9.1303e+06
9.12155e+06
9.11275e+06
9.39752e+06
9.34163e+06
9.23986e+06
9.11123e+06
8.98024e+06
8.87091e+06
8.80041e+06
8.77475e+06
8.78825e+06
8.82698e+06
8.87534e+06
8.92178e+06
8.96138e+06
8.99428e+06
9.02226e+06
9.04655e+06
9.06761e+06
9.08566e+06
9.10098e+06
9.11382e+06
9.1244e+06
9.13288e+06
9.13935e+06
9.14385e+06
9.14635e+06
9.1467e+06
9.14478e+06
9.14018e+06
9.13394e+06
9.12588e+06
9.42324e+06
9.36755e+06
9.26562e+06
9.13558e+06
9.00124e+06
8.88655e+06
8.80935e+06
8.7769e+06
8.78484e+06
8.82015e+06
8.86723e+06
8.91391e+06
8.95434e+06
8.98804e+06
9.01661e+06
9.04139e+06
9.06292e+06
9.08145e+06
9.09726e+06
9.11062e+06
9.12174e+06
9.13081e+06
9.13794e+06
9.14322e+06
9.14668e+06
9.1483e+06
9.1481e+06
9.146e+06
9.14302e+06
9.13925e+06
9.45226e+06
9.39696e+06
9.29515e+06
9.16391e+06
9.02615e+06
8.90564e+06
8.82089e+06
8.78052e+06
8.78174e+06
8.81265e+06
8.85786e+06
8.90457e+06
8.94588e+06
8.9805e+06
9.00977e+06
9.03509e+06
9.05711e+06
9.07613e+06
9.09242e+06
9.10625e+06
9.11787e+06
9.12745e+06
9.13515e+06
9.14108e+06
9.14531e+06
9.14791e+06
9.14895e+06
9.14853e+06
9.14739e+06
9.14561e+06
9.48415e+06
9.42947e+06
9.32818e+06
9.19612e+06
9.05511e+06
8.92854e+06
8.83554e+06
8.78617e+06
8.77943e+06
8.80482e+06
8.8474e+06
8.89377e+06
8.93593e+06
8.9716e+06
9.0017e+06
9.02763e+06
9.05019e+06
9.06972e+06
9.0865e+06
9.10081e+06
9.1129e+06
9.12298e+06
9.13119e+06
9.13767e+06
9.14254e+06
9.14589e+06
9.14786e+06
9.14858e+06
9.14856e+06
9.14793e+06
9.51838e+06
9.46462e+06
9.36434e+06
9.23203e+06
9.08817e+06
8.95556e+06
8.85381e+06
8.79449e+06
8.77851e+06
8.79712e+06
8.83607e+06
8.88156e+06
8.92443e+06
8.96124e+06
8.99231e+06
9.01898e+06
9.04213e+06
9.06222e+06
9.07952e+06
9.09433e+06
9.1069e+06
9.11744e+06
9.12613e+06
9.13312e+06
9.13853e+06
9.1425e+06
9.14515e+06
9.14666e+06
9.14736e+06
9.1474e+06
9.55441e+06
9.5019e+06
9.40324e+06
9.27141e+06
9.12535e+06
8.987e+06
8.87628e+06
8.80618e+06
8.77971e+06
8.79012e+06
8.82423e+06
8.86805e+06
8.91133e+06
8.94933e+06
8.98153e+06
9.00905e+06
9.03289e+06
9.05358e+06
9.07145e+06
9.08679e+06
9.09985e+06
9.11087e+06
9.12003e+06
9.12748e+06
9.13338e+06
9.13786e+06
9.14105e+06
9.14313e+06
9.14431e+06
9.14475e+06
9.59166e+06
9.54075e+06
9.44438e+06
9.31393e+06
9.16657e+06
9.0231e+06
8.90349e+06
8.82202e+06
8.78389e+06
8.78457e+06
8.81239e+06
8.8535e+06
8.89667e+06
8.93576e+06
8.96922e+06
8.99775e+06
9.02238e+06
9.04375e+06
9.06224e+06
9.07814e+06
9.09172e+06
9.10323e+06
9.11286e+06
9.12077e+06
9.12711e+06
9.13204e+06
9.13567e+06
9.13818e+06
9.13971e+06
9.14039e+06
9.6295e+06
9.58057e+06
9.48724e+06
9.3592e+06
9.21167e+06
9.064e+06
8.93592e+06
8.8428e+06
8.79198e+06
8.7814e+06
8.80127e+06
8.83829e+06
8.88054e+06
8.92046e+06
8.95524e+06
8.98495e+06
9.01051e+06
9.03264e+06
9.0518e+06
9.06832e+06
9.08246e+06
9.09448e+06
9.10458e+06
9.11294e+06
9.11972e+06
9.12505e+06
9.12907e+06
9.13191e+06
9.13371e+06
9.13457e+06
9.66735e+06
9.62076e+06
9.53121e+06
9.40669e+06
9.26031e+06
9.10971e+06
8.97398e+06
8.86929e+06
8.80502e+06
8.78168e+06
8.79178e+06
8.82304e+06
8.86321e+06
8.90344e+06
8.93947e+06
8.97049e+06
8.99713e+06
9.02013e+06
9.04005e+06
9.05723e+06
9.07198e+06
9.08454e+06
9.09514e+06
9.10396e+06
9.11115e+06
9.11687e+06
9.12123e+06
9.12437e+06
9.12639e+06
9.12737e+06
9.70458e+06
9.6607e+06
9.57567e+06
9.45581e+06
9.31207e+06
9.16007e+06
9.01791e+06
8.90219e+06
8.82405e+06
8.78667e+06
8.78508e+06
8.80863e+06
8.84516e+06
8.88481e+06
8.92182e+06
8.95421e+06
8.98208e+06
9.0061e+06
9.02686e+06
9.04478e+06
9.06018e+06
9.07333e+06
9.08445e+06
9.09374e+06
9.10136e+06
9.10745e+06
9.11214e+06
9.11554e+06
9.11775e+06
9.11883e+06
9.74065e+06
9.69979e+06
9.61996e+06
9.50589e+06
9.36634e+06
9.21473e+06
9.06776e+06
8.94201e+06
8.85009e+06
8.79766e+06
8.78256e+06
8.79624e+06
8.8272e+06
8.86494e+06
8.90231e+06
8.93596e+06
8.96519e+06
8.99037e+06
9.01209e+06
9.03084e+06
9.04696e+06
9.06074e+06
9.07242e+06
9.0822e+06
9.09025e+06
9.09671e+06
9.10172e+06
9.10537e+06
9.10775e+06
9.10893e+06
9.77504e+06
9.73745e+06
9.66342e+06
9.55619e+06
9.42239e+06
9.27312e+06
9.12332e+06
8.98908e+06
8.88399e+06
8.81602e+06
8.78581e+06
8.78735e+06
8.81046e+06
8.84449e+06
8.88116e+06
8.91568e+06
8.94625e+06
8.97274e+06
8.99557e+06
9.01525e+06
9.03216e+06
9.04663e+06
9.05892e+06
9.06922e+06
9.07772e+06
9.08457e+06
9.0899e+06
9.09379e+06
9.09634e+06
9.09761e+06
9.80731e+06
9.77319e+06
9.70544e+06
9.60594e+06
9.47938e+06
9.33448e+06
9.18411e+06
9.0434e+06
8.92641e+06
8.84296e+06
8.7965e+06
8.78375e+06
8.79649e+06
8.82455e+06
8.85893e+06
8.89349e+06
8.92517e+06
8.953e+06
8.97708e+06
8.99782e+06
9.01564e+06
9.03087e+06
9.04381e+06
9.05468e+06
9.06366e+06
9.07092e+06
9.07657e+06
9.08071e+06
9.08343e+06
9.08478e+06
9.83711e+06
9.80657e+06
9.74542e+06
9.65439e+06
9.53638e+06
9.39782e+06
9.24935e+06
9.10462e+06
8.97761e+06
8.87952e+06
8.81625e+06
8.78744e+06
8.78724e+06
8.80669e+06
8.83663e+06
8.86986e+06
8.90198e+06
8.93099e+06
8.95639e+06
8.97833e+06
8.99717e+06
9.01327e+06
9.02694e+06
9.03843e+06
9.04793e+06
9.05561e+06
9.0616e+06
9.066e+06
9.0689e+06
9.07033e+06
9.86417e+06
9.83723e+06
9.78285e+06
9.7008e+06
9.59242e+06
9.46204e+06
9.31795e+06
9.17199e+06
9.03747e+06
8.92632e+06
8.84652e+06
8.80045e+06
8.78499e+06
8.79301e+06
8.81585e+06
8.84574e+06
8.87709e+06
8.90673e+06
8.93331e+06
8.95651e+06
8.9765e+06
8.99359e+06
9.00809e+06
9.02027e+06
9.03035e+06
9.03849e+06
9.04485e+06
9.04953e+06
9.0526e+06
9.05413e+06
9.88833e+06
9.86494e+06
9.81733e+06
9.74452e+06
9.64656e+06
9.52592e+06
9.38861e+06
9.24437e+06
9.10532e+06
8.9835e+06
8.88832e+06
8.82467e+06
8.79218e+06
8.78604e+06
8.79882e+06
8.82275e+06
8.85146e+06
8.88062e+06
8.90786e+06
8.93218e+06
8.95337e+06
8.97156e+06
8.987e+06
8.99997e+06
9.0107e+06
9.01936e+06
9.02613e+06
9.03111e+06
9.03438e+06
9.036e+06
9.90954e+06
9.88955e+06
9.84854e+06
9.78498e+06
9.69791e+06
9.58823e+06
9.45984e+06
9.32027e+06
9.18e+06
9.05056e+06
8.94213e+06
8.86157e+06
8.81114e+06
8.78859e+06
8.78832e+06
8.80328e+06
8.82679e+06
8.85366e+06
8.88047e+06
8.90538e+06
8.92758e+06
8.94688e+06
8.96335e+06
8.97722e+06
8.98868e+06
8.99795e+06
9.00518e+06
9.0105e+06
9.01399e+06
9.01573e+06
9.92782e+06
9.91103e+06
9.87629e+06
9.82174e+06
9.74571e+06
9.64778e+06
9.53007e+06
9.39792e+06
9.25986e+06
9.12634e+06
9.00767e+06
8.91198e+06
8.84381e+06
8.80345e+06
8.78754e+06
8.7904e+06
8.80567e+06
8.82773e+06
8.85233e+06
8.8767e+06
8.8993e+06
8.91944e+06
8.93688e+06
8.95167e+06
8.96396e+06
8.9739e+06
8.98167e+06
8.98737e+06
8.99113e+06
8.99299e+06
9.94331e+06
9.92944e+06
9.90052e+06
9.85454e+06
9.78932e+06
9.70354e+06
9.59777e+06
9.47539e+06
9.34285e+06
9.20907e+06
9.08382e+06
8.97586e+06
8.89138e+06
8.83299e+06
8.79969e+06
8.78765e+06
8.79151e+06
8.80573e+06
8.82559e+06
8.84757e+06
8.86935e+06
8.88959e+06
8.90761e+06
8.92317e+06
8.93622e+06
8.94686e+06
8.9552e+06
8.96134e+06
8.96538e+06
8.96739e+06
9.95618e+06
9.94493e+06
9.92129e+06
9.88322e+06
9.82832e+06
9.75464e+06
9.66156e+06
9.55074e+06
9.42666e+06
9.2964e+06
9.16867e+06
9.05216e+06
8.95403e+06
8.87875e+06
8.82755e+06
8.79866e+06
8.78823e+06
8.79145e+06
8.80356e+06
8.82061e+06
8.83962e+06
8.85859e+06
8.87628e+06
8.89204e+06
8.90555e+06
8.91672e+06
8.92555e+06
8.9321e+06
8.93642e+06
8.93857e+06
9.96668e+06
9.95773e+06
9.93875e+06
9.90782e+06
9.86249e+06
9.80044e+06
9.72025e+06
9.62219e+06
9.50893e+06
9.38567e+06
9.25963e+06
9.13884e+06
9.03077e+06
8.94111e+06
8.87293e+06
8.82653e+06
8.79982e+06
8.78921e+06
8.7905e+06
8.79967e+06
8.81334e+06
8.82898e+06
8.8448e+06
8.85966e+06
8.87287e+06
8.88407e+06
8.89309e+06
8.89985e+06
8.90435e+06
8.9066e+06
9.97509e+06
9.96809e+06
9.95315e+06
9.92849e+06
9.89179e+06
9.84061e+06
9.77299e+06
9.68822e+06
9.58743e+06
9.47404e+06
9.35359e+06
9.233e+06
9.1194e+06
9.01903e+06
8.93629e+06
8.87324e+06
8.82962e+06
8.80332e+06
8.79114e+06
8.7895e+06
8.79499e+06
8.80476e+06
8.81658e+06
8.82885e+06
8.84049e+06
8.8508e+06
8.85934e+06
8.86589e+06
8.8703e+06
8.87252e+06
9.98169e+06
9.97633e+06
9.96478e+06
9.9455e+06
9.91638e+06
9.87503e+06
9.81926e+06
9.74767e+06
9.66024e+06
9.55883e+06
9.44729e+06
9.33112e+06
9.21667e+06
9.11008e+06
9.01646e+06
8.93918e+06
8.87959e+06
8.83716e+06
8.80994e+06
8.79517e+06
8.78983e+06
8.79108e+06
8.79648e+06
8.80407e+06
8.81241e+06
8.82046e+06
8.82752e+06
8.83313e+06
8.837e+06
8.83898e+06
9.98678e+06
9.98274e+06
9.97399e+06
9.95921e+06
9.93657e+06
9.90386e+06
9.85887e+06
9.79983e+06
9.72589e+06
9.63768e+06
9.53754e+06
9.42945e+06
9.31861e+06
9.21061e+06
9.11067e+06
9.02289e+06
8.94987e+06
8.89247e+06
8.85011e+06
8.82108e+06
8.80308e+06
8.7936e+06
8.79026e+06
8.791e+06
8.79413e+06
8.79832e+06
8.80263e+06
8.80637e+06
8.80908e+06
8.81051e+06
9.99062e+06
9.98764e+06
9.98113e+06
9.97003e+06
9.95278e+06
9.92745e+06
9.89197e+06
9.84441e+06
9.78346e+06
9.70882e+06
9.62159e+06
9.52435e+06
9.42099e+06
9.31618e+06
9.21478e+06
9.1211e+06
9.03846e+06
8.96885e+06
8.91287e+06
8.86997e+06
8.83874e+06
8.81731e+06
8.80362e+06
8.79572e+06
8.79188e+06
8.79066e+06
8.7909e+06
8.79177e+06
8.79266e+06
8.7932e+06
9.99346e+06
9.9913e+06
9.98656e+06
9.97839e+06
9.96552e+06
9.94632e+06
9.91895e+06
9.88154e+06
9.83255e+06
9.77109e+06
9.69733e+06
9.61266e+06
9.51969e+06
9.42204e+06
9.32381e+06
9.2291e+06
9.14146e+06
9.06357e+06
8.99698e+06
8.94216e+06
8.89866e+06
8.86538e+06
8.84083e+06
8.82338e+06
8.81146e+06
8.80367e+06
8.79881e+06
8.79596e+06
8.79443e+06
8.79378e+06
9.99552e+06
9.99399e+06
9.9906e+06
9.9847e+06
9.9753e+06
9.96106e+06
9.94042e+06
9.91168e+06
9.87327e+06
9.82402e+06
9.76343e+06
9.69199e+06
9.61124e+06
9.52369e+06
9.43256e+06
9.34135e+06
9.25349e+06
9.17191e+06
9.09874e+06
9.03527e+06
8.98189e+06
8.93829e+06
8.90366e+06
8.87688e+06
8.85672e+06
8.84195e+06
8.8315e+06
8.82447e+06
8.82017e+06
8.81814e+06
9.99698e+06
9.99592e+06
9.99355e+06
9.98938e+06
9.98264e+06
9.97231e+06
9.95708e+06
9.93552e+06
9.90615e+06
9.8677e+06
9.81934e+06
9.7609e+06
9.69306e+06
9.61739e+06
9.53619e+06
9.45224e+06
9.3685e+06
9.2878e+06
9.21254e+06
9.14446e+06
9.08464e+06
9.03346e+06
8.99079e+06
8.95607e+06
8.92852e+06
8.90726e+06
8.89144e+06
8.88029e+06
8.87321e+06
8.86977e+06
9.99801e+06
9.99728e+06
9.99565e+06
9.99276e+06
9.98804e+06
9.98069e+06
9.96971e+06
9.95391e+06
9.932e+06
9.90276e+06
9.8652e+06
9.8188e+06
9.76363e+06
9.70048e+06
9.63083e+06
9.55673e+06
9.48054e+06
9.40473e+06
9.33162e+06
9.26318e+06
9.20085e+06
9.14558e+06
9.09779e+06
9.05747e+06
9.02433e+06
8.99789e+06
8.9776e+06
8.96294e+06
8.95343e+06
8.94877e+06
9.99871e+06
9.99822e+06
9.99712e+06
9.99516e+06
9.99192e+06
9.98681e+06
9.97906e+06
9.96774e+06
9.95179e+06
9.93011e+06
9.90173e+06
9.86594e+06
9.82244e+06
9.77147e+06
9.71386e+06
9.65097e+06
9.58456e+06
9.51662e+06
9.44919e+06
9.38417e+06
9.32319e+06
9.26747e+06
9.21786e+06
9.17481e+06
9.13848e+06
9.10877e+06
9.08548e+06
9.06834e+06
9.05708e+06
9.05151e+06
9.99917e+06
9.99885e+06
9.99813e+06
9.99682e+06
9.99464e+06
9.99116e+06
9.98581e+06
9.97789e+06
9.96654e+06
9.95087e+06
9.92999e+06
9.90315e+06
9.86987e+06
9.83004e+06
9.784e+06
9.73257e+06
9.67694e+06
9.61863e+06
9.55929e+06
9.50061e+06
9.44416e+06
9.39128e+06
9.34302e+06
9.30017e+06
9.2632e+06
9.23239e+06
9.20783e+06
9.1895e+06
9.17734e+06
9.17128e+06
9.99948e+06
9.99928e+06
9.99881e+06
9.99795e+06
9.99651e+06
9.99419e+06
9.99058e+06
9.98516e+06
9.97728e+06
9.96622e+06
9.95125e+06
9.93167e+06
9.90693e+06
9.87674e+06
9.84115e+06
9.80053e+06
9.75566e+06
9.70759e+06
9.65758e+06
9.60702e+06
9.5573e+06
9.50972e+06
9.4654e+06
9.42526e+06
9.39e+06
9.36014e+06
9.336e+06
9.31779e+06
9.3056e+06
9.2995e+06
9.99968e+06
9.99955e+06
9.99925e+06
9.99871e+06
9.99778e+06
9.99626e+06
9.99387e+06
9.99024e+06
9.98489e+06
9.97728e+06
9.96681e+06
9.95289e+06
9.93502e+06
9.91281e+06
9.88613e+06
9.85512e+06
9.82018e+06
9.78201e+06
9.74152e+06
9.69978e+06
9.65794e+06
9.61714e+06
9.57845e+06
9.54283e+06
9.51106e+06
9.48378e+06
9.46147e+06
9.44448e+06
9.43303e+06
9.42728e+06
9.99981e+06
9.99973e+06
9.99954e+06
9.9992e+06
9.99861e+06
9.99764e+06
9.99609e+06
9.99371e+06
9.99016e+06
9.98504e+06
9.9779e+06
9.96826e+06
9.95569e+06
9.93981e+06
9.92041e+06
9.89747e+06
9.87117e+06
9.84192e+06
9.81034e+06
9.77721e+06
9.74344e+06
9.70996e+06
9.67772e+06
9.64759e+06
9.62037e+06
9.59672e+06
9.57719e+06
9.56219e+06
9.55204e+06
9.54691e+06
9.99989e+06
9.99984e+06
9.99972e+06
9.99951e+06
9.99914e+06
9.99853e+06
9.99755e+06
9.99603e+06
9.99372e+06
9.99036e+06
9.9856e+06
9.97909e+06
9.97048e+06
9.95943e+06
9.94573e+06
9.92926e+06
9.91008e+06
9.8884e+06
9.86463e+06
9.83929e+06
9.81307e+06
9.78669e+06
9.76093e+06
9.73656e+06
9.71427e+06
9.69472e+06
9.67843e+06
9.66583e+06
9.65726e+06
9.65292e+06
9.99993e+06
9.9999e+06
9.99984e+06
9.99971e+06
9.99948e+06
9.99911e+06
9.9985e+06
9.99754e+06
9.99608e+06
9.99391e+06
9.99082e+06
9.98653e+06
9.98077e+06
9.97329e+06
9.96387e+06
9.95239e+06
9.93882e+06
9.92326e+06
9.90595e+06
9.88723e+06
9.86759e+06
9.84758e+06
9.82779e+06
9.80885e+06
9.79136e+06
9.77587e+06
9.76287e+06
9.75275e+06
9.74584e+06
9.74233e+06
9.99996e+06
9.99994e+06
9.9999e+06
9.99983e+06
9.99969e+06
9.99947e+06
9.9991e+06
9.9985e+06
9.99759e+06
9.99623e+06
9.99427e+06
9.9915e+06
9.98775e+06
9.98281e+06
9.97651e+06
9.96873e+06
9.9594e+06
9.94856e+06
9.93634e+06
9.92296e+06
9.90875e+06
9.89409e+06
9.87943e+06
9.86526e+06
9.85205e+06
9.84026e+06
9.83029e+06
9.8225e+06
9.81715e+06
9.81443e+06
9.99998e+06
9.99997e+06
9.99994e+06
9.9999e+06
9.99982e+06
9.99969e+06
9.99947e+06
9.99911e+06
9.99855e+06
9.99772e+06
9.99649e+06
9.99475e+06
9.99236e+06
9.98918e+06
9.98507e+06
9.97993e+06
9.9737e+06
9.96637e+06
9.95799e+06
9.94872e+06
9.93876e+06
9.92837e+06
9.91788e+06
9.90764e+06
9.89802e+06
9.88937e+06
9.88201e+06
9.87623e+06
9.87225e+06
9.87022e+06
9.99999e+06
9.99998e+06
9.99997e+06
9.99994e+06
9.9999e+06
9.99982e+06
9.99969e+06
9.99948e+06
9.99915e+06
9.99864e+06
9.9979e+06
9.99683e+06
9.99534e+06
9.99334e+06
9.99072e+06
9.98742e+06
9.98336e+06
9.97853e+06
9.97296e+06
9.96672e+06
9.95994e+06
9.95281e+06
9.94554e+06
9.93838e+06
9.93161e+06
9.92548e+06
9.92023e+06
9.91609e+06
9.91324e+06
9.91177e+06
9.99999e+06
9.99999e+06
9.99998e+06
9.99997e+06
9.99994e+06
9.9999e+06
9.99982e+06
9.9997e+06
9.99951e+06
9.99921e+06
9.99876e+06
9.99812e+06
9.99721e+06
9.99598e+06
9.99436e+06
9.99228e+06
9.98971e+06
9.98661e+06
9.983e+06
9.97892e+06
9.97444e+06
9.96969e+06
9.9648e+06
9.95995e+06
9.95533e+06
9.95112e+06
9.94751e+06
9.94464e+06
9.94265e+06
9.94164e+06
1e+07
9.99999e+06
9.99999e+06
9.99998e+06
9.99997e+06
9.99994e+06
9.9999e+06
9.99983e+06
9.99972e+06
9.99955e+06
9.99929e+06
9.99891e+06
9.99837e+06
9.99763e+06
9.99664e+06
9.99537e+06
9.99377e+06
9.99184e+06
9.98956e+06
9.98696e+06
9.98408e+06
9.981e+06
9.97781e+06
9.97462e+06
9.97156e+06
9.96876e+06
9.96634e+06
9.96442e+06
9.96308e+06
9.9624e+06
1e+07
1e+07
9.99999e+06
9.99999e+06
9.99998e+06
9.99997e+06
9.99995e+06
9.99991e+06
9.99984e+06
9.99975e+06
9.9996e+06
9.99938e+06
9.99906e+06
9.99863e+06
9.99804e+06
9.99728e+06
9.99631e+06
9.99513e+06
9.99373e+06
9.99211e+06
9.99031e+06
9.98837e+06
9.98634e+06
9.9843e+06
9.98233e+06
9.98052e+06
9.97895e+06
9.9777e+06
9.97683e+06
9.97638e+06
1e+07
1e+07
1e+07
1e+07
9.99999e+06
9.99998e+06
9.99997e+06
9.99995e+06
9.99991e+06
9.99986e+06
9.99978e+06
9.99965e+06
9.99947e+06
9.99922e+06
9.99888e+06
9.99843e+06
9.99786e+06
9.99716e+06
9.99631e+06
9.99534e+06
9.99424e+06
9.99304e+06
9.99179e+06
9.99052e+06
9.98928e+06
9.98814e+06
9.98715e+06
9.98636e+06
9.9858e+06
9.98552e+06
1e+07
1e+07
1e+07
1e+07
1e+07
9.99999e+06
9.99998e+06
9.99997e+06
9.99995e+06
9.99992e+06
9.99988e+06
9.99981e+06
9.99971e+06
9.99957e+06
9.99937e+06
9.99912e+06
9.99879e+06
9.99837e+06
9.99788e+06
9.9973e+06
9.99664e+06
9.99593e+06
9.99517e+06
9.9944e+06
9.99365e+06
9.99295e+06
9.99234e+06
9.99185e+06
9.99151e+06
9.99133e+06
1e+07
1e+07
1e+07
1e+07
1e+07
1e+07
9.99999e+06
9.99999e+06
9.99998e+06
9.99996e+06
9.99993e+06
9.9999e+06
9.99984e+06
9.99976e+06
9.99965e+06
9.99951e+06
9.99932e+06
9.99909e+06
9.9988e+06
9.99847e+06
9.99809e+06
9.99767e+06
9.99722e+06
9.99676e+06
9.99632e+06
9.9959e+06
9.99553e+06
9.99524e+06
9.99503e+06
9.99493e+06
1e+07
1e+07
1e+07
1e+07
1e+07
1e+07
1e+07
9.99999e+06
9.99999e+06
9.99998e+06
9.99997e+06
9.99995e+06
9.99992e+06
9.99987e+06
9.99981e+06
9.99973e+06
9.99963e+06
9.9995e+06
9.99934e+06
9.99915e+06
9.99893e+06
9.99869e+06
9.99843e+06
9.99817e+06
9.99791e+06
9.99767e+06
9.99745e+06
9.99728e+06
9.99716e+06
9.99709e+06
1e+07
1e+07
1e+07
1e+07
1e+07
1e+07
1e+07
1e+07
9.99999e+06
9.99999e+06
9.99998e+06
9.99997e+06
9.99996e+06
9.99993e+06
9.9999e+06
9.99986e+06
9.9998e+06
9.99973e+06
9.99964e+06
9.99954e+06
9.99942e+06
9.99928e+06
9.99914e+06
9.99899e+06
9.99884e+06
9.9987e+06
9.99858e+06
9.99848e+06
9.99841e+06
9.99837e+06
1e+07
1e+07
1e+07
1e+07
1e+07
1e+07
1e+07
1e+07
1e+07
9.99999e+06
9.99999e+06
9.99999e+06
9.99998e+06
9.99997e+06
9.99995e+06
9.99993e+06
9.9999e+06
9.99986e+06
9.99981e+06
9.99975e+06
9.99969e+06
9.99961e+06
9.99953e+06
9.99945e+06
9.99937e+06
9.99929e+06
9.99922e+06
9.99917e+06
9.99913e+06
9.99911e+06
1e+07
1e+07
1e+07
1e+07
1e+07
1e+07
1e+07
1e+07
1e+07
1e+07
1e+07
9.99999e+06
9.99999e+06
9.99998e+06
9.99997e+06
9.99996e+06
9.99995e+06
9.99993e+06
9.9999e+06
9.99987e+06
9.99983e+06
9.99979e+06
9.99975e+06
9.99971e+06
9.99966e+06
9.99962e+06
9.99958e+06
9.99955e+06
9.99953e+06
9.99952e+06
1e+07
1e+07
1e+07
1e+07
1e+07
1e+07
1e+07
1e+07
1e+07
1e+07
1e+07
1e+07
9.99999e+06
9.99999e+06
9.99999e+06
9.99998e+06
9.99997e+06
9.99996e+06
9.99995e+06
9.99993e+06
9.99991e+06
9.99989e+06
9.99987e+06
9.99985e+06
9.99982e+06
9.9998e+06
9.99978e+06
9.99976e+06
9.99975e+06
9.99975e+06
1e+07
1e+07
1e+07
1e+07
1e+07
1e+07
1e+07
1e+07
1e+07
1e+07
1e+07
1e+07
1e+07
1e+07
9.99999e+06
9.99999e+06
9.99999e+06
9.99998e+06
9.99997e+06
9.99997e+06
9.99996e+06
9.99995e+06
9.99993e+06
9.99992e+06
9.99991e+06
9.9999e+06
9.99989e+06
9.99988e+06
9.99987e+06
9.99987e+06
1e+07
1e+07
1e+07
1e+07
1e+07
1e+07
1e+07
1e+07
1e+07
1e+07
1e+07
1e+07
1e+07
1e+07
1e+07
1e+07
9.99999e+06
9.99999e+06
9.99999e+06
9.99998e+06
9.99998e+06
9.99997e+06
9.99997e+06
9.99996e+06
9.99995e+06
9.99995e+06
9.99994e+06
9.99994e+06
9.99993e+06
9.99993e+06
1e+07
1e+07
1e+07
1e+07
1e+07
1e+07
1e+07
1e+07
1e+07
1e+07
1e+07
1e+07
1e+07
1e+07
1e+07
1e+07
1e+07
1e+07
9.99999e+06
9.99999e+06
9.99999e+06
9.99999e+06
9.99998e+06
9.99998e+06
9.99998e+06
9.99997e+06
9.99997e+06
9.99997e+06
9.99997e+06
9.99997e+06
1e+07
1e+07
1e+07
1e+07
1e+07
1e+07
1e+07
1e+07
1e+07
1e+07
1e+07
1e+07
1e+07
1e+07
1e+07
1e+07
1e+07
1e+07
1e+07
1e+07
9.99999e+06
9.99999e+06
9.99999e+06
9.99999e+06
9.99999e+06
9.99999e+06
9.99999e+06
9.99998e+06
9.99998e+06
9.99998e+06
1e+07
1e+07
1e+07
1e+07
1e+07
1e+07
1e+07
1e+07
1e+07
1e+07
1e+07
1e+07
1e+07
1e+07
1e+07
1e+07
1e+07
1e+07
1e+07
1e+07
1e+07
1e+07
1e+07
1e+07
9.99999e+06
9.99999e+06
9.99999e+06
9.99999e+06
9.99999e+06
9.99999e+06
1e+07
1e+07
1e+07
1e+07
1e+07
1e+07
1e+07
1e+07
1e+07
1e+07
1e+07
1e+07
1e+07
1e+07
1e+07
1e+07
1e+07
1e+07
1e+07
1e+07
1e+07
1e+07
1e+07
1e+07
1e+07
1e+07
1e+07
1e+07
1e+07
1e+07
1e+07
1e+07
1e+07
1e+07
1e+07
1e+07
1e+07
1e+07
1e+07
1e+07
1e+07
1e+07
1e+07
1e+07
1e+07
1e+07
1e+07
1e+07
1e+07
1e+07
1e+07
1e+07
1e+07
1e+07
1e+07
1e+07
1e+07
1e+07
1e+07
1e+07
1e+07
1e+07
1e+07
1e+07
1e+07
1e+07
1e+07
1e+07
1e+07
1e+07
1e+07
1e+07
1e+07
1e+07
1e+07
1e+07
1e+07
1e+07
1e+07
1e+07
1e+07
1e+07
1e+07
1e+07
1e+07
1e+07
1e+07
1e+07
1e+07
1e+07
1e+07
1e+07
1e+07
1e+07
1e+07
1e+07
1e+07
1e+07
1e+07
1e+07
1e+07
1e+07
1e+07
1e+07
1e+07
1e+07
1e+07
1e+07
1e+07
1e+07
1e+07
1e+07
1e+07
1e+07
1e+07
1e+07
1e+07
1e+07
1e+07
1e+07
1e+07
1e+07
1e+07
1e+07
1e+07
1e+07
1e+07
1e+07
1e+07
1e+07
1e+07
1e+07
1e+07
1e+07
1e+07
1e+07
1e+07
1e+07
1e+07
1e+07
1e+07
1e+07
1e+07
1e+07
1e+07
1e+07
1e+07
1e+07
1e+07
1e+07
1e+07
1e+07
1e+07
1e+07
1e+07
1e+07
1e+07
1e+07
1e+07
1e+07
1e+07
1e+07
1e+07
1e+07
1e+07
1e+07
1e+07
1e+07
1e+07
1e+07
1e+07
1e+07
1e+07
1e+07
1e+07
1e+07
1e+07
1e+07
1e+07
1e+07
1e+07
1e+07
1e+07
1e+07
1e+07
1e+07
1e+07
1e+07
1e+07
1e+07
1e+07
1e+07
1e+07
1e+07
1e+07
1e+07
1e+07
1e+07
1e+07
1e+07
1e+07
1e+07
1e+07
1e+07
1e+07
1e+07
1e+07
1e+07
1e+07
1e+07
1e+07
1e+07
1e+07
1e+07
1e+07
1e+07
1e+07
1e+07
1e+07
1e+07
1e+07
1e+07
1e+07
1e+07
1e+07
1e+07
1e+07
1e+07
1e+07
1e+07
1e+07
1e+07
1e+07
1e+07
1e+07
1e+07
1e+07
1e+07
1e+07
1e+07
1e+07
1e+07
1e+07
1e+07
1e+07
1e+07
1e+07
1e+07
1e+07
1e+07
1e+07
1e+07
1e+07
1e+07
1e+07
1e+07
1e+07
1e+07
1e+07
1e+07
1e+07
1e+07
1e+07
1e+07
1e+07
1e+07
1e+07
1e+07
1e+07
1e+07
1e+07
1e+07
1e+07
1e+07
1e+07
1e+07
1e+07
1e+07
1e+07
1e+07
1e+07
1e+07
1e+07
1e+07
1e+07
1e+07
1e+07
1e+07
1e+07
1e+07
1e+07
1e+07
1e+07
1e+07
1e+07
1e+07
1e+07
1e+07
1e+07
1e+07
1e+07
1e+07
1e+07
1e+07
1e+07
1e+07
1e+07
1e+07
1e+07
1e+07
1e+07
1e+07
1e+07
1e+07
1e+07
1e+07
1e+07
1e+07
1e+07
1e+07
1e+07
1e+07
1e+07
1e+07
1e+07
1e+07
1e+07
1e+07
1e+07
1e+07
1e+07
1e+07
1e+07
1e+07
1e+07
1e+07
1e+07
1e+07
1e+07
1e+07
1e+07
1e+07
1e+07
1e+07
1e+07
1e+07
1e+07
1e+07
1e+07
1e+07
1e+07
1e+07
1e+07
1e+07
1e+07
1e+07
1e+07
1e+07
1e+07
1e+07
1e+07
1e+07
1e+07
1e+07
1e+07
1e+07
1e+07
1e+07
1e+07
1e+07
1e+07
1e+07
1e+07
1e+07
1e+07
1e+07
1e+07
1e+07
1e+07
1e+07
1e+07
1e+07
1e+07
1e+07
1e+07
1e+07
1e+07
1e+07
1e+07
1e+07
1e+07
1e+07
1e+07
1e+07
1e+07
1e+07
1e+07
1e+07
1e+07
1e+07
1e+07
1e+07
1e+07
1e+07
1e+07
1e+07
1e+07
1e+07
1e+07
1e+07
1e+07
1e+07
1e+07
1e+07
1e+07
1e+07
1e+07
1e+07
1e+07
1e+07
1e+07
1e+07
1e+07
1e+07
1e+07
1e+07
1e+07
1e+07
1e+07
1e+07
1e+07
1e+07
1e+07
1e+07
1e+07
1e+07
1e+07
1e+07
1e+07
1e+07
1e+07
1e+07
1e+07
1e+07
1e+07
1e+07
1e+07
1e+07
1e+07
1e+07
1e+07
1e+07
1e+07
1e+07
1e+07
1e+07
1e+07
1e+07
1e+07
1e+07
1e+07
1e+07
1e+07
1e+07
1e+07
1e+07
1e+07
1e+07
1e+07
1e+07
1e+07
1e+07
1e+07
1e+07
1e+07
1e+07
1e+07
1e+07
1e+07
1e+07
1e+07
1e+07
1e+07
1e+07
1e+07
1e+07
1e+07
1e+07
1e+07
1e+07
1e+07
1e+07
1e+07
1e+07
1e+07
1e+07
1e+07
1e+07
1e+07
1e+07
1e+07
1e+07
1e+07
1e+07
1e+07
1e+07
1e+07
1e+07
1e+07
1e+07
1e+07
1e+07
1e+07
1e+07
1e+07
1e+07
1e+07
1e+07
1e+07
1e+07
1e+07
1e+07
1e+07
1e+07
1e+07
1e+07
1e+07
1e+07
1e+07
1e+07
1e+07
1e+07
1e+07
1e+07
1e+07
1e+07
1e+07
1e+07
1e+07
1e+07
1e+07
1e+07
1e+07
1e+07
1e+07
1e+07
1e+07
1e+07
1e+07
1e+07
1e+07
1e+07
1e+07
1e+07
1e+07
1e+07
1e+07
1e+07
1e+07
1e+07
1e+07
1e+07
1e+07
1e+07
1e+07
1e+07
1e+07
1e+07
1e+07
1e+07
1e+07
1e+07
1e+07
1e+07
1e+07
1e+07
1e+07
1e+07
1e+07
1e+07
1e+07
1e+07
1e+07
1e+07
1e+07
1e+07
1e+07
1e+07
1e+07
1e+07
1e+07
1e+07
1e+07
1e+07
1e+07
1e+07
1e+07
1e+07
1e+07
1e+07
1e+07
1e+07
1e+07
1e+07
1e+07
1e+07
1e+07
1e+07
1e+07
1e+07
1e+07
1e+07
1e+07
1e+07
1e+07
1e+07
1e+07
1e+07
1e+07
1e+07
1e+07
1e+07
1e+07
1e+07
1e+07
1e+07
1e+07
1e+07
1e+07
1e+07
1e+07
1e+07
1e+07
1e+07
1e+07
1e+07
1e+07
1e+07
1e+07
1e+07
1e+07
1e+07
1e+07
1e+07
1e+07
1e+07
1e+07
1e+07
1e+07
1e+07
1e+07
1e+07
1e+07
1e+07
1e+07
1e+07
1e+07
1e+07
1e+07
1e+07
1e+07
1e+07
1e+07
1e+07
1e+07
1e+07
1e+07
1e+07
1e+07
1e+07
1e+07
1e+07
1e+07
1e+07
1e+07
1e+07
1e+07
1e+07
1e+07
1e+07
1e+07
1e+07
1e+07
1e+07
1e+07
1e+07
1e+07
1e+07
1e+07
1e+07
1e+07
1e+07
1e+07
1e+07
1e+07
1e+07
1e+07
1e+07
1e+07
1e+07
1e+07
1e+07
1e+07
1e+07
1e+07
1e+07
1e+07
1e+07
1e+07
1e+07
1e+07
1e+07
1e+07
1e+07
1e+07
1e+07
1e+07
1e+07
1e+07
1e+07
1e+07
1e+07
1e+07
1e+07
1e+07
1e+07
1e+07
1e+07
1e+07
1e+07
1e+07
1e+07
1e+07
1e+07
1e+07
1e+07
1e+07
1e+07
1e+07
1e+07
1e+07
1e+07
1e+07
1e+07
1e+07
1e+07
1e+07
1e+07
1e+07
1e+07
1e+07
1e+07
1e+07
1e+07
1e+07
1e+07
1e+07
1e+07
1e+07
1e+07
1e+07
1e+07
1e+07
1e+07
1e+07
1e+07
1e+07
1e+07
1e+07
1e+07
1e+07
1e+07
1e+07
1e+07
1e+07
1e+07
1e+07
1e+07
1e+07
1e+07
1e+07
1e+07
1e+07
1e+07
1e+07
1e+07
1e+07
1e+07
1e+07
1e+07
1e+07
1e+07
1e+07
1e+07
1e+07
1e+07
1e+07
1e+07
1e+07
1e+07
1e+07
1e+07
1e+07
1e+07
1e+07
1e+07
1e+07
1e+07
1e+07
1e+07
1e+07
1e+07
1e+07
1e+07
1e+07
1e+07
1e+07
1e+07
1e+07
1e+07
1e+07
1e+07
1e+07
1e+07
1e+07
1e+07
1e+07
1e+07
1e+07
1e+07
1e+07
1e+07
1e+07
1e+07
1e+07
1e+07
1e+07
1e+07
1e+07
1e+07
1e+07
1e+07
1e+07
1e+07
1e+07
1e+07
1e+07
1e+07
1e+07
1e+07
1e+07
1e+07
1e+07
1e+07
1e+07
1e+07
1e+07
1e+07
1e+07
1e+07
1e+07
1e+07
1e+07
1e+07
1e+07
1e+07
1e+07
1e+07
1e+07
1e+07
1e+07
1e+07
1e+07
1e+07
1e+07
1e+07
1e+07
1e+07
1e+07
1e+07
1e+07
1e+07
1e+07
1e+07
1e+07
1e+07
1e+07
1e+07
1e+07
1e+07
1e+07
1e+07
1e+07
1e+07
1e+07
1e+07
1e+07
1e+07
1e+07
1e+07
1e+07
1e+07
1e+07
1e+07
1e+07
1e+07
1e+07
1e+07
1e+07
1e+07
1e+07
1e+07
1e+07
1e+07
1e+07
1e+07
1e+07
1e+07
1e+07
1e+07
1e+07
1e+07
1e+07
1e+07
1e+07
1e+07
1e+07
1e+07
1e+07
1e+07
1e+07
1e+07
1e+07
1e+07
1e+07
1e+07
1e+07
1e+07
1e+07
1e+07
1e+07
1e+07
1e+07
1e+07
1e+07
1e+07
1e+07
1e+07
1e+07
1e+07
1e+07
1e+07
1e+07
1e+07
1e+07
1e+07
1e+07
1e+07
1e+07
1e+07
1e+07
1e+07
1e+07
1e+07
1e+07
1e+07
1e+07
1e+07
1e+07
1e+07
1e+07
1e+07
1e+07
1e+07
1e+07
1e+07
1e+07
1e+07
1e+07
1e+07
1e+07
1e+07
1e+07
1e+07
1e+07
1e+07
1e+07
1e+07
1e+07
1e+07
1e+07
1e+07
1e+07
1e+07
1e+07
1e+07
1e+07
1e+07
1e+07
1e+07
1e+07
1e+07
1e+07
1e+07
1e+07
1e+07
1e+07
1e+07
1e+07
1e+07
1e+07
1e+07
1e+07
1e+07
1e+07
1e+07
1e+07
1e+07
1e+07
1e+07
1e+07
1e+07
1e+07
1e+07
1e+07
1e+07
1e+07
1e+07
1e+07
1e+07
1e+07
1e+07
1e+07
1e+07
1e+07
1e+07
1e+07
1e+07
1e+07
1e+07
1e+07
1e+07
1e+07
1e+07
1e+07
1e+07
1e+07
1e+07
1e+07
1e+07
1e+07
1e+07
1e+07
1e+07
1e+07
1e+07
1e+07
1e+07
1e+07
1e+07
1e+07
1e+07
1e+07
1e+07
1e+07
1e+07
1e+07
1e+07
1e+07
1e+07
1e+07
1e+07
1e+07
1e+07
1e+07
1e+07
1e+07
1e+07
1e+07
1e+07
1e+07
1e+07
1e+07
1e+07
1e+07
1e+07
1e+07
1e+07
1e+07
1e+07
1e+07
1e+07
1e+07
1e+07
1e+07
1e+07
1e+07
1e+07
1e+07
1e+07
1e+07
1e+07
1e+07
1e+07
1e+07
1e+07
1e+07
1e+07
1e+07
1e+07
)
;

boundaryField
{
    outerWall
    {
        type            zeroGradient;
    }
    axis
    {
        type            symmetryPlane;
    }
    nozzle
    {
        type            fixedValue;
        value           uniform 0;
    }
    back
    {
        type            empty;
    }
    front
    {
        type            empty;
    }
}


// ************************************************************************* //
