/*--------------------------------*- C++ -*----------------------------------*\
| =========                 |                                                 |
| \\      /  F ield         | OpenFOAM: The Open Source CFD Toolbox           |
|  \\    /   O peration     | Version:  2412                                  |
|   \\  /    A nd           | Website:  www.openfoam.com                      |
|    \\/     M anipulation  |                                                 |
\*---------------------------------------------------------------------------*/
FoamFile
{
    version     2.0;
    format      ascii;
    arch        "LSB;label=32;scalar=64";
    class       surfaceScalarField;
    location    "9.5e-05";
    object      phi;
}
// * * * * * * * * * * * * * * * * * * * * * * * * * * * * * * * * * * * * * //

dimensions      [1 0 -1 0 0 0 0];

oriented        oriented;

internalField   nonuniform List<scalar> 
7275
(
0.0025815
0.000726921
0.00552808
0.000861331
0.00917052
0.0011266
0.0137624
0.00151054
0.0194271
0.00198407
0.0261032
0.00249308
0.0335097
0.00295583
0.0411551
0.00327136
0.0484175
0.0033426
0.054685
0.00310859
0.0594864
0.00256745
0.0625783
0.00178138
0.0639705
0.000865545
0.0638871
-3.48613e-05
0.0626605
-0.00079194
0.0606156
-0.00133641
0.0580577
-0.0016454
0.0551587
-0.00171222
0.0520191
-0.00158736
0.0486615
-0.00131898
0.0450782
-0.000969946
0.041228
-0.000554429
0.0370983
-0.000114671
0.0326994
0.000345591
0.0279287
0.00081355
0.0228282
0.00125055
0.0174272
0.00163182
0.0117728
0.00194273
0.00593477
0.00216393
0.00227908
0.00265727
0.00144202
0.00567744
0.00170639
0.00938639
0.0022277
0.0140282
0.00298128
0.0197124
0.00390922
0.0263622
0.00490508
0.033686
0.00580944
0.0411941
0.00642709
0.0482849
0.00657279
0.0543801
0.0061313
0.0590446
0.00509926
0.062064
0.00359521
0.0634608
0.00183794
0.06345
9.99924e-05
0.0623406
-0.00135614
0.0604531
-0.00244644
0.0580188
-0.00307436
0.0552207
-0.00323926
0.0521603
-0.003046
0.0488648
-0.00256978
0.0453193
-0.00189837
0.0414961
-0.00109236
0.0373757
-0.000232701
0.0329503
0.000680952
0.0281619
0.00162177
0.0230372
0.00248981
0.0175987
0.00326285
0.0118949
0.00389653
0.00599832
0.00434805
0.00458337
0.00280634
0.00213339
0.00597107
0.00251908
0.00981023
0.00327857
0.0145493
0.00437409
0.0202709
0.00571959
0.0268689
0.00715971
0.0340318
0.00846503
0.0412745
0.00935909
0.0480352
0.00958503
0.0537989
0.00898502
0.0581995
0.00755529
0.0610778
0.00546054
0.0624798
0.00300173
0.0626088
0.000546387
0.0617178
-0.00150302
0.0600758
-0.00311559
0.0579215
-0.00409183
0.0553359
-0.00441532
0.0524328
-0.00421825
0.0492449
-0.00362054
0.0457823
-0.00270773
0.0420026
-0.00155835
0.037909
-0.000326243
0.0334527
0.00101381
0.0286415
0.00242168
0.0234657
0.00373645
0.0179496
0.00491852
0.0121445
0.00589298
0.00612818
0.00659017
0.00695467
0.00302391
0.00278901
0.00639904
0.00328368
0.0104268
0.00425589
0.0153055
0.00565414
0.0210794
0.00736522
0.0276015
0.00918974
0.0345338
0.010839
0.0414008
0.0119737
0.0476972
0.0122867
0.0529952
0.011592
0.0570239
0.00988802
0.0596991
0.00737271
0.0610985
0.00440182
0.0613945
0.00140429
0.0608099
-0.00112175
0.0595464
-0.00319867
0.0577188
-0.00451022
0.0554258
-0.00506067
0.0527836
-0.00500384
0.0497572
-0.00432474
0.0464214
-0.00328988
0.0427399
-0.00189187
0.0386853
-0.000309257
0.034215
0.00144777
0.0293736
0.00328159
0.024123
0.00505425
0.0184894
0.00666213
0.0125294
0.00799902
0.0063289
0.00896253
0.00946891
0.00330306
0.0033968
0.00694714
0.00398509
0.0112141
0.0051385
0.016268
0.00679118
0.0221051
0.00880431
0.0285291
0.0109405
0.0351726
0.012865
0.0415774
0.0141975
0.0473072
0.014603
0.0520387
0.0138833
0.0556132
0.0120424
0.0580345
0.00929857
0.0594163
0.00603262
0.0599082
0.00269534
0.0596689
-0.000278146
0.0588023
-0.00261373
0.0573657
-0.00423573
0.055493
-0.00507876
0.0531238
-0.00517444
0.0503653
-0.0045921
0.04721
-0.00349492
0.0436456
-0.00191073
0.0396721
-5.52946e-05
0.0352456
0.00207649
0.0303631
0.00433034
0.0250155
0.0065531
0.0192278
0.00860337
0.0130592
0.0103313
0.00660641
0.0115894
0.0122556
0.00363514
0.00394479
0.00759767
0.00460913
0.0121453
0.00590791
0.0174014
0.00776059
0.0233077
0.0100048
0.0296136
0.012372
0.0359242
0.0144969
0.0418072
0.0159801
0.0469042
0.0164796
0.0510062
0.0158012
0.0540749
0.0139588
0.0562048
0.0111782
0.0575458
0.00783867
0.0582268
0.00437778
0.0583241
0.0011983
0.0578661
-0.00127942
0.0568947
-0.00323096
0.0554053
-0.00432755
0.0534535
-0.00465452
0.0510059
-0.0042184
0.0480706
-0.00311887
0.0447261
-0.00147402
0.0408827
0.000632636
0.0365075
0.00307445
0.0315993
0.00572128
0.026149
0.00839964
0.0201777
0.0109213
0.0137474
0.0130814
0.00696923
0.0146742
0.015526
0.00401025
0.00442139
0.00833043
0.00514285
0.0131898
0.0065487
0.018666
0.00854389
0.024642
0.0109451
0.0308122
0.0134605
0.0367612
0.0157102
0.0420901
0.0172948
0.0465246
0.0178844
0.049973
0.0173029
0.052516
0.0155776
0.0543337
0.012932
0.0556071
0.0097226
0.0564421
0.00634661
0.0568484
0.00316371
0.056805
0.000466537
0.0562665
-0.00152286
0.0552308
-0.00284625
0.0536572
-0.00334923
0.0516168
-0.00307917
0.0490287
-0.00202446
0.0459262
-0.000299801
0.0422576
0.0018919
0.0379837
0.00461959
0.0330836
0.00766493
0.0275379
0.010827
0.0213602
0.0138693
0.0146145
0.0165242
0.00743011
0.0185116
0.0195885
0.00441768
0.00481566
0.00912382
0.00557483
0.0143151
0.00704886
0.02002
0.00912889
0.0260611
0.0116139
0.0320815
0.0141977
0.0376552
0.0165001
0.0424234
0.0181374
0.0461992
0.018807
0.0490056
0.018362
0.0510329
0.0168455
0.0525353
0.014472
0.0537163
0.0115605
0.0546594
0.00845087
0.0553331
0.00544539
0.0556486
0.00279096
0.0555327
0.000687212
0.0549298
-0.000714309
0.0538172
-0.00130964
0.0521678
-0.00115601
0.0499949
-0.000235931
0.047211
0.00145393
0.043785
0.00386943
0.0396768
0.00690205
0.0348311
0.0103822
0.0292087
0.0140873
0.0228083
0.0177347
0.0156914
0.0209848
0.00800871
0.0234613
0.0248273
0.00484647
0.00511773
0.00995586
0.00589551
0.0154887
0.0073998
0.0214222
0.00950939
0.0275192
0.0120097
0.0333803
0.0145892
0.0385781
0.0168788
0.042801
0.0185225
0.0459502
0.0192565
0.0481555
0.0189692
0.0497029
0.0177215
0.0509043
0.0157143
0.0519752
0.013221
0.0529779
0.0105171
0.0538488
0.00784329
0.0544701
0.00540421
0.0547318
0.00338366
0.0545567
0.00194828
0.0539
0.0012342
0.0527171
0.00132321
0.0509595
0.00225823
0.0485673
0.00405279
0.0454765
0.00668496
0.0416076
0.0100704
0.0368752
0.0140559
0.0312075
0.0184069
0.0245752
0.0227953
0.0170274
0.0267988
0.00873627
0.0299137
0.0316733
0.00528581
0.00531918
0.0108051
0.00609741
0.0166794
0.0075964
0.0228335
0.00968474
0.0289747
0.0121393
0.0346711
0.0146512
0.0395039
0.0168713
0.0432143
0.0184803
0.0457898
0.0192584
0.0474568
0.0191328
0.0485791
0.0181812
0.049509
0.016589
0.050463
0.0145828
0.0514838
0.0123741
0.052488
0.0101445
0.0533451
0.00805871
0.0539344
0.00628343
0.0541616
0.00499011
0.053954
0.00434147
0.0532466
0.00447331
0.0519697
0.00548392
0.0500411
0.00743646
0.0473631
0.0103459
0.0438175
0.0141672
0.0392737
0.0187732
0.0336089
0.0239289
0.0267453
0.0292643
0.0187003
0.0342623
0.00966325
0.0382459
0.0405705
0.00572545
0.00541346
0.0116516
0.00617542
0.0178585
0.0076369
0.0242191
0.00965914
0.0303916
0.0120158
0.0359222
0.0144077
0.0404096
0.0165123
0.0436523
0.0180512
0.0457206
0.0188508
0.046925
0.0188758
0.0476893
0.0182186
0.0483882
0.0170489
0.0492301
0.0155489
0.0502408
0.0138737
0.0513273
0.0121527
0.0523605
0.0105145
0.0532219
0.00910813
0.0538116
0.00810272
0.0540412
0.00767406
0.0538255
0.00798937
0.0530724
0.00919424
0.0516739
0.0114063
0.0494962
0.0146975
0.0463744
0.0190793
0.042117
0.0244699
0.0365268
0.0306536
0.0294473
0.0372286
0.0208307
0.0435738
0.0108704
0.0487741
0.0519453
0.00615593
0.0053962
0.012477
0.006127
0.0190004
0.00752273
0.0255492
0.00944079
0.0317404
0.0116571
0.0371077
0.0138878
0.0412755
0.0158415
0.0441024
0.0172818
0.0457366
0.0180795
0.0465595
0.0182328
0.0470378
0.0178457
0.0475527
0.0170719
0.0482983
0.0160546
0.0492855
0.0149039
0.0504208
0.0137069
0.0515863
0.0125624
0.0526748
0.0116011
0.05359
0.0109848
0.054238
0.0108948
0.0545212
0.0115186
0.0543291
0.0130403
0.053529
0.0156301
0.0519502
0.019428
0.0493742
0.02452
0.0455325
0.030897
0.0401243
0.0383931
0.0328704
0.0465981
0.0236019
0.0547902
0.0124866
0.0617233
0.0662084
0.00656887
0.00526555
0.0132654
0.00595228
0.0200835
0.00725832
0.0267999
0.00904108
0.0329979
0.0110839
0.0382077
0.0131231
0.0420859
0.0149006
0.0445518
0.0162209
0.0458252
0.0169944
0.0463461
0.0172467
0.0466087
0.0170897
0.0469891
0.0166598
0.0476623
0.0160703
0.0486263
0.0153961
0.0497939
0.0146942
0.051065
0.0140401
0.0523502
0.0135479
0.0535634
0.0133694
0.0546144
0.0136854
0.0554023
0.0146982
0.055808
0.0166242
0.0556797
0.0196864
0.0548137
0.0240995
0.0529352
0.0300441
0.049684
0.0376179
0.0446208
0.0467532
0.0372834
0.0570779
0.0272889
0.0678031
0.0147171
0.0772281
0.0838154
0.00695695
0.00502236
0.0140032
0.00565416
0.0210901
0.00685088
0.0279524
0.00847388
0.0341471
0.0103188
0.0392082
0.0121458
0.0428288
0.0137307
0.044988
0.0149159
0.0459699
0.0156451
0.0462623
0.0159647
0.0463738
0.0159878
0.0466668
0.0158358
0.0472948
0.0155984
0.0482464
0.0153249
0.0494441
0.015053
0.0508098
0.0148422
0.052275
0.0147924
0.0537701
0.0150441
0.055216
0.015775
0.0565198
0.0171972
0.0575643
0.0195556
0.0581907
0.0231258
0.0581726
0.0282053
0.0571833
0.0350925
0.0547619
0.0440373
0.050295
0.0551418
0.043056
0.0681618
0.0323007
0.0823379
0.0178906
0.0953723
0.105418
0.007314
0.00467027
0.0146792
0.00523827
0.0220064
0.00631007
0.0289929
0.0077549
0.0351764
0.00938495
0.0401002
0.0109871
0.0434958
0.0123704
0.0453995
0.013411
0.0461526
0.0140789
0.0462804
0.0144335
0.0462955
0.0145843
0.0465427
0.0146384
0.047153
0.0146666
0.0481087
0.0147023
0.0493446
0.0147708
0.050805
0.0149219
0.0524446
0.0152436
0.0542145
0.0158661
0.0560548
0.0169613
0.0578907
0.0187472
0.0596207
0.0214931
0.0610958
0.0255256
0.0620855
0.031232
0.0622278
0.0390529
0.0609658
0.0494469
0.057482
0.0627908
0.0506863
0.0791258
0.0392525
0.0979394
0.022544
0.11625
0.132134
0.007635
0.00421569
0.0152846
0.00471287
0.0228219
0.0056478
0.0299121
0.00690118
0.0360788
0.0083056
0.0408786
0.00967646
0.0440816
0.0108548
0.0457769
0.0117457
0.0463552
0.0123385
0.0463704
0.0126981
0.046333
0.012926
0.0465678
0.0131151
0.047185
0.0133214
0.0481624
0.0135683
0.0494488
0.013875
0.0510101
0.0142842
0.0528247
0.0148749
0.0548675
0.0157663
0.0571047
0.0171227
0.0594901
0.0191633
0.0619536
0.022175
0.064378
0.0265299
0.0665576
0.0327064
0.06813
0.0413075
0.0684717
0.0530617
0.066558
0.0687579
0.060828
0.0889843
0.0490729
0.113886
0.0295367
0.140031
0.165948
0.00791597
0.00366771
0.0158126
0.00408868
0.0235293
0.00487788
0.0307038
0.00593077
0.0368508
0.00710341
0.0415416
0.00824098
0.0445833
0.00921484
0.046112
0.00995425
0.0465608
0.0104611
0.0465036
0.0107992
0.0464461
0.0110585
0.0466927
0.0113172
0.0473353
0.0116194
0.0483495
0.0119824
0.0496976
0.0124221
0.0513664
0.0129761
0.053357
0.0137144
0.0556701
0.0147445
0.0583034
0.0162197
0.0612491
0.0183531
0.0644855
0.0214385
0.0679537
0.0258801
0.0715141
0.0322358
0.074863
0.0412747
0.0773843
0.0540434
0.0779058
0.0718952
0.0743307
0.0963529
0.063287
0.128844
0.0405953
0.16675
0.210648
0.00815386
0.00303785
0.0162583
0.0033786
0.0241234
0.00401576
0.0313648
0.00486234
0.0374912
0.00580038
0.0420896
0.00670554
0.0449998
0.00747764
0.0463988
0.00806575
0.0467541
0.00847845
0.0466542
0.00877296
0.0465977
0.00902462
0.0468706
0.00929622
0.0475498
0.00962172
0.0486104
0.0100143
0.0500268
0.0104876
0.0518047
0.011074
0.0539669
0.0118333
0.0565404
0.012859
0.0595576
0.0142875
0.0630577
0.016316
0.0670827
0.0192282
0.0716617
0.0234354
0.0767728
0.0295431
0.0822599
0.0384548
0.0876507
0.0515371
0.0917979
0.0708262
0.0920809
0.0993298
0.0832153
0.141149
0.0555997
0.197976
0.269995
0.0083464
0.00233976
0.016618
0.00259744
0.024601
0.00307828
0.0318934
0.00371506
0.0380007
0.0044177
0.0425241
0.00509277
0.0453313
0.00566677
0.0466324
0.00610478
0.0469226
0.00641724
0.0467997
0.00665048
0.0467558
0.0068625
0.0470606
0.00710046
0.0477796
0.00738883
0.0488884
0.00773719
0.0503722
0.00815639
0.0522526
0.00867221
0.0545718
0.00933244
0.0573825
0.0102121
0.0607524
0.011424
0.064772
0.0131359
0.069559
0.0155981
0.0752567
0.0191909
0.0820181
0.0245066
0.0899517
0.0324926
0.0989721
0.0447135
0.108485
0.063725
0.11687
0.093577
0.120174
0.140726
0.0920566
0.229251
0.365466
0.008492
0.00158891
0.0168895
0.00176158
0.0249602
0.00208332
0.0322893
0.00250835
0.0383807
0.00297587
0.0428471
0.00342344
0.0455782
0.00380278
0.0468095
0.00409199
0.0470561
0.00429972
0.0469222
0.004458
0.0468938
0.00460577
0.0472284
0.00477384
0.0479828
0.00497754
0.0491337
0.00522237
0.0506753
0.00551525
0.0526415
0.00587357
0.0550909
0.00632995
0.0580984
0.00693707
0.0617648
0.00777562
0.0662307
0.00896893
0.0716928
0.0107073
0.078424
0.0132902
0.0867937
0.0172105
0.0972687
0.0233188
0.110304
0.0331964
0.125894
0.0498735
0.141091
0.0803694
0.149236
0.134893
0.115137
0.266105
0.483886
0.00686383
0.000962357
0.0136424
0.00106617
0.0201407
0.00125943
0.026021
0.00151434
0.0308859
0.0017941
0.0344313
0.00206112
0.0365799
0.00228647
0.0375323
0.00245718
0.03771
0.00257858
0.0375991
0.00266965
0.037585
0.00275316
0.0378678
0.00284644
0.0384887
0.00295727
0.03943
0.00308747
0.0406913
0.00323978
0.0423063
0.00342356
0.0443301
0.00365767
0.0468349
0.00397389
0.0499196
0.00442261
0.0537261
0.00508223
0.0584606
0.00607626
0.0644289
0.00760216
0.0720982
0.00999044
0.0822134
0.0138145
0.0960576
0.0201241
0.116077
0.0308007
0.148253
0.0493608
0.201793
0.0828382
0.315994
0.153905
0.278937
0.523869
0.00690136
0.000321848
0.0137122
0.000356362
0.0202327
0.000420525
0.0261219
0.000504934
0.030982
0.00059712
0.0345124
0.000684273
0.0366414
0.000756359
0.0375762
0.000808476
0.0377433
0.000841535
0.0376299
0.000860607
0.0376196
0.000871556
0.037909
0.000877923
0.0385373
0.000879644
0.0394871
0.000874379
0.0407605
0.000860043
0.0423949
0.000836966
0.04445
0.000809207
0.0470051
0.000786133
0.0501701
0.0007848
0.0541039
0.00083354
0.059042
0.000978096
0.0653422
0.00129208
0.0735697
0.00189806
0.0846537
0.00300751
0.10019
0.00501101
0.122925
0.00865513
0.157627
0.0154739
0.213741
0.0278906
0.322065
0.0473657
0.0844884
0.519419
0.00691383
-0.000323385
0.0137354
-0.000358343
0.0202632
-0.000423529
0.0261551
-0.000509837
0.0310134
-0.000605337
0.0345384
-0.000698115
0.0366602
-0.000779547
0.0375882
-0.000846867
0.0377503
-0.000904064
0.0376341
-0.000960478
0.0376223
-0.0010276
0.0379101
-0.00111603
0.0385361
-0.00123401
0.0394829
-0.00138849
0.0407535
-0.00158678
0.0423867
-0.00183803
0.0444443
-0.00215334
0.0470083
-0.00254613
0.0501929
-0.00303348
0.0541638
-0.00363878
0.0591674
-0.0043975
0.065581
-0.00536775
0.0740067
-0.00665177
0.0854485
-0.00843685
0.101673
-0.0110864
0.12593
-0.015318
0.164569
-0.0226525
0.228741
-0.0354023
0.332405
-0.054768
-0.0907101
0.510293
0.0069012
-0.000964036
0.0137118
-0.00106837
0.020232
-0.00126283
0.0261207
-0.00151996
0.03098
-0.00180362
0.0345091
-0.00207726
0.036636
-0.00231358
0.0375675
-0.00250209
0.0377298
-0.00265161
0.0376097
-0.00278597
0.0375901
-0.00293423
0.0378672
-0.00312156
0.03848
-0.00336483
0.0394108
-0.00367585
0.0406621
-0.00406737
0.0422719
-0.00455786
0.0443011
-0.00517317
0.0468302
-0.00594871
0.0499709
-0.00693403
0.0538842
-0.00820144
0.0588073
-0.00986276
0.0650999
-0.0120984
0.073329
-0.0152171
0.0844256
-0.0197674
0.0999885
-0.0267706
0.122767
-0.0380755
0.157547
-0.0572009
0.213833
-0.0911014
0.322513
-0.162215
-0.286473
0.520705
0.00686348
-0.00159089
0.0136416
-0.00176424
0.0201392
-0.00208754
0.0260184
-0.00251551
0.0308815
-0.00298817
0.034424
-0.00344448
0.036568
-0.00383825
0.0375134
-0.00415074
0.0376809
-0.00439501
0.0375555
-0.00460903
0.0375217
-0.00483948
0.0377784
-0.00512654
0.0383664
-0.00549618
0.0392678
-0.00596534
0.0404828
-0.00655202
0.0420465
-0.00728329
0.0440164
-0.00819857
0.0464675
-0.00935319
0.0495026
-0.0108252
0.0532674
-0.0127293
0.0579719
-0.0152412
0.0639255
-0.0186398
0.0715982
-0.0233935
0.0817375
-0.0303247
0.0956306
-0.0409865
0.11574
-0.0583847
0.148064
-0.089538
0.201887
-0.14463
0.316756
-0.276236
0.526953
-0.494749
0.513754
0.0128273
0.520574
-0.00325963
0.527979
-0.00285796
0.535105
-0.00150489
0.542555
-0.000707294
0.550731
-0.00031655
0.559783
-0.000147332
0.569657
-6.97147e-05
0.580185
-3.33488e-05
0.591127
-1.62373e-05
0.602194
-7.99794e-06
0.613092
-3.99153e-06
0.623536
-2.05067e-06
0.633287
-1.09475e-06
0.64216
-6.11167e-07
0.650039
-3.57244e-07
0.656874
-2.19275e-07
0.662668
-1.3769e-07
0.66747
-7.90389e-08
0.67135
-2.50753e-08
0.674391
3.39311e-09
0.676666
3.53271e-08
0.678242
4.16234e-08
0.679168
4.74311e-08
5.443e-08
0.53633
-0.00137625
0.535252
0.00136487
0.535536
0.00138689
0.538788
0.000851397
0.544334
0.000484767
0.551605
0.000271021
0.560217
0.000144446
0.569877
7.52372e-05
0.5803
3.84879e-05
0.59119
1.93381e-05
0.602233
9.58795e-06
0.613118
4.66179e-06
0.623556
2.21501e-06
0.633304
1.01871e-06
0.642176
4.46937e-07
0.650055
1.80093e-07
0.656889
6.16528e-08
0.662683
1.31473e-08
0.667485
-4.66135e-11
0.671366
3.83776e-09
0.674407
1.17858e-08
0.676682
2.3712e-08
0.678258
2.49799e-08
0.679184
2.77516e-08
2.86253e-08
0.511533
-4.07717e-05
0.518781
-0.00239979
0.526548
-0.00188246
0.534094
-0.00109922
0.541917
-0.000608265
0.550376
-0.000332547
0.559597
-0.000174951
0.569567
-9.02943e-05
0.580147
-4.59239e-05
0.591114
-2.30521e-05
0.602196
-1.14911e-05
0.6131
-5.67362e-06
0.623548
-2.77237e-06
0.6333
-1.33436e-06
0.642174
-6.24944e-07
0.650054
-2.80507e-07
0.656889
-1.20395e-07
0.662683
-4.56741e-08
0.667485
-1.49663e-08
0.671366
-1.01922e-08
0.674407
-4.93998e-09
0.676682
-4.18855e-09
0.678258
9.66924e-10
0.679184
4.10163e-10
-1.33503e-08
0.537214
-0.0140169
0.535695
0.00257776
0.53576
0.00253499
0.538902
0.00134374
0.544391
0.000628136
0.551634
0.000277314
0.560231
0.000127969
0.569884
6.0171e-05
0.580304
2.86198e-05
0.591192
1.38479e-05
0.602234
6.7416e-06
0.613118
3.29164e-06
0.623557
1.63664e-06
0.633304
8.35464e-07
0.642176
4.43297e-07
0.650055
2.44918e-07
0.656889
1.38136e-07
0.662683
7.91468e-08
0.667485
3.75341e-08
0.671366
-4.304e-09
0.674407
-2.06904e-08
0.676682
-3.78595e-08
0.678258
-3.42899e-08
0.679184
-3.45863e-08
-4.73454e-08
0.515385
0.521377
0.528379
0.535303
0.542653
0.55078
0.559807
0.569669
0.580191
0.591129
0.602196
0.613092
0.623536
0.633287
0.64216
0.650039
0.656874
0.662668
0.66747
0.67135
0.674391
0.676666
0.678242
0.679168
0.00858008
-0.00235018
0.0170645
-0.00260978
0.0252183
-0.00309468
0.0326218
-0.00373818
0.0387733
-0.0044512
0.0432802
-0.00514204
0.04603
-0.0057401
0.0472588
-0.00621484
0.0474855
-0.00658307
0.0473181
-0.00689954
0.0472457
-0.00723298
0.0475267
-0.00764319
0.0482174
-0.00816848
0.0492943
-0.00883249
0.0507528
-0.00965919
0.0526307
-0.0106848
0.054992
-0.0119633
0.0579188
-0.0135702
0.0615205
-0.0156119
0.0659471
-0.0182429
0.0714048
-0.0216931
0.0781755
-0.0263167
0.0866364
-0.032675
0.0972592
-0.041681
0.110497
-0.0548598
0.126319
-0.074716
0.141709
-0.10525
0.149968
-0.152914
0.115827
-0.241657
-0.377897
0.00843029
-0.003056
0.0167849
-0.00340011
0.0248476
-0.00404433
0.0322116
-0.00490244
0.0383762
-0.00585792
0.0429365
-0.00678902
0.0457566
-0.00759975
0.0470459
-0.0082456
0.0473013
-0.00874431
0.0471232
-0.00916515
0.0470059
-0.00959843
0.0472196
-0.010124
0.0478291
-0.0107941
0.0488104
-0.0116391
0.0501515
-0.0126877
0.0518799
-0.0139831
0.0540459
-0.0155892
0.0567132
-0.0175955
0.0599614
-0.0201261
0.0638931
-0.0233569
0.0686371
-0.0275427
0.0743458
-0.0330593
0.081177
-0.0404719
0.0892387
-0.0506398
0.0984388
-0.064881
0.108175
-0.0851778
0.116819
-0.114482
0.120347
-0.156833
0.0923345
-0.213775
-0.28542
0.00823173
-0.00369274
0.0164135
-0.00411879
0.0243532
-0.00491877
0.0316617
-0.00598944
0.0378409
-0.00718924
0.0424706
-0.00836732
0.0453849
-0.00940129
0.0467577
-0.0102298
0.0470564
-0.0108678
0.0468702
-0.0113959
0.0466987
-0.0119247
0.046828
-0.0125549
0.0473351
-0.0133538
0.0481969
-0.0143595
0.0493929
-0.0156044
0.0509378
-0.017135
0.052867
-0.0190211
0.0552229
-0.0213593
0.0580539
-0.024281
0.0614147
-0.0279673
0.0653607
-0.0326716
0.0699301
-0.0387512
0.0751049
-0.0467131
0.0807258
-0.0572724
0.0863103
-0.0714187
0.0906941
-0.0904443
0.0912264
-0.115804
0.0825663
-0.148838
0.0552201
-0.186944
-0.230576
0.00798588
-0.00424684
0.0159522
-0.00475127
0.0237363
-0.00570174
0.0309711
-0.00698124
0.0371635
-0.00842624
0.0418763
-0.00985831
0.0449081
-0.0111278
0.0463893
-0.0121532
0.0467496
-0.0129421
0.0465616
-0.0135824
0.0463305
-0.0142027
0.0463614
-0.014925
0.0467476
-0.0158335
0.0474694
-0.0169752
0.0484976
-0.0183849
0.0498333
-0.0201102
0.0514959
-0.0222219
0.053507
-0.0248176
0.0558853
-0.0280271
0.0586427
-0.0320235
0.0617729
-0.0370402
0.0652272
-0.0433904
0.0688687
-0.0514915
0.0723896
-0.061885
0.0751626
-0.0752375
0.076
-0.0922761
0.0727917
-0.113527
0.0621723
-0.139072
0.0399661
-0.165501
-0.191304
0.00769478
-0.00470722
0.015404
-0.00528525
0.0229989
-0.00637889
0.0301392
-0.00786109
0.03634
-0.00955029
0.0411467
-0.0112428
0.0443183
-0.0127611
0.045934
-0.0140002
0.046378
-0.0149551
0.0462
-0.0157154
0.0459089
-0.0164249
0.0458311
-0.0172266
0.0460813
-0.0182237
0.0466464
-0.0194738
0.0474898
-0.0210141
0.0485988
-0.0228905
0.0499771
-0.0251712
0.0516274
-0.0279494
0.0535428
-0.0313463
0.0557003
-0.0355184
0.0580474
-0.0406676
0.0604771
-0.0470509
0.0627854
-0.0549874
0.0646045
-0.0648526
0.0652995
-0.0770438
0.0638322
-0.0918813
0.0586325
-0.109357
0.0474947
-0.128915
0.0286754
-0.147613
-0.163525
0.00736119
-0.00506566
0.0147732
-0.00571118
0.0221446
-0.00693816
0.0291665
-0.00861385
0.0353665
-0.0105434
0.040274
-0.0125009
0.0436056
-0.0142815
0.0453835
-0.0157534
0.0459374
-0.0168928
0.0457868
-0.0177852
0.0454412
-0.0185848
0.0452496
-0.0194549
0.0453525
-0.0205193
0.0457482
-0.0218489
0.0463953
-0.0234843
0.0472679
-0.025468
0.0483552
-0.0278622
0.0496435
-0.0307518
0.0511056
-0.0342451
0.0526926
-0.0384765
0.0543212
-0.0436114
0.0558513
-0.0498485
0.0570517
-0.0574143
0.0575525
-0.0665444
0.0567837
-0.077434
0.0539139
-0.0901398
0.0478434
-0.104384
0.0372471
-0.119385
0.0214828
-0.132886
-0.143061
0.00698866
-0.00531708
0.0140655
-0.00602252
0.0211786
-0.00737022
0.0280552
-0.00922642
0.0342402
-0.0113885
0.0392504
-0.0136129
0.0427594
-0.015668
0.0447269
-0.0173929
0.0454212
-0.0187394
0.0453218
-0.0197806
0.0449341
-0.0206761
0.0446293
-0.0216069
0.044578
-0.022719
0.0447957
-0.0240997
0.0452399
-0.0257949
0.0458733
-0.0278434
0.0466717
-0.0302993
0.0476085
-0.0332365
0.0486412
-0.0367474
0.0497039
-0.0409424
0.0506958
-0.0459504
0.051463
-0.0519154
0.0517742
-0.0589852
0.0512903
-0.0672861
0.049534
-0.0768739
0.0458746
-0.0876507
0.0395725
-0.0992281
0.0298771
-0.110814
0.0166327
-0.120749
-0.127524
0.00658156
-0.00545981
0.0132881
-0.00621607
0.0201084
-0.00766888
0.0268097
-0.00968831
0.0329601
-0.0120702
0.0380688
-0.0145587
0.0417678
-0.0168982
0.0439516
-0.0188966
0.0448197
-0.0204756
0.0448017
-0.0216883
0.0443922
-0.0226918
0.0439818
-0.0236809
0.0437746
-0.0248244
0.0438096
-0.0262294
0.0440484
-0.0279508
0.044445
-0.0300246
0.0449639
-0.0324956
0.0455678
-0.035425
0.0462044
-0.0388884
0.0467981
-0.0429724
0.0472407
-0.0477721
0.0473787
-0.0533842
0.0469966
-0.0598936
0.0458008
-0.067347
0.0434095
-0.0757111
0.0393624
-0.0848083
0.0331789
-0.094229
0.0244615
-0.103265
0.0132666
-0.110709
-0.115405
0.00614516
-0.00549557
0.01245
-0.00629215
0.018944
-0.0078314
0.0254372
-0.00999215
0.0315277
-0.0125754
0.0367234
-0.0153195
0.040619
-0.0179487
0.0430431
-0.0202397
0.0441199
-0.022079
0.04422
-0.0234915
0.0438171
-0.0246223
0.0433166
-0.0256748
0.0429576
-0.0268391
0.0428093
-0.0282454
0.0428437
-0.0299619
0.0430101
-0.032025
0.0432636
-0.0344703
0.0435589
-0.0373457
0.0438378
-0.0407099
0.0440208
-0.0446277
0.0439999
-0.0491644
0.0436304
-0.0543782
0.0427211
-0.0603062
0.0410274
-0.0669409
0.0382536
-0.0741964
0.0340732
-0.0818637
0.0281842
-0.0895573
0.0203976
-0.0966805
0.0108544
-0.102358
-0.105738
0.00568552
-0.00542951
0.0115622
-0.00625459
0.017698
-0.00785882
0.0239485
-0.0101343
0.0299479
-0.0128941
0.0352111
-0.0158779
0.039302
-0.018796
0.0419852
-0.0213951
0.0433057
-0.0235232
0.0435657
-0.0251686
0.043206
-0.0264546
0.0426399
-0.0275847
0.0421406
-0.0287671
0.0418128
-0.0301574
0.0416467
-0.0318421
0.0415921
-0.0338623
0.0415974
-0.0362469
0.0416112
-0.0390308
0.0415724
-0.0422567
0.0414019
-0.0459695
0.0409969
-0.0502101
0.0402261
-0.0550065
0.0389252
-0.0603612
0.0368963
-0.066232
0.0339156
-0.0725066
0.0297571
-0.0789725
0.0242385
-0.0852875
0.0172891
-0.0909661
0.00907506
-0.0953692
-0.0978834
0.00520942
-0.00526992
0.0106369
-0.00611069
0.016386
-0.00775603
0.0223579
-0.0101152
0.0282295
-0.0130199
0.0335322
-0.0162198
0.0378078
-0.0194177
0.0407616
-0.0223343
0.0423582
-0.0247776
0.042823
-0.0266928
0.0425508
-0.02817
0.0419534
-0.0294027
0.0413337
-0.030611
0.0408357
-0.0319759
0.0404759
-0.0336075
0.0402112
-0.0355575
0.0399866
-0.0378519
0.0397468
-0.0405147
0.0394296
-0.0435735
0.038959
-0.0470565
0.0382403
-0.0509843
0.0371577
-0.0553626
0.0355732
-0.0601701
0.0333297
-0.0653445
0.0302612
-0.0707635
0.0262146
-0.0762268
0.021086
-0.0814408
0.0148692
-0.0860172
0.00772786
-0.0894864
-0.0914095
0.00472423
-0.0050279
0.00968794
-0.00587093
0.0150257
-0.00753179
0.0206837
-0.00994003
0.0263863
-0.0129517
0.0316919
-0.0163347
0.0361308
-0.0197934
0.0393571
-0.0230285
0.0412562
-0.0258088
0.0419711
-0.0280312
0.0418373
-0.0297429
0.0412527
-0.0311145
0.0405421
-0.0323693
0.0398903
-0.0337104
0.039347
-0.0352752
0.0388842
-0.0371333
0.0384482
-0.0393135
0.0379817
-0.0418319
0.037423
-0.0447038
0.0367004
-0.0479425
0.0357287
-0.0515532
0.0344077
-0.0555249
0.0326234
-0.0598216
0.0302529
-0.0643703
0.0271751
-0.0690497
0.0232886
-0.0736785
0.0185396
-0.07801
0.0129551
-0.0817363
0.00668412
-0.0845095
-0.0860146
0.00423765
-0.00471682
0.00872991
-0.00554852
0.0136373
-0.00719846
0.0189479
-0.00961843
0.0244374
-0.0126935
0.029701
-0.0162179
0.0342703
-0.0199072
0.037759
-0.0234502
0.0399781
-0.0265808
0.040985
-0.0291456
0.0410451
-0.0311397
0.0405261
-0.0326973
0.0397652
-0.0340333
0.0389843
-0.0353662
0.0382724
-0.0368616
0.0376247
-0.0386132
0.0369951
-0.0406604
0.0363269
-0.043017
0.03556
-0.0456886
0.0346276
-0.0486767
0.0334539
-0.0519741
0.0319533
-0.0555586
0.0300331
-0.0593851
0.0275981
-0.0633772
0.0245609
-0.0674201
0.0208563
-0.0713542
0.0164617
-0.0749745
0.0114192
-0.0780375
0.00585945
-0.0802833
-0.0814837
0.00375749
-0.00435168
0.00777801
-0.00515886
0.012242
-0.00677159
0.0171756
-0.00916479
0.0224069
-0.0122555
0.0275769
-0.0158715
0.0322323
-0.0197492
0.0359593
-0.023576
0.0385038
-0.0270583
0.0398374
-0.0299931
0.0401469
-0.0323179
0.0397537
-0.0341178
0.0389939
-0.0355843
0.0381195
-0.036941
0.0372605
-0.0383784
0.0364434
-0.0400191
0.035637
-0.0419213
0.0347896
-0.0441035
0.0338436
-0.0465666
0.0327372
-0.0493031
0.0314035
-0.0522966
0.0297701
-0.0555171
0.0277617
-0.0589149
0.0253055
-0.0624147
0.022339
-0.0659108
0.0188218
-0.0692653
0.0147501
-0.0723084
0.0101714
-0.0748479
0.00519706
-0.0766873
-0.0776597
0.00329133
-0.00394835
0.00684736
-0.00471877
0.0108621
-0.00626927
0.0153944
-0.00859763
0.0203236
-0.0116541
0.0253441
-0.0153049
0.0300305
-0.0193174
0.0339572
-0.0233889
0.036817
-0.0272085
0.0385004
-0.030529
0.0391104
-0.0332279
0.0389075
-0.035331
0.03821
-0.03699
0.037289
-0.0384204
0.0363136
-0.0398292
0.035347
-0.0413686
0.034381
-0.0431228
0.0333741
-0.0451237
0.0322736
-0.0473739
0.0310231
-0.0498613
0.0295632
-0.0525632
0.027833
-0.0554445
0.0257717
-0.0584537
0.0233234
-0.061519
0.0204441
-0.0645453
0.0171102
-0.0674139
0.0133285
-0.0699852
0.0091463
-0.0721066
0.00465767
-0.073628
-0.0744256
0.00284624
-0.00352282
0.00595232
-0.00424572
0.00951924
-0.00571139
0.013633
-0.00793894
0.0182203
-0.0109114
0.0230333
-0.014536
0.0276873
-0.0186196
0.0317608
-0.0228814
0.0349086
-0.0270055
0.0369492
-0.0307103
0.0379005
-0.0338152
0.0379518
-0.0362804
0.0373848
-0.0382034
0.0364761
-0.0397741
0.0354261
-0.0412039
0.034337
-0.0426699
0.0332307
-0.0442863
0.0320824
-0.046107
0.0308482
-0.0481443
0.0294775
-0.0503875
0.0279183
-0.052811
0.0261187
-0.0553773
0.0240295
-0.0580351
0.021608
-0.0607171
0.0188233
-0.0633385
0.0156627
-0.0657979
0.012139
-0.0679802
0.00829629
-0.0697637
0.00421337
-0.0710326
-0.0716936
0.0024284
-0.00309039
0.00510592
-0.00375697
0.00823421
-0.00511861
0.0119198
-0.00721322
0.0161323
-0.0100543
0.0206816
-0.0135907
0.0252343
-0.0176743
0.0293889
-0.0220578
0.0327792
-0.0264342
0.035165
-0.0305003
0.0364834
-0.0340251
0.0368453
-0.0369015
0.0364801
-0.0391621
0.0356522
-0.0409527
0.0345819
-0.0424734
0.0334074
-0.0439159
0.0321851
-0.045423
0.0309141
-0.0470767
0.029564
-0.048908
0.0280925
-0.0509146
0.0264543
-0.0530734
0.0246054
-0.0553474
0.0225057
-0.0576869
0.0201221
-0.0600296
0.0174332
-0.0623006
0.0144333
-0.064413
0.0111375
-0.0662717
0.00758584
-0.0677789
0.00384399
-0.0688443
-0.0693966
0.00204291
-0.00266499
0.00431922
-0.00326874
0.00702544
-0.0045114
0.0102821
-0.00644631
0.0140952
-0.00911388
0.01833
-0.0125022
0.0227111
-0.0165109
0.0268713
-0.020936
0.0304418
-0.0254937
0.0331397
-0.0298741
0.0348307
-0.0338082
0.0355457
-0.0371263
0.0354502
-0.0397903
0.034777
-0.0418869
0.0337522
-0.0435855
0.0325415
-0.0450773
0.0312363
-0.0465265
0.0298651
-0.0480446
0.0284164
-0.0496882
0.0268597
-0.0514715
0.0251579
-0.0533806
0.023274
-0.055383
0.0211749
-0.057433
0.0188349
-0.0594738
0.0162389
-0.0614393
0.0133853
-0.063255
0.0102901
-0.0648417
0.00698826
-0.0661203
0.00353455
-0.0670194
-0.0674838
0.00169355
-0.00225858
0.00360089
-0.0027955
0.00590837
-0.00390904
0.00874392
-0.00566403
0.0121434
-0.00812292
0.0160218
-0.011309
0.0201638
-0.015169
0.0242492
-0.0195487
0.0279233
-0.0242001
0.0308792
-0.0288237
0.0329246
-0.0331281
0.0340152
-0.0368916
0.0342453
-0.0400064
0.0338008
-0.0424902
0.0328949
-0.0444626
0.0317096
-0.046097
0.0303662
-0.0475648
0.0289245
-0.0490021
0.0273973
-0.050494
0.0257704
-0.0520785
0.0240171
-0.0537578
0.0221078
-0.0555097
0.0200159
-0.0572956
0.0177209
-0.0590659
0.015212
-0.0607626
0.0124902
-0.0623218
0.00957042
-0.0636772
0.0064832
-0.064764
0.00327389
-0.0655251
-0.0659171
0.00138268
-0.00188073
0.00295685
-0.00234936
0.00489471
-0.00332867
0.00732563
-0.00489084
0.0103077
-0.00711474
0.0137993
-0.0100532
0.0176428
-0.0136963
0.0215729
-0.0179419
0.0252646
-0.0225885
0.0284056
-0.0273624
0.0307628
-0.0319683
0.0322264
-0.036148
0.0328188
-0.0397317
0.032668
-0.0426655
0.0319567
-0.045006
0.0308677
-0.0468872
0.029543
-0.0484724
0.0280713
-0.0499101
0.0264925
-0.0513106
0.0248128
-0.0527389
0.0230195
-0.0542196
0.0210922
-0.055747
0.0190107
-0.0572945
0.0167593
-0.0588218
0.0143301
-0.06028
0.0117251
-0.0616149
0.00895816
-0.0627708
0.00605512
-0.0636943
0.00305349
-0.0643391
-0.0646704
0.00111119
-0.00153836
0.00239012
-0.00193963
0.00399197
-0.00278457
0.00604239
-0.00414856
0.00861429
-0.00612105
0.0117017
-0.00877745
0.0151992
-0.0121454
0.0188994
-0.0161731
0.0225192
-0.0207118
0.0257584
-0.0255272
0.0283618
-0.0303383
0.0301685
-0.0348692
0.0311344
-0.0389028
0.0313244
-0.042318
0.0308773
-0.0451022
0.0299589
-0.0473344
0.02872
-0.0491484
0.0272708
-0.0506908
0.0256775
-0.0520869
0.0239691
-0.0534262
0.0221503
-0.0547585
0.0202127
-0.0560998
0.0181438
-0.0574406
0.015933
-0.0587537
0.013575
-0.0600012
0.0110725
-0.061139
0.00843759
-0.0621211
0.00569213
-0.0629036
0.00286696
-0.0634488
-0.0637285
0.000878592
-0.00123573
0.00190089
-0.0015727
0.00320337
-0.00228759
0.00490375
-0.00345532
0.00708297
-0.00517016
0.00976226
-0.00752281
0.0128813
-0.0105708
0.0162881
-0.0143075
0.0197499
-0.0186383
0.022993
-0.0233783
0.0257588
-0.0282767
0.0278523
-0.0330605
0.029174
-0.0374835
0.0297266
-0.04137
0.0295968
-0.0446397
0.0289191
-0.0473077
0.0278371
-0.0494613
0.026473
-0.0512252
0.0249134
-0.0527267
0.0232101
-0.0540706
0.0213872
-0.0553296
0.0194509
-0.0565433
0.0173987
-0.0577231
0.0152262
-0.0588591
0.0129313
-0.0599274
0.0105178
-0.0608954
0.00799628
-0.0617273
0.00538503
-0.0623882
0.00270935
-0.0628476
-0.0630829
0.000683157
-0.000974602
0.00148675
-0.00125202
0.00252791
-0.00184496
0.00391342
-0.0028248
0.00572631
-0.00428547
0.00800668
-0.0063258
0.0107309
-0.0090248
0.0137967
-0.012413
0.017024
-0.0164469
0.0201773
-0.0209956
0.0230104
-0.0258517
0.0253124
-0.030763
0.026943
-0.0354754
0.0278503
-0.0397763
0.0280664
-0.0435275
0.0276846
-0.0466793
0.026827
-0.0492619
0.0256145
-0.0513613
0.0241465
-0.053088
0.0224929
-0.0545506
0.0206968
-0.0558363
0.0187808
-0.0570053
0.0167543
-0.0580909
0.0146211
-0.0591029
0.0123838
-0.0600342
0.0100479
-0.0608664
0.00762351
-0.0615752
0.00512614
-0.0621349
0.00257665
-0.0625225
-0.0627207
0.000522178
-0.000754533
0.00114307
-0.000978382
0.00196089
-0.00146035
0.00306954
-0.0022659
0.00454936
-0.00348445
0.00645178
-0.00521643
0.00878075
-0.00755379
0.0114763
-0.0105552
0.0144082
-0.0142208
0.0173859
-0.0184735
0.0201886
-0.0231567
0.0226061
-0.0280542
0.0244741
-0.032924
0.0256977
-0.0375371
0.0262584
-0.0417139
0.0262038
-0.0453473
0.0256243
-0.0484078
0.0246265
-0.0509313
0.0233109
-0.0529961
0.0217597
-0.054697
0.0200314
-0.056125
0.0181639
-0.0573538
0.0161802
-0.0584343
0.0140935
-0.0593958
0.0119131
-0.0602494
0.0096476
-0.0609925
0.00730774
-0.0616139
0.00490761
-0.0620988
0.00246486
-0.062432
-0.0626017
0.000392222
-0.000573329
0.000863595
-0.000750325
0.00149452
-0.00113417
0.00236528
-0.00178287
0.00354995
-0.00277817
0.00510488
-0.00421675
0.007053
-0.0061957
0.0093678
-0.00879228
0.011963
-0.0120408
0.0146939
-0.015912
0.0173745
-0.0203029
0.0198093
-0.0250429
0.0218258
-0.0299186
0.0233007
-0.0347055
0.0241741
-0.0392021
0.0244489
-0.0432583
0.024178
-0.0467908
0.0234441
-0.0497817
0.0223382
-0.0522662
0.0209442
-0.0543115
0.019331
-0.055997
0.0175492
-0.0573982
0.0156341
-0.0585777
0.0136096
-0.0595801
0.0114926
-0.0604327
0.00929638
-0.0611487
0.00703406
-0.0617311
0.00471968
-0.0621764
0.00236912
-0.0624783
-0.0626308
0.000289424
-0.000427508
0.00064093
-0.000564624
0.00111883
-0.000864083
0.00178986
-0.00137566
0.00271961
-0.00217142
0.00396426
-0.00334029
0.00555809
-0.0049779
0.00749911
-0.00717105
0.00973722
-0.00997802
0.0121701
-0.0134085
0.014651
-0.0174088
0.017009
-0.0218591
0.0190777
-0.0265857
0.0207202
-0.031386
0.021847
-0.0360571
0.022423
-0.0404245
0.0224634
-0.044363
0.0220206
-0.0478059
0.0211672
-0.050741
0.0199804
-0.0531985
0.0185307
-0.0552336
0.0168767
-0.0569114
0.0150637
-0.0582943
0.0131254
-0.0594349
0.0110866
-0.0603729
0.00896674
-0.0611352
0.00678237
-0.0617374
0.00454917
-0.0621869
0.00228293
-0.0624867
-0.0626365
0.000209762
-0.000312794
0.00046716
-0.000416852
0.000822459
-0.000645682
0.00132967
-0.00104072
0.00204478
-0.00166339
0.0030202
-0.00259224
0.00429528
-0.00391649
0.00588432
-0.00572474
0.00776498
-0.0080893
0.00987111
-0.0110482
0.0120941
-0.0145893
0.0142943
-0.0186412
0.0163218
-0.0230763
0.0180395
-0.0277261
0.0193414
-0.032404
0.0201641
-0.03693
0.0204893
-0.0411544
0.0203383
-0.0449719
0.0197594
-0.0483269
0.0188153
-0.0512088
0.0175711
-0.0536405
0.0160867
-0.0556657
0.0144131
-0.0573363
0.0125911
-0.0587032
0.0106532
-0.0598105
0.00862495
-0.0606932
0.00652751
-0.0613767
0.00437945
-0.061878
0.00219802
-0.0622075
-0.0623709
0.00014929
-0.000224554
0.000334342
-0.000301912
0.00059355
-0.00047317
0.000969497
-0.000771832
0.00150841
-0.00124863
0.00225666
-0.00197047
0.00325399
-0.00301681
0.004524
-0.00447206
0.0060639
-0.00641387
0.00783626
-0.00889821
0.00976634
-0.0119441
0.0117471
-0.0155219
0.0136523
-0.0195495
0.0153549
-0.0238997
0.0167448
-0.0284144
0.0177412
-0.0329258
0.0183003
-0.0372766
0.0184149
-0.0413382
0.0181077
-0.045021
0.0174221
-0.0482767
0.0164115
-0.0510934
0.0151309
-0.0534863
0.0136318
-0.0554879
0.011959
-0.0571383
0.0101499
-0.0584776
0.00823567
-0.059542
0.0062423
-0.0603613
0.0041921
-0.0609579
0.0021051
-0.0613474
-0.0615398
0.000104326
-0.000158169
0.000234923
-0.000214505
0.000420459
-0.000340035
0.000693666
-0.000561106
0.00109153
-0.000918373
0.00165331
-0.00146695
0.00241593
-0.00227476
0.00340689
-0.00341793
0.00463576
-0.00497259
0.00608622
-0.00700325
0.00771129
-0.00954959
0.00943405
-0.0126142
0.0111548
-0.0161554
0.0127639
-0.0200868
0.0141565
-0.0242867
0.0152458
-0.0286113
0.0159713
-0.0329119
0.0163034
-0.0370524
0.0162415
-0.0409221
0.0158079
-0.0444437
0.0150405
-0.0475729
0.0139846
-0.0502954
0.0126873
-0.0526186
0.011193
-0.0545645
0.00954157
-0.0561619
0.00776788
-0.0574409
0.00590193
-0.0584294
0.00396995
-0.0591504
0.0019954
-0.0596214
-0.0598539
7.15784e-05
-0.000109313
0.000162045
-0.000149504
0.000292328
-0.000239625
0.000486971
-0.000399841
0.000774704
-0.000661814
0.00118749
-0.00106952
0.0017576
-0.00167893
0.00251256
-0.00255557
0.00346855
-0.00376924
0.00462343
-0.00538552
0.00595134
-0.00745515
0.00740084
-0.0100029
0.00889784
-0.0130184
0.0103534
-0.0164527
0.0116754
-0.0202205
0.0127791
-0.024209
0.0135971
-0.0282899
0.0140849
-0.0323334
0.0142229
-0.0362222
0.0140144
-0.0398606
0.0134804
-0.0431802
0.0126536
-0.0461395
0.0115728
-0.0487208
0.0102784
-0.0509241
0.00880962
-0.0527613
0.00720249
-0.0542508
0.00548971
-0.0554127
0.00370075
-0.0562658
0.00186247
-0.0568256
-0.0571026
4.82158e-05
-7.41307e-05
0.000109724
-0.000102223
0.00019947
-0.000165598
0.000335412
-0.000279294
0.000539247
-0.000467297
0.000836104
-0.000763652
0.0012528
-0.00121294
0.00181447
-0.00186931
0.00253967
-0.00279337
0.00343474
-0.00404646
0.00448864
-0.0056826
0.00566987
-0.00773919
0.00692667
-0.0102282
0.0081912
-0.0131301
0.00938704
-0.0163928
0.0104385
-0.0199351
0.0112785
-0.0236552
0.0118555
-0.0274403
0.0121374
-0.0311784
0.0121119
-0.034768
0.0117845
-0.0381261
0.0111745
-0.0411913
0.0103105
-0.0439234
0.0092261
-0.0463011
0.00795668
-0.0483175
0.0065373
-0.0499754
0.00500141
-0.0512836
0.00338043
-0.0522524
0.00170391
-0.0528918
-0.0532095
3.18877e-05
-4.93331e-05
7.2935e-05
-6.85735e-05
0.000133582
-0.000112235
0.00022666
-0.000191249
0.000368118
-0.000323311
0.000577079
-0.000534034
0.00087491
-0.000857808
0.00128307
-0.00133775
0.00181969
-0.00202413
0.00249528
-0.00297079
0.00330829
-0.00422945
0.00424167
-0.00584246
0.00526164
-0.00783508
0.00631926
-0.010209
0.00735485
-0.0129388
0.00830469
-0.0159722
0.00910793
-0.0192343
0.0097125
-0.0226345
0.0100799
-0.0260748
0.0101873
-0.0294589
0.0100281
-0.0326993
0.00960912
-0.0357232
0.00894833
-0.0384747
0.00807105
-0.0409145
0.00700706
-0.043018
0.00578818
-0.0447724
0.00444667
-0.0461728
0.0030143
-0.0472195
0.00152201
-0.0479149
-0.0482616
2.07068e-05
-3.22217e-05
4.75948e-05
-4.51366e-05
8.78013e-05
-7.461e-05
0.000150284
-0.000128396
0.000246464
-0.000219215
0.000390459
-0.000365817
0.000598664
-0.000593939
0.000888461
-0.000936761
0.00127595
-0.00143433
0.00177283
-0.0021315
0.00238288
-0.00307423
0.00309877
-0.00430421
0.00390015
-0.00585273
0.00475365
-0.00773464
0.00561513
-0.00994385
0.00643389
-0.0124514
0.00715817
-0.0152072
0.00774009
-0.0181432
0.00814014
-0.02118
0.0083303
-0.0242327
0.0082954
-0.0272188
0.00803277
-0.0300629
0.00755071
-0.0327007
0.00686615
-0.0350812
0.00600225
-0.0371659
0.00498616
-0.0389284
0.0038473
-0.0403512
0.00261612
-0.041424
0.00132342
-0.0421413
-0.0425004
1.32038e-05
-2.06583e-05
3.04941e-05
-2.91563e-05
5.66473e-05
-4.86553e-05
9.77758e-05
-8.45252e-05
0.000161856
-0.000145686
0.000259015
-0.000245501
0.00040141
-0.000402693
0.000602513
-0.00064199
0.000875673
-0.000994137
0.00123196
-0.0014949
0.00167755
-0.00218275
0.00221104
-0.00309526
0.00282143
-0.00426438
0.00348729
-0.00571144
0.00417757
-0.00744275
0.00485401
-0.00944659
0.00547493
-0.0116927
0.00599927
-0.014134
0.00639031
-0.0167098
0.00661896
-0.0193506
0.00666575
-0.0219838
0.00652154
-0.0245384
0.00618715
-0.0269495
0.0056721
-0.0291606
0.00499292
-0.0311253
0.00417141
-0.0328074
0.00323298
-0.0341797
0.00220539
-0.0352231
0.00111778
-0.035925
-0.0362777
8.26875e-06
-1.30034e-05
1.91849e-05
-1.84859e-05
3.58788e-05
-3.11319e-05
6.24294e-05
-5.45741e-05
0.000104273
-9.49176e-05
0.000168479
-0.000161448
0.000263784
-0.000267415
0.00040023
-0.000430703
0.000588306
-0.000674136
0.000837531
-0.00102512
0.00115458
-0.00151434
0.00154122
-0.00217343
0.00199247
-0.00303167
0.00249549
-0.00411203
0.00302949
-0.00542736
0.00356695
-0.00697723
0.00407593
-0.00874622
0.00452316
-0.0107042
0.00487693
-0.0128077
0.00511005
-0.0150031
0.005202
-0.0172305
0.00514023
-0.0194276
0.00492058
-0.0215339
0.00454681
-0.0234938
0.00402966
-0.0252581
0.00338561
-0.026786
0.00263554
-0.0280446
0.00180354
-0.029009
0.000915841
-0.0296613
-0.0299901
5.08635e-06
-8.03745e-06
1.18539e-05
-1.15065e-05
2.23125e-05
-1.95485e-05
3.91253e-05
-3.45659e-05
6.59109e-05
-6.064e-05
0.000107479
-0.000104066
0.000169923
-0.000173976
0.000260474
-0.000282944
0.000387012
-0.000447386
0.000557175
-0.000687561
0.000777087
-0.00102693
0.00104985
-0.00149075
0.00137403
-0.00210384
0.00174254
-0.00288774
0.00214217
-0.00385759
0.00255397
-0.00501931
0.00295457
-0.00636748
0.00331829
-0.00788463
0.00361934
-0.00954165
0.00383415
-0.0112993
0.00394345
-0.0131107
0.00393373
-0.0149244
0.00379809
-0.016688
0.00353635
-0.0183504
0.00315469
-0.0198647
0.00266491
-0.0211896
0.00208337
-0.0222904
0.00143007
-0.0231397
0.000727537
-0.023717
-0.0240089
3.07382e-06
-4.87954e-06
7.19454e-06
-7.03297e-06
1.36267e-05
-1.20491e-05
2.40726e-05
-2.14821e-05
4.08862e-05
-3.79986e-05
6.72587e-05
-6.57652e-05
0.000107325
-0.000110921
0.000166127
-0.000182067
0.00024936
-0.000290669
0.00036283
-0.000451216
0.000511635
-0.000680978
0.000699102
-0.000999217
0.000925655
-0.00142577
0.00118782
-0.00197908
0.00147763
-0.00267387
0.00178259
-0.00351878
0.00208632
-0.00451438
0.00236983
-0.00565194
0.00261316
-0.0069132
0.00279712
-0.00827088
0.002905
-0.00969015
0.00292401
-0.0111308
0.0028463
-0.0125495
0.00266939
-0.0139027
0.00239621
-0.0151483
0.0020347
-0.0162483
0.0015972
-0.0171694
0.00109957
-0.0178844
0.000560395
-0.0183727
-0.0186202
1.82535e-06
-2.91032e-06
4.29016e-06
-4.22209e-06
8.17449e-06
-7.29188e-06
1.45438e-05
-1.31035e-05
2.48961e-05
-2.33611e-05
4.12982e-05
-4.07596e-05
6.64831e-05
-6.93256e-05
0.000103865
-0.000114794
0.000157415
-0.000184949
0.000231359
-0.000289842
0.000329654
-0.000441754
0.000455288
-0.000654796
0.000609459
-0.000944064
0.000790797
-0.00132434
0.000994775
-0.00180844
0.00121349
-0.00240539
0.00143589
-0.00311876
0.00164851
-0.00394531
0.00183656
-0.00487445
0.00198518
-0.00588816
0.00208077
-0.00696171
0.00211226
-0.00806496
0.00207205
-0.0091641
0.00195662
-0.0102237
0.0017668
-0.0112084
0.00150765
-0.0120853
0.00118807
-0.0128248
0.000820205
-0.0134019
0.000418722
-0.0137977
-0.0139988
1.06538e-06
-1.70574e-06
2.51403e-06
-2.49014e-06
4.81787e-06
-4.33393e-06
8.63038e-06
-7.84695e-06
1.48843e-05
-1.4095e-05
2.48879e-05
-2.47824e-05
4.04027e-05
-4.24891e-05
6.36764e-05
-7.0944e-05
9.7394e-05
-0.000115295
0.00014451
-0.000182315
0.00020794
-0.000280463
0.000290102
-0.000419712
0.000392361
-0.000611072
0.000514451
-0.000865775
0.000653979
-0.00119415
0.000806149
-0.00160433
0.000963777
-0.00210089
0.00111765
-0.00268368
0.00125725
-0.00334714
0.00137157
-0.00407997
0.00145012
-0.00486532
0.0014839
-0.00568154
0.00146628
-0.00650336
0.00139358
-0.00730328
0.00126543
-0.00805324
0.00108486
-0.0087261
0.000858036
-0.00929711
0.00059393
-0.00974508
0.000303691
-0.0100533
-0.0102104
6.11301e-07
-9.82663e-07
1.44809e-06
-1.44324e-06
2.79049e-06
-2.53048e-06
5.0314e-06
-4.61473e-06
8.73955e-06
-8.34869e-06
1.47246e-05
-1.47869e-05
2.40952e-05
-2.55454e-05
3.82929e-05
-4.29916e-05
5.90799e-05
-7.04441e-05
8.8453e-05
-0.000112344
0.000128464
-0.000174348
0.000180939
-0.000263274
0.000247108
-0.000386858
0.000327203
-0.000553255
0.000420077
-0.000770323
0.000522939
-0.00104471
0.000631278
-0.00138088
0.000739018
-0.00178015
0.000838923
-0.00224
0.000923166
-0.00275372
0.000984012
-0.00331028
0.00101455
-0.00389472
0.00100939
-0.00448887
0.000965204
-0.00507232
0.000881077
-0.00562368
0.000758667
-0.00612179
0.000602125
-0.00654694
0.000417831
-0.00688202
0.00021397
-0.00711336
-0.00723145
3.44912e-07
-5.56591e-07
8.20094e-07
-8.22232e-07
1.58874e-06
-1.45187e-06
2.88251e-06
-2.66596e-06
5.0412e-06
-4.85612e-06
8.55522e-06
-8.66128e-06
1.41063e-05
-1.50715e-05
2.25963e-05
-2.55557e-05
3.51504e-05
-4.22017e-05
5.30762e-05
-6.78474e-05
7.77639e-05
-0.00010617
0.000110518
-0.000161694
0.000152323
-0.000239667
0.000203573
-0.000345785
0.000263797
-0.000485741
0.000331443
-0.000664621
0.000403772
-0.000886214
0.000476901
-0.00115231
0.000546023
-0.0014621
0.000605767
-0.0018118
0.000650654
-0.00219447
0.000675617
-0.00260015
0.000676524
-0.00301623
0.000650623
-0.00342815
0.000596863
-0.00382023
0.000516065
-0.00417669
0.000410917
-0.00448255
0.000285817
-0.00472462
0.000146574
-0.00489225
-0.00497798
1.91414e-07
-3.10045e-07
4.56755e-07
-4.60587e-07
8.89371e-07
-8.18805e-07
1.6233e-06
-1.51341e-06
2.85753e-06
-2.77473e-06
4.88295e-06
-4.98198e-06
8.10959e-06
-8.72901e-06
1.30885e-05
-1.49071e-05
2.05195e-05
-2.47995e-05
3.12347e-05
-4.01753e-05
4.61442e-05
-6.33634e-05
6.6139e-05
-9.72793e-05
9.19481e-05
-0.000145376
0.000123962
-0.000211493
0.000162047
-0.000299584
0.000205381
-0.000413337
0.000252353
-0.000555706
0.000300558
-0.000728416
0.000346899
-0.0009315
0.000387813
-0.00116297
0.000419556
-0.00141861
0.000438563
-0.001692
0.000441818
-0.00197469
0.000427196
-0.00225665
0.000393727
-0.00252682
0.000341751
-0.00277386
0.000272954
-0.00298688
0.000190276
-0.00315611
9.77091e-05
-0.00327363
-0.00333383
1.04512e-07
-1.69899e-07
2.50248e-07
-2.53754e-07
4.89659e-07
-4.5404e-07
8.98867e-07
-8.44484e-07
1.59217e-06
-1.55795e-06
2.73864e-06
-2.81507e-06
4.57968e-06
-4.96473e-06
7.44435e-06
-8.53628e-06
1.17576e-05
-1.43009e-05
1.80345e-05
-2.33356e-05
2.68528e-05
-3.70786e-05
3.87984e-05
-5.73595e-05
5.43799e-05
-8.63847e-05
7.39194e-05
-0.000126659
9.74296e-05
-0.000180831
0.0001245
-0.000251456
0.000154212
-0.000340696
0.000185119
-0.000449983
0.000215283
-0.000579682
0.000242413
-0.000728836
0.000264033
-0.000894982
0.000277727
-0.0010741
0.000281384
-0.00126071
0.000273452
-0.00144811
0.000253134
-0.00162879
0.000220521
-0.00179489
0.000176636
-0.00193874
0.000123389
-0.00205343
6.34416e-05
-0.00213328
-0.00217425
5.61565e-08
-9.16126e-08
1.3491e-07
-1.37539e-07
2.65219e-07
-2.47626e-07
4.89538e-07
-4.63334e-07
8.72289e-07
-8.59864e-07
1.50984e-06
-1.56312e-06
2.54138e-06
-2.774e-06
4.1592e-06
-4.80042e-06
6.61532e-06
-8.09589e-06
1.02206e-05
-1.33014e-05
1.53316e-05
-2.12841e-05
2.23205e-05
-3.31634e-05
3.15262e-05
-5.0311e-05
4.3188e-05
-7.43137e-05
5.73681e-05
-0.000106886
7.38751e-05
-0.000149733
9.22032e-05
-0.000204356
0.000111503
-0.000271841
0.000130599
-0.000352623
0.000148055
-0.000446295
0.000162288
-0.000551468
0.000171712
-0.000665705
0.000174906
-0.000785548
0.000170786
-0.000906669
0.000158748
-0.00102411
0.000138771
-0.0011326
0.000111456
-0.00122695
7.80104e-05
-0.00130242
4.01571e-05
-0.00135509
-0.00138215
2.97024e-08
-4.86229e-08
7.15847e-08
-7.3362e-08
1.41364e-07
-1.32868e-07
2.623e-07
-2.50035e-07
4.70044e-07
-4.66654e-07
8.18473e-07
-8.5322e-07
1.38628e-06
-1.5232e-06
2.28346e-06
-2.65211e-06
3.6562e-06
-4.50115e-06
5.68769e-06
-7.44355e-06
8.59211e-06
-1.19904e-05
1.25988e-05
-1.88101e-05
1.79248e-05
-2.87338e-05
2.4736e-05
-4.27391e-05
3.30994e-05
-6.19034e-05
4.29345e-05
-8.73233e-05
5.39709e-05
-0.000120001
6.57241e-05
-0.000160705
7.74972e-05
-0.000209821
8.84173e-05
-0.000267215
9.74988e-05
-0.000332133
0.000103733
-0.000403137
0.000106195
-0.000478107
0.000104159
-0.000554324
9.71927e-05
-0.000628614
8.52362e-05
-0.000697558
6.86336e-05
-0.000757744
4.81264e-05
-0.000806032
2.48014e-05
-0.000839802
-0.000857177
1.54689e-08
-2.54078e-08
3.73955e-08
-3.85191e-08
7.41677e-08
-7.01605e-08
1.38311e-07
-1.32754e-07
2.49204e-07
-2.49109e-07
4.36415e-07
-4.57979e-07
7.4357e-07
-8.22241e-07
1.23235e-06
-1.44003e-06
1.98573e-06
-2.45874e-06
3.10923e-06
-4.09119e-06
4.72836e-06
-6.63205e-06
6.98053e-06
-1.04713e-05
1e-05
-1.61005e-05
1.38957e-05
-2.41065e-05
1.8723e-05
-3.5147e-05
2.44536e-05
-4.99062e-05
3.09474e-05
-6.90273e-05
3.79348e-05
-9.30281e-05
4.50133e-05
-0.000122206
5.16653e-05
-0.000156549
5.72937e-05
-0.000195661
6.12754e-05
-0.000238717
6.30276e-05
-0.000284453
6.20799e-05
-0.000331203
5.81395e-05
-0.000376995
5.11424e-05
-0.000419672
4.12795e-05
-0.00045706
2.89957e-05
-0.00048714
1.49583e-05
-0.00050822
-0.000519078
7.93448e-09
-1.30755e-08
1.92381e-08
-1.99143e-08
3.83141e-08
-3.64708e-08
7.17946e-08
-6.93699e-08
1.3003e-07
-1.30844e-07
2.28956e-07
-2.41819e-07
3.92312e-07
-4.36504e-07
6.54005e-07
-7.6873e-07
1.06019e-06
-1.32008e-06
1.67033e-06
-2.20945e-06
2.55625e-06
-3.60318e-06
3.79816e-06
-5.72387e-06
5.4766e-06
-8.85554e-06
7.66009e-06
-1.33418e-05
1.03889e-05
-1.95739e-05
1.36568e-05
-2.79663e-05
1.73937e-05
-3.89185e-05
2.14533e-05
-5.27644e-05
2.56084e-05
-6.97155e-05
2.95595e-05
-8.98016e-05
3.29542e-05
-0.000112824
3.54178e-05
-0.000138322
3.65934e-05
-0.000165558
3.61864e-05
-0.000193541
3.40061e-05
-0.000221075
2.99991e-05
-0.000246837
2.42685e-05
-0.000269481
1.70746e-05
-0.000287747
8.81713e-06
-0.000300572
-0.000307185
4.00946e-09
-6.62871e-09
9.74906e-09
-1.01405e-08
1.94936e-08
-1.86682e-08
3.66967e-08
-3.56862e-08
6.67934e-08
-6.76437e-08
1.18223e-07
-1.25644e-07
2.03668e-07
-2.27969e-07
3.41421e-07
-4.0361e-07
5.56648e-07
-6.96867e-07
8.82163e-07
-1.17289e-06
1.35817e-06
-1.92367e-06
2.03035e-06
-3.07362e-06
2.94569e-06
-4.78321e-06
4.14571e-06
-7.24903e-06
5.65742e-06
-1.06981e-05
7.48266e-06
-1.53747e-05
9.5876e-06
-2.15196e-05
1.18945e-05
-2.93405e-05
1.42783e-05
-3.89783e-05
1.65695e-05
-5.04708e-05
1.85651e-05
-6.37227e-05
2.00456e-05
-7.8482e-05
2.07983e-05
-9.43304e-05
2.0644e-05
-0.000110691
1.9463e-05
-0.000126858
1.72161e-05
-0.00014204
1.3957e-05
-0.000155426
9.83486e-06
-0.00016625
5.08334e-06
-0.000173862
-0.000177793
1.99654e-09
-3.31132e-09
4.8679e-09
-5.08721e-09
9.77085e-09
-9.41228e-09
1.84751e-08
-1.80788e-08
3.37874e-08
-3.44307e-08
6.01008e-08
-6.426e-08
1.04073e-07
-1.17168e-07
1.75392e-07
-2.08491e-07
2.87519e-07
-3.61848e-07
4.58205e-07
-6.12261e-07
7.09479e-07
-1.00963e-06
1.06676e-06
-1.62206e-06
1.55675e-06
-2.53834e-06
2.20384e-06
-3.86845e-06
3.0251e-06
-5.74101e-06
4.02431e-06
-8.29656e-06
5.18575e-06
-1.1676e-05
6.46915e-06
-1.60045e-05
7.80698e-06
-2.13713e-05
9.10551e-06
-2.7809e-05
1.02505e-05
-3.52741e-05
1.11164e-05
-4.36324e-05
1.15797e-05
-5.26514e-05
1.15344e-05
-6.20036e-05
1.09078e-05
-7.12816e-05
9.6731e-06
-8.00248e-05
7.85773e-06
-8.77555e-05
5.54502e-06
-9.40207e-05
2.86857e-06
-9.84345e-05
-0.000100716
9.79956e-10
-1.63039e-09
2.39559e-09
-2.51506e-09
4.82615e-09
-4.67566e-09
9.1642e-09
-9.02208e-09
1.68359e-08
-1.72601e-08
3.00901e-08
-3.23613e-08
5.23616e-08
-5.92834e-08
8.86916e-08
-1.06e-07
1.46149e-07
-1.84879e-07
2.34151e-07
-3.14405e-07
3.64524e-07
-5.21132e-07
5.51111e-07
-8.4163e-07
8.08719e-07
-1.32402e-06
1.15126e-06
-2.02854e-06
1.58905e-06
-3.02645e-06
2.12554e-06
-4.39666e-06
2.75375e-06
-6.21961e-06
3.45325e-06
-8.56836e-06
4.18835e-06
-1.14975e-05
4.90833e-06
-1.50306e-05
5.55028e-06
-1.91492e-05
6.04402e-06
-2.37836e-05
6.31956e-06
-2.88073e-05
6.31588e-06
-3.40385e-05
5.99002e-06
-3.92474e-05
5.32476e-06
-4.41719e-05
4.33367e-06
-4.85379e-05
3.06236e-06
-5.20838e-05
1.58555e-06
-5.45857e-05
-5.58799e-05
4.74227e-10
-7.91429e-10
1.16223e-09
-1.22569e-09
2.34971e-09
-2.28913e-09
4.47993e-09
-4.43648e-09
8.26614e-09
-8.52414e-09
1.48409e-08
-1.60522e-08
2.5947e-08
-2.95385e-08
4.41625e-08
-5.30587e-08
7.31334e-08
-9.29789e-08
1.17764e-07
-1.58882e-07
1.8428e-07
-2.64643e-07
2.80064e-07
-4.29525e-07
4.13143e-07
-6.79107e-07
5.91242e-07
-1.04571e-06
8.20377e-07
-1.56798e-06
1.10306e-06
-2.28924e-06
1.43637e-06
-3.25429e-06
1.81015e-06
-4.50467e-06
2.20593e-06
-6.07251e-06
2.59682e-06
-7.97359e-06
2.94888e-06
-1.02007e-05
3.22377e-06
-1.27185e-05
3.38271e-06
-1.54595e-05
3.39141e-06
-1.83249e-05
3.22522e-06
-2.11882e-05
2.87354e-06
-2.39033e-05
2.34289e-06
-2.63166e-05
1.65774e-06
-2.82805e-05
8.5897e-07
-2.96682e-05
-3.03866e-05
2.26322e-10
-3.78859e-10
5.56022e-10
-5.8897e-10
1.12794e-09
-1.10483e-09
2.15892e-09
-2.15025e-09
4.00015e-09
-4.14855e-09
7.21308e-09
-7.84514e-09
1.26676e-08
-1.44982e-08
2.16601e-08
-2.61571e-08
3.6039e-08
-4.60434e-08
5.83123e-08
-7.90405e-08
9.16967e-08
-1.32269e-07
1.40051e-07
-2.15694e-07
2.07636e-07
-3.42654e-07
2.98636e-07
-5.30158e-07
4.16442e-07
-7.98738e-07
5.62704e-07
-1.17166e-06
7.36275e-07
-1.67334e-06
9.3223e-07
-2.32677e-06
1.14118e-06
-3.15032e-06
1.34915e-06
-4.15384e-06
1.5382e-06
-5.335e-06
1.68781e-06
-6.67613e-06
1.77698e-06
-8.14216e-06
1.78687e-06
-9.68038e-06
1.70369e-06
-1.12225e-05
1.52119e-06
-1.2689e-05
1.24238e-06
-1.39956e-05
8.80139e-07
-1.50608e-05
4.5639e-07
-1.58145e-05
-1.62051e-05
1.06546e-10
-1.78895e-10
2.62375e-10
-2.79126e-10
5.3399e-10
-5.25822e-10
1.0259e-09
-1.02749e-09
1.90844e-09
-1.99024e-09
3.45564e-09
-3.77878e-09
6.09485e-09
-7.01206e-09
1.04674e-08
-1.2704e-08
1.74947e-08
-2.24586e-08
2.84373e-08
-3.87224e-08
4.49271e-08
-6.50879e-08
6.89434e-08
-1.06619e-07
1.027e-07
-1.70145e-07
1.48415e-07
-2.64448e-07
2.07944e-07
-4.00226e-07
2.82294e-07
-5.89726e-07
3.71064e-07
-8.45945e-07
4.71912e-07
-1.18134e-06
5.80156e-07
-1.6061e-06
6.88664e-07
-2.12611e-06
7.88148e-07
-2.74086e-06
8.67841e-07
-3.44177e-06
9.16596e-07
-4.21089e-06
9.24306e-07
-5.02069e-06
8.83436e-07
-5.83506e-06
7.90407e-07
-6.61158e-06
6.46577e-07
-7.30496e-06
4.58587e-07
-7.87128e-06
2.37964e-07
-8.27249e-06
-8.48053e-06
4.9491e-11
-8.33458e-11
1.22149e-10
-1.305e-10
2.49381e-10
-2.46837e-10
4.80832e-10
-4.84202e-10
8.97902e-10
-9.4146e-10
1.63232e-09
-1.79438e-09
2.89081e-09
-3.3428e-09
4.98566e-09
-6.08062e-09
8.36865e-09
-1.07936e-08
1.36628e-08
-1.86878e-08
2.16816e-08
-3.15454e-08
3.34216e-08
-5.18955e-08
5.00116e-08
-8.31744e-08
7.2601e-08
-1.29834e-07
1.0218e-07
-1.97343e-07
1.39331e-07
-2.92022e-07
1.83942e-07
-4.20653e-07
2.34922e-07
-5.89828e-07
2.89978e-07
-8.05062e-07
3.45539e-07
-1.06972e-06
3.9688e-07
-1.3839e-06
4.38463e-07
-1.74352e-06
4.64494e-07
-2.13956e-06
4.69657e-07
-2.55793e-06
4.49931e-07
-2.97988e-06
4.0333e-07
-3.38324e-06
3.30439e-07
-3.74417e-06
2.34623e-07
-4.03945e-06
1.21829e-07
-4.2489e-06
-4.35758e-06
2.26877e-11
-3.8321e-11
5.61187e-11
-6.02048e-11
1.14918e-10
-1.1432e-10
2.22337e-10
-2.25086e-10
4.16717e-10
-4.39241e-10
7.60451e-10
-8.40257e-10
1.35204e-09
-1.57123e-09
2.34119e-09
-2.86907e-09
3.94596e-09
-5.11282e-09
6.46922e-09
-8.88755e-09
1.03097e-08
-1.50631e-08
1.59603e-08
-2.48818e-08
2.39859e-08
-4.0043e-08
3.49702e-08
-6.27641e-08
4.94285e-08
-9.57908e-08
6.76851e-08
-1.42324e-07
8.97266e-08
-2.05831e-07
1.15054e-07
-2.8973e-07
1.42565e-07
-3.96933e-07
1.70502e-07
-5.29302e-07
1.96505e-07
-6.87064e-07
2.17779e-07
-8.68306e-07
2.31369e-07
-1.06859e-06
2.34536e-07
-1.28081e-06
2.2518e-07
-1.49545e-06
2.02227e-07
-1.70112e-06
1.65919e-07
-1.88553e-06
1.17932e-07
-2.03663e-06
6.12751e-08
-2.14392e-06
-2.19964e-06
1.02672e-11
-1.73923e-11
2.54491e-11
-2.74138e-11
5.2265e-11
-5.22502e-11
1.01455e-10
-1.03242e-10
1.90821e-10
-2.02174e-10
3.49497e-10
-3.88119e-10
6.23723e-10
-7.28371e-10
1.0842e-09
-1.3349e-09
1.83454e-09
-2.38777e-09
3.01968e-09
-4.16646e-09
4.83182e-09
-7.08885e-09
7.51073e-09
-1.17553e-08
1.13339e-08
-1.89924e-08
1.65921e-08
-2.9886e-08
2.35477e-08
-4.57904e-08
3.23748e-08
-6.8297e-08
4.30865e-08
-9.91465e-08
5.54595e-08
-1.40074e-07
6.89721e-08
-1.92585e-07
8.27739e-08
-2.57679e-07
9.57078e-08
-3.3555e-07
1.06387e-07
-4.25323e-07
1.13334e-07
-5.24849e-07
1.15163e-07
-6.30619e-07
1.108e-07
-7.37871e-07
9.96787e-08
-8.40874e-07
8.1895e-08
-9.33399e-07
5.82668e-08
-1.00933e-06
3.02925e-08
-1.0633e-06
-1.09135e-06
4.58768e-12
-7.79362e-12
1.13944e-11
-1.23232e-11
2.34657e-11
-2.35724e-11
4.56961e-11
-4.6737e-11
8.62379e-11
-9.18293e-11
1.58502e-10
-1.76884e-10
2.83886e-10
-3.33098e-10
4.95288e-10
-6.12625e-10
8.41214e-10
-1.09975e-09
1.38994e-09
-1.92596e-09
2.23266e-09
-3.28894e-09
3.48407e-09
-5.47433e-09
5.27816e-09
-8.87769e-09
7.75715e-09
-1.4022e-08
1.10518e-08
-2.1564e-08
1.52529e-08
-3.22813e-08
2.03756e-08
-4.70317e-08
2.63219e-08
-6.66794e-08
3.28491e-08
-9.1986e-08
3.95526e-08
-1.23474e-07
4.58742e-08
-1.61277e-07
5.11385e-08
-2.05002e-07
5.46183e-08
-2.53625e-07
5.56272e-08
-3.05443e-07
5.36259e-08
-3.58116e-07
4.83233e-08
-4.08811e-07
3.97538e-08
-4.54431e-07
2.83108e-08
-4.9192e-07
1.4727e-08
-5.18598e-07
-5.32469e-07
2.02448e-12
-3.44871e-12
5.0378e-12
-5.47012e-12
1.04034e-11
-1.04998e-11
2.03205e-11
-2.08864e-11
3.84735e-11
-4.11701e-11
7.09503e-11
-7.95603e-11
1.27514e-10
-1.50319e-10
2.23256e-10
-2.77395e-10
3.80548e-10
-4.99671e-10
6.31076e-10
-8.78112e-10
1.01745e-09
-1.50483e-09
1.59364e-09
-2.51366e-09
2.42331e-09
-4.09095e-09
3.57476e-09
-6.4846e-09
5.11193e-09
-1.00079e-08
7.08084e-09
-1.50343e-08
9.49264e-09
-2.19792e-08
1.23053e-08
-3.12651e-08
1.54076e-08
-4.32699e-08
1.86101e-08
-5.826e-08
2.1648e-08
-7.63167e-08
2.41976e-08
-9.72681e-08
2.59077e-08
-1.20634e-07
2.6444e-08
-1.45601e-07
2.55407e-08
-1.71039e-07
2.30514e-08
-1.95572e-07
1.89871e-08
-2.17686e-07
1.35338e-08
-2.35883e-07
7.04399e-09
-2.48845e-07
-2.55588e-07
8.82528e-13
-1.50728e-12
2.20038e-12
-2.39793e-12
4.55523e-12
-4.6185e-12
8.92366e-12
-9.21636e-12
1.69482e-11
-1.82238e-11
3.13553e-11
-3.53264e-11
5.65391e-11
-6.69563e-11
9.93246e-11
-1.23959e-10
1.69885e-10
-2.2402e-10
2.8271e-10
-3.95002e-10
4.57408e-10
-6.79203e-10
7.18997e-10
-1.13839e-09
1.09722e-09
-1.85905e-09
1.62433e-09
-2.95684e-09
2.331e-09
-4.57882e-09
3.24004e-09
-6.9015e-09
4.35839e-09
-1.01226e-08
5.66837e-09
-1.44451e-08
7.11982e-09
-2.00529e-08
8.62543e-09
-2.70788e-08
1.00615e-08
-3.5569e-08
1.12755e-08
-4.54497e-08
1.21007e-08
-5.64995e-08
1.23768e-08
-6.8336e-08
1.19756e-08
-8.04229e-08
1.08246e-08
-9.21018e-08
8.92656e-09
-1.02646e-07
6.36821e-09
-1.11334e-07
3.31619e-09
-1.17528e-07
-1.20752e-07
3.79928e-13
-6.50482e-13
9.49426e-13
-1.03845e-12
1.97051e-12
-2.00662e-12
3.87102e-12
-4.01643e-12
7.37346e-12
-7.96573e-12
1.36837e-11
-1.54883e-11
2.47525e-11
-2.94452e-11
4.36247e-11
-5.46815e-11
7.48615e-11
-9.91328e-11
1.24995e-10
-1.75353e-10
2.02918e-10
-3.02492e-10
3.20051e-10
-5.08646e-10
4.90075e-10
-8.33351e-10
7.2798e-10
-1.32977e-09
1.04821e-09
-2.06588e-09
1.46182e-09
-3.12376e-09
1.97276e-09
-4.59601e-09
2.57375e-09
-6.57849e-09
3.24251e-09
-9.15903e-09
3.9394e-09
-1.24025e-08
4.60754e-09
-1.63339e-08
5.1762e-09
-2.09222e-08
5.56739e-09
-2.60667e-08
5.70572e-09
-3.15907e-08
5.53018e-09
-3.72434e-08
5.00579e-09
-4.27153e-08
4.13271e-09
-4.76631e-08
2.95068e-09
-5.17446e-08
1.5373e-09
-5.4657e-08
-5.61738e-08
1.61771e-13
-2.77287e-13
4.04636e-13
-4.44021e-13
8.42095e-13
-8.61166e-13
1.65877e-12
-1.72899e-12
3.1689e-12
-3.43912e-12
5.89863e-12
-6.70636e-12
1.07021e-11
-1.27873e-11
1.89203e-11
-2.38177e-11
3.25708e-11
-4.33099e-11
5.4557e-11
-7.68439e-11
8.88549e-11
-1.32968e-10
1.40601e-10
-2.24285e-10
2.15996e-10
-3.68608e-10
3.21893e-10
-5.90014e-10
4.64981e-10
-9.19453e-10
6.5051e-10
-1.39451e-09
8.80591e-10
-2.05787e-09
1.1523e-09
-2.95406e-09
1.45587e-09
-4.12432e-09
1.77358e-09
-5.59971e-09
2.07966e-09
-7.39318e-09
2.34181e-09
-9.49195e-09
2.52415e-09
-1.18511e-08
2.59175e-09
-1.43898e-08
2.51611e-09
-1.6993e-08
2.28062e-09
-1.95173e-08
1.88487e-09
-2.18032e-08
1.3468e-09
-2.36909e-08
7.02012e-10
-2.50391e-08
-2.57416e-08
6.81209e-14
-1.16614e-13
1.70606e-13
-1.87435e-13
3.55508e-13
-3.65174e-13
7.02459e-13
-7.35336e-13
1.34563e-12
-1.46697e-12
2.5119e-12
-2.86862e-12
4.57106e-12
-5.48507e-12
8.10528e-12
-1.02458e-11
1.3995e-11
-1.86854e-11
2.35139e-11
-3.32502e-11
3.84145e-11
-5.77058e-11
6.09755e-11
-9.76252e-11
9.39643e-11
-1.60924e-10
1.40467e-10
-2.5835e-10
2.03531e-10
-4.0379e-10
2.85601e-10
-6.142e-10
3.87758e-10
-9.08952e-10
5.08848e-10
-1.3084e-09
6.44666e-10
-1.83159e-09
7.87386e-10
-2.49311e-09
9.25511e-10
-3.29946e-09
1.04451e-09
-4.2455e-09
1.12812e-09
-5.31141e-09
1.16042e-09
-6.46096e-09
1.12831e-09
-7.64194e-09
1.02403e-09
-8.78901e-09
8.47198e-10
-9.82916e-09
6.058e-10
-1.06891e-08
3.1591e-10
-1.13037e-08
-1.16241e-08
2.8268e-14
-4.8343e-14
7.08185e-14
-7.76836e-14
1.48451e-13
-1.53146e-13
2.93869e-13
-3.08953e-13
5.64556e-13
-6.18201e-13
1.05712e-12
-1.21267e-12
1.92913e-12
-2.32461e-12
3.43025e-12
-4.35391e-12
5.94012e-12
-7.96281e-12
1.00097e-11
-1.42096e-11
1.64013e-11
-2.47307e-11
2.61112e-11
-4.19581e-11
4.03579e-11
-6.93609e-11
6.05101e-11
-1.1167e-10
8.79345e-11
-1.75028e-10
1.23749e-10
-2.66973e-10
1.68486e-10
-3.96166e-10
2.21705e-10
-5.71774e-10
2.81614e-10
-8.02442e-10
3.44812e-10
-1.09491e-09
4.06238e-10
-1.45234e-09
4.59449e-10
-1.87272e-09
4.97187e-10
-2.34743e-09
5.12301e-10
-2.86044e-09
4.98864e-10
-3.38843e-09
4.53321e-10
-3.90207e-09
3.75406e-10
-4.36845e-09
2.68629e-10
-4.75442e-09
1.40143e-10
-5.03049e-09
-5.17448e-09
1.17594e-14
-1.93764e-14
2.93444e-14
-3.16556e-14
6.1109e-14
-6.30447e-14
1.21525e-13
-1.28135e-13
2.34289e-13
-2.57424e-13
4.39507e-13
-5.06235e-13
8.04056e-13
-9.73337e-13
1.43458e-12
-1.82819e-12
2.49108e-12
-3.35238e-12
4.20957e-12
-5.99882e-12
6.91714e-12
-1.04688e-11
1.10438e-11
-1.78105e-11
1.71182e-11
-2.95228e-11
2.57388e-11
-4.76608e-11
3.75093e-11
-7.49035e-11
5.29321e-11
-1.14555e-10
7.2262e-11
-1.70433e-10
9.53348e-11
-2.46602e-10
1.21399e-10
-3.46928e-10
1.48993e-10
-4.74468e-10
1.75924e-10
-6.30729e-10
1.99373e-10
-8.14936e-10
2.16148e-10
-1.0234e-09
2.23085e-10
-1.24912e-09
2.17542e-10
-1.48184e-09
1.97915e-10
-1.70857e-09
1.64051e-10
-1.9147e-09
1.17469e-10
-2.08546e-09
6.13086e-11
-2.20768e-09
-2.27145e-09
4.53659e-15
-7.37198e-15
1.21311e-14
-1.26528e-14
2.48931e-14
-2.53206e-14
4.95388e-14
-5.22521e-14
9.5851e-14
-1.05765e-13
1.80711e-13
-2.08614e-13
3.31505e-13
-4.02723e-13
5.92869e-13
-7.58744e-13
1.03242e-12
-1.39462e-12
1.74941e-12
-2.50232e-12
2.88218e-12
-4.37797e-12
4.61465e-12
-7.46856e-12
7.1724e-12
-1.24125e-11
1.08135e-11
-2.00906e-11
1.58011e-11
-3.16558e-11
2.23568e-11
-4.85369e-11
3.05997e-11
-7.23922e-11
4.04706e-11
-1.04998e-10
5.16581e-11
-1.48058e-10
6.35438e-11
-2.02936e-10
7.51879e-11
-2.70332e-10
8.53758e-11
-3.49959e-10
9.2723e-11
-4.40256e-10
9.58485e-11
-5.38211e-10
9.35938e-11
-6.39368e-10
8.52456e-11
-7.38064e-10
7.07228e-11
-8.27897e-10
5.06738e-11
-9.02387e-10
2.64574e-11
-9.5574e-10
-9.8359e-10
1.9194e-15
-2.59769e-15
4.40901e-15
-4.76695e-15
9.89419e-15
-1.01801e-14
1.99775e-14
-2.10577e-14
3.87802e-14
-4.29295e-14
7.3351e-14
-8.48037e-14
1.34931e-13
-1.64688e-13
2.41866e-13
-3.11009e-13
4.22721e-13
-5.73467e-13
7.18381e-13
-1.03165e-12
1.18678e-12
-1.80906e-12
1.90534e-12
-3.09449e-12
2.96926e-12
-5.15607e-12
4.48836e-12
-8.36627e-12
6.57532e-12
-1.32151e-11
9.32675e-12
-2.03119e-11
1.27971e-11
-3.03671e-11
1.69655e-11
-4.41466e-11
2.17044e-11
-6.23894e-11
2.67561e-11
-8.56952e-11
3.17231e-11
-1.14382e-10
3.60885e-11
-1.48347e-10
3.92603e-11
-1.86939e-10
4.06445e-11
-2.28878e-10
3.97396e-11
-2.72257e-10
3.62343e-11
-3.14638e-10
3.00871e-11
-3.53257e-10
2.15712e-11
-3.85309e-10
1.1267e-11
-4.0828e-10
-4.20276e-10
8.76871e-16
-1.07427e-15
1.99763e-15
-1.57801e-15
4.14343e-15
-3.79818e-15
7.97669e-15
-8.1967e-15
1.5427e-14
-1.69844e-14
2.94051e-14
-3.39581e-14
5.42596e-14
-6.63436e-14
9.7691e-14
-1.2588e-13
1.71128e-13
-2.32982e-13
2.91434e-13
-4.20184e-13
4.83019e-13
-7.39014e-13
7.77524e-13
-1.26728e-12
1.21476e-12
-2.11636e-12
1.84085e-12
-3.44236e-12
2.70352e-12
-5.45102e-12
3.84406e-12
-8.39777e-12
5.28675e-12
-1.25836e-11
7.02477e-12
-1.8334e-11
9.00667e-12
-2.59654e-11
1.11258e-11
-3.5737e-11
1.32168e-11
-4.77909e-11
1.50625e-11
-6.20918e-11
1.64126e-11
-7.8371e-11
1.70156e-11
-9.60923e-11
1.66574e-11
-1.14449e-10
1.52038e-11
-1.32408e-10
1.26348e-11
-1.4879e-10
9.06399e-12
-1.62397e-10
4.73588e-12
-1.72156e-10
-1.77254e-10
2.58415e-17
-4.23845e-16
7.03532e-16
-6.03773e-16
1.54732e-15
-1.32154e-15
3.02892e-15
-2.94405e-15
6.0673e-15
-6.39253e-15
1.15391e-14
-1.32803e-14
2.1405e-14
-2.63323e-14
3.87695e-14
-5.01828e-14
6.842e-14
-9.32609e-14
1.16918e-13
-1.69132e-13
1.94406e-13
-2.98306e-13
3.13777e-13
-5.12681e-13
4.91057e-13
-8.58591e-13
7.46245e-13
-1.39993e-12
1.09859e-12
-2.22187e-12
1.56568e-12
-3.43083e-12
2.15817e-12
-5.15236e-12
2.87382e-12
-7.52247e-12
3.69241e-12
-1.06756e-11
4.57002e-12
-1.47216e-11
5.43916e-12
-1.97232e-11
6.20919e-12
-2.56685e-11
6.77605e-12
-3.24479e-11
7.03466e-12
-3.98405e-11
6.89464e-12
-4.75091e-11
6.29946e-12
-5.50207e-11
5.23887e-12
-6.18797e-11
3.76033e-12
-6.75815e-11
1.96556e-12
-7.16739e-11
-7.38119e-11
-1.12684e-16
-2.02181e-16
1.64476e-16
-1.10826e-16
7.80828e-16
-2.52279e-16
1.04335e-15
-8.81963e-16
2.23708e-15
-2.22074e-15
4.34366e-15
-5.25246e-15
8.353e-15
-1.01597e-14
1.50415e-14
-1.95444e-14
2.69182e-14
-3.69536e-14
4.62133e-14
-6.69592e-14
7.72804e-14
-1.18913e-13
1.25259e-13
-2.04883e-13
1.96513e-13
-3.44193e-13
2.9899e-13
-5.6279e-13
4.41279e-13
-8.94982e-13
6.30212e-13
-1.38511e-12
8.70663e-13
-2.08484e-12
1.16195e-12
-3.04999e-12
1.49571e-12
-4.33711e-12
1.85475e-12
-5.9922e-12
2.21101e-12
-8.04165e-12
2.52843e-12
-1.04832e-11
2.76375e-12
-1.32716e-11
2.87285e-12
-1.63164e-11
2.81891e-12
-1.94799e-11
2.5781e-12
-2.25823e-11
2.14559e-12
-2.54174e-11
1.54111e-12
-2.77765e-11
8.06033e-13
-2.94705e-11
-3.03558e-11
2.51429e-16
-1.11177e-16
9.85721e-17
6.21157e-17
2.24876e-16
5.45159e-18
4.28058e-16
-1.69102e-16
7.88914e-16
-6.33428e-16
1.55648e-15
-1.94436e-15
3.02505e-15
-3.67234e-15
5.86727e-15
-7.59487e-15
1.03903e-14
-1.41954e-14
1.8e-14
-2.61983e-14
3.02133e-14
-4.69074e-14
4.93395e-14
-8.07838e-14
7.76009e-14
-1.36199e-13
1.18268e-13
-2.23504e-13
1.7507e-13
-3.56318e-13
2.50771e-13
-5.52897e-13
3.47285e-13
-8.33725e-13
4.64549e-13
-1.22243e-12
5.99025e-13
-1.74135e-12
7.4402e-13
-2.4105e-12
8.88633e-13
-3.24023e-12
1.01741e-12
-4.23023e-12
1.11371e-12
-5.36379e-12
1.1593e-12
-6.60255e-12
1.13881e-12
-7.89122e-12
1.04218e-12
-9.1566e-12
8.68048e-13
-1.03142e-11
6.23832e-13
-1.12783e-11
3.26295e-13
-1.19706e-11
-1.23326e-11
1.82625e-18
2.30188e-16
-9.08763e-17
3.06969e-16
-1.18495e-16
1.22148e-17
1.62624e-16
-2.24596e-17
9.32739e-17
1.10206e-16
3.11169e-16
-3.71439e-16
1.10892e-15
-1.20815e-15
2.31195e-15
-2.66691e-15
3.93437e-15
-5.11636e-15
6.84719e-15
-9.9395e-15
1.15032e-14
-1.77601e-14
1.90706e-14
-3.13997e-14
3.02558e-14
-5.33164e-14
4.63549e-14
-8.75826e-14
6.88101e-14
-1.40053e-13
9.87461e-14
-2.18023e-13
1.3692e-13
-3.2948e-13
1.83524e-13
-4.84142e-13
2.37178e-13
-6.9125e-13
2.95064e-13
-9.58547e-13
3.53086e-13
-1.29066e-12
4.04792e-13
-1.68724e-12
4.43492e-13
-2.14258e-12
4.62231e-13
-2.64048e-12
4.54415e-13
-3.15921e-12
4.16402e-13
-3.66898e-12
3.47114e-13
-4.13572e-12
2.49625e-13
-4.52509e-12
1.30646e-13
-4.80459e-12
-4.95089e-12
-5.59164e-18
1.37865e-16
1.71381e-16
8.67272e-17
7.51623e-17
4.1143e-18
-1.32309e-16
-9.13143e-17
-1.96995e-16
6.68749e-17
1.23051e-16
-8.04612e-18
3.84969e-16
-1.80738e-17
5.94484e-16
-4.68151e-16
1.34652e-15
-1.85377e-15
2.44372e-15
-3.55129e-15
4.33716e-15
-6.52239e-15
7.57764e-15
-1.20629e-14
1.15864e-14
-2.03309e-14
1.77638e-14
-3.3742e-14
2.66251e-14
-5.43907e-14
3.83688e-14
-8.49161e-14
5.34956e-14
-1.28735e-13
7.17373e-14
-1.89355e-13
9.27658e-14
-2.71064e-13
1.1566e-13
-3.76706e-13
1.38441e-13
-5.08041e-13
1.59244e-13
-6.65289e-13
1.74635e-13
-8.45926e-13
1.82163e-13
-1.04382e-12
1.79312e-13
-1.2501e-12
1.64525e-13
-1.45298e-12
1.37308e-13
-1.63911e-12
9.87329e-14
-1.7944e-12
5.18239e-14
-1.90603e-12
-1.96418e-12
7.95116e-18
2.12128e-16
-7.56974e-17
1.72748e-16
1.42917e-17
2.37846e-16
1.47499e-16
-8.93537e-17
1.00851e-16
-1.00096e-16
-5.13019e-17
1.24606e-16
-3.86768e-17
2.10727e-16
2.21708e-16
3.33493e-18
3.86978e-16
-5.00623e-16
4.88537e-16
-1.17663e-15
1.41539e-15
-2.50136e-15
2.65936e-15
-4.19203e-15
4.3633e-15
-7.52126e-15
6.65225e-15
-1.2876e-14
1.0213e-14
-2.09289e-14
1.4818e-14
-3.25229e-14
2.06195e-14
-4.93241e-14
2.77335e-14
-7.33376e-14
3.60093e-14
-1.05136e-13
4.47786e-14
-1.45993e-13
5.36179e-14
-1.97725e-13
6.19514e-14
-2.59547e-13
6.79556e-14
-3.29936e-13
7.10507e-14
-4.07967e-13
7.00794e-14
-4.88612e-13
6.41377e-14
-5.68579e-13
5.36285e-14
-6.42188e-13
3.86111e-14
-7.03192e-13
2.01178e-14
-7.4724e-13
-7.70422e-13
-3.68823e-19
1.2166e-16
-1.04941e-16
1.91263e-16
-2.14698e-16
2.55295e-16
-7.19816e-18
-2.36048e-17
1.82322e-17
2.23127e-17
-2.17191e-16
3.63334e-16
-9.79733e-17
3.29029e-17
-3.0109e-17
-7.88188e-17
1.01511e-16
-1.1525e-16
2.35156e-16
-3.32862e-16
4.09857e-16
-8.77071e-16
9.32714e-16
-1.33994e-15
1.79234e-15
-2.71249e-15
2.54683e-15
-4.87067e-15
3.78131e-15
-7.94904e-15
5.3399e-15
-1.22347e-14
7.85581e-15
-1.87405e-14
1.06266e-14
-2.79133e-14
1.36629e-14
-4.00962e-14
1.70144e-14
-5.58386e-14
2.06603e-14
-7.61934e-14
2.39092e-14
-9.9969e-14
2.6268e-14
-1.27142e-13
2.72248e-14
-1.57581e-13
2.70293e-14
-1.88917e-13
2.5032e-14
-2.20182e-13
2.07675e-14
-2.48685e-13
1.49122e-14
-2.72236e-13
7.76034e-15
-2.89451e-13
-2.9893e-13
-4.34771e-17
7.85201e-17
-1.30589e-17
-1.23584e-16
-3.53042e-17
1.19127e-16
9.57546e-17
-4.46553e-17
-1.67787e-17
-1.44447e-17
5.34494e-17
6.66796e-17
-5.54028e-18
-2.00843e-16
-1.28526e-16
-1.39168e-16
-1.67889e-16
9.04584e-18
6.36546e-17
-2.04653e-16
4.43359e-17
-4.97803e-16
8.64806e-17
1.0188e-17
2.93832e-16
-1.11513e-15
8.72103e-16
-1.75972e-15
1.27231e-15
-2.82383e-15
2.08968e-15
-4.63115e-15
2.81058e-15
-7.04692e-15
3.89938e-15
-1.05359e-14
5.11346e-15
-1.51907e-14
6.51079e-15
-2.0962e-14
7.91829e-15
-2.88199e-14
9.12491e-15
-3.78225e-14
9.84725e-15
-4.842e-14
1.03638e-14
-6.00564e-14
1.04963e-14
-7.2357e-14
9.72169e-15
-8.42735e-14
7.98745e-15
-9.50179e-14
5.75688e-15
-1.04277e-13
3.1306e-15
-1.10853e-13
-1.14754e-13
-1.53261e-16
6.59298e-17
-2.32031e-16
-1.84957e-16
4.52148e-17
5.6658e-18
-6.86131e-17
2.05575e-16
-9.76938e-17
-1.31468e-16
2.06488e-16
-2.39756e-16
1.72e-16
-2.05398e-16
-1.19414e-16
-9.63155e-18
-1.90279e-16
3.51953e-17
-3.19017e-16
-7.93325e-17
-1.49378e-16
-4.12705e-16
6.88257e-17
-5.75998e-17
6.23556e-17
-3.6732e-16
3.27914e-16
-5.13392e-16
4.82567e-16
-9.57168e-16
6.29418e-16
-1.70192e-15
1.10837e-15
-2.74385e-15
1.49136e-15
-3.88985e-15
1.86032e-15
-5.68968e-15
2.4057e-15
-7.879e-15
3.00572e-15
-1.06229e-14
3.31009e-15
-1.4038e-14
3.86224e-15
-1.82735e-14
4.14192e-15
-2.264e-14
3.78061e-15
-2.69748e-14
3.47297e-15
-3.18238e-14
2.9353e-15
-3.56925e-14
2.32534e-15
-3.97336e-14
1.44883e-15
-4.17999e-14
-4.33348e-14
1.32081e-16
9.89415e-17
1.16566e-16
-2.72614e-16
-2.03869e-17
-1.89271e-16
-1.59405e-16
1.31344e-16
9.20553e-18
-3.68262e-16
-6.48929e-17
-4.17576e-16
-2.41175e-16
-3.48629e-16
3.66631e-17
-4.7287e-16
-7.74919e-17
7.74588e-18
-3.49233e-16
3.91342e-17
-2.24588e-16
-3.72955e-16
-1.38677e-16
-1.9458e-16
1.24857e-16
-3.99772e-16
-7.18133e-17
-2.49388e-16
5.38513e-17
-3.88959e-16
8.12266e-17
-3.65969e-16
2.86007e-16
-1.01398e-15
4.43141e-16
-1.27349e-15
6.09495e-16
-1.84082e-15
8.95916e-16
-3.13251e-15
1.17213e-15
-3.8482e-15
1.40923e-15
-5.02819e-15
1.31409e-15
-6.72986e-15
1.49851e-15
-8.28725e-15
1.69951e-15
-9.92346e-15
1.58401e-15
-1.16573e-14
1.5438e-15
-1.32554e-14
8.45342e-16
-1.48477e-14
2.45864e-16
-1.55977e-14
-1.61189e-14
-7.03921e-17
-1.78709e-16
-5.90251e-17
-4.01326e-16
-1.10434e-16
-2.79314e-17
1.15416e-17
-9.10584e-17
6.2173e-17
-1.63376e-16
-9.14475e-17
-3.79081e-16
-2.19225e-16
-7.25129e-16
-3.6606e-16
-3.38948e-16
-1.14162e-16
-2.30778e-16
9.83878e-17
-3.31939e-16
-1.92352e-16
-4.01708e-16
-1.68441e-16
-5.54653e-16
-1.36574e-16
-4.4049e-16
-1.02129e-16
1.15654e-17
-6.17512e-17
-2.40379e-16
1.08232e-16
-2.95264e-16
1.62563e-18
-3.33691e-16
1.65641e-16
-3.12355e-16
3.4086e-16
-6.50627e-16
3.14166e-16
-1.07161e-15
3.16091e-16
-1.2101e-15
6.08802e-16
-1.63521e-15
4.06673e-16
-2.19348e-15
3.80791e-16
-2.6273e-15
5.7984e-16
-3.76495e-15
7.64316e-16
-4.0664e-15
6.81178e-16
-4.80189e-15
3.00728e-16
-5.24631e-15
2.3166e-16
-5.72423e-15
-5.6924e-15
-8.1249e-18
-2.36255e-16
-1.31814e-16
-2.5628e-16
-9.4146e-17
-1.65078e-16
1.06413e-16
-6.14393e-16
5.74335e-17
-2.34429e-16
1.67901e-16
-5.66262e-16
-2.55668e-16
-5.53589e-16
-3.84682e-16
-9.29021e-17
-8.18052e-17
-6.26736e-16
-1.71958e-16
-6.29309e-16
-7.34375e-17
-4.08613e-16
2.01447e-16
-7.16192e-16
5.14838e-18
-1.39389e-16
6.87211e-17
6.74436e-17
-4.82856e-17
-1.89453e-16
6.42389e-17
-1.99322e-16
5.21195e-17
-2.19259e-16
1.11607e-16
-3.15278e-16
2.1224e-16
-4.34448e-16
8.90516e-17
-1.61065e-16
2.12301e-16
-2.00251e-16
2.9045e-16
-3.54206e-16
2.53412e-16
-2.90915e-16
3.53431e-16
-6.75314e-16
9.22153e-17
-1.18648e-15
4.19713e-16
-1.49408e-15
2.51956e-16
-1.41164e-15
-9.56225e-19
-1.51679e-15
-1.70868e-16
-2.07762e-15
-1.94121e-15
2.59089e-17
-4.30849e-16
-1.36351e-16
-2.20556e-16
-8.23768e-17
-3.60998e-16
-2.73291e-16
-5.26268e-16
-2.5815e-16
-1.79415e-16
-1.25623e-16
-5.81219e-16
3.45773e-17
-3.7042e-16
1.208e-16
-4.9117e-16
-1.63674e-16
-6.3251e-16
1.13435e-16
-5.63819e-16
7.93544e-17
-5.15292e-16
-4.77373e-16
-2.12505e-16
-3.57224e-16
-2.4132e-16
-1.11575e-17
-1.19723e-16
-1.12328e-17
-2.729e-16
3.39876e-17
-1.89782e-16
4.78047e-17
-5.37935e-17
6.35658e-17
-2.09843e-16
1.12852e-16
-3.22105e-16
4.69537e-17
-4.5057e-17
1.31362e-16
-4.45098e-17
-1.62202e-17
1.00781e-16
-1.3426e-16
2.72061e-16
1.92513e-16
-1.79101e-16
8.18171e-17
-5.95498e-17
2.40549e-16
-4.43435e-16
3.25802e-16
-5.7082e-16
4.74106e-16
-5.21942e-16
1.18022e-16
-4.05173e-16
-4.46157e-16
-4.03821e-17
-4.92075e-16
-2.42963e-16
-3.79499e-16
-2.80473e-16
-1.63883e-16
-1.78059e-16
-4.24586e-16
-9.95669e-17
-3.24692e-16
-8.88086e-17
-2.74367e-16
-3.48814e-17
-2.99313e-16
-1.85735e-16
-1.73008e-16
-1.58955e-16
-3.37202e-16
-5.11053e-17
-3.30984e-16
-1.0478e-16
-3.83162e-16
-6.44859e-17
-2.22978e-16
2.359e-17
-1.32197e-17
-1.22954e-17
4.68464e-18
5.06908e-17
-1.37886e-18
9.05706e-17
-3.06297e-17
8.81488e-17
6.81957e-17
6.00228e-17
-2.70915e-17
2.01722e-16
-1.21458e-16
2.80814e-16
-1.88798e-16
2.61861e-16
4.35791e-17
4.80473e-17
6.01243e-17
5.39642e-17
-1.10984e-16
1.48248e-16
5.33292e-17
6.34987e-17
5.04058e-17
3.00099e-16
-3.58523e-17
4.88039e-17
-1.64904e-16
-1.55432e-16
1.00521e-17
-2.92586e-17
-2.67541e-16
-1.82835e-16
-2.76964e-16
6.27873e-17
-2.44762e-16
-4.08986e-16
-2.3398e-16
-2.88261e-16
-2.09937e-16
-3.09866e-16
-1.72553e-16
-2.51478e-16
-2.95249e-17
-6.5497e-17
-7.79796e-17
-1.0271e-16
-1.96431e-17
-1.40427e-16
1.42981e-16
-1.29044e-16
9.36688e-17
-1.94929e-16
1.49638e-16
-1.33788e-16
5.05231e-17
-1.3242e-16
-6.16907e-17
9.26757e-17
-1.84044e-16
-3.43838e-17
4.90601e-18
-5.2636e-17
-1.60317e-17
1.12221e-16
-3.12569e-17
1.90541e-16
9.1737e-18
1.38991e-16
1.9996e-16
4.55937e-17
1.4498e-16
-1.53153e-16
1.14767e-16
-1.77396e-17
1.56518e-16
-5.92308e-17
-4.25774e-17
-3.0366e-18
3.33326e-16
3.77654e-17
1.92446e-16
8.71406e-17
5.44133e-17
1.5981e-16
-2.10679e-17
-4.5413e-17
-1.40825e-16
8.16054e-17
-7.0741e-17
-1.75369e-16
-5.47231e-17
-1.25609e-16
9.83165e-17
-1.71599e-16
-2.35235e-16
-9.65764e-17
-2.01069e-16
-1.17522e-16
3.71821e-17
-1.21494e-16
-2.91244e-16
-7.9015e-17
1.86305e-16
-1.08978e-16
6.44193e-17
-1.57178e-16
-7.02733e-17
-4.2527e-17
-1.42211e-16
2.13022e-18
4.07895e-17
-1.26452e-16
7.37977e-17
8.81361e-17
2.75363e-17
1.29084e-16
1.25097e-16
1.29684e-16
-1.65815e-16
-3.53907e-17
1.40318e-16
-3.99034e-17
4.98485e-17
8.6e-17
-7.18357e-17
2.55282e-17
1.48131e-16
6.31481e-17
1.20697e-16
2.45891e-16
-2.04215e-16
3.49619e-16
-2.9609e-17
1.32071e-16
-1.74078e-16
-1.94583e-17
-1.92998e-16
-4.43677e-17
-7.12502e-17
1.31208e-16
-1.52194e-16
6.13677e-17
2.86772e-16
-5.1967e-17
5.30634e-17
1.75393e-16
-6.53418e-17
2.32313e-16
-5.20799e-17
-4.57232e-17
1.44055e-16
5.88211e-17
-3.7088e-17
3.08667e-17
1.56391e-17
-3.00988e-16
-1.703e-17
6.65506e-17
-1.866e-16
-2.98397e-17
-2.74535e-17
2.26587e-18
8.96873e-17
-2.33817e-16
-1.86292e-17
-1.37084e-16
1.48748e-16
-1.74135e-16
1.3123e-16
-6.57239e-17
-1.71992e-16
-5.74709e-17
-4.51737e-18
-5.97647e-17
-6.29569e-17
-1.41004e-16
-1.4914e-16
-3.67351e-18
1.04557e-16
-9.92867e-17
4.5812e-17
-6.45562e-18
-3.49584e-17
-7.56526e-17
2.67338e-17
-1.55607e-18
1.84987e-16
9.63714e-17
2.90975e-16
7.7729e-17
1.16312e-16
-1.37618e-16
-1.34283e-16
1.81957e-16
1.33523e-16
-3.79608e-16
1.91373e-16
1.93589e-16
1.06072e-16
-3.29258e-18
1.8412e-16
3.30693e-16
5.63425e-17
-1.81948e-16
-8.12293e-17
-7.07162e-17
-2.39882e-17
3.03712e-17
-1.58753e-16
-1.38257e-16
-1.48215e-16
-1.76856e-16
-3.92299e-17
-4.74305e-17
-3.78017e-16
-1.22074e-16
5.51372e-17
-2.08401e-17
-2.75823e-17
-3.31534e-17
-2.64737e-17
3.08381e-17
4.36818e-17
-3.84096e-17
-1.50931e-16
-7.61128e-18
-1.58857e-17
5.939e-17
-1.40448e-16
-9.75925e-17
-1.02671e-17
-1.31064e-18
-2.25834e-16
5.35285e-17
-3.04398e-16
-9.13372e-17
-1.84324e-16
-1.38178e-17
-8.72933e-17
6.39342e-17
-5.1355e-17
1.67872e-16
-1.02952e-16
-3.20971e-17
-1.28326e-16
-6.30974e-17
-5.08321e-17
1.58924e-16
-7.11056e-17
1.11272e-16
-4.03639e-16
2.33746e-16
-7.28605e-17
1.17384e-16
-1.63103e-16
1.00695e-16
-1.24289e-16
1.61451e-17
1.88151e-16
-1.74306e-17
1.19986e-16
9.40889e-17
-9.95329e-19
1.73114e-17
-1.36359e-16
-5.17907e-17
-1.94183e-16
-2.41965e-16
-7.22933e-17
-1.45943e-16
-2.3702e-16
2.23168e-16
-1.19781e-16
-1.72358e-16
-6.02584e-17
-1.73105e-17
5.99161e-18
-2.14706e-16
-1.5488e-16
4.78733e-17
-1.98696e-16
1.66756e-16
1.80739e-16
-2.33292e-16
8.91068e-18
7.73983e-18
-1.96615e-18
-2.19614e-16
9.15597e-17
-1.99467e-16
7.46707e-17
-6.46615e-17
8.19501e-17
-2.14131e-16
5.57936e-17
-4.26457e-17
-1.29984e-16
3.27727e-16
-2.36486e-16
-2.75965e-16
-8.8981e-17
-3.55084e-16
7.88898e-17
-1.71155e-16
2.0694e-16
-9.73839e-17
2.72041e-16
-2.08022e-16
-2.34002e-17
-3.63947e-16
-1.04362e-16
-3.0683e-16
-7.27656e-17
-6.65873e-17
1.90385e-16
-5.99058e-16
1.74293e-16
5.36086e-17
1.28015e-16
7.52918e-17
9.98151e-17
-5.30538e-17
3.20218e-16
-9.71904e-17
4.67558e-16
2.3932e-17
-3.83311e-17
-9.7355e-19
-2.44754e-16
-1.36224e-16
2.27513e-17
-1.77266e-16
-2.29265e-17
-8.06605e-17
-2.25217e-16
8.12389e-17
-2.01956e-16
-2.23682e-16
3.01258e-17
-2.42749e-16
-4.76013e-17
-3.93772e-17
-4.13021e-16
-1.98809e-17
-8.94367e-17
7.90478e-17
-3.3569e-16
-1.76566e-17
-1.84611e-16
-1.9086e-17
-1.48058e-16
-1.16289e-16
1.72725e-17
-9.55418e-18
-4.58512e-16
1.42296e-16
2.60969e-17
1.35574e-16
-1.3031e-16
1.20946e-16
-4.45952e-16
-1.74724e-16
-2.27492e-16
1.15739e-16
-2.62713e-16
4.22627e-16
-1.7714e-16
-2.26287e-16
-1.95913e-16
-1.0624e-16
-2.75742e-16
6.29438e-17
-1.51556e-16
1.6729e-16
-4.2143e-16
1.93706e-16
-3.72938e-16
8.13624e-17
5.19325e-17
1.4023e-16
-2.3439e-16
-1.17674e-16
-1.80552e-16
-3.58901e-17
7.62169e-17
8.66712e-17
-1.62834e-16
-1.81407e-16
-2.97901e-17
-1.73626e-16
2.26673e-16
4.83611e-17
9.0061e-17
-2.37787e-17
1.31839e-16
-1.51967e-16
-1.4096e-16
-2.35672e-16
-1.89039e-16
-3.67345e-16
-9.29214e-17
-5.59093e-16
-2.21392e-17
-1.1492e-16
2.0467e-16
-4.94429e-16
7.09058e-17
-1.05398e-16
1.23242e-17
-3.8024e-16
-1.56145e-16
-1.04627e-16
-1.80107e-16
-5.34279e-16
-4.9523e-17
-2.41139e-16
-4.06519e-18
-7.52497e-17
2.46252e-17
-1.76067e-16
6.80726e-17
-1.62712e-16
3.49875e-19
-7.40445e-17
1.17205e-16
-2.6396e-16
1.77593e-16
1.04488e-16
-9.73029e-18
-4.66241e-16
4.2753e-17
-1.05474e-16
1.45967e-16
-2.23245e-16
2.49358e-16
-5.392e-16
1.89433e-16
-3.70456e-17
6.6972e-17
-1.53414e-17
-4.68477e-17
-6.48816e-17
7.74482e-17
-2.00817e-17
3.28861e-17
-3.49984e-17
-1.92385e-16
-1.15682e-16
-1.74503e-16
-8.05731e-17
-7.07242e-17
-5.80942e-17
6.55566e-17
-3.58465e-16
-1.29313e-16
-2.05413e-16
-4.89822e-16
5.71368e-17
-5.05659e-16
-1.58169e-16
-3.84448e-16
-1.54092e-16
-2.00228e-16
-4.31096e-17
-4.10437e-16
4.43862e-17
-1.66393e-16
1.65665e-16
-2.30791e-16
3.42428e-16
-1.95549e-16
-9.44289e-17
2.63253e-17
-1.86396e-16
-2.20934e-16
1.77322e-17
-2.57578e-16
1.14451e-16
8.93838e-17
1.2313e-16
-1.01402e-16
1.17712e-16
-1.26296e-16
4.31978e-17
-4.6622e-17
1.94797e-17
-5.1195e-17
7.05813e-17
-1.80233e-16
1.894e-16
1.3224e-17
3.37999e-16
-6.11672e-17
2.36026e-16
-3.22388e-16
8.8263e-17
-2.43333e-16
1.07367e-16
-1.86873e-16
4.46178e-17
-1.66179e-16
-7.67771e-18
1.34716e-16
3.67467e-17
1.2889e-16
-1.91215e-16
-2.15601e-16
-3.85345e-17
-3.31589e-16
-3.84149e-17
-6.43115e-17
-1.87971e-16
-9.96461e-18
-7.28627e-18
-8.37098e-17
-3.79453e-16
-1.47617e-16
-3.2363e-16
-1.04987e-16
-1.35526e-16
-1.15669e-16
-6.12977e-16
5.48719e-17
-2.44333e-16
-8.27005e-17
-2.32913e-16
5.09519e-17
-5.05836e-17
-1.92847e-17
-7.11109e-17
1.37797e-16
-3.29081e-17
2.48139e-17
-2.59153e-16
-1.46685e-16
-1.26929e-16
1.73435e-16
-2.9655e-17
1.09214e-16
6.50406e-17
-1.45238e-17
-5.88558e-17
8.26625e-17
-1.84164e-17
2.8884e-16
1.75787e-19
1.77467e-16
-4.85004e-17
5.12068e-17
1.45937e-16
-6.14143e-20
7.97244e-17
3.41303e-17
-6.67108e-17
9.03752e-17
-1.69007e-16
1.64894e-16
-1.94453e-16
2.0073e-16
-6.98106e-17
1.03021e-16
3.37416e-16
-2.0922e-17
-7.71081e-17
-1.65433e-16
-3.12918e-16
-5.79494e-18
-1.01552e-16
-6.23998e-18
-2.02944e-16
-1.03463e-16
-1.34721e-16
-3.02341e-16
-1.74718e-16
-2.17273e-16
-1.28739e-16
1.17353e-16
-2.54486e-17
-7.28135e-17
-6.52665e-17
-1.48184e-16
6.48356e-18
4.78295e-18
-5.57829e-17
-2.04056e-17
4.49742e-17
2.57572e-16
2.45735e-16
-1.3708e-16
1.29094e-16
1.95947e-16
-1.21028e-16
3.08514e-16
1.10932e-17
4.52913e-17
-8.77776e-17
1.05881e-16
1.15132e-16
-1.06781e-17
2.1556e-16
1.14143e-16
1.09643e-16
-8.67416e-17
8.34619e-17
-1.31628e-17
8.58068e-17
4.50335e-17
1.14205e-16
-2.17726e-16
1.69853e-16
9.9153e-17
2.51831e-16
-3.44615e-17
3.9388e-16
-2.28787e-16
6.27371e-17
9.46128e-18
-9.0007e-17
-4.04356e-17
7.68259e-17
-1.94702e-16
-2.98404e-16
-2.41916e-16
2.53181e-17
-2.54305e-16
1.63083e-16
-1.4957e-16
-6.7218e-17
-7.90583e-17
1.34801e-16
-1.33543e-16
-1.24049e-16
-2.67685e-16
4.18277e-17
-1.33685e-17
1.50715e-16
1.81037e-16
-1.17151e-16
1.08615e-16
6.38249e-17
-5.50272e-17
2.90821e-16
-9.62864e-17
1.43278e-16
5.19187e-17
1.6649e-16
-1.23272e-16
8.15441e-17
-1.72069e-16
1.12125e-16
1.88508e-16
8.98463e-17
1.54855e-16
1.55409e-16
1.13965e-16
2.53288e-16
4.36113e-17
2.10524e-16
-5.28197e-17
1.5071e-16
3.16272e-17
-3.99389e-17
5.36305e-17
1.08183e-16
1.66143e-16
2.10629e-17
1.02012e-16
-2.72986e-16
7.20118e-17
-4.46427e-18
1.55251e-16
-1.25744e-16
1.2221e-16
-3.90615e-16
-8.94864e-17
1.01031e-16
1.20837e-16
-2.21285e-16
-4.26525e-17
-1.55394e-16
-5.50971e-16
-2.48553e-16
1.2241e-17
-1.68682e-16
-2.67829e-17
-1.76076e-16
-1.41742e-16
-1.83649e-16
7.44004e-17
-8.51827e-18
-1.9903e-16
-1.64283e-16
3.90822e-16
-1.23167e-16
2.42384e-16
1.96012e-18
-9.5314e-17
1.32195e-16
2.42399e-16
2.86639e-16
2.85786e-16
1.30444e-16
1.28184e-16
-3.51673e-18
-2.21228e-17
-2.15087e-16
7.17937e-17
-2.62962e-16
-5.8343e-17
-7.04057e-17
-2.36977e-16
1.16125e-16
8.67264e-17
1.09234e-16
1.99915e-16
7.13919e-17
3.05853e-16
-2.04536e-17
4.96785e-18
6.43819e-17
1.59871e-16
7.58754e-17
2.15618e-16
5.7759e-17
-8.76343e-17
4.14087e-18
-3.44044e-16
8.09389e-17
-1.99818e-16
6.22859e-17
-1.02432e-16
2.45179e-16
-2.49598e-16
2.11345e-16
1.24353e-16
-1.55973e-17
-1.71151e-16
8.33431e-17
-3.465e-16
-1.76756e-16
-1.01996e-16
7.20559e-18
-1.87125e-17
-3.70075e-16
-8.40843e-17
1.84716e-17
-1.91497e-16
8.31604e-17
-7.74346e-17
-1.38059e-16
-2.17266e-16
2.02855e-16
-2.51865e-17
1.32567e-16
-2.00445e-17
-4.35484e-17
3.44417e-17
5.93108e-17
5.00139e-17
1.61035e-16
-7.22719e-17
-4.58684e-17
-7.17172e-17
2.55396e-16
5.1005e-17
-1.60635e-16
2.3345e-17
1.09573e-16
1.9111e-17
-6.29613e-17
1.58463e-16
5.25958e-17
1.85246e-17
4.09522e-16
5.41258e-17
1.50888e-16
4.38714e-17
7.30788e-17
-6.72872e-18
1.7412e-16
-6.09376e-17
1.39815e-16
2.9299e-17
1.85203e-16
6.30921e-17
-2.90157e-16
1.8756e-16
-2.23473e-17
2.27669e-16
-1.10105e-16
9.42746e-17
-6.81642e-17
-7.35061e-17
-8.17529e-17
-5.19582e-17
1.43826e-17
-1.73519e-16
-1.96041e-16
-3.9912e-17
-8.85421e-18
-1.59722e-16
-2.06986e-16
-2.08188e-16
-2.55336e-17
-1.37399e-16
-1.10523e-16
-5.17697e-17
1.2541e-16
1.78965e-16
-3.32079e-18
-8.62251e-17
-1.55923e-16
5.64673e-17
7.80242e-17
4.95563e-18
7.3274e-17
8.36694e-17
-7.02659e-17
2.18599e-18
2.38406e-17
7.33415e-17
1.69826e-17
-6.6402e-17
1.86262e-16
2.22455e-16
1.00084e-17
-1.22365e-16
-2.14584e-16
)
;

boundaryField
{
    outerWall
    {
        type            calculated;
        value           uniform 0;
    }
    axis
    {
        type            symmetryPlane;
        value           uniform 0;
    }
    nozzle
    {
        type            calculated;
        value           nonuniform List<scalar> 5(0.679468 0.679485 0.679485 0.679485 0.679468);
    }
    back
    {
        type            empty;
    }
    front
    {
        type            empty;
    }
}


// ************************************************************************* //
