/*--------------------------------*- C++ -*----------------------------------*\
| =========                 |                                                 |
| \\      /  F ield         | OpenFOAM: The Open Source CFD Toolbox           |
|  \\    /   O peration     | Version:  2412                                  |
|   \\  /    A nd           | Website:  www.openfoam.com                      |
|    \\/     M anipulation  |                                                 |
\*---------------------------------------------------------------------------*/
FoamFile
{
    version     2.0;
    format      ascii;
    arch        "LSB;label=32;scalar=64";
    class       volScalarField;
    location    "0.00011";
    object      p;
}
// * * * * * * * * * * * * * * * * * * * * * * * * * * * * * * * * * * * * * //

dimensions      [1 -1 -2 0 0 0 0];

internalField   nonuniform List<scalar> 
3725
(
7.47493e+06
7.48184e+06
7.49943e+06
7.5329e+06
7.58581e+06
7.65783e+06
7.74467e+06
7.83879e+06
7.93215e+06
8.01868e+06
8.09508e+06
8.16077e+06
8.21681e+06
8.26482e+06
8.30628e+06
8.34247e+06
8.37415e+06
8.40191e+06
8.42616e+06
8.44734e+06
8.46572e+06
8.48184e+06
8.49569e+06
8.50747e+06
8.5173e+06
8.52526e+06
8.53159e+06
8.53631e+06
8.53942e+06
8.54097e+06
7.48306e+06
7.49078e+06
7.50949e+06
7.54369e+06
7.59634e+06
7.66682e+06
7.75118e+06
7.84235e+06
7.93289e+06
8.01725e+06
8.09238e+06
8.15751e+06
8.21345e+06
8.26157e+06
8.30325e+06
8.33965e+06
8.37157e+06
8.39953e+06
8.42394e+06
8.44521e+06
8.46364e+06
8.47983e+06
8.49371e+06
8.50553e+06
8.51541e+06
8.52341e+06
8.52974e+06
8.53444e+06
8.53755e+06
8.53909e+06
7.49887e+06
7.50818e+06
7.52915e+06
7.56488e+06
7.61716e+06
7.68486e+06
7.76448e+06
7.84978e+06
7.93483e+06
8.01492e+06
8.08737e+06
8.15126e+06
8.20689e+06
8.2552e+06
8.29728e+06
8.33406e+06
8.36634e+06
8.39467e+06
8.41942e+06
8.44092e+06
8.45947e+06
8.4758e+06
8.48974e+06
8.50164e+06
8.51159e+06
8.51965e+06
8.52597e+06
8.53065e+06
8.53375e+06
8.53529e+06
7.52154e+06
7.53319e+06
7.55752e+06
7.59571e+06
7.64785e+06
7.71217e+06
7.78503e+06
7.86207e+06
7.93913e+06
8.01287e+06
8.08107e+06
8.14273e+06
8.19759e+06
8.24596e+06
8.28839e+06
8.32565e+06
8.35846e+06
8.38727e+06
8.41247e+06
8.43432e+06
8.45318e+06
8.46971e+06
8.48375e+06
8.49575e+06
8.50577e+06
8.51387e+06
8.52019e+06
8.52485e+06
8.52792e+06
8.52945e+06
7.54988e+06
7.56456e+06
7.59337e+06
7.63503e+06
7.6875e+06
7.74781e+06
7.81293e+06
7.88028e+06
7.94749e+06
8.01279e+06
8.07502e+06
8.1331e+06
8.1863e+06
8.2342e+06
8.27677e+06
8.31451e+06
8.34782e+06
8.37717e+06
8.40304e+06
8.42546e+06
8.44467e+06
8.46145e+06
8.47563e+06
8.48775e+06
8.49783e+06
8.50595e+06
8.51225e+06
8.51685e+06
8.51986e+06
8.52135e+06
7.5825e+06
7.60083e+06
7.63515e+06
7.68144e+06
7.73515e+06
7.79221e+06
7.84941e+06
7.9058e+06
7.96147e+06
8.01656e+06
8.07096e+06
8.12383e+06
8.17403e+06
8.2205e+06
8.26275e+06
8.30066e+06
8.33439e+06
8.36434e+06
8.3908e+06
8.41399e+06
8.43375e+06
8.45082e+06
8.46523e+06
8.4775e+06
8.4876e+06
8.49568e+06
8.50189e+06
8.50636e+06
8.50925e+06
8.51066e+06
7.61786e+06
7.64035e+06
7.68114e+06
7.73328e+06
7.78943e+06
7.84391e+06
7.89374e+06
7.93944e+06
7.9828e+06
8.02632e+06
8.0711e+06
8.11683e+06
8.1623e+06
8.20602e+06
8.24698e+06
8.28449e+06
8.3184e+06
8.34876e+06
8.37582e+06
8.39965e+06
8.42047e+06
8.43762e+06
8.45234e+06
8.46475e+06
8.4748e+06
8.48275e+06
8.48873e+06
8.49294e+06
8.49558e+06
8.49685e+06
7.65444e+06
7.68149e+06
7.72954e+06
7.78873e+06
7.84879e+06
7.90224e+06
7.94621e+06
7.98175e+06
8.01307e+06
8.04424e+06
8.07786e+06
8.11446e+06
8.15315e+06
8.19239e+06
8.23069e+06
8.2669e+06
8.30031e+06
8.33069e+06
8.35805e+06
8.38247e+06
8.40422e+06
8.42154e+06
8.43665e+06
8.44914e+06
8.45904e+06
8.46666e+06
8.4722e+06
8.47592e+06
8.47813e+06
8.47914e+06
7.6908e+06
7.72266e+06
7.7786e+06
7.84592e+06
7.9115e+06
7.96621e+06
8.00592e+06
8.03311e+06
8.05327e+06
8.07209e+06
8.0935e+06
8.11926e+06
8.14911e+06
8.18175e+06
8.21562e+06
8.24911e+06
8.28103e+06
8.3107e+06
8.33786e+06
8.3623e+06
8.3843e+06
8.40233e+06
8.41782e+06
8.43021e+06
8.43975e+06
8.44678e+06
8.45153e+06
8.45438e+06
8.45584e+06
8.45642e+06
7.72569e+06
7.76247e+06
7.82669e+06
7.90303e+06
7.97569e+06
8.03335e+06
8.07175e+06
8.09313e+06
8.1039e+06
8.1111e+06
8.12005e+06
8.13375e+06
8.15291e+06
8.17683e+06
8.20413e+06
8.23303e+06
8.26202e+06
8.28996e+06
8.31612e+06
8.34006e+06
8.36139e+06
8.38027e+06
8.39564e+06
8.40757e+06
8.4164e+06
8.42237e+06
8.42574e+06
8.42711e+06
8.42731e+06
8.42712e+06
7.75813e+06
7.79978e+06
7.87239e+06
7.95839e+06
8.03952e+06
8.10252e+06
8.14216e+06
8.16053e+06
8.16443e+06
8.16169e+06
8.15881e+06
8.15998e+06
8.16714e+06
8.18052e+06
8.19911e+06
8.22137e+06
8.24561e+06
8.27031e+06
8.29433e+06
8.3169e+06
8.33738e+06
8.35567e+06
8.37022e+06
8.38111e+06
8.38859e+06
8.39269e+06
8.39375e+06
8.39265e+06
8.3907e+06
8.38923e+06
7.78739e+06
7.83373e+06
7.91459e+06
8.01056e+06
8.10126e+06
8.17163e+06
8.21521e+06
8.23364e+06
8.23361e+06
8.2233e+06
8.21012e+06
8.19928e+06
8.19401e+06
8.19558e+06
8.2037e+06
8.21726e+06
8.23469e+06
8.25432e+06
8.27463e+06
8.29448e+06
8.31298e+06
8.32945e+06
8.34222e+06
8.3512e+06
8.3563e+06
8.35724e+06
8.35447e+06
8.34933e+06
8.34389e+06
8.34028e+06
7.81305e+06
7.86376e+06
7.95251e+06
8.05841e+06
8.15938e+06
8.23876e+06
8.28884e+06
8.31036e+06
8.30956e+06
8.29459e+06
8.27337e+06
8.25198e+06
8.2348e+06
8.22417e+06
8.22073e+06
8.22396e+06
8.23263e+06
8.24518e+06
8.25992e+06
8.27535e+06
8.2902e+06
8.30399e+06
8.31323e+06
8.31902e+06
8.32011e+06
8.31591e+06
8.30709e+06
8.29559e+06
8.28464e+06
8.27756e+06
7.83495e+06
7.88962e+06
7.98569e+06
8.10116e+06
8.21266e+06
8.30221e+06
8.36085e+06
8.38832e+06
8.38994e+06
8.37352e+06
8.3471e+06
8.31741e+06
8.28974e+06
8.2675e+06
8.25223e+06
8.24417e+06
8.24264e+06
8.24637e+06
8.25366e+06
8.26292e+06
8.27238e+06
8.28024e+06
8.28583e+06
8.28663e+06
8.28137e+06
8.26935e+06
8.25147e+06
8.23041e+06
8.21098e+06
8.19839e+06
7.85316e+06
7.91133e+06
8.01398e+06
8.13838e+06
8.26026e+06
8.36059e+06
8.42932e+06
8.46505e+06
8.47198e+06
8.45738e+06
8.42889e+06
8.39376e+06
8.35788e+06
8.32552e+06
8.29913e+06
8.27972e+06
8.26729e+06
8.261e+06
8.25937e+06
8.26077e+06
8.26322e+06
8.26475e+06
8.26343e+06
8.25679e+06
8.24241e+06
8.21936e+06
8.18865e+06
8.15371e+06
8.12154e+06
8.10013e+06
7.86794e+06
7.9291e+06
8.03751e+06
8.17002e+06
8.30173e+06
8.41292e+06
8.49257e+06
8.53838e+06
8.55287e+06
8.543e+06
8.51571e+06
8.47839e+06
8.43718e+06
8.39697e+06
8.36106e+06
8.33122e+06
8.3081e+06
8.29137e+06
8.27996e+06
8.2723e+06
8.2663e+06
8.25952e+06
8.24962e+06
8.23309e+06
8.20672e+06
8.16911e+06
8.12107e+06
8.06663e+06
8.01563e+06
7.98038e+06
7.87966e+06
7.94333e+06
8.05665e+06
8.19628e+06
8.33702e+06
8.45864e+06
8.54937e+06
8.60546e+06
8.62997e+06
8.62715e+06
8.60414e+06
8.5678e+06
8.52436e+06
8.47932e+06
8.43635e+06
8.39792e+06
8.36533e+06
8.3387e+06
8.31746e+06
8.3002e+06
8.28484e+06
8.26852e+06
8.2484e+06
8.21975e+06
8.17881e+06
8.12307e+06
8.05261e+06
7.97169e+06
7.8925e+06
7.83293e+06
7.8888e+06
7.95451e+06
8.07191e+06
8.21763e+06
8.36638e+06
8.49766e+06
8.59916e+06
8.6666e+06
8.70131e+06
8.7072e+06
8.69072e+06
8.6582e+06
8.61587e+06
8.56916e+06
8.52215e+06
8.47778e+06
8.43775e+06
8.40274e+06
8.37252e+06
8.34593e+06
8.32102e+06
8.29472e+06
8.26325e+06
8.22118e+06
8.1638e+06
8.08674e+06
7.98867e+06
7.87406e+06
7.75922e+06
7.66729e+06
7.89583e+06
7.96318e+06
8.0839e+06
8.23471e+06
8.39035e+06
8.53022e+06
8.64166e+06
8.71969e+06
8.76457e+06
8.78051e+06
8.77239e+06
8.7462e+06
8.70793e+06
8.66272e+06
8.61488e+06
8.56749e+06
8.52264e+06
8.48145e+06
8.44403e+06
8.40939e+06
8.37571e+06
8.33973e+06
8.29686e+06
8.2412e+06
8.16674e+06
8.06595e+06
7.93424e+06
7.77248e+06
7.5916e+06
7.42124e+06
7.90127e+06
7.9699e+06
8.09327e+06
8.24823e+06
8.40964e+06
8.55689e+06
8.67713e+06
8.76484e+06
8.81991e+06
8.84587e+06
8.84702e+06
8.82887e+06
8.79683e+06
8.75582e+06
8.71004e+06
8.66267e+06
8.61593e+06
8.57124e+06
8.52891e+06
8.48831e+06
8.44757e+06
8.40334e+06
8.35061e+06
8.28277e+06
8.19263e+06
8.06781e+06
7.9041e+06
7.6972e+06
7.44974e+06
7.18998e+06
7.90515e+06
7.97469e+06
8.09994e+06
8.25789e+06
8.42353e+06
8.57628e+06
8.70324e+06
8.79853e+06
8.86223e+06
8.89682e+06
8.90641e+06
8.89611e+06
8.87096e+06
8.83551e+06
8.79381e+06
8.74897e+06
8.70317e+06
8.65787e+06
8.61362e+06
8.56994e+06
8.525e+06
8.47545e+06
8.41606e+06
8.33938e+06
8.23438e+06
8.09102e+06
7.89585e+06
7.63353e+06
7.24136e+06
6.6675e+06
7.90814e+06
7.97834e+06
8.10497e+06
8.26512e+06
8.4339e+06
8.59069e+06
8.7226e+06
8.82417e+06
8.89461e+06
8.93629e+06
8.95313e+06
8.94989e+06
8.93134e+06
8.90172e+06
8.86483e+06
8.82365e+06
8.7803e+06
8.73618e+06
8.69196e+06
8.6473e+06
8.60041e+06
8.54792e+06
8.48457e+06
8.40265e+06
8.29149e+06
8.14093e+06
7.92779e+06
7.6457e+06
7.21358e+06
6.61602e+06
7.91088e+06
7.98162e+06
8.10939e+06
8.27131e+06
8.44256e+06
8.60282e+06
8.73909e+06
8.84568e+06
8.92199e+06
8.97008e+06
8.99369e+06
8.9973e+06
8.98545e+06
8.96213e+06
8.93085e+06
8.89438e+06
8.85477e+06
8.81336e+06
8.77079e+06
8.72681e+06
8.67971e+06
8.62622e+06
8.56109e+06
8.47653e+06
8.36206e+06
8.20454e+06
7.98102e+06
7.66674e+06
7.20947e+06
6.5888e+06
7.91358e+06
7.98478e+06
8.11348e+06
8.27687e+06
8.45019e+06
8.61311e+06
8.75282e+06
8.86362e+06
8.94483e+06
8.99849e+06
9.0282e+06
9.03824e+06
9.0329e+06
9.01599e+06
8.99072e+06
8.95965e+06
8.9247e+06
8.88715e+06
8.84761e+06
8.80575e+06
8.76005e+06
8.70744e+06
8.64282e+06
8.55869e+06
8.44507e+06
8.28921e+06
8.07115e+06
7.77212e+06
7.33188e+06
6.717e+06
7.91642e+06
7.988e+06
8.11749e+06
8.28206e+06
8.45699e+06
8.62198e+06
8.76431e+06
8.87841e+06
8.9636e+06
9.02196e+06
9.05699e+06
9.07284e+06
9.0736e+06
9.06291e+06
9.04371e+06
9.01838e+06
8.98867e+06
8.95576e+06
8.92022e+06
8.8817e+06
8.83882e+06
8.78876e+06
8.72676e+06
8.64588e+06
8.537e+06
8.38888e+06
8.18455e+06
7.9084e+06
7.49575e+06
6.88381e+06
5.64933e+06
5.15153e+06
4.63076e+06
4.14489e+06
3.7028e+06
3.3042e+06
2.94836e+06
2.63274e+06
2.3536e+06
2.10652e+06
1.88684e+06
1.69009e+06
1.51225e+06
1.34991e+06
1.20023e+06
1.06091e+06
930089
806269
688258
574966
465535
359192
254922
152924
51301.8
5.75293e+06
5.18558e+06
4.65121e+06
4.15716e+06
3.70941e+06
3.30802e+06
2.95062e+06
2.634e+06
2.35427e+06
2.10687e+06
1.88702e+06
1.69018e+06
1.5123e+06
1.34994e+06
1.20024e+06
1.06091e+06
930092
806271
688259
574966
465535
359192
254922
152924
51301.8
5.71027e+06
5.17355e+06
4.64658e+06
4.15502e+06
3.70888e+06
3.30744e+06
2.94976e+06
2.63328e+06
2.35378e+06
2.10657e+06
1.88685e+06
1.69009e+06
1.51225e+06
1.34991e+06
1.20023e+06
1.06091e+06
930092
806271
688259
574966
465536
359192
254922
152924
51301.8
5.79777e+06
5.21406e+06
4.66939e+06
4.16915e+06
3.71719e+06
3.31261e+06
2.95295e+06
2.6351e+06
2.35478e+06
2.1071e+06
1.88712e+06
1.69023e+06
1.51233e+06
1.34995e+06
1.20025e+06
1.06092e+06
930098
806274
688260
574967
465536
359192
254922
152924
51301.8
5.72019e+06
5.19606e+06
4.65804e+06
4.16216e+06
3.71376e+06
3.31072e+06
2.95188e+06
2.63449e+06
2.35442e+06
2.10688e+06
1.887e+06
1.69016e+06
1.5123e+06
1.34994e+06
1.20025e+06
1.06092e+06
930098
806275
688261
574968
465536
359192
254922
152924
51301.8
7.92001e+06
7.99197e+06
8.12217e+06
8.2878e+06
8.46411e+06
8.63083e+06
8.77532e+06
8.89216e+06
8.98084e+06
9.04349e+06
9.08361e+06
9.10521e+06
9.11223e+06
9.10808e+06
9.09554e+06
9.07672e+06
9.05321e+06
9.02606e+06
8.99575e+06
8.96201e+06
8.9236e+06
8.87797e+06
8.82092e+06
8.74646e+06
8.64697e+06
8.5139e+06
8.33853e+06
8.11608e+06
7.85279e+06
7.57977e+06
7.92489e+06
7.99717e+06
8.12798e+06
8.29443e+06
8.47173e+06
8.63961e+06
8.78553e+06
8.90425e+06
8.99547e+06
9.06153e+06
9.10596e+06
9.13271e+06
9.14559e+06
9.14782e+06
9.14199e+06
9.13001e+06
9.11329e+06
9.09273e+06
9.06876e+06
9.04114e+06
9.00881e+06
8.96962e+06
8.92008e+06
8.8554e+06
8.7697e+06
8.65701e+06
8.51307e+06
8.33843e+06
8.1466e+06
7.96693e+06
7.93103e+06
8.00352e+06
8.13472e+06
8.30166e+06
8.47946e+06
8.64783e+06
8.79431e+06
8.91389e+06
9.00652e+06
9.07475e+06
9.12222e+06
9.15287e+06
9.1704e+06
9.17791e+06
9.17782e+06
9.17191e+06
9.16141e+06
9.14713e+06
9.12941e+06
9.10807e+06
9.08225e+06
9.05019e+06
9.00915e+06
8.95548e+06
8.88502e+06
8.79426e+06
8.68258e+06
8.55496e+06
8.42924e+06
8.32961e+06
7.93884e+06
8.01142e+06
8.14274e+06
8.3098e+06
8.48761e+06
8.65587e+06
8.80219e+06
8.92175e+06
9.01482e+06
9.08418e+06
9.13359e+06
9.167e+06
9.18804e+06
9.19972e+06
9.20432e+06
9.20351e+06
9.1984e+06
9.18971e+06
9.17774e+06
9.16235e+06
9.14288e+06
9.11796e+06
9.08554e+06
9.04296e+06
8.98746e+06
8.91719e+06
8.83301e+06
8.74016e+06
8.65224e+06
8.58743e+06
7.94877e+06
8.02124e+06
8.15236e+06
8.31909e+06
8.49642e+06
8.66399e+06
8.80951e+06
8.92835e+06
9.02106e+06
9.09068e+06
9.14112e+06
9.17632e+06
9.19987e+06
9.21469e+06
9.22297e+06
9.22626e+06
9.22561e+06
9.22165e+06
9.21466e+06
9.20458e+06
9.1909e+06
9.17263e+06
9.14827e+06
9.11599e+06
9.07407e+06
9.02169e+06
8.9603e+06
8.89474e+06
8.83569e+06
8.79584e+06
7.9613e+06
8.03341e+06
8.16388e+06
8.32974e+06
8.50602e+06
8.67236e+06
8.81651e+06
8.93403e+06
9.02574e+06
9.09493e+06
9.14566e+06
9.18188e+06
9.20711e+06
9.2242e+06
9.23524e+06
9.24172e+06
9.2446e+06
9.24448e+06
9.24163e+06
9.23604e+06
9.22736e+06
9.2149e+06
9.19763e+06
9.17433e+06
9.14398e+06
9.10635e+06
9.06297e+06
9.01778e+06
8.97836e+06
8.95307e+06
7.97697e+06
8.04839e+06
8.17764e+06
8.34195e+06
8.51651e+06
8.68102e+06
8.82329e+06
8.939e+06
9.02921e+06
9.09745e+06
9.1479e+06
9.18453e+06
9.21079e+06
9.22944e+06
9.24249e+06
9.25136e+06
9.25695e+06
9.25984e+06
9.26029e+06
9.25834e+06
9.25378e+06
9.24616e+06
9.23479e+06
9.2189e+06
9.19792e+06
9.17193e+06
9.14226e+06
9.11192e+06
9.08605e+06
9.0701e+06
7.99634e+06
8.06667e+06
8.19397e+06
8.35589e+06
8.52793e+06
8.68998e+06
8.82986e+06
8.94336e+06
9.03168e+06
9.09858e+06
9.14834e+06
9.18494e+06
9.21174e+06
9.2314e+06
9.24587e+06
9.25647e+06
9.26409e+06
9.26926e+06
9.27226e+06
9.27317e+06
9.27187e+06
9.26811e+06
9.26143e+06
9.25139e+06
9.23769e+06
9.22054e+06
9.20099e+06
9.18122e+06
9.16461e+06
9.15465e+06
8.02005e+06
8.08875e+06
8.21324e+06
8.37174e+06
8.54033e+06
8.69917e+06
8.83617e+06
8.94709e+06
9.03325e+06
9.09853e+06
9.14732e+06
9.18358e+06
9.21057e+06
9.23086e+06
9.24629e+06
9.25815e+06
9.26725e+06
9.27412e+06
9.27903e+06
9.2821e+06
9.28331e+06
9.2825e+06
9.27942e+06
9.27383e+06
9.26558e+06
9.25492e+06
9.24264e+06
9.23024e+06
9.2199e+06
9.21381e+06
8.04871e+06
8.1152e+06
8.23581e+06
8.38969e+06
8.55371e+06
8.70852e+06
8.84208e+06
8.95013e+06
9.03392e+06
9.09742e+06
9.14506e+06
9.18078e+06
9.20774e+06
9.22839e+06
9.24448e+06
9.25722e+06
9.2674e+06
9.27552e+06
9.28185e+06
9.28653e+06
9.28961e+06
9.291e+06
9.2906e+06
9.28826e+06
9.28398e+06
9.27795e+06
9.27075e+06
9.26338e+06
9.25722e+06
9.25362e+06
8.08297e+06
8.14655e+06
8.2621e+06
8.40996e+06
8.56813e+06
8.71792e+06
8.84747e+06
8.95233e+06
9.03363e+06
9.09526e+06
9.14167e+06
9.17673e+06
9.20353e+06
9.22437e+06
9.24092e+06
9.25431e+06
9.26529e+06
9.27432e+06
9.2817e+06
9.28758e+06
9.29202e+06
9.29502e+06
9.29655e+06
9.29656e+06
9.29507e+06
9.29225e+06
9.28852e+06
9.28452e+06
9.28111e+06
9.27911e+06
8.12344e+06
8.18334e+06
8.29251e+06
8.43279e+06
8.58365e+06
8.72733e+06
8.85218e+06
8.95355e+06
9.03226e+06
9.09201e+06
9.13717e+06
9.17156e+06
9.19814e+06
9.21909e+06
9.23597e+06
9.24985e+06
9.26144e+06
9.27117e+06
9.27933e+06
9.28609e+06
9.29153e+06
9.2957e+06
9.29861e+06
9.30026e+06
9.3007e+06
9.30007e+06
9.29865e+06
9.29686e+06
9.29523e+06
9.29424e+06
8.17067e+06
8.2261e+06
8.32746e+06
8.45847e+06
8.60041e+06
8.73671e+06
8.85609e+06
8.95363e+06
9.02967e+06
9.08759e+06
9.13156e+06
9.1653e+06
9.19165e+06
9.21268e+06
9.22984e+06
9.24413e+06
9.25621e+06
9.26649e+06
9.27526e+06
9.28268e+06
9.28887e+06
9.29389e+06
9.29778e+06
9.30057e+06
9.30233e+06
9.30316e+06
9.30326e+06
9.3029e+06
9.3024e+06
9.30206e+06
8.22514e+06
8.27526e+06
8.36737e+06
8.48731e+06
8.6186e+06
8.74613e+06
8.85913e+06
8.95241e+06
9.02571e+06
9.08187e+06
9.12476e+06
9.15793e+06
9.1841e+06
9.20522e+06
9.22265e+06
9.23732e+06
9.24982e+06
9.26058e+06
9.26985e+06
9.2778e+06
9.28456e+06
9.29021e+06
9.29481e+06
9.2984e+06
9.30105e+06
9.30286e+06
9.30396e+06
9.30452e+06
9.30473e+06
9.30479e+06
8.28716e+06
8.33119e+06
8.41259e+06
8.5197e+06
8.63851e+06
8.75574e+06
8.86133e+06
8.94982e+06
9.02025e+06
9.07474e+06
9.11669e+06
9.1494e+06
9.17547e+06
9.19674e+06
9.21447e+06
9.2295e+06
9.24242e+06
9.25361e+06
9.26331e+06
9.27171e+06
9.27894e+06
9.28507e+06
9.29019e+06
9.29436e+06
9.29764e+06
9.3001e+06
9.30185e+06
9.303e+06
9.30368e+06
9.30398e+06
8.3569e+06
8.39409e+06
8.46347e+06
8.55601e+06
8.66053e+06
8.76585e+06
8.86282e+06
8.94585e+06
9.01318e+06
9.06605e+06
9.10723e+06
9.13965e+06
9.16573e+06
9.18722e+06
9.20528e+06
9.22072e+06
9.23406e+06
9.24566e+06
9.25578e+06
9.26458e+06
9.27221e+06
9.27875e+06
9.28428e+06
9.28888e+06
9.29261e+06
9.29553e+06
9.29771e+06
9.29925e+06
9.30022e+06
9.30068e+06
8.43427e+06
8.46403e+06
8.52023e+06
8.59666e+06
8.68516e+06
8.77689e+06
8.86391e+06
8.94063e+06
9.00449e+06
9.05572e+06
9.09626e+06
9.12856e+06
9.1548e+06
9.17661e+06
9.19508e+06
9.21095e+06
9.22474e+06
9.23677e+06
9.2473e+06
9.2565e+06
9.26449e+06
9.27139e+06
9.27728e+06
9.28222e+06
9.28629e+06
9.28954e+06
9.29203e+06
9.29384e+06
9.295e+06
9.29557e+06
8.51894e+06
8.54083e+06
8.58299e+06
8.64205e+06
8.71298e+06
8.78949e+06
8.86511e+06
8.93446e+06
8.99427e+06
9.04369e+06
9.08367e+06
9.11602e+06
9.14258e+06
9.16482e+06
9.18378e+06
9.20016e+06
9.21444e+06
9.22693e+06
9.23789e+06
9.24748e+06
9.25584e+06
9.26308e+06
9.26928e+06
9.27453e+06
9.27888e+06
9.28239e+06
9.28512e+06
9.28711e+06
9.28841e+06
9.28906e+06
8.61031e+06
8.62412e+06
8.65173e+06
8.69255e+06
8.74464e+06
8.80443e+06
8.86714e+06
8.92785e+06
8.98279e+06
9.03002e+06
9.0694e+06
9.10191e+06
9.12895e+06
9.15177e+06
9.17132e+06
9.18828e+06
9.2031e+06
9.2161e+06
9.22751e+06
9.23752e+06
9.24625e+06
9.25383e+06
9.26034e+06
9.26587e+06
9.27047e+06
9.2742e+06
9.27712e+06
9.27927e+06
9.28068e+06
9.28138e+06
8.70748e+06
8.71324e+06
8.72624e+06
8.74842e+06
8.78084e+06
8.82264e+06
8.87092e+06
8.92157e+06
8.97054e+06
9.01493e+06
9.05346e+06
9.08615e+06
9.11379e+06
9.13733e+06
9.15759e+06
9.17522e+06
9.19064e+06
9.20419e+06
9.2161e+06
9.22656e+06
9.23569e+06
9.24362e+06
9.25045e+06
9.25625e+06
9.26109e+06
9.26504e+06
9.26813e+06
9.27041e+06
9.27192e+06
9.27266e+06
8.80925e+06
8.80728e+06
8.80607e+06
8.80981e+06
8.82223e+06
8.84512e+06
8.87761e+06
8.91666e+06
8.95828e+06
8.99886e+06
9.03601e+06
9.06871e+06
9.09698e+06
9.12135e+06
9.14246e+06
9.16085e+06
9.17697e+06
9.19114e+06
9.2036e+06
9.21453e+06
9.22409e+06
9.2324e+06
9.23956e+06
9.24564e+06
9.25073e+06
9.25488e+06
9.25815e+06
9.26056e+06
9.26215e+06
9.26294e+06
8.9142e+06
8.90509e+06
8.89058e+06
8.87665e+06
8.86938e+06
8.87292e+06
8.88849e+06
8.91441e+06
8.94709e+06
8.98254e+06
9.01743e+06
9.04969e+06
9.07847e+06
9.10372e+06
9.12577e+06
9.14505e+06
9.16196e+06
9.17682e+06
9.18988e+06
9.20135e+06
9.21138e+06
9.22009e+06
9.2276e+06
9.23399e+06
9.23934e+06
9.24371e+06
9.24714e+06
9.24968e+06
9.25136e+06
9.25219e+06
9.02069e+06
9.00528e+06
8.97884e+06
8.94868e+06
8.92265e+06
8.90701e+06
8.90495e+06
8.91632e+06
8.93836e+06
8.96704e+06
8.9984e+06
9.02943e+06
9.05833e+06
9.08435e+06
9.10738e+06
9.12764e+06
9.14545e+06
9.16109e+06
9.17484e+06
9.1869e+06
9.19744e+06
9.2066e+06
9.21449e+06
9.22121e+06
9.22684e+06
9.23143e+06
9.23505e+06
9.23772e+06
9.23949e+06
9.24037e+06
9.12696e+06
9.10631e+06
9.06974e+06
9.02533e+06
8.98218e+06
8.94817e+06
8.92829e+06
8.92402e+06
8.93373e+06
8.95379e+06
8.97999e+06
9.00856e+06
9.03685e+06
9.06328e+06
9.0872e+06
9.10848e+06
9.12727e+06
9.1438e+06
9.15832e+06
9.17104e+06
9.18216e+06
9.19181e+06
9.20012e+06
9.2072e+06
9.21313e+06
9.21797e+06
9.22178e+06
9.2246e+06
9.22646e+06
9.22739e+06
9.23122e+06
9.20654e+06
9.16195e+06
9.10577e+06
9.04775e+06
8.99689e+06
8.95966e+06
8.93913e+06
8.93504e+06
8.94459e+06
8.96367e+06
8.98816e+06
9.01465e+06
9.0408e+06
9.06526e+06
9.08746e+06
9.10725e+06
9.12474e+06
9.14013e+06
9.15361e+06
9.16537e+06
9.17558e+06
9.18436e+06
9.19184e+06
9.19809e+06
9.2032e+06
9.20722e+06
9.2102e+06
9.21217e+06
9.21314e+06
9.33174e+06
9.30431e+06
9.25399e+06
9.18887e+06
9.11877e+06
9.05325e+06
8.99986e+06
8.96312e+06
8.94419e+06
8.94143e+06
8.95134e+06
8.96975e+06
8.99283e+06
9.01754e+06
9.04185e+06
9.06461e+06
9.08529e+06
9.10376e+06
9.12007e+06
9.13439e+06
9.14688e+06
9.15772e+06
9.16704e+06
9.17496e+06
9.18158e+06
9.18699e+06
9.19125e+06
9.1944e+06
9.19648e+06
9.19751e+06
9.42692e+06
9.39803e+06
9.34434e+06
9.2733e+06
9.19429e+06
9.11687e+06
9.04924e+06
8.99705e+06
8.96289e+06
8.94644e+06
8.94517e+06
8.95535e+06
8.973e+06
8.99466e+06
9.01768e+06
9.04028e+06
9.06147e+06
9.08075e+06
9.09798e+06
9.11318e+06
9.12648e+06
9.13802e+06
9.14795e+06
9.15638e+06
9.16342e+06
9.16917e+06
9.17369e+06
9.17703e+06
9.17924e+06
9.18034e+06
9.51543e+06
9.48627e+06
9.43147e+06
9.35754e+06
9.27297e+06
9.18687e+06
9.10758e+06
9.04151e+06
8.99249e+06
8.96159e+06
8.9475e+06
8.94731e+06
8.95732e+06
8.97391e+06
8.99401e+06
9.0153e+06
9.03623e+06
9.05589e+06
9.07381e+06
9.08983e+06
9.10395e+06
9.11625e+06
9.12685e+06
9.13585e+06
9.14338e+06
9.14951e+06
9.15433e+06
9.1579e+06
9.16026e+06
9.16143e+06
9.5962e+06
9.56784e+06
9.51398e+06
9.44e+06
9.35323e+06
9.2619e+06
9.17402e+06
9.09639e+06
9.03375e+06
8.98846e+06
8.96055e+06
8.94818e+06
8.94836e+06
8.95764e+06
8.97279e+06
8.99111e+06
9.01056e+06
9.02975e+06
9.04785e+06
9.0644e+06
9.07921e+06
9.09223e+06
9.10351e+06
9.11313e+06
9.12118e+06
9.12775e+06
9.13292e+06
9.13674e+06
9.13926e+06
9.14051e+06
9.66854e+06
9.64184e+06
9.59063e+06
9.51913e+06
9.43329e+06
9.34018e+06
9.24713e+06
9.16086e+06
9.08667e+06
9.02798e+06
8.98609e+06
8.9604e+06
8.94886e+06
8.94863e+06
8.9566e+06
8.96991e+06
8.98617e+06
9.0036e+06
9.02094e+06
9.03739e+06
9.05248e+06
9.066e+06
9.07785e+06
9.08804e+06
9.09661e+06
9.10363e+06
9.10916e+06
9.11326e+06
9.11596e+06
9.11731e+06
9.73211e+06
9.70771e+06
9.66047e+06
9.59349e+06
9.51133e+06
9.41971e+06
9.32497e+06
9.23338e+06
9.15043e+06
9.08023e+06
9.02517e+06
8.98589e+06
8.96145e+06
8.94985e+06
8.94847e+06
8.95456e+06
8.9656e+06
8.97952e+06
8.9947e+06
9.00998e+06
9.0246e+06
9.03808e+06
9.05015e+06
9.06069e+06
9.06966e+06
9.07706e+06
9.08292e+06
9.08728e+06
9.09016e+06
9.0916e+06
9.78689e+06
9.76521e+06
9.72284e+06
9.6619e+06
9.58562e+06
9.49834e+06
9.40523e+06
9.31181e+06
9.22336e+06
9.14433e+06
9.0779e+06
9.02578e+06
8.98817e+06
8.96406e+06
8.95155e+06
8.94834e+06
8.95203e+06
8.96041e+06
8.97163e+06
8.98427e+06
8.99723e+06
9.00977e+06
9.0214e+06
9.03182e+06
9.04084e+06
9.0484e+06
9.05444e+06
9.05896e+06
9.06196e+06
9.06346e+06
9.8332e+06
9.81442e+06
9.77744e+06
9.72349e+06
9.65467e+06
9.57401e+06
9.48545e+06
9.39356e+06
9.30309e+06
9.21845e+06
9.14329e+06
9.0801e+06
9.03011e+06
8.9933e+06
8.96869e+06
8.95458e+06
8.94897e+06
8.94978e+06
8.9551e+06
8.9633e+06
8.97306e+06
8.98338e+06
8.99355e+06
9.00304e+06
9.01152e+06
9.01877e+06
9.02467e+06
9.02914e+06
9.03213e+06
9.03363e+06
9.87158e+06
9.85573e+06
9.82425e+06
9.77773e+06
9.71732e+06
9.6449e+06
9.56324e+06
9.47585e+06
9.38675e+06
9.3e+06
9.21933e+06
9.14771e+06
9.08715e+06
9.03856e+06
9.00183e+06
8.97607e+06
8.95982e+06
8.95135e+06
8.94891e+06
8.95083e+06
8.95567e+06
8.96225e+06
8.96962e+06
8.9771e+06
8.98415e+06
8.99043e+06
8.99567e+06
8.99972e+06
9.00247e+06
9.00386e+06
9.90277e+06
9.88971e+06
9.86358e+06
9.82446e+06
9.77279e+06
9.70955e+06
9.63644e+06
9.55597e+06
9.47125e+06
9.3858e+06
9.3031e+06
9.2263e+06
9.15787e+06
9.09942e+06
9.05168e+06
9.01452e+06
8.98718e+06
8.96843e+06
8.95684e+06
8.95089e+06
8.94918e+06
8.95043e+06
8.95359e+06
8.95778e+06
8.96235e+06
8.96677e+06
8.97068e+06
8.97381e+06
8.97599e+06
8.97711e+06
9.92762e+06
9.91711e+06
9.89593e+06
9.86384e+06
9.82076e+06
9.76697e+06
9.70336e+06
9.63147e+06
9.55358e+06
9.47245e+06
9.39114e+06
9.31263e+06
9.23958e+06
9.17406e+06
9.1174e+06
9.07019e+06
9.03234e+06
9.00324e+06
8.98189e+06
8.96709e+06
8.9576e+06
8.9522e+06
8.94982e+06
8.9495e+06
8.95047e+06
8.95211e+06
8.95393e+06
8.95558e+06
8.95682e+06
8.95747e+06
9.94702e+06
9.93876e+06
9.92199e+06
9.89628e+06
9.86124e+06
9.81667e+06
9.7628e+06
9.70046e+06
9.63108e+06
9.55669e+06
9.47976e+06
9.40291e+06
9.3287e+06
9.25936e+06
9.19664e+06
9.14165e+06
9.09492e+06
9.05642e+06
9.02566e+06
9.00186e+06
8.98407e+06
8.97125e+06
8.9624e+06
8.95661e+06
8.95306e+06
8.95108e+06
8.95011e+06
8.94974e+06
8.94966e+06
8.94967e+06
9.96189e+06
9.95554e+06
9.94255e+06
9.92243e+06
9.8946e+06
9.85858e+06
9.81417e+06
9.7616e+06
9.70166e+06
9.63568e+06
9.56548e+06
9.4932e+06
9.42109e+06
9.35132e+06
9.28578e+06
9.22594e+06
9.17278e+06
9.12676e+06
9.08792e+06
9.0559e+06
9.03013e+06
9.00985e+06
8.99426e+06
8.98254e+06
8.97394e+06
8.9678e+06
8.96355e+06
8.96075e+06
8.95907e+06
8.95828e+06
9.97304e+06
9.96827e+06
9.95844e+06
9.94305e+06
9.92146e+06
9.89305e+06
9.85737e+06
9.81424e+06
9.76395e+06
9.70724e+06
9.64534e+06
9.57984e+06
9.51258e+06
9.44549e+06
9.3804e+06
9.3189e+06
9.26225e+06
9.21129e+06
9.16647e+06
9.12788e+06
9.09531e+06
9.06835e+06
9.04644e+06
9.02897e+06
9.01531e+06
9.0049e+06
8.99721e+06
8.99183e+06
8.98842e+06
8.98677e+06
9.98126e+06
9.97775e+06
9.97046e+06
9.95895e+06
9.94258e+06
9.92071e+06
9.89274e+06
9.85829e+06
9.81727e+06
9.76998e+06
9.71713e+06
9.65982e+06
9.59944e+06
9.53756e+06
9.4758e+06
9.41571e+06
9.35862e+06
9.30561e+06
9.25744e+06
9.21453e+06
9.17704e+06
9.14487e+06
9.11778e+06
9.09537e+06
9.07723e+06
9.06291e+06
9.05201e+06
9.04416e+06
9.03909e+06
9.03661e+06
9.98719e+06
9.98466e+06
9.97938e+06
9.97095e+06
9.95882e+06
9.94236e+06
9.92098e+06
9.89415e+06
9.86159e+06
9.82328e+06
9.77955e+06
9.73104e+06
9.67874e+06
9.62382e+06
9.56763e+06
9.51152e+06
9.45678e+06
9.40456e+06
9.35578e+06
9.31111e+06
9.27097e+06
9.23558e+06
9.20495e+06
9.17896e+06
9.15738e+06
9.13997e+06
9.12644e+06
9.11654e+06
9.11006e+06
9.10686e+06
9.9914e+06
9.98961e+06
9.98586e+06
9.97982e+06
9.97102e+06
9.95892e+06
9.94295e+06
9.92258e+06
9.8974e+06
9.86722e+06
9.83209e+06
9.79231e+06
9.7485e+06
9.70149e+06
9.65231e+06
9.60206e+06
9.5519e+06
9.5029e+06
9.45602e+06
9.41208e+06
9.37166e+06
9.33521e+06
9.30297e+06
9.27504e+06
9.25141e+06
9.23201e+06
9.21672e+06
9.2054e+06
9.19792e+06
9.19421e+06
9.99432e+06
9.99308e+06
9.99047e+06
9.98623e+06
9.97999e+06
9.97128e+06
9.95963e+06
9.94453e+06
9.92556e+06
9.90242e+06
9.87498e+06
9.84333e+06
9.80779e+06
9.76889e+06
9.72737e+06
9.68408e+06
9.63996e+06
9.59597e+06
9.553e+06
9.51189e+06
9.47333e+06
9.43787e+06
9.40592e+06
9.37777e+06
9.35359e+06
9.33345e+06
9.31739e+06
9.30539e+06
9.29741e+06
9.29343e+06
9.99631e+06
9.99547e+06
9.99369e+06
9.99077e+06
9.98643e+06
9.98031e+06
9.972e+06
9.96106e+06
9.94712e+06
9.92982e+06
9.90897e+06
9.88451e+06
9.85654e+06
9.82538e+06
9.7915e+06
9.75552e+06
9.71816e+06
9.68023e+06
9.6425e+06
9.60575e+06
9.57068e+06
9.53789e+06
9.50788e+06
9.48105e+06
9.45769e+06
9.43802e+06
9.42217e+06
9.41024e+06
9.40226e+06
9.39827e+06
9.99764e+06
9.99708e+06
9.99589e+06
9.99393e+06
9.99097e+06
9.98675e+06
9.98095e+06
9.97322e+06
9.96321e+06
9.9506e+06
9.93517e+06
9.91677e+06
9.89539e+06
9.87118e+06
9.8444e+06
9.81549e+06
9.78498e+06
9.75347e+06
9.72162e+06
9.6901e+06
9.65956e+06
9.63059e+06
9.60371e+06
9.57938e+06
9.55795e+06
9.53973e+06
9.52492e+06
9.5137e+06
9.50616e+06
9.50237e+06
9.99852e+06
9.99815e+06
9.99737e+06
9.99607e+06
9.9941e+06
9.99126e+06
9.98729e+06
9.98194e+06
9.97492e+06
9.96596e+06
9.95482e+06
9.94134e+06
9.92545e+06
9.90717e+06
9.88665e+06
9.86415e+06
9.84004e+06
9.81476e+06
9.78885e+06
9.76283e+06
9.73728e+06
9.71272e+06
9.68966e+06
9.66856e+06
9.64979e+06
9.63368e+06
9.6205e+06
9.61045e+06
9.60368e+06
9.60026e+06
9.99908e+06
9.99885e+06
9.99835e+06
9.99751e+06
9.99622e+06
9.99433e+06
9.99168e+06
9.98806e+06
9.98324e+06
9.97702e+06
9.96918e+06
9.95956e+06
9.94805e+06
9.93463e+06
9.91935e+06
9.90236e+06
9.8839e+06
9.86428e+06
9.8439e+06
9.82317e+06
9.80257e+06
9.78253e+06
9.76352e+06
9.74594e+06
9.73018e+06
9.71654e+06
9.70532e+06
9.69671e+06
9.69088e+06
9.68795e+06
9.99944e+06
9.9993e+06
9.99898e+06
9.99844e+06
9.99761e+06
9.99639e+06
9.99466e+06
9.99225e+06
9.98902e+06
9.98479e+06
9.9794e+06
9.9727e+06
9.96458e+06
9.95499e+06
9.94392e+06
9.93146e+06
9.91774e+06
9.90298e+06
9.88745e+06
9.87149e+06
9.85543e+06
9.83966e+06
9.82454e+06
9.81045e+06
9.7977e+06
9.78661e+06
9.77742e+06
9.77034e+06
9.76553e+06
9.7631e+06
9.99967e+06
9.99958e+06
9.99938e+06
9.99904e+06
9.99852e+06
9.99775e+06
9.99663e+06
9.99507e+06
9.99295e+06
9.99014e+06
9.98651e+06
9.98196e+06
9.97637e+06
9.96968e+06
9.96187e+06
9.95297e+06
9.94307e+06
9.93228e+06
9.92081e+06
9.90889e+06
9.89678e+06
9.88477e+06
9.87315e+06
9.86224e+06
9.8523e+06
9.84359e+06
9.83634e+06
9.83073e+06
9.82691e+06
9.82498e+06
9.9998e+06
9.99975e+06
9.99963e+06
9.99942e+06
9.9991e+06
9.99862e+06
9.99791e+06
9.99692e+06
9.99555e+06
9.99373e+06
9.99134e+06
9.98831e+06
9.98455e+06
9.98001e+06
9.97464e+06
9.96845e+06
9.96149e+06
9.95382e+06
9.94559e+06
9.93695e+06
9.92809e+06
9.91922e+06
9.91058e+06
9.9024e+06
9.8949e+06
9.88829e+06
9.88277e+06
9.87848e+06
9.87555e+06
9.87406e+06
9.99989e+06
9.99985e+06
9.99978e+06
9.99966e+06
9.99946e+06
9.99916e+06
9.99873e+06
9.99811e+06
9.99725e+06
9.99608e+06
9.99455e+06
9.99258e+06
9.99011e+06
9.98709e+06
9.98349e+06
9.97929e+06
9.97452e+06
9.96922e+06
9.96347e+06
9.95738e+06
9.95108e+06
9.94472e+06
9.93849e+06
9.93254e+06
9.92706e+06
9.9222e+06
9.91812e+06
9.91495e+06
9.91277e+06
9.91167e+06
9.99993e+06
9.99992e+06
9.99987e+06
9.9998e+06
9.99968e+06
9.9995e+06
9.99924e+06
9.99886e+06
9.99833e+06
9.9976e+06
9.99663e+06
9.99538e+06
9.99379e+06
9.99183e+06
9.98947e+06
9.98669e+06
9.9835e+06
9.97993e+06
9.97601e+06
9.97183e+06
9.96748e+06
9.96305e+06
9.95867e+06
9.95448e+06
9.95058e+06
9.94712e+06
9.9442e+06
9.94192e+06
9.94036e+06
9.93956e+06
9.99996e+06
9.99995e+06
9.99993e+06
9.99988e+06
9.99982e+06
9.99971e+06
9.99955e+06
9.99932e+06
9.999e+06
9.99856e+06
9.99796e+06
9.99718e+06
9.99618e+06
9.99493e+06
9.99342e+06
9.99162e+06
9.98954e+06
9.98719e+06
9.98459e+06
9.98179e+06
9.97886e+06
9.97586e+06
9.97287e+06
9.96998e+06
9.9673e+06
9.9649e+06
9.96287e+06
9.96128e+06
9.96018e+06
9.95962e+06
9.99998e+06
9.99997e+06
9.99996e+06
9.99993e+06
9.9999e+06
9.99983e+06
9.99974e+06
9.99961e+06
9.99941e+06
9.99915e+06
9.99879e+06
9.99831e+06
9.99769e+06
9.99692e+06
9.99597e+06
9.99483e+06
9.9935e+06
9.99199e+06
9.99031e+06
9.98848e+06
9.98655e+06
9.98457e+06
9.98258e+06
9.98065e+06
9.97884e+06
9.97722e+06
9.97585e+06
9.97477e+06
9.97402e+06
9.97364e+06
9.99999e+06
9.99999e+06
9.99998e+06
9.99996e+06
9.99994e+06
9.99991e+06
9.99985e+06
9.99977e+06
9.99966e+06
9.9995e+06
9.99929e+06
9.999e+06
9.99863e+06
9.99816e+06
9.99757e+06
9.99687e+06
9.99604e+06
9.99509e+06
9.99403e+06
9.99286e+06
9.99162e+06
9.99034e+06
9.98905e+06
9.98779e+06
9.98661e+06
9.98555e+06
9.98464e+06
9.98392e+06
9.98343e+06
9.98318e+06
9.99999e+06
9.99999e+06
9.99999e+06
9.99998e+06
9.99997e+06
9.99995e+06
9.99992e+06
9.99987e+06
9.99981e+06
9.99972e+06
9.99959e+06
9.99942e+06
9.9992e+06
9.99892e+06
9.99857e+06
9.99814e+06
9.99764e+06
9.99705e+06
9.99639e+06
9.99567e+06
9.99489e+06
9.99408e+06
9.99326e+06
9.99246e+06
9.9917e+06
9.99102e+06
9.99044e+06
9.98998e+06
9.98966e+06
9.98949e+06
1e+07
1e+07
9.99999e+06
9.99999e+06
9.99998e+06
9.99997e+06
9.99995e+06
9.99993e+06
9.99989e+06
9.99984e+06
9.99977e+06
9.99967e+06
9.99954e+06
9.99938e+06
9.99917e+06
9.99892e+06
9.99861e+06
9.99826e+06
9.99786e+06
9.99742e+06
9.99694e+06
9.99644e+06
9.99594e+06
9.99544e+06
9.99496e+06
9.99454e+06
9.99417e+06
9.99388e+06
9.99368e+06
9.99357e+06
1e+07
1e+07
1e+07
9.99999e+06
9.99999e+06
9.99998e+06
9.99998e+06
9.99996e+06
9.99994e+06
9.99991e+06
9.99987e+06
9.99982e+06
9.99974e+06
9.99965e+06
9.99953e+06
9.99938e+06
9.9992e+06
9.99899e+06
9.99876e+06
9.99849e+06
9.99821e+06
9.9979e+06
9.9976e+06
9.99729e+06
9.997e+06
9.99674e+06
9.99652e+06
9.99634e+06
9.99621e+06
9.99615e+06
1e+07
1e+07
1e+07
1e+07
9.99999e+06
9.99999e+06
9.99999e+06
9.99998e+06
9.99997e+06
9.99995e+06
9.99993e+06
9.9999e+06
9.99986e+06
9.9998e+06
9.99974e+06
9.99965e+06
9.99955e+06
9.99943e+06
9.99929e+06
9.99913e+06
9.99897e+06
9.99879e+06
9.99861e+06
9.99842e+06
9.99825e+06
9.99809e+06
9.99796e+06
9.99785e+06
9.99778e+06
9.99774e+06
1e+07
1e+07
1e+07
1e+07
1e+07
1e+07
9.99999e+06
9.99999e+06
9.99998e+06
9.99997e+06
9.99996e+06
9.99995e+06
9.99992e+06
9.99989e+06
9.99985e+06
9.99981e+06
9.99975e+06
9.99968e+06
9.9996e+06
9.99951e+06
9.99942e+06
9.99931e+06
9.99921e+06
9.9991e+06
9.999e+06
9.99891e+06
9.99883e+06
9.99876e+06
9.99872e+06
9.9987e+06
1e+07
1e+07
1e+07
1e+07
1e+07
1e+07
1e+07
9.99999e+06
9.99999e+06
9.99999e+06
9.99998e+06
9.99997e+06
9.99996e+06
9.99994e+06
9.99992e+06
9.99989e+06
9.99986e+06
9.99982e+06
9.99978e+06
9.99973e+06
9.99968e+06
9.99962e+06
9.99956e+06
9.9995e+06
9.99944e+06
9.99938e+06
9.99934e+06
9.9993e+06
9.99928e+06
9.99926e+06
1e+07
1e+07
1e+07
1e+07
1e+07
1e+07
1e+07
1e+07
1e+07
9.99999e+06
9.99999e+06
9.99998e+06
9.99998e+06
9.99997e+06
9.99996e+06
9.99994e+06
9.99993e+06
9.99991e+06
9.99988e+06
9.99985e+06
9.99982e+06
9.99979e+06
9.99976e+06
9.99972e+06
9.99969e+06
9.99966e+06
9.99963e+06
9.99961e+06
9.9996e+06
9.99959e+06
1e+07
1e+07
1e+07
1e+07
1e+07
1e+07
1e+07
1e+07
1e+07
1e+07
9.99999e+06
9.99999e+06
9.99999e+06
9.99998e+06
9.99998e+06
9.99997e+06
9.99996e+06
9.99995e+06
9.99994e+06
9.99992e+06
9.9999e+06
9.99989e+06
9.99987e+06
9.99985e+06
9.99983e+06
9.99981e+06
9.9998e+06
9.99979e+06
9.99978e+06
9.99978e+06
1e+07
1e+07
1e+07
1e+07
1e+07
1e+07
1e+07
1e+07
1e+07
1e+07
1e+07
1e+07
9.99999e+06
9.99999e+06
9.99999e+06
9.99998e+06
9.99998e+06
9.99997e+06
9.99997e+06
9.99996e+06
9.99995e+06
9.99994e+06
9.99993e+06
9.99992e+06
9.99991e+06
9.9999e+06
9.99989e+06
9.99989e+06
9.99988e+06
9.99988e+06
1e+07
1e+07
1e+07
1e+07
1e+07
1e+07
1e+07
1e+07
1e+07
1e+07
1e+07
1e+07
1e+07
1e+07
9.99999e+06
9.99999e+06
9.99999e+06
9.99999e+06
9.99998e+06
9.99998e+06
9.99997e+06
9.99997e+06
9.99996e+06
9.99996e+06
9.99995e+06
9.99995e+06
9.99994e+06
9.99994e+06
9.99994e+06
9.99994e+06
1e+07
1e+07
1e+07
1e+07
1e+07
1e+07
1e+07
1e+07
1e+07
1e+07
1e+07
1e+07
1e+07
1e+07
1e+07
1e+07
9.99999e+06
9.99999e+06
9.99999e+06
9.99999e+06
9.99999e+06
9.99998e+06
9.99998e+06
9.99998e+06
9.99998e+06
9.99997e+06
9.99997e+06
9.99997e+06
9.99997e+06
9.99997e+06
1e+07
1e+07
1e+07
1e+07
1e+07
1e+07
1e+07
1e+07
1e+07
1e+07
1e+07
1e+07
1e+07
1e+07
1e+07
1e+07
1e+07
1e+07
1e+07
9.99999e+06
9.99999e+06
9.99999e+06
9.99999e+06
9.99999e+06
9.99999e+06
9.99999e+06
9.99999e+06
9.99998e+06
9.99998e+06
9.99998e+06
1e+07
1e+07
1e+07
1e+07
1e+07
1e+07
1e+07
1e+07
1e+07
1e+07
1e+07
1e+07
1e+07
1e+07
1e+07
1e+07
1e+07
1e+07
1e+07
1e+07
1e+07
1e+07
1e+07
9.99999e+06
9.99999e+06
9.99999e+06
9.99999e+06
9.99999e+06
9.99999e+06
9.99999e+06
1e+07
1e+07
1e+07
1e+07
1e+07
1e+07
1e+07
1e+07
1e+07
1e+07
1e+07
1e+07
1e+07
1e+07
1e+07
1e+07
1e+07
1e+07
1e+07
1e+07
1e+07
1e+07
1e+07
1e+07
1e+07
1e+07
1e+07
1e+07
1e+07
1e+07
1e+07
1e+07
1e+07
1e+07
1e+07
1e+07
1e+07
1e+07
1e+07
1e+07
1e+07
1e+07
1e+07
1e+07
1e+07
1e+07
1e+07
1e+07
1e+07
1e+07
1e+07
1e+07
1e+07
1e+07
1e+07
1e+07
1e+07
1e+07
1e+07
1e+07
1e+07
1e+07
1e+07
1e+07
1e+07
1e+07
1e+07
1e+07
1e+07
1e+07
1e+07
1e+07
1e+07
1e+07
1e+07
1e+07
1e+07
1e+07
1e+07
1e+07
1e+07
1e+07
1e+07
1e+07
1e+07
1e+07
1e+07
1e+07
1e+07
1e+07
1e+07
1e+07
1e+07
1e+07
1e+07
1e+07
1e+07
1e+07
1e+07
1e+07
1e+07
1e+07
1e+07
1e+07
1e+07
1e+07
1e+07
1e+07
1e+07
1e+07
1e+07
1e+07
1e+07
1e+07
1e+07
1e+07
1e+07
1e+07
1e+07
1e+07
1e+07
1e+07
1e+07
1e+07
1e+07
1e+07
1e+07
1e+07
1e+07
1e+07
1e+07
1e+07
1e+07
1e+07
1e+07
1e+07
1e+07
1e+07
1e+07
1e+07
1e+07
1e+07
1e+07
1e+07
1e+07
1e+07
1e+07
1e+07
1e+07
1e+07
1e+07
1e+07
1e+07
1e+07
1e+07
1e+07
1e+07
1e+07
1e+07
1e+07
1e+07
1e+07
1e+07
1e+07
1e+07
1e+07
1e+07
1e+07
1e+07
1e+07
1e+07
1e+07
1e+07
1e+07
1e+07
1e+07
1e+07
1e+07
1e+07
1e+07
1e+07
1e+07
1e+07
1e+07
1e+07
1e+07
1e+07
1e+07
1e+07
1e+07
1e+07
1e+07
1e+07
1e+07
1e+07
1e+07
1e+07
1e+07
1e+07
1e+07
1e+07
1e+07
1e+07
1e+07
1e+07
1e+07
1e+07
1e+07
1e+07
1e+07
1e+07
1e+07
1e+07
1e+07
1e+07
1e+07
1e+07
1e+07
1e+07
1e+07
1e+07
1e+07
1e+07
1e+07
1e+07
1e+07
1e+07
1e+07
1e+07
1e+07
1e+07
1e+07
1e+07
1e+07
1e+07
1e+07
1e+07
1e+07
1e+07
1e+07
1e+07
1e+07
1e+07
1e+07
1e+07
1e+07
1e+07
1e+07
1e+07
1e+07
1e+07
1e+07
1e+07
1e+07
1e+07
1e+07
1e+07
1e+07
1e+07
1e+07
1e+07
1e+07
1e+07
1e+07
1e+07
1e+07
1e+07
1e+07
1e+07
1e+07
1e+07
1e+07
1e+07
1e+07
1e+07
1e+07
1e+07
1e+07
1e+07
1e+07
1e+07
1e+07
1e+07
1e+07
1e+07
1e+07
1e+07
1e+07
1e+07
1e+07
1e+07
1e+07
1e+07
1e+07
1e+07
1e+07
1e+07
1e+07
1e+07
1e+07
1e+07
1e+07
1e+07
1e+07
1e+07
1e+07
1e+07
1e+07
1e+07
1e+07
1e+07
1e+07
1e+07
1e+07
1e+07
1e+07
1e+07
1e+07
1e+07
1e+07
1e+07
1e+07
1e+07
1e+07
1e+07
1e+07
1e+07
1e+07
1e+07
1e+07
1e+07
1e+07
1e+07
1e+07
1e+07
1e+07
1e+07
1e+07
1e+07
1e+07
1e+07
1e+07
1e+07
1e+07
1e+07
1e+07
1e+07
1e+07
1e+07
1e+07
1e+07
1e+07
1e+07
1e+07
1e+07
1e+07
1e+07
1e+07
1e+07
1e+07
1e+07
1e+07
1e+07
1e+07
1e+07
1e+07
1e+07
1e+07
1e+07
1e+07
1e+07
1e+07
1e+07
1e+07
1e+07
1e+07
1e+07
1e+07
1e+07
1e+07
1e+07
1e+07
1e+07
1e+07
1e+07
1e+07
1e+07
1e+07
1e+07
1e+07
1e+07
1e+07
1e+07
1e+07
1e+07
1e+07
1e+07
1e+07
1e+07
1e+07
1e+07
1e+07
1e+07
1e+07
1e+07
1e+07
1e+07
1e+07
1e+07
1e+07
1e+07
1e+07
1e+07
1e+07
1e+07
1e+07
1e+07
1e+07
1e+07
1e+07
1e+07
1e+07
1e+07
1e+07
1e+07
1e+07
1e+07
1e+07
1e+07
1e+07
1e+07
1e+07
1e+07
1e+07
1e+07
1e+07
1e+07
1e+07
1e+07
1e+07
1e+07
1e+07
1e+07
1e+07
1e+07
1e+07
1e+07
1e+07
1e+07
1e+07
1e+07
1e+07
1e+07
1e+07
1e+07
1e+07
1e+07
1e+07
1e+07
1e+07
1e+07
1e+07
1e+07
1e+07
1e+07
1e+07
1e+07
1e+07
1e+07
1e+07
1e+07
1e+07
1e+07
1e+07
1e+07
1e+07
1e+07
1e+07
1e+07
1e+07
1e+07
1e+07
1e+07
1e+07
1e+07
1e+07
1e+07
1e+07
1e+07
1e+07
1e+07
1e+07
1e+07
1e+07
1e+07
1e+07
1e+07
1e+07
1e+07
1e+07
1e+07
1e+07
1e+07
1e+07
1e+07
1e+07
1e+07
1e+07
1e+07
1e+07
1e+07
1e+07
1e+07
1e+07
1e+07
1e+07
1e+07
1e+07
1e+07
1e+07
1e+07
1e+07
1e+07
1e+07
1e+07
1e+07
1e+07
1e+07
1e+07
1e+07
1e+07
1e+07
1e+07
1e+07
1e+07
1e+07
1e+07
1e+07
1e+07
1e+07
1e+07
1e+07
1e+07
1e+07
1e+07
1e+07
1e+07
1e+07
1e+07
1e+07
1e+07
1e+07
1e+07
1e+07
1e+07
1e+07
1e+07
1e+07
1e+07
1e+07
1e+07
1e+07
1e+07
1e+07
1e+07
1e+07
1e+07
1e+07
1e+07
1e+07
1e+07
1e+07
1e+07
1e+07
1e+07
1e+07
1e+07
1e+07
1e+07
1e+07
1e+07
1e+07
1e+07
1e+07
1e+07
1e+07
1e+07
1e+07
1e+07
1e+07
1e+07
1e+07
1e+07
1e+07
1e+07
1e+07
1e+07
1e+07
1e+07
1e+07
1e+07
1e+07
1e+07
1e+07
1e+07
1e+07
1e+07
1e+07
1e+07
1e+07
1e+07
1e+07
1e+07
1e+07
1e+07
1e+07
1e+07
1e+07
1e+07
1e+07
1e+07
1e+07
1e+07
1e+07
1e+07
1e+07
1e+07
1e+07
1e+07
1e+07
1e+07
1e+07
1e+07
1e+07
1e+07
1e+07
1e+07
1e+07
1e+07
1e+07
1e+07
1e+07
1e+07
1e+07
1e+07
1e+07
1e+07
1e+07
1e+07
1e+07
1e+07
1e+07
1e+07
1e+07
1e+07
1e+07
1e+07
1e+07
1e+07
1e+07
1e+07
1e+07
1e+07
1e+07
1e+07
1e+07
1e+07
1e+07
1e+07
1e+07
1e+07
1e+07
1e+07
1e+07
1e+07
1e+07
1e+07
1e+07
1e+07
1e+07
1e+07
1e+07
1e+07
1e+07
1e+07
1e+07
1e+07
1e+07
1e+07
1e+07
1e+07
1e+07
1e+07
1e+07
1e+07
1e+07
1e+07
1e+07
1e+07
1e+07
1e+07
1e+07
1e+07
1e+07
1e+07
1e+07
1e+07
1e+07
1e+07
1e+07
1e+07
1e+07
1e+07
1e+07
1e+07
1e+07
1e+07
1e+07
1e+07
1e+07
1e+07
1e+07
1e+07
1e+07
1e+07
1e+07
1e+07
1e+07
1e+07
1e+07
1e+07
1e+07
1e+07
1e+07
1e+07
1e+07
1e+07
1e+07
1e+07
1e+07
1e+07
1e+07
1e+07
1e+07
1e+07
1e+07
1e+07
1e+07
1e+07
1e+07
1e+07
1e+07
1e+07
1e+07
1e+07
1e+07
1e+07
1e+07
1e+07
1e+07
1e+07
1e+07
1e+07
1e+07
1e+07
1e+07
1e+07
1e+07
1e+07
1e+07
1e+07
1e+07
1e+07
1e+07
1e+07
1e+07
1e+07
1e+07
1e+07
1e+07
1e+07
1e+07
1e+07
1e+07
1e+07
1e+07
1e+07
1e+07
1e+07
1e+07
1e+07
1e+07
1e+07
1e+07
1e+07
1e+07
1e+07
1e+07
1e+07
1e+07
1e+07
1e+07
1e+07
1e+07
1e+07
1e+07
1e+07
1e+07
1e+07
1e+07
)
;

boundaryField
{
    outerWall
    {
        type            zeroGradient;
    }
    axis
    {
        type            symmetryPlane;
    }
    nozzle
    {
        type            fixedValue;
        value           uniform 0;
    }
    back
    {
        type            empty;
    }
    front
    {
        type            empty;
    }
}


// ************************************************************************* //
