/*--------------------------------*- C++ -*----------------------------------*\
| =========                 |                                                 |
| \\      /  F ield         | OpenFOAM: The Open Source CFD Toolbox           |
|  \\    /   O peration     | Version:  2412                                  |
|   \\  /    A nd           | Website:  www.openfoam.com                      |
|    \\/     M anipulation  |                                                 |
\*---------------------------------------------------------------------------*/
FoamFile
{
    version     2.0;
    format      ascii;
    arch        "LSB;label=32;scalar=64";
    class       surfaceScalarField;
    location    "0.00011";
    object      phi;
}
// * * * * * * * * * * * * * * * * * * * * * * * * * * * * * * * * * * * * * //

dimensions      [1 0 -1 0 0 0 0];

oriented        oriented;

internalField   nonuniform List<scalar> 
7275
(
0.0149155
0.00262716
0.0286573
0.00231119
0.0402817
0.00172924
0.0492369
0.000971397
0.0554102
0.000150168
0.0590589
-0.000618399
0.0606915
-0.00125759
0.0609069
-0.00171154
0.0602518
-0.00196892
0.0591334
-0.0020549
0.0578061
-0.00201901
0.0563953
-0.00190464
0.0549482
-0.00174519
0.0534554
-0.00154902
0.0519099
-0.00134416
0.050267
-0.00110628
0.0485027
-0.000854614
0.046575
-0.000572875
0.0444438
-0.000265973
0.0420739
5.75899e-05
0.0394076
0.000425331
0.0364131
0.000821331
0.0330519
0.00123718
0.029307
0.00166755
0.0251721
0.00209262
0.0206675
0.00249517
0.0158325
0.00285395
0.0107219
0.00314858
0.00541282
0.00335895
0.00346884
0.0147373
0.00519456
0.0283294
0.00457737
0.0398552
0.00343945
0.0487748
0.00195502
0.0549753
0.000341721
0.0586988
-0.00117164
0.0604376
-0.00244509
0.0607624
-0.00335161
0.0602025
-0.00388402
0.0591541
-0.00407857
0.0578719
-0.00402813
0.0564867
-0.00381338
0.0550521
-0.00350313
0.0535777
-0.00312742
0.0520422
-0.00271418
0.0504214
-0.00224986
0.0486666
-0.00173409
0.0467506
-0.00117214
0.0446371
-0.000562283
0.0422823
9.00488e-05
0.0396311
0.000827791
0.0366499
0.00162054
0.0332913
0.00246364
0.0295396
0.00333517
0.0253904
0.00419406
0.0208639
0.00500623
0.0159942
0.0057357
0.0108374
0.00633692
0.00547312
0.00676735
0.00699253
0.014389
0.00764392
0.0276881
0.00675376
0.0390196
0.00510987
0.047867
0.00295913
0.0541184
0.000608473
0.0579838
-0.00160961
0.0599277
-0.00349685
0.0604646
-0.00485358
0.0600932
-0.00569299
0.0591833
-0.00603603
0.0579934
-0.00601288
0.0566535
-0.00571983
0.0552612
-0.00529917
0.0538237
-0.00476168
0.0523049
-0.00413014
0.0507052
-0.00344564
0.0489935
-0.00268793
0.0471137
-0.00183771
0.0450257
-0.000910526
0.0427006
6.40888e-05
0.0400842
0.00117542
0.0371153
0.00238732
0.0337633
0.00366568
0.0300079
0.00499092
0.0258377
0.00630362
0.0212655
0.00755036
0.0163247
0.00867538
0.0110736
0.00960758
0.00559656
0.0102778
0.0106295
0.0138868
0.00991985
0.0267618
0.00879611
0.0378092
0.00671664
0.0465446
0.00398608
0.0528506
0.00098565
0.0569367
-0.00188126
0.0591503
-0.00433217
0.0600084
-0.00618475
0.0599023
-0.00734124
0.0591928
-0.0078821
0.0581391
-0.00794747
0.0569092
-0.00765046
0.0555717
-0.00713202
0.0541634
-0.00644399
0.0526953
-0.00563328
0.0511536
-0.00474313
0.0494819
-0.003727
0.0476411
-0.00258721
0.0456123
-0.00135953
0.0433299
-2.19107e-05
0.0407571
0.00145131
0.0378296
0.0030817
0.0344913
0.00482712
0.0307251
0.0066333
0.0265249
0.00842194
0.0218857
0.0101421
0.0168375
0.0117045
0.0114414
0.0130076
0.0057891
0.0139495
0.0144455
0.013253
0.0119711
0.0255902
0.0106614
0.0362726
0.00823188
0.0448577
0.00502764
0.0512303
0.00148119
0.0555428
-0.00194281
0.0581295
-0.00493576
0.0593496
-0.00723805
0.0595941
-0.00877525
0.0591711
-0.00958366
0.0583159
-0.00979893
0.0571926
-0.00953652
0.0559604
-0.00901269
0.0546093
-0.0081852
0.0532181
-0.00724662
0.0517295
-0.00614232
0.0501191
-0.00488245
0.0483663
-0.00348287
0.0463886
-0.00191797
0.0441751
-0.000233666
0.0416728
0.00161969
0.0387844
0.00369392
0.0354725
0.0059255
0.031717
0.00823227
0.0274772
0.0105511
0.0227479
0.0127994
0.0175538
0.014859
0.0119572
0.0165906
0.00605995
0.017851
0.0185185
0.0125141
0.0137521
0.0242213
0.0123088
0.0344693
0.00962424
0.042864
0.00606592
0.049289
0.00209533
0.0538728
-0.00180097
0.0568299
-0.00524829
0.0584956
-0.00801172
0.0591419
-0.00993094
0.0590446
-0.0110585
0.0584406
-0.0115086
0.0575201
-0.0113827
0.0563972
-0.0108805
0.0551651
-0.0100073
0.0538452
-0.00894521
0.0524281
-0.00765567
0.0509214
-0.00619998
0.0492469
-0.00452369
0.0473791
-0.0026576
0.0452409
-0.000592621
0.0428255
0.00164262
0.0400093
0.00417898
0.0367486
0.00692724
0.0330038
0.0097796
0.0287218
0.0126877
0.0238831
0.0155383
0.0185036
0.0181773
0.0126454
0.020419
0.00642291
0.0220653
0.0229444
0.0116997
0.0152242
0.0227081
0.013701
0.032466
0.0108598
0.0406315
0.00707381
0.0470911
0.00281211
0.0519156
-0.00142549
0.0553022
-0.0052734
0.0574171
-0.00842523
0.058512
-0.0107577
0.0587952
-0.0122481
0.0585017
-0.0130113
0.0578124
-0.0131009
0.0568583
-0.0126986
0.0557703
-0.0118663
0.0545599
-0.0107231
0.0532783
-0.00932442
0.0518648
-0.00765991
0.0503178
-0.00575833
0.048555
-0.00357895
0.0465442
-0.00116664
0.0442342
0.00148273
0.0415104
0.00450101
0.0383354
0.00778872
0.0346196
0.0112486
0.0302989
0.0148228
0.0253355
0.0183723
0.0197303
0.0217019
0.0135415
0.024567
0.00689856
0.0266959
0.0278455
0.0108397
0.016357
0.0211059
0.0148058
0.0303336
0.0119039
0.0382344
0.00801571
0.0446995
0.00359863
0.0497562
-0.000836083
0.053519
-0.00499763
0.0561035
-0.00850415
0.0576698
-0.011229
0.0583929
-0.0131143
0.0584506
-0.0142281
0.0580442
-0.0146136
0.0573202
-0.0144093
0.0564079
-0.0136943
0.0553662
-0.0125666
0.054202
-0.0110845
0.0529462
-0.00930024
0.051543
-0.0071881
0.0499398
-0.00472965
0.0480707
-0.00197049
0.045907
0.00108027
0.0433248
0.00460331
0.0402649
0.00846957
0.0366059
0.0126031
0.0322617
0.0169374
0.027166
0.0213103
0.0212951
0.0254791
0.0146969
0.029125
0.00751736
0.0318745
0.0333829
0.00996348
0.0171293
0.0194685
0.0155973
0.0281423
0.0127232
0.0357484
0.00885086
0.0421818
0.0044107
0.0474369
-0.000151967
0.0515476
-0.00445909
0.0545766
-0.00823773
0.0566055
-0.0113128
0.057773
-0.0135979
0.0582334
-0.015104
0.0581649
-0.0158463
0.0577249
-0.0159304
0.0570462
-0.0154227
0.0561817
-0.0143815
0.0552237
-0.0129433
0.0541333
-0.0110688
0.0529182
-0.00881773
0.0515061
-0.00611642
0.049855
-0.00305581
0.047853
0.000379743
0.0454713
0.00443258
0.0425731
0.00891481
0.0390158
0.013794
0.0346798
0.0190018
0.0294564
0.0243557
0.0232829
0.0295604
0.016185
0.0342049
0.00832393
0.0377726
0.0397736
0.00909762
0.0175296
0.017846
0.0160574
0.0259588
0.0132879
0.0332481
0.00953652
0.0396149
0.00519488
0.0450131
0.000662695
0.0494248
-0.003707
0.0528498
-0.00765992
0.0553204
-0.0110187
0.0569299
-0.0136722
0.0578103
-0.0155792
0.0581281
-0.0167311
0.0580108
-0.0171612
0.0576099
-0.0169535
0.0570254
-0.0161369
0.0562755
-0.0147882
0.0554027
-0.0129264
0.0544124
-0.0106145
0.0532462
-0.00774342
0.0518638
-0.00443447
0.0501018
-0.000555874
0.0479746
0.00394844
0.0453022
0.00906463
0.0419138
0.014764
0.0376414
0.0209757
0.0323149
0.0275054
0.0258109
0.0340032
0.0181104
0.0399461
0.0093845
0.0446161
0.0473176
0.00826514
0.0175565
0.0162817
0.0161765
0.0238425
0.0135743
0.030802
0.0100316
0.0370647
0.00589459
0.0425545
0.00151246
0.0472043
-0.00280741
0.0509638
-0.00682927
0.0538296
-0.0103837
0.0558612
-0.0133443
0.0571635
-0.0156275
0.0578769
-0.0171947
0.0581459
-0.0180419
0.0580804
-0.0181956
0.0577731
-0.0176722
0.0573124
-0.0165524
0.0567335
-0.0148237
0.0560083
-0.0125158
0.05514
-0.00957895
0.0540512
-0.00607249
0.0526494
-0.0018526
0.050858
0.00310452
0.0484958
0.00886986
0.0453744
0.015451
0.0412559
0.0228077
0.0358835
0.0307462
0.0290401
0.0388674
0.0206233
0.0465211
0.0107988
0.0527047
0.0564388
0.00748462
0.0172179
0.0148114
0.0159543
0.0218433
0.0135662
0.0284705
0.0103
0.0345982
0.00645371
0.040125
0.00232257
0.044944
-0.00183713
0.048969
-0.0058192
0.0521678
-0.00946519
0.0545813
-0.0126502
0.0562869
-0.0152536
0.0574068
-0.0172155
0.0580646
-0.0184889
0.058368
-0.0190572
0.0584274
-0.0189242
0.0582955
-0.0181125
0.0580316
-0.0166232
0.0576472
-0.014451
0.057141
-0.0115572
0.0564468
-0.00795547
0.0554627
-0.00347877
0.0541059
0.001879
0.0521903
0.00827139
0.0494798
0.0157855
0.0456555
0.0244298
0.0403457
0.0340436
0.0331916
0.0442046
0.0239416
0.0541372
0.0127198
0.0624366
0.0677492
0.00676974
0.0165306
0.0134618
0.015399
0.0199996
0.0132564
0.0263025
0.0103139
0.0322726
0.00682182
0.0377859
0.00302225
0.0427061
-0.000881823
0.0469219
-0.00471545
0.0503821
-0.0083425
0.0531219
-0.0116584
0.0551894
-0.0144924
0.0566976
-0.0167974
0.0577536
-0.0184797
0.0584537
-0.0194816
0.0588943
-0.0197826
0.0591454
-0.0193679
0.0592575
-0.0182141
0.0592722
-0.0163068
0.0591996
-0.0135884
0.0589697
-0.0100026
0.0585237
-0.00541872
0.0577237
0.0002152
0.0564196
0.00722305
0.0543147
0.0156905
0.0509935
0.0257435
0.0459351
0.0373211
0.03857
0.0500376
0.0283865
0.0630296
0.0153887
0.0743375
0.0821518
0.00612938
0.0155189
0.0122506
0.0145274
0.0183384
0.012647
0.0243339
0.0100553
0.0301338
0.00695815
0.0355928
0.00354758
0.0405511
-1.95507e-05
0.0448844
-0.00361507
0.0485347
-0.00711814
0.0515231
-0.0104472
0.0539
-0.0134192
0.0557604
-0.0159855
0.0571996
-0.0180257
0.0582956
-0.0194393
0.0591413
-0.0201928
0.0598066
-0.0202286
0.0603537
-0.0195009
0.0608213
-0.0179624
0.0612348
-0.0155425
0.0615646
-0.012131
0.0617597
-0.00757473
0.0616805
-0.00169435
0.0612007
0.00570788
0.0599555
0.0150714
0.0574396
0.0265998
0.0529451
0.0404281
0.0455951
0.0563159
0.0344405
0.073428
0.0191937
0.0890873
0.101
0.0055683
0.0142127
0.0111877
0.0133627
0.0168752
0.0117489
0.0225881
0.00951769
0.0282143
0.00683444
0.0335884
0.00384677
0.0385331
0.000668402
0.0429177
-0.00261869
0.0466853
-0.00590326
0.0498436
-0.00912671
0.0524655
-0.012137
0.0546279
-0.014864
0.0564085
-0.0171782
0.0578857
-0.0189542
0.0591364
-0.0201394
0.0602337
-0.0206436
0.0612405
-0.0203954
0.0622064
-0.0193162
0.0631662
-0.0173075
0.0641375
-0.014233
0.0651036
-0.00988527
0.0659532
-0.00400662
0.066511
0.00369239
0.066451
0.0137904
0.0651693
0.0267677
0.0617357
0.0430808
0.0548439
0.0628271
0.0428437
0.0854555
0.0247845
0.107515
0.126357
0.00508747
0.0126455
0.0102756
0.0119337
0.0156157
0.0105809
0.0210757
0.00870529
0.0265331
0.00643635
0.0318032
0.00388344
0.036692
0.00112429
0.0410744
-0.00181905
0.0448906
-0.00479805
0.0481476
-0.00781766
0.0509435
-0.0107627
0.0533367
-0.0135345
0.0554177
-0.0160367
0.0572332
-0.0180885
0.0588693
-0.0196589
0.0603932
-0.0206146
0.0618723
-0.0208688
0.0633674
-0.0203095
0.0649353
-0.0188191
0.0666245
-0.0162313
0.0684464
-0.0122723
0.0703887
-0.00666197
0.0722693
0.00108485
0.0738046
0.011646
0.0743403
0.0258931
0.0727233
0.0447725
0.0670887
0.0690405
0.054726
0.098916
0.0331867
0.130593
0.16136
0.004685
0.0108531
0.00951121
0.0102727
0.0145572
0.00916819
0.0197971
0.00763237
0.025097
0.00576328
0.0302541
0.00363792
0.035068
0.00130295
0.0393879
-0.00122802
0.0431929
-0.0038935
0.0464991
-0.0066371
0.049396
-0.00941549
0.0519606
-0.0121321
0.054255
-0.0146949
0.0563647
-0.0169537
0.0583492
-0.0188362
0.0602731
-0.0201998
0.0622119
-0.0209493
0.0642397
-0.0209417
0.0664344
-0.0200453
0.0688917
-0.0180843
0.0716859
-0.01473
0.0748597
-0.00964905
0.0783395
-0.00222893
0.0819394
0.0083701
0.0850411
0.0234565
0.0863425
0.0446522
0.0833545
0.0738388
0.0720739
0.112655
0.0467478
0.158941
0.211514
0.00435696
0.0088715
0.00888738
0.00841347
0.0136906
0.00754027
0.018744
0.00632135
0.0239018
0.00482701
0.0289438
0.00310753
0.0336557
0.00118617
0.0378957
-0.000942867
0.0416564
-0.003246
0.0449455
-0.00566725
0.0478748
-0.00821056
0.0505329
-0.0107942
0.0529964
-0.0133358
0.0553307
-0.0156912
0.0575959
-0.0177893
0.0598669
-0.0194956
0.0622486
-0.0207272
0.0647783
-0.0212547
0.0676016
-0.0210201
0.0708313
-0.0197883
0.0746326
-0.0172479
0.0791521
-0.0130029
0.0845029
-0.00637105
0.0906416
0.00365146
0.097191
0.0187596
0.10289
0.0414454
0.104487
0.0755098
0.0954433
0.125769
0.064631
0.194539
0.281474
0.00409822
0.00673558
0.00839439
0.0063901
0.0130031
0.00572919
0.0179024
0.00480048
0.0229352
0.00364947
0.0278664
0.00230392
0.0324734
0.000768596
0.0366274
-0.000976357
0.0402777
-0.0029028
0.043521
-0.00499823
0.046436
-0.00726553
0.0491206
-0.00964828
0.0516775
-0.0121036
0.0541614
-0.0144527
0.0566552
-0.0166824
0.05923
-0.018655
0.0619467
-0.0202677
0.0649476
-0.0213479
0.0683505
-0.0217886
0.0723259
-0.0213734
0.0771252
-0.0198343
0.0830334
-0.0167562
0.0903872
-0.01146
0.0994809
-0.00286316
0.110455
0.0109112
0.122852
0.0329653
0.134884
0.0683308
0.141251
0.125231
0.110001
0.232504
0.398944
0.00390315
0.00447818
0.00802141
0.00423552
0.0124794
0.00376779
0.0172544
0.00310173
0.0221793
0.0022599
0.0270066
0.00125119
0.031507
6.54227e-05
0.0355507
-0.00131489
0.0391025
-0.00288971
0.0422522
-0.00467172
0.0451056
-0.00665506
0.0477744
-0.00880685
0.0503437
-0.011087
0.0529204
-0.0133873
0.0555628
-0.0156629
0.0583501
-0.0178134
0.0613622
-0.0197392
0.0647353
-0.0213151
0.0686336
-0.022435
0.0732658
-0.0228882
0.0789665
-0.0224952
0.0861881
-0.0209024
0.0955035
-0.0175
0.107675
-0.0113491
0.123481
-0.000623388
0.143059
0.0187053
0.163171
0.0545931
0.177306
0.118668
0.142702
0.275795
0.551293
0.00302389
0.0026065
0.0062271
0.00243964
0.00971309
0.00211362
0.0134622
0.00163872
0.0173354
0.0010196
0.0211277
0.000253806
0.0246538
-0.000680963
0.0278051
-0.00180096
0.0305623
-0.00312545
0.0330021
-0.00466986
0.035218
-0.00642968
0.0373058
-0.00838858
0.0393457
-0.0105134
0.0414204
-0.0127367
0.0435884
-0.0150075
0.0459134
-0.0172496
0.0484682
-0.0193774
0.0513731
-0.0213143
0.0547373
-0.0229218
0.0588055
-0.0240976
0.0638938
-0.0247033
0.070424
-0.0244455
0.0791111
-0.0229592
0.091007
-0.0195857
0.107806
-0.0130387
0.132553
-0.000822634
0.172139
0.0210618
0.236732
0.0612227
0.371422
0.149533
0.305251
0.627312
0.00296361
0.000690471
0.00610935
0.000594232
0.00954172
0.00039953
0.0132391
0.000100335
0.0170602
-0.000316731
0.0207963
-0.000863508
0.0242552
-0.00157422
0.0273234
-0.00246953
0.0300077
-0.0035688
0.0323707
-0.00489132
0.0345168
-0.00644319
0.0365459
-0.00821393
0.0385464
-0.0101812
0.0406072
-0.0123102
0.0427872
-0.0145468
0.0451542
-0.0168449
0.0477906
-0.01914
0.0507935
-0.0213729
0.0543294
-0.0234608
0.0586277
-0.0253399
0.0640117
-0.0269343
0.0710096
-0.0281116
0.0804382
-0.0287502
0.0935135
-0.0285438
0.112314
-0.0270298
0.140183
-0.0231245
0.183092
-0.015117
0.253052
-0.000905432
0.385934
0.02589
0.0745725
0.627212
0.00292885
-0.00125696
0.00603912
-0.00128711
0.00943419
-0.00135968
0.0130913
-0.0014971
0.0168636
-0.00172898
0.0205413
-0.00208402
0.0239335
-0.00259511
0.0269305
-0.00329242
0.029533
-0.00419536
0.0318136
-0.00532404
0.0338794
-0.00668804
0.0358386
-0.00828639
0.0377859
-0.0101067
0.0398026
-0.0121279
0.0419627
-0.0143188
0.0443322
-0.0166472
0.0469934
-0.0190741
0.0500507
-0.0215652
0.0536655
-0.0240861
0.0580664
-0.0266237
0.0635989
-0.0291857
0.0708169
-0.0318036
0.0805514
-0.0345914
0.0941797
-0.0377454
0.114012
-0.0416978
0.144256
-0.0472862
0.192814
-0.0564393
0.27207
-0.0715969
0.401893
-0.0941759
-0.133915
0.621415
0.00291793
-0.003224
0.00601288
-0.00319195
0.00938459
-0.00315027
0.0130077
-0.00313798
0.0167356
-0.00320142
0.0203573
-0.00338449
0.0236825
-0.00372402
0.0266056
-0.00425025
0.029127
-0.00498573
0.0313231
-0.00594913
0.0333047
-0.00715183
0.0351836
-0.00859827
0.0370588
-0.0102857
0.0390146
-0.0122047
0.0411249
-0.0143424
0.0434586
-0.0166839
0.046096
-0.0192141
0.0491416
-0.0219266
0.0527489
-0.0248291
0.0571388
-0.0279643
0.0626468
-0.0314231
0.0697951
-0.0353817
0.0793809
-0.0401899
0.0926833
-0.0464831
0.111784
-0.0554713
0.14012
-0.0693393
0.183809
-0.0926779
0.254542
-0.13365
0.390265
-0.219977
-0.370611
0.638116
0.00292945
-0.00519979
0.00602787
-0.00510881
0.00938899
-0.00495959
0.0129848
-0.00480796
0.0166695
-0.00471771
0.0202348
-0.00474635
0.0234928
-0.00493745
0.0263407
-0.00532075
0.02878
-0.00591746
0.0308899
-0.00674415
0.0327837
-0.00781325
0.0345757
-0.0091326
0.0363672
-0.0107065
0.038244
-0.0125355
0.0402803
-0.0146213
0.042545
-0.016966
0.0451152
-0.019577
0.0480899
-0.0224751
0.0516094
-0.0257051
0.0558759
-0.0293589
0.0611922
-0.0336013
0.0680135
-0.0387263
0.0770218
-0.0452711
0.0892746
-0.0542074
0.106503
-0.0674013
0.131823
-0.0884198
0.172394
-0.125898
0.238649
-0.191405
0.379346
-0.350947
0.651537
-0.631793
0.620505
0.0140992
0.635759
-0.00762101
0.649578
-0.00610897
0.660501
-0.00335275
0.669395
-0.0016359
0.676994
-0.000785834
0.683655
-0.000386452
0.689542
-0.000191862
0.694752
-9.59702e-05
0.699358
-4.85854e-05
0.703424
-2.48582e-05
0.707007
-1.28268e-05
0.710157
-6.66406e-06
0.712919
-3.46544e-06
0.715332
-1.79217e-06
0.717429
-9.12183e-07
0.719238
-4.48171e-07
0.720783
-2.04938e-07
0.722083
-7.27979e-08
0.723155
7.18419e-09
0.724013
4.3545e-08
0.724669
6.55742e-08
0.725131
6.48284e-08
0.725406
5.50233e-08
5.13128e-08
0.656022
-0.00740958
0.659056
-0.00299072
0.661873
-0.00119029
0.666594
-0.000486379
0.672423
-0.000191159
0.678527
-6.39463e-05
0.684439
-2.15413e-05
0.689947
-4.97813e-06
0.694966
-1.10908e-06
0.699476
-7.30952e-07
0.703494
-8.57788e-07
0.707052
-9.05959e-07
0.710189
-7.86579e-07
0.712945
-5.58905e-07
0.715355
-3.83385e-07
0.717451
-2.48288e-07
0.719259
-1.50397e-07
0.720804
-8.54388e-08
0.722104
-4.2386e-08
0.723176
-1.12386e-08
0.724034
6.48306e-09
0.724691
1.70018e-08
0.725153
1.98251e-08
0.725427
1.97383e-08
2.19918e-08
0.629334
-0.00785512
0.640342
-0.00624282
0.651126
-0.00418716
0.66078
-0.00252848
0.669307
-0.00145429
0.676862
-0.000830522
0.683557
-0.000459572
0.689486
-0.000248523
0.694728
-0.00013252
0.699354
-7.01214e-05
0.703432
-3.70177e-05
0.70702
-1.95775e-05
0.710173
-1.03724e-05
0.712937
-5.48776e-06
0.715351
-2.89949e-06
0.717449
-1.5301e-06
0.719258
-8.09292e-07
0.720803
-4.31111e-07
0.722103
-2.35778e-07
0.723176
-1.40534e-07
0.724034
-8.49348e-08
0.72469
-5.83358e-08
0.725153
-3.81192e-08
0.725427
-2.3985e-08
-2.08169e-08
0.662848
-0.0250855
0.663284
0.00113009
0.664275
0.00264025
0.667932
0.00145263
0.673166
0.000596479
0.678924
0.000216541
0.684646
7.87041e-05
0.690054
2.78792e-05
0.695022
9.2259e-06
0.699506
2.6018e-06
0.703509
5.71922e-07
0.70706
-1.48678e-07
0.710194
-3.63378e-07
0.712948
-3.22447e-07
0.715356
-2.65497e-07
0.717451
-2.05741e-07
0.719259
-1.58521e-07
0.720804
-1.24275e-07
0.722104
-1.06302e-07
0.723176
-1.11303e-07
0.724034
-1.00683e-07
0.724691
-9.55522e-08
0.725153
-7.85455e-08
0.725427
-5.86267e-08
-5.15039e-08
0.634182
0.643187
0.653675
0.662775
0.670655
0.677677
0.684017
0.689731
0.69485
0.699409
0.703451
0.707021
0.710164
0.712923
0.715334
0.71743
0.719238
0.720783
0.722083
0.723155
0.724013
0.724669
0.725131
0.725406
0.00374726
-0.00769361
0.00769109
-0.00753218
0.011938
-0.00725518
0.0164483
-0.0069401
0.0210411
-0.00667333
0.0254608
-0.00652953
0.0294772
-0.00656095
0.0329647
-0.00679817
0.0359274
-0.00725849
0.0384677
-0.00795363
0.0407307
-0.00889429
0.0428628
-0.0100905
0.0449933
-0.0115523
0.0472312
-0.013291
0.0496683
-0.0153214
0.0523892
-0.017665
0.0554843
-0.020353
0.0590648
-0.023436
0.0632825
-0.0269974
0.0683527
-0.0311767
0.0745854
-0.0362055
0.082419
-0.0424708
0.0924513
-0.0506224
0.105442
-0.0617505
0.12216
-0.0777121
0.142856
-0.101574
0.164228
-0.138454
0.179663
-0.196711
0.145383
-0.305363
-0.474175
0.00384028
-0.0101664
0.00785069
-0.00993812
0.0121194
-0.00954075
0.0166016
-0.00907358
0.0211231
-0.0086461
0.0254418
-0.00835059
0.0293397
-0.00824809
0.0326988
-0.00837014
0.0355262
-0.00872993
0.0379249
-0.00933375
0.0400404
-0.0101883
0.0420189
-0.0113025
0.0439889
-0.0126892
0.046057
-0.0143665
0.0483113
-0.0163593
0.05083
-0.0187029
0.0536916
-0.0214466
0.0569875
-0.0246632
0.0608349
-0.0284622
0.0653928
-0.033013
0.0708758
-0.0385803
0.0775603
-0.0455822
0.0857711
-0.0546786
0.0958176
-0.0669081
0.107805
-0.0839077
0.121266
-0.108193
0.134384
-0.143591
0.141767
-0.194976
0.11109
-0.264588
-0.352212
0.00397192
-0.0126
0.0080798
-0.0123082
0.0123885
-0.011797
0.0168473
-0.0111874
0.0212922
-0.0106121
0.0254994
-0.0101815
0.0292679
-0.00996595
0.03249
-0.0099977
0.0351766
-0.0102857
0.0374305
-0.0108306
0.0393958
-0.0116337
0.0412165
-0.0127015
0.0430178
-0.0140466
0.044902
-0.0156905
0.0469517
-0.0176645
0.0492356
-0.0200125
0.0518187
-0.0227959
0.0547697
-0.0261008
0.0581703
-0.0300508
0.0621217
-0.034827
0.066747
-0.040698
0.0721781
-0.0480646
0.0785136
-0.057523
0.0857142
-0.069946
0.0933618
-0.0865791
0.100165
-0.109084
0.102836
-0.139348
0.0947361
-0.178988
0.0645591
-0.225711
-0.278378
0.00414029
-0.0149766
0.0083747
-0.0146249
0.0127399
-0.0140062
0.0171782
-0.0132631
0.0215389
-0.0125512
0.0256219
-0.0119991
0.0292477
-0.0116868
0.032322
-0.0116477
0.0348603
-0.0118862
0.0369648
-0.0123968
0.0387769
-0.0131751
0.0404367
-0.0142237
0.0420644
-0.0155536
0.0437564
-0.0171867
0.0455874
-0.0191571
0.0476165
-0.0215134
0.0498931
-0.0243226
0.0524639
-0.0276763
0.0553765
-0.0317011
0.0586803
-0.0365743
0.0624205
-0.0425462
0.0666155
-0.0499703
0.0712053
-0.0593402
0.0759459
-0.0713236
0.08021
-0.0867745
0.0826569
-0.106659
0.0807523
-0.131722
0.0704346
-0.162139
0.0459792
-0.194067
-0.224789
0.00434347
-0.0172783
0.00873175
-0.0168706
0.0131683
-0.0161518
0.0175876
-0.0152844
0.0218554
-0.0144465
0.0257998
-0.0137845
0.029268
-0.0133884
0.032182
-0.0132929
0.0345631
-0.0134984
0.0365128
-0.0139924
0.0381683
-0.0147647
0.0396648
-0.0158131
0.0411164
-0.0171458
0.0426119
-0.0187834
0.0442176
-0.0207598
0.0459818
-0.0231246
0.0479396
-0.0259453
0.0501166
-0.0293123
0.052531
-0.0333467
0.0551896
-0.0382106
0.0580783
-0.0441226
0.0611364
-0.051374
0.0642077
-0.0603443
0.0669534
-0.0715034
0.0687108
-0.0853767
0.0682983
-0.102427
0.0638263
-0.122736
0.0525693
-0.145714
0.0321106
-0.167917
-0.186673
0.00457912
-0.0194862
0.00914675
-0.0190275
0.0136683
-0.0182175
0.0180697
-0.0172369
0.022235
-0.0162842
0.0260258
-0.0155231
0.0293204
-0.0150536
0.0320609
-0.0149126
0.0342752
-0.0150962
0.0360638
-0.0155853
0.0375594
-0.0163632
0.0388909
-0.0174228
0.0401653
-0.0187687
0.0414636
-0.0204186
0.042843
-0.0224043
0.0443412
-0.0247733
0.0459799
-0.0275899
0.0477671
-0.0309383
0.0496967
-0.0349279
0.0517441
-0.0396995
0.0538537
-0.0454332
0.0559166
-0.0523549
0.0577303
-0.0607369
0.0589348
-0.0708814
0.0589255
-0.0830664
0.0567563
-0.097428
0.0511091
-0.11371
0.0403365
-0.13105
0.0235069
-0.146789
-0.15863
0.0048443
-0.0215802
0.00961451
-0.0210773
0.0142337
-0.0201877
0.0186178
-0.0191074
0.0226717
-0.0180529
0.0262938
-0.0172039
0.029399
-0.0166704
0.0319521
-0.0164917
0.03399
-0.0166605
0.0356115
-0.0171512
0.0369438
-0.0179406
0.0381093
-0.0190164
0.0392072
-0.0203788
0.0403102
-0.0220423
0.0414667
-0.0240349
0.0427043
-0.0263998
0.0440332
-0.0291953
0.0454472
-0.0324964
0.0469223
-0.0363974
0.0484117
-0.0410148
0.0498351
-0.0464895
0.0510595
-0.0529864
0.0518702
-0.0606862
0.0519292
-0.0697602
0.0507276
-0.0803155
0.0475519
-0.0922943
0.0415206
-0.105301
0.0316939
-0.118454
0.0177962
-0.129816
-0.137584
0.00513508
-0.0235391
0.0101283
-0.0230006
0.0148567
-0.0220462
0.0192248
-0.0208835
0.0231591
-0.0197433
0.0265988
-0.018819
0.0294991
-0.0182303
0.0318518
-0.0180201
0.0337037
-0.0181782
0.0351524
-0.0186732
0.036319
-0.0194754
0.0373183
-0.020567
0.0382416
-0.0219441
0.0391534
-0.0236169
0.0400937
-0.0256093
0.0410813
-0.0279585
0.0421166
-0.0307154
0.0431826
-0.033944
0.0442431
-0.0377221
0.0452381
-0.0421417
0.0460747
-0.0473073
0.0466135
-0.0533313
0.046649
-0.0603213
0.0458852
-0.0683533
0.043916
-0.0774244
0.0402247
-0.0873751
0.034243
-0.0977781
0.0254676
-0.10785
0.0139082
-0.116202
-0.121495
0.00544651
-0.0253402
0.0106796
-0.024777
0.0155274
-0.0237765
0.0198812
-0.0225532
0.0236899
-0.0213473
0.0269355
-0.020363
0.0296174
-0.0197289
0.0317576
-0.0194922
0.033415
-0.0196416
0.0346861
-0.0201406
0.0356853
-0.0209534
0.0365191
-0.0220568
0.0372711
-0.0234427
0.0379977
-0.025117
0.038731
-0.0270985
0.0394824
-0.0294185
0.0402446
-0.0321193
0.0409931
-0.0352535
0.041684
-0.0388826
0.0422507
-0.0430758
0.0425975
-0.0479059
0.0425896
-0.0534423
0.0420417
-0.0597375
0.040707
-0.0668026
0.0382727
-0.0745691
0.0343762
-0.0828346
0.0286633
-0.0911948
0.020888
-0.0989967
0.0111754
-0.105251
-0.108992
0.00577239
-0.0269594
0.0112579
-0.026385
0.0162334
-0.0253618
0.0205759
-0.0241049
0.0242555
-0.0228581
0.0272984
-0.0218324
0.0297508
-0.021164
0.0316683
-0.0209058
0.033124
-0.0210472
0.0342139
-0.0215479
0.0350449
-0.0223668
0.0357154
-0.0234757
0.0363005
-0.0248619
0.0368491
-0.0265272
0.0373866
-0.0284857
0.0379178
-0.030762
0.0384299
-0.0333902
0.0388934
-0.0364116
0.0392605
-0.0398727
0.0394635
-0.0438224
0.0394094
-0.0483074
0.0389746
-0.0533637
0.0379993
-0.0590041
0.0362837
-0.0651981
0.0335937
-0.0718427
0.029681
-0.0787269
0.0243338
-0.0854927
0.0174521
-0.0916151
0.00919833
-0.0963858
-0.0991207
0.00610507
-0.0283719
0.0118498
-0.0278023
0.0169594
-0.0267842
0.0212946
-0.0255264
0.0248453
-0.0242691
0.0276812
-0.0232248
0.0298967
-0.022536
0.0315838
-0.0222619
0.0328322
-0.0223951
0.0337383
-0.0228939
0.0344019
-0.0237129
0.0349119
-0.0248192
0.0353357
-0.026196
0.035715
-0.027841
0.0360688
-0.0297635
0.0363971
-0.0319821
0.0366829
-0.0345229
0.036894
-0.0374167
0.0369818
-0.0406967
0.0368805
-0.0443949
0.0365038
-0.0485367
0.0357424
-0.0531337
0.0344622
-0.0581717
0.0325057
-0.0635954
0.0297009
-0.0692877
0.0258824
-0.0750473
0.02093
-0.080569
0.0148238
-0.085438
0.0077285
-0.0891434
-0.0912034
0.0064354
-0.0295523
0.0124394
-0.0290061
0.0176866
-0.0280254
0.02202
-0.0268052
0.0254462
-0.0255735
0.0280759
-0.0245386
0.0300519
-0.0238463
0.031504
-0.0235634
0.0325416
-0.0236883
0.033263
-0.0241807
0.0337607
-0.0249929
0.0341145
-0.0260878
0.0343834
-0.0274449
0.0346026
-0.0290581
0.0347857
-0.0309322
0.0349286
-0.0330802
0.0350118
-0.0355208
0.0350019
-0.0382758
0.0348517
-0.0413668
0.0344991
-0.044812
0.0338667
-0.0486207
0.0328603
-0.0527867
0.0313698
-0.0572786
0.029273
-0.0620285
0.0264461
-0.0669175
0.0227817
-0.0717633
0.0182178
-0.0763105
0.0127759
-0.0802345
0.00660787
-0.0831629
-0.0847553
0.00675282
-0.030476
0.0130084
-0.0299737
0.0183932
-0.0290667
0.0227313
-0.0279276
0.0260421
-0.0267638
0.0284729
-0.0257716
0.0302122
-0.0250971
0.0314291
-0.0248146
0.0322547
-0.0249317
0.0327919
-0.025413
0.0331265
-0.0262108
0.033329
-0.0272854
0.0334502
-0.0286127
0.0335191
-0.0301831
0.0335447
-0.0319974
0.0335197
-0.0340635
0.033423
-0.0363937
0.0332214
-0.0390018
0.0328701
-0.0419002
0.0323126
-0.0450959
0.0314805
-0.0485863
0.0302941
-0.0523532
0.0286644
-0.0563551
0.0264985
-0.0605191
0.0237085
-0.0647321
0.0202268
-0.0688333
0.0160277
-0.0726121
0.0111521
-0.0758147
0.00573385
-0.0781667
-0.0794253
0.00704554
-0.0311199
0.0135359
-0.0306834
0.019054
-0.0298892
0.0234045
-0.0288793
0.026614
-0.0278309
0.02886
-0.0269205
0.0303725
-0.0262897
0.0313588
-0.0260204
0.0319745
-0.0261317
0.0323294
-0.0265975
0.0325044
-0.0273733
0.0325613
-0.0284184
0.0325426
-0.0297062
0.0324712
-0.0312238
0.0323522
-0.0329682
0.0321759
-0.0349431
0.0319205
-0.0371551
0.0315539
-0.0396115
0.0310345
-0.0423169
0.0303114
-0.0452701
0.0293254
-0.04846
0.0280102
-0.0518604
0.0262947
-0.0554251
0.0241088
-0.0590813
0.0213913
-0.0627248
0.0181021
-0.0662168
0.0142368
-0.0693844
0.0098439
-0.072029
0.00503837
-0.0739458
-0.0749595
0.0073009
-0.0314638
0.0139995
-0.0311157
0.0196416
-0.0304747
0.0240123
-0.0296447
0.0271395
-0.0287634
0.0292223
-0.0279794
0.0305254
-0.027424
0.0312921
-0.027185
0.0317035
-0.0272952
0.0318798
-0.0277421
0.0318998
-0.0284885
0.031817
-0.0294954
0.0316661
-0.0307346
0.0314645
-0.0321902
0.0312134
-0.0338563
0.0309016
-0.0357324
0.0305071
-0.0378207
0.0299993
-0.040123
0.0293401
-0.042638
0.0284845
-0.0453583
0.0273819
-0.0482666
0.0259774
-0.0513327
0.024215
-0.0545084
0.0220425
-0.0577245
0.019418
-0.0608871
0.0163195
-0.0638777
0.0127553
-0.0665545
0.00877472
-0.0687616
0.00447536
-0.0703442
-0.0711737
0.00750594
-0.0314923
0.0143758
-0.0312541
0.0201267
-0.030806
0.0245248
-0.0302071
0.027593
-0.0295474
0.0295417
-0.0289392
0.0306612
-0.0284967
0.0312261
-0.0283105
0.0314437
-0.0284286
0.0314476
-0.0288553
0.0313176
-0.0295657
0.0311013
-0.0305261
0.0308261
-0.031708
0.0305038
-0.0330938
0.0301326
-0.0346744
0.0296997
-0.0364461
0.0291836
-0.0384073
0.0285555
-0.0405554
0.0277809
-0.0428845
0.0268204
-0.0453826
0.0256309
-0.048029
0.0241676
-0.0507911
0.0223864
-0.0536214
0.020249
-0.0564555
0.0177274
-0.0592105
0.0148117
-0.0617853
0.0115169
-0.0640642
0.00788977
-0.0659235
0.00401274
-0.0672451
-0.0679331
0.00764812
-0.0311959
0.0146418
-0.0310871
0.0204796
-0.0308684
0.0249106
-0.0305496
0.0279462
-0.0301662
0.0297967
-0.0297862
0.0307669
-0.0294999
0.0311559
-0.0293957
0.0311957
-0.029536
0.0310364
-0.0299451
0.0307627
-0.030615
0.0304191
-0.0315211
0.030027
-0.0326379
0.0295931
-0.0339467
0.0291127
-0.035436
0.028572
-0.0370993
0.0279499
-0.0389316
0.0272197
-0.040927
0.0263503
-0.0430762
0.0253074
-0.045364
0.0240545
-0.0477677
0.0225552
-0.050254
0.0207753
-0.0527775
0.0186866
-0.0552795
0.0162712
-0.0576871
0.0135269
-0.0599148
0.0104719
-0.0618675
0.00714912
-0.0634469
0.00362781
-0.0645615
-0.0651386
0.00771605
-0.0305729
0.0147762
-0.0306092
0.0206722
-0.0306506
0.0251383
-0.0306552
0.0281689
-0.0305999
0.0299625
-0.0305019
0.0308259
-0.0304198
0.0310732
-0.030434
0.0309581
-0.030618
0.0306488
-0.0310177
0.0302394
-0.0316458
0.0297749
-0.0324918
0.0292728
-0.0335364
0.0287357
-0.0347618
0.0281561
-0.036155
0.0275193
-0.0377069
0.0268049
-0.0394099
0.025988
-0.0412555
0.025041
-0.0432316
0.023934
-0.0453213
0.0226362
-0.0475006
0.0211181
-0.049737
0.0193531
-0.0519879
0.017321
-0.0542001
0.0150108
-0.0563103
0.0124251
-0.058246
0.00958307
-0.0599288
0.00652333
-0.06128
0.00330404
-0.0622278
-0.0627165
0.00770043
-0.0296304
0.0147612
-0.0298225
0.020679
-0.0301462
0.0251779
-0.0305086
0.02823
-0.0308267
0.0300115
-0.0310626
0.0308173
-0.0312361
0.0309658
-0.0314119
0.0307263
-0.0316699
0.0302857
-0.0320758
0.0297512
-0.0326661
0.0291727
-0.033449
0.0285672
-0.0344158
0.0279342
-0.0355522
0.0272642
-0.0368452
0.0265417
-0.0382837
0.0257467
-0.039858
0.0248564
-0.0415572
0.023846
-0.0433677
0.0226894
-0.0452712
0.021361
-0.0472437
0.0198366
-0.0492536
0.0180957
-0.0512616
0.0161239
-0.0532203
0.0139151
-0.0550744
0.0114747
-0.0567625
0.00882174
-0.0582199
0.00599026
-0.0593829
0.00302928
-0.0601947
-0.0606118
0.00759497
-0.0283856
0.0145835
-0.0287377
0.0204799
-0.0293548
0.0250029
-0.0300971
0.0280996
-0.0308237
0.0299141
-0.0314396
0.0307163
-0.0319206
0.0308163
-0.0323074
0.0304913
-0.0326786
0.0299447
-0.0331162
0.0292996
-0.0336805
0.0286158
-0.0344023
0.0279132
-0.0352881
0.027191
-0.0363313
0.0264381
-0.0375205
0.0256386
-0.0388442
0.024773
-0.0402908
0.0238203
-0.0418477
0.0227579
-0.0435001
0.0215635
-0.045229
0.0202152
-0.0470106
0.0186934
-0.0488151
0.0169824
-0.0506064
0.0150718
-0.0523422
0.0129591
-0.0539745
0.0106511
-0.0554513
0.00816573
-0.0567186
0.00553305
-0.0577247
0.00279432
-0.0584241
-0.0587824
0.00739704
-0.0268659
0.0142363
-0.0273748
0.020062
-0.0282838
0.0245931
-0.0294127
0.027751
-0.0305685
0.0296405
-0.0316012
0.0304946
-0.0324384
0.0306022
-0.0330891
0.0302385
-0.0336216
0.0296189
-0.0341271
0.0288836
-0.0346876
0.0281059
-0.0353579
0.0273134
-0.0361643
0.0265078
-0.037112
0.0256785
-0.0381949
0.0248093
-0.0394026
0.0238815
-0.0407227
0.0228752
-0.0421415
0.0217702
-0.043643
0.0205469
-0.0452081
0.0191867
-0.0468136
0.0176738
-0.0484314
0.0159957
-0.0500287
0.0141454
-0.0515677
0.0121225
-0.0530069
0.00993432
-0.0543018
0.00759769
-0.0554075
0.00513867
-0.0562814
0.00259217
-0.0568869
-0.0571964
0.00710826
-0.0251084
0.0137204
-0.0257634
0.0194209
-0.0269489
0.023936
-0.0284539
0.027163
-0.0300424
0.0291625
-0.0315145
0.0301217
-0.0327489
0.0302958
-0.0337164
0.029947
-0.0344651
0.0292958
-0.0350861
0.0284975
-0.035677
0.027642
-0.036316
0.0267688
-0.0370518
0.0258861
-0.037906
0.024986
-0.038882
0.0240531
-0.0399732
0.0230696
-0.0411681
0.0220168
-0.0424524
0.0208765
-0.0438098
0.019631
-0.045221
0.0182648
-0.0466635
0.0167646
-0.0481112
0.0151208
-0.049534
0.0133285
-0.0508986
0.0113885
-0.0521685
0.00930862
-0.0533058
0.00710384
-0.0542729
0.00479689
-0.0550344
0.00241732
-0.0555605
-0.0558289
0.00673473
-0.0231591
0.0130444
-0.023942
0.0185624
-0.0253749
0.0230294
-0.0272274
0.0263221
-0.0292324
0.0284566
-0.0311487
0.0295672
-0.0328087
0.0298657
-0.0341409
0.0295896
-0.0351639
0.0289556
-0.0359576
0.0281298
-0.0366264
0.0272191
-0.0372673
0.0262783
-0.0379518
0.0253263
-0.0387216
0.0243606
-0.0395938
0.023369
-0.0405697
0.022335
-0.0416408
0.0212412
-0.0427942
0.0200709
-0.0440133
0.0188084
-0.0452793
0.0174401
-0.0465705
0.0159548
-0.0478625
0.0143451
-0.0491277
0.0126075
-0.0503365
0.0107437
-0.0514572
0.00876108
-0.052457
0.00667319
-0.0533041
0.00449965
-0.0539691
0.00226553
-0.0544275
-0.054661
0.00628679
-0.0210706
0.0122249
-0.0219571
0.0175029
-0.0235958
0.0218825
-0.0257497
0.0252255
-0.0281344
0.0275059
-0.0304787
0.0288036
-0.0325754
0.0292786
-0.0343096
0.0291334
-0.0356626
0.0285709
-0.0366921
0.0277613
-0.0374984
0.0268259
-0.038189
0.0258366
-0.0388553
0.0248263
-0.0395603
0.0238018
-0.0403388
0.0227561
-0.0412041
0.0216757
-0.0421545
0.020545
-0.0431802
0.0193485
-0.0442663
0.0180723
-0.0453946
0.0167042
-0.0465445
0.0152348
-0.0476929
0.0136579
-0.048815
0.0119712
-0.0498839
0.0101767
-0.0508719
0.00828124
-0.0517507
0.00629686
-0.0524931
0.00424048
-0.0530746
0.00213334
-0.0534746
-0.053678
0.00577853
-0.0188999
0.0112857
-0.0198608
0.0162687
-0.0216539
0.0205161
-0.0240478
0.0238821
-0.0267555
0.0263042
-0.0294898
0.0278091
-0.0320127
0.0285022
-0.0341691
0.0285422
-0.0358991
0.0281077
-0.037228
0.0273646
-0.0382394
0.0264434
-0.0390414
0.0254324
-0.0397381
0.0243803
-0.0404121
0.0233067
-0.0411178
0.0222127
-0.0418842
0.0210897
-0.0427206
0.019925
-0.0436235
0.0187049
-0.0445815
0.0174169
-0.0455785
0.0160501
-0.0465953
0.0145963
-0.0476106
0.0130503
-0.0486014
0.0114102
-0.0495437
0.00967821
-0.0504127
0.00786053
-0.0511841
0.00596768
-0.0518344
0.00401418
-0.0523427
0.00201808
-0.0526918
-0.0528692
0.00522685
-0.0167053
0.0102566
-0.0177085
0.0148953
-0.019598
0.018963
-0.022159
0.0223139
-0.0251161
0.0248572
-0.0281804
0.0265721
-0.0310953
0.0275095
-0.0336722
0.0277794
-0.03581
0.027527
-0.0374946
0.0269042
-0.0387811
0.0260437
-0.0397661
0.0250461
-0.040557
0.0239763
-0.0412502
0.0228684
-0.0419186
0.0217349
-0.0426091
0.0205743
-0.0433455
0.0193784
-0.0441344
0.0181365
-0.044971
0.0168376
-0.045843
0.0154721
-0.0467339
0.0140326
-0.0476244
0.0125147
-0.0484937
0.0109167
-0.0493201
0.0092406
-0.0500815
0.00749195
-0.0507564
0.00567979
-0.0513246
0.00381655
-0.0517682
0.00191749
-0.0520726
-0.0522271
0.00465027
-0.014543
0.00917116
-0.0155561
0.0134246
-0.0174814
0.0172654
-0.0201298
0.0205551
-0.0232499
0.0231845
-0.0265654
0.0250934
-0.0298143
0.0262827
-0.0327846
0.0268126
-0.0353379
0.0267886
-0.0374183
0.0263388
-0.039044
0.0255901
-0.0402872
0.0246491
-0.0412476
0.0235939
-0.042026
0.0224739
-0.0427095
0.0213144
-0.0433623
0.0201241
-0.0440245
0.0189014
-0.0447165
0.0176396
-0.0454429
0.0163302
-0.0461984
0.0149652
-0.0469709
0.0135382
-0.0477442
0.012045
-0.0485001
0.0104843
-0.0492193
0.00885767
-0.049882
0.00716982
-0.0504693
0.00542848
-0.0509636
0.00364419
-0.0513492
0.00182983
-0.0516136
-0.0517477
0.00406766
-0.0124644
0.00806438
-0.0134565
0.0119029
-0.0153588
0.0154731
-0.0180136
0.0186513
-0.0212035
0.0213193
-0.024677
0.0233885
-0.0281805
0.0248172
-0.0314905
0.0256186
-0.0344396
0.0258556
-0.036932
0.0256255
-0.0389448
0.0250394
-0.0405162
0.0242031
-0.0417248
0.0232028
-0.0426667
0.022101
-0.0434343
0.0209365
-0.0441048
0.0197296
-0.0447347
0.0184875
-0.0453593
0.0172093
-0.0459962
0.0158905
-0.0466496
0.0145252
-0.0473142
0.0131084
-0.0479791
0.0116364
-0.0486295
0.010108
-0.049249
0.00852447
-0.0498205
0.00688964
-0.0503273
0.00521002
-0.0507539
0.00349442
-0.0510867
0.00175366
-0.051315
-0.0514308
0.0034969
-0.0105129
0.0069704
-0.0114571
0.0103767
-0.0132831
0.0136401
-0.0158678
0.0166559
-0.0190337
0.0193073
-0.0225642
0.0214881
-0.0262262
0.0231243
-0.0297978
0.024188
-0.0330937
0.0247004
-0.0359847
0.0247238
-0.0384071
0.0243463
-0.0403596
0.0236633
-0.0418903
0.0227636
-0.0430771
0.0217178
-0.0440093
0.0205771
-0.0447696
0.0193736
-0.0454265
0.0181248
-0.04603
0.0168374
-0.0466117
0.0155123
-0.0471878
0.0141471
-0.0477627
0.0127387
-0.0483324
0.0112845
-0.0488878
0.00978363
-0.0494162
0.00823701
-0.0499038
0.00664782
-0.0503365
0.00502143
-0.050701
0.00336515
-0.0509855
0.00168794
-0.0511806
-0.0512796
0.00295366
-0.00872275
0.00592009
-0.00959716
0.00889055
-0.0113026
0.0118204
-0.0137499
0.0146274
-0.0168042
0.0172038
-0.0202899
0.0194371
-0.0240047
0.021232
-0.0277404
0.0225285
-0.0313064
0.0233101
-0.0345503
0.0236034
-0.0373728
0.0234682
-0.0397325
0.0229829
-0.0416405
0.0222297
-0.0431477
0.021283
-0.0443274
0.020202
-0.0452597
0.0190296
-0.0460186
0.0177936
-0.0466646
0.0165097
-0.0472423
0.0151855
-0.0477808
0.0138233
-0.0482959
0.0124233
-0.048793
0.0109845
-0.0492701
0.00950699
-0.0497202
0.00799167
-0.0501339
0.0064413
-0.0505003
0.00486027
-0.0508087
0.00325461
-0.0510494
0.00163173
-0.0512145
-0.0512983
0.00245057
-0.00711731
0.00493918
-0.00790628
0.00748326
-0.00945761
0.0100646
-0.0117137
0.0126243
-0.0145808
0.0150697
-0.0179268
0.0172914
-0.021587
0.0191844
-0.0253776
0.0206662
-0.0291148
0.0216901
-0.0326353
0.0222493
-0.0358135
0.0223735
-0.0385719
0.0221185
-0.0408837
0.0215537
-0.0427658
0.0207492
-0.0442673
0.0197682
-0.0454544
0.018661
-0.046398
0.0174644
-0.0471637
0.0162032
-0.0478049
0.0148926
-0.0483622
0.013541
-0.0488628
0.0121525
-0.0493228
0.0107291
-0.049749
0.00927243
-0.050142
0.00778404
-0.0504977
0.00626661
-0.0508099
0.00472397
-0.0510712
0.00316113
-0.0512744
0.00158419
-0.0514136
-0.0514841
0.00199667
-0.00570931
0.00404693
-0.00640345
0.006186
-0.00777915
0.0084164
-0.00980575
0.0107012
-0.0124265
0.0129666
-0.0155515
0.0151142
-0.0190566
0.0170383
-0.0227898
0.018645
-0.0265854
0.0198658
-0.0302815
0.0206662
-0.0337377
0.021047
-0.0368492
0.0210388
-0.0395542
0.0206927
-0.0418346
0.0200691
-0.0437088
0.0192281
-0.0452211
0.0182234
-0.0464298
0.0170985
-0.0473966
0.0158858
-0.0481792
0.0146078
-0.0488254
0.0132796
-0.0493721
0.0119105
-0.0498453
0.0105063
-0.0502615
0.00907082
-0.0506296
0.00760722
-0.0509526
0.00611869
-0.0512299
0.00460893
-0.0514584
0.00308237
-0.0516344
0.00154416
-0.0517541
-0.0518146
0.0015973
-0.00450142
0.00325569
-0.00509732
0.00502075
-0.00628744
0.00690994
-0.00806256
0.00890521
-0.0103968
0.0109527
-0.013238
0.0129697
-0.0165019
0.0148586
-0.0200723
0.0165229
-0.0238096
0.0178818
-0.0275648
0.0188804
-0.0311949
0.0194946
-0.0345786
0.0197304
-0.0376273
0.0196177
-0.0402903
0.019202
-0.0425538
0.0185355
-0.0444348
0.0176699
-0.0459717
0.0166511
-0.0472145
0.0155169
-0.0482164
0.0142962
-0.0490273
0.0130103
-0.0496903
0.011674
-0.0502392
0.0102974
-0.0506989
0.00888768
-0.0510867
0.00745018
-0.051413
0.00598932
-0.0516837
0.00450934
-0.051901
0.00301463
-0.0520652
0.00150986
-0.0521755
-0.0522307
0.00125444
-0.0034876
0.00257115
-0.00398705
0.00400008
-0.004992
0.0055682
-0.00650902
0.00727243
-0.00853613
0.00907734
-0.0110523
0.0109186
-0.014009
0.0127121
-0.0173262
0.0143668
-0.0208954
0.0157979
-0.024589
0.0169382
-0.0282728
0.0177451
-0.0318207
0.0182024
-0.0351273
0.0183191
-0.0381165
0.0181231
-0.0407452
0.0176544
-0.0430015
0.0169578
-0.0448993
0.0160774
-0.0464703
0.0150529
-0.0477566
0.0139174
-0.0488031
0.0126972
-0.049653
0.0114121
-0.0503443
0.0100769
-0.0509082
0.00870233
-0.0513688
0.00729662
-0.0517435
0.00586615
-0.0520443
0.00441635
-0.052279
0.0029522
-0.0524524
0.00147848
-0.0525669
-0.0526237
0.000967045
-0.0026549
0.00199309
-0.00306381
0.00312779
-0.00389252
0.00440304
-0.00515805
0.00582656
-0.0068753
0.00737867
-0.00904693
0.00901311
-0.011654
0.0106622
-0.0146494
0.0122459
-0.017957
0.0136831
-0.0214757
0.0149019
-0.0250892
0.0158475
-0.0286775
0.0164872
-0.0321295
0.0168109
-0.035353
0.0168287
-0.0382819
0.0165659
-0.0408782
0.0160569
-0.0431302
0.0153402
-0.0450477
0.0144535
-0.0466559
0.013431
-0.0479892
0.0123019
-0.0490849
0.01109
-0.0499799
0.00981415
-0.0507073
0.0084889
-0.0512953
0.00712549
-0.0517664
0.00573276
-0.0521381
0.00431793
-0.0524231
0.00288721
-0.0526302
0.00144615
-0.0527655
-0.0528321
0.000731738
-0.00198551
0.00151638
-0.00231267
0.0024001
-0.00298034
0.003416
-0.00401138
0.00457876
-0.00543113
0.00588103
-0.0072586
0.00729258
-0.00949728
0.00876262
-0.0121277
0.0102255
-0.0151034
0.0116087
-0.018352
0.0128423
-0.0217803
0.0138665
-0.0252831
0.0146375
-0.0287538
0.0151304
-0.0320945
0.0153392
-0.0352247
0.015274
-0.0380858
0.0149571
-0.0406435
0.0144179
-0.0428851
0.0136892
-0.0448164
0.0128031
-0.0464562
0.0117893
-0.0478313
0.0106737
-0.0489723
0.00947795
-0.0499098
0.00821971
-0.050672
0.00691329
-0.0512836
0.00557019
-0.0517651
0.00419985
-0.0521327
0.00281017
-0.0523986
0.0014081
-0.0525713
-0.0526561
0.000543466
-0.00145871
0.00113229
-0.00171462
0.00180725
-0.00224042
0.00259999
-0.0030611
0.00352879
-0.00420718
0.00459516
-0.00570736
0.00578194
-0.00758046
0.00705379
-0.00982799
0.00836013
-0.0124288
0.00964051
-0.0153373
0.0108317
-0.0184853
0.0118747
-0.0217881
0.0127206
-0.0251516
0.0133345
-0.0284815
0.0136977
-0.0316921
0.0138067
-0.0347123
0.0136711
-0.0374902
0.0133101
-0.0399936
0.0127487
-0.0422088
0.0120146
-0.0441373
0.0111353
-0.0457917
0.0101366
-0.0471922
0.00904143
-0.0483625
0.00786962
-0.0493271
0.00663782
-0.0501091
0.00536001
-0.0507294
0.0040479
-0.0512051
0.00271149
-0.0515502
0.00135953
-0.0517746
-0.0518851
0.000396198
-0.00105277
0.000829826
-0.00124856
0.00133537
-0.00165345
0.00194132
-0.00229195
0.00266696
-0.00319565
0.00351941
-0.00439754
0.00449141
-0.00592541
0.00556053
-0.0077951
0.00669029
-0.0100049
0.00783327
-0.0125321
0.00893594
-0.0153324
0.00994445
-0.0183431
0.0108099
-0.0214878
0.0114925
-0.0246833
0.011965
-0.027847
0.0122131
-0.0309036
0.0122351
-0.0337906
0.0120394
-0.0364613
0.0116425
-0.0388852
0.0110656
-0.041047
0.0103321
-0.0429443
0.00946554
-0.0445841
0.0084885
-0.0459802
0.00742143
-0.0471497
0.00628249
-0.048111
0.00508754
-0.0488819
0.00385035
-0.0494784
0.00258299
-0.0499138
0.00129623
-0.0501983
-0.0503388
0.000283534
-0.000746407
0.000596924
-0.000892971
0.000968282
-0.00119798
0.00142202
-0.00168373
0.0019766
-0.00238008
0.0026421
-0.00332028
0.00341806
-0.00453588
0.00429207
-0.00605111
0.00523968
-0.00787761
0.00622584
-0.0100104
0.00720789
-0.0124258
0.00813971
-0.015082
0.00897626
-0.0179218
0.00967749
-0.0208774
0.0102116
-0.023876
0.0105571
-0.0268454
0.0107032
-0.0297199
0.0106491
-0.0324443
0.0104025
-0.034976
0.0099774
-0.037286
0.00939153
-0.0393575
0.00866487
-0.0411843
0.00781784
-0.0427684
0.00687023
-0.0441174
0.00584052
-0.0452422
0.00474561
-0.0461554
0.00360081
-0.046869
0.00241994
-0.0473938
0.0012157
-0.0477386
-0.0479094
0.000199204
-0.000519903
0.000421499
-0.0006273
0.000689051
-0.000852156
0.00102194
-0.00121366
0.00143666
-0.00173823
0.00194426
-0.00245671
0.00254842
-0.00340057
0.00324392
-0.00459757
0.0040158
-0.00606725
0.00483973
-0.00781694
0.00568357
-0.00983893
0.00651006
-0.0121094
0.00728028
-0.0145896
0.00795712
-0.0172283
0.00850821
-0.0199658
0.00890829
-0.0227387
0.00914058
-0.0254845
0.00919704
-0.0281458
0.00907771
-0.0306736
0.00878935
-0.0330291
0.00834382
-0.0351843
0.00775638
-0.0371211
0.0070442
-0.0388299
0.00622513
-0.0403082
0.00531688
-0.0415582
0.00433645
-0.042585
0.00329987
-0.0433953
0.00222224
-0.043996
0.00111774
-0.0443928
-0.04459
0.00013742
-0.000355806
0.000292198
-0.000432871
0.000481286
-0.00059516
0.000720623
-0.000858446
0.00102417
-0.00124496
0.00140257
-0.00178155
0.00186163
-0.00249714
0.0024008
-0.00341947
0.0030121
-0.00457152
0.00367978
-0.00596799
0.00438094
-0.00761232
0.00508706
-0.00949485
0.00576635
-0.0115924
0.00638655
-0.0138694
0.00691748
-0.0162806
0.00733331
-0.0187739
0.00761423
-0.0212944
0.00774736
-0.0237878
0.00772688
-0.0262044
0.00755345
-0.0285005
0.00723319
-0.0306406
0.00677645
-0.0325977
0.00619648
-0.0343525
0.00550838
-0.035893
0.00472808
-0.0372125
0.00387179
-0.0383088
0.00295547
-0.039182
0.00199471
-0.039834
0.00100463
-0.0402671
-0.040483
9.30972e-05
-0.000239278
0.000198898
-0.000293451
0.00033001
-0.000408173
0.000498671
-0.00059591
0.000716189
-0.000874574
0.00099203
-0.00126643
0.00133264
-0.00179645
0.00174016
-0.00249006
0.00221134
-0.00337044
0.00273686
-0.00445565
0.00330133
-0.00575591
0.00388399
-0.00727144
0.00446021
-0.0089913
0.00500342
-0.0108934
0.00548728
-0.0129457
0.00588761
-0.0151083
0.0061841
-0.017336
0.0063615
-0.0195812
0.0064102
-0.0217974
0.00632629
-0.0239408
0.00611106
-0.025973
0.00577028
-0.0278614
0.00531324
-0.02958
0.00475181
-0.0311093
0.00409956
-0.0324351
0.00337113
-0.033548
0.00258166
-0.0344422
0.00174644
-0.0351145
0.000880809
-0.0355632
-0.0357876
6.19492e-05
-0.000158145
0.000132965
-0.000195466
0.000222177
-0.000274926
0.000338708
-0.000406042
0.00049137
-0.000602719
0.000688078
-0.000882664
0.000934997
-0.00126639
0.00123554
-0.00177577
0.00158935
-0.00243209
0.00199161
-0.00325388
0.0024326
-0.00425457
0.00289799
-0.00544047
0.00336957
-0.00680926
0.00382651
-0.00834932
0.00424706
-0.01004
0.00461004
-0.0118525
0.00489643
-0.0137519
0.00509057
-0.0156992
0.00518105
-0.0176533
0.00516105
-0.019574
0.00502834
-0.0214232
0.00478494
-0.0231669
0.00443653
-0.0247756
0.00399176
-0.0262248
0.00346156
-0.0274952
0.00285851
-0.0285719
0.00219628
-0.029444
0.00148924
-0.0301037
0.000752147
-0.030546
-0.0307679
4.04987e-05
-0.000102741
8.73152e-05
-0.000127949
0.000146897
-0.000181897
0.000225856
-0.000271625
0.000330831
-0.000407572
0.000468125
-0.000603314
0.000643122
-0.000875018
0.000859538
-0.00124055
0.00111861
-0.0017182
0.00141838
-0.00232507
0.00175321
-0.00307527
0.00211369
-0.00397815
0.00248696
-0.00503678
0.00285744
-0.00624692
0.00320798
-0.00759671
0.00352103
-0.009067
0.00377996
-0.0106323
0.00397011
-0.012262
0.00407978
-0.0139224
0.00410075
-0.0155784
0.00402862
-0.0171953
0.00386268
-0.0187401
0.0036057
-0.0201828
0.0032635
-0.0214972
0.00284438
-0.022661
0.00235865
-0.023656
0.00181813
-0.0244677
0.0012357
-0.0250854
0.000624976
-0.0255012
-0.0257103
2.60165e-05
-6.56224e-05
5.63356e-05
-8.23216e-05
9.54036e-05
-0.000118239
0.000147889
-0.000178431
0.000218638
-0.000270503
0.000312469
-0.000404523
0.000433789
-0.000592772
0.000586061
-0.000849241
0.000771189
-0.00118882
0.000988903
-0.0016262
0.00123628
-0.00217452
0.00150749
-0.00284397
0.00179385
-0.00364044
0.00208418
-0.00456441
0.00236553
-0.00561028
0.00262404
-0.00676634
0.00284592
-0.008015
0.00301839
-0.00933369
0.00313052
-0.0106959
0.00317392
-0.0120728
0.00314308
-0.0134343
0.00303564
-0.0147508
0.00285224
-0.0159941
0.00259638
-0.0171383
0.00227406
-0.0181606
0.00189338
-0.0190414
0.00146412
-0.0197647
0.000997363
-0.020318
0.000505123
-0.0206919
-0.0208803
1.64272e-05
-4.12162e-05
3.57209e-05
-5.2071e-05
6.08781e-05
-7.55291e-05
9.5114e-05
-0.000115129
0.000141867
-0.000176252
0.000204689
-0.000266147
0.000287008
-0.000393839
0.000391765
-0.00056988
0.000520971
-0.000805868
0.00067522
-0.00111373
0.000853271
-0.00150478
0.00105174
-0.00198864
0.00126503
-0.00257217
0.00148543
-0.00325842
0.00170355
-0.00404589
0.00190888
-0.00492818
0.00209054
-0.00589396
0.00223795
-0.00692731
0.00234163
-0.00800843
0.00239377
-0.00911457
0.00238869
-0.0102211
0.00232318
-0.0113029
0.00219654
-0.0123348
0.00201054
-0.0132932
0.00176927
-0.0141566
0.00147884
-0.0149058
0.00114706
-0.0155247
0.000783102
-0.0160003
0.000397133
-0.0163228
-0.0164857
1.01976e-05
-2.54617e-05
2.22648e-05
-3.23874e-05
3.8178e-05
-4.74233e-05
6.01e-05
-7.2982e-05
9.04052e-05
-0.000112775
0.000131629
-0.000171875
0.000186327
-0.000256718
0.000256839
-0.000374998
0.000344979
-0.000535408
0.000451682
-0.000747193
0.000576657
-0.00101953
0.000718108
-0.00136074
0.000872582
-0.00177746
0.00103497
-0.00227379
0.00119871
-0.00285061
0.00135614
-0.00350504
0.001499
-0.0042303
0.00161897
-0.00501571
0.00170824
-0.00584708
0.00176005
-0.00670729
0.00176916
-0.00757704
0.00173213
-0.00843578
0.00164752
-0.00926259
0.00151597
-0.010037
0.00134009
-0.0107398
0.0011243
-0.0113537
0.000874616
-0.0118635
0.000598359
-0.0122569
0.00030383
-0.0125245
-0.0126598
6.22524e-06
-1.54743e-05
1.36453e-05
-1.98134e-05
2.35363e-05
-2.92752e-05
3.73203e-05
-4.5466e-05
5.65964e-05
-7.08824e-05
8.31217e-05
-0.000108982
0.000118732
-0.000164228
0.000165196
-0.000242062
0.000224008
-0.000348779
0.000296136
-0.000491267
0.000381763
-0.000676611
0.000480054
-0.000911558
0.000588987
-0.0012019
0.000705303
-0.00155183
0.000824573
-0.00196333
0.000941401
-0.00243567
0.00104975
-0.00296516
0.00114334
-0.003545
0.00121603
-0.00416542
0.00126231
-0.00481403
0.00127766
-0.0054763
0.00125886
-0.00613621
0.00120421
-0.00677698
0.00111363
-0.00738178
0.000988664
-0.00793442
0.000832419
-0.00841994
0.000649367
-0.00882516
0.00044515
-0.00913909
0.000226309
-0.0093532
-0.00946171
3.73817e-06
-9.25416e-06
8.22494e-06
-1.19247e-05
1.42677e-05
-1.77726e-05
2.27814e-05
-2.78432e-05
3.48174e-05
-4.37765e-05
5.15607e-05
-6.78725e-05
7.4288e-05
-0.000103145
0.00010428
-0.000153335
0.000142689
-0.000222862
0.00019037
-0.00031668
0.000247689
-0.000440039
0.000314348
-0.00059813
0.000389235
-0.000795664
0.000470345
-0.00103638
0.000554789
-0.00132258
0.00063889
-0.00165469
0.000718388
-0.00203095
0.000788695
-0.00244729
0.000845205
-0.00289723
0.000883621
-0.00337214
0.000900269
-0.00386146
0.000892373
-0.00435317
0.00085826
-0.00483437
0.000797491
-0.00529177
0.000710903
-0.00571235
0.000600583
-0.00608386
0.000469759
-0.00639532
0.000322642
-0.00663747
0.000164216
-0.00680306
-0.0068871
2.20863e-06
-5.44722e-06
4.87737e-06
-7.06233e-06
8.50707e-06
-1.06135e-05
1.36744e-05
-1.67662e-05
2.10547e-05
-2.65738e-05
3.14272e-05
-4.15308e-05
4.56537e-05
-6.36224e-05
6.46288e-05
-9.53539e-05
8.91971e-05
-0.000139739
0.000120043
-0.00020023
0.000157561
-0.000280578
0.000201724
-0.00038461
0.000251964
-0.000515946
0.000307098
-0.000677658
0.000365298
-0.000871908
0.000424136
-0.00109961
0.000480697
-0.00136017
0.000531749
-0.00165125
0.00057395
-0.00196878
0.000604087
-0.0023069
0.00061932
-0.00265821
0.000617401
-0.00301403
0.000596855
-0.00336474
0.000557109
-0.0037003
0.000498553
-0.00401064
0.000422541
-0.00428614
0.000331335
-0.00451807
0.000227983
-0.00469897
0.000116164
-0.00482297
-0.004886
1.28429e-06
-3.15668e-06
2.84618e-06
-4.11694e-06
4.99047e-06
-6.23649e-06
8.07328e-06
-9.93029e-06
1.25194e-05
-1.58604e-05
1.88286e-05
-2.49765e-05
2.75672e-05
-3.8556e-05
3.93399e-05
-5.8235e-05
5.47408e-05
-8.60148e-05
7.42832e-05
-0.000124232
9.83141e-05
-0.000175479
0.000126922
-0.000242476
0.000159847
-0.000327881
0.000196419
-0.00043406
0.000235518
-0.000562837
0.000275587
-0.000715231
0.000314689
-0.00089123
0.000350616
-0.00108963
0.000381024
-0.00130792
0.000403597
-0.00154231
0.00041623
-0.00178774
0.000417191
-0.00203812
0.000405276
-0.00228658
0.000379914
-0.00252574
0.000341236
-0.00274811
0.000290093
-0.00294643
0.000228022
-0.00311403
0.000157166
-0.00324515
8.0164e-05
-0.00333522
-0.00338106
7.35191e-07
-1.80142e-06
1.63486e-06
-2.36285e-06
2.88111e-06
-3.60674e-06
4.68963e-06
-5.78663e-06
7.32196e-06
-9.31021e-06
1.10916e-05
-1.4768e-05
1.63613e-05
-2.2964e-05
2.3528e-05
-3.49416e-05
3.29946e-05
-5.19968e-05
4.51273e-05
-7.56682e-05
6.02003e-05
-0.000107697
7.83336e-05
-0.000149951
9.94316e-05
-0.000204306
0.00012313
-0.000272502
0.000148764
-0.000355959
0.000175362
-0.000455602
0.000201672
-0.000571682
0.00022623
-0.000703639
0.00024744
-0.000850007
0.00026369
-0.00100837
0.000273473
-0.00117541
0.000275515
-0.00134698
0.000268884
-0.00151829
0.000253085
-0.00168412
0.000228115
-0.00183907
0.000194487
-0.00197786
0.00015322
-0.00209556
0.000105781
-0.00218791
5.40078e-05
-0.00225147
-0.00228387
4.14429e-07
-1.01259e-06
9.24617e-07
-1.33551e-06
1.63741e-06
-2.05353e-06
2.68102e-06
-3.3186e-06
4.21328e-06
-5.37679e-06
6.42662e-06
-8.58788e-06
9.54779e-06
-1.34471e-05
1.38306e-05
-2.06052e-05
1.95397e-05
-3.08817e-05
2.69255e-05
-4.52643e-05
3.61899e-05
-6.48906e-05
4.74457e-05
-9.10046e-05
6.06748e-05
-0.000124887
7.56901e-05
-0.000167761
9.21082e-05
-0.000220677
0.000109339
-0.000284384
0.000126595
-0.000359206
0.00014293
-0.000444933
0.000157289
-0.000540743
0.000168583
-0.000645155
0.00017577
-0.000756034
0.000177946
-0.000870641
0.000174425
-0.00098574
0.000164811
-0.00109774
0.000149043
-0.00120288
0.000127421
-0.00129743
0.0001006
-0.00137789
6.95609e-05
-0.00144117
3.55484e-05
-0.00148481
-0.00150708
2.30108e-07
-5.60784e-07
5.1502e-07
-7.4356e-07
9.16346e-07
-1.15138e-06
1.5089e-06
-1.87359e-06
2.38613e-06
-3.05591e-06
3.66369e-06
-4.91324e-06
5.4802e-06
-7.74442e-06
7.99384e-06
-1.19467e-05
1.13737e-05
-1.80267e-05
1.57849e-05
-2.66035e-05
2.13683e-05
-3.84015e-05
2.82149e-05
-5.42265e-05
3.63383e-05
-7.4926e-05
4.56485e-05
-0.00010133
5.59312e-05
-0.000134179
6.68368e-05
-0.000174038
7.78828e-05
-0.00022121
8.84725e-05
-0.000275658
9.79273e-05
-0.000336943
0.000105531
-0.000404181
0.000110587
-0.000476038
0.000112474
-0.000550752
0.000110707
-0.000626193
0.000104988
-0.000699963
9.52426e-05
-0.000769517
8.16377e-05
-0.000832296
6.45859e-05
-0.000885882
4.4724e-05
-0.000928135
2.28761e-05
-0.000957324
-0.000972232
1.25881e-07
-3.06064e-07
2.82609e-07
-4.07904e-07
5.05108e-07
-6.35889e-07
8.36275e-07
-1.04162e-06
1.33039e-06
-1.7098e-06
2.05562e-06
-2.76636e-06
3.09489e-06
-4.38811e-06
4.54451e-06
-6.81262e-06
6.50962e-06
-1.03463e-05
9.09587e-06
-1.53688e-05
1.23973e-05
-2.23299e-05
1.64811e-05
-3.17387e-05
2.13696e-05
-4.41397e-05
2.70234e-05
-6.00792e-05
3.33263e-05
-8.00586e-05
4.00765e-05
-0.000104481
4.6985e-05
-0.000133593
5.36849e-05
-0.000167429
5.97503e-05
-0.000205768
6.47235e-05
-0.000248099
6.81498e-05
-0.000293607
6.96167e-05
-0.000341187
6.87938e-05
-0.000389475
6.54672e-05
-0.000436911
5.95673e-05
-0.000481817
5.11847e-05
-0.00052249
4.05722e-05
-0.000557308
2.81344e-05
-0.000584825
1.44027e-05
-0.000603865
-0.000613598
6.78657e-08
-1.64661e-07
1.52814e-07
-2.20537e-07
2.74317e-07
-3.46027e-07
4.56549e-07
-5.7041e-07
7.3048e-07
-9.42039e-07
1.13551e-06
-1.53336e-06
1.72025e-06
-2.44703e-06
2.54207e-06
-3.82232e-06
3.66475e-06
-5.84086e-06
5.15397e-06
-8.73023e-06
7.07036e-06
-1.27638e-05
9.46032e-06
-1.8255e-05
1.23452e-05
-2.55451e-05
1.57102e-05
-3.49827e-05
1.94945e-05
-4.68964e-05
2.35842e-05
-6.1561e-05
2.78101e-05
-7.91605e-05
3.19518e-05
-9.97505e-05
3.57485e-05
-0.000123227
3.89144e-05
-0.000149302
4.11613e-05
-0.000177493
4.22225e-05
-0.00020712
4.18798e-05
-0.000237332
3.99863e-05
-0.000267138
3.64859e-05
-0.000295462
3.1425e-05
-0.000321201
2.49554e-05
-0.000343294
1.7328e-05
-0.000360791
8.87774e-06
-0.000372917
-0.000379122
3.60676e-08
-8.7345e-08
8.14463e-08
-1.17544e-07
1.46819e-07
-1.85575e-07
2.45583e-07
-3.07771e-07
3.951e-07
-5.11258e-07
6.17726e-07
-8.36983e-07
9.41411e-07
-1.34344e-06
1.3996e-06
-2.11076e-06
2.03012e-06
-3.24447e-06
2.87276e-06
-4.87826e-06
3.96536e-06
-7.1746e-06
5.33852e-06
-1.03223e-05
7.0091e-06
-1.45297e-05
8.97337e-06
-2.00136e-05
1.12005e-05
-2.69829e-05
1.36278e-05
-3.5618e-05
1.61583e-05
-4.60477e-05
1.86626e-05
-5.83252e-05
2.09843e-05
-7.24069e-05
2.29496e-05
-8.81354e-05
2.43798e-05
-0.000105229
2.51075e-05
-0.000123283
2.49924e-05
-0.000141775
2.39373e-05
-0.000160094
2.19007e-05
-0.000177564
1.89049e-05
-0.000193488
1.50391e-05
-0.000207191
1.04557e-05
-0.000218065
5.3609e-06
-0.000225612
-0.000229478
1.89004e-08
-4.5694e-08
4.27981e-08
-6.17759e-08
7.74622e-08
-9.81123e-08
1.30197e-07
-1.63663e-07
2.10573e-07
-2.73392e-07
3.31049e-07
-4.50043e-07
5.07394e-07
-7.26368e-07
7.58723e-07
-1.14762e-06
1.10699e-06
-1.77395e-06
1.57571e-06
-2.68237e-06
2.18786e-06
-3.96746e-06
2.96283e-06
-5.74042e-06
3.91267e-06
-8.12571e-06
5.03792e-06
-1.12547e-05
6.32359e-06
-1.52565e-05
7.73589e-06
-2.02458e-05
9.22053e-06
-2.63085e-05
1.0703e-05
-3.34872e-05
1.20916e-05
-4.17668e-05
1.32829e-05
-5.10637e-05
1.41688e-05
-6.12182e-05
1.46466e-05
-7.19923e-05
1.46289e-05
-8.30752e-05
1.40531e-05
-9.40958e-05
1.28904e-05
-0.000104641
1.11507e-05
-0.000114281
8.88533e-06
-0.000122597
6.1848e-06
-0.000129208
3.17338e-06
-0.000133803
-0.000136158
9.76835e-09
-2.35808e-08
2.21786e-08
-3.20219e-08
4.02986e-08
-5.11487e-08
6.80484e-08
-8.57978e-08
1.10616e-07
-1.44089e-07
1.74827e-07
-2.38446e-07
2.69416e-07
-3.8689e-07
4.05103e-07
-6.14528e-07
5.94365e-07
-9.55038e-07
8.50803e-07
-1.45192e-06
1.188e-06
-2.15916e-06
1.61784e-06
-3.14094e-06
2.14836e-06
-4.46993e-06
2.78135e-06
-6.22395e-06
3.50981e-06
-8.48077e-06
4.31597e-06
-1.13111e-05
5.16999e-06
-1.477e-05
6.02988e-06
-1.88884e-05
6.843e-06
-2.36635e-05
7.54898e-06
-2.90523e-05
8.08406e-06
-3.49659e-05
8.38665e-06
-4.12676e-05
8.40348e-06
-4.77761e-05
8.09566e-06
-5.42711e-05
7.44393e-06
-6.05059e-05
6.45231e-06
-6.62211e-05
5.1496e-06
-7.11623e-05
3.58856e-06
-7.50978e-05
1.84253e-06
-7.78364e-05
-7.92412e-05
4.98054e-09
-1.20071e-08
1.13373e-08
-1.63753e-08
2.06773e-08
-2.63004e-08
3.5072e-08
-4.43526e-08
5.72888e-08
-7.48682e-08
9.10055e-08
-1.24523e-07
1.40977e-07
-2.0307e-07
2.13102e-07
-3.24201e-07
3.14339e-07
-5.06437e-07
4.52385e-07
-7.73908e-07
6.35079e-07
-1.15685e-06
8.69498e-07
-1.69156e-06
1.16075e-06
-2.41961e-06
1.51059e-06
-3.38609e-06
1.91594e-06
-4.63672e-06
2.36767e-06
-6.21392e-06
2.84969e-06
-8.15198e-06
3.33879e-06
-1.04716e-05
3.80533e-06
-1.31746e-05
4.21486e-06
-1.62395e-05
4.53047e-06
-1.96178e-05
4.7161e-06
-2.32328e-05
4.74006e-06
-2.69805e-05
4.57878e-06
-3.07333e-05
4.21995e-06
-3.43465e-05
3.66482e-06
-3.76671e-05
2.92931e-06
-4.05441e-05
2.04354e-06
-4.28395e-05
1.04994e-06
-4.44387e-05
-4.52597e-05
2.50578e-09
-6.03394e-09
5.71815e-09
-8.26318e-09
1.04667e-08
-1.33418e-08
1.78297e-08
-2.26148e-08
2.92604e-08
-3.83621e-08
4.67084e-08
-6.41144e-08
7.27182e-08
-1.05065e-07
1.10481e-07
-1.68558e-07
1.63802e-07
-2.64604e-07
2.36951e-07
-4.06354e-07
3.34356e-07
-6.10432e-07
4.60117e-07
-8.96985e-07
6.17352e-07
-1.28932e-06
8.07415e-07
-1.81302e-06
1.02906e-06
-2.49437e-06
1.27769e-06
-3.35821e-06
1.5448e-06
-4.42517e-06
1.81779e-06
-5.70856e-06
2.0803e-06
-7.2112e-06
2.31304e-06
-8.92266e-06
2.4951e-06
-1.08171e-05
2.60578e-06
-1.28523e-05
2.62669e-06
-1.49697e-05
2.54385e-06
-1.70968e-05
2.34968e-06
-1.91506e-05
2.04432e-06
-2.10428e-05
1.63639e-06
-2.26855e-05
1.14276e-06
-2.39982e-05
5.87495e-07
-2.49138e-05
-2.53841e-05
1.24429e-09
-2.99326e-09
2.84629e-09
-4.11553e-09
5.22818e-09
-6.67882e-09
8.9429e-09
-1.13765e-08
1.47422e-08
-1.93893e-08
2.36433e-08
-3.2556e-08
3.69859e-08
-5.35987e-08
5.64662e-08
-8.63928e-08
8.41295e-08
-1.3626e-07
1.22299e-07
-2.10248e-07
1.73423e-07
-3.17334e-07
2.39821e-07
-4.68498e-07
3.23331e-07
-6.76565e-07
4.24886e-07
-9.55752e-07
5.44039e-07
-1.32086e-06
6.78527e-07
-1.7861e-06
8.23936e-07
-2.36356e-06
9.73557e-07
-3.06144e-06
1.11852e-06
-3.88224e-06
1.24822e-06
-4.8211e-06
1.35104e-06
-5.86451e-06
1.41535e-06
-6.98958e-06
1.43069e-06
-8.1641e-06
1.38897e-06
-9.34762e-06
1.28566e-06
-1.04935e-05
1.12053e-06
-1.15515e-05
8.98165e-07
-1.24719e-05
6.27844e-07
-1.32085e-05
3.22969e-07
-1.37228e-05
-1.39872e-05
6.09979e-10
-1.4661e-09
1.39857e-09
-2.02359e-09
2.5776e-09
-3.30004e-09
4.42662e-09
-5.64773e-09
7.32873e-09
-9.66919e-09
1.18066e-08
-1.63077e-08
1.85544e-08
-2.69683e-08
2.84592e-08
-4.36642e-08
4.2601e-08
-6.91795e-08
6.22215e-08
-1.07227e-07
8.86473e-08
-1.62576e-07
1.23161e-07
-2.41103e-07
1.66816e-07
-3.49736e-07
2.20208e-07
-4.96231e-07
2.83214e-07
-6.88755e-07
3.54746e-07
-9.35257e-07
4.32554e-07
-1.24265e-06
5.13125e-07
-1.61581e-06
5.91734e-07
-2.05658e-06
6.62664e-07
-2.56281e-06
7.19577e-07
-3.12755e-06
7.56064e-07
-3.73864e-06
7.66291e-07
-4.37865e-06
7.45696e-07
-5.02544e-06
6.91619e-07
-5.65324e-06
6.03794e-07
-6.23424e-06
4.84606e-07
-6.74054e-06
3.39073e-07
-7.14632e-06
1.74522e-07
-7.42994e-06
-7.57583e-06
2.95272e-10
-7.09181e-10
6.78525e-10
-9.82502e-10
1.25461e-09
-1.60981e-09
2.16287e-09
-2.76755e-09
3.59574e-09
-4.75878e-09
5.81778e-09
-8.06039e-09
9.18322e-09
-1.33867e-08
1.41485e-08
-2.17679e-08
2.12746e-08
-3.46376e-08
3.12133e-08
-5.39213e-08
4.46704e-08
-8.21095e-08
6.23402e-08
-1.22296e-07
8.4811e-08
-1.78157e-07
1.12443e-07
-2.53847e-07
1.45229e-07
-3.53785e-07
1.82659e-07
-4.8233e-07
2.23604e-07
-6.43339e-07
2.66258e-07
-8.39638e-07
3.08146e-07
-1.07245e-06
3.46238e-07
-1.34087e-06
3.7714e-07
-1.6414e-06
3.97385e-07
-1.96769e-06
4.03786e-07
-2.31047e-06
3.93814e-07
-2.65784e-06
3.65958e-07
-2.99583e-06
3.19995e-07
-3.30928e-06
2.5715e-07
-3.58291e-06
1.80087e-07
-3.8025e-06
9.27414e-08
-3.95614e-06
-4.03522e-06
1.41169e-10
-3.38856e-10
3.25107e-10
-4.71147e-10
6.03019e-10
-7.75469e-10
1.04341e-09
-1.33898e-09
1.74159e-09
-2.31199e-09
2.82955e-09
-3.93215e-09
4.48531e-09
-6.55743e-09
6.94014e-09
-1.07071e-08
1.04808e-08
-1.71082e-08
1.54437e-08
-2.67438e-08
2.21974e-08
-4.08942e-08
3.11108e-08
-6.1161e-08
4.25043e-08
-8.94626e-08
5.65869e-08
-1.27984e-07
7.33835e-08
-1.79075e-07
9.26601e-08
-2.45077e-07
1.13861e-07
-3.28099e-07
1.36071e-07
-4.29731e-07
1.58017e-07
-5.50738e-07
1.78118e-07
-6.90765e-07
1.94591e-07
-8.48087e-07
2.05591e-07
-1.01944e-06
2.09411e-07
-1.19997e-06
2.04677e-07
-1.38341e-06
1.90549e-07
-1.56231e-06
1.66871e-07
-1.72855e-06
1.34259e-07
-1.87391e-06
9.41046e-08
-1.99071e-06
4.84874e-08
-2.07251e-06
-2.11464e-06
6.66744e-11
-1.59966e-10
1.53872e-10
-2.23194e-10
2.86272e-10
-3.68966e-10
4.97107e-10
-6.39755e-10
8.32929e-10
-1.10908e-09
1.35866e-09
-1.89375e-09
2.16248e-09
-3.17061e-09
3.35981e-09
-5.19759e-09
5.09492e-09
-8.3381e-09
7.53868e-09
-1.30864e-08
1.08804e-08
-2.00904e-08
1.53121e-08
-3.01663e-08
2.10047e-08
-4.42986e-08
2.80755e-08
-6.3618e-08
3.65507e-08
-8.93502e-08
4.6326e-08
-1.22732e-07
5.71321e-08
-1.64891e-07
6.85128e-08
-2.16701e-07
7.9823e-08
-2.78619e-07
9.02533e-08
-3.50521e-07
9.88794e-08
-4.31568e-07
1.0474e-07
-5.20112e-07
1.06934e-07
-6.13664e-07
1.04731e-07
-7.08956e-07
9.76735e-08
-8.02097e-07
8.56607e-08
-8.8881e-07
6.89985e-08
-9.6475e-07
4.84023e-08
-1.02585e-06
2.49517e-08
-1.06868e-06
-1.09074e-06
3.11156e-11
-7.46255e-11
7.19548e-11
-1.04473e-10
1.3426e-10
-1.73434e-10
2.33943e-10
-3.01932e-10
3.93435e-10
-5.25452e-10
6.44228e-10
-9.00618e-10
1.02939e-09
-1.51359e-09
1.60568e-09
-2.49072e-09
2.4446e-09
-4.01099e-09
3.63157e-09
-6.3193e-09
5.26219e-09
-9.73863e-09
7.43476e-09
-1.46785e-08
1.02385e-08
-2.16362e-08
1.37373e-08
-3.11872e-08
1.79509e-08
-4.39604e-08
2.2834e-08
-6.05967e-08
2.82582e-08
-8.16887e-08
3.39996e-08
-1.07706e-07
3.97364e-08
-1.38909e-07
4.50605e-08
-1.75264e-07
4.95013e-08
-2.16374e-07
5.25652e-08
-2.61416e-07
5.37859e-08
-3.09132e-07
5.27813e-08
-3.57852e-07
4.93074e-08
-4.05572e-07
4.33034e-08
-4.5008e-07
3.49185e-08
-4.89117e-07
2.45145e-08
-5.20562e-07
1.26434e-08
-5.42621e-07
-5.53993e-07
1.43506e-11
-3.44093e-11
3.32516e-11
-4.83289e-11
6.22198e-11
-8.05559e-11
1.08775e-10
-1.40785e-10
1.83586e-10
-2.45918e-10
3.01723e-10
-4.23043e-10
4.83929e-10
-7.13572e-10
7.57723e-10
-1.17854e-09
1.15803e-09
-1.90489e-09
1.72689e-09
-3.01222e-09
2.51183e-09
-4.65918e-09
3.5623e-09
-7.04817e-09
4.92399e-09
-1.04266e-08
6.63091e-09
-1.50826e-08
8.69575e-09
-2.13338e-08
1.10995e-08
-2.95066e-08
1.37819e-08
-3.99066e-08
1.66348e-08
-5.27806e-08
1.95e-08
-6.82732e-08
2.21749e-08
-8.63821e-08
2.44236e-08
-1.0692e-07
2.59969e-08
-1.29485e-07
2.66575e-08
-1.53451e-07
2.62087e-08
-1.77977e-07
2.45232e-08
-2.02048e-07
2.15659e-08
-2.24538e-07
1.74083e-08
-2.44291e-07
1.22307e-08
-2.6022e-07
6.31088e-09
-2.71404e-07
-2.77173e-07
6.54255e-12
-1.56847e-11
1.51884e-11
-2.20991e-11
2.8498e-11
-3.69798e-11
4.99805e-11
-6.48703e-11
8.46451e-11
-1.13719e-10
1.39609e-10
-1.96315e-10
2.24728e-10
-3.32301e-10
3.53161e-10
-5.5077e-10
5.41721e-10
-8.93369e-10
8.10804e-10
-1.4177e-09
1.18367e-09
-2.20059e-09
1.68479e-09
-3.34061e-09
2.33714e-09
-4.959e-09
3.15839e-09
-7.19792e-09
4.1561e-09
-1.02151e-08
5.32258e-09
-1.41742e-08
6.62999e-09
-1.923e-08
8.02678e-09
-2.55098e-08
9.43647e-09
-3.30914e-08
1.07598e-08
-4.19805e-08
1.18805e-08
-5.2091e-08
1.26746e-08
-6.3229e-08
1.30233e-08
-7.50869e-08
1.28271e-08
-8.72485e-08
1.20207e-08
-9.92075e-08
1.05847e-08
-1.10399e-07
8.55267e-09
-1.20243e-07
6.01329e-09
-1.28189e-07
3.10413e-09
-1.33773e-07
-1.36654e-07
2.94912e-12
-7.06931e-12
6.85873e-12
-9.9907e-12
1.2903e-11
-1.67813e-11
2.26995e-11
-2.95439e-11
3.85702e-11
-5.19696e-11
6.38338e-11
-9.00205e-11
1.03112e-10
-1.52893e-10
1.62611e-10
-2.54273e-10
2.50314e-10
-4.13846e-10
3.75974e-10
-6.58976e-10
5.50805e-10
-1.02635e-09
7.8673e-10
-1.56331e-09
1.09511e-09
-2.3284e-09
1.48491e-09
-3.3907e-09
1.96042e-09
-4.8274e-09
2.51864e-09
-6.71916e-09
3.14693e-09
-9.14316e-09
3.82105e-09
-1.21638e-08
4.50454e-09
-1.5822e-08
5.14952e-09
-2.01236e-08
5.69947e-09
-2.50297e-08
6.09372e-09
-3.04482e-08
6.27363e-09
-3.62303e-08
6.18982e-09
-4.21728e-08
5.8093e-09
-4.80271e-08
5.12156e-09
-5.35144e-08
4.14234e-09
-5.8347e-08
2.91446e-09
-6.22523e-08
1.50511e-09
-6.49984e-08
-6.6416e-08
1.31447e-12
-3.15066e-12
3.06239e-12
-4.46603e-12
5.77612e-12
-7.52932e-12
1.01919e-11
-1.3302e-11
1.73733e-11
-2.34762e-11
2.88476e-11
-4.07983e-11
4.67548e-11
-6.95194e-11
7.39839e-11
-1.15994e-10
1.14274e-10
-1.89407e-10
1.72224e-10
-3.02585e-10
2.53163e-10
-4.72814e-10
3.62813e-10
-7.22511e-10
5.06697e-10
-1.07955e-09
6.89283e-10
-1.57703e-09
9.12883e-10
-2.25214e-09
1.17642e-09
-3.14407e-09
1.4742e-09
-4.29064e-09
1.79503e-09
-5.7239e-09
2.12172e-09
-7.46481e-09
2.43154e-09
-9.51771e-09
2.6974e-09
-1.18652e-08
2.89003e-09
-1.44642e-08
2.98096e-09
-1.72438e-08
2.94602e-09
-2.01062e-08
2.76885e-09
-2.2931e-08
2.44394e-09
-2.55829e-08
1.9785e-09
-2.79212e-08
1.39295e-09
-2.98127e-08
7.1965e-10
-3.11437e-08
-3.1831e-08
5.79469e-13
-1.38874e-12
1.3526e-12
-1.97439e-12
2.55723e-12
-3.34044e-12
4.52477e-12
-5.92186e-12
7.73693e-12
-1.04849e-11
1.28882e-11
-1.8279e-11
2.09559e-11
-3.12444e-11
3.32681e-11
-5.22962e-11
5.15538e-11
-8.56647e-11
7.79518e-11
-1.37284e-10
1.14959e-10
-2.15192e-10
1.65281e-10
-3.29861e-10
2.31562e-10
-4.94384e-10
3.15986e-10
-7.24388e-10
4.19761e-10
-1.03755e-09
5.42528e-10
-1.45261e-09
6.81781e-10
-1.98783e-09
8.32393e-10
-2.65887e-09
9.86396e-10
-3.47628e-09
1.13313e-09
-4.44277e-09
1.25979e-09
-5.55075e-09
1.35248e-09
-6.78028e-09
1.39756e-09
-8.09805e-09
1.38337e-09
-9.45768e-09
1.30196e-09
-1.08018e-08
1.15048e-09
-1.20653e-08
9.32201e-10
-1.31808e-08
6.56733e-10
-1.40841e-08
3.39423e-10
-1.472e-08
-1.50486e-08
2.52661e-13
-6.05446e-13
5.90763e-13
-8.63191e-13
1.1197e-12
-1.46571e-12
1.9869e-12
-2.6072e-12
3.40728e-12
-4.63056e-12
5.6932e-12
-8.0972e-12
9.286e-12
-1.3883e-11
1.47886e-11
-2.33077e-11
2.29889e-11
-3.82955e-11
3.48697e-11
-6.1558e-11
5.15855e-11
-9.67838e-11
7.43962e-11
-1.48801e-10
1.04549e-10
-2.23679e-10
1.43094e-10
-3.28694e-10
1.90643e-10
-4.72129e-10
2.47097e-10
-6.62821e-10
3.11364e-10
-9.09452e-10
3.81132e-10
-1.21956e-09
4.52752e-10
-1.59834e-09
5.21293e-10
-2.04736e-09
5.80794e-10
-2.56336e-09
6.2473e-10
-3.13725e-09
6.46673e-10
-3.75357e-09
6.41091e-10
-4.39065e-09
6.04153e-10
-5.02145e-09
5.34441e-10
-5.61529e-09
4.33414e-10
-6.14016e-09
3.05526e-10
-6.56553e-09
1.57965e-10
-6.86523e-09
-7.02014e-09
1.09129e-13
-2.60828e-13
2.55161e-13
-3.73117e-13
4.84813e-13
-6.35792e-13
8.62816e-13
-1.13531e-12
1.48398e-12
-2.02267e-12
2.48707e-12
-3.54694e-12
4.06894e-12
-6.09991e-12
6.49995e-12
-1.02711e-11
1.01349e-11
-1.6925e-11
1.54195e-11
-2.72857e-11
2.28796e-11
-4.30247e-11
3.30954e-11
-6.63394e-11
4.66459e-11
-1.00006e-10
6.40267e-11
-1.47369e-10
8.55419e-11
-2.12256e-10
1.11174e-10
-2.98776e-10
1.40455e-10
-4.10997e-10
1.72356e-10
-5.52489e-10
2.05226e-10
-7.25769e-10
2.36815e-10
-9.31691e-10
2.64383e-10
-1.16888e-09
2.84912e-10
-1.43324e-09
2.95412e-10
-1.71771e-09
2.93293e-10
-2.01227e-09
2.76744e-10
-2.30439e-09
2.45067e-10
-2.57975e-09
1.98904e-10
-2.8234e-09
1.40296e-10
-3.02103e-09
7.25627e-11
-3.16037e-09
-3.23241e-09
4.64973e-14
-1.11004e-13
1.092e-13
-1.59497e-13
2.0776e-13
-2.72703e-13
3.70636e-13
-4.89038e-13
6.39353e-13
-8.73747e-13
1.0748e-12
-1.53671e-12
1.76344e-12
-2.65076e-12
2.82514e-12
-4.47611e-12
4.41805e-12
-7.39643e-12
6.74164e-12
-1.19581e-11
1.00324e-11
-1.89086e-11
1.45533e-11
-2.92361e-11
2.05702e-11
-4.41943e-11
2.83132e-11
-6.53002e-11
3.79296e-11
-9.42993e-11
4.94243e-11
-1.33077e-10
6.25986e-11
-1.83511e-10
7.70003e-11
-2.47269e-10
9.18929e-11
-3.25547e-10
1.06262e-10
-4.18793e-10
1.18864e-10
-5.26436e-10
1.28323e-10
-6.46659e-10
1.33266e-10
-7.76268e-10
1.32497e-10
-9.10704e-10
1.25173e-10
-1.04422e-09
1.10957e-10
-1.17024e-09
9.0127e-11
-1.28187e-09
6.36071e-11
-1.37249e-09
3.29096e-11
-1.43642e-09
-1.46948e-09
1.95365e-14
-4.64713e-14
4.58567e-14
-6.74046e-14
8.80417e-14
-1.15657e-13
1.57405e-13
-2.07935e-13
2.72407e-13
-3.73287e-13
4.59582e-13
-6.58912e-13
7.56202e-13
-1.13943e-12
1.2147e-12
-1.92889e-12
1.90473e-12
-3.19665e-12
2.91446e-12
-5.18249e-12
4.34978e-12
-8.21725e-12
6.32775e-12
-1.27392e-11
8.96808e-12
-1.9308e-11
1.2377e-11
-2.86032e-11
1.66237e-11
-4.14102e-11
2.17158e-11
-5.85824e-11
2.75709e-11
-8.09759e-11
3.39922e-11
-1.09357e-10
4.06551e-11
-1.44286e-10
4.71079e-11
-1.85989e-10
5.27944e-11
-2.34234e-10
5.70934e-11
-2.88224e-10
5.93845e-11
-3.46535e-10
5.91226e-11
-4.07115e-10
5.59191e-11
-4.67367e-10
4.96161e-11
-5.24307e-10
4.03323e-11
-5.74794e-10
2.84805e-11
-6.15812e-10
1.47405e-11
-6.44765e-10
-6.59746e-10
8.30829e-15
-1.88572e-14
1.94622e-14
-2.81362e-14
3.68329e-14
-4.83428e-14
6.5992e-14
-8.72929e-14
1.1468e-13
-1.57733e-13
1.93967e-13
-2.79322e-13
3.20417e-13
-4.84395e-13
5.16751e-13
-8.22471e-13
8.12557e-13
-1.36617e-12
1.24635e-12
-2.22129e-12
1.86501e-12
-3.53186e-12
2.72068e-12
-5.48944e-12
3.86634e-12
-8.34161e-12
5.3493e-12
-1.23877e-11
7.20296e-12
-1.79783e-11
9.43206e-12
-2.54938e-11
1.20033e-11
-3.53199e-11
1.48316e-11
-4.78026e-11
1.7776e-11
-6.3202e-11
2.06381e-11
-8.16287e-11
2.3171e-11
-1.02989e-10
2.50996e-11
-1.26938e-10
2.61456e-11
-1.52849e-10
2.60642e-11
-1.79811e-10
2.468e-11
-2.06663e-10
2.19186e-11
-2.32069e-10
1.78308e-11
-2.54619e-10
1.25973e-11
-2.72953e-10
6.5219e-12
-2.85901e-10
-2.92603e-10
3.28057e-15
-7.54315e-15
7.99291e-15
-1.15227e-14
1.49444e-14
-1.98595e-14
2.74932e-14
-3.63784e-14
4.77655e-14
-6.58051e-14
8.10002e-14
-1.17041e-13
1.34389e-13
-2.03886e-13
2.17077e-13
-3.46706e-13
3.42708e-13
-5.77613e-13
5.27548e-13
-9.4185e-13
7.91163e-13
-1.50145e-12
1.15707e-12
-2.33985e-12
1.64845e-12
-3.5642e-12
2.28645e-12
-5.30541e-12
3.08608e-12
-7.71843e-12
4.05104e-12
-1.09699e-11
5.1665e-12
-1.52315e-11
6.3977e-12
-2.06578e-11
7.68353e-12
-2.73674e-11
8.93713e-12
-3.5413e-11
1.00516e-11
-4.47575e-11
1.09056e-11
-5.52542e-11
1.13762e-11
-6.66295e-11
1.13549e-11
-7.84836e-11
1.07637e-11
-9.0306e-11
9.56808e-12
-1.01504e-10
7.78897e-12
-1.11451e-10
5.50559e-12
-1.19546e-10
2.85141e-12
-1.25265e-10
-1.28227e-10
1.26308e-15
-2.98923e-15
2.91724e-15
-4.35796e-15
5.99906e-15
-7.89846e-15
1.12829e-14
-1.51019e-14
1.98159e-14
-2.69019e-14
3.38233e-14
-4.83665e-14
5.56294e-14
-8.45515e-14
8.99853e-14
-1.44147e-13
1.42946e-13
-2.41863e-13
2.20805e-13
-3.9512e-13
3.32161e-13
-6.31497e-13
4.87195e-13
-9.86904e-13
6.95378e-13
-1.50615e-12
9.66812e-13
-2.24754e-12
1.30796e-12
-3.2773e-12
1.72054e-12
-4.66835e-12
2.19906e-12
-6.49545e-12
2.72899e-12
-8.82789e-12
3.28383e-12
-1.17176e-11
3.8262e-12
-1.51894e-11
4.31085e-12
-1.92301e-11
4.68429e-12
-2.37768e-11
4.89316e-12
-2.87115e-11
4.89023e-12
-3.38618e-11
4.64003e-12
-3.90049e-11
4.12823e-12
-4.38816e-11
3.36275e-12
-4.82175e-11
2.37819e-12
-5.17481e-11
1.23197e-12
-5.42445e-11
-5.55373e-11
5.60062e-16
-1.34332e-15
1.04905e-15
-1.72383e-15
2.22523e-15
-3.17243e-15
4.24055e-15
-6.12588e-15
7.74359e-15
-1.08376e-14
1.35392e-14
-1.97711e-14
2.2736e-14
-3.45602e-14
3.745e-14
-5.94339e-14
5.90729e-14
-9.99579e-14
9.1457e-14
-1.63923e-13
1.37894e-13
-2.62775e-13
2.02275e-13
-4.11207e-13
2.89924e-13
-6.29619e-13
4.0446e-13
-9.42016e-13
5.48336e-13
-1.37669e-12
7.229e-13
-1.96504e-12
9.25978e-13
-2.73977e-12
1.15127e-12
-3.73109e-12
1.38772e-12
-4.9616e-12
1.61992e-12
-6.44268e-12
1.82802e-12
-8.17001e-12
1.98921e-12
-1.01167e-11
2.08083e-12
-1.22327e-11
2.08216e-12
-1.44447e-11
1.9775e-12
-1.66558e-11
1.7609e-12
-1.87551e-11
1.43562e-12
-2.06229e-11
1.01602e-12
-2.21448e-11
5.26355e-13
-2.32212e-11
-2.37791e-11
6.12479e-17
-4.73916e-16
1.95641e-16
-5.98939e-16
5.46253e-16
-1.07212e-15
1.57837e-15
-2.40732e-15
3.17706e-15
-4.28244e-15
5.42962e-15
-7.73895e-15
9.32892e-15
-1.38739e-14
1.49547e-14
-2.39335e-14
2.39026e-14
-4.0872e-14
3.7302e-14
-6.74034e-14
5.65188e-14
-1.08231e-13
8.34393e-14
-1.69674e-13
1.19802e-13
-2.60382e-13
1.67404e-13
-3.90663e-13
2.27508e-13
-5.71996e-13
3.00437e-13
-8.18477e-13
3.85694e-13
-1.14323e-12
4.80546e-13
-1.55979e-12
5.80237e-13
-2.07806e-12
6.78493e-13
-2.7031e-12
7.66843e-13
-3.43293e-12
8.35532e-13
-4.25701e-12
8.75327e-13
-5.15452e-12
8.76738e-13
-6.09336e-12
8.3354e-13
-7.03342e-12
7.42874e-13
-7.9264e-12
6.05696e-13
-8.72201e-12
4.28567e-13
-9.37011e-12
2.2218e-13
-9.82932e-12
-1.00674e-11
-3.75908e-16
-2.81496e-17
-1.69186e-16
-3.83885e-16
5.15956e-17
-5.50031e-16
4.9343e-16
-8.91341e-16
1.17167e-15
-1.78078e-15
2.08293e-15
-2.94184e-15
3.63607e-15
-5.40434e-15
6.00225e-15
-9.71082e-15
9.74963e-15
-1.6392e-14
1.51644e-14
-2.72126e-14
2.30252e-14
-4.4003e-14
3.403e-14
-6.9198e-14
4.87937e-14
-1.06355e-13
6.83787e-14
-1.60088e-13
9.3387e-14
-2.35281e-13
1.23556e-13
-3.36972e-13
1.58895e-13
-4.71731e-13
1.98504e-13
-6.45111e-13
2.40023e-13
-8.61076e-13
2.80888e-13
-1.12194e-12
3.18103e-13
-1.427e-12
3.47313e-13
-1.7721e-12
3.64129e-13
-2.14828e-12
3.65362e-13
-2.54268e-12
3.47501e-13
-2.93747e-12
3.0989e-13
-3.31318e-12
2.52725e-13
-3.64808e-12
1.78933e-13
-3.92131e-12
9.27398e-14
-4.11492e-12
-4.21516e-12
-1.46607e-16
5.3426e-17
-1.67281e-16
-1.94218e-16
3.72608e-17
-2.59408e-16
2.56413e-17
-2.73847e-16
4.02762e-16
-7.95901e-16
8.23611e-16
-8.38211e-16
1.26527e-15
-2.0084e-15
2.1731e-15
-3.8733e-15
3.57416e-15
-6.52706e-15
5.97882e-15
-1.06278e-14
8.99857e-15
-1.74242e-14
1.36648e-14
-2.77314e-14
1.98686e-14
-4.28147e-14
2.80084e-14
-6.48252e-14
3.78877e-14
-9.5251e-14
5.01439e-14
-1.37294e-13
6.48783e-14
-1.92812e-13
8.10936e-14
-2.63828e-13
9.83532e-14
-3.52836e-13
1.15242e-13
-4.60717e-13
1.30654e-13
-5.86936e-13
1.4267e-13
-7.29835e-13
1.49881e-13
-8.86022e-13
1.50381e-13
-1.04952e-12
1.43491e-13
-1.21393e-12
1.27837e-13
-1.3697e-12
1.04251e-13
-1.50949e-12
7.39945e-14
-1.62338e-12
3.86302e-14
-1.70409e-12
-1.7458e-12
1.58902e-16
-8.52188e-18
1.1765e-16
5.20231e-17
1.28022e-16
-3.57411e-16
1.9631e-17
5.51895e-17
3.253e-17
-1.01654e-16
2.51109e-16
-3.56701e-16
6.94678e-16
-8.84138e-16
8.41821e-16
-1.49487e-15
1.42697e-15
-2.66541e-15
2.47808e-15
-4.16902e-15
3.40397e-15
-6.87943e-15
5.23549e-15
-1.11123e-14
7.84003e-15
-1.71786e-14
1.09618e-14
-2.58389e-14
1.52357e-14
-3.83535e-14
2.01341e-14
-5.51903e-14
2.61177e-14
-7.78206e-14
3.28539e-14
-1.06925e-13
3.99642e-14
-1.4302e-13
4.67774e-14
-1.87227e-13
5.31049e-14
-2.39009e-13
5.76299e-14
-2.9711e-13
6.11721e-14
-3.61591e-13
6.14497e-14
-4.28525e-13
5.85722e-14
-4.96198e-13
5.231e-14
-5.60273e-13
4.27698e-14
-6.17967e-13
3.02274e-14
-6.64741e-13
1.55731e-14
-6.98121e-13
-7.15475e-13
-1.6854e-16
-1.36196e-16
-1.50957e-16
-5.08324e-17
-5.28348e-18
-3.61583e-16
-1.40005e-16
5.94348e-17
3.68685e-18
-3.43202e-17
8.25436e-17
-1.16861e-16
1.88546e-16
-3.02488e-16
2.70482e-16
-7.77215e-16
4.04922e-16
-1.02434e-15
8.76813e-16
-1.67122e-15
1.26307e-15
-2.53e-15
2.06534e-15
-4.38155e-15
3.13666e-15
-6.83277e-15
4.29643e-15
-1.02389e-14
6.06561e-15
-1.52033e-14
8.02532e-15
-2.19233e-14
1.05149e-14
-3.1033e-14
1.3121e-14
-4.2777e-14
1.59056e-14
-5.73883e-14
1.85358e-14
-7.53408e-14
2.13656e-14
-9.6363e-14
2.35148e-14
-1.19866e-13
2.45588e-14
-1.45809e-13
2.49179e-14
-1.7322e-13
2.34911e-14
-2.00518e-13
2.129e-14
-2.26633e-13
1.72911e-14
-2.50175e-13
1.20953e-14
-2.69425e-13
6.20171e-15
-2.82796e-13
-2.90089e-13
-5.85918e-17
-1.47872e-16
-2.54711e-16
2.57357e-16
-1.32054e-16
-1.41317e-16
-9.15194e-17
-3.10455e-18
-2.57618e-17
-2.37064e-16
-1.62598e-16
-6.94133e-17
-2.10273e-16
-3.45998e-17
2.46435e-16
-4.60219e-16
1.13737e-16
-1.38619e-16
3.03555e-16
-5.91404e-16
6.63545e-16
-1.00523e-15
8.95434e-16
-1.49622e-15
1.2679e-15
-2.75021e-15
1.77034e-15
-3.86205e-15
2.06804e-15
-5.49457e-15
2.84039e-15
-8.7117e-15
3.96931e-15
-1.23936e-14
5.24154e-15
-1.69725e-14
6.43074e-15
-2.27246e-14
7.29237e-15
-2.99264e-14
8.42006e-15
-3.84777e-14
9.07398e-15
-4.78427e-14
9.54019e-15
-5.80288e-14
1.01072e-14
-6.94123e-14
9.56819e-15
-7.99698e-14
8.65665e-15
-9.05297e-14
7.16054e-15
-1.00396e-13
5.23251e-15
-1.08031e-13
2.89225e-15
-1.13261e-13
-1.16062e-13
-5.67595e-18
-2.89866e-16
-1.24794e-16
7.01931e-17
-1.61748e-16
4.15973e-18
-9.05762e-17
-1.96823e-16
-1.00927e-17
-2.06371e-16
-3.08165e-16
1.15784e-16
-1.48436e-16
1.36909e-16
-1.76055e-17
-4.89716e-16
9.4219e-18
-7.75412e-17
1.41009e-16
-3.85184e-16
1.63433e-16
-3.84949e-16
1.00919e-16
-4.77419e-16
7.11301e-17
-7.15507e-16
6.59417e-16
-1.77025e-15
1.23835e-15
-1.98344e-15
1.32674e-15
-3.31875e-15
1.59892e-15
-4.9739e-15
1.83689e-15
-6.53815e-15
2.59223e-15
-8.94728e-15
3.05993e-15
-1.17033e-14
3.04899e-15
-1.48793e-14
3.50083e-15
-1.87859e-14
3.8258e-15
-2.26844e-14
3.87465e-15
-2.72839e-14
3.76665e-15
-3.16454e-14
3.49148e-15
-3.55695e-14
2.96704e-15
-3.97287e-14
1.87972e-15
-4.28731e-14
1.00007e-15
-4.46799e-14
-4.58248e-14
-1.49153e-16
-3.23272e-16
3.68675e-17
-1.98286e-16
3.46247e-16
6.62186e-17
6.13599e-17
1.05304e-16
9.39962e-17
-1.25771e-16
-1.33095e-16
-2.04732e-16
-2.36447e-16
-3.28537e-16
-5.43752e-17
-5.38931e-16
2.06134e-17
-1.16223e-16
2.01709e-16
-4.96041e-16
1.21548e-16
-9.32856e-17
-2.58049e-17
-4.75611e-16
-2.08605e-17
-1.65654e-16
-3.37766e-17
-8.57221e-16
2.52017e-16
-8.64547e-16
4.70431e-16
-1.12894e-15
4.89288e-16
-1.77752e-15
7.74899e-16
-2.58547e-15
8.91805e-16
-3.54581e-15
1.11879e-15
-4.60952e-15
1.28157e-15
-5.34391e-15
1.46784e-15
-7.44053e-15
1.52018e-15
-8.68312e-15
1.53298e-15
-1.04874e-14
1.65096e-15
-1.25205e-14
1.60058e-15
-1.36472e-14
1.27129e-15
-1.5194e-14
6.71421e-16
-1.65644e-14
4.64959e-16
-1.74605e-14
-1.78743e-14
8.98287e-17
-3.59069e-17
-1.11732e-16
-1.60912e-16
-4.36934e-17
-7.66749e-17
-1.67192e-16
2.00666e-17
-4.73548e-16
-1.40517e-16
-2.29634e-16
-5.30757e-16
4.05353e-17
-5.17525e-16
-1.41569e-16
-2.86936e-16
-8.65164e-17
-2.59009e-16
-8.80319e-17
-4.67723e-16
7.06308e-17
-1.6449e-16
1.21255e-16
-2.24123e-16
3.62324e-16
-2.40083e-16
-9.3878e-17
1.3463e-17
-1.40365e-16
-2.93863e-16
2.30697e-16
-5.18305e-16
1.92726e-16
-4.91522e-16
3.55785e-16
-8.16252e-16
4.85925e-16
-1.22914e-15
3.51326e-16
-1.60521e-15
4.99889e-16
-1.8982e-15
6.98142e-16
-2.6637e-15
6.66057e-16
-3.1487e-15
8.75634e-16
-3.78808e-15
6.70026e-16
-4.68913e-15
5.56212e-16
-5.10216e-15
5.98122e-16
-5.74665e-15
3.98997e-16
-6.32895e-15
4.32845e-17
-6.2336e-15
-6.67695e-15
1.70899e-16
-1.09452e-16
-2.28014e-16
8.12304e-17
-3.71494e-16
-2.62331e-17
-6.69325e-17
-2.24434e-16
-4.41589e-17
-2.96347e-17
-1.2163e-16
-4.49076e-16
-1.45374e-16
-2.7011e-16
-1.44985e-16
-1.21504e-16
-6.28365e-17
-5.00127e-16
1.68035e-17
-2.36591e-16
-9.22678e-17
-1.98672e-16
4.67803e-18
2.41319e-17
-1.19771e-16
9.38724e-18
1.48866e-16
-1.37486e-16
7.57834e-17
-2.61732e-16
-1.19274e-16
-1.29603e-16
1.53152e-16
-1.8951e-16
1.44757e-16
-1.14813e-16
1.08321e-16
-2.27751e-16
3.18962e-16
-4.65848e-16
4.82298e-16
-7.45458e-16
4.5434e-16
-9.30241e-16
2.68849e-16
-1.07364e-15
1.77738e-16
-1.38571e-15
9.40496e-17
-1.6821e-15
1.88938e-16
-1.93036e-15
3.29401e-16
-2.30126e-15
3.21413e-16
-2.41596e-15
5.18052e-18
-2.2052e-15
-2.46429e-15
-2.12371e-17
-2.37932e-16
-3.4109e-16
-5.97774e-17
-1.94245e-16
-4.78357e-17
-1.93996e-16
-1.41337e-17
-1.59088e-16
-3.35994e-16
-1.32142e-16
-2.25818e-16
-1.96555e-16
3.38464e-17
-3.98821e-17
-8.71549e-17
-9.43932e-17
-1.40231e-16
1.80683e-17
1.43015e-18
-5.22795e-17
-2.03323e-17
2.65084e-17
1.956e-16
2.41658e-16
-2.08024e-16
8.55917e-17
1.19734e-16
-1.61995e-16
3.27781e-16
-6.24046e-17
4.46178e-17
-1.1506e-16
1.46814e-16
1.62307e-16
-1.57484e-17
2.18349e-16
6.40276e-17
1.0809e-16
-2.23073e-16
1.7661e-16
-9.35669e-17
1.32996e-16
-2.10203e-16
2.16673e-16
-5.33875e-16
2.92352e-16
-3.46622e-16
3.31179e-16
-5.36085e-16
3.63656e-16
-9.62074e-16
7.65446e-17
-5.33962e-16
-1.39741e-16
-6.41493e-16
9.16653e-17
-7.85166e-16
-8.71209e-16
-2.25633e-16
9.90241e-17
-3.03542e-16
1.41815e-16
-1.70603e-16
-5.29611e-17
-1.03114e-16
1.11382e-16
-1.60172e-16
-1.36024e-16
-3.11382e-16
2.37363e-17
-4.24907e-17
1.02163e-16
2.36067e-16
-1.61316e-16
1.11487e-16
8.75939e-17
-7.98774e-17
3.6658e-16
-1.0765e-16
1.25231e-16
3.46393e-17
1.49233e-16
-1.69354e-16
1.02904e-16
-1.72987e-16
6.95452e-17
1.70391e-16
7.39344e-17
1.35992e-16
1.47219e-16
4.81185e-17
3.40238e-16
4.33786e-17
2.51569e-16
-8.77629e-17
1.3515e-16
1.89151e-17
-6.55804e-17
8.5906e-17
1.11465e-16
1.94698e-16
-4.36808e-17
1.33887e-16
-2.83244e-16
1.4738e-16
-5.46425e-17
1.14841e-16
-3.09757e-16
1.20995e-16
-4.93186e-16
-1.17648e-16
1.27237e-16
9.97072e-17
-2.9912e-16
-7.44853e-17
-2.3168e-16
-6.18893e-16
-2.48346e-16
6.54794e-17
-1.74474e-16
-8.73548e-17
-1.87759e-16
-1.13491e-16
-2.0723e-16
5.549e-17
-6.75612e-17
-1.92221e-16
-1.72268e-16
4.59955e-16
-1.48086e-16
2.30102e-16
-4.00595e-17
-1.21579e-16
1.01676e-16
2.24911e-16
2.71494e-16
2.8147e-16
1.64857e-16
1.15011e-16
-1.53322e-19
-1.88381e-17
-2.51035e-16
6.22406e-17
-3.02493e-16
-2.05318e-17
-1.13127e-16
-2.80192e-16
8.17283e-17
7.72551e-17
7.97323e-17
2.17435e-16
4.63381e-17
2.74203e-16
-3.07965e-17
3.48343e-17
6.36805e-17
1.32834e-16
8.57953e-17
1.95155e-16
4.77091e-17
-8.8706e-17
3.10106e-18
-3.8505e-16
1.16332e-16
-2.44329e-16
7.49939e-17
-1.62044e-16
2.76584e-16
-2.84332e-16
1.98003e-16
4.57266e-17
-3.19011e-17
-2.0277e-16
1.38689e-16
-3.87442e-16
-1.67984e-16
-7.86567e-17
1.24342e-17
-2.96194e-17
-4.69161e-16
-1.03492e-16
4.42814e-17
-2.32477e-16
7.64776e-17
-1.89038e-16
-1.4026e-16
-2.32975e-16
2.37225e-16
-2.48927e-17
1.37684e-16
-4.87743e-17
-6.07427e-17
3.11419e-17
1.1183e-16
4.44513e-17
1.33781e-16
-5.41336e-17
-6.58549e-17
-1.00177e-16
2.48041e-16
6.30172e-17
-1.82583e-16
-2.06914e-17
1.34715e-16
-3.26906e-17
-9.41445e-17
1.31627e-16
2.43711e-17
-1.9907e-19
4.50108e-16
3.93406e-17
1.19658e-16
-8.95768e-18
8.84804e-18
-1.20094e-17
2.05236e-16
-4.71719e-17
1.76409e-16
1.79123e-17
1.71588e-16
8.8828e-17
-3.23503e-16
1.93554e-16
-2.65833e-17
2.93212e-16
-1.49872e-16
9.50274e-17
-1.42167e-16
-7.28361e-17
-1.03235e-16
-5.53047e-17
-4.86565e-17
-1.1823e-16
-2.01638e-16
-1.10207e-16
-3.88932e-17
-1.56664e-16
-2.22744e-16
-2.47123e-16
-7.7474e-17
-1.57836e-16
-1.24975e-16
-5.33963e-17
1.49623e-16
1.79122e-16
-1.6191e-17
-1.05675e-16
-1.8844e-16
1.73999e-17
3.52211e-17
-4.4299e-17
5.15001e-17
6.06338e-17
-8.76978e-17
-1.15066e-17
1.56474e-17
5.611e-17
3.91977e-17
-1.1269e-17
2.06564e-16
2.13538e-16
-1.7352e-17
-1.23874e-16
-2.25159e-16
)
;

boundaryField
{
    outerWall
    {
        type            calculated;
        value           uniform 0;
    }
    axis
    {
        type            symmetryPlane;
        value           uniform 0;
    }
    nozzle
    {
        type            calculated;
        value           nonuniform List<scalar> 5(0.725496 0.725518 0.725518 0.725518 0.725496);
    }
    back
    {
        type            empty;
    }
    front
    {
        type            empty;
    }
}


// ************************************************************************* //
