/*--------------------------------*- C++ -*----------------------------------*\
| =========                 |                                                 |
| \\      /  F ield         | OpenFOAM: The Open Source CFD Toolbox           |
|  \\    /   O peration     | Version:  2412                                  |
|   \\  /    A nd           | Website:  www.openfoam.com                      |
|    \\/     M anipulation  |                                                 |
\*---------------------------------------------------------------------------*/
FoamFile
{
    version     2.0;
    format      ascii;
    arch        "LSB;label=32;scalar=64";
    class       volScalarField;
    location    "0.00011";
    object      rho;
}
// * * * * * * * * * * * * * * * * * * * * * * * * * * * * * * * * * * * * * //

dimensions      [1 -3 0 0 0 0 0];

internalField   nonuniform List<scalar> 
3725
(
1003.35
1003.35
1003.36
1003.37
1003.4
1003.43
1003.47
1003.51
1003.56
1003.6
1003.63
1003.66
1003.69
1003.71
1003.73
1003.74
1003.76
1003.77
1003.78
1003.79
1003.8
1003.81
1003.81
1003.82
1003.82
1003.83
1003.83
1003.83
1003.83
1003.83
1003.35
1003.36
1003.36
1003.38
1003.4
1003.44
1003.47
1003.52
1003.56
1003.59
1003.63
1003.66
1003.68
1003.71
1003.72
1003.74
1003.76
1003.77
1003.78
1003.79
1003.8
1003.8
1003.81
1003.82
1003.82
1003.82
1003.83
1003.83
1003.83
1003.83
1003.36
1003.36
1003.37
1003.39
1003.41
1003.44
1003.48
1003.52
1003.56
1003.59
1003.63
1003.66
1003.68
1003.7
1003.72
1003.74
1003.75
1003.77
1003.78
1003.79
1003.8
1003.8
1003.81
1003.81
1003.82
1003.82
1003.83
1003.83
1003.83
1003.83
1003.37
1003.37
1003.39
1003.4
1003.43
1003.46
1003.49
1003.52
1003.56
1003.59
1003.62
1003.65
1003.68
1003.7
1003.72
1003.73
1003.75
1003.76
1003.77
1003.78
1003.79
1003.8
1003.81
1003.81
1003.82
1003.82
1003.82
1003.82
1003.83
1003.83
1003.38
1003.39
1003.4
1003.42
1003.44
1003.47
1003.5
1003.53
1003.56
1003.59
1003.62
1003.65
1003.67
1003.69
1003.71
1003.73
1003.74
1003.76
1003.77
1003.78
1003.79
1003.8
1003.8
1003.81
1003.81
1003.82
1003.82
1003.82
1003.82
1003.82
1003.4
1003.41
1003.42
1003.44
1003.47
1003.49
1003.52
1003.54
1003.57
1003.59
1003.62
1003.64
1003.67
1003.69
1003.71
1003.72
1003.74
1003.75
1003.76
1003.77
1003.78
1003.79
1003.8
1003.8
1003.81
1003.81
1003.81
1003.82
1003.82
1003.82
1003.41
1003.42
1003.44
1003.47
1003.49
1003.52
1003.54
1003.56
1003.58
1003.6
1003.62
1003.64
1003.66
1003.68
1003.7
1003.72
1003.73
1003.74
1003.76
1003.77
1003.78
1003.79
1003.79
1003.8
1003.8
1003.81
1003.81
1003.81
1003.81
1003.81
1003.43
1003.44
1003.46
1003.49
1003.52
1003.54
1003.56
1003.58
1003.59
1003.61
1003.62
1003.64
1003.66
1003.67
1003.69
1003.71
1003.72
1003.74
1003.75
1003.76
1003.77
1003.78
1003.78
1003.79
1003.8
1003.8
1003.8
1003.8
1003.8
1003.8
1003.45
1003.46
1003.49
1003.52
1003.55
1003.57
1003.59
1003.6
1003.61
1003.62
1003.63
1003.64
1003.65
1003.67
1003.68
1003.7
1003.71
1003.73
1003.74
1003.75
1003.76
1003.77
1003.78
1003.78
1003.79
1003.79
1003.79
1003.79
1003.79
1003.79
1003.46
1003.48
1003.51
1003.54
1003.58
1003.6
1003.62
1003.63
1003.63
1003.64
1003.64
1003.65
1003.66
1003.67
1003.68
1003.69
1003.71
1003.72
1003.73
1003.74
1003.75
1003.76
1003.77
1003.77
1003.78
1003.78
1003.78
1003.78
1003.78
1003.78
1003.48
1003.5
1003.53
1003.57
1003.6
1003.63
1003.65
1003.66
1003.66
1003.66
1003.66
1003.66
1003.66
1003.67
1003.68
1003.69
1003.7
1003.71
1003.72
1003.73
1003.74
1003.75
1003.75
1003.76
1003.76
1003.76
1003.77
1003.76
1003.76
1003.76
1003.49
1003.51
1003.55
1003.59
1003.63
1003.66
1003.68
1003.69
1003.69
1003.69
1003.68
1003.68
1003.67
1003.68
1003.68
1003.69
1003.69
1003.7
1003.71
1003.72
1003.73
1003.74
1003.74
1003.75
1003.75
1003.75
1003.75
1003.75
1003.74
1003.74
1003.5
1003.52
1003.57
1003.61
1003.66
1003.69
1003.72
1003.73
1003.73
1003.72
1003.71
1003.7
1003.69
1003.69
1003.69
1003.69
1003.69
1003.7
1003.7
1003.71
1003.72
1003.72
1003.73
1003.73
1003.73
1003.73
1003.73
1003.72
1003.72
1003.71
1003.51
1003.54
1003.58
1003.63
1003.68
1003.72
1003.75
1003.76
1003.76
1003.76
1003.74
1003.73
1003.72
1003.71
1003.7
1003.7
1003.7
1003.7
1003.7
1003.71
1003.71
1003.71
1003.72
1003.72
1003.71
1003.71
1003.7
1003.69
1003.68
1003.68
1003.52
1003.55
1003.59
1003.65
1003.7
1003.75
1003.78
1003.8
1003.8
1003.79
1003.78
1003.77
1003.75
1003.73
1003.72
1003.71
1003.71
1003.71
1003.7
1003.7
1003.71
1003.71
1003.71
1003.7
1003.7
1003.69
1003.67
1003.66
1003.64
1003.63
1003.53
1003.55
1003.6
1003.66
1003.72
1003.77
1003.81
1003.83
1003.84
1003.83
1003.82
1003.8
1003.79
1003.77
1003.75
1003.74
1003.73
1003.72
1003.71
1003.71
1003.71
1003.7
1003.7
1003.69
1003.68
1003.66
1003.64
1003.62
1003.59
1003.58
1003.53
1003.56
1003.61
1003.68
1003.74
1003.79
1003.84
1003.86
1003.87
1003.87
1003.86
1003.84
1003.82
1003.8
1003.78
1003.77
1003.75
1003.74
1003.73
1003.72
1003.72
1003.71
1003.7
1003.69
1003.67
1003.64
1003.61
1003.57
1003.54
1003.51
1003.54
1003.57
1003.62
1003.69
1003.75
1003.81
1003.86
1003.89
1003.9
1003.91
1003.9
1003.89
1003.87
1003.84
1003.82
1003.8
1003.79
1003.77
1003.76
1003.74
1003.73
1003.72
1003.71
1003.69
1003.66
1003.63
1003.58
1003.53
1003.48
1003.44
1003.54
1003.57
1003.62
1003.69
1003.76
1003.83
1003.88
1003.91
1003.93
1003.94
1003.94
1003.93
1003.91
1003.89
1003.87
1003.84
1003.82
1003.81
1003.79
1003.77
1003.76
1003.74
1003.72
1003.7
1003.66
1003.62
1003.56
1003.48
1003.4
1003.32
1003.54
1003.57
1003.63
1003.7
1003.77
1003.84
1003.89
1003.93
1003.96
1003.97
1003.97
1003.96
1003.95
1003.93
1003.91
1003.89
1003.87
1003.85
1003.83
1003.81
1003.79
1003.77
1003.75
1003.71
1003.67
1003.62
1003.54
1003.45
1003.34
1003.22
1003.54
1003.58
1003.63
1003.7
1003.78
1003.85
1003.91
1003.95
1003.98
1003.99
1004
1003.99
1003.98
1003.97
1003.95
1003.93
1003.91
1003.89
1003.87
1003.85
1003.82
1003.8
1003.78
1003.74
1003.69
1003.63
1003.54
1003.42
1003.24
1002.98
1003.54
1003.58
1003.63
1003.71
1003.78
1003.85
1003.91
1003.96
1003.99
1004.01
1004.02
1004.02
1004.01
1004
1003.98
1003.96
1003.94
1003.92
1003.9
1003.88
1003.86
1003.84
1003.81
1003.77
1003.72
1003.65
1003.55
1003.43
1003.23
1002.96
1003.55
1003.58
1003.64
1003.71
1003.79
1003.86
1003.92
1003.97
1004.01
1004.03
1004.04
1004.04
1004.03
1004.02
1004.01
1003.99
1003.97
1003.96
1003.94
1003.92
1003.9
1003.87
1003.84
1003.8
1003.75
1003.68
1003.58
1003.44
1003.23
1002.95
1003.55
1003.58
1003.64
1003.71
1003.79
1003.86
1003.93
1003.98
1004.02
1004.04
1004.05
1004.06
1004.06
1004.05
1004.04
1004.02
1004.01
1003.99
1003.97
1003.95
1003.93
1003.91
1003.88
1003.84
1003.79
1003.72
1003.62
1003.48
1003.28
1003
1003.55
1003.58
1003.64
1003.71
1003.79
1003.87
1003.93
1003.99
1004.02
1004.05
1004.07
1004.07
1004.07
1004.07
1004.06
1004.05
1004.04
1004.02
1004
1003.99
1003.97
1003.94
1003.92
1003.88
1003.83
1003.76
1003.67
1003.55
1003.36
1003.08
1002.52
1002.29
1002.06
1001.84
1001.64
1001.45
1001.29
1001.15
1001.02
1000.91
1000.81
1000.72
1000.64
1000.57
1000.5
1000.44
1000.38
1000.32
1000.27
1000.22
1000.17
1000.12
1000.07
1000.02
999.978
1002.57
1002.31
1002.07
1001.84
1001.64
1001.46
1001.29
1001.15
1001.02
1000.91
1000.81
1000.72
1000.64
1000.57
1000.5
1000.44
1000.38
1000.32
1000.27
1000.22
1000.17
1000.12
1000.07
1000.02
999.978
1002.55
1002.3
1002.06
1001.84
1001.64
1001.46
1001.29
1001.15
1001.02
1000.91
1000.81
1000.72
1000.64
1000.57
1000.5
1000.44
1000.38
1000.32
1000.27
1000.22
1000.17
1000.12
1000.07
1000.02
999.978
1002.59
1002.32
1002.07
1001.85
1001.64
1001.46
1001.3
1001.15
1001.02
1000.91
1000.81
1000.72
1000.64
1000.57
1000.5
1000.44
1000.38
1000.32
1000.27
1000.22
1000.17
1000.12
1000.07
1000.02
999.978
1002.55
1002.31
1002.07
1001.84
1001.64
1001.46
1001.29
1001.15
1001.02
1000.91
1000.81
1000.72
1000.64
1000.57
1000.5
1000.44
1000.38
1000.32
1000.27
1000.22
1000.17
1000.12
1000.07
1000.02
999.978
1003.55
1003.58
1003.64
1003.72
1003.8
1003.87
1003.94
1003.99
1004.03
1004.06
1004.08
1004.09
1004.09
1004.09
1004.08
1004.08
1004.06
1004.05
1004.04
1004.02
1004.01
1003.99
1003.96
1003.93
1003.88
1003.82
1003.74
1003.64
1003.52
1003.4
1003.55
1003.59
1003.64
1003.72
1003.8
1003.88
1003.94
1004
1004.04
1004.07
1004.09
1004.1
1004.11
1004.11
1004.11
1004.1
1004.09
1004.08
1004.07
1004.06
1004.04
1004.03
1004
1003.97
1003.94
1003.88
1003.82
1003.74
1003.65
1003.57
1003.56
1003.59
1003.65
1003.72
1003.8
1003.88
1003.95
1004
1004.04
1004.07
1004.1
1004.11
1004.12
1004.12
1004.12
1004.12
1004.11
1004.11
1004.1
1004.09
1004.08
1004.06
1004.04
1004.02
1003.99
1003.95
1003.9
1003.84
1003.78
1003.74
1003.56
1003.59
1003.65
1003.73
1003.81
1003.88
1003.95
1004.01
1004.05
1004.08
1004.1
1004.12
1004.13
1004.13
1004.13
1004.13
1004.13
1004.13
1004.12
1004.11
1004.11
1004.09
1004.08
1004.06
1004.03
1004
1003.96
1003.92
1003.88
1003.85
1003.56
1003.6
1003.66
1003.73
1003.81
1003.89
1003.95
1004.01
1004.05
1004.08
1004.1
1004.12
1004.13
1004.14
1004.14
1004.14
1004.14
1004.14
1004.14
1004.13
1004.13
1004.12
1004.11
1004.09
1004.07
1004.05
1004.02
1003.99
1003.97
1003.95
1003.57
1003.6
1003.66
1003.74
1003.82
1003.89
1003.96
1004.01
1004.05
1004.08
1004.11
1004.12
1004.13
1004.14
1004.15
1004.15
1004.15
1004.15
1004.15
1004.15
1004.14
1004.14
1004.13
1004.12
1004.11
1004.09
1004.07
1004.05
1004.03
1004.02
1003.58
1003.61
1003.67
1003.74
1003.82
1003.9
1003.96
1004.01
1004.05
1004.08
1004.11
1004.12
1004.14
1004.14
1004.15
1004.15
1004.16
1004.16
1004.16
1004.16
1004.16
1004.15
1004.15
1004.14
1004.13
1004.12
1004.11
1004.09
1004.08
1004.07
1003.58
1003.62
1003.67
1003.75
1003.83
1003.9
1003.96
1004.01
1004.05
1004.09
1004.11
1004.12
1004.14
1004.15
1004.15
1004.16
1004.16
1004.16
1004.16
1004.16
1004.16
1004.16
1004.16
1004.15
1004.15
1004.14
1004.13
1004.12
1004.12
1004.11
1003.6
1003.63
1003.68
1003.76
1003.83
1003.9
1003.97
1004.02
1004.06
1004.09
1004.11
1004.12
1004.14
1004.15
1004.15
1004.16
1004.16
1004.17
1004.17
1004.17
1004.17
1004.17
1004.17
1004.16
1004.16
1004.16
1004.15
1004.15
1004.14
1004.14
1003.61
1003.64
1003.69
1003.76
1003.84
1003.91
1003.97
1004.02
1004.06
1004.08
1004.11
1004.12
1004.13
1004.14
1004.15
1004.16
1004.16
1004.17
1004.17
1004.17
1004.17
1004.17
1004.17
1004.17
1004.17
1004.17
1004.16
1004.16
1004.16
1004.16
1003.62
1003.65
1003.71
1003.77
1003.84
1003.91
1003.97
1004.02
1004.06
1004.08
1004.1
1004.12
1004.13
1004.14
1004.15
1004.16
1004.16
1004.17
1004.17
1004.17
1004.17
1004.17
1004.18
1004.18
1004.17
1004.17
1004.17
1004.17
1004.17
1004.17
1003.64
1003.67
1003.72
1003.78
1003.85
1003.92
1003.97
1004.02
1004.06
1004.08
1004.1
1004.12
1004.13
1004.14
1004.15
1004.15
1004.16
1004.16
1004.17
1004.17
1004.17
1004.17
1004.18
1004.18
1004.18
1004.18
1004.18
1004.18
1004.17
1004.17
1003.66
1003.69
1003.74
1003.79
1003.86
1003.92
1003.98
1004.02
1004.05
1004.08
1004.1
1004.12
1004.13
1004.14
1004.14
1004.15
1004.16
1004.16
1004.17
1004.17
1004.17
1004.17
1004.18
1004.18
1004.18
1004.18
1004.18
1004.18
1004.18
1004.18
1003.69
1003.71
1003.75
1003.81
1003.87
1003.93
1003.98
1004.02
1004.05
1004.08
1004.1
1004.11
1004.12
1004.13
1004.14
1004.15
1004.15
1004.16
1004.16
1004.17
1004.17
1004.17
1004.17
1004.18
1004.18
1004.18
1004.18
1004.18
1004.18
1004.18
1003.72
1003.74
1003.77
1003.82
1003.88
1003.93
1003.98
1004.02
1004.05
1004.07
1004.09
1004.11
1004.12
1004.13
1004.14
1004.14
1004.15
1004.16
1004.16
1004.16
1004.17
1004.17
1004.17
1004.17
1004.18
1004.18
1004.18
1004.18
1004.18
1004.18
1003.75
1003.77
1003.8
1003.84
1003.89
1003.93
1003.98
1004.02
1004.05
1004.07
1004.09
1004.1
1004.12
1004.13
1004.13
1004.14
1004.15
1004.15
1004.16
1004.16
1004.16
1004.17
1004.17
1004.17
1004.17
1004.17
1004.18
1004.18
1004.18
1004.18
1003.78
1003.8
1003.82
1003.86
1003.9
1003.94
1003.98
1004.01
1004.04
1004.07
1004.08
1004.1
1004.11
1004.12
1004.13
1004.14
1004.14
1004.15
1004.15
1004.16
1004.16
1004.16
1004.17
1004.17
1004.17
1004.17
1004.17
1004.17
1004.17
1004.17
1003.82
1003.83
1003.85
1003.88
1003.91
1003.95
1003.98
1004.01
1004.04
1004.06
1004.08
1004.09
1004.11
1004.12
1004.12
1004.13
1004.14
1004.14
1004.15
1004.15
1004.16
1004.16
1004.16
1004.17
1004.17
1004.17
1004.17
1004.17
1004.17
1004.17
1003.86
1003.87
1003.88
1003.9
1003.92
1003.95
1003.98
1004.01
1004.03
1004.05
1004.07
1004.09
1004.1
1004.11
1004.12
1004.13
1004.13
1004.14
1004.14
1004.15
1004.15
1004.16
1004.16
1004.16
1004.16
1004.17
1004.17
1004.17
1004.17
1004.17
1003.91
1003.91
1003.92
1003.93
1003.94
1003.96
1003.98
1004
1004.03
1004.05
1004.06
1004.08
1004.09
1004.1
1004.11
1004.12
1004.13
1004.13
1004.14
1004.14
1004.15
1004.15
1004.15
1004.16
1004.16
1004.16
1004.16
1004.16
1004.16
1004.16
1003.95
1003.95
1003.95
1003.95
1003.96
1003.97
1003.99
1004
1004.02
1004.04
1004.06
1004.07
1004.08
1004.1
1004.11
1004.11
1004.12
1004.13
1004.13
1004.14
1004.14
1004.15
1004.15
1004.15
1004.15
1004.16
1004.16
1004.16
1004.16
1004.16
1004
1004
1003.99
1003.98
1003.98
1003.98
1003.99
1004
1004.02
1004.03
1004.05
1004.06
1004.08
1004.09
1004.1
1004.11
1004.11
1004.12
1004.13
1004.13
1004.14
1004.14
1004.14
1004.15
1004.15
1004.15
1004.15
1004.15
1004.15
1004.16
1004.05
1004.04
1004.03
1004.02
1004.01
1004
1004
1004
1004.01
1004.03
1004.04
1004.05
1004.07
1004.08
1004.09
1004.1
1004.11
1004.11
1004.12
1004.13
1004.13
1004.13
1004.14
1004.14
1004.14
1004.15
1004.15
1004.15
1004.15
1004.15
1004.1
1004.09
1004.07
1004.05
1004.03
1004.02
1004.01
1004.01
1004.01
1004.02
1004.03
1004.04
1004.06
1004.07
1004.08
1004.09
1004.1
1004.11
1004.11
1004.12
1004.12
1004.13
1004.13
1004.13
1004.14
1004.14
1004.14
1004.14
1004.14
1004.14
1004.15
1004.13
1004.11
1004.09
1004.06
1004.04
1004.02
1004.01
1004.01
1004.02
1004.02
1004.04
1004.05
1004.06
1004.07
1004.08
1004.09
1004.1
1004.1
1004.11
1004.12
1004.12
1004.12
1004.13
1004.13
1004.13
1004.13
1004.14
1004.14
1004.14
1004.19
1004.18
1004.16
1004.13
1004.09
1004.06
1004.04
1004.02
1004.02
1004.01
1004.02
1004.03
1004.04
1004.05
1004.06
1004.07
1004.08
1004.09
1004.1
1004.1
1004.11
1004.11
1004.12
1004.12
1004.12
1004.13
1004.13
1004.13
1004.13
1004.13
1004.23
1004.22
1004.2
1004.16
1004.13
1004.09
1004.06
1004.04
1004.02
1004.02
1004.02
1004.02
1004.03
1004.04
1004.05
1004.06
1004.07
1004.08
1004.09
1004.09
1004.1
1004.1
1004.11
1004.11
1004.11
1004.12
1004.12
1004.12
1004.12
1004.12
1004.27
1004.26
1004.24
1004.2
1004.16
1004.13
1004.09
1004.06
1004.04
1004.02
1004.02
1004.02
1004.02
1004.03
1004.04
1004.05
1004.06
1004.07
1004.07
1004.08
1004.09
1004.09
1004.1
1004.1
1004.11
1004.11
1004.11
1004.11
1004.11
1004.11
1004.31
1004.3
1004.27
1004.24
1004.2
1004.16
1004.12
1004.08
1004.06
1004.04
1004.02
1004.02
1004.02
1004.02
1004.03
1004.04
1004.05
1004.05
1004.06
1004.07
1004.08
1004.08
1004.09
1004.09
1004.1
1004.1
1004.1
1004.1
1004.1
1004.1
1004.34
1004.33
1004.31
1004.28
1004.24
1004.2
1004.15
1004.11
1004.08
1004.05
1004.03
1004.02
1004.02
1004.02
1004.02
1004.03
1004.03
1004.04
1004.05
1004.06
1004.06
1004.07
1004.08
1004.08
1004.08
1004.09
1004.09
1004.09
1004.09
1004.09
1004.37
1004.36
1004.34
1004.31
1004.27
1004.23
1004.19
1004.15
1004.11
1004.08
1004.05
1004.03
1004.02
1004.02
1004.02
1004.02
1004.02
1004.03
1004.04
1004.05
1004.05
1004.06
1004.06
1004.07
1004.07
1004.08
1004.08
1004.08
1004.08
1004.08
1004.4
1004.39
1004.37
1004.34
1004.31
1004.27
1004.22
1004.18
1004.14
1004.11
1004.08
1004.05
1004.04
1004.02
1004.02
1004.02
1004.02
1004.02
1004.03
1004.03
1004.04
1004.05
1004.05
1004.06
1004.06
1004.06
1004.07
1004.07
1004.07
1004.07
1004.42
1004.41
1004.39
1004.37
1004.34
1004.3
1004.26
1004.22
1004.18
1004.14
1004.11
1004.08
1004.05
1004.04
1004.03
1004.02
1004.02
1004.02
1004.02
1004.02
1004.03
1004.03
1004.04
1004.04
1004.05
1004.05
1004.05
1004.05
1004.06
1004.06
1004.44
1004.43
1004.41
1004.39
1004.37
1004.33
1004.3
1004.26
1004.22
1004.18
1004.14
1004.11
1004.08
1004.06
1004.04
1004.03
1004.02
1004.02
1004.02
1004.02
1004.02
1004.02
1004.03
1004.03
1004.03
1004.04
1004.04
1004.04
1004.04
1004.04
1004.45
1004.44
1004.43
1004.41
1004.39
1004.36
1004.33
1004.29
1004.25
1004.22
1004.18
1004.14
1004.11
1004.09
1004.06
1004.05
1004.03
1004.03
1004.02
1004.02
1004.02
1004.02
1004.02
1004.02
1004.02
1004.03
1004.03
1004.03
1004.03
1004.03
1004.46
1004.46
1004.45
1004.43
1004.41
1004.39
1004.36
1004.33
1004.29
1004.26
1004.22
1004.18
1004.15
1004.12
1004.09
1004.07
1004.06
1004.04
1004.03
1004.03
1004.02
1004.02
1004.02
1004.02
1004.02
1004.02
1004.02
1004.02
1004.02
1004.02
1004.47
1004.47
1004.46
1004.45
1004.43
1004.41
1004.39
1004.36
1004.33
1004.29
1004.26
1004.22
1004.19
1004.16
1004.13
1004.1
1004.08
1004.07
1004.05
1004.04
1004.03
1004.03
1004.02
1004.02
1004.02
1004.02
1004.02
1004.02
1004.02
1004.02
1004.48
1004.47
1004.47
1004.46
1004.45
1004.43
1004.41
1004.39
1004.36
1004.33
1004.3
1004.26
1004.23
1004.2
1004.17
1004.14
1004.12
1004.1
1004.08
1004.07
1004.05
1004.05
1004.04
1004.03
1004.03
1004.03
1004.02
1004.02
1004.02
1004.02
1004.48
1004.48
1004.48
1004.47
1004.46
1004.45
1004.43
1004.41
1004.39
1004.36
1004.33
1004.3
1004.27
1004.24
1004.21
1004.19
1004.16
1004.14
1004.12
1004.1
1004.08
1004.07
1004.06
1004.05
1004.05
1004.04
1004.04
1004.04
1004.04
1004.03
1004.49
1004.48
1004.48
1004.48
1004.47
1004.46
1004.45
1004.43
1004.41
1004.39
1004.37
1004.34
1004.31
1004.28
1004.26
1004.23
1004.2
1004.18
1004.16
1004.14
1004.12
1004.11
1004.09
1004.08
1004.08
1004.07
1004.06
1004.06
1004.06
1004.06
1004.49
1004.49
1004.49
1004.48
1004.48
1004.47
1004.46
1004.45
1004.43
1004.41
1004.39
1004.37
1004.35
1004.32
1004.3
1004.27
1004.25
1004.22
1004.2
1004.18
1004.16
1004.15
1004.13
1004.12
1004.11
1004.1
1004.1
1004.09
1004.09
1004.09
1004.49
1004.49
1004.49
1004.49
1004.48
1004.48
1004.47
1004.46
1004.45
1004.43
1004.42
1004.4
1004.38
1004.36
1004.34
1004.31
1004.29
1004.27
1004.25
1004.23
1004.21
1004.19
1004.18
1004.17
1004.15
1004.15
1004.14
1004.13
1004.13
1004.13
1004.49
1004.49
1004.49
1004.49
1004.49
1004.48
1004.48
1004.47
1004.46
1004.45
1004.44
1004.42
1004.41
1004.39
1004.37
1004.35
1004.33
1004.31
1004.29
1004.27
1004.26
1004.24
1004.22
1004.21
1004.2
1004.19
1004.18
1004.18
1004.18
1004.17
1004.49
1004.49
1004.49
1004.49
1004.49
1004.49
1004.48
1004.48
1004.47
1004.46
1004.45
1004.44
1004.43
1004.42
1004.4
1004.38
1004.37
1004.35
1004.33
1004.32
1004.3
1004.28
1004.27
1004.26
1004.25
1004.24
1004.23
1004.23
1004.22
1004.22
1004.49
1004.49
1004.49
1004.49
1004.49
1004.49
1004.49
1004.48
1004.48
1004.47
1004.47
1004.46
1004.45
1004.44
1004.42
1004.41
1004.4
1004.38
1004.37
1004.35
1004.34
1004.33
1004.31
1004.3
1004.29
1004.29
1004.28
1004.27
1004.27
1004.27
1004.49
1004.49
1004.49
1004.49
1004.49
1004.49
1004.49
1004.49
1004.48
1004.48
1004.47
1004.47
1004.46
1004.45
1004.44
1004.43
1004.42
1004.41
1004.4
1004.39
1004.38
1004.36
1004.35
1004.34
1004.34
1004.33
1004.32
1004.32
1004.31
1004.31
1004.49
1004.49
1004.49
1004.49
1004.49
1004.49
1004.49
1004.49
1004.49
1004.48
1004.48
1004.48
1004.47
1004.46
1004.46
1004.45
1004.44
1004.43
1004.42
1004.41
1004.4
1004.4
1004.39
1004.38
1004.37
1004.37
1004.36
1004.36
1004.35
1004.35
1004.49
1004.49
1004.49
1004.49
1004.49
1004.49
1004.49
1004.49
1004.49
1004.49
1004.49
1004.48
1004.48
1004.47
1004.47
1004.46
1004.46
1004.45
1004.44
1004.44
1004.43
1004.42
1004.41
1004.41
1004.4
1004.4
1004.39
1004.39
1004.39
1004.39
1004.49
1004.49
1004.49
1004.49
1004.49
1004.49
1004.49
1004.49
1004.49
1004.49
1004.49
1004.49
1004.48
1004.48
1004.48
1004.47
1004.47
1004.46
1004.46
1004.45
1004.45
1004.44
1004.44
1004.43
1004.43
1004.42
1004.42
1004.42
1004.42
1004.42
1004.49
1004.49
1004.49
1004.49
1004.49
1004.49
1004.49
1004.49
1004.49
1004.49
1004.49
1004.49
1004.49
1004.49
1004.48
1004.48
1004.48
1004.47
1004.47
1004.47
1004.46
1004.46
1004.45
1004.45
1004.45
1004.44
1004.44
1004.44
1004.44
1004.44
1004.49
1004.49
1004.49
1004.49
1004.49
1004.49
1004.49
1004.49
1004.49
1004.49
1004.49
1004.49
1004.49
1004.49
1004.49
1004.49
1004.48
1004.48
1004.48
1004.48
1004.47
1004.47
1004.47
1004.46
1004.46
1004.46
1004.46
1004.46
1004.45
1004.45
1004.49
1004.49
1004.49
1004.49
1004.49
1004.49
1004.49
1004.49
1004.49
1004.49
1004.49
1004.49
1004.49
1004.49
1004.49
1004.49
1004.49
1004.49
1004.48
1004.48
1004.48
1004.48
1004.48
1004.47
1004.47
1004.47
1004.47
1004.47
1004.47
1004.47
1004.49
1004.49
1004.49
1004.49
1004.49
1004.49
1004.49
1004.49
1004.49
1004.49
1004.49
1004.49
1004.49
1004.49
1004.49
1004.49
1004.49
1004.49
1004.49
1004.49
1004.49
1004.48
1004.48
1004.48
1004.48
1004.48
1004.48
1004.48
1004.48
1004.48
1004.49
1004.49
1004.49
1004.49
1004.49
1004.49
1004.49
1004.49
1004.49
1004.49
1004.49
1004.49
1004.49
1004.49
1004.49
1004.49
1004.49
1004.49
1004.49
1004.49
1004.49
1004.49
1004.49
1004.49
1004.48
1004.48
1004.48
1004.48
1004.48
1004.48
1004.49
1004.49
1004.49
1004.49
1004.49
1004.49
1004.49
1004.49
1004.49
1004.49
1004.49
1004.49
1004.49
1004.49
1004.49
1004.49
1004.49
1004.49
1004.49
1004.49
1004.49
1004.49
1004.49
1004.49
1004.49
1004.49
1004.49
1004.49
1004.49
1004.49
1004.49
1004.49
1004.49
1004.49
1004.49
1004.49
1004.49
1004.49
1004.49
1004.49
1004.49
1004.49
1004.49
1004.49
1004.49
1004.49
1004.49
1004.49
1004.49
1004.49
1004.49
1004.49
1004.49
1004.49
1004.49
1004.49
1004.49
1004.49
1004.49
1004.49
1004.49
1004.49
1004.49
1004.49
1004.49
1004.49
1004.49
1004.49
1004.49
1004.49
1004.49
1004.49
1004.49
1004.49
1004.49
1004.49
1004.49
1004.49
1004.49
1004.49
1004.49
1004.49
1004.49
1004.49
1004.49
1004.49
1004.49
1004.49
1004.49
1004.49
1004.49
1004.49
1004.49
1004.49
1004.49
1004.49
1004.49
1004.49
1004.49
1004.49
1004.49
1004.49
1004.49
1004.49
1004.49
1004.49
1004.49
1004.49
1004.49
1004.49
1004.49
1004.49
1004.49
1004.49
1004.49
1004.49
1004.49
1004.49
1004.49
1004.49
1004.49
1004.49
1004.49
1004.49
1004.49
1004.49
1004.49
1004.49
1004.49
1004.49
1004.49
1004.49
1004.49
1004.49
1004.49
1004.49
1004.49
1004.49
1004.49
1004.49
1004.49
1004.49
1004.49
1004.49
1004.49
1004.49
1004.49
1004.49
1004.49
1004.49
1004.49
1004.49
1004.49
1004.49
1004.49
1004.49
1004.49
1004.49
1004.49
1004.49
1004.49
1004.49
1004.49
1004.49
1004.49
1004.49
1004.49
1004.49
1004.49
1004.49
1004.49
1004.49
1004.49
1004.49
1004.49
1004.49
1004.49
1004.49
1004.49
1004.49
1004.49
1004.49
1004.49
1004.49
1004.49
1004.49
1004.49
1004.49
1004.49
1004.49
1004.49
1004.49
1004.49
1004.49
1004.49
1004.49
1004.49
1004.49
1004.49
1004.49
1004.49
1004.49
1004.49
1004.49
1004.49
1004.49
1004.49
1004.49
1004.49
1004.49
1004.49
1004.49
1004.49
1004.49
1004.49
1004.49
1004.49
1004.49
1004.49
1004.49
1004.49
1004.49
1004.49
1004.49
1004.49
1004.49
1004.49
1004.49
1004.49
1004.49
1004.49
1004.49
1004.49
1004.49
1004.49
1004.49
1004.49
1004.49
1004.49
1004.49
1004.49
1004.49
1004.49
1004.49
1004.49
1004.49
1004.49
1004.49
1004.49
1004.49
1004.49
1004.49
1004.49
1004.49
1004.49
1004.49
1004.49
1004.49
1004.49
1004.49
1004.49
1004.49
1004.49
1004.49
1004.49
1004.49
1004.49
1004.49
1004.49
1004.49
1004.49
1004.49
1004.49
1004.49
1004.49
1004.49
1004.49
1004.49
1004.49
1004.49
1004.49
1004.49
1004.49
1004.49
1004.49
1004.49
1004.49
1004.49
1004.49
1004.49
1004.49
1004.49
1004.49
1004.49
1004.49
1004.49
1004.49
1004.49
1004.49
1004.49
1004.49
1004.49
1004.49
1004.49
1004.49
1004.49
1004.49
1004.49
1004.49
1004.49
1004.49
1004.49
1004.49
1004.49
1004.49
1004.49
1004.49
1004.49
1004.49
1004.49
1004.49
1004.49
1004.49
1004.49
1004.49
1004.49
1004.49
1004.49
1004.49
1004.49
1004.49
1004.49
1004.49
1004.49
1004.49
1004.49
1004.49
1004.49
1004.49
1004.49
1004.49
1004.49
1004.49
1004.49
1004.49
1004.49
1004.49
1004.49
1004.49
1004.49
1004.49
1004.49
1004.49
1004.49
1004.49
1004.49
1004.49
1004.49
1004.49
1004.49
1004.49
1004.49
1004.49
1004.49
1004.49
1004.49
1004.49
1004.49
1004.49
1004.49
1004.49
1004.49
1004.49
1004.49
1004.49
1004.49
1004.49
1004.49
1004.49
1004.49
1004.49
1004.49
1004.49
1004.49
1004.49
1004.49
1004.49
1004.49
1004.49
1004.49
1004.49
1004.49
1004.49
1004.49
1004.49
1004.49
1004.49
1004.49
1004.49
1004.49
1004.49
1004.49
1004.49
1004.49
1004.49
1004.49
1004.49
1004.49
1004.49
1004.49
1004.49
1004.49
1004.49
1004.49
1004.49
1004.49
1004.49
1004.49
1004.49
1004.49
1004.49
1004.49
1004.49
1004.49
1004.49
1004.49
1004.49
1004.49
1004.49
1004.49
1004.49
1004.49
1004.49
1004.49
1004.49
1004.49
1004.49
1004.49
1004.49
1004.49
1004.49
1004.49
1004.49
1004.49
1004.49
1004.49
1004.49
1004.49
1004.49
1004.49
1004.49
1004.49
1004.49
1004.49
1004.49
1004.49
1004.49
1004.49
1004.49
1004.49
1004.49
1004.49
1004.49
1004.49
1004.49
1004.49
1004.49
1004.49
1004.49
1004.49
1004.49
1004.49
1004.49
1004.49
1004.49
1004.49
1004.49
1004.49
1004.49
1004.49
1004.49
1004.49
1004.49
1004.49
1004.49
1004.49
1004.49
1004.49
1004.49
1004.49
1004.49
1004.49
1004.49
1004.49
1004.49
1004.49
1004.49
1004.49
1004.49
1004.49
1004.49
1004.49
1004.49
1004.49
1004.49
1004.49
1004.49
1004.49
1004.49
1004.49
1004.49
1004.49
1004.49
1004.49
1004.49
1004.49
1004.49
1004.49
1004.49
1004.49
1004.49
1004.49
1004.49
1004.49
1004.49
1004.49
1004.49
1004.49
1004.49
1004.49
1004.49
1004.49
1004.49
1004.49
1004.49
1004.49
1004.49
1004.49
1004.49
1004.49
1004.49
1004.49
1004.49
1004.49
1004.49
1004.49
1004.49
1004.49
1004.49
1004.49
1004.49
1004.49
1004.49
1004.49
1004.49
1004.49
1004.49
1004.49
1004.49
1004.49
1004.49
1004.49
1004.49
1004.49
1004.49
1004.49
1004.49
1004.49
1004.49
1004.49
1004.49
1004.49
1004.49
1004.49
1004.49
1004.49
1004.49
1004.49
1004.49
1004.49
1004.49
1004.49
1004.49
1004.49
1004.49
1004.49
1004.49
1004.49
1004.49
1004.49
1004.49
1004.49
1004.49
1004.49
1004.49
1004.49
1004.49
1004.49
1004.49
1004.49
1004.49
1004.49
1004.49
1004.49
1004.49
1004.49
1004.49
1004.49
1004.49
1004.49
1004.49
1004.49
1004.49
1004.49
1004.49
1004.49
1004.49
1004.49
1004.49
1004.49
1004.49
1004.49
1004.49
1004.49
1004.49
1004.49
1004.49
1004.49
1004.49
1004.49
1004.49
1004.49
1004.49
1004.49
1004.49
1004.49
1004.49
1004.49
1004.49
1004.49
1004.49
1004.49
1004.49
1004.49
1004.49
1004.49
1004.49
1004.49
1004.49
1004.49
1004.49
1004.49
1004.49
1004.49
1004.49
1004.49
1004.49
1004.49
1004.49
1004.49
1004.49
1004.49
1004.49
1004.49
1004.49
1004.49
1004.49
1004.49
1004.49
1004.49
1004.49
1004.49
1004.49
1004.49
1004.49
1004.49
1004.49
1004.49
1004.49
1004.49
1004.49
1004.49
1004.49
1004.49
1004.49
1004.49
1004.49
1004.49
1004.49
1004.49
1004.49
1004.49
1004.49
1004.49
1004.49
1004.49
1004.49
1004.49
1004.49
1004.49
1004.49
1004.49
1004.49
1004.49
1004.49
1004.49
1004.49
1004.49
1004.49
1004.49
1004.49
1004.49
1004.49
1004.49
1004.49
1004.49
1004.49
1004.49
1004.49
1004.49
1004.49
1004.49
1004.49
1004.49
1004.49
1004.49
1004.49
1004.49
1004.49
1004.49
1004.49
1004.49
1004.49
1004.49
1004.49
1004.49
1004.49
1004.49
1004.49
1004.49
1004.49
1004.49
1004.49
1004.49
1004.49
1004.49
1004.49
1004.49
1004.49
1004.49
1004.49
1004.49
1004.49
1004.49
1004.49
1004.49
1004.49
1004.49
1004.49
1004.49
1004.49
1004.49
1004.49
1004.49
1004.49
1004.49
1004.49
1004.49
1004.49
1004.49
1004.49
1004.49
1004.49
1004.49
1004.49
1004.49
1004.49
1004.49
1004.49
1004.49
1004.49
1004.49
1004.49
1004.49
1004.49
1004.49
1004.49
1004.49
1004.49
1004.49
1004.49
1004.49
1004.49
1004.49
1004.49
1004.49
1004.49
1004.49
1004.49
1004.49
1004.49
1004.49
1004.49
1004.49
1004.49
1004.49
1004.49
1004.49
1004.49
1004.49
1004.49
1004.49
1004.49
1004.49
1004.49
1004.49
1004.49
1004.49
1004.49
1004.49
1004.49
1004.49
1004.49
1004.49
1004.49
1004.49
1004.49
1004.49
1004.49
1004.49
1004.49
1004.49
1004.49
1004.49
1004.49
1004.49
1004.49
1004.49
1004.49
1004.49
1004.49
1004.49
1004.49
1004.49
1004.49
1004.49
1004.49
1004.49
1004.49
1004.49
1004.49
1004.49
1004.49
1004.49
1004.49
1004.49
1004.49
1004.49
1004.49
1004.49
1004.49
1004.49
1004.49
1004.49
1004.49
1004.49
1004.49
1004.49
1004.49
1004.49
1004.49
1004.49
1004.49
1004.49
1004.49
1004.49
1004.49
1004.49
1004.49
1004.49
1004.49
1004.49
1004.49
1004.49
1004.49
1004.49
1004.49
1004.49
1004.49
1004.49
1004.49
1004.49
1004.49
1004.49
1004.49
1004.49
1004.49
1004.49
1004.49
1004.49
1004.49
1004.49
1004.49
1004.49
1004.49
1004.49
1004.49
1004.49
1004.49
1004.49
1004.49
1004.49
1004.49
1004.49
1004.49
1004.49
1004.49
1004.49
1004.49
1004.49
1004.49
1004.49
1004.49
1004.49
1004.49
1004.49
1004.49
1004.49
1004.49
1004.49
1004.49
1004.49
1004.49
1004.49
1004.49
1004.49
1004.49
1004.49
1004.49
1004.49
1004.49
1004.49
1004.49
1004.49
1004.49
1004.49
1004.49
1004.49
1004.49
1004.49
1004.49
1004.49
1004.49
1004.49
1004.49
1004.49
1004.49
1004.49
1004.49
1004.49
1004.49
1004.49
1004.49
1004.49
1004.49
1004.49
1004.49
1004.49
1004.49
1004.49
1004.49
1004.49
1004.49
1004.49
1004.49
1004.49
1004.49
1004.49
1004.49
1004.49
1004.49
1004.49
1004.49
1004.49
1004.49
1004.49
1004.49
1004.49
1004.49
1004.49
1004.49
1004.49
1004.49
1004.49
1004.49
1004.49
1004.49
1004.49
1004.49
1004.49
1004.49
1004.49
1004.49
1004.49
1004.49
1004.49
1004.49
1004.49
1004.49
1004.49
1004.49
1004.49
1004.49
1004.49
1004.49
1004.49
1004.49
1004.49
1004.49
1004.49
1004.49
1004.49
1004.49
1004.49
1004.49
1004.49
1004.49
1004.49
1004.49
1004.49
1004.49
1004.49
1004.49
1004.49
1004.49
1004.49
1004.49
1004.49
1004.49
1004.49
1004.49
1004.49
1004.49
1004.49
1004.49
1004.49
1004.49
1004.49
1004.49
1004.49
1004.49
1004.49
1004.49
1004.49
1004.49
1004.49
1004.49
1004.49
1004.49
1004.49
1004.49
1004.49
1004.49
1004.49
1004.49
1004.49
1004.49
1004.49
1004.49
1004.49
1004.49
1004.49
1004.49
1004.49
1004.49
1004.49
1004.49
1004.49
1004.49
1004.49
1004.49
1004.49
1004.49
1004.49
1004.49
1004.49
1004.49
1004.49
1004.49
1004.49
1004.49
1004.49
1004.49
1004.49
1004.49
1004.49
1004.49
1004.49
1004.49
1004.49
1004.49
1004.49
1004.49
1004.49
1004.49
1004.49
1004.49
1004.49
1004.49
1004.49
1004.49
1004.49
1004.49
1004.49
1004.49
1004.49
1004.49
1004.49
1004.49
1004.49
1004.49
1004.49
1004.49
1004.49
1004.49
1004.49
1004.49
1004.49
1004.49
1004.49
1004.49
1004.49
1004.49
1004.49
1004.49
1004.49
1004.49
1004.49
1004.49
1004.49
1004.49
1004.49
1004.49
1004.49
1004.49
1004.49
1004.49
1004.49
1004.49
1004.49
1004.49
1004.49
1004.49
1004.49
1004.49
1004.49
1004.49
1004.49
1004.49
1004.49
1004.49
1004.49
1004.49
1004.49
1004.49
1004.49
1004.49
1004.49
1004.49
1004.49
1004.49
1004.49
1004.49
1004.49
1004.49
1004.49
1004.49
1004.49
1004.49
1004.49
1004.49
1004.49
1004.49
1004.49
1004.49
1004.49
1004.49
1004.49
1004.49
1004.49
1004.49
1004.49
1004.49
1004.49
1004.49
1004.49
1004.49
1004.49
1004.49
1004.49
1004.49
1004.49
1004.49
1004.49
1004.49
1004.49
1004.49
1004.49
1004.49
1004.49
1004.49
1004.49
1004.49
1004.49
1004.49
1004.49
1004.49
1004.49
1004.49
1004.49
1004.49
1004.49
1004.49
1004.49
1004.49
1004.49
1004.49
1004.49
1004.49
1004.49
)
;

boundaryField
{
    outerWall
    {
        type            calculated;
        value           nonuniform List<scalar> 
225
(
1003.35
1003.35
1003.36
1003.37
1003.4
1003.43
1003.47
1003.51
1003.56
1003.6
1003.63
1003.66
1003.69
1003.71
1003.73
1003.74
1003.76
1003.77
1003.78
1003.79
1003.8
1003.81
1003.81
1003.82
1003.82
1003.83
1003.83
1003.83
1003.83
1003.83
1003.83
1003.83
1003.83
1003.83
1003.82
1003.82
1003.81
1003.8
1003.79
1003.78
1003.76
1003.74
1003.71
1003.68
1003.63
1003.58
1003.51
1003.44
1003.32
1003.22
1002.52
1002.29
1002.06
1001.84
1001.64
1001.45
1001.29
1001.15
1001.02
1000.91
1000.81
1000.72
1000.64
1000.57
1000.5
1000.44
1000.38
1000.32
1000.27
1000.22
1000.17
1000.12
1000.07
1000.02
999.978
1002.55
1002.31
1002.07
1001.84
1001.64
1001.46
1001.29
1001.15
1001.02
1000.91
1000.81
1000.72
1000.64
1000.57
1000.5
1000.44
1000.38
1000.32
1000.27
1000.22
1000.17
1000.12
1000.07
1000.02
999.978
1003.4
1003.57
1003.74
1003.85
1003.95
1004.02
1004.07
1004.11
1004.14
1004.16
1004.17
1004.17
1004.18
1004.18
1004.18
1004.18
1004.17
1004.17
1004.17
1004.16
1004.16
1004.16
1004.15
1004.14
1004.14
1004.13
1004.12
1004.11
1004.1
1004.09
1004.08
1004.07
1004.06
1004.04
1004.03
1004.02
1004.02
1004.02
1004.03
1004.06
1004.09
1004.13
1004.17
1004.22
1004.27
1004.31
1004.35
1004.39
1004.42
1004.44
1004.45
1004.47
1004.48
1004.48
1004.49
1004.49
1004.49
1004.49
1004.49
1004.49
1004.49
1004.49
1004.49
1004.49
1004.49
1004.49
1004.49
1004.49
1004.49
1004.49
1004.49
1004.49
1004.49
1004.49
1004.49
1004.49
1004.49
1004.49
1004.49
1004.49
1004.49
1004.49
1004.49
1004.49
1004.49
1004.49
1004.49
1004.49
1004.49
1004.49
1004.49
1004.49
1004.49
1004.49
1004.49
1004.49
1004.49
1004.49
1004.49
1004.49
1004.49
1004.49
1004.49
1004.49
1004.49
1004.49
1004.49
1004.49
1004.49
1004.49
1004.49
1004.49
1004.49
1004.49
1004.49
1004.49
1004.49
1004.49
1004.49
1004.49
1004.49
1004.49
1004.49
1004.49
1004.49
)
;
    }
    axis
    {
        type            symmetryPlane;
    }
    nozzle
    {
        type            calculated;
        value           uniform 999.955;
    }
    back
    {
        type            empty;
    }
    front
    {
        type            empty;
    }
}


// ************************************************************************* //
