/*--------------------------------*- C++ -*----------------------------------*\
| =========                 |                                                 |
| \\      /  F ield         | OpenFOAM: The Open Source CFD Toolbox           |
|  \\    /   O peration     | Version:  2412                                  |
|   \\  /    A nd           | Website:  www.openfoam.com                      |
|    \\/     M anipulation  |                                                 |
\*---------------------------------------------------------------------------*/
FoamFile
{
    version     2.0;
    format      ascii;
    arch        "LSB;label=32;scalar=64";
    class       volVectorField;
    location    "0.000155";
    object      U;
}
// * * * * * * * * * * * * * * * * * * * * * * * * * * * * * * * * * * * * * //

dimensions      [0 1 -1 0 0 0 0];

internalField   nonuniform List<vector> 
3725
(
(-0.000605479 -0.0152063 0)
(-0.00179417 -0.0151141 0)
(-0.00268588 -0.0149216 0)
(-0.00290123 -0.0146251 0)
(-0.00249242 -0.0141797 0)
(-0.000905621 -0.0134934 0)
(0.00235955 -0.0126239 0)
(0.00732025 -0.0112654 0)
(0.0142032 -0.00984142 0)
(0.0228933 -0.00777207 0)
(0.0329289 -0.00537727 0)
(0.0448809 -0.00241861 0)
(0.0586001 0.00118764 0)
(0.07493 0.00515592 0)
(0.095994 0.00957761 0)
(0.128022 0.0152913 0)
(0.172356 0.0208731 0)
(0.225465 0.0267774 0)
(0.286504 0.0327685 0)
(0.351739 0.0388045 0)
(0.416354 0.0447959 0)
(0.473329 0.0506647 0)
(0.514554 0.056398 0)
(0.532709 0.0618798 0)
(0.522666 0.0670093 0)
(0.482098 0.071701 0)
(0.411742 0.0758232 0)
(0.315049 0.0791798 0)
(0.19777 0.0815662 0)
(0.0674171 0.0828086 0)
(-0.000536792 -0.0456332 0)
(-0.00157848 -0.0453916 0)
(-0.00231358 -0.0448076 0)
(-0.00233794 -0.0439894 0)
(-0.00163612 -0.0425824 0)
(0.000269527 -0.0405662 0)
(0.00404133 -0.0378291 0)
(0.0094205 -0.0341057 0)
(0.016834 -0.0295444 0)
(0.0262558 -0.023493 0)
(0.0369604 -0.0164757 0)
(0.0498218 -0.00711288 0)
(0.0642997 0.00289423 0)
(0.0812425 0.0150833 0)
(0.103617 0.0283193 0)
(0.136516 0.0452126 0)
(0.180994 0.0618184 0)
(0.234411 0.0794532 0)
(0.295549 0.0974629 0)
(0.360783 0.115578 0)
(0.425272 0.133607 0)
(0.482055 0.151369 0)
(0.522995 0.168578 0)
(0.540698 0.185075 0)
(0.530047 0.20065 0)
(0.48872 0.215 0)
(0.417366 0.227616 0)
(0.319367 0.237898 0)
(0.200499 0.245212 0)
(0.0683517 0.249024 0)
(-0.000421178 -0.0761595 0)
(-0.00116863 -0.0757564 0)
(-0.00162792 -0.0748167 0)
(-0.00122487 -0.0734682 0)
(8.31183e-05 -0.0710649 0)
(0.00266853 -0.0680123 0)
(0.00721616 -0.0633203 0)
(0.0135519 -0.0575701 0)
(0.0221826 -0.0496675 0)
(0.0327054 -0.039931 0)
(0.0452332 -0.0281709 0)
(0.0594287 -0.0132216 0)
(0.0752704 0.00356583 0)
(0.0940238 0.0234768 0)
(0.118618 0.0458045 0)
(0.153175 0.0728922 0)
(0.198067 0.100526 0)
(0.252231 0.129739 0)
(0.313631 0.15964 0)
(0.378877 0.189849 0)
(0.44322 0.220016 0)
(0.499581 0.24978 0)
(0.539866 0.278867 0)
(0.556807 0.306898 0)
(0.545119 0.333494 0)
(0.502326 0.358139 0)
(0.42893 0.379909 0)
(0.328258 0.397714 0)
(0.206125 0.410418 0)
(0.0702805 0.41705 0)
(-0.000232995 -0.10689 0)
(-0.000567251 -0.106468 0)
(-0.000592434 -0.10509 0)
(0.000480209 -0.103131 0)
(0.00245905 -0.100034 0)
(0.00608057 -0.0957434 0)
(0.0118757 -0.0894921 0)
(0.0196655 -0.0815473 0)
(0.0300769 -0.0706484 0)
(0.0423705 -0.0576915 0)
(0.0569999 -0.0409528 0)
(0.0736308 -0.0211874 0)
(0.0918305 0.00257763 0)
(0.11293 0.0293857 0)
(0.140688 0.0610226 0)
(0.177566 0.0973187 0)
(0.223639 0.135691 0)
(0.278757 0.176154 0)
(0.340642 0.217812 0)
(0.406075 0.260088 0)
(0.470224 0.302535 0)
(0.526204 0.344665 0)
(0.56585 0.386128 0)
(0.581686 0.42641 0)
(0.568477 0.465034 0)
(0.523535 0.501039 0)
(0.447055 0.53305 0)
(0.342254 0.559377 0)
(0.215008 0.578241 0)
(0.0733308 0.588122 0)
(-0.000102545 -0.137895 0)
(0.000186593 -0.137294 0)
(0.000880989 -0.135716 0)
(0.0025726 -0.133176 0)
(0.00562829 -0.129391 0)
(0.0105788 -0.123868 0)
(0.0178667 -0.116203 0)
(0.0276893 -0.106225 0)
(0.0400835 -0.0927314 0)
(0.0549725 -0.0764525 0)
(0.0726214 -0.0556887 0)
(0.0920858 -0.0310634 0)
(0.113209 -0.00158531 0)
(0.137867 0.032106 0)
(0.169578 0.0729288 0)
(0.209187 0.117735 0)
(0.257204 0.166143 0)
(0.313832 0.217394 0)
(0.376594 0.270517 0)
(0.442425 0.324769 0)
(0.50666 0.379628 0)
(0.562293 0.43459 0)
(0.601183 0.489122 0)
(0.615995 0.542708 0)
(0.601099 0.594657 0)
(0.553346 0.643506 0)
(0.47269 0.687292 0)
(0.362156 0.723566 0)
(0.227692 0.749714 0)
(0.0776977 0.763477 0)
(0.000219139 -0.16927 0)
(0.0010719 -0.168336 0)
(0.00250291 -0.166736 0)
(0.00523048 -0.163641 0)
(0.00944566 -0.1594 0)
(0.0159755 -0.152626 0)
(0.0251116 -0.144028 0)
(0.0372732 -0.131848 0)
(0.0524121 -0.116309 0)
(0.0701574 -0.0966738 0)
(0.0910447 -0.0726719 0)
(0.114221 -0.0436233 0)
(0.139216 -0.0090992 0)
(0.168824 0.03171 0)
(0.204918 0.0799857 0)
(0.247487 0.132829 0)
(0.298393 0.19079 0)
(0.357047 0.252332 0)
(0.421181 0.316459 0)
(0.487912 0.382491 0)
(0.552603 0.449953 0)
(0.608332 0.518159 0)
(0.646942 0.586631 0)
(0.660844 0.654884 0)
(0.644082 0.721706 0)
(0.593017 0.78526 0)
(0.507105 0.842831 0)
(0.389075 0.890986 0)
(0.24495 0.925978 0)
(0.0836607 0.944523 0)
(0.000599965 -0.201017 0)
(0.00209266 -0.200061 0)
(0.00440928 -0.19813 0)
(0.00808106 -0.194723 0)
(0.0138953 -0.189906 0)
(0.0221119 -0.182306 0)
(0.0334536 -0.172732 0)
(0.0484825 -0.158895 0)
(0.0664686 -0.141737 0)
(0.0877071 -0.119559 0)
(0.112408 -0.0921068 0)
(0.139778 -0.0591778 0)
(0.169715 -0.0200866 0)
(0.204688 0.0276908 0)
(0.245425 0.0816749 0)
(0.292297 0.142281 0)
(0.346838 0.208846 0)
(0.40809 0.279905 0)
(0.474215 0.354601 0)
(0.542554 0.432253 0)
(0.608418 0.512245 0)
(0.664803 0.594209 0)
(0.703731 0.677549 0)
(0.717305 0.76177 0)
(0.698885 0.84539 0)
(0.644194 0.925994 0)
(0.551988 0.999955 0)
(0.424519 1.06257 0)
(0.267855 1.10854 0)
(0.0916154 1.13315 0)
(0.000937648 -0.233271 0)
(0.00324196 -0.232287 0)
(0.00651289 -0.230165 0)
(0.0114048 -0.226534 0)
(0.0187639 -0.220942 0)
(0.0288604 -0.213263 0)
(0.0426736 -0.202143 0)
(0.0605231 -0.18746 0)
(0.0819179 -0.168605 0)
(0.107383 -0.144637 0)
(0.136338 -0.114554 0)
(0.168235 -0.0785727 0)
(0.204376 -0.0346833 0)
(0.245151 0.0182149 0)
(0.290867 0.0779136 0)
(0.34287 0.145299 0)
(0.401616 0.21952 0)
(0.466364 0.299417 0)
(0.535446 0.383998 0)
(0.606149 0.472785 0)
(0.674069 0.565242 0)
(0.732311 0.661251 0)
(0.772615 0.760485 0)
(0.786727 0.862245 0)
(0.767253 0.964893 0)
(0.708944 1.06541 0)
(0.609541 1.15909 0)
(0.470519 1.23958 0)
(0.297893 1.29946 0)
(0.102122 1.33194 0)
(0.00133904 -0.266139 0)
(0.00442558 -0.265056 0)
(0.00872974 -0.262878 0)
(0.0150044 -0.258965 0)
(0.0238539 -0.25321 0)
(0.036216 -0.244925 0)
(0.0528093 -0.233051 0)
(0.0736381 -0.217578 0)
(0.098588 -0.197474 0)
(0.128248 -0.171982 0)
(0.161964 -0.140246 0)
(0.199679 -0.101413 0)
(0.24231 -0.0532626 0)
(0.289138 0.00307462 0)
(0.340742 0.0678639 0)
(0.398506 0.141243 0)
(0.462426 0.222315 0)
(0.53145 0.310001 0)
(0.604244 0.403594 0)
(0.678484 0.502902 0)
(0.749768 0.607721 0)
(0.811235 0.718106 0)
(0.854477 0.834032 0)
(0.870613 0.954992 0)
(0.851265 1.07923 0)
(0.789842 1.20313 0)
(0.682618 1.32073 0)
(0.5298 1.42364 0)
(0.337134 1.50143 0)
(0.115987 1.54444 0)
(0.00175042 -0.299638 0)
(0.00568997 -0.298553 0)
(0.0110856 -0.296211 0)
(0.0186611 -0.292316 0)
(0.0292993 -0.286357 0)
(0.0439847 -0.277555 0)
(0.063187 -0.265637 0)
(0.0872075 -0.249807 0)
(0.116117 -0.229007 0)
(0.150306 -0.202256 0)
(0.189264 -0.169088 0)
(0.233481 -0.127257 0)
(0.282739 -0.0766634 0)
(0.335996 -0.0171271 0)
(0.394494 0.0518404 0)
(0.45871 0.130056 0)
(0.528186 0.216749 0)
(0.602325 0.311097 0)
(0.680115 0.412777 0)
(0.759239 0.521735 0)
(0.83548 0.638387 0)
(0.902045 0.763118 0)
(0.950279 0.896557 0)
(0.970625 1.03842 0)
(0.953363 1.1871 0)
(0.890074 1.33854 0)
(0.774923 1.48537 0)
(0.606049 1.61675 0)
(0.388515 1.71805 0)
(0.134398 1.77559 0)
(0.00215251 -0.333883 0)
(0.00699693 -0.332773 0)
(0.0134106 -0.330477 0)
(0.0223995 -0.326583 0)
(0.0349298 -0.32057 0)
(0.0517607 -0.311869 0)
(0.0736236 -0.299931 0)
(0.101112 -0.283986 0)
(0.134252 -0.26271 0)
(0.173188 -0.235383 0)
(0.218213 -0.200628 0)
(0.268999 -0.156837 0)
(0.324911 -0.104517 0)
(0.385515 -0.0424229 0)
(0.451128 0.0298194 0)
(0.522187 0.111662 0)
(0.598207 0.20268 0)
(0.678467 0.302437 0)
(0.762217 0.410892 0)
(0.847692 0.528409 0)
(0.93081 0.656036 0)
(1.00486 0.794852 0)
(1.06096 0.946198 0)
(1.08852 1.11054 0)
(1.07636 1.28674 0)
(1.01355 1.47059 0)
(0.891288 1.65337 0)
(0.704318 1.82139 0)
(0.456289 1.9541 0)
(0.15916 2.03236 0)
(0.0025821 -0.368886 0)
(0.00824404 -0.367834 0)
(0.0157293 -0.365628 0)
(0.0260944 -0.36185 0)
(0.0403386 -0.356066 0)
(0.0594681 -0.347671 0)
(0.0841026 -0.335897 0)
(0.115125 -0.319952 0)
(0.15257 -0.298725 0)
(0.196868 -0.271037 0)
(0.248172 -0.235032 0)
(0.30556 -0.190574 0)
(0.368552 -0.1368 0)
(0.436751 -0.0730108 0)
(0.510058 0.00133028 0)
(0.588353 0.0857473 0)
(0.671266 0.179805 0)
(0.758481 0.283407 0)
(0.849592 0.397028 0)
(0.943109 0.521774 0)
(1.03531 0.659172 0)
(1.11966 0.811285 0)
(1.18705 0.980589 0)
(1.22604 1.16872 0)
(1.22341 1.3756 0)
(1.16506 1.59747 0)
(1.03804 1.82461 0)
(0.831605 2.04034 0)
(0.546775 2.21581 0)
(0.193113 2.32478 0)
(0.00294172 -0.404715 0)
(0.00943967 -0.403812 0)
(0.0178985 -0.401665 0)
(0.0295734 -0.398225 0)
(0.0455678 -0.392834 0)
(0.0668915 -0.384843 0)
(0.0944155 -0.373607 0)
(0.128993 -0.357903 0)
(0.17094 -0.337041 0)
(0.220958 -0.308783 0)
(0.278559 -0.272717 0)
(0.342672 -0.227917 0)
(0.413081 -0.173502 0)
(0.489114 -0.108731 0)
(0.570198 -0.0333845 0)
(0.656043 0.0521951 0)
(0.746451 0.147817 0)
(0.841384 0.25381 0)
(0.940993 0.370921 0)
(1.0443 0.500845 0)
(1.14794 0.64624 0)
(1.24592 0.810262 0)
(1.32904 0.99683 0)
(1.38479 1.20949 0)
(1.39793 1.45 0)
(1.35033 1.71611 0)
(1.22347 1.99795 0)
(0.997735 2.27643 0)
(0.669668 2.51127 0)
(0.240903 2.66745 0)
(0.00325843 -0.441439 0)
(0.0105298 -0.440587 0)
(0.0199183 -0.438807 0)
(0.0327184 -0.435621 0)
(0.0503779 -0.430832 0)
(0.0738919 -0.423452 0)
(0.104311 -0.412779 0)
(0.142551 -0.397925 0)
(0.189411 -0.377094 0)
(0.245111 -0.348918 0)
(0.308821 -0.313273 0)
(0.379971 -0.268538 0)
(0.45794 -0.214042 0)
(0.541836 -0.149229 0)
(0.630751 -0.0739802 0)
(0.724254 0.0116438 0)
(0.822477 0.1071 0)
(0.925808 0.213319 0)
(1.03487 0.331716 0)
(1.1496 0.464637 0)
(1.26737 0.615455 0)
(1.3826 0.789098 0)
(1.48647 0.991305 0)
(1.56592 1.22822 0)
(1.60339 1.50461 0)
(1.57606 1.82137 0)
(1.45834 2.17026 0)
(1.21662 2.53173 0)
(0.84013 2.8508 0)
(0.310239 3.08305 0)
(0.00357986 -0.479029 0)
(0.0114116 -0.47829 0)
(0.0216213 -0.477003 0)
(0.0355548 -0.474207 0)
(0.0546968 -0.470003 0)
(0.0804336 -0.463458 0)
(0.113563 -0.453598 0)
(0.155759 -0.439481 0)
(0.207697 -0.418878 0)
(0.268823 -0.391491 0)
(0.338843 -0.356328 0)
(0.417095 -0.312074 0)
(0.502561 -0.258203 0)
(0.594158 -0.194241 0)
(0.690852 -0.120326 0)
(0.791853 -0.0364896 0)
(0.897707 0.0571275 0)
(1.00985 0.161628 0)
(1.12948 0.278775 0)
(1.25711 0.411777 0)
(1.39128 0.564946 0)
(1.52781 0.744886 0)
(1.65838 0.959728 0)
(1.76978 1.21895 0)
(1.84283 1.53188 0)
(1.84962 1.90498 0)
(1.75636 2.33488 0)
(1.50817 2.80563 0)
(1.08338 3.24538 0)
(0.415022 3.59716 0)
(0.00381197 -0.517521 0)
(0.0120475 -0.517038 0)
(0.022978 -0.515962 0)
(0.0379669 -0.513975 0)
(0.0584409 -0.510492 0)
(0.0861985 -0.504708 0)
(0.122297 -0.495989 0)
(0.168593 -0.481905 0)
(0.225405 -0.462404 0)
(0.292024 -0.43595 0)
(0.368384 -0.401484 0)
(0.453563 -0.358126 0)
(0.546314 -0.305424 0)
(0.645243 -0.243419 0)
(0.749064 -0.172178 0)
(0.857345 -0.0917998 0)
(0.971065 -0.00163731 0)
(1.09204 0.0987866 0)
(1.22248 0.211906 0)
(1.36423 0.341468 0)
(1.5172 0.49312 0)
(1.67869 0.674603 0)
(1.84202 0.897038 0)
(1.99505 1.17417 0)
(2.11795 1.52144 0)
(2.17837 1.95421 0)
(2.13405 2.47973 0)
(1.89957 3.09356 0)
(1.43437 3.71936 0)
(0.573599 4.3045 0)
(0.00394091 -0.557059 0)
(0.0125788 -0.556818 0)
(0.0239166 -0.556003 0)
(0.0396561 -0.554846 0)
(0.0616474 -0.552074 0)
(0.0913122 -0.547271 0)
(0.130668 -0.539051 0)
(0.18095 -0.525744 0)
(0.242164 -0.507254 0)
(0.314515 -0.481691 0)
(0.39721 -0.448173 0)
(0.489138 -0.40623 0)
(0.58859 -0.355512 0)
(0.694092 -0.296338 0)
(0.804566 -0.228884 0)
(0.919759 -0.153362 0)
(1.04065 -0.0691342 0)
(1.17 0.0250447 0)
(1.31149 0.131069 0)
(1.46802 0.25355 0)
(1.64113 0.398459 0)
(1.83075 0.575525 0)
(2.03306 0.798256 0)
(2.23809 1.08505 0)
(2.42789 1.4594 0)
(2.5684 1.94911 0)
(2.61119 2.57871 0)
(2.43779 3.36178 0)
(1.99334 4.19168 0)
(0.855106 5.02305 0)
(0.00399172 -0.597569 0)
(0.0128373 -0.597631 0)
(0.0244547 -0.597381 0)
(0.040913 -0.596658 0)
(0.0641217 -0.594589 0)
(0.0959665 -0.590705 0)
(0.138444 -0.582624 0)
(0.192443 -0.570623 0)
(0.258447 -0.552679 0)
(0.336336 -0.528136 0)
(0.424979 -0.495896 0)
(0.523059 -0.455807 0)
(0.628732 -0.407971 0)
(0.740213 -0.352501 0)
(0.856296 -0.290121 0)
(0.977158 -0.220984 0)
(1.10487 -0.144634 0)
(1.2422 -0.0596174 0)
(1.39386 0.0363126 0)
(1.56477 0.147223 0)
(1.75869 0.2799 0)
(1.97854 0.445114 0)
(2.22417 0.657949 0)
(2.49092 0.941591 0)
(2.76604 1.32954 0)
(3.018 1.86795 0)
(3.19463 2.62311 0)
(3.11156 3.67597 0)
(2.68437 5.08968 0)
(1.17904 6.85474 0)
(0.00389347 -0.63915 0)
(0.0127184 -0.639397 0)
(0.0246451 -0.639548 0)
(0.0417482 -0.639346 0)
(0.0661111 -0.637991 0)
(0.100286 -0.63412 0)
(0.145731 -0.626991 0)
(0.203411 -0.615586 0)
(0.274031 -0.598385 0)
(0.357104 -0.574843 0)
(0.451457 -0.544158 0)
(0.555083 -0.506399 0)
(0.66607 -0.461852 0)
(0.782479 -0.411313 0)
(0.903204 -0.355208 0)
(1.02887 -0.293866 0)
(1.16167 -0.227067 0)
(1.30571 -0.154116 0)
(1.46662 -0.0719831 0)
(1.65071 0.0230151 0)
(1.86456 0.137797 0)
(2.11429 0.282347 0)
(2.40544 0.47287 0)
(2.7418 0.734773 0)
(3.12263 1.10785 0)
(3.53818 1.65309 0)
(3.96552 2.46176 0)
(4.27842 3.62055 0)
(4.37994 5.18379 0)
(2.23777 7.32922 0)
(0.00380609 -0.681867 0)
(0.012538 -0.682192 0)
(0.0244916 -0.682576 0)
(0.0420791 -0.682712 0)
(0.0680394 -0.681565 0)
(0.104216 -0.678036 0)
(0.152345 -0.671495 0)
(0.213898 -0.660453 0)
(0.289005 -0.643986 0)
(0.377008 -0.621379 0)
(0.476313 -0.592553 0)
(0.58479 -0.557685 0)
(0.700047 -0.517256 0)
(0.820195 -0.472313 0)
(0.944382 -0.423461 0)
(1.07326 -0.371335 0)
(1.20969 -0.31605 0)
(1.35851 -0.256805 0)
(1.52671 -0.191539 0)
(1.72211 -0.11703 0)
(1.95319 -0.027416 0)
(2.22986 0.0868974 0)
(2.56352 0.24093 0)
(2.96723 0.459222 0)
(3.45499 0.786897 0)
(4.03462 1.30084 0)
(4.67571 2.20035 0)
(5.20379 3.66788 0)
(5.5743 7.16517 0)
(2.85926 13.2433 0)
(0.00366526 -0.720899 0)
(0.0122213 -0.721326 0)
(0.024278 -0.721944 0)
(0.0424631 -0.722156 0)
(0.0694589 -0.72089 0)
(0.107476 -0.71765 0)
(0.158261 -0.711057 0)
(0.223029 -0.700157 0)
(0.301905 -0.684247 0)
(0.393813 -0.662775 0)
(0.496938 -0.635892 0)
(0.608881 -0.603963 0)
(0.727095 -0.567861 0)
(0.849563 -0.528491 0)
(0.975483 -0.486958 0)
(1.10582 -0.444048 0)
(1.24379 -0.400118 0)
(1.39504 -0.354736 0)
(1.56699 -0.306715 0)
(1.76865 -0.253737 0)
(2.0111 -0.191305 0)
(2.30703 -0.112384 0)
(2.67265 -0.00512621 0)
(3.13302 0.150545 0)
(3.72411 0.391745 0)
(4.54058 0.78294 0)
(5.61424 1.50251 0)
(7.64668 2.72729 0)
(10.1343 5.91361 0)
(17.9718 11.7954 0)
(0.0035351 -0.756115 0)
(0.011876 -0.756527 0)
(0.0239696 -0.757129 0)
(0.0427542 -0.757164 0)
(0.0709002 -0.755814 0)
(0.110478 -0.752218 0)
(0.163498 -0.745482 0)
(0.230999 -0.734537 0)
(0.312868 -0.719022 0)
(0.407889 -0.698607 0)
(0.513894 -0.673618 0)
(0.628289 -0.644637 0)
(0.748337 -0.612653 0)
(0.872001 -0.578762 0)
(0.998504 -0.544328 0)
(1.12899 -0.51029 0)
(1.26707 -0.477257 0)
(1.41862 -0.445225 0)
(1.59179 -0.413791 0)
(1.79654 -0.381283 0)
(2.04446 -0.345424 0)
(2.35018 -0.302625 0)
(2.73349 -0.24596 0)
(3.22398 -0.16433 0)
(3.86512 -0.0376826 0)
(4.7603 0.169571 0)
(5.96283 0.537716 0)
(8.10474 1.1568 0)
(10.7215 2.20816 0)
(18.5118 4.34235 0)
(0.00341857 -0.791834 0)
(0.0116127 -0.792167 0)
(0.023896 -0.792357 0)
(0.043252 -0.791933 0)
(0.072426 -0.79019 0)
(0.113675 -0.786176 0)
(0.168869 -0.778954 0)
(0.238904 -0.767962 0)
(0.323463 -0.752785 0)
(0.421055 -0.7335 0)
(0.529322 -0.71055 0)
(0.645463 -0.684731 0)
(0.766621 -0.65717 0)
(0.890559 -0.629168 0)
(1.01657 -0.602236 0)
(1.14606 -0.577504 0)
(1.28283 -0.555829 0)
(1.43312 -0.537757 0)
(1.60536 -0.523217 0)
(1.80967 -0.512256 0)
(2.0583 -0.504627 0)
(2.36672 -0.499607 0)
(2.75565 -0.496506 0)
(3.25805 -0.494774 0)
(3.92457 -0.492522 0)
(4.88615 -0.486662 0)
(6.20395 -0.46915 0)
(8.66442 -0.453136 0)
(11.4676 -0.407902 0)
(19.5856 -0.424076 0)
(0.00333555 -0.827593 0)
(0.0115623 -0.827697 0)
(0.0241102 -0.82734 0)
(0.0440547 -0.826333 0)
(0.0743543 -0.823825 0)
(0.117218 -0.819023 0)
(0.174425 -0.811236 0)
(0.2467 -0.800042 0)
(0.333545 -0.785303 0)
(0.43323 -0.767219 0)
(0.543156 -0.746444 0)
(0.660317 -0.723961 0)
(0.781677 -0.701094 0)
(0.904963 -0.679355 0)
(1.0295 -0.660198 0)
(1.15683 -0.645003 0)
(1.29091 -0.634877 0)
(1.43818 -0.630766 0)
(1.60709 -0.633468 0)
(1.80769 -0.644148 0)
(2.05205 -0.664536 0)
(2.35505 -0.697459 0)
(2.73639 -0.748339 0)
(3.22638 -0.826731 0)
(3.87001 -0.95199 0)
(4.77441 -1.1589 0)
(5.9834 -1.52952 0)
(8.14024 -2.14752 0)
(10.7642 -3.17158 0)
(18.7278 -5.29068 0)
(0.00335672 -0.863077 0)
(0.0117652 -0.862792 0)
(0.0247149 -0.861844 0)
(0.0453614 -0.859873 0)
(0.0768119 -0.856386 0)
(0.121228 -0.850586 0)
(0.180255 -0.842054 0)
(0.254463 -0.830556 0)
(0.343156 -0.81617 0)
(0.44437 -0.799336 0)
(0.555277 -0.780881 0)
(0.672674 -0.761979 0)
(0.793386 -0.744082 0)
(0.915098 -0.728757 0)
(1.03718 -0.717579 0)
(1.16126 -0.711996 0)
(1.29137 -0.713341 0)
(1.43397 -0.722942 0)
(1.59733 -0.742349 0)
(1.79103 -0.773806 0)
(2.0263 -0.820938 0)
(2.31643 -0.889663 0)
(2.67806 -0.99045 0)
(3.1358 -1.14204 0)
(3.72513 -1.38127 0)
(4.53938 -1.77397 0)
(5.614 -2.50117 0)
(7.65846 -3.72736 0)
(10.188 -6.93252 0)
(18.1128 -12.7963 0)
(23.9639 2.95469 0)
(21.507 -0.490456 0)
(22.3664 -0.674507 0)
(22.8805 -0.447202 0)
(22.9728 -0.234097 0)
(23.0001 -0.115999 0)
(22.9914 -0.0578649 0)
(22.9595 -0.0291241 0)
(22.9167 -0.0147325 0)
(22.8697 -0.00748583 0)
(22.8217 -0.00382284 0)
(22.7749 -0.00195186 0)
(22.7307 -0.000998564 0)
(22.6905 -0.000512492 0)
(22.655 -0.000263051 0)
(22.6246 -0.00013276 0)
(22.6002 -6.39097e-05 0)
(22.5805 -2.63261e-05 0)
(22.5697 -6.95511e-06 0)
(22.5552 2.74704e-06 0)
(22.5681 6.59786e-06 0)
(22.5416 7.60751e-06 0)
(22.6051 6.82221e-06 0)
(22.5404 4.73341e-06 0)
(22.5821 2.27196e-06 0)
(25.1423 -0.652265 0)
(24.5589 -0.309203 0)
(23.848 -0.0738509 0)
(23.5561 0.00478513 0)
(23.3329 0.0309785 0)
(23.1797 0.0267711 0)
(23.0793 0.0175574 0)
(23.0035 0.0105326 0)
(22.9393 0.00599454 0)
(22.8815 0.00329271 0)
(22.8282 0.00177379 0)
(22.7786 0.000944612 0)
(22.7331 0.000499583 0)
(22.6922 0.000266447 0)
(22.6563 0.000144094 0)
(22.6258 8.00156e-05 0)
(22.6013 4.92173e-05 0)
(22.5815 3.53561e-05 0)
(22.5706 2.90812e-05 0)
(22.5562 2.60734e-05 0)
(22.5691 2.32289e-05 0)
(22.5425 1.97192e-05 0)
(22.606 1.5153e-05 0)
(22.5414 9.58307e-06 0)
(22.583 3.52562e-06 0)
(24.6775 -0.173207 0)
(23.0508 -0.0943014 0)
(22.8626 -0.04365 0)
(22.9789 -0.0210734 0)
(22.9993 -0.00940203 0)
(22.99 -0.00399466 0)
(22.9764 -0.00189964 0)
(22.9489 -0.00106762 0)
(22.9104 -0.000624549 0)
(22.8664 -0.00036454 0)
(22.8203 -0.000210685 0)
(22.7745 -0.000120079 0)
(22.731 -6.64498e-05 0)
(22.6911 -3.59847e-05 0)
(22.6557 -1.70121e-05 0)
(22.6255 -3.58056e-06 0)
(22.6011 6.8963e-06 0)
(22.5814 1.52628e-05 0)
(22.5706 2.10328e-05 0)
(22.5561 2.37066e-05 0)
(22.5691 2.33788e-05 0)
(22.5425 2.08688e-05 0)
(22.606 1.62847e-05 0)
(22.5414 1.02698e-05 0)
(22.583 3.38719e-06 0)
(25.2284 0.512183 0)
(24.714 0.228452 0)
(23.9204 0.0447694 0)
(23.5907 -0.0201471 0)
(23.3476 -0.0394343 0)
(23.1853 -0.0316861 0)
(23.0817 -0.0204529 0)
(23.0048 -0.0122366 0)
(22.94 -0.00700867 0)
(22.8819 -0.00389746 0)
(22.8284 -0.00212728 0)
(22.7788 -0.00114429 0)
(22.7332 -0.000608774 0)
(22.6922 -0.000324572 0)
(22.6563 -0.000171565 0)
(22.6258 -8.56009e-05 0)
(22.6013 -3.76918e-05 0)
(22.5815 -9.7707e-06 0)
(22.5706 5.77818e-06 0)
(22.5562 1.30199e-05 0)
(22.5691 1.51836e-05 0)
(22.5425 1.44329e-05 0)
(22.606 1.13354e-05 0)
(22.5414 7.12962e-06 0)
(22.583 1.95911e-06 0)
(24.3141 -3.30419 0)
(21.4489 0.454008 0)
(22.3971 0.678361 0)
(22.8945 0.448413 0)
(22.9823 0.23571 0)
(23.0053 0.114992 0)
(22.9946 0.0569105 0)
(22.9614 0.0284957 0)
(22.9178 0.014342 0)
(22.8704 0.0072513 0)
(22.8221 0.00367943 0)
(22.7751 0.00187224 0)
(22.7309 0.000956313 0)
(22.6906 0.000490189 0)
(22.655 0.000252537 0)
(22.6247 0.000130762 0)
(22.6003 6.85449e-05 0)
(22.5805 3.6651e-05 0)
(22.5697 2.0783e-05 0)
(22.5552 1.26396e-05 0)
(22.5681 8.43594e-06 0)
(22.5416 5.67582e-06 0)
(22.605 3.38154e-06 0)
(22.5404 1.70949e-06 0)
(22.582 -1.74422e-07 0)
(0.00352632 -0.902565 0)
(0.0123732 -0.901717 0)
(0.0260133 -0.899876 0)
(0.047589 -0.896488 0)
(0.080336 -0.891614 0)
(0.12642 -0.884424 0)
(0.187255 -0.874847 0)
(0.26325 -0.862887 0)
(0.353476 -0.848904 0)
(0.455723 -0.8336 0)
(0.566923 -0.817996 0)
(0.683675 -0.803422 0)
(0.802693 -0.791416 0)
(0.921625 -0.783557 0)
(1.03987 -0.781459 0)
(1.15913 -0.786622 0)
(1.28342 -0.800568 0)
(1.41904 -0.824987 0)
(1.57383 -0.862115 0)
(1.75651 -0.91522 0)
(1.97675 -0.989551 0)
(2.245 -1.09349 0)
(2.57261 -1.24111 0)
(2.97271 -1.45639 0)
(3.45913 -1.78299 0)
(4.04156 -2.29613 0)
(4.68949 -3.19257 0)
(5.2246 -4.65781 0)
(5.59146 -8.17015 0)
(2.86782 -14.3097 0)
(0.00397966 -0.945238 0)
(0.0137336 -0.943663 0)
(0.028529 -0.940573 0)
(0.0513654 -0.935399 0)
(0.0855446 -0.928638 0)
(0.133329 -0.919671 0)
(0.195763 -0.908753 0)
(0.2731 -0.896218 0)
(0.36415 -0.882758 0)
(0.466474 -0.869346 0)
(0.576794 -0.85718 0)
(0.69154 -0.847702 0)
(0.80736 -0.842461 0)
(0.921886 -0.843 0)
(1.03454 -0.850864 0)
(1.14702 -0.86758 0)
(1.26321 -0.89477 0)
(1.38905 -0.934407 0)
(1.53166 -0.989251 0)
(1.69844 -1.06334 0)
(1.89692 -1.16301 0)
(2.13402 -1.29799 0)
(2.41518 -1.48372 0)
(2.74389 -1.74454 0)
(3.11942 -2.11935 0)
(3.53034 -2.66804 0)
(3.95194 -3.48387 0)
(4.26039 -4.65239 0)
(4.36326 -6.21009 0)
(2.23543 -8.34491 0)
(0.00472077 -0.98544 0)
(0.0159113 -0.983077 0)
(0.0322784 -0.978505 0)
(0.0566358 -0.971485 0)
(0.0922565 -0.962422 0)
(0.141489 -0.951605 0)
(0.205028 -0.939267 0)
(0.282948 -0.926228 0)
(0.37384 -0.913475 0)
(0.475106 -0.902217 0)
(0.583327 -0.893773 0)
(0.694832 -0.889617 0)
(0.806259 -0.89123 0)
(0.915258 -0.900049 0)
(1.02125 -0.917469 0)
(1.12585 -0.944964 0)
(1.23277 -0.984149 0)
(1.34743 -1.03711 0)
(1.47611 -1.10685 0)
(1.62482 -1.19774 0)
(1.7989 -1.3164 0)
(2.00192 -1.47265 0)
(2.23415 -1.68118 0)
(2.49092 -1.96369 0)
(2.75905 -2.3521 0)
(3.00631 -2.89167 0)
(3.18031 -3.64562 0)
(3.09783 -4.69244 0)
(2.6709 -6.09666 0)
(1.17191 -7.85002 0)
(0.00577146 -1.02205 0)
(0.0189916 -1.01887 0)
(0.0373173 -1.01273 0)
(0.0635565 -1.00386 0)
(0.100612 -0.992393 0)
(0.150877 -0.97977 0)
(0.214994 -0.966137 0)
(0.292645 -0.952824 0)
(0.382345 -0.941071 0)
(0.481404 -0.932273 0)
(0.586342 -0.927813 0)
(0.693468 -0.929125 0)
(0.799455 -0.937556 0)
(0.902001 -0.954367 0)
(1.0005 -0.980766 0)
(1.09648 -1.01806 0)
(1.19337 -1.06777 0)
(1.29605 -1.13196 0)
(1.40991 -1.2136 0)
(1.53962 -1.31703 0)
(1.68856 -1.44857 0)
(1.85754 -1.61726 0)
(2.04301 -1.83576 0)
(2.23538 -2.12137 0)
(2.41613 -2.49654 0)
(2.55035 -2.98783 0)
(2.58874 -3.61858 0)
(2.41251 -4.40179 0)
(1.96894 -5.23169 0)
(0.84393 -6.05703 0)
(0.00713269 -1.0538 0)
(0.0229799 -1.04985 0)
(0.0436612 -1.04223 0)
(0.0720521 -1.03155 0)
(0.110513 -1.01809 0)
(0.161387 -1.00376 0)
(0.225448 -0.989229 0)
(0.301943 -0.976026 0)
(0.389413 -0.965665 0)
(0.485152 -0.959658 0)
(0.585712 -0.959402 0)
(0.687449 -0.966231 0)
(0.787129 -0.981312 0)
(0.882511 -1.00568 0)
(0.972978 -1.04031 0)
(1.05991 -1.08627 0)
(1.14644 -1.14493 0)
(1.23691 -1.21814 0)
(1.33584 -1.30869 0)
(1.44673 -1.42059 0)
(1.57135 -1.55946 0)
(1.70846 -1.73303 0)
(1.85208 -1.95141 0)
(1.99011 -2.22727 0)
(2.10232 -2.57507 0)
(2.15579 -3.00877 0)
(2.10766 -3.53425 0)
(1.87308 -4.14538 0)
(1.41263 -4.76442 0)
(0.564604 -5.34043 0)
(0.00876709 -1.07937 0)
(0.0277684 -1.07477 0)
(0.0511914 -1.06595 0)
(0.0818501 -1.05377 0)
(0.121675 -1.03896 0)
(0.172752 -1.02324 0)
(0.23601 -1.00848 0)
(0.310501 -0.995912 0)
(0.394748 -0.987423 0)
(0.486148 -0.984548 0)
(0.581359 -0.98867 0)
(0.676862 -1.00097 0)
(0.769558 -1.02242 0)
(0.857286 -1.05379 0)
(0.939425 -1.0958 0)
(1.0172 -1.14923 0)
(1.09343 -1.2152 0)
(1.17193 -1.29531 0)
(1.25647 -1.39199 0)
(1.34956 -1.50873 0)
(1.45177 -1.65026 0)
(1.56048 -1.82278 0)
(1.66842 -2.03387 0)
(1.7627 -2.29209 0)
(1.8238 -2.60563 0)
(1.82332 -2.97964 0)
(1.727 -3.40953 0)
(1.48028 -3.87815 0)
(1.06152 -4.31388 0)
(0.406127 -4.66103 0)
(0.010619 -1.09749 0)
(0.033149 -1.09247 0)
(0.05958 -1.0829 0)
(0.0925082 -1.06977 0)
(0.133654 -1.05439 0)
(0.184492 -1.03805 0)
(0.246155 -1.02382 0)
(0.317899 -1.01256 0)
(0.398023 -1.00649 0)
(0.484204 -1.0071 0)
(0.573261 -1.01572 0)
(0.661868 -1.03338 0)
(0.747098 -1.06082 0)
(0.826897 -1.09856 0)
(0.900644 -1.14703 0)
(0.969415 -1.20673 0)
(1.03573 -1.27844 0)
(1.10292 -1.36347 0)
(1.17409 -1.46381 0)
(1.25099 -1.58233 0)
(1.33334 -1.7228 0)
(1.41772 -1.88995 0)
(1.49638 -2.08911 0)
(1.55676 -2.32553 0)
(1.5812 -2.60293 0)
(1.54645 -2.92099 0)
(1.42648 -3.27038 0)
(1.18761 -3.63065 0)
(0.818732 -3.94715 0)
(0.301975 -4.1758 0)
(0.0125714 -1.10713 0)
(0.0388238 -1.10201 0)
(0.0684016 -1.09224 0)
(0.103465 -1.07896 0)
(0.145713 -1.06376 0)
(0.195923 -1.0482 0)
(0.255329 -1.03503 0)
(0.32363 -1.02601 0)
(0.398885 -1.02293 0)
(0.479147 -1.02738 0)
(0.561436 -1.0406 0)
(0.642681 -1.06344 0)
(0.72016 -1.09643 0)
(0.791951 -1.13985 0)
(0.857445 -1.19385 0)
(0.917598 -1.25864 0)
(0.974634 -1.33466 0)
(1.03144 -1.42285 0)
(1.0906 -1.52476 0)
(1.15327 -1.6426 0)
(1.21862 -1.77925 0)
(1.28286 -1.93812 0)
(1.33829 -2.12268 0)
(1.37327 -2.33576 0)
(1.37247 -2.57811 0)
(1.31741 -2.84636 0)
(1.18904 -3.12966 0)
(0.967332 -3.40823 0)
(0.648153 -3.64201 0)
(0.232902 -3.79626 0)
(0.0145007 -1.1076 0)
(0.044442 -1.10267 0)
(0.0770562 -1.09337 0)
(0.114094 -1.08088 0)
(0.156972 -1.0669 0)
(0.206267 -1.05327 0)
(0.26297 -1.04208 0)
(0.327069 -1.03618 0)
(0.396982 -1.03668 0)
(0.470812 -1.04532 0)
(0.545932 -1.06319 0)
(0.619548 -1.091 0)
(0.689181 -1.1291 0)
(0.753063 -1.17751 0)
(0.810613 -1.23614 0)
(0.862697 -1.30493 0)
(0.911276 -1.38397 0)
(0.958843 -1.47383 0)
(1.00754 -1.57561 0)
(1.05811 -1.69092 0)
(1.10937 -1.82183 0)
(1.15743 -1.97063 0)
(1.195 -2.13944 0)
(1.21159 -2.32935 0)
(1.1942 -2.53933 0)
(1.1284 -2.76461 0)
(1.00058 -2.99456 0)
(0.799282 -3.21187 0)
(0.524558 -3.38771 0)
(0.185071 -3.49603 0)
(0.0163092 -1.09855 0)
(0.0496142 -1.09416 0)
(0.0849183 -1.08605 0)
(0.123527 -1.07531 0)
(0.166644 -1.06363 0)
(0.214733 -1.05288 0)
(0.268281 -1.04503 0)
(0.327722 -1.04277 0)
(0.391952 -1.04754 0)
(0.459055 -1.06067 0)
(0.52681 -1.08324 0)
(0.592729 -1.1158 0)
(0.654596 -1.15854 0)
(0.71082 -1.21128 0)
(0.760875 -1.27372 0)
(0.805558 -1.34552 0)
(0.846623 -1.4265 0)
(0.886201 -1.5168 0)
(0.926068 -1.61716 0)
(0.966669 -1.72861 0)
(1.00663 -1.85256 0)
(1.04214 -1.99045 0)
(1.06642 -2.14336 0)
(1.07019 -2.31133 0)
(1.04257 -2.49235 0)
(0.972376 -2.68127 0)
(0.850038 -2.86853 0)
(0.669358 -3.03975 0)
(0.432739 -3.17423 0)
(0.150784 -3.25291 0)
(0.0178261 -1.08016 0)
(0.0539198 -1.07674 0)
(0.0913486 -1.07038 0)
(0.131086 -1.06222 0)
(0.173976 -1.05382 0)
(0.220366 -1.04701 0)
(0.270631 -1.04356 0)
(0.325164 -1.04547 0)
(0.383411 -1.05512 0)
(0.443754 -1.073 0)
(0.504144 -1.10028 0)
(0.562478 -1.13738 0)
(0.616816 -1.18433 0)
(0.665762 -1.2408 0)
(0.708872 -1.30632 0)
(0.746907 -1.3803 0)
(0.781463 -1.4623 0)
(0.814345 -1.55212 0)
(0.847012 -1.65009 0)
(0.8797 -1.75684 0)
(0.910926 -1.87319 0)
(0.937032 -1.99996 0)
(0.951806 -2.13756 0)
(0.947089 -2.28538 0)
(0.913809 -2.44103 0)
(0.843286 -2.59957 0)
(0.728881 -2.75277 0)
(0.567584 -2.88909 0)
(0.362971 -2.99357 0)
(0.125417 -3.05245 0)
(0.0189074 -1.05318 0)
(0.0570312 -1.05094 0)
(0.0959203 -1.04689 0)
(0.136082 -1.04205 0)
(0.178174 -1.03771 0)
(0.222509 -1.0356 0)
(0.269452 -1.03725 0)
(0.31896 -1.04412 0)
(0.37109 -1.05881 0)
(0.424823 -1.08171 0)
(0.478012 -1.11369 0)
(0.529031 -1.15509 0)
(0.576208 -1.20586 0)
(0.618362 -1.26554 0)
(0.65515 -1.3335 0)
(0.687339 -1.40898 0)
(0.716402 -1.49129 0)
(0.743871 -1.57995 0)
(0.770911 -1.67491 0)
(0.797589 -1.77649 0)
(0.822371 -1.88505 0)
(0.841766 -2.001 0)
(0.850096 -2.1243 0)
(0.840185 -2.25404 0)
(0.804442 -2.3878 0)
(0.736103 -2.52113 0)
(0.630604 -2.64718 0)
(0.48685 -2.75685 0)
(0.308895 -2.83923 0)
(0.106132 -2.88445 0)
(0.0195263 -1.01877 0)
(0.0586887 -1.01788 0)
(0.0980881 -1.01644 0)
(0.138046 -1.01548 0)
(0.178869 -1.01572 0)
(0.220719 -1.01873 0)
(0.26417 -1.02586 0)
(0.30882 -1.03845 0)
(0.354923 -1.05803 0)
(0.402162 -1.08614 0)
(0.448526 -1.1227 0)
(0.49262 -1.16817 0)
(0.533104 -1.22238 0)
(0.569022 -1.28481 0)
(0.600157 -1.35469 0)
(0.627317 -1.43112 0)
(0.651887 -1.51321 0)
(0.675174 -1.60024 0)
(0.698054 -1.69185 0)
(0.72044 -1.7881 0)
(0.740775 -1.88904 0)
(0.755707 -1.99477 0)
(0.760026 -2.10504 0)
(0.747383 -2.21884 0)
(0.711377 -2.33393 0)
(0.646694 -2.44648 0)
(0.550226 -2.55088 0)
(0.422027 -2.64002 0)
(0.266238 -2.70589 0)
(0.0911259 -2.74138 0)
(0.0195821 -0.978467 0)
(0.058797 -0.979061 0)
(0.0977429 -0.980389 0)
(0.136631 -0.98327 0)
(0.17571 -0.988467 0)
(0.214828 -0.996791 0)
(0.254512 -1.00944 0)
(0.29458 -1.02795 0)
(0.334944 -1.05254 0)
(0.375805 -1.08547 0)
(0.415841 -1.12654 0)
(0.453481 -1.17576 0)
(0.487804 -1.23306 0)
(0.518086 -1.29781 0)
(0.544254 -1.36917 0)
(0.567193 -1.44613 0)
(0.58823 -1.52761 0)
(0.608476 -1.61271 0)
(0.628531 -1.70085 0)
(0.648147 -1.79184 0)
(0.665741 -1.88555 0)
(0.678056 -1.9819 0)
(0.680269 -2.08054 0)
(0.666707 -2.18051 0)
(0.631916 -2.27985 0)
(0.571681 -2.37533 0)
(0.483917 -2.46245 0)
(0.369362 -2.53568 0)
(0.232053 -2.58908 0)
(0.0792173 -2.61745 0)
(0.0190783 -0.934151 0)
(0.0572363 -0.936155 0)
(0.0949026 -0.940271 0)
(0.131927 -0.946835 0)
(0.168624 -0.956744 0)
(0.204822 -0.970258 0)
(0.240559 -0.988345 0)
(0.276155 -1.01225 0)
(0.311324 -1.04215 0)
(0.346078 -1.07913 0)
(0.38009 -1.1245 0)
(0.411886 -1.17708 0)
(0.440603 -1.23707 0)
(0.465864 -1.30372 0)
(0.487743 -1.37616 0)
(0.507234 -1.45328 0)
(0.525638 -1.53386 0)
(0.543877 -1.61685 0)
(0.562292 -1.70152 0)
(0.580457 -1.78749 0)
(0.596731 -1.87453 0)
(0.607922 -1.96244 0)
(0.609496 -2.05089 0)
(0.596331 -2.13903 0)
(0.563725 -2.2252 0)
(0.508296 -2.30676 0)
(0.428693 -2.38012 0)
(0.326059 -2.44096 0)
(0.204247 -2.48483 0)
(0.0695999 -2.50792 0)
(0.018065 -0.887835 0)
(0.0541625 -0.891066 0)
(0.0896529 -0.897658 0)
(0.124149 -0.907655 0)
(0.15796 -0.921689 0)
(0.19088 -0.939947 0)
(0.222685 -0.963015 0)
(0.253797 -0.991677 0)
(0.284252 -1.02633 0)
(0.313398 -1.06729 0)
(0.341606 -1.1158 0)
(0.36816 -1.17151 0)
(0.391819 -1.23369 0)
(0.412665 -1.30182 0)
(0.430906 -1.37491 0)
(0.447671 -1.45184 0)
(0.464258 -1.53126 0)
(0.481404 -1.61202 0)
(0.499206 -1.69329 0)
(0.51703 -1.77455 0)
(0.533144 -1.85553 0)
(0.544389 -1.93599 0)
(0.546434 -2.01564 0)
(0.534603 -2.09378 0)
(0.504793 -2.16907 0)
(0.454267 -2.23935 0)
(0.382206 -2.30177 0)
(0.29 -2.35296 0)
(0.181291 -2.38952 0)
(0.0617021 -2.40862 0)
(0.0166303 -0.841464 0)
(0.0497947 -0.845703 0)
(0.0823343 -0.854314 0)
(0.113718 -0.867154 0)
(0.144152 -0.884672 0)
(0.173503 -0.906875 0)
(0.201354 -0.934093 0)
(0.228167 -0.966848 0)
(0.254016 -1.00516 0)
(0.278266 -1.04976 0)
(0.301101 -1.10055 0)
(0.32254 -1.15865 0)
(0.341841 -1.22249 0)
(0.358826 -1.29156 0)
(0.374041 -1.36486 0)
(0.388736 -1.44119 0)
(0.40423 -1.51918 0)
(0.421074 -1.59757 0)
(0.439113 -1.67549 0)
(0.4575 -1.75236 0)
(0.474377 -1.82787 0)
(0.486574 -1.90181 0)
(0.489908 -1.97395 0)
(0.480055 -2.04373 0)
(0.453402 -2.1101 0)
(0.407722 -2.17131 0)
(0.342591 -2.22507 0)
(0.25955 -2.26875 0)
(0.162042 -2.2997 0)
(0.0551072 -2.31578 0)
(0.0148537 -0.7968 0)
(0.0444271 -0.801802 0)
(0.0733993 -0.811898 0)
(0.101145 -0.826912 0)
(0.127859 -0.847049 0)
(0.153426 -0.872171 0)
(0.177232 -0.902585 0)
(0.199932 -0.93832 0)
(0.221415 -0.979403 0)
(0.241099 -1.02663 0)
(0.259076 -1.07939 0)
(0.275741 -1.13845 0)
(0.29108 -1.20345 0)
(0.304764 -1.27279 0)
(0.3175 -1.34572 0)
(0.330712 -1.42098 0)
(0.345734 -1.49716 0)
(0.362932 -1.57298 0)
(0.38189 -1.64753 0)
(0.401544 -1.72025 0)
(0.419881 -1.79079 0)
(0.433681 -1.85902 0)
(0.438872 -1.92476 0)
(0.431416 -1.98762 0)
(0.408106 -2.04672 0)
(0.367126 -2.10068 0)
(0.308358 -2.14763 0)
(0.23344 -2.18547 0)
(0.145631 -2.21211 0)
(0.0495026 -2.22588 0)
(0.012841 -0.755331 0)
(0.038356 -0.760848 0)
(0.0633084 -0.771895 0)
(0.0870803 -0.788383 0)
(0.109852 -0.810119 0)
(0.131414 -0.837183 0)
(0.151221 -0.869596 0)
(0.169947 -0.907111 0)
(0.187082 -0.950101 0)
(0.202483 -0.998749 0)
(0.21635 -1.05263 0)
(0.228517 -1.11189 0)
(0.240027 -1.17672 0)
(0.250994 -1.24578 0)
(0.261724 -1.31764 0)
(0.273958 -1.39123 0)
(0.289029 -1.46512 0)
(0.307104 -1.53804 0)
(0.327496 -1.60909 0)
(0.348925 -1.67775 0)
(0.369206 -1.7437 0)
(0.385041 -1.80685 0)
(0.392447 -1.86711 0)
(0.387625 -1.92419 0)
(0.367714 -1.97739 0)
(0.331242 -2.02556 0)
(0.278331 -2.06715 0)
(0.210682 -2.10046 0)
(0.131394 -2.12379 0)
(0.0446528 -2.13581 0)
(0.0106738 -0.718246 0)
(0.0318773 -0.724027 0)
(0.0525353 -0.735547 0)
(0.0721796 -0.752745 0)
(0.0908763 -0.775143 0)
(0.108349 -0.803182 0)
(0.124235 -0.836321 0)
(0.138918 -0.874656 0)
(0.151962 -0.918306 0)
(0.163389 -0.967099 0)
(0.173324 -1.02121 0)
(0.181693 -1.08004 0)
(0.189608 -1.14339 0)
(0.197959 -1.2112 0)
(0.207255 -1.28129 0)
(0.218932 -1.35247 0)
(0.234471 -1.42346 0)
(0.253819 -1.49299 0)
(0.276001 -1.56027 0)
(0.299526 -1.6248 0)
(0.322038 -1.68635 0)
(0.340147 -1.74485 0)
(0.349941 -1.80032 0)
(0.34784 -1.85251 0)
(0.331284 -1.90085 0)
(0.299095 -1.94435 0)
(0.251592 -1.98172 0)
(0.190517 -2.01148 0)
(0.118824 -2.03226 0)
(0.0403795 -2.04293 0)
(0.00846071 -0.686406 0)
(0.0252475 -0.692196 0)
(0.0415474 -0.703733 0)
(0.0570742 -0.720844 0)
(0.0716288 -0.743244 0)
(0.085049 -0.771267 0)
(0.0970532 -0.804048 0)
(0.107811 -0.842263 0)
(0.117018 -0.88518 0)
(0.12449 -0.933384 0)
(0.13075 -0.986443 0)
(0.135921 -1.04382 0)
(0.140617 -1.10525 0)
(0.146477 -1.17013 0)
(0.154658 -1.23784 0)
(0.166204 -1.30573 0)
(0.182523 -1.37309 0)
(0.203415 -1.43865 0)
(0.227598 -1.50171 0)
(0.253372 -1.56189 0)
(0.278221 -1.61902 0)
(0.298665 -1.67311 0)
(0.310858 -1.7242 0)
(0.311435 -1.77213 0)
(0.298107 -1.81636 0)
(0.269952 -1.85604 0)
(0.227454 -1.88999 0)
(0.172379 -1.91695 0)
(0.107548 -1.93571 0)
(0.0365516 -1.94533 0)
(0.00628725 -0.660286 0)
(0.0187483 -0.66586 0)
(0.0308273 -0.676969 0)
(0.0422384 -0.693442 0)
(0.0526632 -0.715285 0)
(0.0622681 -0.742253 0)
(0.0704279 -0.774014 0)
(0.0774289 -0.810951 0)
(0.0829006 -0.852446 0)
(0.0866407 -0.899035 0)
(0.0896205 -0.949795 0)
(0.0916508 -1.00493 0)
(0.0938769 -1.06354 0)
(0.0974657 -1.12486 0)
(0.104482 -1.18853 0)
(0.116425 -1.25255 0)
(0.133734 -1.31546 0)
(0.156336 -1.37635 0)
(0.182595 -1.43465 0)
(0.210619 -1.49011 0)
(0.237749 -1.54264 0)
(0.260429 -1.59234 0)
(0.274894 -1.63928 0)
(0.277993 -1.6833 0)
(0.267692 -1.72392 0)
(0.243296 -1.76031 0)
(0.205428 -1.79142 0)
(0.155864 -1.81607 0)
(0.0972976 -1.83321 0)
(0.0330749 -1.84198 0)
(0.0042373 -0.639978 0)
(0.0126066 -0.645178 0)
(0.020647 -0.655586 0)
(0.0280384 -0.671137 0)
(0.0346379 -0.691697 0)
(0.0405403 -0.716911 0)
(0.0449887 -0.74722 0)
(0.0483678 -0.78179 0)
(0.050259 -0.821454 0)
(0.050708 -0.865083 0)
(0.0504915 -0.913228 0)
(0.0497137 -0.964996 0)
(0.0497199 -1.01984 0)
(0.0517431 -1.07725 0)
(0.0578812 -1.13553 0)
(0.070006 -1.19472 0)
(0.0886931 -1.25245 0)
(0.113078 -1.30795 0)
(0.141381 -1.36088 0)
(0.171526 -1.41115 0)
(0.200741 -1.45879 0)
(0.225427 -1.50396 0)
(0.241918 -1.54676 0)
(0.247284 -1.58705 0)
(0.239741 -1.62431 0)
(0.218799 -1.65774 0)
(0.185196 -1.68633 0)
(0.140706 -1.709 0)
(0.0878966 -1.72475 0)
(0.0298877 -1.73281 0)
(0.00234727 -0.625321 0)
(0.00692222 -0.6301 0)
(0.0111571 -0.639651 0)
(0.0148734 -0.653934 0)
(0.0179746 -0.672746 0)
(0.0201891 -0.696081 0)
(0.0212573 -0.724103 0)
(0.0211676 -0.7561 0)
(0.0197725 -0.792865 0)
(0.0170847 -0.833172 0)
(0.0138951 -0.877933 0)
(0.0108487 -0.925496 0)
(0.00880193 -0.976122 0)
(0.00978011 -1.0286 0)
(0.0154458 -1.08151 0)
(0.0278144 -1.13431 0)
(0.0479185 -1.18615 0)
(0.0741549 -1.23564 0)
(0.104378 -1.2826 0)
(0.136411 -1.3272 0)
(0.167405 -1.36959 0)
(0.193754 -1.41001 0)
(0.211928 -1.44857 0)
(0.219226 -1.48511 0)
(0.214113 -1.51909 0)
(0.196286 -1.54971 0)
(0.16658 -1.57596 0)
(0.126749 -1.59681 0)
(0.0792396 -1.6113 0)
(0.0269527 -1.61872 0)
(0.000616393 -0.615961 0)
(0.00174874 -0.620271 0)
(0.00258738 -0.628842 0)
(0.00295959 -0.641673 0)
(0.0026976 -0.658656 0)
(0.00161853 -0.679841 0)
(-0.000498782 -0.705126 0)
(-0.00374641 -0.734355 0)
(-0.00815374 -0.767564 0)
(-0.0137646 -0.80448 0)
(-0.0194816 -0.844936 0)
(-0.0247049 -0.888175 0)
(-0.0284254 -0.934009 0)
(-0.0281289 -0.980874 0)
(-0.0222341 -1.02796 0)
(-0.00930545 -1.07395 0)
(0.0118917 -1.11862 0)
(0.0399787 -1.16183 0)
(0.071987 -1.20225 0)
(0.105593 -1.24075 0)
(0.137978 -1.27755 0)
(0.165567 -1.31297 0)
(0.185006 -1.34713 0)
(0.193841 -1.37982 0)
(0.190779 -1.4105 0)
(0.175697 -1.43832 0)
(0.149502 -1.46228 0)
(0.113925 -1.48136 0)
(0.0712771 -1.49465 0)
(0.0242525 -1.50146 0)
(-0.000918119 -0.611242 0)
(-0.00283696 -0.615054 0)
(-0.00505894 -0.622616 0)
(-0.00771858 -0.634 0)
(-0.0109501 -0.649111 0)
(-0.015029 -0.667974 0)
(-0.020058 -0.690499 0)
(-0.0261535 -0.716665 0)
(-0.0333751 -0.74645 0)
(-0.0415556 -0.779652 0)
(-0.0495381 -0.815689 0)
(-0.0566616 -0.854442 0)
(-0.0614551 -0.89482 0)
(-0.0614233 -0.935755 0)
(-0.0550997 -0.976367 0)
(-0.0409027 -1.01549 0)
(-0.0186895 -1.05257 0)
(0.010771 -1.08857 0)
(0.0445685 -1.12226 0)
(0.0793384 -1.15437 0)
(0.112667 -1.18534 0)
(0.141025 -1.21555 0)
(0.161264 -1.24515 0)
(0.1712 -1.27389 0)
(0.169778 -1.30118 0)
(0.15704 -1.32616 0)
(0.133958 -1.34781 0)
(0.102216 -1.36512 0)
(0.063995 -1.37722 0)
(0.0217807 -1.38342 0)
(-0.00227136 -0.610379 0)
(-0.00686891 -0.61373 0)
(-0.0117678 -0.620358 0)
(-0.0171167 -0.630287 0)
(-0.0230482 -0.643636 0)
(-0.0297473 -0.660273 0)
(-0.0374014 -0.680227 0)
(-0.0461512 -0.703434 0)
(-0.0558916 -0.72984 0)
(-0.0662412 -0.759255 0)
(-0.0761649 -0.790986 0)
(-0.0846792 -0.824977 0)
(-0.0900541 -0.859649 0)
(-0.0899345 -0.894565 0)
(-0.0826655 -0.928199 0)
(-0.0670614 -0.96005 0)
(-0.0435013 -0.989944 0)
(-0.0128432 -1.01802 0)
(0.0221213 -1.04489 0)
(0.0577899 -1.07048 0)
(0.0916066 -1.0955 0)
(0.120237 -1.12043 0)
(0.140794 -1.14538 0)
(0.151376 -1.17009 0)
(0.151166 -1.19393 0)
(0.140357 -1.21601 0)
(0.11997 -1.23531 0)
(0.0916374 -1.25083 0)
(0.0573997 -1.26171 0)
(0.0195398 -1.26731 0)
(-0.00345742 -0.6127 0)
(-0.0103972 -0.615635 0)
(-0.0176032 -0.621421 0)
(-0.0253572 -0.630109 0)
(-0.0336739 -0.641849 0)
(-0.0427592 -0.656429 0)
(-0.0527687 -0.67401 0)
(-0.0637546 -0.694572 0)
(-0.0756816 -0.717747 0)
(-0.0878984 -0.743485 0)
(-0.0993492 -0.771089 0)
(-0.108703 -0.800141 0)
(-0.114197 -0.829244 0)
(-0.113378 -0.85779 0)
(-0.104732 -0.884409 0)
(-0.0877003 -0.909006 0)
(-0.062623 -0.931582 0)
(-0.0308748 -0.952147 0)
(0.00480604 -0.972017 0)
(0.0409792 -0.991152 0)
(0.0748129 -1.0103 0)
(0.103225 -1.02999 0)
(0.123624 -1.05033 0)
(0.134402 -1.07103 0)
(0.134976 -1.09141 0)
(0.125679 -1.11057 0)
(0.107566 -1.1275 0)
(0.0822074 -1.14122 0)
(0.0515023 -1.15087 0)
(0.0175328 -1.15584 0)
(-0.00449483 -0.617631 0)
(-0.0134756 -0.620204 0)
(-0.0227339 -0.625254 0)
(-0.0325957 -0.632994 0)
(-0.0429934 -0.643175 0)
(-0.05412 -0.656121 0)
(-0.0663085 -0.671564 0)
(-0.079299 -0.689617 0)
(-0.0929633 -0.709907 0)
(-0.106669 -0.732294 0)
(-0.119105 -0.755852 0)
(-0.128756 -0.780039 0)
(-0.133747 -0.803636 0)
(-0.131745 -0.825704 0)
(-0.121483 -0.845593 0)
(-0.102815 -0.863045 0)
(-0.0761986 -0.878431 0)
(-0.0434897 -0.891978 0)
(-0.00744106 -0.90503 0)
(0.0287733 -0.917965 0)
(0.0621728 -0.931495 0)
(0.0898995 -0.946164 0)
(0.109692 -0.96207 0)
(0.120242 -0.978872 0)
(0.121193 -0.995881 0)
(0.113002 -1.01218 0)
(0.0967473 -1.02677 0)
(0.0739309 -1.03868 0)
(0.0463069 -1.04711 0)
(0.0157618 -1.05147 0)
(-0.00540649 -0.624669 0)
(-0.0161721 -0.626942 0)
(-0.0272935 -0.631391 0)
(-0.0389357 -0.638332 0)
(-0.0511989 -0.647201 0)
(-0.0642736 -0.658797 0)
(-0.0781538 -0.672543 0)
(-0.092814 -0.688267 0)
(-0.108027 -0.706028 0)
(-0.122721 -0.725125 0)
(-0.135534 -0.74484 0)
(-0.144919 -0.764352 0)
(-0.148808 -0.78255 0)
(-0.145178 -0.79839 0)
(-0.133034 -0.811772 0)
(-0.112589 -0.822431 0)
(-0.0845524 -0.830948 0)
(-0.0510346 -0.838026 0)
(-0.0148902 -0.844768 0)
(0.0209208 -0.851937 0)
(0.053441 -0.860276 0)
(0.0800528 -0.870305 0)
(0.0988349 -0.882082 0)
(0.108777 -0.895234 0)
(0.109732 -0.909048 0)
(0.10227 -0.922613 0)
(0.0874806 -0.934946 0)
(0.0667875 -0.945123 0)
(0.0418025 -0.952369 0)
(0.014223 -0.956126 0)
(-0.00621668 -0.633392 0)
(-0.0185675 -0.63543 0)
(-0.0313626 -0.639426 0)
(-0.044574 -0.645655 0)
(-0.0585006 -0.653643 0)
(-0.0733251 -0.664016 0)
(-0.0886425 -0.676119 0)
(-0.104677 -0.690141 0)
(-0.120898 -0.705437 0)
(-0.136085 -0.721538 0)
(-0.148835 -0.737539 0)
(-0.157337 -0.752529 0)
(-0.159546 -0.765458 0)
(-0.153893 -0.775483 0)
(-0.139705 -0.782675 0)
(-0.117349 -0.787035 0)
(-0.0880192 -0.789246 0)
(-0.0539644 -0.790409 0)
(-0.0179846 -0.791516 0)
(0.0170199 -0.793537 0)
(0.048252 -0.79726 0)
(0.0733722 -0.803156 0)
(0.0907984 -0.811233 0)
(0.099805 -0.821079 0)
(0.100443 -0.831971 0)
(0.0933741 -0.843007 0)
(0.0796873 -0.853239 0)
(0.0607259 -0.861784 0)
(0.0379604 -0.867914 0)
(0.0129075 -0.871102 0)
(-0.0069503 -0.643459 0)
(-0.0207427 -0.645324 0)
(-0.03504 -0.649004 0)
(-0.0497076 -0.654633 0)
(-0.0651115 -0.662034 0)
(-0.0813058 -0.671326 0)
(-0.0979526 -0.682076 0)
(-0.115034 -0.694371 0)
(-0.131823 -0.707617 0)
(-0.147051 -0.72079 0)
(-0.159022 -0.733257 0)
(-0.166079 -0.74389 0)
(-0.166205 -0.751757 0)
(-0.158228 -0.756378 0)
(-0.141789 -0.757797 0)
(-0.11757 -0.756383 0)
(-0.0871107 -0.753035 0)
(-0.0527555 -0.748926 0)
(-0.0172612 -0.745147 0)
(0.0165673 -0.742757 0)
(0.0461504 -0.742541 0)
(0.0694623 -0.744904 0)
(0.0852512 -0.749793 0)
(0.0930595 -0.756759 0)
(0.0931132 -0.765072 0)
(0.0861516 -0.77385 0)
(0.0732497 -0.782186 0)
(0.0556658 -0.789247 0)
(0.0347336 -0.794354 0)
(0.0117995 -0.797022 0)
(-0.00762891 -0.654618 0)
(-0.0227673 -0.656357 0)
(-0.0384146 -0.659832 0)
(-0.0544458 -0.664969 0)
(-0.0711489 -0.6719 0)
(-0.088513 -0.680253 0)
(-0.106107 -0.690017 0)
(-0.124034 -0.700647 0)
(-0.140921 -0.711827 0)
(-0.155518 -0.72221 0)
(-0.166342 -0.731228 0)
(-0.171359 -0.73764 0)
(-0.169012 -0.740759 0)
(-0.158471 -0.740298 0)
(-0.139709 -0.736455 0)
(-0.113741 -0.729902 0)
(-0.0823682 -0.721696 0)
(-0.047987 -0.71308 0)
(-0.0133099 -0.705232 0)
(0.0189947 -0.699219 0)
(0.0466252 -0.69579 0)
(0.0678758 -0.695267 0)
(0.081813 -0.697528 0)
(0.0882251 -0.702087 0)
(0.0874898 -0.708209 0)
(0.0804041 -0.71504 0)
(0.0680183 -0.721721 0)
(0.0515035 -0.727476 0)
(0.0320612 -0.731677 0)
(0.0108792 -0.733881 0)
(-0.00826691 -0.666691 0)
(-0.024692 -0.668329 0)
(-0.0415641 -0.671676 0)
(-0.0588501 -0.676434 0)
(-0.0766924 -0.68291 0)
(-0.0950349 -0.690524 0)
(-0.113408 -0.699291 0)
(-0.131563 -0.708545 0)
(-0.148166 -0.717395 0)
(-0.161756 -0.725216 0)
(-0.170716 -0.730715 0)
(-0.173302 -0.73307 0)
(-0.16822 -0.731653 0)
(-0.154966 -0.726452 0)
(-0.133911 -0.717901 0)
(-0.106385 -0.706868 0)
(-0.0743621 -0.694541 0)
(-0.0402785 -0.682211 0)
(-0.0067566 -0.671121 0)
(0.0237236 -0.662281 0)
(0.0491457 -0.656372 0)
(0.0681447 -0.653617 0)
(0.0800822 -0.65382 0)
(0.0849646 -0.656455 0)
(0.0832958 -0.660791 0)
(0.0759108 -0.666006 0)
(0.0638251 -0.671292 0)
(0.0481204 -0.675932 0)
(0.0298726 -0.679356 0)
(0.0101228 -0.68116 0)
(-0.00886946 -0.679567 0)
(-0.0265428 -0.681104 0)
(-0.0445538 -0.684364 0)
(-0.062957 -0.688846 0)
(-0.0818247 -0.694862 0)
(-0.100926 -0.701868 0)
(-0.119764 -0.709545 0)
(-0.137754 -0.717295 0)
(-0.153556 -0.724058 0)
(-0.165613 -0.728926 0)
(-0.172295 -0.731075 0)
(-0.17207 -0.729365 0)
(-0.163996 -0.723687 0)
(-0.14805 -0.714132 0)
(-0.124868 -0.701416 0)
(-0.0960369 -0.686565 0)
(-0.0636813 -0.670845 0)
(-0.0302378 -0.655597 0)
(0.00179446 -0.642056 0)
(0.0301726 -0.631161 0)
(0.0531913 -0.623474 0)
(0.0698102 -0.61911 0)
(0.0796621 -0.617797 0)
(0.0829415 -0.618976 0)
(0.0802515 -0.62192 0)
(0.0724458 -0.625843 0)
(0.0604954 -0.629993 0)
(0.0453918 -0.633714 0)
(0.0280932 -0.63649 0)
(0.00950576 -0.63796 0)
(-0.00943053 -0.693172 0)
(-0.0283255 -0.694621 0)
(-0.0474291 -0.697789 0)
(-0.0668032 -0.702051 0)
(-0.0865586 -0.707601 0)
(-0.106161 -0.713971 0)
(-0.125099 -0.720431 0)
(-0.142562 -0.726512 0)
(-0.156981 -0.731051 0)
(-0.167075 -0.732929 0)
(-0.17105 -0.731501 0)
(-0.167704 -0.725874 0)
(-0.156675 -0.716181 0)
(-0.138087 -0.702698 0)
(-0.113019 -0.686353 0)
(-0.0832157 -0.668317 0)
(-0.0508917 -0.649934 0)
(-0.0184602 -0.632521 0)
(0.0117629 -0.617281 0)
(0.0378068 -0.605033 0)
(0.0582788 -0.596205 0)
(0.0724469 -0.590797 0)
(0.0801837 -0.588461 0)
(0.08184 -0.588609 0)
(0.0780913 -0.590522 0)
(0.069792 -0.593456 0)
(0.0578597 -0.596713 0)
(0.0431965 -0.599699 0)
(0.0266493 -0.601951 0)
(0.00900328 -0.603149 0)
(-0.0099666 -0.707476 0)
(-0.0300399 -0.70891 0)
(-0.0501817 -0.711845 0)
(-0.0703897 -0.715915 0)
(-0.0908565 -0.720958 0)
(-0.110648 -0.726532 0)
(-0.129268 -0.731608 0)
(-0.145802 -0.735739 0)
(-0.158419 -0.737799 0)
(-0.165954 -0.736616 0)
(-0.166948 -0.731426 0)
(-0.16046 -0.722118 0)
(-0.146432 -0.708598 0)
(-0.125444 -0.691604 0)
(-0.0988109 -0.672164 0)
(-0.0684353 -0.651573 0)
(-0.0365516 -0.631205 0)
(-0.00549075 -0.612349 0)
(0.0226272 -0.596081 0)
(0.0461461 -0.583102 0)
(0.0639801 -0.573689 0)
(0.0756788 -0.567725 0)
(0.0813208 -0.56479 0)
(0.0813798 -0.564273 0)
(0.0765778 -0.565471 0)
(0.0677533 -0.56768 0)
(0.0557634 -0.570262 0)
(0.0414221 -0.572678 0)
(0.0254733 -0.574518 0)
(0.00859266 -0.5755 0)
(-0.010517 -0.722498 0)
(-0.0316353 -0.723949 0)
(-0.0527347 -0.726516 0)
(-0.0737063 -0.730305 0)
(-0.0946026 -0.734796 0)
(-0.114231 -0.739188 0)
(-0.132076 -0.742731 0)
(-0.147253 -0.744562 0)
(-0.157645 -0.743829 0)
(-0.162245 -0.739359 0)
(-0.160063 -0.730583 0)
(-0.150403 -0.717528 0)
(-0.133548 -0.700531 0)
(-0.110474 -0.680437 0)
(-0.0826799 -0.658445 0)
(-0.0521741 -0.635916 0)
(-0.0211648 -0.614195 0)
(0.00816051 -0.594533 0)
(0.0339287 -0.577835 0)
(0.0547769 -0.564658 0)
(0.0699331 -0.555123 0)
(0.0791911 -0.549003 0)
(0.0827999 -0.545817 0)
(0.0813245 -0.544935 0)
(0.0755088 -0.545678 0)
(0.0661609 -0.547385 0)
(0.0540724 -0.549472 0)
(0.0399706 -0.551459 0)
(0.0245051 -0.552984 0)
(0.00825372 -0.5538 0)
(-0.011066 -0.738277 0)
(-0.0330836 -0.739593 0)
(-0.0549962 -0.741925 0)
(-0.076662 -0.745131 0)
(-0.0975854 -0.74879 0)
(-0.11666 -0.751621 0)
(-0.13334 -0.753405 0)
(-0.146633 -0.75261 0)
(-0.154475 -0.748712 0)
(-0.155916 -0.740842 0)
(-0.150402 -0.728461 0)
(-0.137684 -0.711832 0)
(-0.118321 -0.691662 0)
(-0.0935472 -0.668931 0)
(-0.0650688 -0.644935 0)
(-0.0348988 -0.621044 0)
(-0.0051876 -0.598579 0)
(0.0220658 -0.578656 0)
(0.0452686 -0.562041 0)
(0.063359 -0.549101 0)
(0.0758451 -0.539812 0)
(0.0827324 -0.533848 0)
(0.0844037 -0.530678 0)
(0.0814852 -0.529666 0)
(0.0747212 -0.530156 0)
(0.0648775 -0.531536 0)
(0.0526753 -0.533277 0)
(0.0387603 -0.534949 0)
(0.0236945 -0.536238 0)
(0.00796959 -0.536927 0)
(-0.0115142 -0.754763 0)
(-0.0343986 -0.755811 0)
(-0.0569289 -0.757893 0)
(-0.0789058 -0.760294 0)
(-0.0995188 -0.762557 0)
(-0.117727 -0.76365 0)
(-0.132824 -0.763227 0)
(-0.143696 -0.759507 0)
(-0.148725 -0.752179 0)
(-0.146896 -0.740694 0)
(-0.138076 -0.724766 0)
(-0.122514 -0.704848 0)
(-0.101035 -0.681831 0)
(-0.0750604 -0.656972 0)
(-0.0463864 -0.631491 0)
(-0.0170411 -0.606794 0)
(0.0109601 -0.584124 0)
(0.0358521 -0.564433 0)
(0.0563285 -0.548311 0)
(0.0716243 -0.535946 0)
(0.0814928 -0.527181 0)
(0.0861136 -0.521603 0)
(0.0859696 -0.518643 0)
(0.0817199 -0.51767 0)
(0.074091 -0.518057 0)
(0.063796 -0.519242 0)
(0.0514857 -0.520746 0)
(0.0377265 -0.522193 0)
(0.0230015 -0.523306 0)
(0.00772654 -0.523901 0)
(-0.0118591 -0.771865 0)
(-0.0354538 -0.772667 0)
(-0.0583916 -0.773996 0)
(-0.0801938 -0.775454 0)
(-0.100126 -0.775987 0)
(-0.117165 -0.774996 0)
(-0.130199 -0.771826 0)
(-0.13826 -0.764908 0)
(-0.140217 -0.753904 0)
(-0.13514 -0.738718 0)
(-0.123235 -0.719378 0)
(-0.105143 -0.696454 0)
(-0.0820361 -0.671063 0)
(-0.0553954 -0.644501 0)
(-0.0270398 -0.618085 0)
(0.00100025 -0.593118 0)
(0.026918 -0.570717 0)
(0.049208 -0.551667 0)
(0.0668581 -0.536363 0)
(0.079373 -0.524825 0)
(0.0867158 -0.516778 0)
(0.0892031 -0.511739 0)
(0.0873848 -0.509118 0)
(0.0819291 -0.508295 0)
(0.0735294 -0.508682 0)
(0.0628396 -0.509763 0)
(0.050439 -0.511111 0)
(0.03682 -0.512397 0)
(0.0223956 -0.513381 0)
(0.00751439 -0.513904 0)
(-0.0121211 -0.78951 0)
(-0.036012 -0.789875 0)
(-0.0590386 -0.790214 0)
(-0.0804119 -0.790175 0)
(-0.0991694 -0.788812 0)
(-0.114571 -0.785334 0)
(-0.125176 -0.778749 0)
(-0.130111 -0.768434 0)
(-0.128876 -0.75367 0)
(-0.12073 -0.734816 0)
(-0.106045 -0.712241 0)
(-0.0858959 -0.686683 0)
(-0.06166 -0.659396 0)
(-0.0349091 -0.631638 0)
(-0.00744326 -0.604802 0)
(0.0188585 -0.580047 0)
(0.0423752 -0.558333 0)
(0.0618888 -0.54025 0)
(0.076672 -0.526003 0)
(0.0864676 -0.515463 0)
(0.0914102 -0.508255 0)
(0.0919184 -0.503846 0)
(0.0885797 -0.501637 0)
(0.0820504 -0.50103 0)
(0.0729786 -0.501478 0)
(0.0619552 -0.502514 0)
(0.0494894 -0.50376 0)
(0.0360063 -0.50493 0)
(0.0218544 -0.505818 0)
(0.00732531 -0.506287 0)
(-0.0121354 -0.807396 0)
(-0.0359855 -0.807096 0)
(-0.0586164 -0.80637 0)
(-0.0791285 -0.804343 0)
(-0.0964544 -0.800531 0)
(-0.109536 -0.794014 0)
(-0.117389 -0.783761 0)
(-0.119252 -0.769823 0)
(-0.114738 -0.751354 0)
(-0.103741 -0.728959 0)
(-0.0867548 -0.703419 0)
(-0.0650923 -0.675669 0)
(-0.0403184 -0.646968 0)
(-0.0140195 -0.618586 0)
(0.0120603 -0.591804 0)
(0.0362187 -0.56769 0)
(0.0570795 -0.547006 0)
(0.0737107 -0.530137 0)
(0.0856438 -0.51711 0)
(0.0928241 -0.507669 0)
(0.0955204 -0.501358 0)
(0.0942189 -0.497616 0)
(0.0895196 -0.495846 0)
(0.0820499 -0.495482 0)
(0.0724046 -0.496022 0)
(0.0611095 -0.497046 0)
(0.0486076 -0.498225 0)
(0.0352609 -0.499307 0)
(0.0213626 -0.50012 0)
(0.0071541 -0.500548 0)
(-0.0118933 -0.825073 0)
(-0.0352324 -0.824068 0)
(-0.05695 -0.821709 0)
(-0.0759841 -0.817546 0)
(-0.0913384 -0.810715 0)
(-0.10186 -0.800655 0)
(-0.106841 -0.786777 0)
(-0.105549 -0.768923 0)
(-0.0979053 -0.746832 0)
(-0.0844005 -0.72123 0)
(-0.0656573 -0.693118 0)
(-0.0431119 -0.663664 0)
(-0.0183972 -0.634066 0)
(0.00689943 -0.605551 0)
(0.0311302 -0.579291 0)
(0.0528099 -0.556193 0)
(0.0708361 -0.536809 0)
(0.084547 -0.521324 0)
(0.0937002 -0.509612 0)
(0.0984054 -0.501309 0)
(0.0990295 -0.495905 0)
(0.0960966 -0.492822 0)
(0.0901969 -0.491485 0)
(0.0819169 -0.491364 0)
(0.0717926 -0.492003 0)
(0.0602854 -0.49303 0)
(0.0477759 -0.494156 0)
(0.0345694 -0.49517 0)
(0.0209101 -0.495921 0)
(0.00699717 -0.496314 0)
(-0.0113731 -0.842006 0)
(-0.0334342 -0.840057 0)
(-0.0536714 -0.835864 0)
(-0.0707936 -0.828993 0)
(-0.0836501 -0.818955 0)
(-0.0913922 -0.805193 0)
(-0.0933384 -0.787511 0)
(-0.0889771 -0.765557 0)
(-0.0785912 -0.74019 0)
(-0.0630315 -0.711785 0)
(-0.0431263 -0.681632 0)
(-0.0203372 -0.650983 0)
(0.00372491 -0.620996 0)
(0.0274943 -0.592827 0)
(0.0494678 -0.567504 0)
(0.0684148 -0.545728 0)
(0.0835063 -0.527837 0)
(0.0943233 -0.513838 0)
(0.100813 -0.503472 0)
(0.103213 -0.496297 0)
(0.101952 -0.491766 0)
(0.0975685 -0.489307 0)
(0.0906248 -0.488371 0)
(0.0816576 -0.488471 0)
(0.071142 -0.489199 0)
(0.0594772 -0.490228 0)
(0.0469857 -0.491309 0)
(0.0339232 -0.49226 0)
(0.020491 -0.492959 0)
(0.0068524 -0.493321 0)
(-0.0104155 -0.857344 0)
(-0.0305764 -0.854328 0)
(-0.0485627 -0.848133 0)
(-0.0631661 -0.838356 0)
(-0.0732978 -0.824844 0)
(-0.0780268 -0.807212 0)
(-0.0767994 -0.785537 0)
(-0.0696833 -0.759946 0)
(-0.057151 -0.73159 0)
(-0.04002 -0.700904 0)
(-0.0195769 -0.669287 0)
(0.00284369 -0.637978 0)
(0.0256787 -0.608106 0)
(0.0474404 -0.580737 0)
(0.0668261 -0.556699 0)
(0.0828733 -0.536471 0)
(0.0950054 -0.520193 0)
(0.103013 -0.507716 0)
(0.106995 -0.498677 0)
(0.107277 -0.492576 0)
(0.104327 -0.488856 0)
(0.0986699 -0.48696 0)
(0.0908303 -0.486376 0)
(0.0812895 -0.486663 0)
(0.0704614 -0.487458 0)
(0.0586863 -0.488479 0)
(0.0462352 -0.489513 0)
(0.0333188 -0.490406 0)
(0.0201024 -0.491054 0)
(0.00671864 -0.491388 0)
(-0.00908674 -0.87009 0)
(-0.0264521 -0.865954 0)
(-0.0415644 -0.857588 0)
(-0.05314 -0.844869 0)
(-0.0600441 -0.827881 0)
(-0.0616002 -0.806421 0)
(-0.057514 -0.780964 0)
(-0.0480899 -0.752448 0)
(-0.0338428 -0.721301 0)
(-0.0158122 -0.688951 0)
(0.00456482 -0.656453 0)
(0.0260318 -0.625029 0)
(0.0471077 -0.595775 0)
(0.0664549 -0.569606 0)
(0.0830161 -0.547124 0)
(0.0960825 -0.528592 0)
(0.105299 -0.513977 0)
(0.11063 -0.503001 0)
(0.112288 -0.495224 0)
(0.110656 -0.490115 0)
(0.106209 -0.48712 0)
(0.0994481 -0.485712 0)
(0.0908499 -0.48542 0)
(0.0808372 -0.48585 0)
(0.0697652 -0.486686 0)
(0.0579202 -0.487683 0)
(0.0455259 -0.488662 0)
(0.0327556 -0.489494 0)
(0.0197429 -0.490093 0)
(0.00659537 -0.4904 0)
(-0.00728109 -0.879081 0)
(-0.0210998 -0.873855 0)
(-0.03258 -0.863391 0)
(-0.0406496 -0.847846 0)
(-0.0441563 -0.827446 0)
(-0.0424666 -0.802661 0)
(-0.0358925 -0.774142 0)
(-0.024464 -0.742883 0)
(-0.009026 -0.709798 0)
(0.00912816 -0.676354 0)
(0.0288693 -0.643548 0)
(0.048831 -0.612565 0)
(0.0676831 -0.584398 0)
(0.0843128 -0.559752 0)
(0.0979103 -0.53901 0)
(0.107995 -0.522247 0)
(0.114401 -0.50928 0)
(0.117225 -0.499736 0)
(0.116761 -0.493122 0)
(0.113419 -0.488897 0)
(0.107665 -0.486527 0)
(0.0999588 -0.48552 0)
(0.0907255 -0.485454 0)
(0.0803298 -0.485981 0)
(0.0690717 -0.486826 0)
(0.0571881 -0.487782 0)
(0.0448626 -0.488697 0)
(0.0322349 -0.489464 0)
(0.0194128 -0.490011 0)
(0.00648248 -0.490291 0)
(-0.00512579 -0.883101 0)
(-0.0145594 -0.876865 0)
(-0.0218503 -0.86456 0)
(-0.025895 -0.846588 0)
(-0.0257962 -0.8233 0)
(-0.0211999 -0.795774 0)
(-0.012207 -0.764857 0)
(0.000677318 -0.731576 0)
(0.0165797 -0.697437 0)
(0.0343985 -0.663517 0)
(0.0529097 -0.631023 0)
(0.070861 -0.601029 0)
(0.0871341 -0.574342 0)
(0.100854 -0.551458 0)
(0.111441 -0.532562 0)
(0.118614 -0.51757 0)
(0.12236 -0.506183 0)
(0.122877 -0.497959 0)
(0.120502 -0.492382 0)
(0.115654 -0.488918 0)
(0.108768 -0.487063 0)
(0.100261 -0.486369 0)
(0.0905011 -0.486461 0)
(0.0797977 -0.487035 0)
(0.0684 -0.487857 0)
(0.0565019 -0.488752 0)
(0.0442511 -0.489592 0)
(0.0317595 -0.490289 0)
(0.019113 -0.490783 0)
(0.0063802 -0.491034 0)
(-0.0025536 -0.880911 0)
(-0.00704591 -0.873864 0)
(-0.0096316 -0.860164 0)
(-0.00937677 -0.840278 0)
(-0.00564257 -0.815069 0)
(0.00182857 -0.785609 0)
(0.0127641 -0.753124 0)
(0.0266346 -0.718942 0)
(0.0425561 -0.684415 0)
(0.0594631 -0.650819 0)
(0.0762287 -0.619309 0)
(0.0917886 -0.590802 0)
(0.105253 -0.565914 0)
(0.115978 -0.544953 0)
(0.123594 -0.52794 0)
(0.127987 -0.514665 0)
(0.129263 -0.504747 0)
(0.127685 -0.497706 0)
(0.123613 -0.493023 0)
(0.117451 -0.490187 0)
(0.109596 -0.488734 0)
(0.100415 -0.488263 0)
(0.0902207 -0.488445 0)
(0.0792714 -0.489019 0)
(0.0677704 -0.489787 0)
(0.0558734 -0.4906 0)
(0.043698 -0.491353 0)
(0.0313328 -0.491973 0)
(0.018845 -0.49241 0)
(0.00628893 -0.492632 0)
(0.000215869 -0.871379 0)
(0.00116598 -0.863923 0)
(0.00360623 -0.849343 0)
(0.00828393 -0.828466 0)
(0.0156388 -0.802215 0)
(0.0257498 -0.771954 0)
(0.0383213 -0.739029 0)
(0.0527526 -0.704908 0)
(0.06821 -0.671007 0)
(0.083742 -0.638596 0)
(0.0983963 -0.608725 0)
(0.111329 -0.58215 0)
(0.121883 -0.559322 0)
(0.129635 -0.540389 0)
(0.134396 -0.525247 0)
(0.136192 -0.513597 0)
(0.135213 -0.505013 0)
(0.131762 -0.499001 0)
(0.126201 -0.495062 0)
(0.118904 -0.492721 0)
(0.110226 -0.491559 0)
(0.10048 -0.491225 0)
(0.0899279 -0.491432 0)
(0.0787811 -0.491961 0)
(0.0672023 -0.492642 0)
(0.0553147 -0.493354 0)
(0.0432106 -0.494008 0)
(0.0309582 -0.494545 0)
(0.0186104 -0.494922 0)
(0.00620916 -0.495113 0)
(0.00309789 -0.853717 0)
(0.00965659 -0.846161 0)
(0.0172424 -0.831482 0)
(0.0263429 -0.810517 0)
(0.0371895 -0.78441 0)
(0.0497184 -0.754552 0)
(0.0635794 -0.722442 0)
(0.0781893 -0.689583 0)
(0.0928138 -0.657372 0)
(0.106667 -0.627004 0)
(0.119009 -0.5994 0)
(0.129231 -0.575173 0)
(0.136904 -0.55463 0)
(0.141803 -0.537802 0)
(0.143899 -0.524497 0)
(0.143323 -0.514369 0)
(0.140325 -0.506978 0)
(0.135226 -0.501846 0)
(0.128373 -0.498508 0)
(0.120105 -0.496538 0)
(0.11073 -0.495566 0)
(0.100511 -0.495288 0)
(0.0896629 -0.495463 0)
(0.0783545 -0.495904 0)
(0.0667143 -0.496472 0)
(0.0548379 -0.497064 0)
(0.0427956 -0.497608 0)
(0.0306402 -0.498054 0)
(0.0184114 -0.498368 0)
(0.00614149 -0.498526 0)
(0.00594236 -0.82738 0)
(0.0180184 -0.820125 0)
(0.0306225 -0.806068 0)
(0.0439615 -0.786071 0)
(0.0580558 -0.761321 0)
(0.0727166 -0.733222 0)
(0.0875628 -0.703263 0)
(0.102069 -0.6729 0)
(0.115639 -0.643439 0)
(0.127679 -0.615955 0)
(0.137679 -0.591233 0)
(0.14526 -0.569755 0)
(0.150206 -0.551718 0)
(0.152472 -0.537071 0)
(0.152155 -0.52558 0)
(0.14947 -0.516888 0)
(0.144704 -0.510572 0)
(0.138181 -0.506194 0)
(0.130225 -0.50334 0)
(0.121134 -0.501637 0)
(0.111173 -0.500772 0)
(0.100557 -0.500488 0)
(0.089461 -0.500582 0)
(0.0780167 -0.500902 0)
(0.0663233 -0.501333 0)
(0.0544535 -0.50179 0)
(0.0424602 -0.502215 0)
(0.0303823 -0.502564 0)
(0.0182498 -0.502812 0)
(0.00608653 -0.502936 0)
(0.00859685 -0.792248 0)
(0.02581 -0.785685 0)
(0.043053 -0.772995 0)
(0.0602574 -0.755001 0)
(0.0772452 -0.73283 0)
(0.0937221 -0.707798 0)
(0.109299 -0.681279 0)
(0.12353 -0.654593 0)
(0.135972 -0.628892 0)
(0.146234 -0.605097 0)
(0.154024 -0.583852 0)
(0.15918 -0.565524 0)
(0.161675 -0.550228 0)
(0.161612 -0.537872 0)
(0.159195 -0.528214 0)
(0.154697 -0.52092 0)
(0.14843 -0.515612 0)
(0.140707 -0.511912 0)
(0.131827 -0.509467 0)
(0.122051 -0.507968 0)
(0.111601 -0.507157 0)
(0.100655 -0.506827 0)
(0.0893485 -0.506813 0)
(0.0777857 -0.506992 0)
(0.0660413 -0.507273 0)
(0.0541696 -0.507587 0)
(0.042209 -0.507887 0)
(0.0301878 -0.508137 0)
(0.0181273 -0.508316 0)
(0.00604475 -0.508406 0)
(0.0109167 -0.748725 0)
(0.0326115 -0.743204 0)
(0.0538793 -0.732545 0)
(0.0744033 -0.71747 0)
(0.0938323 -0.698959 0)
(0.111788 -0.678146 0)
(0.127888 -0.656203 0)
(0.141774 -0.634236 0)
(0.153152 -0.613195 0)
(0.161815 -0.593819 0)
(0.167671 -0.57661 0)
(0.170743 -0.561831 0)
(0.171164 -0.549543 0)
(0.169156 -0.539639 0)
(0.165003 -0.531901 0)
(0.159021 -0.526042 0)
(0.151532 -0.521752 0)
(0.142839 -0.518724 0)
(0.133213 -0.516679 0)
(0.122884 -0.515376 0)
(0.112038 -0.514615 0)
(0.100818 -0.514236 0)
(0.0893354 -0.514115 0)
(0.077668 -0.514158 0)
(0.0658724 -0.514292 0)
(0.0539883 -0.514468 0)
(0.0420432 -0.514647 0)
(0.0300569 -0.514802 0)
(0.018044 -0.514914 0)
(0.00601622 -0.51497 0)
(0.0127813 -0.697728 0)
(0.0380735 -0.693519 0)
(0.0625578 -0.685403 0)
(0.0857131 -0.67395 0)
(0.10705 -0.65993 0)
(0.126128 -0.644225 0)
(0.142579 -0.627738 0)
(0.156127 -0.611311 0)
(0.166604 -0.595653 0)
(0.173962 -0.581306 0)
(0.178268 -0.568623 0)
(0.179693 -0.557775 0)
(0.178494 -0.548785 0)
(0.174983 -0.541552 0)
(0.1695 -0.535898 0)
(0.16239 -0.531602 0)
(0.153976 -0.52843 0)
(0.144552 -0.526159 0)
(0.134364 -0.524588 0)
(0.123615 -0.523545 0)
(0.112465 -0.522891 0)
(0.101034 -0.522514 0)
(0.0894082 -0.52233 0)
(0.0776514 -0.522272 0)
(0.0658059 -0.522292 0)
(0.053901 -0.522354 0)
(0.0419562 -0.522431 0)
(0.0299851 -0.522504 0)
(0.0179971 -0.52256 0)
(0.00599999 -0.522587 0)
(0.0141071 -0.640629 0)
(0.0419533 -0.637894 0)
(0.0687109 -0.63263 0)
(0.0937097 -0.625225 0)
(0.116362 -0.6162 0)
(0.136187 -0.606147 0)
(0.152834 -0.595665 0)
(0.166092 -0.585302 0)
(0.175893 -0.575511 0)
(0.182302 -0.566624 0)
(0.185506 -0.558845 0)
(0.185778 -0.552262 0)
(0.18346 -0.54686 0)
(0.178922 -0.542555 0)
(0.172544 -0.539219 0)
(0.164681 -0.536699 0)
(0.155657 -0.534842 0)
(0.145751 -0.533507 0)
(0.135194 -0.532572 0)
(0.12417 -0.531936 0)
(0.112819 -0.531519 0)
(0.101244 -0.531258 0)
(0.0895193 -0.531106 0)
(0.0776965 -0.53103 0)
(0.0658101 -0.531002 0)
(0.0538829 -0.531004 0)
(0.0419293 -0.531021 0)
(0.0299592 -0.531042 0)
(0.0179791 -0.531061 0)
(0.00599357 -0.531068 0)
(0.0148546 -0.579153 0)
(0.0441367 -0.577935 0)
(0.0721602 -0.575605 0)
(0.098166 -0.572363 0)
(0.12151 -0.568472 0)
(0.141692 -0.564228 0)
(0.158378 -0.559919 0)
(0.171402 -0.555801 0)
(0.180761 -0.552067 0)
(0.186593 -0.548844 0)
(0.189153 -0.54619 0)
(0.188777 -0.544106 0)
(0.185851 -0.542544 0)
(0.180774 -0.541432 0)
(0.173939 -0.540684 0)
(0.165707 -0.540214 0)
(0.156396 -0.539943 0)
(0.146272 -0.539806 0)
(0.135554 -0.539754 0)
(0.124414 -0.539751 0)
(0.112979 -0.539774 0)
(0.101346 -0.539809 0)
(0.0895807 -0.539847 0)
(0.0777302 -0.539884 0)
(0.0658255 -0.539918 0)
(0.0538868 -0.539948 0)
(0.0419273 -0.539973 0)
(0.0299551 -0.539993 0)
(0.0179755 -0.540006 0)
(0.00599218 -0.54001 0)
(0.0150305 -0.515238 0)
(0.0446425 -0.515464 0)
(0.0729345 -0.51593 0)
(0.0991166 -0.516661 0)
(0.122528 -0.517683 0)
(0.14267 -0.519016 0)
(0.159222 -0.520663 0)
(0.172044 -0.522606 0)
(0.181166 -0.524801 0)
(0.186756 -0.527182 0)
(0.189097 -0.529669 0)
(0.188542 -0.532173 0)
(0.185486 -0.534611 0)
(0.180332 -0.536909 0)
(0.173467 -0.539013 0)
(0.165243 -0.540884 0)
(0.155966 -0.542507 0)
(0.145895 -0.543879 0)
(0.135236 -0.545013 0)
(0.124155 -0.545932 0)
(0.112775 -0.546662 0)
(0.101189 -0.547232 0)
(0.0894622 -0.54767 0)
(0.0776425 -0.548002 0)
(0.0657616 -0.54825 0)
(0.0538412 -0.548432 0)
(0.0418956 -0.548563 0)
(0.0299343 -0.548652 0)
(0.0179637 -0.548708 0)
(0.00598838 -0.548732 0)
(0.0146833 -0.450884 0)
(0.0436119 -0.452383 0)
(0.0712532 -0.455317 0)
(0.0968383 -0.459567 0)
(0.119726 -0.464963 0)
(0.139434 -0.471294 0)
(0.155658 -0.478323 0)
(0.168267 -0.485802 0)
(0.177293 -0.493482 0)
(0.182905 -0.501129 0)
(0.185371 -0.508534 0)
(0.185032 -0.515527 0)
(0.182261 -0.521978 0)
(0.177437 -0.527801 0)
(0.170926 -0.532951 0)
(0.163059 -0.53742 0)
(0.154126 -0.541232 0)
(0.144372 -0.54443 0)
(0.133998 -0.547073 0)
(0.123165 -0.549228 0)
(0.111995 -0.550963 0)
(0.100582 -0.552343 0)
(0.0889973 -0.553429 0)
(0.0772906 -0.554273 0)
(0.0654995 -0.554921 0)
(0.0536498 -0.55541 0)
(0.0417606 -0.555768 0)
(0.0298451 -0.556018 0)
(0.017913 -0.556176 0)
(0.00597191 -0.55625 0)
(0.0138951 -0.387999 0)
(0.0412834 -0.390525 0)
(0.0674896 -0.395459 0)
(0.0918065 -0.402577 0)
(0.113641 -0.411565 0)
(0.132545 -0.422044 0)
(0.148226 -0.433595 0)
(0.160556 -0.445794 0)
(0.169551 -0.458232 0)
(0.175349 -0.470539 0)
(0.178184 -0.482401 0)
(0.178353 -0.493569 0)
(0.176184 -0.503862 0)
(0.172016 -0.513168 0)
(0.166177 -0.521434 0)
(0.158967 -0.528659 0)
(0.150654 -0.534883 0)
(0.141467 -0.540173 0)
(0.1316 -0.544615 0)
(0.121207 -0.548305 0)
(0.110414 -0.551339 0)
(0.0993195 -0.553808 0)
(0.0879993 -0.555799 0)
(0.0765117 -0.557386 0)
(0.0649007 -0.558634 0)
(0.0531999 -0.559596 0)
(0.0414348 -0.560317 0)
(0.0296249 -0.56083 0)
(0.0177859 -0.561158 0)
(0.00593036 -0.561317 0)
(0.0127695 -0.328256 0)
(0.0379588 -0.331525 0)
(0.062119 -0.337913 0)
(0.0846314 -0.347134 0)
(0.104973 -0.358787 0)
(0.122739 -0.372388 0)
(0.137658 -0.387405 0)
(0.149595 -0.403297 0)
(0.158539 -0.419547 0)
(0.164587 -0.435688 0)
(0.167917 -0.451324 0)
(0.168767 -0.466138 0)
(0.167407 -0.4799 0)
(0.16412 -0.492459 0)
(0.159186 -0.50374 0)
(0.152866 -0.513729 0)
(0.145399 -0.52246 0)
(0.136995 -0.530003 0)
(0.127835 -0.53645 0)
(0.118069 -0.541906 0)
(0.107824 -0.546482 0)
(0.0972017 -0.550283 0)
(0.0862856 -0.55341 0)
(0.075142 -0.555953 0)
(0.0638239 -0.557992 0)
(0.0523738 -0.559592 0)
(0.0408259 -0.560808 0)
(0.0292077 -0.561684 0)
(0.0175425 -0.562251 0)
(0.00585038 -0.562527 0)
(0.011418 -0.272996 0)
(0.0339651 -0.276717 0)
(0.0556599 -0.283998 0)
(0.0759863 -0.294528 0)
(0.0945016 -0.307872 0)
(0.110855 -0.323503 0)
(0.124801 -0.34084 0)
(0.136196 -0.359286 0)
(0.145002 -0.378265 0)
(0.151266 -0.397256 0)
(0.155107 -0.415807 0)
(0.156695 -0.433552 0)
(0.156235 -0.450215 0)
(0.153947 -0.465606 0)
(0.150056 -0.479613 0)
(0.144779 -0.492195 0)
(0.13832 -0.503362 0)
(0.130865 -0.513166 0)
(0.122578 -0.521689 0)
(0.113604 -0.529029 0)
(0.104065 -0.535293 0)
(0.0940685 -0.540589 0)
(0.0837016 -0.545021 0)
(0.0730391 -0.548684 0)
(0.062143 -0.551665 0)
(0.051065 -0.554036 0)
(0.0398489 -0.55586 0)
(0.0285316 -0.557186 0)
(0.0171455 -0.558049 0)
(0.00571949 -0.558474 0)
(0.00994935 -0.22317 0)
(0.0296207 -0.227074 0)
(0.0486204 -0.234724 0)
(0.0665373 -0.245817 0)
(0.0830124 -0.259925 0)
(0.0977524 -0.27653 0)
(0.110539 -0.295055 0)
(0.121231 -0.314901 0)
(0.129762 -0.335484 0)
(0.136134 -0.356263 0)
(0.140409 -0.376764 0)
(0.142689 -0.39659 0)
(0.143114 -0.41543 0)
(0.141839 -0.433057 0)
(0.139034 -0.44932 0)
(0.134867 -0.464139 0)
(0.129506 -0.477489 0)
(0.123105 -0.489393 0)
(0.115812 -0.499905 0)
(0.107758 -0.5091 0)
(0.0990624 -0.51707 0)
(0.089829 -0.523911 0)
(0.0801504 -0.529719 0)
(0.0701067 -0.534584 0)
(0.0597677 -0.538592 0)
(0.0491941 -0.541815 0)
(0.0384388 -0.544318 0)
(0.0275486 -0.54615 0)
(0.0165653 -0.54735 0)
(0.0055277 -0.547942 0)
(0.00845948 -0.179333 0)
(0.0252087 -0.18319 0)
(0.0414551 -0.190761 0)
(0.0568866 -0.201773 0)
(0.071224 -0.215838 0)
(0.0842309 -0.232479 0)
(0.0957198 -0.251166 0)
(0.105555 -0.271339 0)
(0.113653 -0.292446 0)
(0.11998 -0.313964 0)
(0.124543 -0.33542 0)
(0.127391 -0.356411 0)
(0.128598 -0.376605 0)
(0.128263 -0.395744 0)
(0.126499 -0.413645 0)
(0.123429 -0.430185 0)
(0.11918 -0.445301 0)
(0.113877 -0.458973 0)
(0.107642 -0.471221 0)
(0.100594 -0.482089 0)
(0.0928402 -0.491638 0)
(0.0844824 -0.499943 0)
(0.0756126 -0.507081 0)
(0.0663142 -0.51313 0)
(0.0566625 -0.518165 0)
(0.0467253 -0.522251 0)
(0.0365638 -0.525447 0)
(0.0262336 -0.527802 0)
(0.0157861 -0.529351 0)
(0.0052696 -0.530118 0)
(0.00702616 -0.141662 0)
(0.0209589 -0.145295 0)
(0.034536 -0.15244 0)
(0.0475323 -0.162866 0)
(0.0597408 -0.176241 0)
(0.0709776 -0.192156 0)
(0.0810871 -0.210152 0)
(0.0899445 -0.229736 0)
(0.0974571 -0.250413 0)
(0.103565 -0.271707 0)
(0.108238 -0.293175 0)
(0.111476 -0.314424 0)
(0.113303 -0.33512 0)
(0.113767 -0.354987 0)
(0.112932 -0.373814 0)
(0.110876 -0.391445 0)
(0.107687 -0.407776 0)
(0.10346 -0.422747 0)
(0.0982933 -0.436336 0)
(0.0922846 -0.448548 0)
(0.0855307 -0.459412 0)
(0.0781249 -0.468971 0)
(0.0701556 -0.477276 0)
(0.0617065 -0.484385 0)
(0.0528553 -0.490354 0)
(0.0436746 -0.495237 0)
(0.0342319 -0.499081 0)
(0.0245902 -0.501927 0)
(0.0148091 -0.503807 0)
(0.00494544 -0.50474 0)
(0.00570608 -0.110018 0)
(0.0170396 -0.113304 0)
(0.028138 -0.119783 0)
(0.0388485 -0.129266 0)
(0.0490248 -0.141489 0)
(0.05853 -0.15612 0)
(0.0672389 -0.17278 0)
(0.0750412 -0.19106 0)
(0.0818435 -0.210539 0)
(0.0875708 -0.230803 0)
(0.0921681 -0.251458 0)
(0.095601 -0.27214 0)
(0.0978551 -0.292528 0)
(0.0989362 -0.312345 0)
(0.0988678 -0.331364 0)
(0.0976901 -0.349401 0)
(0.0954564 -0.366321 0)
(0.0922315 -0.382027 0)
(0.0880881 -0.396456 0)
(0.0831044 -0.409576 0)
(0.0773619 -0.421378 0)
(0.0709431 -0.431872 0)
(0.0639299 -0.441078 0)
(0.0564024 -0.449027 0)
(0.0484381 -0.455754 0)
(0.0401113 -0.461294 0)
(0.0314932 -0.465681 0)
(0.022652 -0.468943 0)
(0.0136535 -0.471104 0)
(0.0045615 -0.47218 0)
(0.00453498 -0.0840141 0)
(0.0135578 -0.0868854 0)
(0.0224386 -0.0925563 0)
(0.0310812 -0.100887 0)
(0.0393884 -0.111674 0)
(0.0472625 -0.124665 0)
(0.0546067 -0.139563 0)
(0.0613272 -0.156045 0)
(0.0673359 -0.173769 0)
(0.0725529 -0.192393 0)
(0.0769091 -0.21158 0)
(0.0803489 -0.231011 0)
(0.0828318 -0.250389 0)
(0.0843337 -0.269452 0)
(0.0848472 -0.287968 0)
(0.0843813 -0.305741 0)
(0.08296 -0.322612 0)
(0.0806212 -0.338455 0)
(0.0774138 -0.353175 0)
(0.0733961 -0.366703 0)
(0.0686332 -0.378996 0)
(0.0631948 -0.39003 0)
(0.0571535 -0.399795 0)
(0.0505833 -0.408295 0)
(0.0435581 -0.415537 0)
(0.0361513 -0.421538 0)
(0.028435 -0.426313 0)
(0.0204798 -0.429879 0)
(0.0123553 -0.432247 0)
(0.00412962 -0.433429 0)
(0.00352993 -0.0630957 0)
(0.0105655 -0.0655263 0)
(0.0175266 -0.0703369 0)
(0.0243592 -0.0774282 0)
(0.0310034 -0.0866558 0)
(0.0373932 -0.097835 0)
(0.0434564 -0.110748 0)
(0.0491165 -0.12515 0)
(0.054295 -0.140779 0)
(0.0589141 -0.157362 0)
(0.0629004 -0.174624 0)
(0.0661878 -0.192296 0)
(0.0687205 -0.210118 0)
(0.0704557 -0.227849 0)
(0.0713644 -0.245269 0)
(0.071433 -0.262181 0)
(0.0706627 -0.278414 0)
(0.0690687 -0.293822 0)
(0.0666794 -0.308288 0)
(0.0635344 -0.321715 0)
(0.0596823 -0.334031 0)
(0.0551794 -0.345182 0)
(0.0500874 -0.355129 0)
(0.0444718 -0.363849 0)
(0.0384009 -0.371327 0)
(0.0319442 -0.377557 0)
(0.0251719 -0.382536 0)
(0.0181546 -0.386268 0)
(0.0109626 -0.388753 0)
(0.00366579 -0.389994 0)
(0.00269288 -0.0466113 0)
(0.00806977 -0.0486106 0)
(0.0134182 -0.0525761 0)
(0.0187132 -0.0584424 0)
(0.0239222 -0.0661127 0)
(0.0290032 -0.0754617 0)
(0.0339048 -0.0863373 0)
(0.0385668 -0.0985651 0)
(0.0429226 -0.111952 0)
(0.0469016 -0.126292 0)
(0.0504329 -0.141369 0)
(0.0534483 -0.156965 0)
(0.0558859 -0.172861 0)
(0.0576928 -0.188846 0)
(0.0588275 -0.204719 0)
(0.0592613 -0.220293 0)
(0.0589792 -0.235397 0)
(0.0579795 -0.249879 0)
(0.0562738 -0.263607 0)
(0.0538854 -0.276466 0)
(0.0508481 -0.288363 0)
(0.0472048 -0.299221 0)
(0.0430058 -0.308978 0)
(0.0383071 -0.317587 0)
(0.0331692 -0.325013 0)
(0.0276558 -0.331231 0)
(0.021833 -0.336221 0)
(0.0157683 -0.339972 0)
(0.00953041 -0.342477 0)
(0.00318837 -0.34373 0)
(0.0020147 -0.0338783 0)
(0.00604482 -0.0354798 0)
(0.0100752 -0.0386632 0)
(0.0140998 -0.043389 0)
(0.0181046 -0.0495981 0)
(0.0220651 -0.0572114 0)
(0.0259464 -0.0661303 0)
(0.029703 -0.0762374 0)
(0.0332807 -0.0873985 0)
(0.036619 -0.0994642 0)
(0.0396538 -0.112273 0)
(0.0423206 -0.125653 0)
(0.0445581 -0.139429 0)
(0.0463106 -0.153423 0)
(0.047531 -0.167459 0)
(0.0481824 -0.181367 0)
(0.0482393 -0.194986 0)
(0.0476886 -0.208166 0)
(0.0465292 -0.220772 0)
(0.0447714 -0.23268 0)
(0.0424367 -0.243785 0)
(0.0395557 -0.253995 0)
(0.0361677 -0.263232 0)
(0.0323187 -0.271431 0)
(0.0280606 -0.278542 0)
(0.0234499 -0.284522 0)
(0.0185466 -0.28934 0)
(0.0134133 -0.292973 0)
(0.0081145 -0.295404 0)
(0.00271593 -0.296621 0)
(0.00147913 -0.0242322 0)
(0.00444338 -0.0254836 0)
(0.00742382 -0.0279766 0)
(0.0104256 -0.0316905 0)
(0.0134463 -0.0365935 0)
(0.0164737 -0.0426409 0)
(0.0194851 -0.0497744 0)
(0.0224477 -0.0579207 0)
(0.0253191 -0.066992 0)
(0.0280497 -0.0768858 0)
(0.0305845 -0.0874858 0)
(0.0328666 -0.0986642 0)
(0.0348393 -0.110283 0)
(0.0364492 -0.122199 0)
(0.037649 -0.134264 0)
(0.0383988 -0.146329 0)
(0.0386681 -0.158251 0)
(0.0384366 -0.169888 0)
(0.0376947 -0.18111 0)
(0.0364433 -0.191795 0)
(0.0346938 -0.201832 0)
(0.0324666 -0.211123 0)
(0.0297911 -0.21958 0)
(0.0267038 -0.227129 0)
(0.0232478 -0.233708 0)
(0.0194716 -0.239264 0)
(0.0154279 -0.243756 0)
(0.011173 -0.247153 0)
(0.0067653 -0.249429 0)
(0.00226538 -0.250571 0)
(0.00106623 -0.0170611 0)
(0.00320695 -0.0180165 0)
(0.00537099 -0.0199238 0)
(0.00756908 -0.0227751 0)
(0.00980532 -0.0265572 0)
(0.0120755 -0.0312492 0)
(0.014366 -0.0368212 0)
(0.0166538 -0.0432325 0)
(0.0189072 -0.0504297 0)
(0.0210869 -0.0583466 0)
(0.0231481 -0.0669038 0)
(0.0250426 -0.0760094 0)
(0.0267212 -0.0855599 0)
(0.0281361 -0.0954426 0)
(0.0292429 -0.105538 0)
(0.0300028 -0.115722 0)
(0.0303841 -0.125868 0)
(0.0303633 -0.135854 0)
(0.0299259 -0.145557 0)
(0.0290664 -0.154862 0)
(0.0277886 -0.163663 0)
(0.026105 -0.171859 0)
(0.0240365 -0.179364 0)
(0.0216111 -0.186097 0)
(0.0188635 -0.191991 0)
(0.0158341 -0.196988 0)
(0.012568 -0.201041 0)
(0.00911381 -0.204113 0)
(0.00552335 -0.206176 0)
(0.00185033 -0.207212 0)
(0.000755038 -0.011827 0)
(0.00227377 -0.0125405 0)
(0.00381728 -0.0139678 0)
(0.00539821 -0.0161089 0)
(0.00702384 -0.0189622 0)
(0.00869457 -0.0225223 0)
(0.0104031 -0.026778 0)
(0.012134 -0.0317104 0)
(0.0138642 -0.037291 0)
(0.015564 -0.0434803 0)
(0.017198 -0.0502268 0)
(0.0187273 -0.0574673 0)
(0.0201109 -0.065127 0)
(0.021308 -0.0731208 0)
(0.0222796 -0.0813549 0)
(0.0229904 -0.0897289 0)
(0.0234101 -0.0981381 0)
(0.023515 -0.106476 0)
(0.0232883 -0.114636 0)
(0.0227209 -0.122515 0)
(0.0218116 -0.130013 0)
(0.0205668 -0.137037 0)
(0.0190006 -0.143502 0)
(0.0171337 -0.14933 0)
(0.0149935 -0.154453 0)
(0.0126124 -0.158812 0)
(0.0100279 -0.162358 0)
(0.00728125 -0.165052 0)
(0.00441654 -0.166864 0)
(0.00148018 -0.167774 0)
(0.000525505 -0.00807433 0)
(0.00158449 -0.00859602 0)
(0.00266647 -0.00964189 0)
(0.0037838 -0.0112162 0)
(0.00494469 -0.0133237 0)
(0.00615197 -0.015968 0)
(0.00740233 -0.0191493 0)
(0.008686 -0.0228626 0)
(0.00998683 -0.0270958 0)
(0.0112829 -0.0318278 0)
(0.0125474 -0.0370277 0)
(0.0137498 -0.042654 0)
(0.0148576 -0.0486546 0)
(0.0158371 -0.0549675 0)
(0.0166557 -0.0615214 0)
(0.0172828 -0.0682379 0)
(0.0176916 -0.0750325 0)
(0.0178596 -0.0818169 0)
(0.0177701 -0.0885013 0)
(0.0174123 -0.0949958 0)
(0.016782 -0.101213 0)
(0.0158815 -0.107069 0)
(0.0147197 -0.112485 0)
(0.0133114 -0.117388 0)
(0.0116773 -0.121716 0)
(0.00984315 -0.12541 0)
(0.0078391 -0.128423 0)
(0.00569904 -0.130717 0)
(0.00345971 -0.132262 0)
(0.00115999 -0.133039 0)
(0.000359647 -0.00543015 0)
(0.00108572 -0.00580404 0)
(0.00183146 -0.00655515 0)
(0.00260779 -0.00768955 0)
(0.00342251 -0.00921499 0)
(0.00427942 -0.0111394 0)
(0.00517766 -0.0134691 0)
(0.00611134 -0.0162072 0)
(0.00706954 -0.0193514 0)
(0.00803665 -0.0228928 0)
(0.00899291 -0.0268145 0)
(0.00991532 -0.0310908 0)
(0.0107786 -0.0356871 0)
(0.0115563 -0.0405594 0)
(0.012222 -0.0456555 0)
(0.0127504 -0.0509157 0)
(0.0131187 -0.0562741 0)
(0.0133071 -0.06166 0)
(0.0133001 -0.0669998 0)
(0.0130868 -0.0722185 0)
(0.0126616 -0.0772417 0)
(0.0120241 -0.0819969 0)
(0.0111793 -0.086415 0)
(0.0101376 -0.0904318 0)
(0.00891433 -0.093989 0)
(0.00752913 -0.097035 0)
(0.00600582 -0.0995259 0)
(0.0043715 -0.101426 0)
(0.00265594 -0.102708 0)
(0.000890858 -0.103353 0)
(0.000242136 -0.00359836 0)
(0.000731858 -0.0038612 0)
(0.00123745 -0.00439031 0)
(0.00176793 -0.00519206 0)
(0.00233008 -0.00627491 0)
(0.00292778 -0.00764826 0)
(0.00356148 -0.009321 0)
(0.00422788 -0.0113 0)
(0.00491987 -0.0135885 0)
(0.00562665 -0.0161849 0)
(0.0063341 -0.0190815 0)
(0.00702533 -0.0222635 0)
(0.00768138 -0.0257087 0)
(0.00828203 -0.0293873 0)
(0.00880663 -0.033262 0)
(0.00923506 -0.0372887 0)
(0.00954859 -0.0414174 0)
(0.00973071 -0.0455933 0)
(0.00976785 -0.0497578 0)
(0.00964997 -0.0538505 0)
(0.00937101 -0.0578101 0)
(0.00892914 -0.0615762 0)
(0.00832688 -0.0650903 0)
(0.00757109 -0.0682975 0)
(0.00667276 -0.0711473 0)
(0.00564672 -0.0735946 0)
(0.00451122 -0.0756007 0)
(0.00328744 -0.0771337 0)
(0.00199886 -0.0781694 0)
(0.000670721 -0.0786913 0)
(0.000160437 -0.00235014 0)
(0.000485504 -0.00253153 0)
(0.000822817 -0.0028974 0)
(0.00117946 -0.00345358 0)
(0.00156096 -0.004208 0)
(0.00197081 -0.00516979 0)
(0.00241005 -0.00634816 0)
(0.00287703 -0.00775122 0)
(0.00336727 -0.00938475 0)
(0.00387354 -0.011251 0)
(0.00438601 -0.0133478 0)
(0.00489261 -0.0156675 0)
(0.00537952 -0.0181967 0)
(0.0058317 -0.0209158 0)
(0.00623353 -0.023799 0)
(0.00656945 -0.0268147 0)
(0.0068247 -0.0299258 0)
(0.00698597 -0.033091 0)
(0.00704199 -0.0362652 0)
(0.00698402 -0.0394009 0)
(0.00680633 -0.0424493 0)
(0.00650643 -0.0453616 0)
(0.00608522 -0.04809 0)
(0.00554707 -0.0505892 0)
(0.00489971 -0.0528168 0)
(0.00415398 -0.0547349 0)
(0.0033236 -0.0563107 0)
(0.0024247 -0.057517 0)
(0.0014754 -0.0583329 0)
(0.000495257 -0.0587444 0)
(0.000104661 -0.00151319 0)
(0.000317094 -0.00163615 0)
(0.000538635 -0.00188465 0)
(0.000774629 -0.00226361 0)
(0.00102937 -0.00277981 0)
(0.00130577 -0.00344122 0)
(0.00160503 -0.00425621 0)
(0.00192646 -0.00523264 0)
(0.00226739 -0.00637688 0)
(0.00262308 -0.00769292 0)
(0.00298687 -0.00918155 0)
(0.00335036 -0.0108396 0)
(0.00370373 -0.0126594 0)
(0.00403609 -0.0146287 0)
(0.00433593 -0.01673 0)
(0.00459158 -0.0189414 0)
(0.00479178 -0.0212361 0)
(0.00492613 -0.0235836 0)
(0.00498563 -0.0259502 0)
(0.00496307 -0.0282996 0)
(0.00485342 -0.030594 0)
(0.00465405 -0.0327951 0)
(0.00436494 -0.0348652 0)
(0.00398874 -0.0367676 0)
(0.00353074 -0.0384684 0)
(0.00299871 -0.0399366 0)
(0.0024027 -0.0411453 0)
(0.00175476 -0.0420721 0)
(0.00106852 -0.0426998 0)
(0.000358807 -0.0430165 0)
(6.72461e-05 -0.000960748 0)
(0.000203975 -0.00104267 0)
(0.000347267 -0.00120857 0)
(0.000501025 -0.00146233 0)
(0.000668458 -0.00180941 0)
(0.000851848 -0.00225633 0)
(0.00105234 -0.00281007 0)
(0.00126979 -0.00347749 0)
(0.00150264 -0.00426452 0)
(0.00174789 -0.00517557 0)
(0.00200116 -0.00621278 0)
(0.00225673 -0.0073755 0)
(0.00250778 -0.00865981 0)
(0.00274662 -0.0100582 0)
(0.00296499 -0.0115593 0)
(0.00315436 -0.0131482 0)
(0.00330637 -0.0148062 0)
(0.00341316 -0.0165113 0)
(0.00346778 -0.0182387 0)
(0.00346451 -0.0199616 0)
(0.00339916 -0.0216514 0)
(0.00326932 -0.023279 0)
(0.00307449 -0.0248151 0)
(0.00281618 -0.0262313 0)
(0.00249793 -0.027501 0)
(0.00212516 -0.0285996 0)
(0.00170513 -0.0295059 0)
(0.00124659 -0.0302018 0)
(0.000759609 -0.0306737 0)
(0.000255165 -0.0309119 0)
(4.257e-05 -0.000601661 0)
(0.000129274 -0.000655343 0)
(0.00022058 -0.000764248 0)
(0.00031925 -0.000931347 0)
(0.000427609 -0.00116081 0)
(0.000547373 -0.00145769 0)
(0.000679516 -0.00182751 0)
(0.000824147 -0.00227583 0)
(0.000980423 -0.0028077 0)
(0.0011465 -0.0034272 0)
(0.00131955 -0.00413687 0)
(0.00149577 -0.00493733 0)
(0.00167054 -0.00582687 0)
(0.00183855 -0.00680115 0)
(0.00199399 -0.00785303 0)
(0.00213082 -0.00897253 0)
(0.00224295 -0.0101468 0)
(0.00232463 -0.0113606 0)
(0.00237065 -0.012596 0)
(0.00237661 -0.0138336 0)
(0.0023392 -0.0150525 0)
(0.00225635 -0.0162308 0)
(0.00212738 -0.0173466 0)
(0.0019531 -0.0183785 0)
(0.00173579 -0.0193061 0)
(0.0014792 -0.0201105 0)
(0.00118842 -0.0207753 0)
(0.000869702 -0.0212866 0)
(0.000530305 -0.0216336 0)
(0.000178197 -0.0218089 0)
(2.6561e-05 -0.000371729 0)
(8.07504e-05 -0.000406339 0)
(0.000138085 -0.000476684 0)
(0.000200474 -0.000584936 0)
(0.000269549 -0.00073417 0)
(0.000346558 -0.000928149 0)
(0.000432273 -0.00117105 0)
(0.000526902 -0.00146716 0)
(0.000630019 -0.0018205 0)
(0.000740527 -0.0022345 0)
(0.000856637 -0.00271159 0)
(0.000975887 -0.00325291 0)
(0.00109521 -0.00385794 0)
(0.00121101 -0.00452436 0)
(0.00131931 -0.00524779 0)
(0.0014159 -0.00602175 0)
(0.00149649 -0.00683769 0)
(0.00155694 -0.00768502 0)
(0.00159346 -0.00855138 0)
(0.00160279 -0.00942289 0)
(0.00158238 -0.0102845 0)
(0.00153059 -0.0111204 0)
(0.0014467 -0.0119146 0)
(0.0013311 -0.0126511 0)
(0.00118525 -0.0133148 0)
(0.00101164 -0.0138916 0)
(0.00081381 -0.0143692 0)
(0.000596131 -0.0147369 0)
(0.000363727 -0.0149868 0)
(0.000122262 -0.0151131 0)
(1.63392e-05 -0.000226641 0)
(4.97297e-05 -0.000248607 0)
(8.52219e-05 -0.000293334 0)
(0.000124103 -0.000362364 0)
(0.000167489 -0.000457889 0)
(0.000216263 -0.000582617 0)
(0.000271003 -0.000739593 0)
(0.000331931 -0.000931987 0)
(0.000398859 -0.00116286 0)
(0.00047115 -0.00143491 0)
(0.000547704 -0.00175022 0)
(0.000626956 -0.00210999 0)
(0.000706909 -0.00251435 0)
(0.00078519 -0.00296213 0)
(0.000859124 -0.00345075 0)
(0.000925836 -0.00397612 0)
(0.000982373 -0.00453262 0)
(0.00102583 -0.00511315 0)
(0.00105352 -0.00570925 0)
(0.00106309 -0.00631128 0)
(0.00105265 -0.00690866 0)
(0.00102092 -0.00749018 0)
(0.000967284 -0.00804434 0)
(0.000891877 -0.00855968 0)
(0.000795597 -0.00902518 0)
(0.000680106 -0.00943057 0)
(0.000547778 -0.00976672 0)
(0.000401629 -0.0100259 0)
(0.000245204 -0.0102022 0)
(8.24477e-05 -0.0102914 0)
(9.91293e-06 -0.000136392 0)
(3.02039e-05 -0.000150122 0)
(5.18696e-05 -0.000178129 0)
(7.57591e-05 -0.000221476 0)
(0.00010262 -0.000281683 0)
(0.000133056 -0.000360643 0)
(0.000167488 -0.000460503 0)
(0.00020611 -0.000583534 0)
(0.000248856 -0.000731972 0)
(0.000295373 -0.000907845 0)
(0.000344998 -0.0011128 0)
(0.000396757 -0.00134793 0)
(0.000449376 -0.0016136 0)
(0.000501315 -0.00190932 0)
(0.000550813 -0.00223361 0)
(0.000595952 -0.00258396 0)
(0.000634734 -0.00295676 0)
(0.000665176 -0.00334734 0)
(0.000685405 -0.00375002 0)
(0.000693764 -0.00415824 0)
(0.000688901 -0.00456473 0)
(0.000669856 -0.00496171 0)
(0.000636131 -0.0053411 0)
(0.000587735 -0.00569483 0)
(0.000525209 -0.00601507 0)
(0.000449629 -0.0062945 0)
(0.000362574 -0.00652657 0)
(0.000266075 -0.00670576 0)
(0.000162542 -0.00682771 0)
(5.46695e-05 -0.00688944 0)
(5.93316e-06 -8.10359e-05 0)
(1.80973e-05 -8.94916e-05 0)
(3.11432e-05 -0.00010677 0)
(4.56194e-05 -0.000133585 0)
(6.20155e-05 -0.000170966 0)
(8.0736e-05 -0.000220198 0)
(0.000102074 -0.000282759 0)
(0.000126186 -0.000360225 0)
(0.000153066 -0.000454175 0)
(0.000182522 -0.000566078 0)
(0.000214166 -0.000697174 0)
(0.000247404 -0.000848352 0)
(0.000281437 -0.00102004 0)
(0.000315286 -0.00121208 0)
(0.000347813 -0.00142369 0)
(0.000377763 -0.00165334 0)
(0.000403812 -0.00189877 0)
(0.00042463 -0.00215696 0)
(0.000438948 -0.00242418 0)
(0.000445622 -0.00269606 0)
(0.000443708 -0.0029677 0)
(0.000432513 -0.00323378 0)
(0.000411651 -0.00348879 0)
(0.000381079 -0.00372713 0)
(0.000341115 -0.00394338 0)
(0.000292441 -0.00413241 0)
(0.000236088 -0.00428964 0)
(0.000173402 -0.00441118 0)
(0.00010599 -0.00449397 0)
(3.56591e-05 -0.0045359 0)
(3.50437e-06 -4.75447e-05 0)
(1.07003e-05 -5.26774e-05 0)
(1.84513e-05 -6.31832e-05 0)
(2.71052e-05 -7.95321e-05 0)
(3.69761e-05 -0.000102403 0)
(4.83288e-05 -0.00013265 0)
(6.13626e-05 -0.000171262 0)
(7.61942e-05 -0.000219307 0)
(9.28409e-05 -0.000277869 0)
(0.000111205 -0.000347977 0)
(0.000131064 -0.000430526 0)
(0.000152062 -0.000526195 0)
(0.000173708 -0.000635371 0)
(0.00019539 -0.000758072 0)
(0.000216386 -0.000893887 0)
(0.00023589 -0.00104193 0)
(0.000253042 -0.0012008 0)
(0.000266968 -0.00136859 0)
(0.000276822 -0.00154289 0)
(0.000281837 -0.00172084 0)
(0.000281365 -0.0018992 0)
(0.000274922 -0.00207443 0)
(0.000262223 -0.0022428 0)
(0.000243207 -0.00240054 0)
(0.000218057 -0.00254395 0)
(0.000187198 -0.00266953 0)
(0.000151291 -0.00277414 0)
(0.000111212 -0.00285509 0)
(6.80147e-05 -0.00291028 0)
(2.28891e-05 -0.00293824 0)
(2.04313e-06 -2.75522e-05 0)
(6.24502e-06 -3.06241e-05 0)
(1.07901e-05 -3.69223e-05 0)
(1.58952e-05 -4.67493e-05 0)
(2.17578e-05 -6.05436e-05 0)
(2.8548e-05 -7.88607e-05 0)
(3.63974e-05 -0.000102348 0)
(4.53894e-05 -0.00013171 0)
(5.55473e-05 -0.000167674 0)
(6.68245e-05 -0.00021094 0)
(7.9096e-05 -0.000262131 0)
(9.21525e-05 -0.000321743 0)
(0.000105699 -0.00039009 0)
(0.000119358 -0.000467253 0)
(0.00013268 -0.000553035 0)
(0.000145156 -0.000646931 0)
(0.000156238 -0.000748096 0)
(0.000165362 -0.000855343 0)
(0.000171977 -0.000967147 0)
(0.000175577 -0.00108167 0)
(0.000175728 -0.0011968 0)
(0.0001721 -0.00131023 0)
(0.00016449 -0.0014195 0)
(0.00015284 -0.0015221 0)
(0.00013725 -0.00161556 0)
(0.000117981 -0.00169753 0)
(9.54522e-05 -0.00176591 0)
(7.02216e-05 -0.00181889 0)
(4.29688e-05 -0.00185503 0)
(1.44642e-05 -0.00187335 0)
(1.17617e-06 -1.57733e-05 0)
(3.59874e-06 -1.75866e-05 0)
(6.23005e-06 -2.13106e-05 0)
(9.20271e-06 -2.71359e-05 0)
(1.2639e-05 -3.53404e-05 0)
(1.66458e-05 -4.62776e-05 0)
(2.13082e-05 -6.03622e-05 0)
(2.66835e-05 -7.80508e-05 0)
(3.27932e-05 -9.98177e-05 0)
(3.96172e-05 -0.000126127 0)
(4.70871e-05 -0.000157402 0)
(5.50822e-05 -0.00019399 0)
(6.34275e-05 -0.000236127 0)
(7.18951e-05 -0.000283907 0)
(8.02093e-05 -0.000337246 0)
(8.80547e-05 -0.000395864 0)
(9.50874e-05 -0.000459261 0)
(0.00010095 -0.000526712 0)
(0.000105291 -0.000597267 0)
(0.000107781 -0.000669766 0)
(0.000108139 -0.000742865 0)
(0.000106142 -0.000815074 0)
(0.000101651 -0.000884801 0)
(9.46173e-05 -0.000950414 0)
(8.50951e-05 -0.00101029 0)
(7.32417e-05 -0.0010629 0)
(5.93164e-05 -0.00110684 0)
(4.3671e-05 -0.00114092 0)
(2.67361e-05 -0.00116418 0)
(9.00227e-06 -0.00117598 0)
(6.6878e-07 -8.92181e-06 0)
(2.04832e-06 -9.97783e-06 0)
(3.55278e-06 -1.21499e-05 0)
(5.26204e-06 -1.55563e-05 0)
(7.25048e-06 -2.03693e-05 0)
(9.58403e-06 -2.681e-05 0)
(1.23167e-05 -3.51387e-05 0)
(1.54863e-05 -4.56447e-05 0)
(1.91104e-05 -5.86314e-05 0)
(2.31814e-05 -7.43996e-05 0)
(2.76631e-05 -9.32283e-05 0)
(3.24871e-05 -0.000115353 0)
(3.75514e-05 -0.000140943 0)
(4.27205e-05 -0.000170081 0)
(4.7828e-05 -0.00020274 0)
(5.26815e-05 -0.000238769 0)
(5.7069e-05 -0.000277878 0)
(6.0768e-05 -0.000319631 0)
(6.35573e-05 -0.000363447 0)
(6.52286e-05 -0.000408606 0)
(6.55999e-05 -0.000454267 0)
(6.45273e-05 -0.000499486 0)
(6.19162e-05 -0.000543253 0)
(5.77301e-05 -0.000584521 0)
(5.19963e-05 -0.00062225 0)
(4.48085e-05 -0.000655449 0)
(3.6325e-05 -0.000683212 0)
(2.67637e-05 -0.000704764 0)
(1.63934e-05 -0.000719488 0)
(5.52115e-06 -0.000726959 0)
(3.75817e-07 -4.98545e-06 0)
(1.15217e-06 -5.5921e-06 0)
(2.00219e-06 -6.84183e-06 0)
(2.97325e-06 -8.80647e-06 0)
(4.10988e-06 -1.15912e-05 0)
(5.45213e-06 -1.53314e-05 0)
(7.03351e-06 -2.01875e-05 0)
(8.87853e-06 -2.6339e-05 0)
(1.1e-05 -3.39761e-05 0)
(1.33964e-05 -4.32893e-05 0)
(1.60488e-05 -5.44583e-05 0)
(1.89193e-05 -6.76379e-05 0)
(2.19493e-05 -8.2945e-05 0)
(2.50595e-05 -0.000100444 0)
(2.81511e-05 -0.000120132 0)
(3.11084e-05 -0.000141932 0)
(3.38027e-05 -0.000165677 0)
(3.60977e-05 -0.000191112 0)
(3.78566e-05 -0.000217886 0)
(3.89494e-05 -0.000245561 0)
(3.92612e-05 -0.000273617 0)
(3.86999e-05 -0.000301469 0)
(3.72035e-05 -0.000328486 0)
(3.47455e-05 -0.000354011 0)
(3.13392e-05 -0.000377387 0)
(2.70391e-05 -0.000397985 0)
(2.19409e-05 -0.000415232 0)
(1.61774e-05 -0.000428632 0)
(9.9138e-06 -0.000437794 0)
(3.3397e-06 -0.000442444 0)
(2.09e-07 -2.74961e-06 0)
(6.41374e-07 -3.09305e-06 0)
(1.11663e-06 -3.80161e-06 0)
(1.6625e-06 -4.91811e-06 0)
(2.30529e-06 -6.50549e-06 0)
(3.06899e-06 -8.64499e-06 0)
(3.97404e-06 -1.14336e-05 0)
(5.036e-06 -1.49804e-05 0)
(6.26379e-06 -1.9402e-05 0)
(7.65805e-06 -2.48164e-05 0)
(9.20944e-06 -3.13364e-05 0)
(1.08972e-05 -3.9061e-05 0)
(1.26882e-05 -4.80677e-05 0)
(1.45365e-05 -5.84029e-05 0)
(1.63843e-05 -7.00738e-05 0)
(1.8163e-05 -8.30409e-05 0)
(1.97954e-05 -9.72122e-05 0)
(2.11993e-05 -0.000112439 0)
(2.2291e-05 -0.000128514 0)
(2.29908e-05 -0.000145175 0)
(2.32271e-05 -0.000162109 0)
(2.29419e-05 -0.000178958 0)
(2.20953e-05 -0.000195335 0)
(2.06689e-05 -0.000210837 0)
(1.86686e-05 -0.000225056 0)
(1.61259e-05 -0.000237603 0)
(1.30976e-05 -0.000248121 0)
(9.66397e-06 -0.0002563 0)
(5.92506e-06 -0.000261895 0)
(1.99647e-06 -0.000264736 0)
(1.15526e-07 -1.49085e-06 0)
(3.54871e-07 -1.68162e-06 0)
(6.18987e-07 -2.07577e-06 0)
(9.2399e-07 -2.69823e-06 0)
(1.2853e-06 -3.58574e-06 0)
(1.71715e-06 -4.7859e-06 0)
(2.23192e-06 -6.35584e-06 0)
(2.83932e-06 -8.36022e-06 0)
(3.54537e-06 -1.08686e-05 0)
(4.35139e-06 -1.39521e-05 0)
(5.25289e-06 -1.76794e-05 0)
(6.2387e-06 -2.21119e-05 0)
(7.29024e-06 -2.72988e-05 0)
(8.38127e-06 -3.32716e-05 0)
(9.47809e-06 -4.00391e-05 0)
(1.05403e-05 -4.75823e-05 0)
(1.15221e-05 -5.58512e-05 0)
(1.23742e-05 -6.47615e-05 0)
(1.30458e-05 -7.41937e-05 0)
(1.34883e-05 -8.39943e-05 0)
(1.36576e-05 -9.39781e-05 0)
(1.35175e-05 -0.000103933 0)
(1.30426e-05 -0.000113628 0)
(1.22203e-05 -0.00012282 0)
(1.1053e-05 -0.000131265 0)
(9.55878e-06 -0.000138725 0)
(7.77105e-06 -0.000144985 0)
(5.73786e-06 -0.000149857 0)
(3.51959e-06 -0.000153193 0)
(1.18622e-06 -0.000154887 0)
(6.44117e-08 -7.82487e-07 0)
(1.98062e-07 -8.84781e-07 0)
(3.46144e-07 -1.09639e-06 0)
(5.18105e-07 -1.43124e-06 0)
(7.23062e-07 -1.90988e-06 0)
(9.69537e-07 -2.55906e-06 0)
(1.26509e-06 -3.41098e-06 0)
(1.6158e-06 -4.50229e-06 0)
(2.02573e-06 -5.87268e-06 0)
(2.49621e-06 -7.56303e-06 0)
(3.0252e-06 -9.61315e-06 0)
(3.60669e-06 -1.20592e-05 0)
(4.23024e-06 -1.49307e-05 0)
(4.88069e-06 -1.82474e-05 0)
(5.53828e-06 -2.20165e-05 0)
(6.17902e-06 -2.62295e-05 0)
(6.77544e-06 -3.08601e-05 0)
(7.29758e-06 -3.58623e-05 0)
(7.71457e-06 -4.11701e-05 0)
(7.99633e-06 -4.66973e-05 0)
(8.11543e-06 -5.23391e-05 0)
(8.04908e-06 -5.79751e-05 0)
(7.78091e-06 -6.3473e-05 0)
(7.30247e-06 -6.86933e-05 0)
(6.61443e-06 -7.34951e-05 0)
(5.7271e-06 -7.77421e-05 0)
(4.66049e-06 -8.13091e-05 0)
(3.44363e-06 -8.40871e-05 0)
(2.11335e-06 -8.59898e-05 0)
(7.12442e-07 -8.69565e-05 0)
(3.79977e-08 -3.72979e-07 0)
(1.16965e-07 -4.22559e-07 0)
(2.0483e-07 -5.25225e-07 0)
(3.07451e-07 -6.87935e-07 0)
(4.30532e-07 -9.20984e-07 0)
(5.79475e-07 -1.2378e-06 0)
(7.59152e-07 -1.6546e-06 0)
(9.73602e-07 -2.18992e-06 0)
(1.22565e-06 -2.86393e-06 0)
(1.5165e-06 -3.69751e-06 0)
(1.84527e-06 -4.71114e-06 0)
(2.20857e-06 -5.9236e-06 0)
(2.6002e-06 -7.35046e-06 0)
(3.01094e-06 -9.00249e-06 0)
(3.42852e-06 -1.08841e-05 0)
(3.83785e-06 -1.29918e-05 0)
(4.22149e-06 -1.53132e-05 0)
(4.56022e-06 -1.78258e-05 0)
(4.83408e-06 -2.04967e-05 0)
(5.02342e-06 -2.32826e-05 0)
(5.11019e-06 -2.61307e-05 0)
(5.0792e-06 -2.89799e-05 0)
(4.91934e-06 -3.17627e-05 0)
(4.62461e-06 -3.44081e-05 0)
(4.19495e-06 -3.68438e-05 0)
(3.6366e-06 -3.89999e-05 0)
(2.96221e-06 -4.08119e-05 0)
(2.19038e-06 -4.2224e-05 0)
(1.34489e-06 -4.31915e-05 0)
(4.53494e-07 -4.36831e-05 0)
(2.68353e-08 -1.0976e-07 0)
(8.26755e-08 -1.24488e-07 0)
(1.45017e-07 -1.55003e-07 0)
(2.18161e-07 -2.03408e-07 0)
(3.06323e-07 -2.72816e-07 0)
(4.13533e-07 -3.67294e-07 0)
(5.43474e-07 -4.91766e-07 0)
(6.99258e-07 -6.51869e-07 0)
(8.83144e-07 -8.53748e-07 0)
(1.09622e-06 -1.10379e-06 0)
(1.33805e-06 -1.40829e-06 0)
(1.60636e-06 -1.77303e-06 0)
(1.89677e-06 -2.20286e-06 0)
(2.20257e-06 -2.70117e-06 0)
(2.51478e-06 -3.26945e-06 0)
(2.8222e-06 -3.9068e-06 0)
(3.11178e-06 -4.60955e-06 0)
(3.36907e-06 -5.37099e-06 0)
(3.57892e-06 -6.1812e-06 0)
(3.72634e-06 -7.0271e-06 0)
(3.79748e-06 -7.89262e-06 0)
(3.78056e-06 -8.75915e-06 0)
(3.66687e-06 -9.6061e-06 0)
(3.45158e-06 -1.04117e-05 0)
(3.13433e-06 -1.11539e-05 0)
(2.71965e-06 -1.18111e-05 0)
(2.21694e-06 -1.23637e-05 0)
(1.6402e-06 -1.27945e-05 0)
(1.00745e-06 -1.30896e-05 0)
(3.39775e-07 -1.32397e-05 0)
)
;

boundaryField
{
    outerWall
    {
        type            noSlip;
    }
    axis
    {
        type            symmetryPlane;
    }
    nozzle
    {
        type            zeroGradient;
    }
    back
    {
        type            empty;
    }
    front
    {
        type            empty;
    }
}


// ************************************************************************* //
