/*--------------------------------*- C++ -*----------------------------------*\
| =========                 |                                                 |
| \\      /  F ield         | OpenFOAM: The Open Source CFD Toolbox           |
|  \\    /   O peration     | Version:  2412                                  |
|   \\  /    A nd           | Website:  www.openfoam.com                      |
|    \\/     M anipulation  |                                                 |
\*---------------------------------------------------------------------------*/
FoamFile
{
    version     2.0;
    format      ascii;
    arch        "LSB;label=32;scalar=64";
    class       surfaceScalarField;
    location    "0.000125";
    object      phi;
}
// * * * * * * * * * * * * * * * * * * * * * * * * * * * * * * * * * * * * * //

dimensions      [1 0 -1 0 0 0 0];

oriented        oriented;

internalField   nonuniform List<scalar> 
7275
(
-0.0016856
-0.00336795
-0.00267175
-0.00315416
-0.00240476
-0.00279121
-0.000587772
-0.00236154
0.00261116
-0.0019072
0.00734286
-0.00150772
0.0130701
-0.0011829
0.0192107
-0.000951633
0.0252067
-0.00080989
0.0306173
-0.000734607
0.0351555
-0.000700198
0.038687
-0.000677443
0.0412058
-0.000644811
0.0427884
-0.000581977
0.0435598
-0.00048442
0.0436481
-0.000341199
0.0431716
-0.000155268
0.0422183
7.83608e-05
0.040839
0.000366604
0.0390637
0.000705339
0.0368987
0.00109483
0.0343363
0.00153118
0.0313637
0.00200766
0.0279661
0.00251683
0.024143
0.00303449
0.0199108
0.00353612
0.0153073
0.00399256
0.0103935
0.00437379
0.0052556
0.00464927
0.00479405
-0.00159718
-0.00664367
-0.00249456
-0.00627153
-0.00215718
-0.00554711
-0.000387238
-0.00470569
0.0028336
-0.00381219
0.00752611
-0.00301858
0.0132017
-0.00237986
0.0192917
-0.00192249
0.0252495
-0.00164373
0.030638
-0.00149551
0.0351702
-0.00142686
0.0387087
-0.00138062
0.0412414
-0.00131153
0.0428463
-0.00118758
0.0436439
-0.000992205
0.0437619
-0.000706978
0.0433093
-0.000327177
0.0423825
0.000140693
0.0410325
0.000717143
0.0392844
0.00140093
0.0371448
0.00218728
0.0346072
0.0030681
0.0316479
0.00404146
0.0282516
0.00508121
0.0244181
0.00613749
0.0201625
0.00716266
0.0155178
0.00810131
0.0105456
0.00888736
0.00533549
0.00945634
0.00975572
-0.00136676
-0.00983281
-0.00209987
-0.00925804
-0.00163693
-0.00824689
5.64832e-05
-0.00697448
0.00327433
-0.00569904
0.00788674
-0.00453417
0.0134607
-0.00360418
0.0194498
-0.00293014
0.0253338
-0.0025262
0.0306794
-0.00230839
0.0351995
-0.00220538
0.0387441
-0.00212612
0.0413131
-0.00203016
0.0429667
-0.00184379
0.0438099
-0.00153964
0.043977
-0.00111096
0.0435853
-0.000544674
0.0427154
0.000163875
0.0414204
0.00103936
0.0397297
0.00207536
0.0376465
0.00327139
0.0351464
0.00463035
0.0322156
0.00612708
0.0288329
0.00773089
0.0249857
0.00937144
0.0206816
0.0109724
0.0159519
0.0124452
0.0108593
0.0136836
0.00550045
0.0145829
0.0150571
-0.00108254
-0.0128188
-0.00158753
-0.0120921
-0.000958143
-0.0108181
0.000723641
-0.00920366
0.00391481
-0.0075573
0.00842049
-0.00607053
0.0138319
-0.00485641
0.019689
-0.00400856
0.0254597
-0.00347466
0.0307354
-0.00318939
0.0352353
-0.00305655
0.0388133
-0.00295753
0.0414256
-0.00281426
0.0431372
-0.00256002
0.0440582
-0.00215486
0.0443122
-0.00158445
0.0440006
-0.000818882
0.0432129
0.000134687
0.0420082
0.00131136
0.040406
0.00271684
0.0384027
0.00434999
0.0359835
0.00620911
0.0331026
0.00828652
0.0297367
0.0105145
0.0258715
0.0128011
0.0214963
0.0150563
0.0166359
0.0171443
0.0113551
0.0189099
0.00576155
0.0201976
0.020879
-0.000700673
-0.0155643
-0.000894102
-0.0147258
-0.000214499
-0.0132177
0.00160174
-0.0113425
0.00475396
-0.00938768
0.00909479
-0.00760851
0.0143254
-0.00617532
0.0199844
-0.00515145
0.0256194
-0.00451918
0.0308238
-0.00417716
0.0353028
-0.00400613
0.0388896
-0.0038655
0.0415736
-0.00369833
0.0433664
-0.00335926
0.044394
-0.0028623
0.0447533
-0.00213901
0.0445543
-0.00117294
0.0438872
3.01185e-05
0.0428054
0.00151921
0.0413267
0.00331185
0.039447
0.00540756
0.0371268
0.0078229
0.0343252
0.0105353
0.0310075
0.0134539
0.0271232
0.0164886
0.0226524
0.0195057
0.0176108
0.0223211
0.0120644
0.0247186
0.00613609
0.0264777
0.0274129
-0.000231727
-0.0180161
-0.000126292
-0.0170903
0.000750211
-0.0154376
0.00267338
-0.0133567
0.00574546
-0.0111602
0.00991295
-0.00917289
0.0148987
-0.00754393
0.0203489
-0.00639966
0.0258148
-0.0056726
0.0309165
-0.00527628
0.0353705
-0.00507443
0.0390063
-0.00490411
0.041758
-0.00468438
0.0436655
-0.00427522
0.0448105
-0.00366901
0.0452994
-0.00279211
0.0452533
-0.00163829
0.0447367
-0.000166429
0.0438179
0.00164018
0.0425069
0.00384014
0.0407923
0.00643348
0.0386261
0.00945495
0.0359467
0.0128763
0.032695
0.0165839
0.0287979
0.0204858
0.0242107
0.0244041
0.0189334
0.0280948
0.0130317
0.0312654
0.00664884
0.0336093
0.0348639
0.000206143
-0.0201179
0.000731121
-0.0191551
0.00187714
-0.0174191
0.00387931
-0.0152124
0.0068732
-0.0128795
0.0108196
-0.0107378
0.0155647
-0.00900299
0.0207604
-0.00774844
0.0260418
-0.00695745
0.0310335
-0.00650956
0.0354622
-0.00628238
0.0391361
-0.00607552
0.0419757
-0.00579904
0.044013
-0.00532448
0.0453049
-0.00460199
0.0459748
-0.00358951
0.046097
-0.00222187
0.0457737
-0.000490188
0.0450603
0.00165176
0.0439736
0.00426824
0.0424751
0.00740737
0.0405123
0.0110945
0.0380122
0.0152965
0.034867
0.0199126
0.0309729
0.0248286
0.0262521
0.0298214
0.0206801
0.0345767
0.0143181
0.0387061
0.00733447
0.0417882
0.0434533
0.000723921
-0.0218316
0.00168253
-0.0208727
0.00309606
-0.0191216
0.00518053
-0.0168916
0.00807641
-0.0145178
0.0118016
-0.0123116
0.0162632
-0.0105298
0.0212039
-0.00922358
0.0262921
-0.00839171
0.0311828
-0.00790868
0.0355795
-0.00764045
0.0392974
-0.00739708
0.0422417
-0.00706586
0.0444204
-0.00652184
0.0458942
-0.00569613
0.0467418
-0.00452428
0.047089
-0.00297224
0.0469981
-0.000968227
0.0465491
0.0015105
0.0457317
0.00457469
0.044527
0.00828096
0.0428457
0.0126982
0.0405885
0.0177711
0.0376048
0.0234251
0.0337445
0.029526
0.0288811
0.0358038
0.0229524
0.041862
0.0160065
0.0471928
0.00824098
0.05122
0.0534242
0.00125539
-0.0231168
0.00264856
-0.0222005
0.00434329
-0.0205233
0.00650978
-0.0183647
0.00930597
-0.0160519
0.0128233
-0.0138969
0.0170022
-0.0121254
0.021677
-0.010823
0.026561
-0.00997761
0.0313386
-0.00947565
0.0357164
-0.00917393
0.0394893
-0.00888957
0.0425514
-0.00850525
0.0448917
-0.00789216
0.0465428
-0.00694903
0.0476336
-0.00566042
0.0482284
-0.00390557
0.0484276
-0.00164905
0.0482828
0.00117715
0.0478166
0.00469574
0.0469816
0.00900479
0.0456727
0.0142029
0.0437477
0.0202387
0.0410048
0.0270693
0.0372303
0.0345482
0.0322295
0.0423608
0.0258823
0.0500189
0.018208
0.0568685
0.00943467
0.0621222
0.0650513
0.00176918
-0.023948
0.00358763
-0.0231179
0.00555079
-0.0215918
0.00780683
-0.0196111
0.0105204
-0.0174666
0.0138256
-0.0154588
0.0177391
-0.0137848
0.0221555
-0.0125421
0.0268435
-0.0117204
0.0315116
-0.0112174
0.035872
-0.0108909
0.0397147
-0.0105748
0.0428967
-0.0101259
0.0454078
-0.00945018
0.0472992
-0.00842698
0.0486265
-0.0069914
0.0495085
-0.00505713
0.0500445
-0.00256457
0.0502827
0.000581853
0.0502426
0.00457614
0.0498807
0.00949662
0.0490474
0.0155246
0.0475694
0.0226006
0.0451761
0.0307471
0.0415702
0.0398131
0.0364614
0.0494504
0.0296417
0.0590754
0.0210728
0.067861
0.0110091
0.0747296
0.0786624
0.00223932
-0.0243175
0.00444916
-0.0236127
0.00666403
-0.0223096
0.00900595
-0.0206027
0.011656
-0.0187387
0.0147726
-0.0169709
0.0184431
-0.0154837
0.0226212
-0.0143648
0.0271277
-0.0136118
0.0316982
-0.0131347
0.0360501
-0.0127971
0.0399598
-0.0124521
0.0432932
-0.0119637
0.0459948
-0.0112201
0.0480991
-0.0101061
0.049714
-0.00856941
0.0509412
-0.00648339
0.0518618
-0.00375269
0.0525358
-0.000267345
0.0530264
0.00413272
0.0532352
0.00967478
0.0530233
0.0165277
0.0521343
0.0247178
0.0502379
0.0343028
0.0469269
0.0451696
0.0417801
0.0569599
0.0344558
0.0690027
0.024808
0.0802775
0.0130996
0.0893068
0.0946773
0.00264403
-0.0242395
0.00519244
-0.0236906
0.00762928
-0.0226705
0.010054
-0.0213217
0.0126512
-0.0198322
0.0156137
-0.0184015
0.0190768
-0.0171878
0.0230496
-0.0162637
0.0273989
-0.0156299
0.0318909
-0.0152157
0.0362479
-0.0148893
0.0402399
-0.0145299
0.0437158
-0.0140087
0.0466168
-0.013213
0.0489869
-0.0120422
0.050901
-0.0104079
0.0524854
-0.00819639
0.0538473
-0.00527623
0.0550553
-0.00149478
0.0561569
0.00329769
0.0570744
0.0094042
0.0576248
0.017071
0.0575127
0.0263934
0.0563127
0.0375102
0.053486
0.0503797
0.0484363
0.064683
0.0406222
0.0796929
0.029704
0.0941964
0.0159083
0.106168
0.113678
0.00296363
-0.0237468
0.0057817
-0.0233757
0.00839946
-0.0226825
0.0108949
-0.0217554
0.0134562
-0.0207188
0.0163006
-0.0197103
0.0196011
-0.0188524
0.0234103
-0.0181934
0.0276367
-0.0177362
0.0320779
-0.0174339
0.0364543
-0.0171468
0.0405386
-0.0167986
0.0441712
-0.0162664
0.0472859
-0.015441
0.0499166
-0.0142315
0.0521581
-0.012538
0.0541379
-0.0102358
0.0559932
-0.00718545
0.0578109
-0.00318922
0.059622
0.00194573
0.0613705
0.00854401
0.0628804
0.0169435
0.0637631
0.027381
0.0635193
0.0400613
0.0614531
0.0550974
0.0567384
0.0722876
0.0485385
0.0909227
0.0361793
0.109647
0.019748
0.125703
0.136526
0.00318424
-0.0228911
0.00619126
-0.0227105
0.00893731
-0.0223688
0.0114856
-0.0219023
0.0140244
-0.0213733
0.0167873
-0.0208532
0.0199765
-0.0204238
0.0236715
-0.020094
0.0278207
-0.0198782
0.0322355
-0.0197358
0.036655
-0.019537
0.0408448
-0.0192358
0.0446435
-0.0187264
0.0479764
-0.0179
0.0508828
-0.0166875
0.0534666
-0.0149777
0.0558789
-0.012644
0.0582688
-0.00952431
0.0607592
-0.00540388
0.0633675
-3.70547e-05
0.0661126
0.00691497
0.0687573
0.0159411
0.0709076
0.0273605
0.0719582
0.0415495
0.0710464
0.058841
0.0670598
0.0792691
0.0587393
0.102289
0.0448524
0.126554
0.025117
0.148403
0.164566
0.00330102
-0.0217456
0.00640463
-0.0217527
0.00922066
-0.0217733
0.0117951
-0.0217755
0.0143215
-0.0217819
0.017042
-0.0217926
0.0201574
-0.0218296
0.0237975
-0.0219025
0.0279182
-0.0219873
0.0323423
-0.0220564
0.0368306
-0.0220078
0.0411429
-0.0218033
0.0451114
-0.0213575
0.0486706
-0.0205781
0.0518592
-0.0194076
0.0547973
-0.0177375
0.057656
-0.01544
0.0606143
-0.0123394
0.0638238
-0.00820325
0.0673567
-0.00273459
0.0712118
0.00441548
0.0752123
0.0137935
0.0789271
0.0259747
0.0816919
0.0414802
0.0824792
0.0609693
0.0798426
0.0848843
0.0719449
0.113104
0.0566655
0.144618
0.032854
0.174856
0.19997
0.0033094
-0.0203937
0.00641756
-0.0205774
0.00924151
-0.020952
0.0118106
-0.021404
0.0143224
-0.0219376
0.0170219
-0.0224882
0.0201212
-0.0230256
0.0237559
-0.0235449
0.0278941
-0.0239817
0.0323686
-0.0243185
0.0369537
-0.0244868
0.0414009
-0.0244351
0.0455567
-0.0241205
0.0493414
-0.0234368
0.0528139
-0.0223706
0.0561091
-0.020809
0.0594252
-0.0186332
0.0629745
-0.0156607
0.0669512
-0.0116569
0.0714741
-0.00629863
0.0765461
0.000731614
0.0821024
0.0102481
0.0877208
0.022829
0.0927083
0.0392756
0.0959208
0.0606614
0.0955784
0.0880717
0.0891006
0.122231
0.0730258
0.163084
0.0442382
0.205789
0.2462
0.00321716
-0.0189358
0.00624591
-0.0192775
0.00899723
-0.0199569
0.011529
-0.0208311
0.0140239
-0.0218552
0.0167248
-0.0229243
0.0198499
-0.0239707
0.0235044
-0.0249336
0.0277055
-0.0257798
0.0322803
-0.0264442
0.0369922
-0.0268861
0.0416011
-0.0270577
0.0459349
-0.0269259
0.0499528
-0.0264239
0.0537081
-0.0255339
0.057355
-0.0241604
0.0611218
-0.0222036
0.0652618
-0.0194867
0.0700128
-0.0157789
0.0755693
-0.0107625
0.0819548
-0.00395653
0.08925
0.00515864
0.0970975
0.0175581
0.104865
0.0343053
0.111426
0.0569025
0.114759
0.087351
0.111474
0.127791
0.0965651
0.179869
0.0624823
0.241377
0.309951
0.00303649
-0.0174817
0.00589956
-0.0179471
0.00851888
-0.0188683
0.0109728
-0.0201073
0.0134363
-0.0215608
0.0161446
-0.0230983
0.019308
-0.024623
0.0230352
-0.0260308
0.0273394
-0.027308
0.0320392
-0.0283335
0.0369007
-0.0291039
0.0416851
-0.0295684
0.0462271
-0.0297022
0.0504737
-0.0294509
0.0544928
-0.028813
0.0584696
-0.0277228
0.0626814
-0.0261158
0.0673832
-0.0237745
0.0728968
-0.0205589
0.0794661
-0.0161311
0.0872811
-0.0100432
0.0963236
-0.00171423
0.106667
0.00977351
0.117801
0.0258851
0.128793
0.0485221
0.137614
0.0808343
0.139801
0.127431
0.127223
0.193724
0.0862555
0.283105
0.396617
0.00277832
-0.0161208
0.00540531
-0.0166754
0.00784378
-0.0177747
0.0101777
-0.0192931
0.0125862
-0.0210947
0.0153076
-0.0230377
0.0185099
-0.0249645
0.0223375
-0.0268082
0.0267509
-0.0284858
0.0316103
-0.0299131
0.0366508
-0.0310504
0.0416223
-0.0318579
0.046373
-0.0323341
0.050841
-0.032406
0.0551228
-0.0321175
0.059419
-0.0314137
0.0639988
-0.030239
0.0692287
-0.0284559
0.07544
-0.0259165
0.0829613
-0.0223441
0.0920956
-0.0173611
0.103031
-0.0103943
0.115934
-0.000582049
0.130918
0.0135043
0.14756
0.0342719
0.164936
0.0654172
0.180279
0.113435
0.186396
0.188254
0.144392
0.32506
0.540444
0.00247274
-0.0149359
0.00480925
-0.015538
0.00700647
-0.0167474
0.00918658
-0.0184637
0.0115228
-0.0205208
0.0142174
-0.0227539
0.0174782
-0.0250325
0.0213989
-0.0272417
0.0259523
-0.0292949
0.0309766
-0.0311112
0.036205
-0.0326359
0.0413802
-0.0338304
0.0463236
-0.0346884
0.0510132
-0.0351741
0.0555322
-0.0353142
0.0601008
-0.0350908
0.0650246
-0.0344702
0.0706892
-0.0333769
0.0774972
-0.0317092
0.0858394
-0.0292476
0.096132
-0.025742
0.108793
-0.020739
0.12424
-0.01347
0.142976
-0.00272533
0.165696
0.0137642
0.192028
0.0407421
0.217852
0.088528
0.235308
0.170863
0.188567
0.370894
0.727256
0.00172904
-0.0141585
0.00336909
-0.0147766
0.00493047
-0.0160298
0.00653188
-0.0178343
0.00831805
-0.0200211
0.0104609
-0.0224276
0.0130894
-0.0249062
0.0162902
-0.027356
0.0200286
-0.0296666
0.0241676
-0.031769
0.0284843
-0.0335968
0.032765
-0.0351118
0.0368641
-0.0363032
0.0407581
-0.0371558
0.0445232
-0.0376911
0.0483427
-0.0379122
0.0524766
-0.0378086
0.0572591
-0.0373627
0.0630088
-0.0364804
0.0701238
-0.0350787
0.0790063
-0.0329969
0.0900848
-0.0299055
0.104013
-0.0253467
0.121789
-0.018511
0.145084
-0.00785501
0.177339
0.00965037
0.226535
0.0398258
0.304777
0.0922904
0.470539
0.203847
0.403197
0.792188
0.00149018
-0.0135506
0.00292033
-0.0141816
0.0042915
-0.0154339
0.00575799
-0.0172772
0.00746516
-0.0195298
0.00957211
-0.022036
0.0122134
-0.0246552
0.0154552
-0.027278
0.0192733
-0.0298055
0.0235123
-0.0321561
0.0279427
-0.0342667
0.0323411
-0.0360954
0.0365579
-0.0376294
0.0405688
-0.0388724
0.0444482
-0.0398341
0.0483853
-0.0405421
0.0526531
-0.0410116
0.0575738
-0.0412559
0.0635264
-0.041261
0.0709085
-0.0410182
0.0801447
-0.0404809
0.0917787
-0.0395388
0.106589
-0.0380564
0.125784
-0.0357031
0.151486
-0.0319044
0.187514
-0.0252884
0.241406
-0.0137223
0.327727
0.00537032
0.490127
0.0398276
0.100876
0.789487
0.00125079
-0.0131318
0.00245955
-0.0137686
0.00363888
-0.0149911
0.00495802
-0.0168221
0.00657237
-0.0190809
0.00863607
-0.021622
0.0112728
-0.0243118
0.0145489
-0.0270457
0.0184291
-0.029729
0.0227547
-0.0322812
0.027285
-0.034639
0.0317901
-0.0367622
0.0361157
-0.0386359
0.0402228
-0.0402679
0.044195
-0.0416767
0.0482192
-0.0428982
0.0525695
-0.0439741
0.0575779
-0.0449535
0.063623
-0.0458896
0.0711106
-0.0468556
0.0804931
-0.0479385
0.0923454
-0.049251
0.107479
-0.0509846
0.127284
-0.0534358
0.154276
-0.057192
0.193353
-0.0632638
0.253994
-0.0740514
0.351127
-0.0923561
0.510503
-0.121266
-0.176065
0.78439
0.00101462
-0.0129104
0.00199471
-0.0135478
0.00299165
-0.0147288
0.00415534
-0.0164957
0.005667
-0.0187086
0.00767403
-0.0212236
0.0102919
-0.0239176
0.013584
-0.026696
0.0175112
-0.0294716
0.0219071
-0.032168
0.026522
-0.0347257
0.031116
-0.0371073
0.0355291
-0.0392986
0.0397161
-0.0413088
0.043755
-0.0431629
0.0478308
-0.0449057
0.0522147
-0.0466005
0.0572366
-0.0483309
0.0632691
-0.0502095
0.0707118
-0.0523889
0.080006
-0.0550826
0.0916959
-0.0586042
0.10655
-0.0634611
0.125834
-0.0705016
0.151766
-0.0812846
0.188286
-0.098558
0.242939
-0.128287
0.330238
-0.180186
0.496061
-0.288696
-0.483929
0.801009
0.000783262
-0.0128979
0.00154319
-0.0135187
0.00236733
-0.0146646
0.00336777
-0.0163162
0.00477076
-0.0184453
0.00671033
-0.0208791
0.0092948
-0.0235156
0.0125858
-0.0262729
0.0165408
-0.0290744
0.0209869
-0.0318515
0.0256653
-0.0345519
0.0303269
-0.0371433
0.0348054
-0.0396146
0.0390477
-0.0419743
0.0431255
-0.0442541
0.0472171
-0.0465054
0.0515858
-0.0488087
0.0565513
-0.0512779
0.0624708
-0.0540742
0.0697204
-0.0574202
0.0787024
-0.0616356
0.0898864
-0.0671956
0.103902
-0.0748573
0.121749
-0.0858948
0.145214
-0.102677
0.177712
-0.129577
0.227653
-0.177518
0.307542
-0.260277
0.480444
-0.462748
0.81688
-0.822593
0.766734
0.0231941
0.773677
-0.00994407
0.778674
-0.0084926
0.779596
-0.00475679
0.777808
-0.00225159
0.774733
-0.0010391
0.771157
-0.000490692
0.767479
-0.000235102
0.763926
-0.000112719
0.760634
-5.33515e-05
0.757688
-2.43315e-05
0.755132
-1.02902e-05
0.752982
-4.08029e-06
0.751234
-1.62762e-06
0.749864
-8.63274e-07
0.748834
-6.4391e-07
0.748099
-5.27699e-07
0.747608
-4.43004e-07
0.747309
-3.27626e-07
0.74715
-1.87247e-07
0.747088
-8.15382e-08
0.747081
-1.33891e-09
0.747098
3.82407e-08
0.747118
4.41919e-08
4.38217e-08
0.817155
-0.00705649
0.807433
-0.00334087
0.796584
-0.00120036
0.788317
-0.000360586
0.78207
-5.83158e-05
0.776863
4.51677e-05
0.77224
6.10111e-05
0.76804
4.71257e-05
0.764224
3.30218e-05
0.760799
2.32455e-05
0.757784
1.68734e-05
0.755192
1.22057e-05
0.753025
8.31304e-06
0.751268
5.03896e-06
0.749893
2.44847e-06
0.748862
6.79725e-07
0.748126
-5.66569e-08
0.747635
-4.00684e-07
0.747335
-4.50401e-07
0.747176
-3.4169e-07
0.747114
-2.13889e-07
0.747107
-1.0511e-07
0.747125
-3.70906e-08
0.747145
-3.75857e-09
1.39079e-08
0.782604
-0.00774137
0.78226
-0.00604394
0.781818
-0.00426675
0.780239
-0.00262053
0.777697
-0.00156506
0.774512
-0.00089353
0.770988
-0.000495784
0.767379
-0.000267458
0.763876
-0.000140521
0.760616
-7.10403e-05
0.757687
-3.40879e-05
0.75514
-1.51823e-05
0.752996
-6.3243e-06
0.751253
-2.9061e-06
0.749885
-1.80592e-06
0.748858
-1.37764e-06
0.748124
-1.15396e-06
0.747634
-9.71862e-07
0.747335
-7.56666e-07
0.747176
-5.3813e-07
0.747114
-3.45937e-07
0.747107
-2.03355e-07
0.747125
-1.11918e-07
0.747145
-5.59444e-08
-2.7375e-08
0.825083
-0.0344249
0.812245
0.00366228
0.799131
0.00528273
0.789679
0.00295645
0.782763
0.00128621
0.777226
0.000509369
0.772433
0.000211974
0.768144
9.25632e-05
0.76428
4.29079e-05
0.760828
2.18353e-05
0.757797
1.22957e-05
0.755197
7.67307e-06
0.753025
4.97477e-06
0.751266
2.84159e-06
0.749892
1.20371e-06
0.748861
1.91304e-07
0.748126
-2.06747e-07
0.747635
-4.01231e-07
0.747336
-4.13877e-07
0.747177
-3.52081e-07
0.747115
-2.65492e-07
0.747107
-1.90885e-07
0.747125
-1.31346e-07
0.747145
-8.16036e-08
-5.27246e-08
0.780199
0.780848
0.78263
0.781747
0.778986
0.775369
0.771498
0.767662
0.764023
0.760685
0.757711
0.75514
0.752983
0.751232
0.749861
0.748833
0.748099
0.747609
0.747309
0.74715
0.747088
0.747081
0.747098
0.747118
0.000659345
-0.0131841
0.00133585
-0.0137576
0.00211858
-0.0148525
0.00317044
-0.0163303
0.00478663
-0.0183056
0.00712807
-0.0205688
0.0103262
-0.0230552
0.0144575
-0.0256988
0.0194646
-0.0284399
0.0251202
-0.0312249
0.0310857
-0.0340148
0.0370352
-0.0367877
0.0427475
-0.0395383
0.048147
-0.0422775
0.0533099
-0.0450407
0.0584481
-0.0478863
0.0638759
-0.0509099
0.0699731
-0.054254
0.0771563
-0.0581243
0.0858479
-0.0628095
0.0964687
-0.0687215
0.109452
-0.0764602
0.125278
-0.0869345
0.144506
-0.101572
0.167651
-0.122725
0.194724
-0.15425
0.221427
-0.202699
0.239654
-0.277977
0.191711
-0.415236
-0.63213
0.000316186
-0.0138076
0.00069216
-0.0143081
0.00121985
-0.0152917
0.00205708
-0.0166486
0.00349892
-0.0184054
0.00570873
-0.0204476
0.00881178
-0.0227201
0.0128836
-0.0251698
0.017864
-0.0277579
0.0235164
-0.0304494
0.0294913
-0.0332234
0.0354523
-0.0360724
0.0411685
-0.0390005
0.0465529
-0.0420235
0.0516642
-0.0451767
0.0566949
-0.0485255
0.0619306
-0.0521713
0.067715
-0.0562732
0.0744131
-0.0610614
0.0823725
-0.0668604
0.0918988
-0.0741248
0.103235
-0.0834956
0.116541
-0.0958955
0.131842
-0.112686
0.148853
-0.135937
0.16657
-0.168773
0.182155
-0.215848
0.188369
-0.282564
0.146078
-0.372041
-0.485663
3.71256e-05
-0.014736
0.00011006
-0.0151643
0.000404421
-0.0160135
0.00109148
-0.0172338
0.00233467
-0.018736
0.00441198
-0.020554
0.00740778
-0.0225675
0.0113968
-0.0247638
0.0163161
-0.0271234
0.0219208
-0.0296325
0.027852
-0.0322912
0.0337665
-0.0351102
0.0394257
-0.0381053
0.0447317
-0.0412993
0.0497279
-0.0447283
0.0545816
-0.0484591
0.0595473
-0.0525948
0.0649266
-0.0572975
0.0710274
-0.0628043
0.0781201
-0.0694465
0.0863986
-0.0776781
0.0959378
-0.0881148
0.106636
-0.101593
0.118106
-0.119254
0.129419
-0.142644
0.138512
-0.173748
0.140878
-0.214712
0.128307
-0.267139
0.0870238
-0.328467
-0.396713
-0.000168749
-0.0159102
-0.00028259
-0.0162818
-0.000226754
-0.0170083
0.00018561
-0.0180409
0.00130554
-0.0193386
0.00326247
-0.0209135
0.00614832
-0.0226376
0.0100403
-0.0245399
0.0148723
-0.0266161
0.0203905
-0.0288725
0.026229
-0.0313316
0.032041
-0.0340236
0.037584
-0.0369784
0.0427508
-0.0402263
0.0475709
-0.0438063
0.0521859
-0.0477809
0.0568179
-0.0522526
0.0617251
-0.0573753
0.0671591
-0.0633773
0.0733181
-0.070574
0.0803012
-0.0793862
0.0880551
-0.0903609
0.0963039
-0.104195
0.104437
-0.121755
0.111302
-0.144069
0.114858
-0.172218
0.111673
-0.20691
0.0966838
-0.248031
0.0625382
-0.290633
-0.330747
-0.000368036
-0.0172869
-0.00066998
-0.017611
-0.000795714
-0.0182228
-0.00050819
-0.019111
0.000430333
-0.0201811
0.00227797
-0.0215175
0.00505665
-0.0229451
0.00884575
-0.0245342
0.0135731
-0.0262933
0.0189743
-0.0282484
0.0246782
-0.030444
0.0303379
-0.03293
0.0357105
-0.0357503
0.0406833
-0.0389431
0.0452723
-0.0425502
0.0495974
-0.0466292
0.0538482
-0.0512759
0.0582415
-0.0566305
0.0629775
-0.0629008
0.0681933
-0.0703699
0.0739155
-0.0794053
0.080006
-0.0904628
0.0860954
-0.104083
0.0914903
-0.120866
0.0950421
-0.14141
0.0949643
-0.166148
0.088666
-0.194941
0.0726963
-0.226749
0.0440536
-0.256991
-0.281879
-0.000540516
-0.0188335
-0.00101355
-0.0191096
-0.00127763
-0.0196403
-0.00113687
-0.0203761
-0.000302229
-0.0212763
0.00146044
-0.022329
0.00414392
-0.023484
0.00783244
-0.0247595
0.0124465
-0.0261877
0.0177091
-0.0278145
0.0232453
-0.0297051
0.0287117
-0.0319281
0.0338683
-0.0345402
0.0386004
-0.0375867
0.0429136
-0.0411105
0.0469095
-0.0451653
0.0507474
-0.0498343
0.0546078
-0.0552423
0.0586466
-0.061568
0.0629527
-0.0690539
0.0675029
-0.0780043
0.0721131
-0.0887783
0.0763832
-0.101767
0.079635
-0.117347
0.0808415
-0.135795
0.0785618
-0.157127
0.070967
-0.180786
0.0559609
-0.20541
0.0324576
-0.22736
-0.243418
-0.000695439
-0.0205118
-0.00130296
-0.0207567
-0.00169371
-0.021206
-0.00164887
-0.0218136
-0.00091092
-0.0225412
0.000801355
-0.0233538
0.00340966
-0.02424
0.00700839
-0.0252097
0.0115083
-0.0263084
0.0166188
-0.0275986
0.0219632
-0.0291647
0.0272049
-0.031091
0.0321102
-0.0334446
0.0365656
-0.0362765
0.0405701
-0.0396292
0.0442096
-0.0435514
0.0476189
-0.0481115
0.0509467
-0.0534171
0.0543135
-0.0596144
0.0577728
-0.0669017
0.0612714
-0.0755195
0.0646092
-0.0857353
0.0673994
-0.0978116
0.0690312
-0.111952
0.0686454
-0.128215
0.0651385
-0.146377
0.0572661
-0.165718
0.0438226
-0.184875
0.0245662
-0.201124
-0.211942
-0.00082568
-0.0222937
-0.00156254
-0.0224999
-0.00205303
-0.0228835
-0.00206545
-0.0233968
-0.00138346
-0.0239465
0.000300092
-0.0245506
0.00284926
-0.0251829
0.00637293
-0.0258623
0.0107632
-0.026644
0.0157149
-0.0276048
0.0208517
-0.0288453
0.0258467
-0.0304623
0.0304756
-0.0325308
0.0346296
-0.0351045
0.0383043
-0.0382245
0.0415732
-0.0419321
0.0445526
-0.0462822
0.0473641
-0.0513607
0.0501016
-0.057284
0.0527944
-0.0642062
0.0553754
-0.0723084
0.0576496
-0.0817784
0.059268
-0.0927761
0.0597107
-0.10538
0.0582904
-0.119513
0.0541921
-0.134833
0.0465931
-0.150604
0.0348427
-0.165607
0.0190529
-0.177846
-0.185427
-0.000939995
-0.024148
-0.00177014
-0.024325
-0.00233051
-0.0246491
-0.00242124
-0.0250455
-0.0017305
-0.0254819
-4.79292e-05
-0.0258725
0.00245392
-0.0262743
0.00591908
-0.0266824
0.0102073
-0.0271669
0.014998
-0.0278164
0.0199179
-0.0287451
0.0246525
-0.0300583
0.0289899
-0.0318356
0.0328282
-0.0341312
0.0361632
-0.0369824
0.0390598
-0.0404222
0.0416196
-0.0444924
0.0439435
-0.0492558
0.0461058
-0.0548018
0.0481211
-0.0612433
0.0499196
-0.0687097
0.0513242
-0.0773236
0.0520356
-0.0871676
0.0516286
-0.0982367
0.0495715
-0.110376
0.0452779
-0.123208
0.0382174
-0.136049
0.028068
-0.147875
0.0150711
-0.157228
-0.162724
-0.00104513
-0.0260453
-0.00195104
-0.0262075
-0.00256085
-0.0264692
-0.00264166
-0.0267783
-0.00195962
-0.0270759
-0.000230779
-0.0272814
0.00221279
-0.0274638
0.00563568
-0.0276276
0.0098304
-0.0278388
0.0144605
-0.0282022
0.0191588
-0.0288429
0.0236261
-0.0298712
0.0276645
-0.031368
0.0311822
-0.0333853
0.0341773
-0.0359548
0.0367099
-0.0391004
0.0388697
-0.0428503
0.0407439
-0.0472466
0.0423919
-0.052353
0.0438205
-0.0582471
0.0449646
-0.0650147
0.0456719
-0.0727276
0.045695
-0.0814132
0.0446972
-0.0910148
0.0422775
-0.101344
0.0380233
-0.112029
0.0316015
-0.122472
0.0228771
-0.131842
0.01212
-0.139074
-0.143167
-0.00113289
-0.0279741
-0.00211966
-0.0281061
-0.00276818
-0.0283145
-0.0028487
-0.0285384
-0.00210242
-0.028713
-0.000336629
-0.0287522
0.00211038
-0.0287209
0.00550926
-0.0286548
0.00961805
-0.0286163
0.0140887
-0.0287222
0.0185638
-0.0291046
0.0227613
-0.0298758
0.0264998
-0.0311145
0.029699
-0.0328682
0.0323619
-0.0351616
0.0345462
-0.0380086
0.0363335
-0.0414241
0.0378008
-0.0454325
0.0389973
-0.0500731
0.0399272
-0.0553952
0.040534
-0.061449
0.0406917
-0.068268
0.0402025
-0.0758426
0.0388066
-0.0840875
0.0362083
-0.0928068
0.032123
-0.101661
0.0263484
-0.110146
0.0188516
-0.1176
0.00988731
-0.123241
-0.126352
-0.00120296
-0.0299234
-0.0022378
-0.0300222
-0.00289052
-0.0301777
-0.0029184
-0.0303208
-0.00212477
-0.0303484
-0.000323093
-0.0302203
0.00213931
-0.0299963
0.00552657
-0.0297206
0.00955405
-0.0294557
0.0138655
-0.029333
0.0181169
-0.0294894
0.0220453
-0.0300357
0.0254872
-0.0310458
0.0283755
-0.0325606
0.0307195
-0.0345964
0.0325767
-0.0371569
0.0340229
-0.0402446
0.0351282
-0.0438683
0.0359353
-0.0480462
0.0364485
-0.0528047
0.0366216
-0.0581664
0.0363538
-0.0641372
0.0354912
-0.0706836
0.0338383
-0.0777081
0.0311813
-0.0850233
0.0273282
-0.0923322
0.0221618
-0.0992193
0.0157018
-0.105167
0.00817192
-0.109597
-0.111997
-0.00126067
-0.0318793
-0.00232084
-0.0319479
-0.00295961
-0.0320384
-0.00294251
-0.0320834
-0.0020766
-0.0319365
-0.000252577
-0.0316834
0.00228816
-0.0312655
0.00567449
-0.0307872
0.00962172
-0.0303163
0.0137726
-0.0299931
0.0177998
-0.0299557
0.0214613
-0.0303104
0.0246127
-0.0311244
0.027201
-0.0324301
0.029243
-0.0342347
0.0307972
-0.0365317
0.0319361
-0.0393122
0.0327238
-0.0425711
0.0332003
-0.0463105
0.0333707
-0.0505374
0.0331995
-0.0552542
0.0326085
-0.0604475
0.031481
-0.0660699
0.0296727
-0.0720218
0.0270327
-0.0781329
0.0234346
-0.0841507
0.0188161
-0.0897391
0.0132213
-0.0944963
0.0068389
-0.0979954
-0.0998662
-0.00130229
-0.0338337
-0.0023759
-0.0338647
-0.00299118
-0.033872
-0.00289344
-0.0338042
-0.00189691
-0.0335308
-5.90575e-05
-0.0330669
0.00255394
-0.0324908
0.00594134
-0.0318211
0.00980504
-0.0311633
0.0137915
-0.0306655
0.0175933
-0.0304647
0.0209907
-0.0306603
0.0238591
-0.0313105
0.0261604
-0.0324384
0.0279192
-0.0340415
0.0291959
-0.0361036
0.0300606
-0.0386055
0.0305738
-0.0415307
0.0307731
-0.0448682
0.0306657
-0.0486099
0.0302258
-0.0527442
0.0293947
-0.0572444
0.0280856
-0.0620563
0.0261946
-0.0670843
0.0236175
-0.0721787
0.020274
-0.077129
0.0161364
-0.081667
0.0112578
-0.085483
0.00579422
-0.0882603
-0.089731
-0.00132941
-0.0357715
-0.00239641
-0.0357595
-0.00295816
-0.0356766
-0.00275457
-0.0354672
-0.00165775
-0.0350479
0.000245897
-0.034408
0.00293027
-0.033651
0.00631636
-0.0327962
0.010089
-0.0319683
0.0139048
-0.0313201
0.0174789
-0.0309838
0.0206148
-0.03105
0.0232085
-0.0315669
0.0252365
-0.0325471
0.0267316
-0.0339784
0.0277561
-0.0358358
0.0283786
-0.0380909
0.0286566
-0.0407181
0.0286261
-0.0436964
0.0282969
-0.0470067
0.0276513
-0.0506269
0.0266463
-0.0545228
0.025219
-0.0586379
0.0232964
-0.0628837
0.0208083
-0.0671314
0.0177066
-0.0712081
0.0139845
-0.0749015
0.00969651
-0.077974
0.0049699
-0.0801901
-0.0813551
-0.00133275
-0.037683
-0.00236559
-0.0376227
-0.00284387
-0.0374457
-0.00252234
-0.037066
-0.00131679
-0.0364792
0.000658949
-0.0356707
0.0034145
-0.0347249
0.00678978
-0.033692
0.0104597
-0.0327105
0.0140965
-0.031934
0.0174394
-0.0314876
0.0203162
-0.0314512
0.0226435
-0.0318618
0.0244121
-0.0327215
0.0256626
-0.0340088
0.0264593
-0.0356902
0.0268691
-0.0377303
0.0269472
-0.040096
0.0267283
-0.0427587
0.0262243
-0.045692
0.0254241
-0.0488667
0.0242974
-0.0522445
0.0227997
-0.0557697
0.0208807
-0.0593625
0.0184951
-0.0629133
0.0156163
-0.0662816
0.0122504
-0.0693
0.0084489
-0.0717868
0.00431522
-0.0735663
-0.0744962
-0.00128752
-0.0395753
-0.00226574
-0.0394381
-0.00263567
-0.0391583
-0.0021914
-0.0385839
-0.000861782
-0.0378246
0.00118403
-0.0368286
0.00400265
-0.0356964
0.00735212
-0.0344944
0.0109046
-0.0333757
0.014352
-0.0324918
0.0174594
-0.0319581
0.0200792
-0.0318427
0.0221484
-0.0321707
0.0236714
-0.0329336
0.0246956
-0.0341009
0.025287
-0.0356324
0.025511
-0.0374865
0.0254202
-0.0396247
0.0250481
-0.0420133
0.024408
-0.0446208
0.0234943
-0.047414
0.0222863
-0.0503529
0.0207533
-0.0533844
0.0188618
-0.0564376
0.016584
-0.0594201
0.0139076
-0.062218
0.0108459
-0.0646999
0.0074459
-0.0667265
0.00379164
-0.0681666
-0.0689153
-0.00121524
-0.0414273
-0.00209168
-0.0412094
-0.00234862
-0.040761
-0.00175099
-0.0400345
-0.000311926
-0.0390694
0.00182014
-0.0378787
0.00468956
-0.0365562
0.0079938
-0.0351953
0.0114115
-0.0339563
0.0146582
-0.032985
0.0175254
-0.0323847
0.0198903
-0.0322109
0.0217096
-0.0324763
0.0230003
-0.0331621
0.0238156
-0.0342299
0.0242225
-0.0356336
0.0242844
-0.037327
0.0240513
-0.0392681
0.0235555
-0.0414197
0.022811
-0.0437473
0.0218163
-0.0462159
0.0205577
-0.0487854
0.0190149
-0.0514065
0.0171664
-0.0540166
0.0149965
-0.0565383
0.0125023
-0.0588793
0.00970067
-0.0609361
0.00663351
-0.062602
0.00336943
-0.0637781
-0.0643868
-0.00110661
-0.043207
-0.00184302
-0.0429223
-0.00193176
-0.0422849
-0.00116077
-0.041392
0.000301629
-0.0401868
0.00256935
-0.0388104
0.00546912
-0.0372983
0.00870493
-0.0357916
0.0119692
-0.0344503
0.0150031
-0.0334109
0.0176254
-0.0327631
0.0197378
-0.0325487
0.0213156
-0.0327683
0.0223869
-0.0333931
0.0230097
-0.034378
0.0232509
-0.035672
0.0231716
-0.037226
0.0228192
-0.0389957
0.022224
-0.040942
0.0214005
-0.0430293
0.0203498
-0.0452221
0.0190637
-0.0474815
0.0175291
-0.0497622
0.0157332
-0.0520095
0.0136683
-0.0541583
0.0113374
-0.0561338
0.00875884
-0.0578542
0.00596952
-0.0592371
0.00302574
-0.0602078
-0.0607081
-0.000935159
-0.0449114
-0.00151066
-0.0445124
-0.00139717
-0.043751
-0.000477654
-0.0426036
0.00106319
-0.0412009
0.00343091
-0.0396137
0.00633352
-0.0379217
0.00947515
-0.0362852
0.0125664
-0.0348606
0.0153757
-0.0337718
0.0177491
-0.0330941
0.0196122
-0.0328546
0.020957
-0.0330421
0.0218217
-0.0336188
0.0222673
-0.0345337
0.02236
-0.0357327
0.0221578
-0.0371645
0.0217052
-0.038784
0.0210306
-0.0405517
0.0201481
-0.0424317
0.0190608
-0.0443893
0.017764
-0.0463877
0.0162502
-0.0483856
0.0145121
-0.0503353
0.0125475
-0.0521819
0.0103629
-0.0538644
0.00797662
-0.0553179
0.00542115
-0.0564783
0.00274291
-0.0572886
-0.0577047
-0.000712744
-0.0465055
-0.00105495
-0.0460123
-0.000785981
-0.0450493
0.000192634
-0.0437066
0.00195605
-0.0420933
0.00439871
-0.0402874
0.00727326
-0.0384296
0.0102936
-0.036682
0.0131924
-0.0351939
0.0157659
-0.0340743
0.0178876
-0.0333825
0.0195053
-0.0331313
0.0206265
-0.0332977
0.021297
-0.0338363
0.02158
-0.0346913
0.0215395
-0.0358065
0.0212306
-0.0371301
0.0206941
-0.0386167
0.0199562
-0.0402275
0.0190305
-0.0419274
0.017921
-0.0436831
0.0166258
-0.0454604
0.0151408
-0.0472217
0.0134627
-0.0489257
0.0115927
-0.0505261
0.00953929
-0.0519726
0.00731999
-0.0532132
0.00496315
-0.0541976
0.00250747
-0.0548817
-0.055232
-0.00043195
-0.0479493
-0.000543459
-0.0473524
-8.43154e-05
-0.0462259
0.00107825
-0.0446826
0.00298207
-0.0428392
0.00546388
-0.0408331
0.00827731
-0.0388291
0.0111488
-0.0369918
0.0138363
-0.0354605
0.0161645
-0.0343279
0.018033
-0.0336365
0.0194107
-0.0333845
0.0203182
-0.0335386
0.0208071
-0.0340465
0.0209411
-0.0348493
0.0207817
-0.0358894
0.0203799
-0.0371154
0.0197731
-0.0384831
0.018985
-0.0399547
0.0180284
-0.0414967
0.0169076
-0.0430776
0.0156225
-0.0446658
0.0141712
-0.0462277
0.0125532
-0.0477271
0.0107718
-0.0491249
0.00883614
-0.0503793
0.00676271
-0.0514484
0.00457622
-0.0522922
0.00230911
-0.0528762
-0.0531744
-0.000111663
-0.049207
3.6319e-05
-0.0485227
0.00073939
-0.0472424
0.00211514
-0.0454941
0.00412831
-0.0434387
0.00661456
-0.0412564
0.00933325
-0.0391307
0.0120292
-0.0372273
0.0144881
-0.0356735
0.016563
-0.0345447
0.0181791
-0.0338662
0.0193235
-0.0336225
0.0200277
-0.0337708
0.0203475
-0.0342533
0.0203455
-0.0350091
0.0200799
-0.0359806
0.0195975
-0.0371176
0.018932
-0.0383775
0.0181044
-0.0397242
0.0171263
-0.0411261
0.0160022
-0.042554
0.0147328
-0.0439789
0.013318
-0.0453708
0.0117588
-0.0466982
0.0100597
-0.0479274
0.00822999
-0.0490239
0.00628482
-0.0499533
0.00424572
-0.0506833
0.00214011
-0.0511869
-0.0514433
0.000225277
-0.0502418
0.000727371
-0.0494823
0.00171708
-0.0480567
0.00328446
-0.0461259
0.00537936
-0.043891
0.00783619
-0.041565
0.0104274
-0.0393476
0.0129227
-0.0374039
0.0151379
-0.0358482
0.0169543
-0.0347383
0.0183205
-0.0340833
0.0192397
-0.0338548
0.019752
-0.0340016
0.019915
-0.0344622
0.0197896
-0.0351745
0.0194295
-0.0360821
0.0188772
-0.0371366
0.0181625
-0.0382975
0.0173039
-0.0395309
0.0163116
-0.0408074
0.0151899
-0.0420999
0.01394
-0.0433822
0.0125627
-0.0446276
0.0110601
-0.0458083
0.00943716
-0.0468957
0.0077029
-0.0478606
0.00587112
-0.0486745
0.00396059
-0.0493114
0.00199461
-0.0497494
-0.049972
0.000647276
-0.0510046
0.00152865
-0.0501802
0.00281409
-0.0486375
0.00456363
-0.0465648
0.00671545
-0.044195
0.00911114
-0.0417675
0.0115448
-0.0394945
0.0138176
-0.0375386
0.0157769
-0.0360011
0.0173321
-0.0349238
0.0184532
-0.0343005
0.0191568
-0.0340917
0.019489
-0.0342395
0.0195076
-0.0346798
0.0192704
-0.0353507
0.0188265
-0.0361977
0.0182137
-0.0371746
0.0174579
-0.0382436
0.0165753
-0.0393731
0.0155743
-0.0405361
0.0144589
-0.0417077
0.0132307
-0.0428641
0.0118908
-0.0439816
0.010442
-0.0450359
0.0088892
-0.0460022
0.00724109
-0.0468559
0.00551006
-0.0475732
0.00371247
-0.0481326
0.00186825
-0.0485163
-0.0487109
0.00111558
-0.0514379
0.0024083
-0.0505708
0.00400091
-0.0489536
0.00592453
-0.0467941
0.00811141
-0.044348
0.0104184
-0.0418721
0.0126696
-0.0395861
0.0147022
-0.0376488
0.0163973
-0.0361497
0.0176918
-0.0351166
0.0185746
-0.0345309
0.0190734
-0.034344
0.0192377
-0.0344932
0.0191241
-0.0349133
0.0187861
-0.0355437
0.018268
-0.0363321
0.0176029
-0.0372352
0.0168128
-0.0382181
0.0159115
-0.0392515
0.014906
-0.0403107
0.0137997
-0.041373
0.0125942
-0.0424172
0.0112908
-0.0434219
0.00989251
-0.0443659
0.00840427
-0.0452276
0.006834
-0.0459861
0.0051928
-0.0466212
0.00349498
-0.0471152
0.00175764
-0.0474533
-0.0476246
0.00161263
-0.0514887
0.00333655
-0.0506091
0.00524214
-0.0489722
0.00733177
-0.0467954
0.00953601
-0.0443447
0.0117332
-0.0418843
0.0137839
-0.0396352
0.0155648
-0.0377505
0.0169922
-0.0363103
0.0180298
-0.0353319
0.0186835
-0.0347874
0.0189892
-0.0346224
0.018998
-0.0347717
0.0187639
-0.0351704
0.0183355
-0.0357598
0.0177519
-0.0364908
0.0170414
-0.037323
0.0162228
-0.0382243
0.0153071
-0.039168
0.0143001
-0.0401316
0.0132046
-0.0410945
0.0120219
-0.0420375
0.0107536
-0.0429417
0.00940247
-0.0437883
0.00797333
-0.0445585
0.00647339
-0.0452344
0.00491253
-0.0457988
0.00330325
-0.0462368
0.00166026
-0.046536
-0.0466874
0.00211884
-0.0511107
0.0042788
-0.0502541
0.00649548
-0.0486617
0.0087427
-0.0465482
0.0109519
-0.0441762
0.0130271
-0.0418052
0.0148682
-0.0396499
0.0163937
-0.0378563
0.0175558
-0.0364971
0.018344
-0.0355834
0.0187797
-0.0350825
0.0189049
-0.0349378
0.0187707
-0.0350843
0.0184272
-0.0354588
0.0179178
-0.036006
0.0172764
-0.0366797
0.0165267
-0.0374431
0.015684
-0.0382665
0.0147573
-0.0391258
0.013751
-0.0400005
0.0126671
-0.0408721
0.0115068
-0.0417232
0.0102717
-0.0425369
0.00896437
-0.0432967
0.00758924
-0.0439861
0.00615285
-0.0445894
0.00466396
-0.0450922
0.00313347
-0.0454816
0.00157411
-0.0457472
-0.0458815
0.00261248
-0.0502682
0.00519633
-0.0494728
0.00771297
-0.047994
0.0101086
-0.0460313
0.0123167
-0.0438289
0.0142674
-0.0416286
0.0159003
-0.039631
0.017176
-0.0379722
0.0180821
-0.0367195
0.0186331
-0.0358816
0.0188642
-0.0354266
0.0188222
-0.0352999
0.0185571
-0.0354397
0.0181147
-0.0357867
0.017533
-0.0362893
0.0168404
-0.0369054
0.0160566
-0.0376011
0.0151936
-0.0383495
0.0142583
-0.0391288
0.013254
-0.0399203
0.012182
-0.0407074
0.0110433
-0.0414742
0.00983925
-0.0422059
0.00857222
-0.0428874
0.00724628
-0.0435046
0.00586725
-0.0440436
0.00444288
-0.044492
0.00298269
-0.0448387
0.00149767
-0.0450749
-0.0451942
0.00307096
-0.0489404
0.00604858
-0.048244
0.00884392
-0.0469478
0.0113773
-0.0452238
0.0135838
-0.043284
0.0154174
-0.0413401
0.0168552
-0.0395695
0.0178972
-0.0380949
0.0185647
-0.0369789
0.0188957
-0.0362319
0.0189383
-0.0358273
0.0187434
-0.0357171
0.0183594
-0.0358463
0.0178278
-0.0361618
0.0171813
-0.0366173
0.0164432
-0.0371745
0.0156293
-0.0378031
0.0147489
-0.0384787
0.0138068
-0.0391815
0.0128052
-0.0398945
0.011745
-0.0406027
0.0106266
-0.0412918
0.00945127
-0.0419482
0.00822115
-0.0425588
0.00693983
-0.0431108
0.00561251
-0.0435922
0.00424598
-0.043992
0.00284853
-0.0443008
0.00142971
-0.0445111
-0.0446172
0.00347264
-0.0471248
0.00679621
-0.0465616
0.0098381
-0.0455108
0.0124956
-0.0441073
0.0147039
-0.0425191
0.0164373
-0.0409163
0.0177044
-0.0394447
0.0185398
-0.038209
0.0189951
-0.0372663
0.0191294
-0.036631
0.0190028
-0.0362859
0.0186705
-0.036194
0.0181797
-0.0363108
0.017568
-0.0365918
0.0168632
-0.0369973
0.0160845
-0.0374943
0.0152438
-0.0380558
0.014348
-0.03866
0.0134001
-0.039289
0.0124015
-0.0399274
0.0113523
-0.0405614
0.0102527
-0.041178
0.00910371
-0.041765
0.00790712
-0.0423105
0.00666613
-0.0428032
0.00538528
-0.0432324
0.00407054
-0.0435885
0.0027291
-0.0438634
0.00136925
-0.0440504
-0.0441447
0.00379798
-0.0448399
0.00740325
-0.0444374
0.0106486
-0.0436831
0.0134124
-0.0426688
0.0156286
-0.0415096
0.0172857
-0.0403256
0.0184165
-0.0392236
0.019083
-0.0382847
0.0193612
-0.0375587
0.0193289
-0.0370641
0.0190568
-0.0367952
0.0186048
-0.0367296
0.0180199
-0.0368363
0.0173368
-0.0370823
0.0165797
-0.0374366
0.0157641
-0.0378723
0.0148991
-0.0383664
0.0139892
-0.0389001
0.0130361
-0.0394573
0.0120401
-0.040024
0.0110009
-0.0405875
0.00991842
-0.041136
0.00879321
-0.0416583
0.00762685
-0.0421436
0.00642208
-0.0425818
0.00518287
-0.0429633
0.00391438
-0.0432797
0.00262286
-0.0435238
0.00131547
-0.0436898
-0.0437735
0.00403121
-0.0421264
0.0078402
-0.0419026
0.011236
-0.0414797
0.0140831
-0.0409033
0.016313
-0.0402322
0.017922
-0.039531
0.0189581
-0.0388621
0.0195017
-0.0382782
0.0196466
-0.0378175
0.0194844
-0.0375014
0.0190957
-0.0373355
0.0185448
-0.0373132
0.01788
-0.0374195
0.0171349
-0.0376352
0.0163314
-0.0379402
0.0154824
-0.0383151
0.0145948
-0.0387424
0.0136715
-0.0392063
0.0127131
-0.0396932
0.011719
-0.0401904
0.0106885
-0.0406863
0.00962103
-0.0411701
0.00851699
-0.0416314
0.0073776
-0.0420604
0.00620514
-0.042448
0.00500302
-0.0427855
0.00377568
-0.0430654
0.00252854
-0.0432812
0.00126775
-0.0434281
-0.043502
0.00416182
-0.0390461
0.00808685
-0.039008
0.011572
-0.0389316
0.0144736
-0.0388174
0.0167201
-0.0386687
0.0183096
-0.038494
0.0192959
-0.0383085
0.019768
-0.0381327
0.0198294
-0.0379887
0.0195808
-0.0378965
0.0191096
-0.037871
0.018485
-0.0379203
0.0177575
-0.0380461
0.0169614
-0.0382445
0.0161178
-0.038508
0.0152389
-0.0388268
0.0143304
-0.0391898
0.0133941
-0.0395858
0.0124298
-0.040004
0.0114365
-0.0404334
0.010413
-0.0408639
0.00935841
-0.0412856
0.00827285
-0.0416888
0.00715717
-0.0420646
0.00601324
-0.0424046
0.00484392
-0.0427009
0.00365302
-0.0429469
0.00244513
-0.0431366
0.00122553
-0.0432657
-0.0433307
0.00418561
-0.0356794
0.00813433
-0.0358224
0.0116423
-0.0360862
0.014564
-0.0364312
0.0168248
-0.0368104
0.0184195
-0.0371801
0.0193993
-0.0375093
0.0198524
-0.0377836
0.0198835
-0.0380049
0.0195966
-0.0381866
0.0190824
-0.0383482
0.018414
-0.0385093
0.0176449
-0.0386867
0.0168116
-0.0388919
0.0159365
-0.0391308
0.0150323
-0.0394046
0.0141049
-0.0397106
0.013156
-0.0400435
0.0121853
-0.0403961
0.0111914
-0.0407603
0.010173
-0.0411275
0.00912894
-0.0414891
0.00805905
-0.0418365
0.00696385
-0.0421614
0.00584477
-0.042456
0.00470415
-0.0427135
0.0035452
-0.0429274
0.0023718
-0.0430926
0.00118844
-0.0432051
-0.0432618
0.00410511
-0.0321207
0.00798603
-0.0324291
0.0114484
-0.033006
0.0143507
-0.0337799
0.0166165
-0.0346624
0.0182336
-0.0355653
0.019244
-0.0364156
0.019727
-0.0371648
0.0197804
-0.037791
0.0195048
-0.0382955
0.0189909
-0.0386962
0.0183133
-0.0390194
0.0175284
-0.0392928
0.0166758
-0.0395413
0.0157808
-0.0397842
0.0148583
-0.0400342
0.0139155
-0.0402982
0.0129554
-0.040578
0.011978
-0.040872
0.0109824
-0.0411757
0.00996725
-0.0414831
0.00893137
-0.0417874
0.00787432
-0.0420811
0.00679633
-0.0423571
0.00569847
-0.0426084
0.0045826
-0.0428286
0.00345134
-0.043012
0.00230792
-0.043154
0.00115609
-0.0432507
-0.0432994
0.0039293
-0.0284724
0.00765731
-0.0289207
0.0110075
-0.0297657
0.0138478
-0.0309135
0.0161016
-0.032246
0.0177482
-0.0336411
0.0188159
-0.0349915
0.0193689
-0.0362174
0.0194918
-0.037272
0.0192756
-0.03814
0.0188063
-0.0388313
0.0181573
-0.0393717
0.0173869
-0.0397952
0.0165377
-0.0401358
0.0156388
-0.0404238
0.0147083
-0.0406831
0.0137565
-0.0409304
0.0127883
-0.0411762
0.0118054
-0.0414252
0.0108077
-0.041678
0.0097943
-0.0419324
0.00876441
-0.0421842
0.00771747
-0.042428
0.00665356
-0.0426579
0.00557341
-0.042868
0.00447845
-0.0430527
0.00337076
-0.043207
0.00225301
-0.0433267
0.00112828
-0.0434083
-0.0434495
0.0036727
-0.0248378
0.00717392
-0.0253937
0.010351
-0.0264481
0.0130857
-0.0278954
0.0153034
-0.0296004
0.0169752
-0.0314194
0.0181139
-0.0332205
0.0187647
-0.0348984
0.0189944
-0.0363829
0.0188796
-0.0376392
0.0184967
-0.0386636
0.0179151
-0.0394751
0.0171925
-0.0401065
0.0163736
-0.0405963
0.0154913
-0.0409819
0.0145677
-0.0412958
0.0136169
-0.041564
0.0126469
-0.0418055
0.0116618
-0.0420326
0.0106632
-0.042252
0.00965135
-0.0424664
0.00862601
-0.0426752
0.00758697
-0.042876
0.0065343
-0.0430649
0.00546857
-0.0432376
0.00439089
-0.0433896
0.00330289
-0.0435169
0.00220669
-0.0436157
0.00110479
-0.0436833
-0.0437173
0.00335384
-0.0213139
0.00656951
-0.0219415
0.00952167
-0.0231388
0.0121089
-0.0247987
0.0142611
-0.0267813
0.015943
-0.0289337
0.0171519
-0.0311105
0.0179135
-0.0331889
0.0182739
-0.0350786
0.0182922
-0.0367254
0.0180316
-0.0381085
0.0175533
-0.0392343
0.0169121
-0.0401282
0.0161533
-0.0408261
0.0153123
-0.041368
0.014415
-0.0417916
0.0134797
-0.0421295
0.012518
-0.0424084
0.0115373
-0.0426477
0.0105416
-0.0428612
0.00953292
-0.0430571
0.00851218
-0.0432396
0.00747987
-0.04341
0.0064364
-0.0435675
0.00538238
-0.04371
0.00431876
-0.0438348
0.00324686
-0.0439388
0.00216839
-0.0440196
0.00108536
-0.0440747
-0.0441025
0.00299346
-0.0179852
0.0058823
-0.0186483
0.00856937
-0.0199207
0.0109719
-0.0217018
0.0130268
-0.0238578
0.0146946
-0.0262387
0.0159598
-0.0286962
0.0168294
-0.0310989
0.0173291
-0.0333425
0.0174987
-0.0353554
0.0173858
-0.0370989
0.0170408
-0.0385632
0.0165121
-0.0397608
0.0158431
-0.0407198
0.0150701
-0.041476
0.0142221
-0.0420678
0.0133208
-0.0425316
0.0123819
-0.0428988
0.0114161
-0.0431953
0.0104305
-0.0434408
0.00942946
-0.0436498
0.00841563
-0.0438317
0.00739067
-0.0439923
0.00635572
-0.0441345
0.00531176
-0.0442592
0.00425984
-0.0443661
0.00320117
-0.044454
0.00213719
-0.0445216
0.00106952
-0.0445674
-0.0445904
0.00261244
-0.0149192
0.00515147
-0.0155844
0.00754679
-0.0168681
0.00973451
-0.0186823
0.0116607
-0.0209074
0.0132846
-0.0234061
0.0145812
-0.0260371
0.015542
-0.0286691
0.016174
-0.0311911
0.0164982
-0.0335186
0.0165456
-0.0355966
0.0163537
-0.0373979
0.0159621
-0.0389193
0.0154096
-0.0401759
0.0147311
-0.0411949
0.0139568
-0.0420097
0.013111
-0.0426557
0.0122128
-0.0431663
0.0112763
-0.0435715
0.0103118
-0.0438956
0.00932624
-0.0441582
0.00832459
-0.0443741
0.00731012
-0.0445538
0.00628511
-0.0447044
0.0052513
-0.0448304
0.00421014
-0.0449342
0.00316299
-0.0450171
0.00211126
-0.0450795
0.00105641
-0.0451213
-0.045142
0.0022301
-0.0121636
0.00441384
-0.0128025
0.00650475
-0.0140426
0.00845685
-0.0158117
0.0102264
-0.01801
0.0117746
-0.0205192
0.0130707
-0.0232131
0.0140946
-0.0259687
0.0148382
-0.0286753
0.0153056
-0.0312419
0.0155118
-0.0336008
0.0154806
-0.0357091
0.0152411
-0.0375469
0.0148251
-0.0391139
0.014264
-0.0404247
0.0135866
-0.0415036
0.0128186
-0.0423804
0.0119811
-0.0430865
0.0110912
-0.0436521
0.010162
-0.0441042
0.00920334
-0.0444663
0.00822246
-0.0447573
0.00722464
-0.0449918
0.0062137
-0.0451812
0.00519249
-0.0453336
0.00416321
-0.0454548
0.00312772
-0.0455484
0.00208766
-0.0456171
0.00104457
-0.0456622
-0.0456844
0.00186281
-0.00974519
0.00370115
-0.0103361
0.00548835
-0.0114895
0.00719427
-0.0131504
0.00878569
-0.0152405
0.0102281
-0.0176645
0.0114891
-0.0203167
0.0125412
-0.0230884
0.0133652
-0.0258763
0.0139517
-0.028589
0.0143018
-0.0311517
0.0144258
-0.0335094
0.0143418
-0.0356271
0.014073
-0.0374889
0.013645
-0.0390946
0.0130838
-0.0404565
0.0124138
-0.0415952
0.0116571
-0.0425362
0.0108323
-0.0433065
0.0099549
-0.0439327
0.00903715
-0.0444392
0.00808865
-0.0448473
0.00711675
-0.0451752
0.00612699
-0.0454374
0.00512366
-0.0456455
0.00411004
-0.0458081
0.00308878
-0.0459317
0.00206208
-0.0460209
0.00103189
-0.0460788
-0.0461071
0.00152314
-0.00767169
0.00303829
-0.00819994
0.00453413
-0.00923683
0.00599368
-0.0107435
0.00739364
-0.0126634
0.00870545
-0.0149247
0.00989799
-0.017444
0.0109409
-0.0201319
0.0118082
-0.0228975
0.0124809
-0.0256551
0.0129486
-0.0283285
0.0132104
-0.0308556
0.0132733
-0.0331899
0.0131515
-0.0353018
0.0128634
-0.0371765
0.0124303
-0.038813
0.011874
-0.0402203
0.0112153
-0.041415
0.0104734
-0.0424178
0.0096647
-0.0432516
0.0088034
-0.0439391
0.007901
-0.0445019
0.00696679
-0.0449591
0.00600814
-0.0453272
0.00503087
-0.0456202
0.00403957
-0.0458493
0.00303797
-0.046023
0.00202912
-0.046148
0.00101567
-0.046229
-0.0462686
0.00121955
-0.00593392
0.0024425
-0.00639169
0.00366856
-0.00729514
0.00489094
-0.00861968
0.00609504
-0.010328
0.00725883
-0.0123703
0.0083549
-0.0146859
0.0093534
-0.0172052
0.0102255
-0.0198539
0.0109465
-0.0225565
0.0114983
-0.0252411
0.0118706
-0.0278438
0.0120613
-0.0303115
0.0120755
-0.0326039
0.0119242
-0.0346943
0.0116227
-0.0365684
0.0111885
-0.0382234
0.0106399
-0.0396648
0.00999504
-0.0409051
0.00927038
-0.0419606
0.00848076
-0.0428498
0.007639
-0.0435917
0.00675588
-0.0442045
0.00584035
-0.044705
0.00489976
-0.0451079
0.00394014
-0.0454254
0.00296645
-0.0456679
0.00198285
-0.045843
0.000992949
-0.0459567
-0.0460125
0.000956554
-0.00450963
0.00192353
-0.00489499
0.00290781
-0.00565961
0.00390989
-0.00679038
0.00492227
-0.00826595
0.00592929
-0.0100556
0.00690849
-0.0121189
0.00783293
-0.014406
0.00867427
-0.0168598
0.00940571
-0.0194183
0.0100046
-0.0220185
0.0104545
-0.0245995
0.0107457
-0.0271064
0.0108758
-0.0294931
0.0108486
-0.031724
0.0106729
-0.033774
0.0103612
-0.035629
0.00992815
-0.0372837
0.00938934
-0.0387408
0.00876015
-0.0400086
0.00805513
-0.041099
0.00728747
-0.0420265
0.00646885
-0.0428062
0.0056094
-0.0434528
0.00471774
-0.0439802
0.00380122
-0.0444007
0.0028661
-0.0447246
0.00191775
-0.0449602
0.000960931
-0.0451138
-0.0451895
0.000735223
-0.00336747
0.00148444
-0.00368317
0.00225855
-0.00431283
0.00306272
-0.00525188
0.00389479
-0.00649122
0.00474477
-0.00801531
0.00559549
-0.00980063
0.00642434
-0.011815
0.00720565
-0.0140177
0.00791338
-0.0163614
0.00852346
-0.0187943
0.00901589
-0.0212628
0.00937612
-0.0237148
0.00959571
-0.0261029
0.00967218
-0.0283865
0.00960839
-0.0305331
0.00941153
-0.0325195
0.00909191
-0.0343308
0.00866179
-0.03596
0.00813435
-0.0374068
0.00752287
-0.0386756
0.00684009
-0.0397744
0.00609783
-0.0407135
0.0053068
-0.0415042
0.00447654
-0.0421577
0.00361546
-0.0426846
0.00273096
-0.0430942
0.00182965
-0.0433944
0.00091748
-0.0435911
-0.0436884
0.000553959
-0.00247094
0.00112297
-0.00272298
0.00171952
-0.00322823
0.00235138
-0.00398789
0.00302004
-0.00500147
0.00372007
-0.00626455
0.00443931
-0.00776676
0.00515999
-0.00949027
0.00586038
-0.0114092
0.00651703
-0.0134899
0.0071068
-0.0156926
0.00760877
-0.0179733
0.00800578
-0.0202862
0.00828542
-0.0225867
0.00844043
-0.0248331
0.00846861
-0.0269894
0.00837216
-0.0290262
0.00815697
-0.0309213
0.00783156
-0.0326595
0.00740625
-0.0342321
0.00689227
-0.0356359
0.00630114
-0.0368721
0.00564408
-0.037945
0.0049318
-0.0388609
0.00417421
-0.0396272
0.00338042
-0.0402517
0.00255873
-0.0407415
0.00171678
-0.0411029
0.000861632
-0.0413409
-0.041459
0.000409295
-0.00178181
0.000833014
-0.00197814
0.00128361
-0.00237363
0.0017698
-0.00297299
0.00229532
-0.00378111
0.00285812
-0.00480101
0.00345032
-0.00603163
0.0040588
-0.00746605
0.00466627
-0.00909027
0.00525288
-0.0108829
0.00579792
-0.0128156
0.00628144
-0.0148547
0.00668575
-0.0169623
0.00699646
-0.0190993
0.00720322
-0.021227
0.00729998
-0.0233089
0.00728485
-0.0253131
0.00715965
-0.0272126
0.00692922
-0.0289863
0.00660073
-0.0306188
0.00618294
-0.0320998
0.0056855
-0.033424
0.00511852
-0.0345895
0.00449205
-0.0355972
0.00381588
-0.0364499
0.00309936
-0.0371515
0.00235134
-0.0377063
0.00158018
-0.0381183
0.000793842
-0.0383909
-0.0385265
0.00029665
-0.00126289
0.000606126
-0.00141225
0.000939799
-0.00171456
0.00130627
-0.00217622
0.00171033
-0.002805
0.00215224
-0.00360822
0.00262749
-0.00459077
0.00312699
-0.00575327
0.00363775
-0.00709066
0.00414388
-0.00859133
0.00462787
-0.0102371
0.005072
-0.0120037
0.00545949
-0.0138622
0.00577566
-0.0157803
0.00600868
-0.017724
0.00615013
-0.0196598
0.00619509
-0.0215559
0.00614208
-0.0233838
0.00599268
-0.0251189
0.00575101
-0.0267411
0.00542321
-0.0282349
0.00501684
-0.0295892
0.00454037
-0.0307966
0.0040028
-0.0318526
0.00341332
-0.0327556
0.00278104
-0.0335051
0.00211495
-0.0341022
0.00142376
-0.0345483
0.000715996
-0.0348446
-0.0349925
0.000210986
-0.000879907
0.000432758
-0.000990989
0.000675083
-0.00121686
0.00094576
-0.00156434
0.00124981
-0.00204221
0.00158889
-0.00265975
0.0019609
-0.00342506
0.00236003
-0.00434341
0.00277703
-0.00541578
0.00319982
-0.00663786
0.00361436
-0.00799953
0.00400572
-0.00948498
0.00435901
-0.0110733
0.00466044
-0.0127394
0.00489803
-0.0144554
0.00506227
-0.0161922
0.00514643
-0.0179206
0.00514671
-0.0196128
0.00506208
-0.0212434
0.00489406
-0.0227901
0.00464631
-0.0242339
0.00432424
-0.0255597
0.00393455
-0.0267556
0.00348484
-0.0278128
0.00298331
-0.0287253
0.0024385
-0.0294889
0.00185907
-0.0301014
0.00125374
-0.0305613
0.000631166
-0.0308681
-0.0310215
0.000147304
-0.000602781
0.000303283
-0.000683605
0.000475927
-0.000848691
0.000671893
-0.00110446
0.000895908
-0.00145949
0.00115028
-0.00192338
0.00143455
-0.00250543
0.00174533
-0.00321323
0.0020764
-0.00405141
0.00241902
-0.00502056
0.00276247
-0.00611654
0.00309472
-0.0073302
0.00340331
-0.00864758
0.00367601
-0.0100505
0.00390167
-0.0115172
0.00407071
-0.0130238
0.00417564
-0.014545
0.00421129
-0.0160555
0.00417485
-0.0175311
0.00406583
-0.0189492
0.00388584
-0.0202895
0.0036383
-0.0215347
0.00332814
-0.02267
0.00296147
-0.0236835
0.00254529
-0.0245657
0.00208721
-0.0253097
0.00159527
-0.02591
0.00107777
-0.0263631
0.000543165
-0.0266663
-0.0268182
0.000100991
-0.000406087
0.000208698
-0.000463665
0.000329404
-0.000581779
0.000468522
-0.000766029
0.000630189
-0.00102408
0.000816875
-0.00136482
0.00102908
-0.00179739
0.00126511
-0.00233008
0.00152105
-0.00296928
0.00179088
-0.00371847
0.00206674
-0.00457752
0.00233941
-0.0055422
0.00259885
-0.0066041
0.00283486
-0.00775081
0.00303759
-0.0089664
0.00319819
-0.0102321
0.0033092
-0.0115273
0.00336489
-0.0128301
0.00336143
-0.0141188
0.00329699
-0.0153721
0.00317161
-0.0165702
0.00298712
-0.017695
0.00274684
-0.0187306
0.00245544
-0.0196633
0.00211861
-0.0204817
0.00174289
-0.0211764
0.00133544
-0.0217402
0.000903846
-0.0221676
0.000456004
-0.0224545
-0.0225986
6.80146e-05
-0.000269097
0.000141061
-0.000309283
0.000223907
-0.000392065
0.000320786
-0.000522054
0.000435118
-0.000705668
0.000569229
-0.000950572
0.000724086
-0.00126496
0.000899098
-0.00165675
0.00109199
-0.00213275
0.00129881
-0.00269782
0.00151404
-0.00335421
0.00173088
-0.00410101
0.0019416
-0.00493386
0.00213802
-0.00584495
0.00231192
-0.00682322
0.00245557
-0.00785474
0.00256211
-0.00892329
0.00262587
-0.0100111
0.00264266
-0.0110994
0.00260986
-0.0121696
0.0025265
-0.0132032
0.00239317
-0.014183
0.00221191
-0.0150931
0.00198609
-0.0159193
0.00172017
-0.0166494
0.00141955
-0.0172731
0.00109035
-0.0177818
0.000739261
-0.0181689
0.000373362
-0.0184297
-0.0185608
4.50117e-05
-0.000175439
9.36826e-05
-0.000202936
0.000149521
-0.000259806
0.000215724
-0.000349676
0.000294997
-0.000477665
0.000389352
-0.000650019
0.000499909
-0.000873627
0.000626709
-0.00115544
0.000768575
-0.00150186
0.000923053
-0.00191807
0.00108643
-0.00240744
0.00125388
-0.00297106
0.00141968
-0.00360734
0.0015775
-0.00431185
0.0017208
-0.00507736
0.00184315
-0.00589401
0.00193859
-0.00674965
0.00200196
-0.00763033
0.00202914
-0.00852084
0.00201726
-0.00940528
0.00196473
-0.0102677
0.00187133
-0.0110924
0.00173813
-0.0118647
0.00156742
-0.012571
0.00136256
-0.0131991
0.00112785
-0.0137387
0.000868353
-0.0141809
0.000589746
-0.0145186
0.000298155
-0.0147467
-0.0148616
2.9282e-05
-0.000112557
6.11537e-05
-0.000131012
9.81253e-05
-0.000169331
0.000142537
-0.000230254
0.000196448
-0.000317704
0.0002615
-0.000436548
0.000338767
-0.000592291
0.000428607
-0.000790678
0.000530527
-0.00103725
0.000643098
-0.00133686
0.000763931
-0.00169319
0.000889717
-0.0021083
0.00101636
-0.00258229
0.00113916
-0.00311306
0.00125309
-0.00369623
0.00135302
-0.00432514
0.00143404
-0.00499107
0.00149171
-0.00568351
0.00152232
-0.00639055
0.00152304
-0.00709932
0.00149206
-0.00779646
0.00142868
-0.00846859
0.00133329
-0.0091027
0.00120733
-0.00968654
0.00105326
-0.0102089
0.000874375
-0.0106599
0.000674737
-0.011031
0.000459003
-0.0113155
0.000232285
-0.011508
-0.0116051
1.87315e-05
-7.10809e-05
3.92503e-05
-8.32374e-05
6.33064e-05
-0.000108574
9.25654e-05
-0.000149094
0.000128542
-0.000207695
0.000172514
-0.000288033
0.000225412
-0.000394325
0.000287706
-0.000531094
0.000359293
-0.000702867
0.00043941
-0.00091382
0.000526585
-0.00116741
0.000618634
-0.00146603
0.00071272
-0.00181067
0.000805469
-0.00220069
0.000893137
-0.00263367
0.000971802
-0.00310536
0.00103758
-0.00360976
0.00108684
-0.00413922
0.00111641
-0.00468477
0.00112374
-0.00523637
0.00110705
-0.00578333
0.00106542
-0.00631464
0.000998798
-0.00681935
0.000908047
-0.00728693
0.000794862
-0.00770757
0.000661715
-0.00807244
0.000511753
-0.00837389
0.000348678
-0.00860562
0.000176621
-0.00876282
-0.00884224
1.17865e-05
-4.41951e-05
2.47779e-05
-5.20582e-05
4.01649e-05
-6.85059e-05
5.91024e-05
-9.49596e-05
8.26726e-05
-0.000133495
0.000111829
-0.000186767
0.000147325
-0.000257891
0.000189625
-0.000350289
0.000238825
-0.000467487
0.000294565
-0.000612867
0.000355984
-0.000789408
0.000421689
-0.000999405
0.000489779
-0.00124421
0.000557904
-0.001524
0.00062337
-0.00183765
0.000683272
-0.00218258
0.00073465
-0.00255482
0.000774654
-0.00294904
0.000800707
-0.00335866
0.000810656
-0.00377617
0.000802897
-0.00419327
0.000776462
-0.00460126
0.000731078
-0.00499131
0.000667186
-0.00535473
0.000585926
-0.00568333
0.000489088
-0.0059696
0.000379043
-0.00620697
0.000258647
-0.00638995
0.000131135
-0.00651434
-0.00657726
7.29762e-06
-2.7061e-05
1.53896e-05
-3.20576e-05
2.5068e-05
-4.25461e-05
3.71144e-05
-5.95073e-05
5.22806e-05
-8.43867e-05
7.12548e-05
-0.000119055
9.46138e-05
-0.000165743
0.000122763
-0.00022695
0.000155873
-0.000305313
0.000193816
-0.000403446
0.000236115
-0.000523755
0.000281916
-0.000668231
0.000329983
-0.00083825
0.000378725
-0.00103439
0.000426262
-0.00125626
0.000470509
-0.00150245
0.000509284
-0.00177041
0.00054043
-0.00205655
0.000561943
-0.00235622
0.000572087
-0.00266394
0.00056951
-0.00297352
0.000553318
-0.0032783
0.000523142
-0.00357141
0.000479162
-0.00384597
0.000422112
-0.00409538
0.000353253
-0.00431355
0.000274321
-0.00449504
0.000187458
-0.00463533
9.51245e-05
-0.00473087
-0.00477925
4.4473e-06
-1.63219e-05
9.40745e-06
-1.94426e-05
1.5396e-05
-2.60156e-05
2.293e-05
-3.67009e-05
3.25184e-05
-5.24788e-05
4.46429e-05
-7.46323e-05
5.9727e-05
-0.000104714
7.80958e-05
-0.000144492
9.99303e-05
-0.000195872
0.00012522
-0.000260795
0.000153723
-0.000341109
0.000184932
-0.000438425
0.000218069
-0.000553969
0.000252088
-0.000688435
0.00028571
-0.000841856
0.000317484
-0.00101351
0.000345848
-0.00120186
0.000369226
-0.00140454
0.000386111
-0.00161838
0.000395167
-0.0018395
0.000395307
-0.00206341
0.000385771
-0.00228519
0.000366179
-0.00249965
0.000336561
-0.00270154
0.000297371
-0.00288575
0.000249471
-0.00304747
0.0001941
-0.00318244
0.000132822
-0.00328701
6.74555e-05
-0.00335835
-0.00339452
2.6685e-06
-9.69981e-06
5.66152e-06
-1.16164e-05
9.30783e-06
-1.56663e-05
1.39421e-05
-2.22834e-05
1.99009e-05
-3.21166e-05
2.75119e-05
-4.6024e-05
3.70749e-05
-6.50573e-05
4.88356e-05
-9.0433e-05
6.29543e-05
-0.000123487
7.94718e-05
-0.00016561
9.82781e-05
-0.000218164
0.000119086
-0.000282386
0.000141419
-0.00035928
0.000164607
-0.000449507
0.000187805
-0.000553288
0.000210027
-0.000670315
0.000230189
-0.000799701
0.00024717
-0.000939946
0.00025988
-0.00108894
0.00026732
-0.00124402
0.000268661
-0.00140202
0.000263289
-0.00155939
0.000250864
-0.00171237
0.000231338
-0.00185704
0.00020498
-0.00198958
0.000172365
-0.00210636
0.000134354
-0.00220409
9.20584e-05
-0.00227999
4.67903e-05
-0.00233186
-0.00235818
1.57699e-06
-5.68106e-06
3.3554e-06
-6.8389e-06
5.54084e-06
-9.29336e-06
8.3455e-06
-1.33231e-05
1.1987e-05
-1.93483e-05
1.66826e-05
-2.79293e-05
2.26378e-05
-3.97614e-05
3.003e-05
-5.566e-05
3.89874e-05
-7.65351e-05
4.95657e-05
-0.000103353
6.17252e-05
-0.000137083
7.5311e-05
-0.000178633
9.00391e-05
-0.000228778
0.000105492
-0.000288079
0.000121125
-0.000356809
0.000136284
-0.000434886
0.000150238
-0.000521827
0.000162212
-0.00061671
0.000171438
-0.000718172
0.000177198
-0.000824425
0.000178878
-0.000933301
0.000176009
-0.00104233
0.000168308
-0.00114882
0.0001557
-0.00124997
0.000138333
-0.00134299
0.000116582
-0.00142522
9.10313e-05
-0.00149422
6.24525e-05
-0.00154792
3.17665e-05
-0.00158468
-0.00160334
9.18133e-07
-3.28002e-06
1.95901e-06
-3.96838e-06
3.2488e-06
-5.43209e-06
4.91942e-06
-7.84651e-06
7.1086e-06
-1.14777e-05
9.95698e-06
-1.66838e-05
1.36015e-05
-2.39139e-05
1.81653e-05
-3.37013e-05
2.37442e-05
-4.66502e-05
3.03913e-05
-6.34131e-05
3.81009e-05
-8.46586e-05
4.67939e-05
-0.00011103
5.63064e-05
-0.000143095
6.63843e-05
-0.000181297
7.66847e-05
-0.000225892
8.67857e-05
-0.000276907
9.6204e-05
-0.000334097
0.000104419
-0.000396915
0.000110905
-0.000464502
0.000115159
-0.00053569
0.000116743
-0.000609031
0.000115314
-0.00068284
0.000110649
-0.00075526
0.000102669
-0.000824331
9.14529e-05
-0.000888079
7.72373e-05
-0.000944603
6.04102e-05
-0.000992158
4.14944e-05
-0.00102924
2.11214e-05
-0.00105466
-0.00106758
5.26778e-07
-1.86728e-06
1.12703e-06
-2.27018e-06
1.8768e-06
-3.12941e-06
2.85656e-06
-4.55314e-06
4.15173e-06
-6.70648e-06
5.85132e-06
-9.81355e-06
8.04422e-06
-1.41581e-05
1.08131e-05
-2.00812e-05
1.42261e-05
-2.79744e-05
1.83268e-05
-3.82671e-05
2.31233e-05
-5.14073e-05
2.85783e-05
-6.78357e-05
3.46001e-05
-8.79543e-05
4.10377e-05
-0.00011209
4.76804e-05
-0.000140459
5.42616e-05
-0.000173127
6.04701e-05
-0.000209983
6.59644e-05
-0.000250712
7.03924e-05
-0.000294788
7.34141e-05
-0.000341466
7.47256e-05
-0.000389802
7.40821e-05
-0.000438676
7.13187e-05
-0.000486835
6.63663e-05
-0.000532943
5.92619e-05
-0.000575643
5.01519e-05
-0.000613613
3.92882e-05
-0.000645636
2.7017e-05
-0.000670653
1.37616e-05
-0.000687823
-0.000696558
2.97932e-07
-1.04842e-06
6.39102e-07
-1.28066e-06
1.06854e-06
-1.77734e-06
1.63444e-06
-2.60393e-06
2.38879e-06
-3.86092e-06
3.38672e-06
-5.68575e-06
4.68455e-06
-8.2541e-06
6.33621e-06
-1.17794e-05
8.38817e-06
-1.65097e-05
1.08732e-05
-2.27209e-05
1.38031e-05
-3.07053e-05
1.71624e-05
-4.07564e-05
2.09013e-05
-5.31487e-05
2.49324e-05
-6.81145e-05
2.91288e-05
-8.58186e-05
3.3326e-05
-0.000106334
3.73277e-05
-0.000129619
4.09151e-05
-0.0001555
4.38588e-05
-0.000183661
4.59337e-05
-0.00021364
4.69351e-05
-0.000244832
4.66943e-05
-0.000276512
4.50937e-05
-0.000307855
4.2078e-05
-0.000337972
3.76621e-05
-0.000365952
3.19344e-05
-0.000390901
2.50549e-05
-0.000411989
1.72481e-05
-0.000428494
8.79145e-06
-0.000439835
-0.00044561
1.66148e-07
-5.80711e-07
3.57319e-07
-7.12589e-07
5.99732e-07
-9.95417e-07
9.21765e-07
-1.46808e-06
1.35444e-06
-2.19061e-06
1.93126e-06
-3.24572e-06
2.68708e-06
-4.74005e-06
3.65618e-06
-6.80445e-06
4.86916e-06
-9.59273e-06
6.34917e-06
-1.32781e-05
8.10743e-06
-1.80469e-05
1.01387e-05
-2.40893e-05
1.24172e-05
-3.15872e-05
1.48934e-05
-4.06993e-05
1.74924e-05
-5.1545e-05
2.01148e-05
-6.41878e-05
2.26396e-05
-7.86197e-05
2.49295e-05
-9.47486e-05
2.68384e-05
-0.000112389
2.82209e-05
-0.00013126
2.89427e-05
-0.000150985
2.88909e-05
-0.000171103
2.79843e-05
-0.000191083
2.61815e-05
-0.000210347
2.34866e-05
-0.000228299
1.99517e-05
-0.000244346
1.56763e-05
-0.00025794
1.08031e-05
-0.000268596
5.50982e-06
-0.000275928
-0.000279664
9.13852e-08
-3.17381e-07
1.97022e-07
-3.91184e-07
3.31927e-07
-5.49885e-07
5.12527e-07
-8.16183e-07
7.57017e-07
-1.2253e-06
1.08534e-06
-1.82611e-06
1.51865e-06
-2.68212e-06
2.07819e-06
-3.87203e-06
2.78352e-06
-5.48928e-06
3.65026e-06
-7.64034e-06
4.68736e-06
-1.04413e-05
5.89418e-06
-1.40124e-05
7.25781e-06
-1.84708e-05
8.75085e-06
-2.39216e-05
1.03301e-05
-3.04474e-05
1.19367e-05
-3.80975e-05
1.34973e-05
-4.68778e-05
1.49279e-05
-5.67416e-05
1.61373e-05
-6.75832e-05
1.70337e-05
-7.92346e-05
1.75311e-05
-9.14659e-05
1.75559e-05
-0.00010399
1.70538e-05
-0.000116474
1.59953e-05
-0.000128551
1.43797e-05
-0.000139836
1.22371e-05
-0.000149949
9.62824e-06
-0.000158533
6.64174e-06
-0.000165272
3.38949e-06
-0.000169915
-0.000172282
4.95879e-08
-1.71199e-07
1.07166e-07
-2.11915e-07
1.81202e-07
-2.99694e-07
2.81046e-07
-4.47563e-07
4.1719e-07
-6.75837e-07
6.01294e-07
-1.01288e-06
8.4593e-07
-1.49585e-06
1.16397e-06
-2.17119e-06
1.56759e-06
-3.09458e-06
2.06694e-06
-4.33016e-06
2.6685e-06
-5.94868e-06
3.37332e-06
-8.02446e-06
4.17525e-06
-1.06312e-05
5.05948e-06
-1.38363e-05
6.00159e-06
-1.76949e-05
6.96732e-06
-2.22427e-05
7.91331e-06
-2.74894e-05
8.78884e-06
-3.34126e-05
9.53843e-06
-3.99536e-05
1.01053e-05
-4.7014e-05
1.04355e-05
-5.44563e-05
1.04823e-05
-6.21059e-05
1.02105e-05
-6.9757e-05
9.5998e-06
-7.7181e-05
8.64794e-06
-8.41374e-05
7.37188e-06
-9.03858e-05
5.80795e-06
-9.56994e-05
4.01026e-06
-9.98779e-05
2.04774e-06
-0.000102759
-0.000104229
2.65525e-08
-9.11626e-08
5.75174e-08
-1.13313e-07
9.75957e-08
-1.61187e-07
1.52027e-07
-2.42137e-07
2.2676e-07
-3.67686e-07
3.28492e-07
-5.54024e-07
4.64555e-07
-8.22512e-07
6.42583e-07
-1.20007e-06
8.69973e-07
-1.71926e-06
1.15311e-06
-2.41799e-06
1.49641e-06
-3.33851e-06
1.90127e-06
-4.52578e-06
2.36493e-06
-6.02502e-06
2.87958e-06
-7.8785e-06
3.43168e-06
-1.01217e-05
4.00169e-06
-1.27792e-05
4.56438e-06
-1.58601e-05
5.08982e-06
-1.93547e-05
5.54481e-06
-2.32309e-05
5.895e-06
-2.74325e-05
6.10733e-06
-3.18787e-05
6.15277e-06
-3.64651e-05
6.00896e-06
-4.10674e-05
5.66258e-06
-4.55463e-05
5.11116e-06
-4.97538e-05
4.36405e-06
-5.35414e-05
3.4426e-06
-5.67683e-05
2.37921e-06
-5.93093e-05
1.21555e-06
-6.10633e-05
-6.19587e-05
1.40336e-08
-4.7932e-08
3.04682e-08
-5.98186e-08
5.18748e-08
-8.55711e-08
8.11447e-08
-1.29275e-07
1.21596e-07
-1.97362e-07
1.77012e-07
-2.98921e-07
2.51589e-07
-4.46028e-07
3.49768e-07
-6.54017e-07
4.7594e-07
-9.41608e-07
6.3401e-07
-1.33077e-06
8.2685e-07
-1.84627e-06
1.05567e-06
-2.51475e-06
1.31937e-06
-3.36337e-06
1.61391e-06
-4.41795e-06
1.93193e-06
-5.70075e-06
2.26248e-06
-7.22786e-06
2.59115e-06
-9.00665e-06
2.9006e-06
-1.10333e-05
3.17135e-06
-1.32908e-05
3.383e-06
-1.57477e-05
3.51572e-06
-1.83572e-05
3.55185e-06
-2.10582e-05
3.47756e-06
-2.3777e-05
3.28434e-06
-2.64303e-05
2.9701e-06
-2.89289e-05
2.5399e-06
-3.11829e-05
2.00605e-06
-3.31064e-05
1.38761e-06
-3.46232e-05
7.09314e-07
-3.56712e-05
-3.62066e-05
7.32279e-09
-2.48898e-08
1.59333e-08
-3.11836e-08
2.72175e-08
-4.4851e-08
4.27468e-08
-6.81275e-08
6.43436e-08
-1.04547e-07
9.41097e-08
-1.59132e-07
1.34406e-07
-2.38599e-07
1.87767e-07
-3.5154e-07
2.56745e-07
-5.08528e-07
3.43667e-07
-7.22082e-07
4.50332e-07
-1.00644e-06
5.77645e-07
-1.37709e-06
7.25231e-07
-1.85002e-06
8.91072e-07
-2.44065e-06
1.07122e-06
-3.16256e-06
1.25966e-06
-4.02598e-06
1.44831e-06
-5.03622e-06
1.62727e-06
-6.19215e-06
1.78535e-06
-7.48498e-06
1.91066e-06
-8.8973e-06
1.99152e-06
-1.04027e-05
2.01742e-06
-1.19659e-05
1.97999e-06
-1.35442e-05
1.87393e-06
-1.50885e-05
1.6977e-06
-1.65462e-05
1.45397e-06
-1.78637e-05
1.14971e-06
-1.899e-05
7.95934e-07
-1.98793e-05
4.07068e-07
-2.04943e-05
-2.08086e-05
3.77334e-09
-1.27672e-08
8.22776e-09
-1.60562e-08
1.40997e-08
-2.32146e-08
2.2231e-08
-3.54475e-08
3.36075e-08
-5.46673e-08
4.93784e-08
-8.3607e-08
7.08496e-08
-1.25944e-07
9.94422e-08
-1.86417e-07
1.36609e-07
-2.70897e-07
1.83708e-07
-3.86396e-07
2.41828e-07
-5.40962e-07
3.11588e-07
-7.43429e-07
3.92912e-07
-1.00302e-06
4.84816e-07
-1.32876e-06
5.8523e-07
-1.72874e-06
6.90891e-07
-2.20926e-06
7.97343e-07
-2.7739e-06
8.99056e-07
-3.42261e-06
9.89682e-07
-4.15095e-06
1.06243e-06
-4.94951e-06
1.11055e-06
-5.80356e-06
1.1279e-06
-6.69322e-06
1.10954e-06
-7.59394e-06
1.05224e-06
-8.47752e-06
9.54934e-07
-9.31339e-06
8.19007e-07
-1.00704e-05
6.48346e-07
-1.07184e-05
4.49207e-07
-1.12308e-05
2.29851e-07
-1.15854e-05
-1.17667e-05
1.92051e-09
-6.47052e-09
4.19634e-09
-8.16729e-09
7.21344e-09
-1.18684e-08
1.14164e-08
-1.82139e-08
1.73307e-08
-2.82239e-08
2.55752e-08
-4.33634e-08
3.68605e-08
-6.56154e-08
5.19697e-08
-9.75516e-08
7.1715e-08
-1.42383e-07
9.68703e-08
-2.03971e-07
1.28078e-07
-2.86787e-07
1.65738e-07
-3.95782e-07
2.09876e-07
-5.36179e-07
2.60026e-07
-7.13154e-07
3.15121e-07
-9.31425e-07
3.73424e-07
-1.19477e-06
4.32516e-07
-1.50548e-06
4.89355e-07
-1.86385e-06
5.40407e-07
-2.2677e-06
5.81856e-07
-2.71201e-06
6.09875e-07
-3.18874e-06
6.20944e-07
-3.68683e-06
6.12192e-07
-4.19248e-06
5.81706e-07
-4.68969e-06
5.28793e-07
-5.16107e-06
4.54147e-07
-5.58872e-06
3.599e-07
-5.9554e-06
2.4955e-07
-6.24562e-06
1.27749e-07
-6.44667e-06
-6.54953e-06
9.65708e-10
-3.24071e-09
2.11432e-09
-4.10509e-09
3.6454e-09
-5.99455e-09
5.79052e-09
-9.24432e-09
8.82577e-09
-1.43907e-08
1.30794e-08
-2.22077e-08
1.89322e-08
-3.37489e-08
2.68085e-08
-5.03894e-08
3.71544e-08
-7.38574e-08
5.04024e-08
-1.06247e-07
6.69222e-08
-1.50001e-07
8.69589e-08
-2.07847e-07
1.10563e-07
-2.82692e-07
1.37521e-07
-3.77447e-07
1.67292e-07
-4.94807e-07
1.98965e-07
-6.36981e-07
2.3125e-07
-8.05386e-07
2.62497e-07
-1.00035e-06
2.90774e-07
-1.22083e-06
3.13972e-07
-1.46422e-06
3.29956e-07
-1.72616e-06
3.36746e-07
-2.00062e-06
3.32708e-07
-2.27996e-06
3.16732e-07
-2.55529e-06
2.88382e-07
-2.81683e-06
2.47999e-07
-3.05453e-06
1.96736e-07
-3.25863e-06
1.36515e-07
-3.42035e-06
6.99162e-08
-3.53247e-06
-3.58986e-06
4.7985e-10
-1.6043e-09
1.05263e-09
-2.03922e-09
1.82018e-09
-2.99189e-09
2.90148e-09
-4.63548e-09
4.43959e-09
-7.24805e-09
6.60612e-09
-1.12327e-08
9.60207e-09
-1.71414e-08
1.36537e-08
-2.56985e-08
1.90018e-08
-3.78205e-08
2.58837e-08
-5.46253e-08
3.45073e-08
-7.74263e-08
4.50178e-08
-1.07703e-07
5.74605e-08
-1.47044e-07
7.17409e-08
-1.97058e-07
8.75899e-08
-2.59256e-07
1.04538e-07
-3.349e-07
1.21906e-07
-4.24837e-07
1.38814e-07
-5.29331e-07
1.54223e-07
-6.47903e-07
1.66984e-07
-7.79207e-07
1.75928e-07
-9.20943e-07
1.79961e-07
-1.06985e-06
1.78168e-07
-1.22179e-06
1.69917e-07
-1.37188e-06
1.54946e-07
-1.51472e-06
1.33418e-07
-1.64476e-06
1.05944e-07
-1.75657e-06
7.35672e-08
-1.84527e-06
3.76936e-08
-1.9068e-06
-1.93832e-06
2.3566e-10
-7.85155e-10
5.17942e-10
-1.00136e-09
8.98135e-10
-1.47587e-09
1.43658e-09
-2.29696e-09
2.20641e-09
-3.60686e-09
3.29607e-09
-5.61269e-09
4.81011e-09
-8.59947e-09
6.86734e-09
-1.29434e-08
9.59566e-09
-1.91235e-08
1.31229e-08
-2.77276e-08
1.75636e-08
-3.94514e-08
2.30014e-08
-5.50841e-08
2.94689e-08
-7.54805e-08
3.69265e-08
-1.01514e-07
4.52426e-08
-1.34016e-07
5.41787e-08
-1.73693e-07
6.33824e-08
-2.21037e-07
7.23926e-08
-2.76233e-07
8.06569e-08
-3.39069e-07
8.75618e-08
-4.08864e-07
9.24763e-08
-4.84418e-07
9.48048e-08
-5.64005e-07
9.40452e-08
-6.45402e-07
8.98452e-08
-7.25975e-07
8.205e-08
-8.02806e-07
7.0736e-08
-8.7286e-07
5.62237e-08
-9.33175e-07
3.90683e-08
-9.81065e-07
2.00257e-08
-1.01432e-06
-1.03136e-06
1.14414e-10
-3.79958e-10
2.51925e-10
-4.86159e-10
4.38045e-10
-7.19699e-10
7.02982e-10
-1.12498e-09
1.08362e-09
-1.77379e-09
1.62493e-09
-2.77112e-09
2.38053e-09
-4.26219e-09
3.41187e-09
-6.43969e-09
4.78582e-09
-9.55035e-09
6.57014e-09
-1.3899e-08
8.82662e-09
-1.98485e-08
1.16022e-08
-2.78136e-08
1.49181e-08
-3.82468e-08
1.87589e-08
-5.16151e-08
2.30612e-08
-6.83669e-08
2.77056e-08
-8.88905e-08
3.25123e-08
-1.13465e-07
3.72425e-08
-1.4221e-07
4.16077e-08
-1.75036e-07
4.52846e-08
-2.11603e-07
4.7938e-08
-2.51296e-07
4.92494e-08
-2.93212e-07
4.89476e-08
-3.36179e-07
4.68394e-08
-3.78797e-07
4.28363e-08
-4.19509e-07
3.69729e-08
-4.56687e-07
2.94145e-08
-4.88735e-07
2.04528e-08
-5.14208e-07
1.04879e-08
-5.31907e-07
-5.4098e-07
5.49245e-11
-1.81846e-10
1.21153e-10
-2.33408e-10
2.11219e-10
-3.47006e-10
3.40055e-10
-5.44694e-10
5.26027e-10
-8.62239e-10
7.91697e-10
-1.35218e-09
1.16417e-09
-2.0875e-09
1.67479e-09
-3.16559e-09
2.358e-09
-4.71182e-09
3.24911e-09
-6.88197e-09
4.38089e-09
-9.86267e-09
5.779e-09
-1.38686e-08
7.45652e-09
-1.91357e-08
9.40789e-09
-2.59095e-08
1.16032e-08
-3.44283e-08
1.39836e-08
-4.49013e-08
1.64584e-08
-5.74833e-08
1.89059e-08
-7.2247e-08
2.11776e-08
-8.91571e-08
2.31055e-08
-1.08048e-07
2.45144e-08
-1.28607e-07
2.52365e-08
-1.50369e-07
2.51277e-08
-1.72726e-07
2.4084e-08
-1.94945e-07
2.20558e-08
-2.16206e-07
1.90583e-08
-2.35649e-07
1.51756e-08
-2.52431e-07
1.05587e-08
-2.65782e-07
5.41644e-09
-2.75065e-07
-2.79825e-07
2.60754e-11
-8.60872e-11
5.76172e-11
-1.10835e-10
1.00709e-10
-1.65459e-10
1.62643e-10
-2.60773e-10
2.52446e-10
-4.14378e-10
3.81292e-10
-6.52223e-10
5.62702e-10
-1.01053e-09
8.12443e-10
-1.53786e-09
1.14799e-09
-2.29707e-09
1.58746e-09
-3.36669e-09
2.14794e-09
-4.84135e-09
2.84318e-09
-6.83061e-09
3.68078e-09
-9.45568e-09
4.65915e-09
-1.28437e-08
5.76439e-09
-1.71192e-08
6.96783e-09
-2.2393e-08
8.2245e-09
-2.8749e-08
9.47317e-09
-3.623e-08
1.06384e-08
-4.48232e-08
1.16342e-08
-5.44488e-08
1.23705e-08
-6.49506e-08
1.27599e-08
-7.60929e-08
1.27273e-08
-8.75635e-08
1.22174e-08
-9.89848e-08
1.12033e-08
-1.09932e-07
9.69125e-09
-1.19957e-07
7.72345e-09
-1.2862e-07
5.37705e-09
-1.35518e-07
2.75935e-09
-1.40317e-07
-1.42779e-07
1.2245e-11
-4.03195e-11
2.71027e-11
-5.20647e-11
4.74911e-11
-7.80346e-11
7.69273e-11
-1.2347e-10
1.19796e-10
-1.96921e-10
1.8156e-10
-3.1105e-10
2.68877e-10
-4.83603e-10
3.89567e-10
-7.38489e-10
5.52376e-10
-1.1068e-09
7.66463e-10
-1.62762e-09
1.04058e-09
-2.34826e-09
1.38196e-09
-3.32386e-09
1.79488e-09
-4.61579e-09
2.27909e-09
-6.28893e-09
2.82827e-09
-8.40734e-09
3.42864e-09
-1.10288e-08
4.05819e-09
-1.41979e-08
4.68652e-09
-1.79388e-08
5.27585e-09
-2.22478e-08
5.78285e-09
-2.7087e-08
6.16166e-09
-3.23795e-08
6.36771e-09
-3.80072e-08
6.36219e-09
-4.38124e-08
6.11641e-09
-4.9603e-08
5.61584e-09
-5.5162e-08
4.86299e-09
-6.02597e-08
3.87875e-09
-6.46696e-08
2.70197e-09
-6.81842e-08
1.38707e-09
-7.06311e-08
-7.18868e-08
5.68885e-12
-1.86855e-11
1.2612e-11
-2.41982e-11
2.21535e-11
-3.64087e-11
3.59893e-11
-5.78259e-11
5.62237e-11
-9.25554e-11
8.54938e-11
-1.46698e-10
1.27036e-10
-2.28842e-10
1.8468e-10
-3.50612e-10
2.62741e-10
-5.27198e-10
3.65783e-10
-7.77781e-10
4.98226e-10
-1.12572e-09
6.63795e-10
-1.59839e-09
8.64819e-10
-2.22643e-09
1.10145e-09
-3.04246e-09
1.37084e-09
-4.07898e-09
1.66649e-09
-5.36558e-09
1.97774e-09
-6.92558e-09
2.2897e-09
-8.77223e-09
2.58372e-09
-1.0905e-08
2.83823e-09
-1.33061e-08
3.03024e-09
-1.59383e-08
3.13731e-09
-1.87432e-08
3.13972e-09
-2.16421e-08
3.02276e-09
-2.45388e-08
2.77878e-09
-2.73239e-08
2.40869e-09
-2.98811e-08
1.9227e-09
-3.20957e-08
1.34013e-09
-3.38622e-08
6.88199e-10
-3.50928e-08
-3.57245e-08
2.61496e-12
-8.56963e-12
5.80683e-12
-1.11294e-11
1.02242e-11
-1.68082e-11
1.66569e-11
-2.67933e-11
2.61022e-11
-4.30329e-11
3.98184e-11
-6.84318e-11
5.93591e-11
-1.07097e-10
8.65756e-11
-1.64609e-10
1.23569e-10
-2.48297e-10
1.72582e-10
-3.6746e-10
2.35812e-10
-5.3348e-10
3.15146e-10
-7.5976e-10
4.11822e-10
-1.0614e-09
5.26034e-10
-1.45458e-09
6.56538e-10
-1.95553e-09
8.00288e-10
-2.5792e-09
9.52197e-10
-3.33754e-09
1.10508e-09
-4.23768e-09
1.24982e-09
-5.27993e-09
1.37584e-09
-6.45618e-09
1.47177e-09
-7.74847e-09
1.52647e-09
-9.12838e-09
1.53005e-09
-1.05572e-08
1.47509e-09
-1.19874e-08
1.35763e-09
-1.33644e-08
1.17797e-09
-1.46304e-08
9.41015e-10
-1.57279e-08
6.56253e-10
-1.6604e-08
3.37117e-10
-1.72146e-08
-1.75282e-08
1.18983e-12
-3.88997e-12
2.64616e-12
-5.06604e-12
4.66945e-12
-7.67903e-12
7.62806e-12
-1.22841e-11
1.19893e-11
-1.97956e-11
1.83463e-11
-3.158e-11
2.74357e-11
-4.95781e-11
4.01413e-11
-7.64382e-11
5.74731e-11
-1.15652e-10
8.05182e-11
-1.71672e-10
1.10353e-10
-2.49975e-10
1.4792e-10
-3.57041e-10
1.93859e-10
-5.00215e-10
2.48321e-10
-6.87406e-10
3.10769e-10
-9.26615e-10
3.798e-10
-1.22528e-09
4.53015e-10
-1.58943e-09
5.26982e-10
-2.0228e-09
5.97317e-10
-2.52583e-09
6.58887e-10
-3.09486e-09
7.06157e-10
-3.72136e-09
7.33648e-10
-4.39167e-09
7.3649e-10
-5.087e-09
7.10983e-10
-5.78407e-09
6.55116e-10
-6.4562e-09
5.68954e-10
-7.07488e-09
4.54843e-10
-7.61174e-09
3.1737e-10
-8.04065e-09
1.63085e-10
-8.33978e-09
-8.49345e-09
5.36e-13
-1.74785e-12
1.19364e-12
-2.28231e-12
2.11075e-12
-3.47221e-12
3.45726e-12
-5.5737e-12
5.44948e-12
-9.01107e-12
8.36408e-12
-1.44201e-11
1.25459e-11
-2.27072e-11
1.84117e-11
-3.51137e-11
2.64413e-11
-5.3285e-11
3.71545e-11
-7.9326e-11
5.10715e-11
-1.15839e-10
6.86544e-11
-1.6592e-10
9.0229e-11
-2.33093e-10
1.15892e-10
-3.21177e-10
1.45419e-10
-4.34062e-10
1.78168e-10
-5.7539e-10
2.13023e-10
-7.48168e-10
2.48367e-10
-9.54304e-10
2.82114e-10
-1.19415e-09
3.11807e-10
-1.46606e-09
3.34783e-10
-1.76606e-09
3.48389e-10
-2.08765e-09
3.50253e-10
-2.42182e-09
3.38559e-10
-2.75735e-09
3.123e-10
-3.08132e-09
2.71473e-10
-3.37986e-09
2.1718e-10
-3.63918e-09
1.51616e-10
-3.8465e-09
7.79342e-11
-3.99117e-09
-4.06552e-09
2.38817e-13
-7.77341e-13
5.32832e-13
-1.01789e-12
9.44309e-13
-1.55416e-12
1.55071e-12
-2.50291e-12
2.45149e-12
-4.05961e-12
3.77367e-12
-6.5162e-12
5.67687e-12
-1.0291e-11
8.35558e-12
-1.596e-11
1.20348e-11
-2.42885e-11
1.696e-11
-3.62608e-11
2.33792e-11
-5.30986e-11
3.15158e-11
-7.62621e-11
4.1532e-11
-1.07421e-10
5.34852e-11
-1.48397e-10
6.72823e-11
-2.01055e-10
8.2635e-11
-2.67156e-10
9.903e-11
-3.48174e-10
1.15713e-10
-4.4507e-10
1.31706e-10
-5.58069e-10
1.45846e-10
-6.86452e-10
1.56867e-10
-8.28382e-10
1.63502e-10
-9.80804e-10
1.64611e-10
-1.13946e-09
1.59313e-10
-1.29899e-09
1.47113e-10
-1.45323e-09
1.27993e-10
-1.59552e-09
1.02466e-10
-1.71923e-09
7.15682e-11
-1.81821e-09
3.67985e-11
-1.88731e-09
-1.92284e-09
1.05488e-13
-3.42235e-13
2.35341e-13
-4.4897e-13
4.18063e-13
-6.88443e-13
6.88618e-13
-1.11254e-12
1.09164e-12
-1.81023e-12
1.68511e-12
-2.91415e-12
2.5421e-12
-4.61582e-12
3.75266e-12
-7.179e-12
5.42021e-12
-1.09551e-11
7.65972e-12
-1.64002e-11
1.05884e-11
-2.40803e-11
1.43118e-11
-3.46757e-11
1.89099e-11
-4.89694e-11
2.4414e-11
-6.78174e-11
3.07868e-11
-9.21033e-11
3.79008e-11
-1.22669e-10
4.55225e-11
-1.60224e-10
5.33043e-11
-2.05245e-10
6.07917e-11
-2.57863e-10
6.74424e-11
-3.1777e-10
7.26618e-11
-3.84127e-10
7.58514e-11
-4.55515e-10
7.64706e-11
-5.29941e-10
7.4099e-11
-6.04889e-10
6.84949e-11
-6.77439e-10
5.96434e-11
-7.44444e-10
4.77799e-11
-8.02751e-10
3.33885e-11
-8.49434e-10
1.71727e-11
-8.82042e-10
-8.98809e-10
4.61531e-14
-1.49045e-13
1.03062e-13
-1.96033e-13
1.83241e-13
-3.01503e-13
3.02863e-13
-4.89517e-13
4.81138e-13
-7.99107e-13
7.44828e-13
-1.2898e-12
1.12696e-12
-2.04904e-12
1.66787e-12
-3.19631e-12
2.41599e-12
-4.8902e-12
3.42341e-12
-7.34036e-12
4.74503e-12
-1.08058e-11
6.43025e-12
-1.56002e-11
8.51756e-12
-2.20855e-11
1.10245e-11
-3.06609e-11
1.39356e-11
-4.17373e-11
1.71942e-11
-5.57133e-11
2.06966e-11
-7.29261e-11
2.42839e-11
-9.3607e-11
2.77485e-11
-1.17831e-10
3.08389e-11
-1.45464e-10
3.32796e-11
-1.7613e-10
3.47925e-11
-2.09178e-10
3.5123e-11
-2.43686e-10
3.40731e-11
-2.78484e-10
3.15276e-11
-3.12209e-10
2.74761e-11
-3.4339e-10
2.2025e-11
-3.70547e-10
1.53979e-11
-3.92304e-10
7.92162e-12
-4.07509e-10
-4.15329e-10
1.98357e-14
-6.39071e-14
4.49609e-14
-8.4772e-14
8.00374e-14
-1.30666e-13
1.31878e-13
-2.12848e-13
2.10071e-13
-3.49038e-13
3.25979e-13
-5.6515e-13
4.94473e-13
-9.00592e-13
7.33944e-13
-1.40873e-12
1.06604e-12
-2.16047e-12
1.51462e-12
-3.25187e-12
2.10451e-12
-4.7989e-12
2.8593e-12
-6.94562e-12
3.79665e-12
-9.85656e-12
4.92557e-12
-1.37161e-11
6.24047e-12
-1.87134e-11
7.71697e-12
-2.50337e-11
9.30819e-12
-3.28356e-11
1.09432e-11
-4.22304e-11
1.25278e-11
-5.32573e-11
1.39471e-11
-6.58608e-11
1.50748e-11
-7.98721e-11
1.57826e-11
-9.49977e-11
1.5953e-11
-1.10814e-10
1.54935e-11
-1.26786e-10
1.43501e-11
-1.42284e-10
1.25161e-11
-1.56626e-10
1.00389e-11
-1.69128e-10
7.0214e-12
-1.79151e-10
3.61338e-12
-1.86158e-10
-1.89763e-10
8.55862e-15
-2.6999e-14
1.8993e-14
-3.60016e-14
3.40692e-14
-5.57882e-14
5.66181e-14
-9.1348e-14
9.03638e-14
-1.50659e-13
1.4113e-13
-2.45411e-13
2.14849e-13
-3.91946e-13
3.19562e-13
-6.14277e-13
4.65604e-13
-9.44989e-13
6.63195e-13
-1.42624e-12
9.23909e-13
-2.10974e-12
1.25844e-12
-3.06064e-12
1.67533e-12
-4.35387e-12
2.17786e-12
-6.07188e-12
2.76548e-12
-8.3028e-12
3.42707e-12
-1.11304e-11
4.14221e-12
-1.46282e-11
4.87914e-12
-1.88496e-11
5.59555e-12
-2.38139e-11
6.2398e-12
-2.94989e-11
6.75495e-12
-3.58297e-11
7.08178e-12
-4.26752e-11
7.16716e-12
-4.98436e-11
6.96835e-12
-5.70918e-11
6.45988e-12
-6.4133e-11
5.63858e-12
-7.06553e-11
4.5255e-12
-7.63454e-11
3.16677e-12
-8.091e-11
1.6299e-12
-8.41026e-11
-8.5746e-11
3.75058e-15
-1.11814e-14
8.04412e-15
-1.48511e-14
1.41658e-14
-2.34029e-14
2.40911e-14
-3.90185e-14
3.87439e-14
-6.42735e-14
6.06282e-14
-1.0533e-13
9.23747e-14
-1.68575e-13
1.3783e-13
-2.64883e-13
2.01401e-13
-4.09293e-13
2.87391e-13
-6.19044e-13
4.01376e-13
-9.18067e-13
5.48198e-13
-1.33504e-12
7.31317e-13
-1.90341e-12
9.5335e-13
-2.66074e-12
1.21324e-12
-3.64565e-12
1.50621e-12
-4.89714e-12
1.82425e-12
-6.4487e-12
2.15274e-12
-8.32479e-12
2.47308e-12
-1.05357e-11
2.76235e-12
-1.30719e-11
2.99495e-12
-1.5901e-11
3.14409e-12
-1.89649e-11
3.18555e-12
-2.21777e-11
3.10023e-12
-2.54304e-11
2.87661e-12
-2.85936e-11
2.51288e-12
-3.15267e-11
2.018e-12
-3.40874e-11
1.41289e-12
-3.61427e-11
7.27321e-13
-3.75808e-11
-3.83216e-11
1.44757e-15
-4.42393e-15
3.19173e-15
-5.61072e-15
5.87756e-15
-9.60025e-15
9.94479e-15
-1.6094e-14
1.63608e-14
-2.72695e-14
2.57576e-14
-4.44674e-14
3.90432e-14
-7.14499e-14
5.89868e-14
-1.13159e-13
8.59555e-14
-1.7529e-13
1.23155e-13
-2.65883e-13
1.72803e-13
-3.95367e-13
2.36515e-13
-5.76013e-13
3.16601e-13
-8.23456e-13
4.13214e-13
-1.15319e-12
5.26714e-13
-1.5833e-12
6.55217e-13
-2.13143e-12
7.95233e-13
-2.81216e-12
9.40477e-13
-3.63678e-12
1.08221e-12
-4.60998e-12
1.21054e-12
-5.72903e-12
1.31421e-12
-6.97879e-12
1.38143e-12
-8.33447e-12
1.40162e-12
-9.75834e-12
1.36542e-12
-1.12008e-11
1.26818e-12
-1.26057e-11
1.10868e-12
-1.39095e-11
8.90394e-13
-1.50481e-11
6.23493e-13
-1.5963e-11
3.21213e-13
-1.66035e-11
-1.69332e-11
3.80624e-16
-1.48679e-15
1.07194e-15
-2.08197e-15
2.33638e-15
-3.8222e-15
4.156e-15
-6.56e-15
6.67234e-15
-1.139e-14
1.06401e-14
-1.84275e-14
1.65493e-14
-2.9916e-14
2.49882e-14
-4.77405e-14
3.66652e-14
-7.40016e-14
5.2227e-14
-1.12424e-13
7.34453e-14
-1.67872e-13
1.0122e-13
-2.45231e-13
1.35371e-13
-3.51449e-13
1.77318e-13
-4.93227e-13
2.27114e-13
-6.78616e-13
2.82956e-13
-9.15239e-13
3.43795e-13
-1.20939e-12
4.07019e-13
-1.56701e-12
4.69322e-13
-1.9897e-12
5.25735e-13
-2.47612e-12
5.71525e-13
-3.02034e-12
6.01977e-13
-3.61157e-12
6.10999e-13
-4.23336e-12
5.95907e-13
-4.8641e-12
5.5377e-13
-5.47882e-12
4.8463e-13
-6.05014e-12
3.8932e-13
-6.5488e-12
2.7294e-13
-6.95039e-12
1.40434e-13
-7.23111e-12
-7.37622e-12
-1.93393e-17
-2.03927e-16
4.27718e-16
-7.97791e-16
7.13583e-16
-1.42382e-15
1.56731e-15
-2.42756e-15
2.89073e-15
-4.57959e-15
4.45699e-15
-7.13739e-15
6.7361e-15
-1.22256e-14
1.0184e-14
-1.97318e-14
1.52266e-14
-3.01294e-14
2.239e-14
-4.62028e-14
3.15455e-14
-6.92966e-14
4.32044e-14
-1.01455e-13
5.77474e-14
-1.45499e-13
7.58084e-14
-2.04537e-13
9.73056e-14
-2.82255e-13
1.21843e-13
-3.81146e-13
1.48478e-13
-5.04363e-13
1.76132e-13
-6.54292e-13
2.03466e-13
-8.32248e-13
2.28135e-13
-1.03705e-12
2.48283e-13
-1.26657e-12
2.61493e-13
-1.51612e-12
2.65892e-13
-1.77912e-12
2.59772e-13
-2.04601e-12
2.41548e-13
-2.30614e-12
2.11614e-13
-2.54833e-12
1.70167e-13
-2.7598e-12
1.19116e-13
-2.93021e-12
6.16783e-14
-3.04952e-12
-3.11078e-12
-3.32454e-17
4.53293e-17
1.89257e-16
-4.82484e-16
1.46802e-16
-4.22655e-16
4.4577e-16
-6.91376e-16
9.89295e-16
-1.60065e-15
1.7774e-15
-2.33965e-15
2.96963e-15
-4.33153e-15
4.23675e-15
-7.03645e-15
6.38102e-15
-1.07503e-14
9.65767e-15
-1.64328e-14
1.37765e-14
-2.49724e-14
1.88923e-14
-3.63171e-14
2.58052e-14
-5.23309e-14
3.3805e-14
-7.35158e-14
4.32084e-14
-1.01718e-13
5.45335e-14
-1.37432e-13
6.63527e-14
-1.81625e-13
7.90571e-14
-2.3646e-13
9.14273e-14
-3.01125e-13
1.02694e-13
-3.75222e-13
1.1182e-13
-4.58767e-13
1.18011e-13
-5.49672e-13
1.20367e-13
-6.45673e-13
1.1749e-13
-7.42814e-13
1.09434e-13
-8.37882e-13
9.57129e-14
-9.26236e-13
7.70598e-14
-1.00376e-12
5.41288e-14
-1.06581e-12
2.79385e-14
-1.10951e-12
-1.13185e-12
2.65146e-17
-1.79632e-16
-1.54833e-16
1.7201e-16
3.42659e-16
8.01632e-16
1.49706e-15
2.16585e-15
3.45061e-15
5.22727e-15
7.37474e-15
1.05581e-14
1.37718e-14
1.85014e-14
2.37892e-14
2.98414e-14
3.68039e-14
4.38096e-14
5.08372e-14
5.72165e-14
6.22878e-14
6.60843e-14
6.69639e-14
6.57069e-14
6.10069e-14
5.35378e-14
4.30276e-14
3.02867e-14
1.55037e-14
)
;

boundaryField
{
    outerWall
    {
        type            calculated;
        value           uniform 0;
    }
    axis
    {
        type            symmetryPlane;
        value           uniform 0;
    }
    nozzle
    {
        type            calculated;
        value           nonuniform List<scalar> 5(0.747127 0.747154 0.747154 0.747154 0.747127);
    }
    back
    {
        type            empty;
    }
    front
    {
        type            empty;
    }
}


// ************************************************************************* //
