/*--------------------------------*- C++ -*----------------------------------*\
| =========                 |                                                 |
| \\      /  F ield         | OpenFOAM: The Open Source CFD Toolbox           |
|  \\    /   O peration     | Version:  2412                                  |
|   \\  /    A nd           | Website:  www.openfoam.com                      |
|    \\/     M anipulation  |                                                 |
\*---------------------------------------------------------------------------*/
FoamFile
{
    version     2.0;
    format      ascii;
    arch        "LSB;label=32;scalar=64";
    class       volVectorField;
    location    "9e-05";
    object      U;
}
// * * * * * * * * * * * * * * * * * * * * * * * * * * * * * * * * * * * * * //

dimensions      [0 1 -1 0 0 0 0];

internalField   nonuniform List<vector> 
3725
(
(0.00659283 0.00154412 0)
(0.0215064 0.00202912 0)
(0.0417305 0.00306859 0)
(0.0711583 0.00478649 0)
(0.113967 0.00732766 0)
(0.174262 0.0108009 0)
(0.255319 0.0151995 0)
(0.35851 0.0203124 0)
(0.482148 0.0256574 0)
(0.620708 0.0304825 0)
(0.764951 0.0338799 0)
(0.903309 0.0350291 0)
(1.02418 0.0334646 0)
(1.11824 0.0292273 0)
(1.18001 0.022888 0)
(1.20848 0.0154266 0)
(1.2065 0.00797702 0)
(1.17937 0.00152984 0)
(1.133 -0.00330117 0)
(1.07233 -0.00635072 0)
(1.00112 -0.0074129 0)
(0.921762 -0.0069671 0)
(0.835218 -0.00542207 0)
(0.741977 -0.00302106 0)
(0.642527 -5.35392e-05 0)
(0.536842 0.00282808 0)
(0.42504 0.0055386 0)
(0.307912 0.0078069 0)
(0.186565 0.00944 0)
(0.0625012 0.0102949 0)
(0.00695658 0.00463103 0)
(0.0226498 0.00607816 0)
(0.0437986 0.00917703 0)
(0.0743527 0.0142919 0)
(0.118478 0.0218459 0)
(0.180166 0.0321521 0)
(0.262453 0.0451788 0)
(0.366354 0.0602901 0)
(0.489777 0.0760552 0)
(0.626876 0.0902615 0)
(0.768363 0.100264 0)
(0.903 0.1037 0)
(1.01983 0.0992349 0)
(1.11031 0.08701 0)
(1.16966 0.0686957 0)
(1.1973 0.0471273 0)
(1.19609 0.025568 0)
(1.17092 0.00685727 0)
(1.1271 -0.00725316 0)
(1.06925 -0.0159717 0)
(1.00066 -0.0193431 0)
(0.923263 -0.0182211 0)
(0.838189 -0.0139534 0)
(0.746019 -0.00706249 0)
(0.646922 0.00136543 0)
(0.541043 0.00989413 0)
(0.428781 0.0178771 0)
(0.310843 0.0245948 0)
(0.188433 0.0294501 0)
(0.0631434 0.0319986 0)
(0.00767818 0.00771096 0)
(0.0249159 0.0100965 0)
(0.0478908 0.0151962 0)
(0.08066 0.0235923 0)
(0.127363 0.0359534 0)
(0.191762 0.0527583 0)
(0.276423 0.0739172 0)
(0.381668 0.0983625 0)
(0.504628 0.123761 0)
(0.638867 0.146568 0)
(0.775033 0.162631 0)
(0.902543 0.168315 0)
(1.01167 0.161609 0)
(1.09534 0.142797 0)
(1.15011 0.114522 0)
(1.17615 0.0811769 0)
(1.17631 0.0477565 0)
(1.15477 0.0186009 0)
(1.11589 -0.00350091 0)
(1.06328 -0.0174039 0)
(0.999439 -0.0233406 0)
(0.925814 -0.0223564 0)
(0.843606 -0.0157029 0)
(0.753479 -0.00505988 0)
(0.65525 0.00777676 0)
(0.549232 0.021325 0)
(0.436072 0.0341713 0)
(0.316597 0.0451095 0)
(0.192122 0.0530812 0)
(0.0644147 0.0572863 0)
(0.00874572 0.01077 0)
(0.0282637 0.0140539 0)
(0.0539204 0.021057 0)
(0.0899206 0.0325442 0)
(0.140353 0.0493791 0)
(0.208639 0.0721466 0)
(0.296657 0.10065 0)
(0.403738 0.133382 0)
(0.525932 0.167183 0)
(0.65603 0.19738 0)
(0.784676 0.218667 0)
(0.902239 0.226528 0)
(1.0007 0.218546 0)
(1.075 0.195222 0)
(1.12346 0.159984 0)
(1.14724 0.11834 0)
(1.14916 0.0764343 0)
(1.13249 0.0395718 0)
(1.1001 0.0112964 0)
(1.05439 -0.00700287 0)
(0.996954 -0.0153957 0)
(0.929002 -0.014957 0)
(0.851176 -0.00698134 0)
(0.763633 0.00617851 0)
(0.666718 0.0225307 0)
(0.560846 0.0403084 0)
(0.446625 0.0575603 0)
(0.32503 0.0724776 0)
(0.19757 0.0834672 0)
(0.0662997 0.0893051 0)
(0.0101411 0.013782 0)
(0.0326311 0.0179074 0)
(0.0617586 0.026678 0)
(0.101902 0.0409969 0)
(0.157065 0.0618584 0)
(0.230215 0.0898811 0)
(0.32235 0.124703 0)
(0.431569 0.164375 0)
(0.552628 0.205012 0)
(0.677482 0.241085 0)
(0.796898 0.266564 0)
(0.902458 0.276481 0)
(0.988201 0.268339 0)
(1.05143 0.242938 0)
(1.09246 0.204267 0)
(1.11349 0.158438 0)
(1.11725 0.112086 0)
(1.10593 0.0708725 0)
(1.08097 0.0386273 0)
(1.04327 0.0172287 0)
(0.993482 0.00679637 0)
(0.932142 0.00654278 0)
(0.859465 0.0147375 0)
(0.77562 0.0295473 0)
(0.680855 0.0488893 0)
(0.575511 0.0704724 0)
(0.460204 0.0918693 0)
(0.336031 0.110684 0)
(0.204747 0.12472 0)
(0.0687962 0.132241 0)
(0.0118398 0.0167056 0)
(0.0379357 0.0215989 0)
(0.0712376 0.0319641 0)
(0.116306 0.0487921 0)
(0.177016 0.0731372 0)
(0.255773 0.105574 0)
(0.352528 0.145518 0)
(0.463971 0.190584 0)
(0.583466 0.236291 0)
(0.702197 0.276574 0)
(0.811227 0.305109 0)
(0.903575 0.3169 0)
(0.97555 0.30969 0)
(1.02695 0.284659 0)
(1.06009 0.246119 0)
(1.07811 0.200288 0)
(1.0835 0.153674 0)
(1.0774 0.111741 0)
(1.05988 0.0782736 0)
(1.03052 0.0553683 0)
(0.988954 0.043689 0)
(0.934966 0.042787 0)
(0.868433 0.0514405 0)
(0.789253 0.0679813 0)
(0.697417 0.0902471 0)
(0.593086 0.115677 0)
(0.476788 0.141404 0)
(0.34967 0.164417 0)
(0.213742 0.181818 0)
(0.071944 0.191237 0)
(0.013811 0.0194846 0)
(0.0440749 0.0250554 0)
(0.0821536 0.0368073 0)
(0.132782 0.0557673 0)
(0.199651 0.0829784 0)
(0.284502 0.118897 0)
(0.386108 0.162669 0)
(0.49965 0.211491 0)
(0.617123 0.26045 0)
(0.729098 0.303269 0)
(0.827146 0.333704 0)
(0.905899 0.347121 0)
(0.964025 0.34177 0)
(1.00376 0.319255 0)
(1.02918 0.284 0)
(1.04416 0.241908 0)
(1.05084 0.198875 0)
(1.04939 0.159759 0)
(1.0387 0.12806 0)
(1.01734 0.105988 0)
(0.984054 0.0946939 0)
(0.937956 0.0943767 0)
(0.878364 0.104397 0)
(0.804728 0.123383 0)
(0.716629 0.149265 0)
(0.613881 0.179316 0)
(0.496761 0.210244 0)
(0.366342 0.238359 0)
(0.224867 0.259911 0)
(0.0758646 0.271719 0)
(0.0160178 0.0220487 0)
(0.0509277 0.0281904 0)
(0.0942715 0.04109 0)
(0.150934 0.0617601 0)
(0.224364 0.0911681 0)
(0.315541 0.129589 0)
(0.421973 0.175865 0)
(0.537308 0.226822 0)
(0.652302 0.277296 0)
(0.757139 0.321076 0)
(0.84412 0.35232 0)
(0.909628 0.367054 0)
(0.954655 0.364219 0)
(0.98363 0.345852 0)
(1.00208 0.316302 0)
(1.01427 0.280867 0)
(1.02189 0.244529 0)
(1.02429 0.21133 0)
(1.01956 0.184327 0)
(1.0055 0.165795 0)
(0.980244 0.1573 0)
(0.942245 0.159654 0)
(0.890189 0.172832 0)
(0.822906 0.19591 0)
(0.739367 0.227031 0)
(0.638821 0.26339 0)
(0.521071 0.301269 0)
(0.386921 0.336203 0)
(0.238767 0.36335 0)
(0.0808045 0.378441 0)
(0.0184173 0.0243168 0)
(0.0583559 0.0309086 0)
(0.107331 0.0446899 0)
(0.17034 0.0666155 0)
(0.250523 0.0975225 0)
(0.348025 0.137459 0)
(0.459033 0.184954 0)
(0.575724 0.23653 0)
(0.687815 0.286956 0)
(0.785368 0.330312 0)
(0.861632 0.361399 0)
(0.914826 0.377094 0)
(0.948127 0.377119 0)
(0.967821 0.363903 0)
(0.980448 0.341586 0)
(0.990338 0.314692 0)
(0.998691 0.287193 0)
(1.00424 0.262264 0)
(1.00455 0.242509 0)
(0.997064 0.230188 0)
(0.979449 0.227189 0)
(0.949605 0.234846 0)
(0.905556 0.253715 0)
(0.845378 0.283377 0)
(0.76724 0.322282 0)
(0.669559 0.367612 0)
(0.551371 0.415213 0)
(0.412904 0.459693 0)
(0.25655 0.494747 0)
(0.0871877 0.514591 0)
(0.0209617 0.026202 0)
(0.0662075 0.0331107 0)
(0.121052 0.0474871 0)
(0.190559 0.0701925 0)
(0.277496 0.101894 0)
(0.381115 0.142389 0)
(0.496277 0.189906 0)
(0.61381 0.240759 0)
(0.722639 0.28981 0)
(0.812972 0.3316 0)
(0.879208 0.361726 0)
(0.921421 0.378 0)
(0.944764 0.380922 0)
(0.956981 0.373233 0)
(0.965177 0.358767 0)
(0.973477 0.341239 0)
(0.982572 0.32366 0)
(0.990784 0.308436 0)
(0.995496 0.297774 0)
(0.994006 0.293889 0)
(0.983741 0.298897 0)
(0.96214 0.314562 0)
(0.926588 0.341964 0)
(0.874331 0.38122 0)
(0.802544 0.431162 0)
(0.70852 0.489028 0)
(0.590132 0.550199 0)
(0.446572 0.608143 0)
(0.279947 0.654526 0)
(0.0956938 0.681428 0)
(0.0235989 0.0276167 0)
(0.0743197 0.0346998 0)
(0.135142 0.0493708 0)
(0.211146 0.0723721 0)
(0.30467 0.104179 0)
(0.414033 0.144331 0)
(0.532811 0.1908 0)
(0.650652 0.239799 0)
(0.755946 0.286411 0)
(0.839306 0.325759 0)
(0.896434 0.3543 0)
(0.929225 0.370769 0)
(0.944552 0.37636 0)
(0.951206 0.374027 0)
(0.956452 0.367231 0)
(0.964007 0.358943 0)
(0.974088 0.351367 0)
(0.984821 0.346309 0)
(0.993637 0.345684 0)
(0.997907 0.351676 0)
(0.994955 0.366585 0)
(0.981904 0.392533 0)
(0.955549 0.43112 0)
(0.912277 0.483045 0)
(0.848098 0.547635 0)
(0.758839 0.622295 0)
(0.640709 0.70193 0)
(0.491151 0.778635 0)
(0.311522 0.841199 0)
(0.107371 0.878719 0)
(0.026274 0.0284793 0)
(0.082523 0.0355887 0)
(0.149306 0.0502472 0)
(0.231665 0.0730642 0)
(0.331466 0.104316 0)
(0.446081 0.143306 0)
(0.567878 0.187808 0)
(0.685519 0.234042 0)
(0.78711 0.277418 0)
(0.86389 0.313706 0)
(0.912966 0.34021 0)
(0.937966 0.356501 0)
(0.947208 0.364339 0)
(0.950135 0.366764 0)
(0.953864 0.366843 0)
(0.961577 0.366921 0)
(0.973094 0.368595 0)
(0.98652 0.373272 0)
(0.99952 0.382693 0)
(1.00968 0.399053 0)
(1.01438 0.424832 0)
(1.01054 0.462518 0)
(0.994472 0.514285 0)
(0.96172 0.581545 0)
(0.906984 0.664326 0)
(0.824245 0.760431 0)
(0.707392 0.864403 0)
(0.551027 0.966798 0)
(0.355021 1.05231 0)
(0.123842 1.10604 0)
(0.0289309 0.0287202 0)
(0.0906456 0.0357056 0)
(0.163249 0.050046 0)
(0.251697 0.0722137 0)
(0.357352 0.102296 0)
(0.476653 0.139397 0)
(0.600863 0.181169 0)
(0.71786 0.223943 0)
(0.815694 0.263532 0)
(0.8864 0.296366 0)
(0.928531 0.320535 0)
(0.947322 0.336308 0)
(0.952249 0.345844 0)
(0.953083 0.35214 0)
(0.95657 0.357897 0)
(0.96532 0.364956 0)
(0.97885 0.374508 0)
(0.995393 0.387749 0)
(1.01297 0.406363 0)
(1.02951 0.43261 0)
(1.04255 0.469184 0)
(1.04899 0.519011 0)
(1.04482 0.584962 0)
(1.02481 0.669399 0)
(0.982267 0.773418 0)
(0.908904 0.895692 0)
(0.795494 1.03078 0)
(0.632088 1.16783 0)
(0.41597 1.28579 0)
(0.147676 1.36477 0)
(0.031513 0.0282873 0)
(0.0985173 0.0350004 0)
(0.176687 0.0487258 0)
(0.270852 0.0698045 0)
(0.381853 0.0981581 0)
(0.505236 0.132741 0)
(0.631287 0.171174 0)
(0.747291 0.209986 0)
(0.841428 0.245445 0)
(0.906643 0.274621 0)
(0.942923 0.296282 0)
(0.956948 0.311228 0)
(0.959082 0.321844 0)
(0.959174 0.330984 0)
(0.963475 0.341005 0)
(0.974034 0.353372 0)
(0.990188 0.369038 0)
(1.01041 0.389132 0)
(1.03316 0.415372 0)
(1.0568 0.450137 0)
(1.07918 0.4964 0)
(1.09737 0.557617 0)
(1.10726 0.637548 0)
(1.10306 0.739844 0)
(1.07671 0.867242 0)
(1.01728 1.02011 0)
(0.911516 1.19395 0)
(0.742289 1.37727 0)
(0.502752 1.54124 0)
(0.183084 1.66066 0)
(0.0339657 0.0271504 0)
(0.105974 0.0334489 0)
(0.189352 0.0462782 0)
(0.288772 0.0658617 0)
(0.404554 0.0919888 0)
(0.531415 0.123526 0)
(0.658797 0.158149 0)
(0.773564 0.192663 0)
(0.86417 0.223816 0)
(0.924527 0.249266 0)
(0.955987 0.268336 0)
(0.966494 0.282184 0)
(0.967066 0.293247 0)
(0.967454 0.30417 0)
(0.973361 0.316983 0)
(0.986344 0.33288 0)
(1.00567 0.352705 0)
(1.03014 0.377603 0)
(1.05873 0.409376 0)
(1.09028 0.450564 0)
(1.12316 0.504462 0)
(1.15485 0.57516 0)
(1.18149 0.667506 0)
(1.19708 0.786865 0)
(1.19248 0.938402 0)
(1.15395 1.12549 0)
(1.06339 1.34631 0)
(0.892572 1.59088 0)
(0.62857 1.82074 0)
(0.237225 2.00616 0)
(0.0362368 0.0253049 0)
(0.112863 0.0310555 0)
(0.200997 0.0427295 0)
(0.305135 0.060452 0)
(0.425101 0.0839201 0)
(0.554857 0.111979 0)
(0.68314 0.142443 0)
(0.796541 0.172453 0)
(0.88388 0.199245 0)
(0.940032 0.220999 0)
(0.967611 0.237454 0)
(0.975631 0.249964 0)
(0.975571 0.260872 0)
(0.976976 0.272557 0)
(0.985007 0.286743 0)
(1.00083 0.30443 0)
(1.02373 0.326423 0)
(1.05291 0.353917 0)
(1.08788 0.3888 0)
(1.12811 0.433764 0)
(1.17263 0.492442 0)
(1.21965 0.569595 0)
(1.26604 0.671323 0)
(1.30624 0.805122 0)
(1.33069 0.979533 0)
(1.32323 1.20277 0)
(1.26061 1.47875 0)
(1.09813 1.80347 0)
(0.814375 2.12964 0)
(0.322076 2.42973 0)
(0.0382786 0.022773 0)
(0.119043 0.0278551 0)
(0.211399 0.0381412 0)
(0.319665 0.0536817 0)
(0.4432 0.0741245 0)
(0.575307 0.0983607 0)
(0.704152 0.124415 0)
(0.816165 0.149814 0)
(0.90058 0.17227 0)
(0.953184 0.190413 0)
(0.97771 0.204266 0)
(0.984057 0.215225 0)
(0.98401 0.225431 0)
(0.986857 0.236947 0)
(0.997265 0.251212 0)
(1.0161 0.269079 0)
(1.04278 0.291335 0)
(1.07692 0.319203 0)
(1.11861 0.354612 0)
(1.16801 0.400348 0)
(1.22503 0.460303 0)
(1.28901 0.539852 0)
(1.35813 0.646363 0)
(1.42824 0.789741 0)
(1.49072 0.982828 0)
(1.52839 1.24091 0)
(1.51402 1.57826 0)
(1.38077 2.00421 0)
(1.09873 2.46601 0)
(0.462039 2.92131 0)
(0.0400483 0.0196042 0)
(0.124389 0.0239119 0)
(0.220367 0.0326086 0)
(0.332123 0.045694 0)
(0.458611 0.0628098 0)
(0.592575 0.0829551 0)
(0.72173 0.10443 0)
(0.832432 0.125178 0)
(0.914329 0.143371 0)
(0.964029 0.158011 0)
(0.98622 0.16929 0)
(0.991504 0.178515 0)
(0.991862 0.187536 0)
(0.996312 0.198073 0)
(1.00911 0.211291 0)
(1.03092 0.227915 0)
(1.06132 0.248691 0)
(1.10037 0.274815 0)
(1.14874 0.308162 0)
(1.20738 0.351483 0)
(1.27725 0.408749 0)
(1.3592 0.485714 0)
(1.45346 0.590773 0)
(1.55858 0.736153 0)
(1.66906 0.939568 0)
(1.76982 1.22578 0)
(1.83327 1.62753 0)
(1.76416 2.18802 0)
(1.50388 2.92639 0)
(0.661826 3.85475 0)
(0.0415093 0.015874 0)
(0.128796 0.0193183 0)
(0.227736 0.0262578 0)
(0.342316 0.0366645 0)
(0.471146 0.0502137 0)
(0.606522 0.0660669 0)
(0.735819 0.0828507 0)
(0.84537 0.0989482 0)
(0.925204 0.11297 0)
(0.972623 0.124219 0)
(0.993088 0.132953 0)
(0.997741 0.140288 0)
(0.998679 0.147721 0)
(1.00467 0.156602 0)
(1.01965 0.167835 0)
(1.04415 0.182011 0)
(1.07796 0.199792 0)
(1.12153 0.22226 0)
(1.17611 0.251102 0)
(1.24345 0.288844 0)
(1.3257 0.339245 0)
(1.42553 0.407999 0)
(1.54596 0.503899 0)
(1.68983 0.64072 0)
(1.85793 0.840309 0)
(2.04432 1.1364 0)
(2.23563 1.57859 0)
(2.35375 2.22224 0)
(2.34976 3.06855 0)
(1.17017 4.15033 0)
(0.0426315 0.0116799 0)
(0.132177 0.0141901 0)
(0.233376 0.01924 0)
(0.35009 0.0267938 0)
(0.480662 0.0365942 0)
(0.617052 0.0480098 0)
(0.746391 0.0600324 0)
(0.855021 0.0714993 0)
(0.933282 0.0814363 0)
(0.979017 0.0893893 0)
(0.998272 0.0955996 0)
(1.00258 0.100915 0)
(1.0041 0.106431 0)
(1.0114 0.113116 0)
(1.02816 0.121613 0)
(1.05488 0.132361 0)
(1.09151 0.145882 0)
(1.13885 0.163036 0)
(1.19868 0.185174 0)
(1.27349 0.214346 0)
(1.36662 0.253693 0)
(1.48269 0.308154 0)
(1.62799 0.385794 0)
(1.81089 0.500254 0)
(2.04082 0.675977 0)
(2.32362 0.958112 0)
(2.64865 1.44551 0)
(2.89198 2.29167 0)
(2.97991 4.21971 0)
(1.48963 7.35882 0)
(0.0433159 0.00761999 0)
(0.134237 0.00924731 0)
(0.236807 0.0125178 0)
(0.354807 0.0174016 0)
(0.486418 0.0237231 0)
(0.623396 0.0310641 0)
(0.752732 0.0387682 0)
(0.860783 0.0460878 0)
(0.938088 0.0524072 0)
(0.982823 0.0574535 0)
(1.00139 0.0614043 0)
(1.00554 0.0648197 0)
(1.00746 0.0684107 0)
(1.01559 0.0727928 0)
(1.03349 0.0783734 0)
(1.06161 0.0854368 0)
(1.10002 0.0943341 0)
(1.14978 0.105651 0)
(1.213 0.120315 0)
(1.29271 0.139746 0)
(1.39312 0.166172 0)
(1.52042 0.203182 0)
(1.68385 0.256859 0)
(1.89784 0.337969 0)
(2.18531 0.466991 0)
(2.59142 0.684141 0)
(3.17335 1.08132 0)
(4.25823 1.805 0)
(5.60853 3.54399 0)
(10.4029 6.47296 0)
(0.043684 0.00384501 0)
(0.135345 0.00466354 0)
(0.23865 0.00630771 0)
(0.357337 0.00876085 0)
(0.489499 0.0119321 0)
(0.626784 0.0156088 0)
(0.75611 0.0194595 0)
(0.863845 0.023109 0)
(0.940635 0.0262502 0)
(0.984838 0.0287495 0)
(1.00304 0.0306984 0)
(1.00711 0.0323778 0)
(1.00926 0.0341404 0)
(1.01784 0.0362863 0)
(1.03634 0.0390107 0)
(1.06521 0.0424488 0)
(1.10458 0.0467722 0)
(1.15566 0.052275 0)
(1.22073 0.059432 0)
(1.30314 0.0689804 0)
(1.40763 0.0820925 0)
(1.5413 0.100682 0)
(1.71509 0.128022 0)
(1.94667 0.169902 0)
(2.26474 0.237038 0)
(2.72266 0.349131 0)
(3.38312 0.541788 0)
(4.51141 0.875738 0)
(5.90835 1.36491 0)
(10.367 2.34152 0)
(0.0438071 -2.82153e-06 0)
(0.135715 -3.50692e-06 0)
(0.239266 -4.97808e-06 0)
(0.358182 -7.45733e-06 0)
(0.490527 -1.1328e-05 0)
(0.627912 -1.72531e-05 0)
(0.757232 -2.63552e-05 0)
(0.864858 -4.05114e-05 0)
(0.941472 -6.27848e-05 0)
(0.985492 -9.79728e-05 0)
(1.00356 -0.0001532 0)
(1.0076 -0.000238473 0)
(1.0098 -0.000367249 0)
(1.01852 -0.000556333 0)
(1.03718 -0.000825626 0)
(1.06627 -0.00119691 0)
(1.10592 -0.00169208 0)
(1.15738 -0.00233067 0)
(1.22303 -0.00312676 0)
(1.3063 -0.00408579 0)
(1.41214 -0.00520193 0)
(1.54798 -0.00645611 0)
(1.72538 -0.00781565 0)
(1.96326 -0.00923469 0)
(2.29288 -0.0106519 0)
(2.77435 -0.0119796 0)
(3.48872 -0.0131603 0)
(4.75222 -0.0140523 0)
(6.34006 -0.0137777 0)
(10.4209 -0.01087 0)
(0.0436836 -0.00385065 0)
(0.135343 -0.00467059 0)
(0.238648 -0.00631782 0)
(0.357333 -0.00877613 0)
(0.489494 -0.0119556 0)
(0.626775 -0.015645 0)
(0.756096 -0.0195154 0)
(0.863823 -0.0231958 0)
(0.940601 -0.0263861 0)
(0.984784 -0.028963 0)
(1.00295 -0.0310338 0)
(1.00698 -0.0329012 0)
(1.00906 -0.0349469 0)
(1.01757 -0.0375076 0)
(1.03596 -0.0408209 0)
(1.06469 -0.0450686 0)
(1.1039 -0.0504685 0)
(1.15479 -0.0573555 0)
(1.21968 -0.0662328 0)
(1.30189 -0.0778476 0)
(1.40621 -0.0933576 0)
(1.53973 -0.114634 0)
(1.71342 -0.144878 0)
(1.94497 -0.189782 0)
(2.26309 -0.259938 0)
(2.72115 -0.374878 0)
(3.38188 -0.569866 0)
(4.51104 -0.905083 0)
(5.91016 -1.39296 0)
(10.3732 -2.36235 0)
(0.0433151 -0.00762562 0)
(0.134235 -0.00925448 0)
(0.236802 -0.0125283 0)
(0.354799 -0.0174181 0)
(0.486406 -0.0237492 0)
(0.623376 -0.0311056 0)
(0.752701 -0.0388344 0)
(0.860735 -0.0461934 0)
(0.938012 -0.0525761 0)
(0.982703 -0.0577231 0)
(1.0012 -0.0618319 0)
(1.00525 -0.06549 0)
(1.00704 -0.0694447 0)
(1.01499 -0.0743561 0)
(1.03265 -0.0806829 0)
(1.06048 -0.0887646 0)
(1.09854 -0.0990059 0)
(1.14792 -0.112038 0)
(1.21073 -0.128818 0)
(1.29003 -0.150772 0)
(1.39007 -0.180105 0)
(1.51707 -0.22035 0)
(1.68029 -0.277502 0)
(1.89422 -0.362215 0)
(2.18179 -0.494855 0)
(2.58831 -0.715572 0)
(3.17119 -1.11623 0)
(4.25813 -1.8436 0)
(5.61225 -3.58363 0)
(10.4145 -6.51047 0)
(13.6182 0.828947 0)
(12.3681 -0.130974 0)
(12.629 -0.130204 0)
(12.7587 -0.0705095 0)
(12.8291 -0.035084 0)
(12.9111 -0.0167211 0)
(13.0142 -0.00805515 0)
(13.1417 -0.00387469 0)
(13.2965 -0.00185626 0)
(13.4796 -0.000888623 0)
(13.6895 -0.000424548 0)
(13.9228 -0.000201824 0)
(14.1742 -9.68381e-05 0)
(14.4369 -4.75406e-05 0)
(14.7029 -2.44034e-05 0)
(14.9641 -1.32864e-05 0)
(15.2127 -7.66306e-06 0)
(15.4415 -4.67053e-06 0)
(15.6466 -2.8651e-06 0)
(15.8195 -1.49383e-06 0)
(15.9783 -6.85195e-07 0)
(16.0548 1.57341e-07 0)
(16.2672 4.87946e-07 0)
(16.1337 9.39548e-07 0)
(16.2828 1.49602e-06 0)
(13.5463 -0.0475762 0)
(12.9665 0.0644954 0)
(12.8717 0.0546551 0)
(12.8667 0.0302299 0)
(12.8832 0.0163602 0)
(12.9379 0.00871277 0)
(13.0273 0.00444584 0)
(13.1482 0.00222097 0)
(13.2998 0.00108874 0)
(13.4813 0.000522223 0)
(13.6905 0.00024624 0)
(13.9234 0.000112477 0)
(14.1746 4.87885e-05 0)
(14.4373 1.89821e-05 0)
(14.7033 5.46273e-06 0)
(14.9644 -3.85262e-07 0)
(15.213 -2.64339e-06 0)
(15.4419 -3.27958e-06 0)
(15.647 -2.98819e-06 0)
(15.8198 -2.02876e-06 0)
(15.9786 -1.18828e-06 0)
(16.0552 -2.55485e-07 0)
(16.2676 1.97562e-07 0)
(16.1341 6.78681e-07 0)
(16.2832 1.14381e-06 0)
(13.0097 -0.00495212 0)
(12.4499 -0.00241192 0)
(12.5954 -0.00116224 0)
(12.722 -0.000545953 0)
(12.8082 -0.000254928 0)
(12.8997 -0.000119939 0)
(13.0081 -5.75011e-05 0)
(13.1387 -2.84238e-05 0)
(13.2952 -1.50189e-05 0)
(13.4791 -8.7284e-06 0)
(13.6894 -5.75156e-06 0)
(13.9229 -4.26324e-06 0)
(14.1744 -3.37942e-06 0)
(14.4371 -2.69507e-06 0)
(14.7032 -2.00272e-06 0)
(14.9644 -1.38498e-06 0)
(15.213 -8.32552e-07 0)
(15.4419 -2.11683e-07 0)
(15.6469 4.76871e-07 0)
(15.8198 1.00553e-06 0)
(15.9786 1.30285e-06 0)
(16.0552 1.36849e-06 0)
(16.2676 1.26493e-06 0)
(16.1341 9.99185e-07 0)
(16.2832 4.30416e-07 0)
(13.5533 0.0385481 0)
(12.9704 -0.0686358 0)
(12.8736 -0.0565474 0)
(12.8676 -0.0311175 0)
(12.8836 -0.0167721 0)
(12.9381 -0.00890696 0)
(13.0274 -0.00453856 0)
(13.1482 -0.00226743 0)
(13.2999 -0.00111396 0)
(13.4814 -0.000537602 0)
(13.6905 -0.000257059 0)
(13.9234 -0.000121131 0)
(14.1746 -5.62197e-05 0)
(14.4373 -2.54976e-05 0)
(14.7033 -1.09782e-05 0)
(14.9644 -4.00283e-06 0)
(15.213 -5.20567e-07 0)
(15.4419 1.39414e-06 0)
(15.647 2.27582e-06 0)
(15.8198 2.24422e-06 0)
(15.9787 2.04289e-06 0)
(16.0552 1.49699e-06 0)
(16.2676 1.1884e-06 0)
(16.1341 5.64517e-07 0)
(16.2832 -4.90842e-07 0)
(13.6325 -0.834224 0)
(12.3746 0.129522 0)
(12.6323 0.129489 0)
(12.7602 0.0701682 0)
(12.8298 0.0349271 0)
(12.9115 0.0166484 0)
(13.0144 0.00802013 0)
(13.1418 0.0038566 0)
(13.2966 0.00184603 0)
(13.4796 0.000881974 0)
(13.6895 0.00041948 0)
(13.9228 0.000197433 0)
(14.1742 9.27862e-05 0)
(14.4369 4.37202e-05 0)
(14.7029 2.08907e-05 0)
(14.9641 1.02833e-05 0)
(15.2127 5.33166e-06 0)
(15.4415 2.99677e-06 0)
(15.6466 1.67586e-06 0)
(15.8195 7.03753e-07 0)
(15.9783 2.36957e-07 0)
(16.0548 -2.84324e-07 0)
(16.2672 -3.66912e-07 0)
(16.1337 -6.95535e-07 0)
(16.2828 -1.27346e-06 0)
(0.0426261 -0.0117082 0)
(0.132161 -0.0142252 0)
(0.233348 -0.0192894 0)
(0.350048 -0.0268661 0)
(0.480607 -0.0366993 0)
(0.616981 -0.04816 0)
(0.746299 -0.0602436 0)
(0.854899 -0.0717934 0)
(0.933113 -0.0818469 0)
(0.978773 -0.0899691 0)
(0.997911 -0.0964308 0)
(1.00204 -0.10212 0)
(1.00331 -0.108187 0)
(1.01027 -0.115662 0)
(1.02661 -0.125262 0)
(1.0528 -0.137495 0)
(1.08881 -0.152956 0)
(1.13546 -0.172558 0)
(1.19455 -0.197684 0)
(1.26863 -0.230386 0)
(1.36108 -0.273764 0)
(1.47658 -0.332678 0)
(1.62144 -0.41507 0)
(1.80402 -0.534422 0)
(2.0337 -0.714987 0)
(2.31596 -1.0017 0)
(2.63962 -1.4931 0)
(2.88012 -2.34218 0)
(2.96423 -4.26976 0)
(1.48094 -7.40726 0)
(0.0414875 -0.015943 0)
(0.12873 -0.0194039 0)
(0.227624 -0.0263781 0)
(0.342157 -0.0368394 0)
(0.470941 -0.0504658 0)
(0.606276 -0.0664215 0)
(0.735534 -0.0833369 0)
(0.845041 -0.0996026 0)
(0.924806 -0.113845 0)
(0.972107 -0.125395 0)
(0.992373 -0.134557 0)
(0.996717 -0.14251 0)
(0.997207 -0.150836 0)
(1.0026 -0.160981 0)
(1.0168 -0.173954 0)
(1.04038 -0.190447 0)
(1.0731 -0.211217 0)
(1.11547 -0.23741 0)
(1.16878 -0.270746 0)
(1.23485 -0.313735 0)
(1.31591 -0.370062 0)
(1.41467 -0.445284 0)
(1.53421 -0.547999 0)
(1.67736 -0.691712 0)
(1.84482 -0.897912 0)
(2.03056 -1.1998 0)
(2.22125 -1.64598 0)
(2.33886 -2.29038 0)
(2.33458 -3.13232 0)
(1.16242 -4.20426 0)
(0.0400031 -0.0197032 0)
(0.124252 -0.0240361 0)
(0.220134 -0.0327857 0)
(0.331792 -0.0459555 0)
(0.458187 -0.0631926 0)
(0.592068 -0.0835023 0)
(0.721151 -0.105192 0)
(0.831778 -0.126219 0)
(0.913565 -0.144779 0)
(0.963076 -0.159919 0)
(0.984939 -0.1719 0)
(0.989705 -0.182125 0)
(0.989312 -0.192572 0)
(0.992754 -0.205103 0)
(1.00428 -0.221033 0)
(1.02456 -0.24123 0)
(1.05321 -0.266555 0)
(1.09034 -0.298282 0)
(1.13671 -0.338302 0)
(1.19336 -0.389309 0)
(1.26139 -0.455135 0)
(1.34172 -0.541306 0)
(1.43468 -0.655897 0)
(1.53883 -0.810723 0)
(1.64862 -1.02297 0)
(1.74892 -1.31672 0)
(1.81205 -1.72386 0)
(1.74321 -2.28662 0)
(1.48416 -3.02236 0)
(0.652469 -3.94229 0)
(0.0382037 -0.0228894 0)
(0.118815 -0.0280038 0)
(0.211011 -0.0383585 0)
(0.319111 -0.0540113 0)
(0.442485 -0.0746204 0)
(0.574445 -0.0990905 0)
(0.703159 -0.125463 0)
(0.815038 -0.15129 0)
(0.899265 -0.174323 0)
(0.951553 -0.193262 0)
(0.975544 -0.208234 0)
(0.98105 -0.220777 0)
(0.979793 -0.233213 0)
(0.981028 -0.247812 0)
(0.989424 -0.266221 0)
(1.00588 -0.289481 0)
(1.02986 -0.318517 0)
(1.06109 -0.354628 0)
(1.09979 -0.399725 0)
(1.1463 -0.456469 0)
(1.20071 -0.528511 0)
(1.26252 -0.620869 0)
(1.33003 -0.740443 0)
(1.39916 -0.896564 0)
(1.46134 -1.10138 0)
(1.49941 -1.36937 0)
(1.48624 -1.71389 0)
(1.35591 -2.14319 0)
(1.07869 -2.60385 0)
(0.453418 -3.05339 0)
(0.036127 -0.0254257 0)
(0.112528 -0.0312142 0)
(0.200423 -0.0429703 0)
(0.30431 -0.0608319 0)
(0.424021 -0.0845147 0)
(0.553534 -0.11289 0)
(0.68159 -0.143804 0)
(0.794747 -0.174446 0)
(0.881755 -0.202118 0)
(0.937375 -0.225107 0)
(0.964086 -0.243304 0)
(0.970774 -0.258266 0)
(0.968822 -0.272589 0)
(0.967737 -0.288936 0)
(0.972696 -0.309307 0)
(0.984926 -0.334938 0)
(1.00384 -0.366791 0)
(1.02879 -0.406107 0)
(1.05952 -0.45469 0)
(1.09576 -0.515004 0)
(1.13679 -0.590299 0)
(1.1811 -0.684818 0)
(1.22574 -0.804019 0)
(1.26528 -0.95465 0)
(1.29028 -1.14442 0)
(1.28469 -1.38065 0)
(1.22541 -1.66636 0)
(1.06849 -1.99669 0)
(0.792677 -2.3245 0)
(0.313465 -2.62192 0)
(0.0338166 -0.0272638 0)
(0.105518 -0.0336047 0)
(0.188564 -0.0465289 0)
(0.287625 -0.0662794 0)
(0.40303 -0.092677 0)
(0.52951 -0.124633 0)
(0.656507 -0.159882 0)
(0.770842 -0.195311 0)
(0.860869 -0.227779 0)
(0.920338 -0.255103 0)
(0.950413 -0.276824 0)
(0.958854 -0.294385 0)
(0.956548 -0.310561 0)
(0.9532 -0.328369 0)
(0.954559 -0.350189 0)
(0.962313 -0.377491 0)
(0.975926 -0.411269 0)
(0.994475 -0.452655 0)
(1.01726 -0.503255 0)
(1.04353 -0.565225 0)
(1.07201 -0.6413 0)
(1.10054 -0.734851 0)
(1.12552 -0.849895 0)
(1.14117 -0.990883 0)
(1.13847 -1.16203 0)
(1.10382 -1.36577 0)
(1.01926 -1.59943 0)
(0.857074 -1.85236 0)
(0.60438 -2.08632 0)
(0.228246 -2.27154 0)
(0.0313212 -0.0283849 0)
(0.0979271 -0.0351452 0)
(0.175659 -0.0489792 0)
(0.269334 -0.0702581 0)
(0.379796 -0.0989525 0)
(0.5026 -0.134089 0)
(0.628023 -0.173387 0)
(0.743288 -0.21351 0)
(0.836438 -0.2509 0)
(0.900204 -0.282861 0)
(0.934314 -0.308468 0)
(0.945205 -0.328907 0)
(0.943067 -0.346996 0)
(0.937704 -0.366055 0)
(0.935467 -0.388856 0)
(0.938634 -0.417155 0)
(0.946872 -0.452012 0)
(0.959079 -0.494425 0)
(0.974208 -0.545749 0)
(0.991133 -0.607771 0)
(1.00823 -0.682674 0)
(1.02301 -0.772977 0)
(1.03169 -0.881412 0)
(1.02872 -1.01057 0)
(1.00616 -1.16216 0)
(0.953172 -1.33559 0)
(0.85657 -1.52559 0)
(0.699453 -1.72014 0)
(0.474835 -1.89063 0)
(0.173164 -2.01195 0)
(0.028693 -0.0287997 0)
(0.0899097 -0.0358384 0)
(0.161952 -0.0503061 0)
(0.249751 -0.0727188 0)
(0.354653 -0.103238 0)
(0.473096 -0.141076 0)
(0.596314 -0.184044 0)
(0.712096 -0.228676 0)
(0.808308 -0.271054 0)
(0.876708 -0.307945 0)
(0.915515 -0.337857 0)
(0.929655 -0.361557 0)
(0.928394 -0.381751 0)
(0.921475 -0.401968 0)
(0.915831 -0.42537 0)
(0.914447 -0.454057 0)
(0.917364 -0.489215 0)
(0.923433 -0.53173 0)
(0.931358 -0.582683 0)
(0.939755 -0.643474 0)
(0.946804 -0.715747 0)
(0.949918 -0.80126 0)
(0.945452 -0.901685 0)
(0.928397 -1.01822 0)
(0.892134 -1.15088 0)
(0.828365 -1.29745 0)
(0.727783 -1.45181 0)
(0.580398 -1.60269 0)
(0.383158 -1.72922 0)
(0.136304 -1.81173 0)
(0.0259866 -0.0285465 0)
(0.0816275 -0.0357195 0)
(0.147707 -0.0505342 0)
(0.229218 -0.0736623 0)
(0.327988 -0.105487 0)
(0.441357 -0.145472 0)
(0.561631 -0.191625 0)
(0.677344 -0.24047 0)
(0.776361 -0.287808 0)
(0.849575 -0.329878 0)
(0.893682 -0.364542 0)
(0.911938 -0.391992 0)
(0.912439 -0.414635 0)
(0.904645 -0.436081 0)
(0.895989 -0.459836 0)
(0.890247 -0.488403 0)
(0.888005 -0.523178 0)
(0.88824 -0.564997 0)
(0.889518 -0.614684 0)
(0.890285 -0.673262 0)
(0.888647 -0.741883 0)
(0.882087 -0.821663 0)
(0.86726 -0.913451 0)
(0.839847 -1.01746 0)
(0.794518 -1.13269 0)
(0.725095 -1.25615 0)
(0.625217 -1.38184 0)
(0.489194 -1.50006 0)
(0.316379 -1.59566 0)
(0.110628 -1.654 0)
(0.0232566 -0.0276885 0)
(0.0732453 -0.0348533 0)
(0.133196 -0.0497272 0)
(0.208102 -0.0731399 0)
(0.300229 -0.105716 0)
(0.407812 -0.147225 0)
(0.524316 -0.195968 0)
(0.639199 -0.248597 0)
(0.740546 -0.300737 0)
(0.818551 -0.348151 0)
(0.868439 -0.388006 0)
(0.89169 -0.41978 0)
(0.89498 -0.445379 0)
(0.887217 -0.468319 0)
(0.876176 -0.492365 0)
(0.866441 -0.520447 0)
(0.859314 -0.554276 0)
(0.854081 -0.594731 0)
(0.849305 -0.64244 0)
(0.843353 -0.698087 0)
(0.834332 -0.762394 0)
(0.819888 -0.835959 0)
(0.79706 -0.919023 0)
(0.762235 -1.01115 0)
(0.711227 -1.11078 0)
(0.639531 -1.2147 0)
(0.542917 -1.31749 0)
(0.418333 -1.41113 0)
(0.266469 -1.48462 0)
(0.0920827 -1.52733 0)
(0.0205565 -0.0263096 0)
(0.0649246 -0.03333 0)
(0.11869 -0.0479839 0)
(0.186784 -0.0712522 0)
(0.271839 -0.104008 0)
(0.372955 -0.146362 0)
(0.484803 -0.196998 0)
(0.59794 -0.252829 0)
(0.70091 -0.309451 0)
(0.783435 -0.362238 0)
(0.839395 -0.407662 0)
(0.868455 -0.444379 0)
(0.875652 -0.473595 0)
(0.869035 -0.498513 0)
(0.856482 -0.523021 0)
(0.843326 -0.550451 0)
(0.831706 -0.582921 0)
(0.821421 -0.621483 0)
(0.811185 -0.666667 0)
(0.799374 -0.718883 0)
(0.784155 -0.778494 0)
(0.763379 -0.845694 0)
(0.734485 -0.920296 0)
(0.694516 -1.00146 0)
(0.640241 -1.08739 0)
(0.568427 -1.17496 0)
(0.476341 -1.25946 0)
(0.362519 -1.33445 0)
(0.228299 -1.39186 0)
(0.0782505 -1.42409 0)
(0.0179359 -0.0245086 0)
(0.0568185 -0.0312599 0)
(0.104455 -0.0454333 0)
(0.165642 -0.068145 0)
(0.243304 -0.100508 0)
(0.337336 -0.142994 0)
(0.443625 -0.194732 0)
(0.553971 -0.253035 0)
(0.657626 -0.313629 0)
(0.744118 -0.371632 0)
(0.806185 -0.422879 0)
(0.84172 -0.46514 0)
(0.853952 -0.498752 0)
(0.849758 -0.526355 0)
(0.836813 -0.551766 0)
(0.821044 -0.578632 0)
(0.80548 -0.60953 0)
(0.790611 -0.645823 0)
(0.775487 -0.68808 0)
(0.7586 -0.736536 0)
(0.738222 -0.791277 0)
(0.712417 -0.852189 0)
(0.679004 -0.918794 0)
(0.635594 -0.990037 0)
(0.579728 -1.06406 0)
(0.509113 -1.13801 0)
(0.422042 -1.20788 0)
(0.317985 -1.26855 0)
(0.198521 -1.31408 0)
(0.0676516 -1.33901 0)
(0.0154397 -0.0223932 0)
(0.0490658 -0.0287667 0)
(0.0907349 -0.0422276 0)
(0.145043 -0.0640027 0)
(0.215112 -0.095423 0)
(0.301543 -0.137317 0)
(0.401403 -0.189302 0)
(0.507829 -0.249203 0)
(0.611025 -0.313051 0)
(0.700634 -0.375883 0)
(0.768526 -0.433009 0)
(0.810952 -0.48132 0)
(0.829258 -0.520152 0)
(0.828856 -0.551343 0)
(0.816862 -0.578386 0)
(0.799547 -0.605083 0)
(0.780783 -0.634457 0)
(0.761888 -0.668297 0)
(0.742434 -0.707372 0)
(0.721161 -0.751875 0)
(0.696502 -0.801712 0)
(0.666734 -0.856553 0)
(0.63001 -0.915731 0)
(0.584416 -0.978093 0)
(0.52809 -1.04185 0)
(0.459427 -1.10445 0)
(0.377405 -1.16255 0)
(0.282029 -1.2121 0)
(0.174889 -1.24869 0)
(0.0593479 -1.26838 0)
(0.0131055 -0.0200735 0)
(0.0417861 -0.0259803 0)
(0.0777493 -0.0385333 0)
(0.125326 -0.059039 0)
(0.187739 -0.0890106 0)
(0.266186 -0.129609 0)
(0.358827 -0.180952 0)
(0.460182 -0.241461 0)
(0.561615 -0.307641 0)
(0.653202 -0.374651 0)
(0.726275 -0.437447 0)
(0.775675 -0.492119 0)
(0.800882 -0.536944 0)
(0.805622 -0.572753 0)
(0.796084 -0.602428 0)
(0.778548 -0.629697 0)
(0.75757 -0.657922 0)
(0.735349 -0.689378 0)
(0.712144 -0.725188 0)
(0.6871 -0.765665 0)
(0.658887 -0.81066 0)
(0.626002 -0.859719 0)
(0.586888 -0.912069 0)
(0.540011 -0.966533 0)
(0.483964 -1.02144 0)
(0.417633 -1.07457 0)
(0.340447 -1.12314 0)
(0.252695 -1.16397 0)
(0.155864 -1.19371 0)
(0.0527242 -1.20952 0)
(0.0109629 -0.0176557 0)
(0.0350753 -0.0230294 0)
(0.0656799 -0.0345226 0)
(0.106787 -0.0534857 0)
(0.161627 -0.0815678 0)
(0.231862 -0.12022 0)
(0.316631 -0.170039 0)
(0.411811 -0.23009 0)
(0.510081 -0.297501 0)
(0.602255 -0.367761 0)
(0.679497 -0.435696 0)
(0.735544 -0.49675 0)
(0.768146 -0.548165 0)
(0.779226 -0.589635 0)
(0.773705 -0.623145 0)
(0.757489 -0.652066 0)
(0.735551 -0.679899 0)
(0.710908 -0.70937 0)
(0.684617 -0.742067 0)
(0.656382 -0.778589 0)
(0.625218 -0.818886 0)
(0.589876 -0.862485 0)
(0.549056 -0.908584 0)
(0.501523 -0.956037 0)
(0.44621 -1.00332 0)
(0.382346 -1.04851 0)
(0.309649 -1.08931 0)
(0.228544 -1.12318 0)
(0.140361 -1.1476 0)
(0.047364 -1.16046 0)
(0.00903282 -0.0152373 0)
(0.0290028 -0.0200351 0)
(0.0546666 -0.0303638 0)
(0.0896705 -0.0475801 0)
(0.137162 -0.0734154 0)
(0.199134 -0.109551 0)
(0.275557 -0.157018 0)
(0.363579 -0.215525 0)
(0.457275 -0.282929 0)
(0.548464 -0.355255 0)
(0.628515 -0.427446 0)
(0.690435 -0.494526 0)
(0.730486 -0.552823 0)
(0.748795 -0.60085 0)
(0.748767 -0.639486 0)
(0.735535 -0.671413 0)
(0.71414 -0.700008 0)
(0.688233 -0.728296 0)
(0.659684 -0.758352 0)
(0.62888 -0.791201 0)
(0.595302 -0.827047 0)
(0.558019 -0.865537 0)
(0.515985 -0.905925 0)
(0.468212 -0.947144 0)
(0.413882 -0.987824 0)
(0.352464 -1.02631 0)
(0.28385 -1.0607 0)
(0.208511 -1.08898 0)
(0.127605 -1.10919 0)
(0.0429754 -1.11975 0)
(0.00732677 -0.0129023 0)
(0.023611 -0.017105 0)
(0.0448036 -0.0262132 0)
(0.0741583 -0.0415527 0)
(0.11466 -0.0648805 0)
(0.168499 -0.0980369 0)
(0.236314 -0.14242 0)
(0.316384 -0.19834 0)
(0.404181 -0.26443 0)
(0.492726 -0.337429 0)
(0.573944 -0.412647 0)
(0.640521 -0.484964 0)
(0.687564 -0.550007 0)
(0.713545 -0.605175 0)
(0.720225 -0.650126 0)
(0.71162 -0.686562 0)
(0.69244 -0.717409 0)
(0.666689 -0.745749 0)
(0.636941 -0.774047 0)
(0.604318 -0.803813 0)
(0.568879 -0.835645 0)
(0.530095 -0.869448 0)
(0.487206 -0.904643 0)
(0.439452 -0.940303 0)
(0.386211 -0.975229 0)
(0.327113 -1.008 0)
(0.262153 -1.03705 0)
(0.191795 -1.06075 0)
(0.117029 -1.07758 0)
(0.039351 -1.08633 0)
(0.0058476 -0.0107181 0)
(0.0189146 -0.0143291 0)
(0.0361379 -0.0222078 0)
(0.0603647 -0.0356152 0)
(0.0943524 -0.056279 0)
(0.140367 -0.086122 0)
(0.199538 -0.12682 0)
(0.271108 -0.179215 0)
(0.35186 -0.242704 0)
(0.436131 -0.314853 0)
(0.516699 -0.391574 0)
(0.586331 -0.467896 0)
(0.639378 -0.539032 0)
(0.672916 -0.601449 0)
(0.687085 -0.653586 0)
(0.684542 -0.69598 0)
(0.669283 -0.730763 0)
(0.645307 -0.76077 0)
(0.615677 -0.788647 0)
(0.582195 -0.81633 0)
(0.545558 -0.844883 0)
(0.505726 -0.874595 0)
(0.462284 -0.905167 0)
(0.414715 -0.935895 0)
(0.362572 -0.965785 0)
(0.305607 -0.99365 0)
(0.243873 -1.01819 0)
(0.177798 -1.03808 0)
(0.108216 -1.05214 0)
(0.036339 -1.05942 0)
(0.00459002 -0.00873384 0)
(0.014903 -0.0117761 0)
(0.028671 -0.0184591 0)
(0.0483359 -0.0299506 0)
(0.0763807 -0.0478985 0)
(0.115036 -0.0742326 0)
(0.165759 -0.11081 0)
(0.228557 -0.158901 0)
(0.301382 -0.218603 0)
(0.379898 -0.288355 0)
(0.457954 -0.36485 0)
(0.528764 -0.443552 0)
(0.586344 -0.519583 0)
(0.626724 -0.588758 0)
(0.648581 -0.648431 0)
(0.653128 -0.69791 0)
(0.643336 -0.738286 0)
(0.62282 -0.771796 0)
(0.594833 -0.800988 0)
(0.561696 -0.828047 0)
(0.524721 -0.854466 0)
(0.484406 -0.880979 0)
(0.440747 -0.907672 0)
(0.39351 -0.934147 0)
(0.342438 -0.959676 0)
(0.287396 -0.983315 0)
(0.228478 -1.00401 0)
(0.166065 -1.02071 0)
(0.100856 -1.03246 0)
(0.033829 -1.03853 0)
(0.00354189 -0.00698027 0)
(0.0115438 -0.00949281 0)
(0.0223636 -0.0150498 0)
(0.0380527 -0.0247045 0)
(0.0607913 -0.0399836 0)
(0.092687 -0.0627536 0)
(0.135368 -0.0949528 0)
(0.189412 -0.138165 0)
(0.253748 -0.193081 0)
(0.325291 -0.258977 0)
(0.399076 -0.333443 0)
(0.46906 -0.41261 0)
(0.529327 -0.49184 0)
(0.575263 -0.56663 0)
(0.604359 -0.633505 0)
(0.616441 -0.690624 0)
(0.613285 -0.737919 0)
(0.597786 -0.776738 0)
(0.573045 -0.809198 0)
(0.541664 -0.837481 0)
(0.505441 -0.863356 0)
(0.465401 -0.887969 0)
(0.421988 -0.911831 0)
(0.375301 -0.934927 0)
(0.325307 -0.956852 0)
(0.272004 -0.976945 0)
(0.215531 -0.994409 0)
(0.156239 -1.00842 0)
(0.0947096 -1.01824 0)
(0.0317364 -1.0233 0)
(0.00268578 -0.00547091 0)
(0.00878716 -0.0075045 0)
(0.0171421 -0.0120327 0)
(0.0294387 -0.0199812 0)
(0.0475434 -0.0327244 0)
(0.0733754 -0.0520074 0)
(0.108605 -0.0797564 0)
(0.154186 -0.117744 0)
(0.209819 -0.16712 0)
(0.273519 -0.227906 0)
(0.341516 -0.298606 0)
(0.408716 -0.37619 0)
(0.469614 -0.45654 0)
(0.519357 -0.535195 0)
(0.554606 -0.608183 0)
(0.573993 -0.672732 0)
(0.57807 -0.727639 0)
(0.568798 -0.773208 0)
(0.548796 -0.810823 0)
(0.52065 -0.842357 0)
(0.486456 -0.869624 0)
(0.447667 -0.894045 0)
(0.405158 -0.916515 0)
(0.35939 -0.937416 0)
(0.310593 -0.956712 0)
(0.258932 -0.974065 0)
(0.20462 -0.988958 0)
(0.148 -1.00081 0)
(0.0895738 -1.00906 0)
(0.0299908 -1.0133 0)
(0.00200065 -0.00420449 0)
(0.0065707 -0.00581715 0)
(0.0129075 -0.00943222 0)
(0.0223706 -0.0158425 0)
(0.0365188 -0.0262513 0)
(0.0570417 -0.0422383 0)
(0.085547 -0.0656377 0)
(0.123199 -0.0982905 0)
(0.170257 -0.141662 0)
(0.225639 -0.196375 0)
(0.286692 -0.261786 0)
(0.349362 -0.335781 0)
(0.408818 -0.414978 0)
(0.460333 -0.495279 0)
(0.50012 -0.572581 0)
(0.525907 -0.643494 0)
(0.537135 -0.705855 0)
(0.534741 -0.758912 0)
(0.520637 -0.803138 0)
(0.497099 -0.839805 0)
(0.466266 -0.870495 0)
(0.429862 -0.896696 0)
(0.389117 -0.919552 0)
(0.344836 -0.93979 0)
(0.297531 -0.957733 0)
(0.247565 -0.973384 0)
(0.195264 -0.986524 0)
(0.141 -0.996823 0)
(0.0852345 -1.00393 0)
(0.0285197 -1.00756 0)
(0.00146356 -0.00316804 0)
(0.00482509 -0.00442079 0)
(0.00954396 -0.00724774 0)
(0.0166916 -0.0123106 0)
(0.0275382 -0.0206346 0)
(0.0435247 -0.0336058 0)
(0.0661228 -0.0529052 0)
(0.0965674 -0.0803376 0)
(0.135482 -0.117536 0)
(0.182477 -0.165565 0)
(0.235861 -0.2245 0)
(0.292612 -0.293124 0)
(0.348731 -0.368916 0)
(0.399911 -0.44839 0)
(0.442275 -0.527657 0)
(0.472986 -0.603069 0)
(0.490596 -0.671789 0)
(0.495068 -0.732137 0)
(0.487488 -0.783639 0)
(0.4696 -0.82679 0)
(0.443339 -0.862677 0)
(0.410487 -0.892597 0)
(0.372497 -0.917755 0)
(0.330452 -0.939088 0)
(0.285133 -0.957213 0)
(0.237111 -0.972442 0)
(0.186856 -0.98485 0)
(0.134809 -0.99436 0)
(0.0814338 -1.00082 0)
(0.0272375 -1.0041 0)
(0.00105119 -0.00234022 0)
(0.00347871 -0.00329339 0)
(0.00692785 -0.00545836 0)
(0.0122248 -0.00937365 0)
(0.0203793 -0.0158892 0)
(0.0325839 -0.0261859 0)
(0.0501292 -0.0417499 0)
(0.0742152 -0.0642669 0)
(0.105663 -0.0954085 0)
(0.144572 -0.136511 0)
(0.190016 -0.1882 0)
(0.23991 -0.250049 0)
(0.291143 -0.320422 0)
(0.340025 -0.396603 0)
(0.38289 -0.475192 0)
(0.41667 -0.552632 0)
(0.439314 -0.625749 0)
(0.44997 -0.692189 0)
(0.448901 -0.750627 0)
(0.437197 -0.80073 0)
(0.416391 -0.842928 0)
(0.388119 -0.878101 0)
(0.353882 -0.907283 0)
(0.31493 -0.931445 0)
(0.272252 -0.951362 0)
(0.226619 -0.967576 0)
(0.178652 -0.980409 0)
(0.128894 -0.990011 0)
(0.0778529 -0.996425 0)
(0.0260374 -0.999637 0)
(0.000741152 -0.00169471 0)
(0.00246187 -0.00240496 0)
(0.00493577 -0.00402851 0)
(0.00878607 -0.00699268 0)
(0.0147963 -0.0119838 0)
(0.023925 -0.0199787 0)
(0.0372614 -0.0322483 0)
(0.0558998 -0.0503014 0)
(0.0807281 -0.0757416 0)
(0.112151 -0.110025 0)
(0.149812 -0.154145 0)
(0.192402 -0.2083 0)
(0.237659 -0.271665 0)
(0.282611 -0.342351 0)
(0.324021 -0.417629 0)
(0.358879 -0.494316 0)
(0.384826 -0.56924 0)
(0.400424 -0.639678 0)
(0.405225 -0.703673 0)
(0.399645 -0.76014 0)
(0.384699 -0.808801 0)
(0.361712 -0.849976 0)
(0.332068 -0.884339 0)
(0.297045 -0.912692 0)
(0.257749 -0.935805 0)
(0.215096 -0.954318 0)
(0.169852 -0.968707 0)
(0.12267 -0.979292 0)
(0.074136 -0.986267 0)
(0.0248005 -0.98973 0)
(0.000512895 -0.0012031 0)
(0.00170994 -0.00172139 0)
(0.00345084 -0.00291354 0)
(0.0061955 -0.00511028 0)
(0.0105373 -0.00885144 0)
(0.0172255 -0.0149227 0)
(0.0271477 -0.0243765 0)
(0.0412518 -0.0385121 0)
(0.0603985 -0.058789 0)
(0.0851505 -0.0866562 0)
(0.115535 -0.123303 0)
(0.150842 -0.169369 0)
(0.189546 -0.22469 0)
(0.229399 -0.28816 0)
(0.267716 -0.357797 0)
(0.301765 -0.430987 0)
(0.329145 -0.50484 0)
(0.348084 -0.576578 0)
(0.357604 -0.643881 0)
(0.35752 -0.7051 0)
(0.348304 -0.759311 0)
(0.33087 -0.806231 0)
(0.30635 -0.846055 0)
(0.275924 -0.879262 0)
(0.240705 -0.906447 0)
(0.201683 -0.928201 0)
(0.159724 -0.945032 0)
(0.115585 -0.957336 0)
(0.06994 -0.965396 0)
(0.0234105 -0.969382 0)
(0.000348345 -0.000837317 0)
(0.00116553 -0.0012077 0)
(0.00236735 -0.00206482 0)
(0.00428577 -0.00365841 0)
(0.0073595 -0.00640227 0)
(0.0121587 -0.0109111 0)
(0.0193831 -0.01803 0)
(0.0298187 -0.0288386 0)
(0.0442399 -0.044606 0)
(0.0632566 -0.0666798 0)
(0.0871243 -0.0963021 0)
(0.115561 -0.134374 0)
(0.147627 -0.181211 0)
(0.18173 -0.236367 0)
(0.215773 -0.29858 0)
(0.247436 -0.365894 0)
(0.274484 -0.435894 0)
(0.295045 -0.506012 0)
(0.307819 -0.573846 0)
(0.312161 -0.637419 0)
(0.308053 -0.695316 0)
(0.295969 -0.746715 0)
(0.276718 -0.791298 0)
(0.251274 -0.829129 0)
(0.220658 -0.860506 0)
(0.185854 -0.885833 0)
(0.147771 -0.905529 0)
(0.107236 -0.919963 0)
(0.0650054 -0.929423 0)
(0.0217779 -0.934103 0)
(0.000232187 -0.000571326 0)
(0.00077962 -0.000830544 0)
(0.00159346 -0.00143396 0)
(0.00290817 -0.00256561 0)
(0.00504051 -0.00453472 0)
(0.00841291 -0.00780937 0)
(0.0135605 -0.0130486 0)
(0.02111 -0.0211196 0)
(0.0317189 -0.0330819 0)
(0.0459704 -0.050122 0)
(0.0642297 -0.0734272 0)
(0.0864899 -0.104004 0)
(0.112246 -0.142473 0)
(0.140446 -0.188876 0)
(0.169548 -0.242573 0)
(0.197695 -0.302252 0)
(0.22295 -0.366064 0)
(0.24353 -0.431834 0)
(0.258011 -0.497317 0)
(0.265459 -0.560449 0)
(0.26547 -0.619535 0)
(0.258126 -0.673341 0)
(0.243889 -0.721101 0)
(0.223472 -0.76245 0)
(0.197729 -0.797324 0)
(0.16756 -0.825852 0)
(0.133857 -0.848261 0)
(0.0974758 -0.864801 0)
(0.0592218 -0.875691 0)
(0.0198624 -0.881093 0)
(0.000151886 -0.000382233 0)
(0.000511747 -0.000559924 0)
(0.00105235 -0.00097593 0)
(0.00193572 -0.00176264 0)
(0.00338527 -0.00314546 0)
(0.00570604 -0.00547153 0)
(0.0092954 -0.00924026 0)
(0.0146356 -0.0151263 0)
(0.0222591 -0.023982 0)
(0.032679 -0.0368043 0)
(0.0462871 -0.0546543 0)
(0.0632316 -0.0785281 0)
(0.0833037 -0.109191 0)
(0.105864 -0.147009 0)
(0.129846 -0.191814 0)
(0.153843 -0.242853 0)
(0.176274 -0.298836 0)
(0.195569 -0.358071 0)
(0.210342 -0.418633 0)
(0.219533 -0.478582 0)
(0.222492 -0.536147 0)
(0.218993 -0.589862 0)
(0.209183 -0.638632 0)
(0.193505 -0.681721 0)
(0.172606 -0.718713 0)
(0.147248 -0.749428 0)
(0.118252 -0.773844 0)
(0.0864476 -0.792029 0)
(0.0526565 -0.804079 0)
(0.0176829 -0.810078 0)
(9.75157e-05 -0.000250772 0)
(0.00032966 -0.000370092 0)
(0.000681929 -0.000650987 0)
(0.0012639 -0.00118647 0)
(0.00222955 -0.00213686 0)
(0.00379369 -0.00375306 0)
(0.0062432 -0.00640316 0)
(0.00993728 -0.0105963 0)
(0.0152893 -0.0169948 0)
(0.022724 -0.026402 0)
(0.0326074 -0.0397164 0)
(0.0451565 -0.0578447 0)
(0.0603449 -0.0815788 0)
(0.077827 -0.111455 0)
(0.0969092 -0.147625 0)
(0.116584 -0.189771 0)
(0.135626 -0.237091 0)
(0.152737 -0.28837 0)
(0.166677 -0.342083 0)
(0.176396 -0.396555 0)
(0.181131 -0.450116 0)
(0.180453 -0.501247 0)
(0.174269 -0.548671 0)
(0.162779 -0.591398 0)
(0.146414 -0.628719 0)
(0.125776 -0.660171 0)
(0.10157 -0.685482 0)
(0.0745608 -0.704514 0)
(0.0455412 -0.717212 0)
(0.0153145 -0.723559 0)
(6.1454e-05 -0.000161364 0)
(0.000208427 -0.000239866 0)
(0.000433626 -0.000425659 0)
(0.000809585 -0.000782582 0)
(0.00144006 -0.00142197 0)
(0.00247264 -0.00252063 0)
(0.00410892 -0.00434268 0)
(0.00660831 -0.00726134 0)
(0.0102801 -0.0117746 0)
(0.0154584 -0.018506 0)
(0.0224568 -0.0281816 0)
(0.0315044 -0.0415758 0)
(0.0426726 -0.0594257 0)
(0.0558081 -0.0823222 0)
(0.0704915 -0.110598 0)
(0.0860376 -0.144236 0)
(0.101547 -0.182819 0)
(0.115996 -0.225548 0)
(0.128349 -0.271301 0)
(0.137656 -0.31873 0)
(0.143147 -0.366384 0)
(0.144298 -0.412836 0)
(0.140858 -0.456778 0)
(0.132838 -0.497095 0)
(0.120483 -0.532891 0)
(0.104228 -0.563487 0)
(0.0846448 -0.588402 0)
(0.0624001 -0.607312 0)
(0.0382215 -0.620012 0)
(0.0128713 -0.626387 0)
(3.80191e-05 -0.000101857 0)
(0.000129352 -0.000152471 0)
(0.000270608 -0.000272876 0)
(0.000508801 -0.000505902 0)
(0.000912293 -0.000927053 0)
(0.0015801 -0.00165791 0)
(0.00265024 -0.0028831 0)
(0.00430468 -0.0048686 0)
(0.00676707 -0.00797753 0)
(0.0102892 -0.0126772 0)
(0.0151229 -0.0195306 0)
(0.0214769 -0.0291654 0)
(0.0294634 -0.0422178 0)
(0.0390435 -0.0592541 0)
(0.0499853 -0.0806804 0)
(0.0618479 -0.106658 0)
(0.0740001 -0.137043 0)
(0.0856769 -0.171367 0)
(0.0960551 -0.20886 0)
(0.104333 -0.248506 0)
(0.109808 -0.289126 0)
(0.111944 -0.329474 0)
(0.11041 -0.368333 0)
(0.105093 -0.404584 0)
(0.0960961 -0.437256 0)
(0.0837043 -0.465553 0)
(0.068356 -0.48885 0)
(0.0506041 -0.506686 0)
(0.0310836 -0.518742 0)
(0.0104823 -0.524816 0)
(2.3094e-05 -6.3085e-05 0)
(7.88127e-05 -9.50725e-05 0)
(0.000165762 -0.000171544 0)
(0.000313788 -0.000320596 0)
(0.000566957 -0.000592267 0)
(0.000990162 -0.00106817 0)
(0.00167555 -0.00187414 0)
(0.00274727 -0.00319467 0)
(0.004362 -0.00528687 0)
(0.00670239 -0.00848971 0)
(0.00996047 -0.0132236 0)
(0.0143099 -0.019975 0)
(0.0198686 -0.0292614 0)
(0.0266576 -0.0415781 0)
(0.0345642 -0.057331 0)
(0.0433205 -0.0767657 0)
(0.0525039 -0.0999078 0)
(0.0615667 -0.126527 0)
(0.0698862 -0.156136 0)
(0.076823 -0.188014 0)
(0.0817813 -0.221255 0)
(0.084267 -0.254841 0)
(0.0839324 -0.287714 0)
(0.0806012 -0.318843 0)
(0.0742756 -0.347282 0)
(0.065126 -0.372208 0)
(0.05347 -0.392937 0)
(0.0397451 -0.408935 0)
(0.0244802 -0.419811 0)
(0.00826676 -0.42531 0)
(1.37759e-05 -3.83452e-05 0)
(4.71521e-05 -5.81664e-05 0)
(9.96848e-05 -0.000105777 0)
(0.000189937 -0.00019921 0)
(0.00034571 -0.000370883 0)
(0.000608577 -0.000674312 0)
(0.00103858 -0.00119317 0)
(0.00171819 -0.00205215 0)
(0.00275398 -0.00342823 0)
(0.00427395 -0.00555984 0)
(0.00641822 -0.00875035 0)
(0.00932196 -0.0133617 0)
(0.0130905 -0.0197947 0)
(0.0177697 -0.0284543 0)
(0.0233168 -0.0397025 0)
(0.0295791 -0.0538033 0)
(0.0362861 -0.0708712 0)
(0.0430617 -0.0908315 0)
(0.0494548 -0.113403 0)
(0.0549798 -0.138104 0)
(0.0591602 -0.164277 0)
(0.0615757 -0.19113 0)
(0.0619034 -0.217798 0)
(0.0599469 -0.243394 0)
(0.055651 -0.267066 0)
(0.0491028 -0.288037 0)
(0.0405208 -0.305635 0)
(0.0302367 -0.319315 0)
(0.0186723 -0.328663 0)
(0.00631375 -0.333406 0)
(8.07161e-06 -2.288e-05 0)
(2.77063e-05 -3.49259e-05 0)
(5.88659e-05 -6.39927e-05 0)
(0.000112865 -0.000121406 0)
(0.000206879 -0.000227711 0)
(0.000366955 -0.000417203 0)
(0.000631298 -0.000744209 0)
(0.00105333 -0.00129089 0)
(0.00170354 -0.00217585 0)
(0.00266878 -0.00356197 0)
(0.00404748 -0.00566121 0)
(0.00593943 -0.00873329 0)
(0.00842995 -0.0130755 0)
(0.0115696 -0.0190013 0)
(0.0153524 -0.0268091 0)
(0.0196979 -0.0367421 0)
(0.0244405 -0.0489472 0)
(0.029332 -0.0634386 0)
(0.0340583 -0.0800751 0)
(0.0382661 -0.098554 0)
(0.0415931 -0.118419 0)
(0.0437035 -0.139087 0)
(0.0443218 -0.159884 0)
(0.0432613 -0.180089 0)
(0.0404414 -0.198982 0)
(0.035895 -0.215881 0)
(0.0297647 -0.230178 0)
(0.0222922 -0.241363 0)
(0.0138003 -0.249044 0)
(0.00467215 -0.252951 0)
(4.64638e-06 -1.34052e-05 0)
(1.5993e-05 -2.05872e-05 0)
(3.41421e-05 -3.79934e-05 0)
(6.58558e-05 -7.25887e-05 0)
(0.000121527 -0.000137115 0)
(0.000217125 -0.000253067 0)
(0.000376413 -0.000454904 0)
(0.000633153 -0.000795462 0)
(0.00103274 -0.00135218 0)
(0.00163241 -0.0022333 0)
(0.00249891 -0.00358249 0)
(0.00370274 -0.00557997 0)
(0.0053084 -0.00843786 0)
(0.00736101 -0.012388 0)
(0.0098712 -0.0176616 0)
(0.0128008 -0.0244623 0)
(0.016053 -0.0329347 0)
(0.01947 -0.0431352 0)
(0.0228411 -0.0550086 0)
(0.025919 -0.0683771 0)
(0.0284403 -0.0829395 0)
(0.03015 -0.0982831 0)
(0.0308284 -0.113907 0)
(0.0303148 -0.129255 0)
(0.0285247 -0.14375 0)
(0.0254595 -0.156828 0)
(0.0212076 -0.167974 0)
(0.0159384 -0.176746 0)
(0.00988986 -0.182794 0)
(0.00335218 -0.185879 0)
(2.62839e-06 -7.71411e-06 0)
(9.07104e-06 -1.19164e-05 0)
(1.94543e-05 -2.21438e-05 0)
(3.77415e-05 -4.25921e-05 0)
(7.00958e-05 -8.0999e-05 0)
(0.000126104 -0.000150545 0)
(0.00022022 -0.000272601 0)
(0.000373286 -0.000480347 0)
(0.000613804 -0.00082311 0)
(0.000978441 -0.00137092 0)
(0.00151106 -0.00221843 0)
(0.00225958 -0.00348683 0)
(0.00327019 -0.00532227 0)
(0.00457889 -0.00788931 0)
(0.00620135 -0.0113585 0)
(0.00812251 -0.0158886 0)
(0.0102884 -0.0216044 0)
(0.0126023 -0.0285747 0)
(0.0149276 -0.0367918 0)
(0.0170974 -0.0461593 0)
(0.0189275 -0.056487 0)
(0.0202331 -0.067495 0)
(0.020848 -0.0788266 0)
(0.0206437 -0.0900699 0)
(0.0195442 -0.100784 0)
(0.0175355 -0.110528 0)
(0.0146694 -0.118888 0)
(0.0110605 -0.125501 0)
(0.00687816 -0.130079 0)
(0.00233393 -0.132419 0)
(1.46149e-06 -4.3613e-06 0)
(5.05679e-06 -6.77507e-06 0)
(1.08932e-05 -1.26733e-05 0)
(2.12497e-05 -2.45333e-05 0)
(3.97098e-05 -4.69577e-05 0)
(7.19111e-05 -8.78595e-05 0)
(0.000126458 -0.000160203 0)
(0.000215926 -0.000284355 0)
(0.000357781 -0.000490986 0)
(0.000574902 -0.000824274 0)
(0.000895273 -0.0013449 0)
(0.00135036 -0.002132 0)
(0.00197178 -0.00328307 0)
(0.00278618 -0.00491071 0)
(0.00380861 -0.00713538 0)
(0.00503547 -0.0100742 0)
(0.0064382 -0.013826 0)
(0.00795957 -0.0184554 0)
(0.00951385 -0.023977 0)
(0.0109921 -0.0303439 0)
(0.01227 -0.0374414 0)
(0.013219 -0.0450866 0)
(0.0137191 -0.0530348 0)
(0.0136734 -0.0609934 0)
(0.0130197 -0.06864 0)
(0.011739 -0.0756443 0)
(0.00985964 -0.0816898 0)
(0.00745669 -0.0864956 0)
(0.00464658 -0.0898336 0)
(0.00157833 -0.0915439 0)
(7.99005e-07 -2.42321e-06 0)
(2.77139e-06 -3.78473e-06 0)
(5.99544e-06 -7.12459e-06 0)
(1.17576e-05 -1.38768e-05 0)
(2.21012e-05 -2.67247e-05 0)
(4.02758e-05 -5.03214e-05 0)
(7.12968e-05 -9.23659e-05 0)
(0.000122587 -0.000165084 0)
(0.000204603 -0.000287109 0)
(0.000331265 -0.000485638 0)
(0.000519941 -0.000798578 0)
(0.000790648 -0.00127619 0)
(0.00116422 -0.00198159 0)
(0.00165925 -0.00298926 0)
(0.00228801 -0.00438111 0)
(0.00305175 -0.00623954 0)
(0.00393629 -0.00863804 0)
(0.00490888 -0.0116299 0)
(0.00591737 -0.0152371 0)
(0.0068928 -0.0194404 0)
(0.00775415 -0.0241738 0)
(0.00841499 -0.0293219 0)
(0.00879236 -0.0347229 0)
(0.00881663 -0.0401763 0)
(0.00844037 -0.0454554 0)
(0.00764513 -0.0503228 0)
(0.0064453 -0.0545472 0)
(0.0048884 -0.05792 0)
(0.00305203 -0.0602702 0)
(0.0010377 -0.0614767 0)
(4.29601e-07 -1.32355e-06 0)
(1.49363e-06 -2.07797e-06 0)
(3.24444e-06 -3.93546e-06 0)
(6.39495e-06 -7.71026e-06 0)
(1.20886e-05 -1.49363e-05 0)
(2.2162e-05 -2.82952e-05 0)
(3.94797e-05 -5.22648e-05 0)
(6.83306e-05 -9.4028e-05 0)
(0.000114835 -0.000164654 0)
(0.000187263 -0.000280495 0)
(0.000296115 -0.000464656 0)
(0.000453761 -0.00074823 0)
(0.000673456 -0.00117092 0)
(0.000967596 -0.00178052 0)
(0.00134524 -0.00263079 0)
(0.00180917 -0.00377746 0)
(0.00235286 -0.00527231 0)
(0.00295818 -0.00715585 0)
(0.00359436 -0.00944944 0)
(0.004219 -0.0121481 0)
(0.00478086 -0.0152157 0)
(0.00522385 -0.0185819 0)
(0.00549263 -0.0221429 0)
(0.00553929 -0.0257661 0)
(0.00532964 -0.0292978 0)
(0.00484828 -0.0325737 0)
(0.00410175 -0.0354312 0)
(0.00311927 -0.0377218 0)
(0.001951 -0.0393226 0)
(0.000663949 -0.0401458 0)
(2.2723e-07 -7.10873e-07 0)
(7.91836e-07 -1.12166e-06 0)
(1.72677e-06 -2.13666e-06 0)
(3.42009e-06 -4.20959e-06 0)
(6.49998e-06 -8.20065e-06 0)
(1.19847e-05 -1.56252e-05 0)
(2.14783e-05 -2.90353e-05 0)
(3.74083e-05 -5.25638e-05 0)
(6.328e-05 -9.26448e-05 0)
(0.000103895 -0.000158892 0)
(0.000165447 -0.000265054 0)
(0.000255375 -0.000429891 0)
(0.000381853 -0.00067772 0)
(0.000552821 -0.00103833 0)
(0.000774534 -0.0015459 0)
(0.00104975 -0.00223679 0)
(0.00137583 -0.00314592 0)
(0.00174305 -0.00430217 0)
(0.00213375 -0.00572317 0)
(0.00252258 -0.00741023 0)
(0.00287807 -0.00934451 0)
(0.00316491 -0.0114845 0)
(0.00334745 -0.0137659 0)
(0.00339397 -0.0161036 0)
(0.00328094 -0.0183966 0)
(0.00299665 -0.0205354 0)
(0.00254356 -0.0224097 0)
(0.00193915 -0.0239177 0)
(0.00121492 -0.0249743 0)
(0.000413805 -0.0255185 0)
(1.18268e-07 -3.7556e-07 0)
(4.13041e-07 -5.95432e-07 0)
(9.0412e-07 -1.14055e-06 0)
(1.79908e-06 -2.25915e-06 0)
(3.4368e-06 -4.42463e-06 0)
(6.37146e-06 -8.47705e-06 0)
(1.14841e-05 -1.58426e-05 0)
(2.01214e-05 -2.88512e-05 0)
(3.42493e-05 -5.11653e-05 0)
(5.65949e-05 -8.8314e-05 0)
(9.07263e-05 -0.000148295 0)
(0.000141004 -0.000242157 0)
(0.000212326 -0.000384422 0)
(0.000309603 -0.000593154 0)
(0.000436932 -0.000889468 0)
(0.000596526 -0.00129629 0)
(0.000787521 -0.00183629 0)
(0.0010049 -0.00252905 0)
(0.00123877 -0.00338776 0)
(0.0014744 -0.00441576 0)
(0.00169296 -0.00560386 0)
(0.00187289 -0.00692835 0)
(0.00199189 -0.00835036 0)
(0.0020297 -0.00981697 0)
(0.00197078 -0.011264 0)
(0.00180681 -0.0126206 0)
(0.00153835 -0.0138145 0)
(0.00117556 -0.0147784 0)
(0.000737678 -0.0154554 0)
(0.000251455 -0.0158046 0)
(6.05894e-08 -1.95223e-07 0)
(2.12051e-07 -3.10947e-07 0)
(4.65846e-07 -5.98794e-07 0)
(9.31109e-07 -1.19214e-06 0)
(1.78747e-06 -2.34681e-06 0)
(3.33107e-06 -4.51986e-06 0)
(6.03685e-06 -8.49316e-06 0)
(1.06374e-05 -1.55546e-05 0)
(1.82134e-05 -2.77468e-05 0)
(3.0281e-05 -4.81833e-05 0)
(4.885e-05 -8.14151e-05 0)
(7.64152e-05 -0.000133802 0)
(0.000115834 -0.000213808 0)
(0.000170049 -0.00033211 0)
(0.000241631 -0.000501392 0)
(0.000332163 -0.000735685 0)
(0.000441522 -0.00104921 0)
(0.000567203 -0.00145468 0)
(0.00070382 -0.00196129 0)
(0.000843003 -0.0025725 0)
(0.00097379 -0.00328414 0)
(0.00108335 -0.00408308 0)
(0.00115819 -0.00494649 0)
(0.00118572 -0.00584237 0)
(0.00115607 -0.00673109 0)
(0.00106364 -0.00756817 0)
(0.000908217 -0.0083078 0)
(0.000695555 -0.00890676 0)
(0.000437117 -0.00932844 0)
(0.000149113 -0.00954626 0)
(3.05613e-08 -9.98794e-08 0)
(1.07176e-07 -1.59793e-07 0)
(2.3627e-07 -3.09283e-07 0)
(4.74264e-07 -6.18768e-07 0)
(9.14737e-07 -1.22405e-06 0)
(1.71317e-06 -2.3693e-06 0)
(3.12093e-06 -4.47523e-06 0)
(5.52913e-06 -8.24022e-06 0)
(9.52021e-06 -1.47811e-05 0)
(1.592e-05 -2.58158e-05 0)
(2.58364e-05 -4.38797e-05 0)
(4.06643e-05 -7.25532e-05 0)
(6.20291e-05 -0.000116657 0)
(9.16442e-05 -0.00018235 0)
(0.000131065 -0.000277054 0)
(0.000181339 -0.00040912 0)
(0.000242598 -0.000587187 0)
(0.000313635 -0.000819218 0)
(0.000391589 -0.00111128 0)
(0.000471822 -0.00146619 0)
(0.000548102 -0.00188227 0)
(0.000612998 -0.00235246 0)
(0.000658537 -0.00286371 0)
(0.000677166 -0.00339714 0)
(0.000662805 -0.00392898 0)
(0.000611835 -0.0044321 0)
(0.000523848 -0.00487827 0)
(0.000402015 -0.00524064 0)
(0.000252995 -0.0054963 0)
(8.63641e-05 -0.00562853 0)
(1.51815e-08 -5.03088e-08 0)
(5.33448e-08 -8.08302e-08 0)
(1.17991e-07 -1.57213e-07 0)
(2.37813e-07 -3.16002e-07 0)
(4.60747e-07 -6.28037e-07 0)
(8.6702e-07 -1.22147e-06 0)
(1.58732e-06 -2.31858e-06 0)
(2.82664e-06 -4.29108e-06 0)
(4.89299e-06 -7.73804e-06 0)
(8.22736e-06 -1.35887e-05 0)
(1.3428e-05 -2.32269e-05 0)
(2.12578e-05 -3.8626e-05 0)
(3.26195e-05 -6.24712e-05 0)
(4.84848e-05 -9.82336e-05 0)
(6.97636e-05 -0.00015015 0)
(9.71144e-05 -0.000223061 0)
(0.000130711 -0.000322066 0)
(0.000169997 -0.000451986 0)
(0.000213487 -0.000616651 0)
(0.000258669 -0.000818099 0)
(0.000302085 -0.0010558 0)
(0.000339532 -0.00132604 0)
(0.000366428 -0.00162155 0)
(0.000378355 -0.0019315 0)
(0.000371684 -0.00224195 0)
(0.000344171 -0.00253684 0)
(0.000295426 -0.00279924 0)
(0.000227158 -0.00301293 0)
(0.000143141 -0.00316398 0)
(4.88957e-05 -0.0032422 0)
(7.42925e-09 -2.49553e-08 0)
(2.61542e-08 -4.02595e-08 0)
(5.80346e-08 -7.867e-08 0)
(1.17429e-07 -1.58837e-07 0)
(2.2849e-07 -3.17089e-07 0)
(4.31919e-07 -6.19524e-07 0)
(7.94492e-07 -1.18153e-06 0)
(1.42176e-06 -2.19737e-06 0)
(2.47361e-06 -3.98246e-06 0)
(4.18107e-06 -7.02988e-06 0)
(6.86079e-06 -1.20801e-05 0)
(1.09213e-05 -2.01988e-05 0)
(1.68528e-05 -3.285e-05 0)
(2.51928e-05 -5.19468e-05 0)
(3.64583e-05 -7.98521e-05 0)
(5.10447e-05 -0.000119302 0)
(6.90971e-05 -0.000173228 0)
(9.03715e-05 -0.000244458 0)
(0.000114114 -0.000335324 0)
(0.000138995 -0.000447187 0)
(0.000163136 -0.000579976 0)
(0.000184217 -0.000731804 0)
(0.000199666 -0.000898708 0)
(0.000206968 -0.00107461 0)
(0.000204017 -0.00125158 0)
(0.00018947 -0.0014203 0)
(0.000163024 -0.00157091 0)
(0.00012558 -0.00169387 0)
(7.923e-05 -0.00178095 0)
(2.7081e-05 -0.00182609 0)
(3.58246e-09 -1.21942e-08 0)
(1.26347e-08 -1.97501e-08 0)
(2.81219e-08 -3.87659e-08 0)
(5.71168e-08 -7.86047e-08 0)
(1.11594e-07 -1.57589e-07 0)
(2.11864e-07 -3.09241e-07 0)
(3.91473e-07 -5.92426e-07 0)
(7.03828e-07 -1.1069e-06 0)
(1.23046e-06 -2.01574e-06 0)
(2.09018e-06 -3.57576e-06 0)
(3.44737e-06 -6.1757e-06 0)
(5.51638e-06 -1.03796e-05 0)
(8.55789e-06 -1.69697e-05 0)
(1.28621e-05 -2.6978e-05 0)
(1.87151e-05 -4.16931e-05 0)
(2.63456e-05 -6.26258e-05 0)
(3.58559e-05 -9.14177e-05 0)
(4.7145e-05 -0.000129684 0)
(5.98391e-05 -0.000178796 0)
(7.32485e-05 -0.000239613 0)
(8.63755e-05 -0.000312214 0)
(9.79668e-05 -0.000395665 0)
(0.000106614 -0.000487857 0)
(0.000110918 -0.000585462 0)
(0.00010969 -0.000684051 0)
(0.000102149 -0.000778382 0)
(8.80894e-05 -0.000862835 0)
(6.79729e-05 -0.000931944 0)
(4.29346e-05 -0.000980968 0)
(1.46837e-05 -0.00100641 0)
(1.70272e-09 -5.87148e-09 0)
(6.01564e-09 -9.54556e-09 0)
(1.3429e-08 -1.88166e-08 0)
(2.73732e-08 -3.83104e-08 0)
(5.36921e-08 -7.71193e-08 0)
(1.02359e-07 -1.51964e-07 0)
(1.8995e-07 -2.92375e-07 0)
(3.43034e-07 -5.48699e-07 0)
(6.02468e-07 -1.00378e-06 0)
(1.02826e-06 -1.78899e-06 0)
(1.70417e-06 -3.10462e-06 0)
(2.74053e-06 -5.24363e-06 0)
(4.27305e-06 -8.61564e-06 0)
(6.45511e-06 -1.37661e-05 0)
(9.44097e-06 -2.13829e-05 0)
(1.33587e-05 -3.22817e-05 0)
(1.82738e-05 -4.73602e-05 0)
(2.41479e-05 -6.75171e-05 0)
(3.07995e-05 -9.3534e-05 0)
(3.78783e-05 -0.00012593 0)
(4.48651e-05 -0.000164807 0)
(5.10971e-05 -0.000209716 0)
(5.58199e-05 -0.00025956 0)
(5.82741e-05 -0.000312554 0)
(5.78043e-05 -0.000366284 0)
(5.39704e-05 -0.000417864 0)
(4.66405e-05 -0.00046417 0)
(3.60476e-05 -0.000502146 0)
(2.2794e-05 -0.000529127 0)
(7.79983e-06 -0.000543142 0)
(7.97885e-10 -2.78649e-09 0)
(2.82364e-09 -4.54663e-09 0)
(6.32124e-09 -8.99933e-09 0)
(1.29295e-08 -1.83944e-08 0)
(2.54567e-08 -3.71727e-08 0)
(4.87232e-08 -7.35406e-08 0)
(9.07893e-08 -1.42071e-07 0)
(1.64656e-07 -2.67752e-07 0)
(2.90453e-07 -4.91951e-07 0)
(4.97966e-07 -8.80694e-07 0)
(8.29111e-07 -1.53535e-06 0)
(1.33961e-06 -2.60526e-06 0)
(2.09875e-06 -4.3009e-06 0)
(3.18588e-06 -6.90489e-06 0)
(4.68228e-06 -1.0777e-05 0)
(6.65759e-06 -1.63481e-05 0)
(9.15113e-06 -2.40983e-05 0)
(1.21501e-05 -3.45152e-05 0)
(1.55684e-05 -4.80325e-05 0)
(1.92314e-05 -6.49514e-05 0)
(2.28742e-05 -8.53556e-05 0)
(2.61536e-05 -0.000109036 0)
(2.86741e-05 -0.000135433 0)
(3.00323e-05 -0.000163609 0)
(2.98757e-05 -0.000192278 0)
(2.79625e-05 -0.000219885 0)
(2.42131e-05 -0.000244733 0)
(1.87423e-05 -0.000265152 0)
(1.18635e-05 -0.000279682 0)
(4.06165e-06 -0.000287236 0)
(3.68716e-10 -1.30378e-09 0)
(1.30696e-09 -2.13479e-09 0)
(2.93384e-09 -4.24212e-09 0)
(6.02079e-09 -8.70335e-09 0)
(1.1897e-08 -1.7654e-08 0)
(2.28569e-08 -3.50588e-08 0)
(4.27583e-08 -6.79945e-08 0)
(7.78617e-08 -1.28661e-07 0)
(1.37922e-07 -2.37375e-07 0)
(2.37476e-07 -4.26757e-07 0)
(3.97134e-07 -7.47217e-07 0)
(6.44535e-07 -1.27353e-06 0)
(1.01438e-06 -2.11187e-06 0)
(1.54691e-06 -3.4059e-06 0)
(2.28401e-06 -5.34008e-06 0)
(3.26256e-06 -8.13744e-06 0)
(4.50502e-06 -1.20492e-05 0)
(6.00823e-06 -1.73339e-05 0)
(7.73214e-06 -2.42261e-05 0)
(9.59139e-06 -3.28946e-05 0)
(1.14534e-05 -4.33977e-05 0)
(1.31439e-05 -5.56407e-05 0)
(1.44597e-05 -6.93436e-05 0)
(1.51912e-05 -8.40247e-05 0)
(1.5153e-05 -9.90127e-05 0)
(1.42154e-05 -0.000113487 0)
(1.23325e-05 -0.000126546 0)
(9.55978e-06 -0.000137299 0)
(6.05701e-06 -0.00014496 0)
(2.07472e-06 -0.000148947 0)
(1.68075e-10 -6.01595e-10 0)
(5.96697e-10 -9.8835e-10 0)
(1.34295e-09 -1.97142e-09 0)
(2.76475e-09 -4.05923e-09 0)
(5.48203e-09 -8.26319e-09 0)
(1.05704e-08 -1.64696e-08 0)
(1.98484e-08 -3.20613e-08 0)
(3.62835e-08 -6.09011e-08 0)
(6.4528e-08 -1.12804e-07 0)
(1.11559e-07 -2.03623e-07 0)
(1.87343e-07 -3.58002e-07 0)
(3.05348e-07 -6.12738e-07 0)
(4.82643e-07 -1.02043e-06 0)
(7.39237e-07 -1.65278e-06 0)
(1.09627e-06 -2.60258e-06 0)
(1.5728e-06 -3.98301e-06 0)
(2.18116e-06 -5.92282e-06 0)
(2.92131e-06 -8.55619e-06 0)
(3.77502e-06 -1.20068e-05 0)
(4.7013e-06 -1.63667e-05 0)
(5.63504e-06 -2.16725e-05 0)
(6.4894e-06 -2.78828e-05 0)
(7.16201e-06 -3.48601e-05 0)
(7.54619e-06 -4.23619e-05 0)
(7.54646e-06 -5.00444e-05 0)
(7.09498e-06 -5.74837e-05 0)
(6.1662e-06 -6.42111e-05 0)
(4.78634e-06 -6.97601e-05 0)
(3.03537e-06 -7.37192e-05 0)
(1.04019e-06 -7.57809e-05 0)
(7.55949e-11 -2.73829e-10 0)
(2.68769e-10 -4.51329e-10 0)
(6.06449e-10 -9.03485e-10 0)
(1.25229e-09 -1.86672e-09 0)
(2.49132e-09 -3.81301e-09 0)
(4.82039e-09 -7.62628e-09 0)
(9.08393e-09 -1.48992e-08 0)
(1.66672e-08 -2.84053e-08 0)
(2.97544e-08 -5.28123e-08 0)
(5.16416e-08 -9.56994e-08 0)
(8.70679e-08 -1.68918e-07 0)
(1.42486e-07 -2.90271e-07 0)
(2.26145e-07 -4.85367e-07 0)
(3.47811e-07 -7.89361e-07 0)
(5.17942e-07 -1.24808e-06 0)
(7.46166e-07 -1.91788e-06 0)
(1.03903e-06 -2.86346e-06 0)
(1.39722e-06 -4.15298e-06 0)
(1.81259e-06 -5.85025e-06 0)
(2.26581e-06 -8.00406e-06 0)
(2.72547e-06 -1.0636e-05 0)
(3.14909e-06 -1.37285e-05 0)
(3.48608e-06 -1.72156e-05 0)
(3.68317e-06 -2.09772e-05 0)
(3.69222e-06 -2.48407e-05 0)
(3.4785e-06 -2.85915e-05 0)
(3.02823e-06 -3.19906e-05 0)
(2.3536e-06 -3.47991e-05 0)
(1.49388e-06 -3.68053e-05 0)
(5.1216e-07 -3.78509e-05 0)
(3.35546e-11 -1.22965e-10 0)
(1.19472e-10 -2.03311e-10 0)
(2.70226e-10 -4.08432e-10 0)
(5.59645e-10 -8.46668e-10 0)
(1.11689e-09 -1.73509e-09 0)
(2.16824e-09 -3.48188e-09 0)
(4.10005e-09 -6.82572e-09 0)
(7.54939e-09 -1.30589e-08 0)
(1.35261e-08 -2.43671e-08 0)
(2.35632e-08 -4.43174e-08 0)
(3.98785e-08 -7.8518e-08 0)
(6.5513e-08 -1.35441e-07 0)
(1.04385e-07 -2.27347e-07 0)
(1.61177e-07 -3.71178e-07 0)
(2.40966e-07 -5.89168e-07 0)
(3.48512e-07 -9.08864e-07 0)
(4.8719e-07 -1.36216e-06 0)
(6.57639e-07 -1.98302e-06 0)
(8.56304e-07 -2.80363e-06 0)
(1.07422e-06 -3.84924e-06 0)
(1.29649e-06 -5.13194e-06 0)
(1.50271e-06 -6.64466e-06 0)
(1.66831e-06 -8.35619e-06 0)
(1.76722e-06 -1.02081e-05 0)
(1.77562e-06 -1.21156e-05 0)
(1.67611e-06 -1.39718e-05 0)
(1.46148e-06 -1.56574e-05 0)
(1.13727e-06 -1.70524e-05 0)
(7.22438e-07 -1.805e-05 0)
(2.47782e-07 -1.85703e-05 0)
(1.47014e-11 -5.45076e-11 0)
(5.24405e-11 -9.03921e-11 0)
(1.18834e-10 -1.82185e-10 0)
(2.46823e-10 -3.78844e-10 0)
(4.94091e-10 -7.78818e-10 0)
(9.62233e-10 -1.56788e-09 0)
(1.82553e-09 -3.08364e-09 0)
(3.3727e-09 -5.91943e-09 0)
(6.06378e-09 -1.10832e-08 0)
(1.06009e-08 -2.02283e-08 0)
(1.80059e-08 -3.59672e-08 0)
(2.96892e-08 -6.22676e-08 0)
(4.74814e-08 -1.04905e-07 0)
(7.35896e-08 -1.71906e-07 0)
(1.10433e-07 -2.73876e-07 0)
(1.60317e-07 -4.24044e-07 0)
(2.24939e-07 -6.3785e-07 0)
(3.04735e-07 -9.31882e-07 0)
(3.98186e-07 -1.32207e-06 0)
(5.01204e-07 -1.82116e-06 0)
(6.06838e-07 -2.43567e-06 0)
(7.0545e-07 -3.1629e-06 0)
(7.85334e-07 -3.98834e-06 0)
(8.33946e-07 -4.88412e-06 0)
(8.39731e-07 -5.80916e-06 0)
(7.94138e-07 -6.71143e-06 0)
(6.93491e-07 -7.53231e-06 0)
(5.40269e-07 -8.21267e-06 0)
(3.43468e-07 -8.69977e-06 0)
(1.17849e-07 -8.95396e-06 0)
(6.36228e-12 -2.38444e-11 0)
(2.27072e-11 -3.96518e-11 0)
(5.16099e-11 -8.01788e-11 0)
(1.07451e-10 -1.67279e-10 0)
(2.15737e-10 -3.44911e-10 0)
(4.21418e-10 -6.96494e-10 0)
(8.02026e-10 -1.37414e-09 0)
(1.48655e-09 -2.6463e-09 0)
(2.68153e-09 -4.97107e-09 0)
(4.70381e-09 -9.10328e-09 0)
(8.01714e-09 -1.62415e-08 0)
(1.32655e-08 -2.82152e-08 0)
(2.12905e-08 -4.77018e-08 0)
(3.31151e-08 -7.84435e-08 0)
(4.9872e-08 -1.25414e-07 0)
(7.26576e-08 -1.9486e-07 0)
(1.02303e-07 -2.94123e-07 0)
(1.39071e-07 -4.3116e-07 0)
(1.82325e-07 -6.13699e-07 0)
(2.3023e-07 -8.48036e-07 0)
(2.79597e-07 -1.13757e-06 0)
(3.25949e-07 -1.48134e-06 0)
(3.638e-07 -1.87272e-06 0)
(3.87223e-07 -2.29863e-06 0)
(3.90711e-07 -2.73954e-06 0)
(3.70147e-07 -3.17052e-06 0)
(3.23698e-07 -3.56332e-06 0)
(2.52455e-07 -3.88935e-06 0)
(1.60612e-07 -4.12301e-06 0)
(5.51288e-08 -4.24502e-06 0)
(2.7194e-12 -1.02973e-11 0)
(9.71941e-12 -1.71856e-11 0)
(2.21239e-11 -3.48493e-11 0)
(4.61899e-11 -7.28977e-11 0)
(9.29948e-11 -1.50762e-10 0)
(1.82185e-10 -3.05323e-10 0)
(3.47779e-10 -6.04189e-10 0)
(6.46596e-10 -1.16711e-09 0)
(1.17006e-09 -2.19931e-09 0)
(2.05911e-09 -4.04038e-09 0)
(3.52111e-09 -7.23206e-09 0)
(5.84562e-09 -1.26053e-08 0)
(9.41367e-09 -2.13821e-08 0)
(1.46917e-08 -3.52798e-08 0)
(2.22013e-08 -5.65938e-08 0)
(3.24541e-08 -8.82244e-08 0)
(4.58483e-08 -1.33604e-07 0)
(6.25302e-08 -1.96483e-07 0)
(8.22381e-08 -2.80539e-07 0)
(1.04161e-07 -3.88821e-07 0)
(1.2686e-07 -5.23051e-07 0)
(1.48287e-07 -6.82916e-07 0)
(1.65914e-07 -8.65446e-07 0)
(1.76988e-07 -1.0646e-06 0)
(1.78932e-07 -1.27125e-06 0)
(1.69796e-07 -1.47366e-06 0)
(1.48691e-07 -1.65845e-06 0)
(1.16085e-07 -1.81203e-06 0)
(7.39051e-08 -1.92221e-06 0)
(2.53762e-08 -1.97978e-06 0)
(1.14642e-12 -4.39283e-12 0)
(4.11076e-12 -7.33987e-12 0)
(9.36342e-12 -1.49401e-11 0)
(1.96066e-11 -3.13654e-11 0)
(3.95903e-11 -6.50408e-11 0)
(7.77657e-11 -1.32107e-10 0)
(1.48879e-10 -2.62183e-10 0)
(2.77625e-10 -5.07939e-10 0)
(5.03895e-10 -9.60039e-10 0)
(8.89515e-10 -1.76911e-09 0)
(1.52585e-09 -3.17645e-09 0)
(2.54126e-09 -5.55393e-09 0)
(4.10558e-09 -9.451e-09 0)
(6.42827e-09 -1.56437e-08 0)
(9.74548e-09 -2.51748e-08 0)
(1.42919e-08 -3.93696e-08 0)
(2.02545e-08 -5.98064e-08 0)
(2.77099e-08 -8.82223e-08 0)
(3.65531e-08 -1.26338e-07 0)
(4.64312e-08 -1.75599e-07 0)
(5.67037e-08 -2.36856e-07 0)
(6.645e-08 -3.10026e-07 0)
(7.45229e-08 -3.93797e-07 0)
(7.96646e-08 -4.85425e-07 0)
(8.06888e-08 -5.80713e-07 0)
(7.66904e-08 -6.74223e-07 0)
(6.72445e-08 -7.59732e-07 0)
(5.25503e-08 -8.30891e-07 0)
(3.34781e-08 -8.81987e-07 0)
(1.1499e-08 -9.08698e-07 0)
(4.80645e-13 -1.84127e-12 0)
(1.71359e-12 -3.1063e-12 0)
(3.91874e-12 -6.32314e-12 0)
(8.22304e-12 -1.33304e-11 0)
(1.66401e-11 -2.7706e-11 0)
(3.2786e-11 -5.64325e-11 0)
(6.29315e-11 -1.12314e-10 0)
(1.17693e-10 -2.18199e-10 0)
(2.14233e-10 -4.13609e-10 0)
(3.79299e-10 -7.64396e-10 0)
(6.52602e-10 -1.37657e-09 0)
(1.09019e-09 -2.41411e-09 0)
(1.76669e-09 -4.12051e-09 0)
(2.77471e-09 -6.84121e-09 0)
(4.21955e-09 -1.10428e-08 0)
(6.20699e-09 -1.73214e-08 0)
(8.82314e-09 -2.63913e-08 0)
(1.21065e-08 -3.90439e-08 0)
(1.60159e-08 -5.607e-08 0)
(2.03999e-08 -7.81433e-08 0)
(2.49779e-08 -1.05673e-07 0)
(2.9342e-08 -1.38649e-07 0)
(3.29798e-08 -1.76499e-07 0)
(3.53259e-08 -2.17997e-07 0)
(3.58432e-08 -2.61243e-07 0)
(3.41182e-08 -3.03759e-07 0)
(2.99526e-08 -3.42697e-07 0)
(2.34292e-08 -3.75139e-07 0)
(1.49354e-08 -3.98455e-07 0)
(5.1316e-09 -4.1065e-07 0)
(1.97735e-13 -7.62715e-13 0)
(7.09963e-13 -1.28284e-12 0)
(1.62018e-12 -2.65035e-12 0)
(3.405e-12 -5.58327e-12 0)
(6.91047e-12 -1.16608e-11 0)
(1.36556e-11 -2.38024e-11 0)
(2.62749e-11 -4.74993e-11 0)
(4.92734e-11 -9.25465e-11 0)
(8.99377e-11 -1.759e-10 0)
(1.59691e-10 -3.26004e-10 0)
(2.75548e-10 -5.88761e-10 0)
(4.61635e-10 -1.0355e-09 0)
(7.50303e-10 -1.77254e-09 0)
(1.18187e-09 -2.95149e-09 0)
(1.80258e-09 -4.77798e-09 0)
(2.65936e-09 -7.51616e-09 0)
(3.79112e-09 -1.14842e-08 0)
(5.21655e-09 -1.70371e-08 0)
(6.91988e-09 -2.45322e-08 0)
(8.8371e-09 -3.42779e-08 0)
(1.0847e-08 -4.6467e-08 0)
(1.27715e-08 -6.11056e-08 0)
(1.43853e-08 -7.79496e-08 0)
(1.54379e-08 -9.64578e-08 0)
(1.56902e-08 -1.15784e-07 0)
(1.49565e-08 -1.34817e-07 0)
(1.31457e-08 -1.52274e-07 0)
(1.02918e-08 -1.66835e-07 0)
(6.56467e-09 -1.77308e-07 0)
(2.2562e-09 -1.82789e-07 0)
(7.94634e-14 -3.10126e-13 0)
(2.8459e-13 -5.3558e-13 0)
(6.65947e-13 -1.08023e-12 0)
(1.3954e-12 -2.31301e-12 0)
(2.84187e-12 -4.84374e-12 0)
(5.60898e-12 -9.91496e-12 0)
(1.084e-11 -1.98417e-11 0)
(2.03766e-11 -3.8759e-11 0)
(3.72917e-11 -7.38651e-11 0)
(6.63975e-11 -1.37278e-10 0)
(1.14889e-10 -2.48589e-10 0)
(1.93e-10 -4.38412e-10 0)
(3.14573e-10 -7.52551e-10 0)
(4.96908e-10 -1.25656e-09 0)
(7.60004e-10 -2.0398e-09 0)
(1.12436e-09 -3.21758e-09 0)
(1.60726e-09 -4.92956e-09 0)
(2.2175e-09 -7.33239e-09 0)
(2.94921e-09 -1.05851e-08 0)
(3.77569e-09 -1.48264e-08 0)
(4.64532e-09 -2.01452e-08 0)
(5.4815e-09 -2.65489e-08 0)
(6.18655e-09 -3.39345e-08 0)
(6.6513e-09 -4.20671e-08 0)
(6.77079e-09 -5.05751e-08 0)
(6.46295e-09 -5.89678e-08 0)
(5.68676e-09 -6.66758e-08 0)
(4.45596e-09 -7.31123e-08 0)
(2.84387e-09 -7.77455e-08 0)
(9.77681e-10 -8.01713e-08 0)
(3.44397e-14 -1.20959e-13 0)
(1.19111e-13 -2.09663e-13 0)
(2.63086e-13 -4.50909e-13 0)
(5.61284e-13 -9.43482e-13 0)
(1.14726e-12 -1.98272e-12 0)
(2.28361e-12 -4.08237e-12 0)
(4.41635e-12 -8.18961e-12 0)
(8.31729e-12 -1.60352e-11 0)
(1.52729e-11 -3.06416e-11 0)
(2.72699e-11 -5.70917e-11 0)
(4.73073e-11 -1.03647e-10 0)
(7.96976e-11 -1.83277e-10 0)
(1.3023e-10 -3.15428e-10 0)
(2.06279e-10 -5.28072e-10 0)
(3.16346e-10 -8.59489e-10 0)
(4.69233e-10 -1.3593e-09 0)
(6.72522e-10 -2.0879e-09 0)
(9.30229e-10 -3.11343e-09 0)
(1.24024e-09 -4.50552e-09 0)
(1.59157e-09 -6.32552e-09 0)
(1.96253e-09 -8.61371e-09 0)
(2.32062e-09 -1.13752e-08 0)
(2.62414e-09 -1.45672e-08 0)
(2.82614e-09 -1.80891e-08 0)
(2.88127e-09 -2.17801e-08 0)
(2.75384e-09 -2.54269e-08 0)
(2.42567e-09 -2.87805e-08 0)
(1.9022e-09 -3.15837e-08 0)
(1.21468e-09 -3.36031e-08 0)
(4.17706e-10 -3.46609e-08 0)
(1.32719e-14 -4.30078e-14 0)
(5.29196e-14 -8.16474e-14 0)
(9.77755e-14 -1.74383e-13 0)
(2.21759e-13 -3.81693e-13 0)
(4.62669e-13 -8.05386e-13 0)
(9.13914e-13 -1.65277e-12 0)
(1.77524e-12 -3.33175e-12 0)
(3.36384e-12 -6.5496e-12 0)
(6.18303e-12 -1.25519e-11 0)
(1.10602e-11 -2.34456e-11 0)
(1.92471e-11 -4.26821e-11 0)
(3.24987e-11 -7.56627e-11 0)
(5.3254e-11 -1.3055e-10 0)
(8.45706e-11 -2.19112e-10 0)
(1.3002e-10 -3.57525e-10 0)
(1.93347e-10 -5.66848e-10 0)
(2.77815e-10 -8.72833e-10 0)
(3.85206e-10 -1.30467e-09 0)
(5.14781e-10 -1.89241e-09 0)
(6.62107e-10 -2.66275e-09 0)
(8.18172e-10 -3.63361e-09 0)
(9.69381e-10 -4.80797e-09 0)
(1.09817e-09 -6.16821e-09 0)
(1.18464e-09 -7.67192e-09 0)
(1.20951e-09 -9.25057e-09 0)
(1.15744e-09 -1.08125e-08 0)
(1.02053e-09 -1.22508e-08 0)
(8.00913e-10 -1.34541e-08 0)
(5.11696e-10 -1.43216e-08 0)
(1.76005e-10 -1.47762e-08 0)
(5.37596e-15 -1.54557e-14 0)
(1.83119e-14 -3.15838e-14 0)
(3.30958e-14 -7.55994e-14 0)
(8.88712e-14 -1.50191e-13 0)
(1.78415e-13 -3.20206e-13 0)
(3.59518e-13 -6.68635e-13 0)
(7.10131e-13 -1.34265e-12 0)
(1.34416e-12 -2.6396e-12 0)
(2.46824e-12 -5.08163e-12 0)
(4.435e-12 -9.51478e-12 0)
(7.7308e-12 -1.73597e-11 0)
(1.31021e-11 -3.08597e-11 0)
(2.15035e-11 -5.33679e-11 0)
(3.42558e-11 -8.9789e-11 0)
(5.27837e-11 -1.46864e-10 0)
(7.86873e-11 -2.33409e-10 0)
(1.13336e-10 -3.60242e-10 0)
(1.57498e-10 -5.39708e-10 0)
(2.10959e-10 -7.84585e-10 0)
(2.71909e-10 -1.1063e-09 0)
(3.36689e-10 -1.51269e-09 0)
(3.99665e-10 -2.00533e-09 0)
(4.53552e-10 -2.57709e-09 0)
(4.90034e-10 -3.2103e-09 0)
(5.01007e-10 -3.87615e-09 0)
(4.80012e-10 -4.53589e-09 0)
(4.23637e-10 -5.14408e-09 0)
(3.32707e-10 -5.65343e-09 0)
(2.12674e-10 -6.02086e-09 0)
(7.31717e-11 -6.21348e-09 0)
(1.34397e-15 3.35859e-16 0)
(1.05838e-14 7.72748e-15 0)
(8.2321e-15 -3.29276e-14 0)
(3.30958e-14 -5.71196e-14 0)
(6.87116e-14 -1.27007e-13 0)
(1.52375e-13 -2.63422e-13 0)
(2.58719e-13 -5.32892e-13 0)
(5.29364e-13 -1.04865e-12 0)
(9.74225e-13 -2.03211e-12 0)
(1.75391e-12 -3.81559e-12 0)
(3.07337e-12 -6.97901e-12 0)
(5.21032e-12 -1.24279e-11 0)
(8.58609e-12 -2.15539e-11 0)
(1.37087e-11 -3.63496e-11 0)
(2.1171e-11 -5.95932e-11 0)
(3.16325e-11 -9.49254e-11 0)
(4.56681e-11 -1.4683e-10 0)
(6.36008e-11 -2.20471e-10 0)
(8.53758e-11 -3.21156e-10 0)
(1.10272e-10 -4.53774e-10 0)
(1.36795e-10 -6.21668e-10 0)
(1.62688e-10 -8.2558e-10 0)
(1.84931e-10 -1.06271e-09 0)
(2.00101e-10 -1.32578e-09 0)
(2.0484e-10 -1.60284e-09 0)
(1.96493e-10 -1.87773e-09 0)
(1.73567e-10 -2.13142e-09 0)
(1.36406e-10 -2.34406e-09 0)
(8.72378e-11 -2.49756e-09 0)
(3.00226e-11 -2.57806e-09 0)
(-4.03191e-15 -5.37579e-15 0)
(3.02397e-15 -1.71354e-14 0)
(1.02478e-14 -5.04008e-15 0)
(8.56801e-15 -1.98239e-14 0)
(2.50319e-14 -4.77117e-14 0)
(5.17438e-14 -1.02479e-13 0)
(1.04327e-13 -2.08991e-13 0)
(2.05127e-13 -4.20333e-13 0)
(3.79677e-13 -7.95307e-13 0)
(6.89971e-13 -1.50628e-12 0)
(1.2022e-12 -2.76022e-12 0)
(2.04992e-12 -4.94521e-12 0)
(3.3882e-12 -8.59549e-12 0)
(5.42317e-12 -1.45329e-11 0)
(8.38902e-12 -2.3881e-11 0)
(1.25665e-11 -3.81331e-11 0)
(1.81815e-11 -5.91144e-11 0)
(2.5371e-11 -8.8944e-11 0)
(3.41258e-11 -1.29845e-10 0)
(4.41731e-11 -1.83808e-10 0)
(5.48985e-11 -2.52264e-10 0)
(6.53895e-11 -3.35599e-10 0)
(7.44593e-11 -4.3266e-10 0)
(8.06796e-11 -5.40519e-10 0)
(8.26961e-11 -6.54289e-10 0)
(7.94104e-11 -7.6731e-10 0)
(7.02039e-11 -8.71714e-10 0)
(5.52064e-11 -9.59313e-10 0)
(3.53278e-11 -1.02258e-09 0)
(1.21576e-11 -1.05577e-09 0)
(2.35192e-15 1.10878e-14 0)
(-5.37585e-15 7.72783e-15 0)
(-5.03965e-16 3.69585e-15 0)
(2.18403e-15 -2.35203e-15 0)
(7.39193e-15 -1.74719e-14 0)
(2.23438e-14 -3.42719e-14 0)
(3.37678e-14 -7.79515e-14 0)
(7.72796e-14 -1.60607e-13 0)
(1.38935e-13 -3.10126e-13 0)
(2.60398e-13 -5.96396e-13 0)
(4.71909e-13 -1.07687e-12 0)
(7.92451e-13 -1.94375e-12 0)
(1.32232e-12 -3.38887e-12 0)
(2.11914e-12 -5.74455e-12 0)
(3.28975e-12 -9.46203e-12 0)
(4.93446e-12 -1.5135e-11 0)
(7.15541e-12 -2.35145e-11 0)
(1.0007e-11 -3.54592e-11 0)
(1.34779e-11 -5.18542e-11 0)
(1.74799e-11 -7.35381e-11 0)
(2.17658e-11 -1.01121e-10 0)
(2.5962e-11 -1.34721e-10 0)
(2.96123e-11 -1.73955e-10 0)
(3.21271e-11 -2.17618e-10 0)
(3.29652e-11 -2.63725e-10 0)
(3.169e-11 -3.09588e-10 0)
(2.80449e-11 -3.5201e-10 0)
(2.20672e-11 -3.87626e-10 0)
(1.41386e-11 -4.13366e-10 0)
(4.86189e-12 -4.26878e-10 0)
(5.03997e-16 4.70383e-15 0)
(3.19195e-15 8.06378e-15 0)
(7.22382e-15 1.00804e-15 0)
(-1.67988e-16 -4.36796e-15 0)
(3.86395e-15 -6.04791e-15 0)
(3.36005e-15 -9.744e-15 0)
(1.49519e-14 -2.99037e-14 0)
(2.87278e-14 -5.40959e-14 0)
(5.44315e-14 -1.21295e-13 0)
(9.39114e-14 -2.20415e-13 0)
(1.73711e-13 -4.12269e-13 0)
(3.13318e-13 -7.54987e-13 0)
(4.98117e-13 -1.32249e-12 0)
(8.23194e-13 -2.2401e-12 0)
(1.27142e-12 -3.69765e-12 0)
(1.91502e-12 -5.93842e-12 0)
(2.78357e-12 -9.24565e-12 0)
(3.8964e-12 -1.39654e-11 0)
(5.26038e-12 -2.04619e-11 0)
(6.83671e-12 -2.90806e-11 0)
(8.52829e-12 -4.00301e-11 0)
(1.01849e-11 -5.34344e-11 0)
(1.16406e-11 -6.90895e-11 0)
(1.26369e-11 -8.65382e-11 0)
(1.29831e-11 -1.04996e-10 0)
(1.24927e-11 -1.23381e-10 0)
(1.10701e-11 -1.40392e-10 0)
(8.71024e-12 -1.54682e-10 0)
(5.58361e-12 -1.65016e-10 0)
(1.92392e-12 -1.70441e-10 0)
(2.01587e-15 -1.07516e-14 0)
(-6.55179e-15 2.35201e-15 0)
(5.04006e-16 -4.0318e-15 0)
(-1.5119e-15 6.72057e-16 0)
(2.68788e-15 -2.01584e-15 0)
(8.40015e-16 -3.0239e-15 0)
(5.54387e-15 -4.70408e-15 0)
(5.04008e-15 -2.08318e-14 0)
(1.86478e-14 -3.89759e-14 0)
(3.22559e-14 -8.46713e-14 0)
(6.98873e-14 -1.53887e-13 0)
(1.17095e-13 -2.8627e-13 0)
(1.85639e-13 -5.01981e-13 0)
(3.12478e-13 -8.59146e-13 0)
(4.92741e-13 -1.43269e-12 0)
(7.26091e-13 -2.29755e-12 0)
(1.07687e-12 -3.58946e-12 0)
(1.49973e-12 -5.43443e-12 0)
(2.02623e-12 -7.97827e-12 0)
(2.64514e-12 -1.13513e-11 0)
(3.29748e-12 -1.56716e-11 0)
(3.95604e-12 -2.09364e-11 0)
(4.51598e-12 -2.71056e-11 0)
(4.91934e-12 -3.40043e-11 0)
(5.04417e-12 -4.12924e-11 0)
(4.87129e-12 -4.85654e-11 0)
(4.31959e-12 -5.53103e-11 0)
(3.39055e-12 -6.09718e-11 0)
(2.18096e-12 -6.5074e-11 0)
(7.51627e-13 -6.72328e-11 0)
(1.34393e-15 5.37579e-15 0)
(-9.07164e-15 -6.3838e-15 0)
(8.0637e-15 6.71969e-15 0)
(-3.3598e-16 6.04789e-15 0)
(-2.35195e-15 8.73562e-15 0)
(-1.84792e-15 1.67993e-15 0)
(3.35991e-15 -4.36784e-15 0)
(-2.35192e-15 -2.68802e-15 0)
(3.52798e-15 -1.61277e-14 0)
(1.36077e-14 -2.352e-14 0)
(2.1672e-14 -5.40957e-14 0)
(4.30077e-14 -1.03487e-13 0)
(6.90476e-14 -1.92191e-13 0)
(1.20119e-13 -3.31293e-13 0)
(1.88327e-13 -5.423e-13 0)
(2.72158e-13 -8.79306e-13 0)
(4.06725e-13 -1.37893e-12 0)
(5.74388e-13 -2.08688e-12 0)
(7.63723e-13 -3.07875e-12 0)
(1.0174e-12 -4.39115e-12 0)
(1.25848e-12 -6.0577e-12 0)
(1.50275e-12 -8.113e-12 0)
(1.73728e-12 -1.0509e-11 0)
(1.89284e-12 -1.31987e-11 0)
(1.9424e-12 -1.60513e-11 0)
(1.88176e-12 -1.89039e-11 0)
(1.66067e-12 -2.15291e-11 0)
(1.31325e-12 -2.37456e-11 0)
(8.49066e-13 -2.53651e-11 0)
(2.89462e-13 -2.62008e-11 0)
(2.35191e-15 -1.20957e-14 0)
(5.20786e-15 2.01588e-15 0)
(-2.21879e-20 -2.3518e-15 0)
(2.01599e-15 4.36796e-15 0)
(-1.00794e-15 1.48596e-19 0)
(-1.00806e-15 -5.37569e-15 0)
(-3.3598e-16 5.71185e-15 0)
(-2.85595e-15 5.03981e-15 0)
(5.03983e-15 -1.34398e-15 0)
(-3.52777e-15 -8.40002e-15 0)
(6.0479e-15 -2.75514e-14 0)
(1.64638e-14 -3.72958e-14 0)
(2.01599e-14 -6.31678e-14 0)
(4.56956e-14 -1.17263e-13 0)
(6.28318e-14 -2.01935e-13 0)
(1.01135e-13 -3.26254e-13 0)
(1.49519e-13 -5.16765e-13 0)
(2.15039e-13 -7.91275e-13 0)
(2.94166e-13 -1.16255e-12 0)
(3.80182e-13 -1.67024e-12 0)
(4.89212e-13 -2.30696e-12 0)
(5.65652e-13 -3.10596e-12 0)
(6.60907e-13 -4.036e-12 0)
(7.12315e-13 -5.06315e-12 0)
(7.48267e-13 -6.16522e-12 0)
(7.16515e-13 -7.26461e-12 0)
(6.29156e-13 -8.27932e-12 0)
(4.94925e-13 -9.14149e-12 0)
(3.27262e-13 -9.75737e-12 0)
(1.06007e-13 -1.0085e-11 0)
(1.51196e-15 6.04779e-15 0)
(-3.36e-16 1.00802e-15 0)
(-4.70385e-15 2.35193e-15 0)
(-1.34399e-15 -6.71992e-16 0)
(4.36777e-15 5.03987e-15 0)
(-8.56776e-15 8.06366e-15 0)
(3.22644e-21 2.01597e-15 0)
(8.39929e-16 -6.0477e-15 0)
(-6.72046e-16 6.71926e-16 0)
(-3.07571e-20 -4.36791e-15 0)
(-1.51191e-15 -2.01619e-15 0)
(1.34401e-15 -1.04159e-14 0)
(2.35211e-15 -2.78876e-14 0)
(1.83118e-14 -4.46878e-14 0)
(2.48637e-14 -7.35834e-14 0)
(3.96477e-14 -1.28351e-13 0)
(5.52716e-14 -1.94879e-13 0)
(8.29914e-14 -3.00382e-13 0)
(1.01807e-13 -4.42845e-13 0)
(1.44815e-13 -6.34364e-13 0)
(1.85471e-13 -8.74266e-13 0)
(2.16719e-13 -1.1639e-12 0)
(2.42759e-13 -1.52879e-12 0)
(2.76022e-13 -1.92157e-12 0)
(2.74342e-13 -2.33552e-12 0)
(2.7031e-13 -2.75518e-12 0)
(2.37886e-13 -3.14662e-12 0)
(1.84631e-13 -3.47959e-12 0)
(1.26167e-13 -3.71815e-12 0)
(3.94798e-14 -3.84079e-12 0)
(4.504e-20 2.01602e-15 0)
(1.34396e-15 1.31037e-14 0)
(3.69584e-15 3.88207e-20 0)
(-1.84793e-15 -3.35959e-16 0)
(-5.54376e-15 2.35195e-15 0)
(-6.72014e-16 -1.34381e-15 0)
(1.17589e-15 1.34402e-15 0)
(-4.36795e-15 6.71981e-16 0)
(-6.88773e-15 2.27111e-20 0)
(6.71837e-16 -3.02382e-15 0)
(-1.67999e-15 -1.34395e-15 0)
(3.35996e-15 -3.69597e-15 0)
(1.34384e-15 -2.688e-15 0)
(2.01611e-15 -1.17599e-14 0)
(6.88796e-15 -2.38558e-14 0)
(1.25999e-14 -4.23358e-14 0)
(1.7136e-14 -6.82075e-14 0)
(3.54475e-14 -1.03823e-13 0)
(3.66238e-14 -1.57247e-13 0)
(5.69516e-14 -2.28479e-13 0)
(6.83755e-14 -3.24238e-13 0)
(7.72795e-14 -4.34109e-13 0)
(9.44153e-14 -5.71532e-13 0)
(9.69355e-14 -7.17691e-13 0)
(1.07687e-13 -8.76954e-13 0)
(9.82795e-14 -1.03722e-12 0)
(9.03833e-14 -1.18103e-12 0)
(6.88797e-14 -1.30737e-12 0)
(5.25834e-14 -1.39573e-12 0)
(1.2768e-14 -1.44244e-12 0)
(4.03189e-15 1.68004e-15 0)
(-4.03187e-15 -8.06367e-15 0)
(-1.68055e-16 1.07536e-19 0)
(8.3996e-16 -3.35974e-16 0)
(3.69589e-15 3.024e-15 0)
(1.34396e-15 1.00798e-15 0)
(-2.68801e-15 6.38384e-15 0)
(-6.7198e-15 7.72789e-15 0)
(7.55959e-15 -1.81343e-20 0)
(-1.47836e-14 3.02382e-15 0)
(-3.69593e-15 3.02389e-15 0)
(5.54376e-15 -2.35189e-15 0)
(-1.04157e-14 4.36775e-15 0)
(2.51992e-15 -3.02401e-15 0)
(-2.18386e-15 -6.38411e-15 0)
(4.70389e-15 -1.84797e-14 0)
(1.10878e-14 -2.55359e-14 0)
(9.0721e-15 -3.72958e-14 0)
(1.5624e-14 -5.94715e-14 0)
(2.92315e-14 -8.70233e-14 0)
(1.47841e-14 -1.17935e-13 0)
(3.10797e-14 -1.61279e-13 0)
(3.41038e-14 -2.12686e-13 0)
(3.30959e-14 -2.66782e-13 0)
(4.55275e-14 -3.22222e-13 0)
(3.54477e-14 -3.77998e-13 0)
(3.19199e-14 -4.38477e-13 0)
(2.85597e-14 -4.80141e-13 0)
(1.22641e-14 -5.19116e-13 0)
(6.04793e-15 -5.30205e-13 0)
(3.35608e-20 5.37588e-15 0)
(1.34391e-15 1.41116e-14 0)
(-7.05579e-15 7.72774e-15 0)
(-1.34391e-15 -6.71969e-16 0)
(2.6878e-15 3.36045e-16 0)
(-1.34391e-15 6.38388e-15 0)
(-8.23187e-15 1.34406e-15 0)
(3.35955e-16 3.02382e-15 0)
(-3.35981e-15 3.02399e-15 0)
(-6.72151e-16 6.72085e-16 0)
(-3.36038e-16 -5.0399e-15 0)
(-2.68788e-15 3.35934e-16 0)
(1.00778e-15 -4.3678e-15 0)
(1.84802e-15 -6.72038e-16 0)
(-1.68106e-16 -1.00797e-14 0)
(-4.36784e-15 3.35823e-16 0)
(-5.03978e-16 6.71852e-16 0)
(1.12558e-14 -1.37759e-14 0)
(3.36077e-16 -1.7472e-14 0)
(6.88806e-15 -1.84801e-14 0)
(7.55999e-15 -3.96479e-14 0)
(1.54557e-14 -6.04796e-14 0)
(8.90405e-15 -6.95519e-14 0)
(1.41118e-14 -1.03151e-13 0)
(1.176e-14 -1.13903e-13 0)
(1.47841e-14 -1.41119e-13 0)
(1.52878e-14 -1.66319e-13 0)
(1.17598e-14 -1.80095e-13 0)
(5.71198e-15 -1.84463e-13 0)
(8.39998e-16 -2.02942e-13 0)
(1.00793e-15 -1.34389e-15 0)
(-5.03965e-16 -7.39179e-15 0)
(-1.34402e-15 3.3607e-16 0)
(2.85586e-15 2.01599e-15 0)
(-2.18384e-15 -2.01595e-15 0)
(1.67992e-15 1.34398e-15 0)
(-3.879e-20 -1.00804e-15 0)
(-2.01596e-15 -7.05576e-15 0)
(-1.00803e-15 -3.69589e-15 0)
(-8.06387e-15 4.36776e-15 0)
(3.86396e-15 -2.01587e-15 0)
(-1.17606e-15 4.70392e-15 0)
(-1.32716e-14 -1.34396e-15 0)
(6.71973e-15 1.00791e-15 0)
(-9.07171e-15 4.03182e-15 0)
(-8.40126e-16 -1.34401e-15 0)
(-2.35189e-15 -1.07517e-14 0)
(6.72039e-16 -5.03984e-15 0)
(-6.72012e-16 -9.07184e-15 0)
(5.37592e-15 -1.31038e-14 0)
(1.09198e-14 -1.98237e-14 0)
(-5.03968e-16 -2.18398e-14 0)
(5.04096e-16 -3.32634e-14 0)
(3.36014e-15 -3.02399e-14 0)
(6.88787e-15 -4.36796e-14 0)
(1.34397e-14 -4.90556e-14 0)
(5.37595e-15 -4.872e-14 0)
(5.20798e-15 -5.17438e-14 0)
(5.03997e-15 -6.75354e-14 0)
(6.72038e-16 -7.39195e-14 0)
(6.7196e-16 2.35184e-15 0)
(-7.39175e-15 3.36081e-16 0)
(-1.68007e-16 5.37582e-15 0)
(1.84795e-15 -4.70391e-15 0)
(-3.19202e-15 4.03176e-15 0)
(-3.02386e-15 1.67991e-15 0)
(9.74371e-15 -5.37583e-15 0)
(-6.38384e-15 -1.68006e-15 0)
(6.38383e-15 4.36783e-15 0)
(-1.34398e-14 -7.72771e-15 0)
(-1.68008e-15 -3.69607e-15 0)
(-6.71912e-16 8.06373e-15 0)
(-1.21201e-19 -2.68795e-15 0)
(-3.52786e-15 -1.04158e-14 0)
(4.19979e-15 -7.3918e-15 0)
(-8.23175e-15 -3.69592e-15 0)
(1.84782e-15 7.72773e-15 0)
(3.35993e-15 1.34383e-15 0)
(-4.87187e-15 -2.352e-15 0)
(3.69596e-15 6.38378e-15 0)
(9.40784e-15 3.35834e-16 0)
(-7.05583e-15 -3.35996e-15 0)
(-2.18387e-15 -2.47172e-19 0)
(1.62955e-14 -1.14239e-14 0)
(-2.01576e-15 -1.07519e-14 0)
(1.34413e-15 -1.512e-14 0)
(-5.20773e-15 -1.78077e-14 0)
(4.7039e-15 -2.58717e-14 0)
(9.57572e-15 -1.81441e-14 0)
(2.3519e-15 -2.58716e-14 0)
(1.17597e-15 -3.35907e-16 0)
(5.7117e-15 -5.37599e-15 0)
(-2.35193e-15 -8.39973e-15 0)
(-5.03969e-16 5.03981e-15 0)
(-3.69588e-15 -1.14236e-14 0)
(1.51192e-15 -1.34397e-14 0)
(-4.03187e-15 -1.68014e-15 0)
(-3.02397e-15 6.38379e-15 0)
(4.19984e-15 -2.68786e-15 0)
(-9.74379e-15 2.0159e-15 0)
(-4.53591e-15 -9.40774e-15 0)
(-3.3608e-16 -9.40772e-15 0)
(-4.87195e-15 -2.35218e-15 0)
(1.00794e-15 1.67997e-15 0)
(-1.51195e-15 6.71823e-16 0)
(5.03851e-16 6.71923e-16 0)
(-6.71972e-15 -1.14237e-14 0)
(1.51191e-15 -5.37585e-15 0)
(-5.71183e-15 -2.35193e-15 0)
(3.69588e-15 -8.06386e-15 0)
(4.53602e-15 -4.36783e-15 0)
(-2.68803e-15 -6.72035e-16 0)
(2.68792e-15 -1.54557e-14 0)
(-6.71736e-16 -5.37583e-15 0)
(1.14235e-14 6.7178e-16 0)
(3.52799e-15 -3.69578e-15 0)
(7.55981e-15 9.07136e-15 0)
(2.01599e-15 -8.7359e-15 0)
(-1.5118e-15 -8.06384e-15 0)
(-2.01587e-15 -4.03204e-15 0)
(-5.03947e-16 2.6878e-15 0)
(-3.35932e-16 -3.35991e-16 0)
(-5.37583e-15 3.35926e-16 0)
(5.03925e-16 -6.72017e-16 0)
(3.3592e-16 -1.00812e-15 0)
(6.7202e-16 -2.35207e-15 0)
(-2.35203e-15 -1.10879e-14 0)
(-6.21589e-15 -2.25114e-14 0)
(-6.55184e-15 2.35175e-15 0)
(2.18382e-15 1.6798e-15 0)
(1.17585e-15 -3.02414e-15 0)
(-3.86381e-15 1.67969e-15 0)
(-3.86394e-15 -1.10876e-14 0)
(-3.35995e-15 -2.35207e-15 0)
(-2.68787e-15 -8.73575e-15 0)
(-1.51202e-15 -3.02399e-15 0)
(2.68787e-15 -2.68796e-15 0)
(-3.69586e-15 1.67989e-15 0)
(3.35983e-16 2.01582e-15 0)
(3.35993e-15 -5.0398e-15 0)
(5.20787e-15 -1.08733e-19 0)
(-7.72775e-15 2.3519e-15 0)
(1.34402e-15 4.36795e-15 0)
(3.02382e-15 1.00786e-15 0)
(-4.03168e-15 -5.37579e-15 0)
(6.71982e-15 -4.36797e-15 0)
(9.07191e-15 -1.27674e-14 0)
(8.39973e-16 -5.03993e-15 0)
(-1.40595e-20 1.67986e-15 0)
(2.51989e-15 -3.69589e-15 0)
(1.17593e-15 -3.02394e-15 0)
(-2.85604e-15 -9.74366e-15 0)
(-2.52001e-15 3.69573e-15 0)
(-2.01591e-15 -2.01605e-15 0)
(8.39873e-16 -4.36795e-15 0)
(2.68794e-15 -5.37613e-15 0)
(3.19189e-15 -9.74371e-15 0)
(-1.27676e-14 1.20955e-14 0)
(1.00787e-15 -5.03988e-15 0)
(-3.36002e-15 -7.05582e-15 0)
(-6.21564e-15 -6.71992e-15 0)
(6.04776e-15 -1.64636e-14 0)
(1.34387e-15 -2.35225e-15 0)
(-1.68005e-15 3.02398e-15 0)
(5.03973e-16 -1.78569e-19 0)
(-2.01593e-15 -4.36798e-15 0)
(2.18396e-15 -5.37589e-15 0)
(2.35194e-15 -4.70399e-15 0)
(1.84794e-15 -3.02393e-15 0)
(3.52802e-15 -3.36091e-16 0)
(1.00807e-15 -2.35188e-15 0)
(3.35896e-16 -6.38375e-15 0)
(-5.03985e-16 2.35204e-15 0)
(7.89579e-15 5.03992e-15 0)
(-6.7193e-16 -9.74369e-15 0)
(1.68088e-16 1.34385e-15 0)
(1.14237e-14 3.35984e-15 0)
(-4.19978e-15 2.01593e-15 0)
(-8.39967e-15 -1.27676e-14 0)
(3.35988e-15 3.35995e-16 0)
(3.35996e-16 -6.71988e-15 0)
(-2.01588e-15 -1.68018e-15 0)
(-2.18408e-15 -1.20957e-14 0)
(-8.40065e-16 -1.67994e-14 0)
(-1.27676e-14 -2.68807e-15 0)
(8.39945e-16 -1.31035e-14 0)
(-4.19994e-15 -6.38403e-15 0)
(6.38375e-15 -1.34397e-14 0)
(-3.36049e-16 -1.54557e-14 0)
(-6.71974e-15 -1.37758e-14 0)
(7.72757e-15 -1.07518e-14 0)
(-3.02388e-15 -1.31038e-14 0)
(-1.66316e-14 -4.03196e-15 0)
(-1.34399e-15 -4.36786e-15 0)
(1.84799e-15 -7.05576e-15 0)
(-2.68796e-15 -3.35998e-15 0)
(2.68798e-15 3.35867e-16 0)
(1.34399e-15 -6.04781e-15 0)
(1.848e-15 -9.40778e-15 0)
(6.7206e-16 -1.00802e-15 0)
(3.35996e-15 6.71914e-16 0)
(8.39999e-16 6.71979e-15 0)
(-5.03987e-15 1.37755e-14 0)
(-1.00786e-15 1.68004e-15 0)
(6.38378e-15 7.05566e-15 0)
(-6.71855e-16 -4.70379e-15 0)
(3.52802e-15 -3.36002e-15 0)
(8.06377e-15 1.00795e-15 0)
(9.40762e-15 9.4077e-15 0)
(-3.35955e-16 1.67988e-15 0)
(8.39943e-16 -6.04794e-15 0)
(-3.02405e-15 -4.70403e-15 0)
(-9.07176e-15 1.34384e-15 0)
(-1.34405e-15 -2.82301e-19 0)
(-9.07194e-15 -1.34407e-15 0)
(5.54389e-15 -1.68019e-15 0)
(-8.23187e-15 -3.02407e-15 0)
(4.53591e-15 -4.70403e-15 0)
(-9.74365e-15 -6.04802e-15 0)
(3.69571e-15 -5.04008e-15 0)
(-9.74365e-15 -8.06396e-15 0)
(3.19193e-15 -1.34416e-15 0)
(-1.68137e-16 -6.04781e-15 0)
(-6.71978e-16 -1.34406e-15 0)
(2.1839e-15 -1.34408e-15 0)
(4.74958e-20 -3.35991e-15 0)
(1.51191e-15 -3.35984e-15 0)
(3.69604e-15 -1.34405e-15 0)
(6.71954e-16 -6.72082e-16 0)
(5.87987e-15 -6.72022e-16 0)
(8.56785e-15 4.26296e-20 0)
(2.85591e-15 1.14863e-19 0)
(-3.02384e-15 1.68488e-19 0)
(6.71977e-15 6.72066e-16 0)
(-1.17574e-15 1.00803e-15 0)
(3.86377e-15 6.46162e-21 0)
(8.73587e-15 6.71967e-16 0)
(-7.55975e-15 -1.0079e-15 0)
(-1.67959e-16 -2.0159e-15 0)
(-3.3597e-16 6.7198e-16 0)
(8.3992e-16 -5.7119e-15 0)
(-1.24317e-14 -4.36784e-15 0)
(-2.52003e-15 -7.72788e-15 0)
(-3.69596e-15 -1.27677e-14 0)
(-7.2239e-15 -6.3839e-15 0)
(-5.03993e-16 -7.05579e-15 0)
(-1.68113e-16 -7.05582e-15 0)
(-5.54387e-15 -2.01599e-15 0)
(8.56778e-15 -5.37591e-15 0)
(-5.20786e-15 -6.0479e-15 0)
(5.87985e-15 -3.35986e-15 0)
(2.68784e-15 1.68002e-15 0)
(-1.00787e-15 5.03985e-15 0)
(-3.19198e-15 3.02387e-15 0)
(6.94303e-20 2.01597e-15 0)
(1.17592e-15 3.35994e-15 0)
(-5.03986e-15 8.06375e-15 0)
(3.52798e-15 6.71996e-16 0)
(-1.17595e-15 -2.68791e-15 0)
(7.55981e-15 -5.37584e-15 0)
(1.84818e-15 2.68791e-15 0)
(3.86393e-15 4.03179e-15 0)
(6.72012e-16 -1.34392e-15 0)
(-3.35907e-16 4.36779e-15 0)
(1.36075e-14 1.00813e-15 0)
(-5.54364e-15 2.01587e-15 0)
(5.54378e-15 -7.72767e-15 0)
(-4.36792e-15 6.04775e-15 0)
(-2.35183e-15 -2.35196e-15 0)
(3.35975e-16 -6.71948e-16 0)
(6.71925e-16 4.70378e-15 0)
(-7.22386e-15 -1.27678e-14 0)
(-1.51206e-15 1.00786e-15 0)
(-2.01601e-15 1.34391e-15 0)
(-4.53591e-15 -2.35199e-15 0)
(-8.40065e-16 5.71177e-15 0)
(-2.85591e-15 3.35936e-16 0)
(-3.19194e-15 -2.35202e-15 0)
(-6.71976e-16 -2.35201e-15 0)
(-3.19187e-15 3.35995e-16 0)
(3.69594e-15 2.35179e-15 0)
(-4.87178e-15 3.35955e-16 0)
(5.71175e-15 -3.35979e-16 0)
(2.51991e-15 -3.35986e-16 0)
(1.00801e-15 -3.69579e-15 0)
(-1.67996e-15 1.34391e-15 0)
(-2.18395e-15 3.36016e-16 0)
(3.86381e-15 2.01601e-15 0)
(-1.34383e-15 4.03184e-15 0)
(3.36112e-16 -3.35982e-16 0)
(1.37756e-14 -3.35997e-15 0)
(1.68001e-15 -6.71973e-15 0)
(2.35197e-15 2.01589e-15 0)
(-5.03909e-16 -3.35984e-15 0)
(-1.51184e-15 4.70372e-15 0)
(5.37585e-15 4.03201e-15 0)
(-3.52785e-15 8.39966e-15 0)
(8.40014e-16 -2.68785e-15 0)
(9.74364e-15 1.00804e-15 0)
(6.72021e-16 3.35894e-16 0)
(-1.00794e-15 -1.00792e-15 0)
(1.67978e-15 6.71976e-16 0)
(8.40136e-16 -4.70392e-15 0)
(-1.68002e-15 1.00784e-15 0)
(-1.00811e-15 -6.71981e-15 0)
(-9.4077e-15 1.00792e-15 0)
(2.68779e-15 -2.01588e-15 0)
(4.36802e-15 -5.37594e-15 0)
(-8.40016e-16 -3.69598e-15 0)
(5.87981e-15 1.00795e-15 0)
(1.00799e-15 -2.35191e-15 0)
(-4.3679e-15 -1.34392e-15 0)
(2.51999e-15 3.69584e-15 0)
(-6.04786e-15 -7.05574e-15 0)
(6.71956e-16 1.00796e-14 0)
(3.69588e-15 -3.35926e-16 0)
(-3.19187e-15 -3.69583e-15 0)
(5.04127e-16 2.68792e-15 0)
(3.19178e-15 1.67999e-15 0)
(4.03185e-15 -1.67995e-15 0)
(6.88807e-15 -3.67087e-20 0)
(-1.00793e-15 -3.36024e-16 0)
(-3.86378e-15 -6.04785e-15 0)
(1.17596e-14 1.00795e-15 0)
(-3.69576e-15 -1.00795e-14 0)
(9.07158e-15 7.72772e-15 0)
(-5.03974e-15 -5.37578e-15 0)
(5.87979e-15 -7.31797e-20 0)
(-7.22365e-15 -4.032e-15 0)
(4.36777e-15 -4.36783e-15 0)
(-6.72006e-16 -2.35217e-15 0)
(-6.88776e-15 2.01588e-15 0)
(8.39889e-16 -9.40786e-15 0)
(-1.68001e-15 -1.3439e-15 0)
(-5.37574e-15 3.69583e-15 0)
(5.87969e-15 -6.71883e-16 0)
(-7.55976e-15 1.00791e-15 0)
(6.04778e-15 1.67992e-15 0)
(-4.87181e-15 -2.68785e-15 0)
(3.02395e-15 -3.69588e-15 0)
(1.67978e-16 3.36018e-16 0)
(1.008e-15 -1.68006e-15 0)
(-1.34396e-15 -6.38375e-15 0)
(2.0159e-15 6.04764e-15 0)
(-1.00793e-15 -1.00796e-14 0)
(-3.3599e-15 -3.36016e-16 0)
(1.67979e-15 -1.68005e-15 0)
(7.89584e-15 -3.36035e-16 0)
(-7.22371e-15 2.01592e-15 0)
(3.36067e-16 1.34384e-15 0)
(5.03984e-15 -6.71984e-15 0)
(1.51206e-15 6.04767e-15 0)
(9.74364e-15 -7.7278e-15 0)
(-1.00776e-15 4.36779e-15 0)
(5.87979e-15 9.74362e-15 0)
(-5.71161e-15 -3.35951e-16 0)
(5.37571e-15 -6.71872e-16 0)
(-3.02386e-15 -2.35192e-15 0)
(2.01599e-15 -2.77311e-20 0)
(-4.03182e-15 -2.01599e-15 0)
(1.67988e-15 -4.70369e-15 0)
(-5.03993e-15 -4.03188e-15 0)
(-4.87186e-15 -4.03185e-15 0)
(1.17588e-15 2.01587e-15 0)
(-3.52796e-15 -2.68796e-15 0)
(1.51192e-15 -3.36057e-16 0)
(-8.73588e-15 -1.00796e-15 0)
(-5.03933e-16 -4.36784e-15 0)
(1.10877e-14 3.02372e-15 0)
(-7.89579e-15 4.03187e-15 0)
(6.04788e-15 6.71868e-16 0)
(1.00798e-15 -2.68792e-15 0)
(9.26596e-21 -4.03195e-15 0)
(1.84798e-15 -1.10876e-14 0)
(2.85595e-15 3.36001e-15 0)
(-9.40789e-15 6.71888e-16 0)
(-4.19972e-15 -4.368e-15 0)
(3.35979e-15 -4.36783e-15 0)
(2.18396e-15 -3.02385e-15 0)
(4.70387e-15 -2.016e-15 0)
(8.4013e-16 -5.37597e-15 0)
(1.84783e-15 -7.05577e-15 0)
(-7.22367e-15 6.71902e-16 0)
(8.23173e-15 -6.38386e-15 0)
(-1.67828e-16 -2.01595e-15 0)
(4.1998e-15 1.00811e-15 0)
(3.86406e-15 4.03165e-15 0)
(-2.18388e-15 3.35927e-16 0)
(1.56235e-14 -3.35981e-15 0)
(2.01596e-15 -7.05581e-15 0)
(1.00796e-15 1.00779e-15 0)
(-2.52002e-15 1.00796e-14 0)
(-1.34396e-15 -6.71897e-16 0)
(-4.87188e-15 -1.67998e-15 0)
(1.84798e-15 -5.37583e-15 0)
(-6.72077e-16 3.36035e-16 0)
(-1.02477e-14 3.02382e-15 0)
(-3.36049e-16 -4.368e-15 0)
(1.67996e-15 -4.03184e-15 0)
(-5.03929e-16 -1.17597e-14 0)
(4.19993e-15 -6.71986e-15 0)
(-1.67993e-15 6.71886e-16 0)
(-1.00803e-15 -1.34401e-15 0)
(-8.39983e-15 1.00796e-14 0)
(1.17597e-14 7.0556e-15 0)
(-7.72774e-15 -8.39972e-15 0)
(1.12556e-14 -4.70396e-15 0)
(-4.70369e-15 -2.01608e-15 0)
(-2.18387e-15 -1.34403e-15 0)
(6.88774e-15 -2.01599e-15 0)
(5.71187e-15 -6.04777e-15 0)
(-1.14236e-14 -3.69601e-15 0)
(4.53585e-15 -4.70406e-15 0)
(1.6801e-15 -1.54555e-14 0)
(6.21572e-15 1.00779e-15 0)
(-8.39853e-16 1.0079e-15 0)
(6.55185e-15 -8.06366e-15 0)
(-1.84796e-15 -4.03192e-15 0)
(-4.03168e-15 5.37568e-15 0)
(-3.06651e-20 7.05581e-15 0)
(1.8479e-15 -5.7118e-15 0)
(-9.57567e-15 -6.71971e-15 0)
(1.10877e-14 3.02366e-15 0)
(-2.51988e-15 -4.03183e-15 0)
(4.70384e-15 -3.36003e-15 0)
(-3.36101e-16 -1.41767e-19 0)
(-5.71192e-15 -1.34393e-15 0)
(-3.5279e-15 -6.38391e-15 0)
(1.17593e-15 1.00787e-15 0)
(-3.36008e-16 -3.36348e-16 0)
(7.55982e-15 -1.00792e-15 0)
(-1.34392e-15 -5.37596e-15 0)
(-6.71938e-16 -3.36107e-16 0)
(-5.37585e-15 -2.55355e-14 0)
(-4.53591e-15 -1.10876e-14 0)
(3.8638e-15 2.01578e-15 0)
(-4.36769e-15 -8.73568e-15 0)
(6.04761e-15 -3.69602e-15 0)
(-6.71901e-16 -5.37595e-15 0)
(-3.19173e-15 -5.0399e-15 0)
(8.23169e-15 6.71967e-15 0)
(-6.71997e-16 -5.03992e-15 0)
(-1.51185e-15 2.35202e-15 0)
(6.7198e-15 4.03156e-15 0)
(1.6818e-16 -1.14236e-14 0)
(7.05584e-15 -1.00384e-19 0)
(3.02402e-15 -1.34405e-15 0)
(-6.7198e-16 -2.35192e-15 0)
(1.17587e-15 -3.35954e-16 0)
(-1.17593e-15 -6.71887e-16 0)
(3.35986e-15 -3.36001e-15 0)
(-4.70388e-15 -2.01602e-15 0)
(1.67958e-16 -5.37565e-15 0)
(1.00788e-15 7.3916e-15 0)
(-7.55992e-15 -3.02393e-15 0)
(-8.06361e-15 -5.03988e-15 0)
(-1.68143e-16 -6.04801e-15 0)
(6.71929e-16 -9.40769e-15 0)
(-5.87985e-15 -1.68011e-15 0)
(1.848e-15 -1.14235e-14 0)
(-1.51193e-15 -2.35222e-15 0)
(2.85584e-15 -8.06371e-15 0)
(3.02398e-15 -3.3612e-16 0)
(5.20773e-15 4.70402e-15 0)
(-6.2157e-15 5.37561e-15 0)
(-2.18396e-15 -4.03189e-15 0)
(3.5278e-15 2.01577e-15 0)
(-3.35739e-16 -4.36788e-15 0)
(5.71177e-15 -3.35999e-15 0)
(1.84786e-15 -5.71177e-15 0)
(-1.67792e-16 -1.34396e-15 0)
(6.7198e-16 -9.40773e-15 0)
(3.36019e-16 -7.05587e-15 0)
(1.02478e-14 -9.40767e-15 0)
(2.01594e-15 -8.06393e-15 0)
(4.53592e-15 -4.03192e-15 0)
(1.84802e-15 6.71882e-16 0)
(2.85597e-15 -7.36517e-20 0)
(1.68099e-16 -3.02382e-15 0)
(-6.71979e-16 1.6799e-15 0)
(2.01599e-15 -3.35996e-15 0)
(4.19975e-15 -4.03192e-15 0)
(-1.47836e-14 1.67974e-15 0)
(1.0079e-15 -9.7436e-15 0)
(-2.51994e-15 -2.01605e-15 0)
(1.0078e-15 -1.10878e-14 0)
(-2.35201e-15 -1.00798e-14 0)
(-2.51988e-15 -1.34424e-15 0)
(-4.70398e-15 -7.72786e-15 0)
(2.016e-15 -5.04009e-15 0)
(-1.51199e-15 -7.05575e-15 0)
(1.68008e-15 -4.36797e-15 0)
(8.39874e-16 -6.38383e-15 0)
(-3.69573e-15 -3.36013e-15 0)
(9.7436e-15 -1.31035e-14 0)
(-9.07169e-15 -3.36002e-15 0)
(6.71949e-16 -2.35194e-15 0)
(5.71171e-15 -2.01604e-15 0)
(5.04249e-16 -1.00798e-15 0)
(-1.00795e-15 3.02371e-15 0)
(8.39983e-15 1.00798e-15 0)
(1.67995e-15 2.01586e-15 0)
(4.36794e-15 7.05568e-15 0)
(-6.71846e-16 5.03975e-15 0)
(3.3605e-16 -3.02391e-15 0)
(-1.51189e-15 -2.35194e-15 0)
(8.06388e-15 -6.0478e-15 0)
(-3.36008e-16 -4.36782e-15 0)
(5.87981e-15 8.06377e-15 0)
(3.36002e-16 -3.36004e-16 0)
(1.51196e-15 -3.35993e-15 0)
(-5.37597e-15 2.01587e-15 0)
(-6.55186e-15 -6.71908e-16 0)
(5.03814e-16 -3.36066e-16 0)
(-8.56771e-15 1.00785e-15 0)
(1.84787e-15 -1.34409e-15 0)
(-7.39183e-15 -2.352e-15 0)
(2.35188e-15 -3.35996e-15 0)
(-3.0239e-15 -8.73577e-15 0)
(1.008e-15 -3.35993e-15 0)
(-2.016e-15 -1.34405e-15 0)
(3.02388e-15 2.68785e-15 0)
(-1.84782e-15 3.35977e-15 0)
(1.09196e-14 6.72109e-16 0)
(-6.21578e-15 2.35186e-15 0)
(3.19185e-15 -1.3439e-15 0)
(-6.71979e-15 3.36049e-16 0)
(6.72174e-16 -1.3439e-15 0)
(8.90365e-15 1.34399e-15 0)
(3.35988e-15 5.43365e-20 0)
(3.02406e-15 3.35993e-16 0)
(-3.35962e-16 -6.71889e-16 0)
(1.84802e-15 -6.71923e-16 0)
(5.54387e-15 9.9223e-20 0)
(1.67996e-15 4.36778e-15 0)
(5.87999e-15 1.3439e-15 0)
(1.27676e-14 1.00791e-15 0)
(-1.10875e-14 2.68784e-15 0)
(5.2078e-15 4.70376e-15 0)
(-5.03956e-16 1.00793e-15 0)
(5.0396e-16 -2.01597e-15 0)
(-8.73586e-15 3.36079e-16 0)
(-2.35208e-15 1.67987e-15 0)
(-3.69592e-15 6.71948e-16 0)
(-1.34406e-15 -9.40762e-15 0)
(-5.54388e-15 -4.36783e-15 0)
(-5.20788e-15 5.71178e-15 0)
(3.69589e-15 -1.00796e-15 0)
(6.38392e-15 4.70387e-15 0)
(-3.36073e-16 4.03183e-15 0)
(-4.36785e-15 -3.35899e-16 0)
(3.86399e-15 5.37594e-15 0)
(-1.68089e-16 -9.07158e-15 0)
(-7.89578e-15 6.71959e-15 0)
(4.70382e-15 8.39978e-15 0)
(2.68802e-15 3.02395e-15 0)
(6.71909e-16 4.36776e-15 0)
(2.68798e-15 4.03199e-15 0)
(3.024e-15 4.03185e-15 0)
(-2.35187e-15 -1.00792e-15 0)
(3.3599e-15 -6.71921e-16 0)
(-1.0079e-15 3.35973e-15 0)
(5.03986e-15 -7.3918e-15 0)
(1.84798e-15 2.6878e-15 0)
(-3.35858e-16 -6.71974e-15 0)
(8.39967e-15 -4.70394e-15 0)
(-4.19962e-15 -1.00797e-15 0)
(3.35877e-16 -2.01594e-15 0)
(1.84794e-15 -8.73562e-15 0)
(-1.67986e-15 -7.72782e-15 0)
(-3.02391e-15 2.35194e-15 0)
(-5.71199e-15 3.69576e-15 0)
(-3.1919e-15 -5.71177e-15 0)
(-5.20792e-15 3.3598e-16 0)
(1.68013e-16 6.38366e-15 0)
(-2.68807e-15 4.36785e-15 0)
(-4.03199e-15 -3.35982e-15 0)
(-8.3996e-16 -1.34391e-15 0)
(2.18393e-15 -2.68797e-15 0)
(3.86401e-15 5.37612e-15 0)
(5.03983e-15 5.37579e-15 0)
(2.8559e-15 -2.68786e-15 0)
(-2.51988e-15 9.0717e-15 0)
(-7.39186e-15 -3.69567e-15 0)
(-4.53588e-15 -5.37588e-15 0)
(3.02403e-15 2.35201e-15 0)
(2.01584e-15 6.72008e-15 0)
(3.35994e-15 7.05577e-15 0)
(1.00808e-15 1.68006e-15 0)
(-6.71982e-16 -6.71884e-16 0)
(2.18392e-15 3.35988e-15 0)
(1.51191e-15 -4.03177e-15 0)
(-8.39883e-16 6.71866e-16 0)
(3.52796e-15 -3.35989e-15 0)
(-1.0079e-15 4.36771e-15 0)
(2.18404e-15 -8.7357e-15 0)
(9.57569e-15 4.0318e-15 0)
(-3.35988e-16 -6.04781e-15 0)
(-1.84787e-15 3.35961e-15 0)
(6.71976e-15 -1.00795e-14 0)
(1.67944e-16 -1.00801e-15 0)
(-1.84788e-15 -5.37586e-15 0)
(-1.51209e-15 3.36028e-16 0)
(-2.01603e-15 1.00792e-15 0)
(-6.72029e-16 -7.39166e-15 0)
(-7.22381e-15 9.07183e-15 0)
(-1.84801e-15 1.17596e-14 0)
(5.03985e-16 -2.01591e-15 0)
(3.35975e-16 9.07181e-15 0)
(1.68013e-15 3.3598e-15 0)
(-1.68045e-16 1.14159e-20 0)
(-1.17599e-15 2.35186e-15 0)
(-5.0396e-16 -5.37588e-15 0)
(2.18386e-15 2.35176e-15 0)
(-2.85597e-15 -3.02382e-15 0)
(5.2079e-15 1.00792e-15 0)
(-1.67925e-16 -1.67996e-15 0)
(3.19198e-15 3.02403e-15 0)
(2.01595e-15 1.00801e-15 0)
(-5.04034e-16 6.38374e-15 0)
(-1.51189e-15 3.02397e-15 0)
(-1.00798e-15 2.01591e-15 0)
(3.35959e-16 -1.10877e-14 0)
(4.36795e-15 -4.70394e-15 0)
(3.19192e-15 -9.07165e-15 0)
(6.71991e-15 -1.83105e-19 0)
(-1.67983e-15 -1.00797e-15 0)
(-2.01594e-15 -1.2243e-19 0)
(-5.04082e-16 -1.44475e-14 0)
(-3.35986e-15 2.68774e-15 0)
(1.34393e-15 1.67999e-15 0)
(-3.02385e-15 -9.74369e-15 0)
(-2.18403e-15 -4.34879e-20 0)
(-6.38369e-15 2.68794e-15 0)
(-1.68068e-16 -1.00804e-15 0)
(-3.8639e-15 -1.67996e-15 0)
(-2.51986e-15 -8.39957e-15 0)
(-1.0079e-15 1.00788e-15 0)
(-8.39945e-16 -8.06373e-15 0)
(6.04777e-15 -6.71945e-16 0)
(6.72046e-16 -3.69573e-15 0)
(2.01593e-15 4.03193e-15 0)
(-4.36798e-15 -1.34381e-15 0)
(-3.69592e-15 -1.00784e-15 0)
(6.88767e-15 1.34386e-15 0)
(-1.68007e-15 1.00802e-15 0)
(-1.00804e-15 1.57916e-14 0)
(7.05575e-15 2.35191e-15 0)
(-2.01602e-15 -6.71978e-16 0)
(-1.8479e-15 -3.35914e-16 0)
(1.51195e-15 1.67993e-15 0)
(-1.67998e-15 1.34392e-15 0)
(3.36229e-16 2.01597e-15 0)
(6.71933e-16 3.69595e-15 0)
(-1.67902e-16 3.02374e-15 0)
(9.07154e-15 -3.35978e-15 0)
(1.84796e-15 -2.68789e-15 0)
(-1.67996e-15 -3.35972e-16 0)
(-5.5437e-15 7.7277e-15 0)
(-1.00799e-15 -2.68784e-15 0)
)
;

boundaryField
{
    outerWall
    {
        type            noSlip;
    }
    axis
    {
        type            symmetryPlane;
    }
    nozzle
    {
        type            zeroGradient;
    }
    back
    {
        type            empty;
    }
    front
    {
        type            empty;
    }
}


// ************************************************************************* //
