/*--------------------------------*- C++ -*----------------------------------*\
| =========                 |                                                 |
| \\      /  F ield         | OpenFOAM: The Open Source CFD Toolbox           |
|  \\    /   O peration     | Version:  2412                                  |
|   \\  /    A nd           | Website:  www.openfoam.com                      |
|    \\/     M anipulation  |                                                 |
\*---------------------------------------------------------------------------*/
FoamFile
{
    version     2.0;
    format      ascii;
    arch        "LSB;label=32;scalar=64";
    class       surfaceScalarField;
    location    "4.5e-05";
    object      phi;
}
// * * * * * * * * * * * * * * * * * * * * * * * * * * * * * * * * * * * * * //

dimensions      [1 0 -1 0 0 0 0];

oriented        oriented;

internalField   nonuniform List<scalar> 
7275
(
-1.41775e-16
5.78087e-17
-1.18559e-16
1.44795e-16
3.69273e-16
2.48243e-16
2.0137e-15
1.1462e-15
7.93721e-15
3.77582e-15
2.92318e-14
1.46396e-14
1.02209e-13
5.27978e-14
3.47705e-13
1.87651e-13
1.15105e-12
6.49891e-13
3.70449e-12
2.19553e-12
1.15806e-11
7.22308e-12
3.51086e-11
2.31133e-11
1.03034e-10
7.1831e-11
2.9211e-10
2.16457e-10
7.9819e-10
6.31333e-10
2.09658e-09
1.7787e-09
5.27766e-09
4.82982e-09
1.26871e-08
1.26077e-08
2.90045e-08
3.15478e-08
6.27487e-08
7.5421e-08
1.27695e-07
1.71614e-07
2.42647e-07
3.70028e-07
4.26557e-07
7.52137e-07
6.85514e-07
1.43258e-06
9.91521e-07
2.53895e-06
1.2645e-06
4.1539e-06
1.38175e-06
6.23216e-06
1.21844e-06
8.52823e-06
7.25659e-07
1.05768e-05
1.18107e-05
3.63871e-16
-1.36025e-16
4.48006e-17
6.04293e-16
8.67113e-16
6.41802e-16
3.86557e-15
2.68966e-15
1.44496e-14
1.03221e-14
5.28569e-14
3.89952e-14
1.85172e-13
1.41341e-13
6.30302e-13
5.01896e-13
2.08864e-12
1.74023e-12
6.732e-12
5.88474e-12
2.10771e-11
1.93806e-11
6.39957e-11
6.20787e-11
1.88098e-10
1.93121e-10
5.34106e-10
5.8254e-10
1.46175e-09
1.7008e-09
3.84576e-09
4.79675e-09
9.69693e-09
1.30385e-08
2.33508e-08
3.40723e-08
5.34798e-08
8.53519e-08
1.15919e-07
2.04284e-07
2.36378e-07
4.65392e-07
4.50145e-07
1.00474e-06
7.93187e-07
2.04503e-06
1.27794e-06
3.90074e-06
1.85325e-06
6.92372e-06
2.36942e-06
1.13449e-05
2.59537e-06
1.7045e-05
2.29383e-06
2.33546e-05
1.36884e-06
2.89955e-05
3.24002e-05
-3.62786e-17
-1.17907e-16
3.15423e-16
5.78168e-16
2.09772e-15
1.55953e-15
8.66888e-15
6.03977e-15
3.2456e-14
2.33457e-14
1.16562e-13
8.79596e-14
4.07757e-13
3.19658e-13
1.38971e-12
1.13655e-12
4.61231e-12
3.94667e-12
1.48893e-11
1.33632e-11
4.6689e-11
4.40665e-11
1.41984e-10
1.41334e-10
4.17991e-10
4.40253e-10
1.1888e-09
1.32975e-09
3.25886e-09
3.88752e-09
8.58809e-09
1.09786e-08
2.16916e-08
2.98825e-08
5.23272e-08
7.81974e-08
1.20065e-07
1.96167e-07
2.60751e-07
4.70209e-07
5.32817e-07
1.07287e-06
1.01693e-06
2.32002e-06
1.79623e-06
4.73039e-06
2.90149e-06
9.03963e-06
4.21915e-06
1.60766e-05
5.40842e-06
2.63949e-05
5.93916e-06
3.97298e-05
5.26181e-06
5.45281e-05
3.14678e-06
6.77939e-05
7.58249e-05
4.94878e-17
1.30951e-16
1.17695e-15
7.21664e-16
5.01355e-15
3.33523e-15
1.96609e-14
1.3261e-14
7.27663e-14
5.04673e-14
2.6132e-13
1.88235e-13
9.1482e-13
6.8582e-13
3.1215e-12
2.44318e-12
1.03735e-11
8.49622e-12
3.35356e-11
2.88084e-11
1.05313e-10
9.51327e-11
3.20734e-10
3.05556e-10
9.45615e-10
9.53156e-10
2.69342e-09
2.88305e-09
7.39463e-09
8.44073e-09
1.95171e-08
2.38718e-08
4.93735e-08
6.50724e-08
1.19299e-07
1.7054e-07
2.74197e-07
4.28479e-07
5.96553e-07
1.0287e-06
1.22131e-06
2.35112e-06
2.33577e-06
5.09314e-06
4.13492e-06
1.04042e-05
6.69538e-06
1.9922e-05
9.76086e-06
3.55064e-05
1.25434e-05
5.84223e-05
1.38076e-05
8.81168e-05
1.22618e-05
0.000121164
7.34927e-06
0.000150881
0.000168937
4.04008e-16
5.63947e-16
2.71288e-15
1.11737e-15
1.12888e-14
6.96337e-15
4.33818e-14
2.7379e-14
1.5981e-13
1.04129e-13
5.73857e-13
3.88976e-13
2.01076e-12
1.42054e-12
6.87025e-12
5.06826e-12
2.28642e-11
1.76504e-11
7.40218e-11
5.99369e-11
2.32787e-10
1.98222e-10
7.09988e-10
6.37608e-10
2.09628e-09
1.99191e-09
5.97962e-09
6.03393e-09
1.6441e-08
1.76919e-08
4.34589e-08
5.01109e-08
1.1011e-07
1.36806e-07
2.66475e-07
3.59093e-07
6.13475e-07
9.03651e-07
1.33702e-06
2.17308e-06
2.74232e-06
4.97514e-06
5.25519e-06
1.0797e-05
9.32327e-06
2.20984e-05
1.51323e-05
4.24021e-05
2.21167e-05
7.57393e-05
2.84926e-05
0.000124907
3.14416e-05
0.0001888
2.79899e-05
0.000260126
1.68163e-05
0.000324484
0.000363756
1.39684e-15
8.20775e-16
6.15302e-15
3.28633e-15
2.44257e-14
1.37464e-14
9.25753e-14
5.4242e-14
3.40771e-13
2.07707e-13
1.22479e-12
7.77328e-13
4.29738e-12
2.84335e-12
1.47035e-11
1.01597e-11
4.90033e-11
3.54357e-11
1.58876e-10
1.20515e-10
5.00366e-10
3.99169e-10
1.52831e-09
1.28593e-09
4.519e-09
4.02336e-09
1.29093e-08
1.22062e-08
3.55468e-08
3.58439e-08
9.41033e-08
1.01681e-07
2.38791e-07
2.78026e-07
5.78809e-07
7.30924e-07
1.33472e-06
1.84233e-06
2.91394e-06
4.4378e-06
5.98771e-06
1.01778e-05
1.14972e-05
2.21283e-05
2.04417e-05
4.53793e-05
3.32575e-05
8.72569e-05
4.87331e-05
0.000156214
6.29442e-05
0.000258236
6.96369e-05
0.000391213
6.21534e-05
0.000540153
3.74413e-05
0.000675049
0.000757789
3.01804e-15
1.79835e-15
1.29668e-14
6.54742e-15
5.06566e-14
2.66812e-14
1.91228e-13
1.0422e-13
7.04489e-13
4.00272e-13
2.53526e-12
1.4992e-12
8.90731e-12
5.49157e-12
3.05205e-11
1.9653e-11
1.01868e-10
6.86539e-11
3.30758e-10
2.33851e-10
1.04323e-09
7.75763e-10
3.19112e-09
2.503e-09
9.44967e-09
7.84344e-09
2.70348e-08
2.38325e-08
7.45541e-08
7.00941e-08
1.97667e-07
1.99152e-07
5.02367e-07
5.45406e-07
1.21963e-06
1.43617e-06
2.8171e-06
3.62589e-06
6.1609e-06
8.74885e-06
1.26831e-05
2.01003e-05
2.4402e-05
4.37831e-05
4.3481e-05
8.99665e-05
7.09125e-05
0.000173363
0.000104185
0.000311094
0.000134928
0.000515542
0.000149678
0.000782882
0.000133967
0.00108339
8.09467e-05
0.00135671
0.00152541
6.14191e-15
3.51445e-15
2.6018e-14
1.2359e-14
1.01265e-13
4.94939e-14
3.82194e-13
1.93659e-13
1.40961e-12
7.4226e-13
5.08035e-12
2.78417e-12
1.78756e-11
1.02135e-11
6.1341e-11
3.6609e-11
2.05044e-10
1.2809e-10
6.66761e-10
4.36997e-10
2.10616e-09
1.45197e-09
6.45216e-09
4.69222e-09
1.91351e-08
1.47269e-08
5.48269e-08
4.48193e-08
1.51427e-07
1.32029e-07
4.02102e-07
3.75724e-07
1.02354e-06
1.03064e-06
2.48892e-06
2.71836e-06
5.75849e-06
6.87457e-06
1.26157e-05
1.66162e-05
2.60197e-05
3.82443e-05
5.01621e-05
8.34631e-05
8.95801e-05
0.00017185
0.000146455
0.000331883
0.000215761
0.00059699
0.000280216
0.000991902
0.000311737
0.00151011
0.000279869
0.00209491
0.000169696
0.00262934
0.00296178
1.21678e-14
6.35815e-15
5.03279e-14
2.21886e-14
1.95192e-13
8.78812e-14
7.37987e-13
3.44333e-13
2.72601e-12
1.322e-12
9.83964e-12
4.96612e-12
3.46744e-11
1.82466e-11
1.19169e-10
6.55092e-11
3.98951e-10
2.2958e-10
1.29929e-09
7.84518e-10
4.11046e-09
2.61088e-09
1.26115e-08
8.45108e-09
3.74593e-08
2.65676e-08
1.07495e-07
8.09865e-08
2.97353e-07
2.38961e-07
7.90836e-07
6.81148e-07
2.01626e-06
1.87155e-06
4.91095e-06
4.94463e-06
1.13814e-05
1.25263e-05
2.49787e-05
3.03304e-05
5.16156e-05
6.99382e-05
9.97108e-05
0.000152928
0.000178466
0.000315537
0.000292513
0.000610764
0.000432158
0.00110141
0.000562936
0.00183506
0.00062819
0.00280149
0.000565876
0.00389697
0.000344527
0.00490361
0.00553604
2.23093e-14
1.10763e-14
9.3518e-14
3.78848e-14
3.63352e-13
1.49414e-13
1.37512e-12
5.86526e-13
5.08652e-12
2.25522e-12
1.83877e-11
8.48542e-12
6.48975e-11
3.12283e-11
2.23386e-10
1.12301e-10
7.4901e-10
3.94215e-10
2.44314e-09
1.34934e-09
7.74117e-09
4.49806e-09
2.37881e-08
1.45839e-08
7.07668e-08
4.59235e-08
2.03395e-07
1.40224e-07
5.63522e-07
4.14444e-07
1.50114e-06
1.18336e-06
3.83344e-06
3.25702e-06
9.35259e-06
8.62001e-06
2.17127e-05
2.18759e-05
4.77388e-05
5.30663e-05
9.88364e-05
0.000122598
0.00019133
0.000268616
0.000343242
0.000555438
0.000564055
0.00107768
0.000835807
0.00194857
0.00109223
0.0032562
0.00122295
0.00498634
0.00110582
0.00695756
0.000676599
0.00878077
0.0099413
4.00064e-14
1.81826e-14
1.67792e-13
6.15979e-14
6.51221e-13
2.42736e-13
2.46711e-12
9.54368e-13
9.13997e-12
3.67399e-12
3.30921e-11
1.38467e-11
1.16979e-10
5.10436e-11
4.03288e-10
1.83865e-10
1.35435e-09
6.46511e-10
4.4246e-09
2.21664e-09
1.40416e-08
7.40169e-09
4.32174e-08
2.40389e-08
1.28771e-07
7.58257e-08
3.70703e-07
2.31925e-07
1.02872e-06
6.8666e-07
2.74485e-06
1.96404e-06
7.0212e-06
5.41528e-06
1.71592e-05
1.43579e-05
3.99068e-05
3.65047e-05
8.79042e-05
8.8721e-05
0.000182353
0.000205378
0.000353762
0.000450937
0.000636157
0.000934561
0.00104826
0.00181783
0.00155818
0.00329624
0.00204336
0.00552631
0.00229654
0.00849223
0.00208573
0.0118923
0.00128394
0.0150623
0.0171162
6.87769e-14
2.81299e-14
2.88432e-13
9.48392e-14
1.12148e-12
3.75214e-13
4.25451e-12
1.47704e-12
1.57858e-11
5.69634e-12
5.72429e-11
2.15049e-11
2.02668e-10
7.94066e-11
6.99809e-10
2.8651e-10
2.35386e-09
1.00914e-09
7.70221e-09
3.4658e-09
2.44823e-08
1.15926e-08
7.54728e-08
3.77146e-08
2.25244e-07
1.19169e-07
6.49485e-07
3.65136e-07
1.80533e-06
1.08297e-06
4.8251e-06
3.10316e-06
1.23635e-05
8.57173e-06
3.02684e-05
2.27691e-05
7.05229e-05
5.80012e-05
0.000155641
0.000141247
0.00032353
0.000327651
0.000629047
0.000721008
0.00113403
0.00149791
0.00187404
0.00292154
0.00279515
0.00531417
0.00367989
0.00894249
0.00415385
0.0137986
0.00379234
0.0194087
0.00235257
0.0246929
0.0282024
1.1338e-13
4.11227e-14
4.75656e-13
1.38498e-13
1.85222e-12
5.49854e-13
7.0376e-12
2.16782e-12
2.61521e-11
8.37341e-12
9.49805e-11
3.16633e-11
3.36802e-10
1.17108e-10
1.1648e-09
4.23243e-10
3.92408e-09
1.49322e-09
1.28606e-08
5.13702e-09
4.09445e-08
1.72119e-08
1.26426e-07
5.60928e-08
3.77927e-07
1.7755e-07
1.09155e-06
5.44979e-07
3.03921e-06
1.61929e-06
8.13678e-06
4.64844e-06
2.08857e-05
1.28643e-05
5.12251e-05
3.42374e-05
0.000119576
8.73894e-05
0.000264424
0.000213258
0.000550833
0.000495791
0.00107352
0.00109361
0.00194048
0.00227799
0.00321677
0.00445635
0.00481594
0.00813464
0.00636907
0.013748
0.00722701
0.0213218
0.00664119
0.0301613
0.00416158
0.0386014
0.0444089
1.78712e-13
5.67473e-14
7.51271e-13
1.91316e-13
2.92882e-12
7.60715e-13
1.11441e-11
3.00291e-12
4.14743e-11
1.16171e-11
1.50856e-10
4.39975e-11
5.35756e-10
1.62986e-10
1.85571e-09
5.90001e-10
6.26142e-09
2.08495e-09
2.05533e-08
7.18456e-09
6.55396e-08
2.41127e-08
2.02695e-07
7.8716e-08
6.06912e-07
2.49591e-07
1.75583e-06
7.6746e-07
4.89708e-06
2.28447e-06
1.31336e-05
6.57012e-06
3.37721e-05
1.82172e-05
8.29852e-05
4.85801e-05
0.000194093
0.000124256
0.000430101
0.00030389
0.000897988
0.000708161
0.0017545
0.00156609
0.00318061
0.00327167
0.00529087
0.00642201
0.00795536
0.0117713
0.0105782
0.0199988
0.012082
0.0312199
0.0111972
0.0445036
0.00711226
0.0574313
0.066796
2.69348e-13
7.37562e-14
1.13341e-12
2.47722e-13
4.42469e-12
9.88171e-13
1.68598e-11
3.9051e-12
6.28355e-11
1.51299e-11
2.28886e-10
5.73869e-11
8.14065e-10
2.12907e-10
2.82388e-09
7.71891e-10
9.54248e-09
2.73195e-09
3.13712e-08
9.42896e-09
1.0019e-07
3.16963e-08
3.10349e-07
1.03643e-07
9.30745e-07
3.29182e-07
2.69713e-06
1.01394e-06
7.53513e-06
3.02353e-06
2.02439e-05
8.71167e-06
5.21503e-05
2.42015e-05
0.000128388
6.46682e-05
0.000300892
0.000165758
0.000668218
0.00040632
0.0013985
0.000949233
0.00273988
0.00210513
0.00498294
0.00441215
0.00832193
0.00869483
0.0125769
0.0160169
0.0168371
0.0273925
0.0193977
0.04314
0.0181874
0.0621693
0.0117721
0.0812132
0.0960852
3.87011e-13
8.90769e-14
1.63084e-12
3.00042e-13
6.37513e-12
1.19698e-12
2.43236e-11
4.73645e-12
9.07734e-11
1.83753e-11
3.31099e-10
6.97921e-11
1.17921e-09
2.59289e-10
4.09622e-09
9.41371e-10
1.38615e-08
3.33657e-09
4.56359e-08
1.15326e-08
1.45962e-07
3.8826e-08
4.5281e-07
1.27151e-07
1.36008e-06
4.04486e-07
3.94754e-06
1.24793e-06
1.10466e-05
3.72757e-06
2.97288e-05
1.07592e-05
7.67222e-05
2.99455e-05
0.000189243
8.01753e-05
0.000444427
0.000205946
0.00098922
0.000506016
0.00207562
0.00118526
0.00407865
0.00263661
0.00744476
0.00554642
0.0124914
0.0109808
0.0189969
0.0203525
0.0256559
0.0351075
0.02991
0.0559702
0.028511
0.0819677
0.0189475
0.109112
0.132719
5.30002e-13
9.92445e-14
2.23505e-12
3.35766e-13
8.74672e-12
1.34047e-12
3.34115e-11
5.31001e-12
1.24839e-10
2.0625e-11
4.55911e-10
7.84313e-11
1.62575e-09
2.91748e-10
5.65449e-09
1.06056e-09
1.91594e-08
3.76392e-09
6.31609e-08
1.3027e-08
2.02286e-07
4.39171e-08
6.28413e-07
1.44027e-07
1.89023e-06
4.58838e-07
5.49438e-06
1.41776e-06
1.5399e-05
4.24158e-06
4.15093e-05
1.22633e-05
0.00010731
3.41924e-05
0.000265182
9.17215e-05
0.000624039
0.0002361
0.0013922
0.000581475
0.00292899
0.00136572
0.00577418
0.00304798
0.010583
0.00643814
0.0178551
0.0128152
0.0273672
0.0239329
0.0373942
0.0417451
0.0443375
0.0676951
0.0433257
0.101559
0.0299196
0.139362
0.177553
6.90205e-13
1.01016e-13
2.91322e-12
3.42097e-13
1.14122e-11
1.36814e-12
4.36383e-11
5.42483e-12
1.63223e-10
2.10924e-11
5.96732e-10
8.02948e-11
2.13024e-09
2.99003e-10
7.41746e-09
1.08815e-09
2.51617e-08
3.86622e-09
8.30456e-08
1.33968e-08
2.66293e-07
4.52184e-08
8.28285e-07
1.48481e-07
2.49466e-06
4.73645e-07
7.26107e-06
1.46552e-06
2.03793e-05
4.39081e-06
5.50171e-05
1.27144e-05
0.00014246
3.55092e-05
0.00035267
9.5428e-05
0.000831564
0.000246145
0.00185942
0.000607644
0.00392264
0.00143121
0.00775958
0.00320527
0.0142866
0.00680143
0.0242586
0.0136241
0.0375406
0.0256814
0.0520836
0.0454442
0.0632451
0.0754542
0.0641167
0.117406
0.0466248
0.169541
0.233248
8.53918e-13
9.1628e-14
3.6069e-12
3.09906e-13
1.41417e-11
1.24059e-12
5.41227e-11
4.92413e-12
2.02618e-10
1.91619e-11
7.41431e-10
7.30087e-11
2.64925e-09
2.72113e-10
9.23341e-09
9.91196e-10
3.13524e-08
3.52508e-09
1.03582e-07
1.22266e-08
3.3249e-07
4.13105e-08
1.0353e-06
1.35792e-07
3.12167e-06
4.33649e-07
9.09685e-06
1.34334e-06
2.55639e-05
4.02978e-06
6.91069e-05
1.16847e-05
0.000179208
3.2682e-05
0.000444372
8.79759e-05
0.00104976
0.000227356
0.00235253
0.00056253
0.00497656
0.00132865
0.00987971
0.00298632
0.0182805
0.00636825
0.0312689
0.0128476
0.0489542
0.0244883
0.0692678
0.0441184
0.086983
0.0756001
0.0935697
0.123901
0.0738914
0.195719
0.308133
1.00259e-12
6.96804e-14
4.23741e-12
2.3641e-13
1.66244e-11
9.46219e-13
6.36679e-11
3.75774e-12
2.38519e-10
1.46321e-11
8.73421e-10
5.57865e-11
3.12316e-09
2.08062e-10
1.08933e-08
7.58401e-10
3.70173e-08
2.69906e-09
1.22395e-07
9.36843e-09
3.93207e-07
3.16774e-08
1.22542e-06
1.0421e-07
3.69832e-06
3.33069e-07
1.07877e-05
1.03268e-06
3.03472e-05
3.10082e-06
8.21309e-05
9.00047e-06
0.00021325
2.52033e-05
0.000529542
6.79336e-05
0.00125306
0.000175833
0.00281389
0.000435873
0.00596816
0.001032
0.0118905
0.00232719
0.0221149
0.00498657
0.0381305
0.0101348
0.060489
0.0195627
0.0875997
0.0360336
0.114602
0.0645379
0.132034
0.114931
0.108936
0.21808
0.408798
8.83308e-13
4.50667e-14
3.73625e-12
1.51991e-13
1.46644e-11
6.08418e-13
5.61856e-11
2.41758e-12
2.10579e-10
9.41667e-12
7.7145e-10
3.59146e-11
2.75978e-09
1.33997e-10
9.63037e-09
4.8861e-10
3.27414e-08
1.73958e-09
1.08312e-07
6.04043e-09
3.48142e-07
2.04328e-08
1.08558e-06
6.72466e-08
3.27815e-06
2.15026e-07
9.56801e-06
6.67002e-07
2.69339e-05
2.00382e-06
7.29466e-05
5.8195e-06
0.00018956
1.63058e-05
0.000471161
4.39814e-05
0.00111619
0.000113929
0.00251014
0.00028269
0.00533417
0.000670114
0.0106567
0.00151344
0.0199056
0.00324943
0.0345733
0.00662192
0.0556155
0.012824
0.0829294
0.0236995
0.116484
0.0423115
0.161402
0.0736137
0.248642
0.125194
0.219013
0.424332
9.30339e-13
1.55432e-14
3.93429e-12
5.21889e-14
1.5445e-11
2.09331e-13
5.91898e-11
8.3271e-13
2.21889e-10
3.24447e-12
8.13077e-10
1.23778e-11
2.9094e-09
4.61943e-11
1.0155e-08
1.68492e-10
3.4534e-08
6.00038e-10
1.14272e-07
2.08413e-09
3.67403e-07
7.0519e-09
1.14597e-06
2.32151e-08
3.46158e-06
7.42534e-08
1.01067e-05
2.304e-07
2.84606e-05
6.92384e-07
7.71117e-05
2.01149e-06
0.000200472
5.63803e-06
0.000498541
1.52133e-05
0.00118178
3.94258e-05
0.00265972
9.78768e-05
0.00565788
0.000232161
0.0113199
0.000524737
0.0211907
0.00112774
0.036934
0.00230105
0.0597579
0.00446228
0.0899715
0.00825515
0.128
0.0147034
0.177954
0.0253868
0.253467
0.0412905
0.06697
0.388255
9.4651e-13
-1.54634e-14
4.00254e-12
-5.28327e-14
1.5714e-11
-2.10903e-13
6.02252e-11
-8.38277e-13
2.25789e-10
-3.26566e-12
8.27434e-10
-1.24541e-11
2.96102e-09
-4.64648e-11
1.03361e-08
-1.6943e-10
3.51528e-08
-6.03224e-10
1.1633e-07
-2.09468e-09
3.74056e-07
-7.08599e-09
1.16683e-06
-2.33225e-08
3.52499e-06
-7.45823e-08
1.0293e-05
-2.3138e-07
2.89887e-05
-6.95217e-07
7.85531e-05
-2.01943e-06
0.00020425
-5.65956e-06
0.000508027
-1.52697e-05
0.00120452
-3.95679e-05
0.00271163
-9.8221e-05
0.00577034
-0.000232959
0.0115507
-0.000526502
0.0216386
-0.00113145
0.0377586
-0.00230838
0.0612057
-0.00447581
0.0924227
-0.00827791
0.131952
-0.014736
0.183822
-0.0254173
0.25713
-0.0412929
-0.0668532
0.372827
9.30141e-13
-4.50958e-14
3.9337e-12
-1.52347e-13
1.54432e-11
-6.09699e-13
5.91832e-11
-2.42223e-12
2.21866e-10
-9.43444e-12
8.12996e-10
-3.59794e-11
2.90912e-09
-1.34227e-10
1.01541e-08
-4.8941e-10
3.4531e-08
-1.7423e-09
1.14262e-07
-6.04948e-09
3.67373e-07
-2.04622e-08
1.14588e-06
-6.73393e-08
3.46132e-06
-2.15311e-07
1.0106e-05
-6.67854e-07
2.84586e-05
-2.00629e-06
7.71063e-05
-5.82645e-06
0.000200458
-1.63247e-05
0.000498508
-4.40311e-05
0.0011817
-0.000114055
0.00265954
-0.000282996
0.00565751
-0.000670827
0.0113192
-0.00151502
0.0211893
-0.0032528
0.0369318
-0.00662871
0.0597548
-0.0128369
0.0899686
-0.0237226
0.128002
-0.042348
0.177963
-0.0736512
0.253484
-0.125202
-0.218873
0.388248
8.83383e-13
-7.01211e-14
3.73537e-12
-2.36596e-13
1.46611e-11
-9.47233e-13
5.61735e-11
-3.76071e-12
2.10536e-10
-1.46434e-11
7.71299e-10
-5.58273e-11
2.75926e-09
-2.08209e-10
9.62864e-09
-7.58919e-10
3.27358e-08
-2.70085e-09
1.08294e-07
-9.37444e-09
3.48087e-07
-3.16971e-08
1.08541e-06
-1.04273e-07
3.27766e-06
-3.33265e-07
9.56663e-06
-1.03327e-06
2.69301e-05
-3.10256e-06
7.29365e-05
-9.00544e-06
0.000189534
-2.5217e-05
0.000471098
-6.797e-05
0.00111604
-0.000175927
0.00250981
-0.000436103
0.00533347
-0.00103255
0.0106553
-0.00232843
0.019903
-0.00498926
0.034569
-0.0101405
0.0556092
-0.0195743
0.0829231
-0.0360569
0.116488
-0.0645838
0.161448
-0.115009
0.248694
-0.218092
0.424265
-0.408539
0.395277
0.0158464
0.37492
0.0056289
0.357504
0.00228664
0.341717
0.000912023
0.327237
0.000360933
0.314185
0.000142516
0.30282
5.62804e-05
0.293352
2.22716e-05
0.285835
8.86638e-06
0.280157
3.58385e-06
0.276074
1.50322e-06
0.273277
6.74604e-07
0.271449
3.40894e-07
0.270308
2.04744e-07
0.269628
1.48368e-07
0.269242
1.24282e-07
0.269034
1.12921e-07
0.268929
1.04575e-07
0.26888
1.0488e-07
0.26886
1.15242e-07
0.268855
1.12025e-07
0.268856
1.07863e-07
0.268861
8.77065e-08
0.268864
8.58983e-08
6.85606e-08
0.382006
0.00836444
0.369514
0.00322093
0.355346
0.00126069
0.340868
0.00048987
0.326906
0.000191914
0.314058
7.59229e-05
0.302773
3.02622e-05
0.293335
1.21352e-05
0.285831
4.88979e-06
0.280158
1.98264e-06
0.276077
8.1513e-07
0.27328
3.4206e-07
0.271453
1.47195e-07
0.270312
7.48252e-08
0.269632
4.77678e-08
0.269246
3.79202e-08
0.269039
3.46366e-08
0.268934
3.3111e-08
0.268885
3.50862e-08
0.268865
4.05738e-08
0.26886
4.04568e-08
0.268862
4.0422e-08
0.268867
3.43481e-08
0.26887
3.6056e-08
2.73403e-08
0.375686
-0.00833438
0.367164
-0.00320225
0.354461
-0.00124955
0.340526
-0.000483284
0.326772
-0.000188023
0.314004
-7.36337e-05
0.302751
-2.89385e-05
0.293326
-1.1397e-05
0.285827
-4.50532e-06
0.280156
-1.8058e-06
0.276076
-7.53255e-07
0.27328
-3.41124e-07
0.271452
-1.78194e-07
0.270312
-1.08299e-07
0.269632
-7.5224e-08
0.269246
-5.82387e-08
0.269039
-4.79873e-08
0.268934
-4.00717e-08
0.268885
-3.65365e-08
0.268865
-3.82712e-08
0.26886
-3.60093e-08
0.268862
-3.3435e-08
0.268867
-2.65892e-08
0.26887
-2.85242e-08
-2.72669e-08
0.381998
-0.0158146
0.369508
-0.00561154
0.355341
-0.0022777
0.340865
-0.000907229
0.326905
-0.000358244
0.314057
-0.000140963
0.302772
-5.53773e-05
0.293335
-2.17546e-05
0.28583
-8.58239e-06
0.280157
-3.44021e-06
0.276077
-1.44127e-06
0.27328
-6.57715e-07
0.271453
-3.4588e-07
0.270312
-2.18263e-07
0.269632
-1.61662e-07
0.269246
-1.34729e-07
0.269039
-1.2008e-07
0.268934
-1.07662e-07
0.268885
-1.05413e-07
0.268865
-1.14125e-07
0.26886
-1.09792e-07
0.268862
-1.03137e-07
0.268867
-8.22413e-08
0.26887
-8.0466e-08
-6.94258e-08
0.395242
0.374901
0.357494
0.341712
0.327234
0.314183
0.302819
0.293351
0.285835
0.280157
0.276074
0.273277
0.271449
0.270308
0.269628
0.269242
0.269034
0.268929
0.26888
0.26886
0.268855
0.268856
0.268861
0.268864
1.01217e-12
-9.21151e-14
4.27789e-12
-3.10921e-13
1.67837e-11
-1.24333e-12
6.42791e-11
-4.93439e-12
2.4081e-10
-1.92013e-11
8.81821e-10
-7.31584e-11
3.15322e-09
-2.72669e-10
1.09982e-08
-9.9321e-10
3.73741e-08
-3.5322e-09
1.23576e-07
-1.22512e-08
3.97e-07
-4.1393e-08
1.23725e-06
-1.36062e-07
3.73402e-06
-4.34505e-07
1.08919e-05
-1.34597e-06
3.06402e-05
-4.03763e-06
8.29236e-05
-1.17073e-05
0.000215308
-3.27447e-05
0.000534648
-8.8143e-05
0.00126513
-0.000227783
0.00284097
-0.000563572
0.0060255
-0.00133107
0.0120044
-0.00299161
0.0223257
-0.00637909
0.0384912
-0.0128681
0.0610528
-0.0245232
0.0883921
-0.0441687
0.115576
-0.0756465
0.133013
-0.123863
0.109605
-0.195383
-0.307227
8.60134e-13
-1.01454e-13
3.63277e-12
-3.42578e-13
1.4243e-11
-1.36859e-12
5.45111e-11
-5.42825e-12
2.04073e-10
-2.11058e-11
7.46752e-10
-8.03436e-11
2.66826e-09
-2.9918e-10
9.29964e-09
-1.08877e-09
3.15772e-08
-3.86836e-09
1.04324e-07
-1.34039e-08
3.34869e-07
-4.52414e-08
1.0427e-06
-1.48553e-07
3.14395e-06
-4.73863e-07
9.16166e-06
-1.46615e-06
2.57456e-05
-4.39258e-06
6.95969e-05
-1.27191e-05
0.000180475
-3.5521e-05
0.000447501
-9.54557e-05
0.00105711
-0.000246204
0.00236892
-0.000607755
0.00501096
-0.00143136
0.00994728
-0.00320533
0.0184036
-0.00680071
0.0314747
-0.0136202
0.0492645
-0.0256675
0.0696788
-0.0454012
0.0874421
-0.075333
0.0939723
-0.117099
0.0741466
-0.168866
-0.231916
6.92773e-13
-9.92058e-14
2.9238e-12
-3.34739e-13
1.1454e-11
-1.33685e-12
4.37981e-11
-5.29651e-12
1.63819e-10
-2.05719e-11
5.98902e-10
-7.82278e-11
2.13796e-09
-2.90982e-10
7.44421e-09
-1.05774e-09
2.5252e-08
-3.75379e-09
8.33421e-08
-1.29915e-08
2.67238e-07
-4.37956e-08
8.31204e-07
-1.43623e-07
2.50339e-06
-4.5753e-07
7.28626e-06
-1.41365e-06
2.04494e-05
-4.22908e-06
5.52041e-05
-1.22265e-05
0.000142938
-3.40878e-05
0.000353837
-9.14347e-05
0.000834269
-0.000235344
0.00186534
-0.000579564
0.00393481
-0.0013611
0.00778283
-0.00303728
0.0143274
-0.00641452
0.0243229
-0.0127655
0.0376287
-0.023833
0.052181
-0.0415526
0.0633166
-0.0673379
0.0641186
-0.100929
0.0465629
-0.13834
-0.175988
5.29462e-13
-8.83739e-14
2.23326e-12
-2.98043e-13
8.73919e-12
-1.18842e-12
3.3382e-11
-4.70305e-12
1.24726e-10
-1.82448e-11
4.55486e-10
-6.92933e-11
1.62419e-09
-2.57423e-10
5.64889e-09
-9.34551e-10
1.91398e-08
-3.31223e-09
6.3094e-08
-1.14478e-08
2.02065e-07
-3.85384e-08
6.27699e-07
-1.26202e-07
1.888e-06
-4.01441e-07
5.48764e-06
-1.23845e-06
1.53793e-05
-3.69901e-06
4.1454e-05
-1.0676e-05
0.00010716
-2.97114e-05
0.000264795
-7.95417e-05
0.00062308
-0.000204298
0.00138994
-0.000501914
0.00292392
-0.00117551
0.00576344
-0.00261453
0.0105615
-0.00549901
0.0178149
-0.0108844
0.0272967
-0.0201679
0.03728
-0.0347742
0.0441721
-0.0554054
0.0431245
-0.0810776
0.029744
-0.107833
-0.131009
3.84783e-13
-7.27094e-14
1.62082e-12
-2.44735e-13
6.33476e-12
-9.75678e-13
2.41685e-11
-3.85555e-12
9.01912e-11
-1.49367e-11
3.28962e-10
-5.66506e-11
1.17155e-09
-2.10161e-10
4.06942e-09
-7.61885e-10
1.37702e-08
-2.69635e-09
4.53328e-08
-9.3054e-09
1.44985e-07
-3.12786e-08
4.49753e-07
-1.02269e-07
1.35082e-06
-3.24791e-07
3.9204e-06
-1.00033e-06
1.09699e-05
-2.98267e-06
2.95202e-05
-8.59312e-06
7.61778e-05
-2.38697e-05
0.000187884
-6.37748e-05
0.000441193
-0.000163449
0.000981915
-0.000400608
0.00206004
-0.000935755
0.00404743
-0.00207491
0.00738644
-0.00434798
0.0123907
-0.00856639
0.0188378
-0.0157757
0.0254298
-0.0269696
0.0296294
-0.0424525
0.0282222
-0.0611412
0.0187348
-0.0798177
-0.0943528
2.65842e-13
-5.54761e-14
1.11923e-12
-1.87607e-13
4.36864e-12
-7.46337e-13
1.66451e-11
-2.94481e-12
6.2032e-11
-1.13916e-11
2.25946e-10
-4.31401e-11
8.0356e-10
-1.59797e-10
2.78727e-09
-5.78406e-10
9.41816e-09
-2.04379e-09
3.09604e-08
-7.04209e-09
9.88714e-08
-2.36323e-08
3.06241e-07
-7.71404e-08
9.18354e-07
-2.44571e-07
2.66101e-06
-7.51945e-07
7.43358e-06
-2.23804e-06
1.99694e-05
-6.43588e-06
5.14381e-05
-1.78429e-05
0.000126622
-4.7576e-05
0.000296719
-0.000121672
0.000658873
-0.000297528
0.00137876
-0.000693229
0.00270078
-0.00153281
0.00491094
-0.00320154
0.00819986
-0.00628295
0.0123889
-0.0115133
0.0165791
-0.019554
0.0190916
-0.0305128
0.0178898
-0.043475
0.011569
-0.056076
-0.0651791
1.75362e-13
-3.97301e-14
7.36391e-13
-1.34586e-13
2.87081e-12
-5.3552e-13
1.09229e-11
-2.10979e-12
4.06479e-11
-8.14848e-12
1.4784e-10
-3.08101e-11
5.25004e-10
-1.13941e-10
1.81833e-09
-4.11755e-10
6.13482e-09
-1.45254e-09
2.01361e-08
-4.99655e-09
6.42038e-08
-1.67394e-08
1.98547e-07
-5.4547e-08
5.94438e-07
-1.72637e-07
1.71958e-06
-5.29838e-07
4.79553e-06
-1.57411e-06
1.286e-05
-4.51819e-06
3.3065e-05
-1.25022e-05
8.12388e-05
-3.32694e-05
0.000189986
-8.49069e-05
0.000420947
-0.00020717
0.000878757
-0.000481562
0.00171667
-0.00106205
0.00311147
-0.00221184
0.00517479
-0.00432603
0.00777882
-0.00789484
0.0103401
-0.0133388
0.0118057
-0.0206801
0.010936
-0.0292427
0.00694122
-0.0374116
-0.0430207
1.10216e-13
-2.70771e-14
4.62546e-13
-9.12266e-14
1.80116e-12
-3.6238e-13
6.84307e-12
-1.42552e-12
2.54274e-11
-5.49705e-12
9.23411e-11
-2.07508e-11
3.27415e-10
-7.66136e-11
1.13223e-09
-2.76403e-10
3.81404e-09
-9.73424e-10
1.24989e-08
-3.34277e-09
3.9789e-08
-1.11798e-08
1.22846e-07
-3.63672e-08
3.67192e-07
-1.14898e-07
1.06043e-06
-3.52004e-07
2.95228e-06
-1.04389e-06
7.90322e-06
-2.99079e-06
2.0284e-05
-8.26024e-06
4.97437e-05
-2.19387e-05
0.000116104
-5.58781e-05
0.000256715
-0.000136057
0.000534702
-0.000315563
0.00104193
-0.000694298
0.00188306
-0.00144217
0.00312099
-0.00281227
0.00467148
-0.00511429
0.00617634
-0.00860392
0.00700616
-0.0132724
0.00643581
-0.0186631
0.00403052
-0.0237372
-0.0271018
6.61334e-14
-1.71697e-14
2.78105e-13
-5.86082e-14
1.08114e-12
-2.32327e-13
4.10164e-12
-9.12555e-13
1.5217e-11
-3.51365e-12
5.51755e-11
-1.32415e-11
1.95331e-10
-4.8807e-11
6.74411e-10
-1.75787e-10
2.26822e-09
-6.18035e-10
7.42127e-09
-2.11875e-09
2.3587e-08
-7.07396e-09
7.27056e-08
-2.29716e-08
2.16964e-07
-7.24503e-08
6.25545e-07
-2.21573e-07
1.73861e-06
-6.55926e-07
4.64628e-06
-1.87589e-06
1.1904e-05
-5.17156e-06
2.91403e-05
-1.37098e-05
6.78867e-05
-3.48523e-05
0.000149805
-8.46933e-05
0.000311359
-0.000196026
0.000605299
-0.000430338
0.00109105
-0.000891724
0.0018027
-0.0017342
0.00268818
-0.00314397
0.00353823
-0.00526981
0.00399292
-0.00809614
0.00364429
-0.0113349
0.00225966
-0.0143528
-0.0163059
3.83683e-14
-1.03428e-14
1.60197e-13
-3.56714e-14
6.22263e-13
-1.41484e-13
2.35701e-12
-5.55646e-13
8.73061e-12
-2.1363e-12
3.1607e-11
-8.0376e-12
1.11719e-10
-2.95773e-11
3.85118e-10
-1.0635e-10
1.2932e-09
-3.7328e-10
4.22445e-09
-1.27753e-09
1.34051e-08
-4.25815e-09
4.12543e-08
-1.38043e-08
1.2291e-07
-4.34635e-08
3.53794e-07
-1.32696e-07
9.817e-07
-3.92146e-07
2.61912e-06
-1.11955e-06
6.69888e-06
-3.08101e-06
1.63698e-05
-8.15315e-06
3.80667e-05
-2.06885e-05
8.38415e-05
-5.01792e-05
0.000173904
-0.000115912
0.000337328
-0.000253931
0.00060652
-0.000524994
0.000999258
-0.00101845
0.00148507
-0.00184114
0.00194709
-0.00307605
0.00218786
-0.0047095
0.0019865
-0.00656994
0.00122239
-0.00828992
-0.00938374
2.09441e-14
-5.91383e-15
8.86786e-14
-2.08314e-14
3.43921e-13
-8.22563e-14
1.3011e-12
-3.23214e-13
4.81237e-12
-1.23992e-12
1.73949e-11
-4.65761e-12
6.13886e-11
-1.71111e-11
2.11289e-10
-6.14237e-11
7.08383e-10
-2.15237e-10
2.31041e-09
-7.35419e-10
7.31991e-09
-2.44719e-09
2.24915e-08
-7.92031e-09
6.69032e-08
-2.48961e-08
1.92273e-07
-7.58823e-08
5.32655e-07
-2.23874e-07
1.41878e-06
-6.38069e-07
3.62277e-06
-1.75298e-06
8.83775e-06
-4.63082e-06
2.05154e-05
-1.17299e-05
4.51017e-05
-2.83987e-05
9.33665e-05
-6.54758e-05
0.00018072
-0.000143152
0.000324166
-0.000295326
0.000532628
-0.000571557
0.000789106
-0.00103053
0.00103101
-0.00171667
0.00115418
-0.00262029
0.00104341
-0.00364427
0.000638212
-0.00458487
-0.00517537
1.11638e-14
-3.11966e-15
4.71058e-14
-1.1276e-14
1.82978e-13
-4.56184e-14
6.91436e-13
-1.797e-13
2.5536e-12
-6.8907e-13
9.21602e-12
-2.58443e-12
3.24746e-11
-9.47926e-12
1.116e-10
-3.39742e-11
3.73579e-10
-1.18858e-10
1.21656e-09
-4.05456e-10
3.84837e-09
-1.34702e-09
1.18064e-08
-4.3526e-09
3.50647e-08
-1.36595e-08
1.00615e-07
-4.15663e-08
2.78297e-07
-1.22433e-07
7.40091e-07
-3.48379e-07
1.88672e-06
-9.55529e-07
4.59503e-06
-2.51998e-06
1.06483e-05
-6.3722e-06
2.33676e-05
-1.54003e-05
4.82817e-05
-3.54417e-05
9.32605e-05
-7.73379e-05
0.000166902
-0.000159219
0.000273522
-0.000307447
0.000404038
-0.000552953
0.000526222
-0.000918586
0.000587123
-0.00139827
0.000528779
-0.00193947
0.000321856
-0.0024339
-0.00274127
5.42278e-15
-1.54794e-15
2.40133e-14
-5.99123e-15
9.36751e-14
-2.43349e-14
3.54247e-13
-9.60955e-14
1.30686e-12
-3.67525e-13
4.70975e-12
-1.37709e-12
1.65704e-11
-5.04321e-12
5.68583e-11
-1.80465e-11
1.90044e-10
-6.30352e-11
6.17937e-10
-2.14691e-10
1.95178e-09
-7.12132e-10
5.97876e-09
-2.29747e-09
1.77298e-08
-7.19867e-09
5.07964e-08
-2.18712e-08
1.40284e-07
-6.43197e-08
3.72486e-07
-1.82728e-07
9.48078e-07
-5.0038e-07
2.30526e-06
-1.31748e-06
5.33313e-06
-3.32593e-06
1.16829e-05
-8.02432e-06
2.40937e-05
-1.84339e-05
4.64448e-05
-4.01491e-05
8.29327e-05
-8.24902e-05
0.000135571
-0.000158937
0.000199698
-0.000285169
0.000259318
-0.000472512
0.000288446
-0.000717441
0.000258914
-0.000992699
0.000156956
-0.00124299
-0.00139739
2.54619e-15
-6.0922e-16
1.19208e-14
-3.01532e-15
4.64124e-14
-1.23703e-14
1.75171e-13
-4.9149e-14
6.45922e-13
-1.88783e-13
2.32548e-12
-7.06515e-13
8.17028e-12
-2.58323e-12
2.79935e-11
-9.22861e-12
9.34268e-11
-3.21859e-11
3.0333e-10
-1.09453e-10
9.56654e-10
-3.62499e-10
2.9261e-09
-1.16769e-09
8.66431e-09
-3.65312e-09
2.47863e-08
-1.1082e-08
6.83491e-08
-3.254e-08
1.81205e-07
-9.23006e-08
4.60498e-07
-2.52358e-07
1.11791e-06
-6.6339e-07
2.58198e-06
-1.67198e-06
5.64632e-06
-4.02711e-06
1.16229e-05
-9.23511e-06
2.23604e-05
-2.00769e-05
3.98394e-05
-4.11685e-05
6.49664e-05
-7.91517e-05
9.54373e-05
-0.000141687
0.000123584
-0.000234191
0.000137075
-0.000354743
0.000122669
-0.000489742
7.41058e-05
-0.000611982
-0.000686932
1.23312e-15
-2.99491e-16
5.5323e-15
-1.24352e-15
2.20641e-14
-6.03628e-15
8.39185e-14
-2.42835e-14
3.09109e-13
-9.35285e-14
1.1115e-12
-3.49603e-13
3.89958e-12
-1.2768e-12
1.33409e-11
-4.55379e-12
4.44598e-11
-1.5858e-11
1.44138e-10
-5.38465e-11
4.53925e-10
-1.78067e-10
1.38638e-09
-5.72735e-10
4.09914e-09
-1.78911e-09
1.17093e-08
-5.41923e-09
3.22409e-08
-1.58885e-08
8.53473e-08
-4.49996e-08
2.16562e-07
-1.22843e-07
5.249e-07
-3.22421e-07
1.21035e-06
-8.11313e-07
2.64226e-06
-1.95089e-06
5.42912e-06
-4.46612e-06
1.04239e-05
-9.69155e-06
1.85319e-05
-1.98342e-05
3.01475e-05
-3.80539e-05
4.41711e-05
-6.79651e-05
5.70457e-05
-0.000112073
6.31041e-05
-0.000169383
5.63152e-05
-0.00023335
3.3919e-05
-0.000291055
-0.000326257
5.2336e-16
-5.70078e-17
2.30369e-15
-3.45359e-16
1.00553e-14
-2.67312e-15
3.88679e-14
-1.1652e-14
1.43244e-13
-4.48384e-14
5.14812e-13
-1.67194e-13
1.80412e-12
-6.09945e-13
6.16402e-12
-2.17227e-12
2.0513e-11
-7.55454e-12
6.64072e-11
-2.56139e-11
2.08833e-10
-8.45797e-11
6.36905e-10
-2.71642e-10
1.88043e-09
-8.47309e-10
5.36373e-09
-2.56272e-09
1.47471e-08
-7.50243e-09
3.89801e-08
-2.12168e-08
9.87586e-08
-5.78315e-08
2.38996e-07
-1.51554e-07
5.50196e-07
-3.80752e-07
1.19906e-06
-9.14061e-07
2.45925e-06
-2.08896e-06
4.71247e-06
-4.52488e-06
8.35989e-06
-9.24256e-06
1.35676e-05
-1.76961e-05
1.9828e-05
-3.15359e-05
2.55418e-05
-5.18835e-05
2.81827e-05
-7.82466e-05
2.5086e-05
-0.000107582
1.50696e-05
-0.000133955
-0.000149976
3.04797e-16
2.10933e-16
1.20366e-15
-1.14864e-16
4.53438e-15
-1.26097e-15
1.72489e-14
-5.08123e-15
6.42436e-14
-2.06927e-14
2.31183e-13
-7.71602e-14
8.10258e-13
-2.82048e-13
2.76511e-12
-1.00373e-12
9.18924e-12
-3.48592e-12
2.97069e-11
-1.18026e-11
9.32887e-11
-3.89171e-11
2.84112e-10
-1.24809e-10
8.37637e-10
-3.88743e-10
2.38585e-09
-1.17406e-09
6.55018e-09
-3.43209e-09
1.72882e-08
-9.69158e-09
4.37348e-08
-2.63773e-08
1.05674e-07
-6.9019e-08
2.4288e-07
-1.73126e-07
5.28412e-07
-4.14944e-07
1.0818e-06
-9.46684e-07
2.0689e-06
-2.04693e-06
3.66236e-06
-4.17309e-06
5.92992e-06
-7.97364e-06
8.64444e-06
-1.41788e-05
1.11081e-05
-2.32757e-05
1.22269e-05
-3.50302e-05
1.08572e-05
-4.8072e-05
6.50674e-06
-5.97606e-05
-6.68349e-05
-9.90503e-17
2.58906e-16
2.83596e-16
-6.50628e-17
1.74705e-15
-3.59074e-16
7.42357e-15
-2.23712e-15
2.80379e-14
-9.04223e-15
1.01023e-13
-3.42446e-14
3.53848e-13
-1.26367e-13
1.20606e-12
-4.49529e-13
4.00222e-12
-1.56064e-12
1.29209e-11
-5.27658e-12
4.05191e-11
-1.73749e-11
1.23229e-10
-5.5643e-11
3.62801e-10
-1.73065e-10
1.03191e-09
-5.21937e-10
2.82896e-09
-1.52355e-09
7.4557e-09
-4.29597e-09
1.88328e-08
-1.16749e-08
4.54341e-08
-3.05023e-08
1.04256e-07
-7.63924e-08
2.26435e-07
-1.82799e-07
4.62729e-07
-4.16344e-07
8.8322e-07
-8.98617e-07
1.56015e-06
-1.82854e-06
2.52029e-06
-3.48676e-06
3.665e-06
-6.18698e-06
4.69825e-06
-1.01346e-05
5.15944e-06
-1.52222e-05
4.57106e-06
-2.08516e-05
2.73363e-06
-2.58823e-05
-2.89174e-05
3.14897e-16
1.05575e-16
1.55089e-16
4.26335e-16
5.29253e-16
1.31351e-16
3.16768e-15
-7.04465e-16
1.17357e-14
-3.8779e-15
4.28377e-14
-1.48201e-14
1.50125e-13
-5.48124e-14
5.11757e-13
-1.9575e-13
1.69679e-12
-6.78654e-13
5.47076e-12
-2.29233e-12
1.71327e-11
-7.53805e-12
5.20337e-11
-2.4107e-11
1.52981e-10
-7.48741e-11
4.34507e-10
-2.25489e-10
1.1895e-09
-6.57273e-10
3.13034e-09
-1.85063e-09
7.89529e-09
-5.02195e-09
1.90179e-08
-1.31008e-08
4.35694e-08
-3.27597e-08
9.44675e-08
-7.82638e-08
1.92697e-07
-1.77953e-07
3.67084e-07
-3.83401e-07
6.47054e-07
-7.78681e-07
1.04287e-06
-1.48185e-06
1.5129e-06
-2.6239e-06
1.93493e-06
-4.28904e-06
2.1201e-06
-6.42968e-06
1.87429e-06
-8.79211e-06
1.11871e-06
-1.08976e-05
-1.21643e-05
-2.62502e-16
2.63239e-16
-2.32422e-17
2.84918e-17
1.36039e-16
1.74302e-16
1.06859e-15
-1.7128e-16
4.72448e-15
-1.57757e-15
1.75764e-14
-6.23929e-15
6.19511e-14
-2.30647e-14
2.11625e-13
-8.28047e-14
7.01007e-13
-2.87147e-13
2.25749e-12
-9.69037e-13
7.06059e-12
-3.18207e-12
2.14145e-11
-1.01631e-11
6.2872e-11
-3.15222e-11
1.78324e-10
-9.47991e-11
4.87483e-10
-2.75936e-10
1.28102e-09
-7.75817e-10
3.22615e-09
-2.1022e-09
7.75901e-09
-5.47578e-09
1.77468e-08
-1.36714e-08
3.8413e-08
-3.26088e-08
7.8213e-08
-7.40194e-08
1.48703e-07
-1.59191e-07
2.61562e-07
-3.22704e-07
4.2061e-07
-6.12891e-07
6.08743e-07
-1.08298e-06
7.76792e-07
-1.76661e-06
8.49287e-07
-2.64332e-06
7.49283e-07
-3.60845e-06
4.46427e-07
-4.46644e-06
-4.98134e-06
-1.72068e-17
1.90779e-16
-1.72134e-17
1.24055e-16
-1.17382e-16
-5.75875e-17
2.01891e-16
-7.91928e-17
1.62968e-15
-5.64965e-16
6.89745e-15
-2.34771e-15
2.49256e-14
-9.31314e-15
8.53604e-14
-3.40785e-14
2.82499e-13
-1.18248e-13
9.08717e-13
-3.98977e-13
2.83884e-12
-1.30859e-12
8.59885e-12
-4.17459e-12
2.52115e-11
-1.29303e-11
7.14076e-11
-3.88324e-11
1.94929e-10
-1.12872e-10
5.11499e-10
-3.16895e-10
1.28624e-09
-8.57423e-10
3.08866e-09
-2.23005e-09
7.05308e-09
-5.55914e-09
1.52402e-08
-1.32381e-08
3.0974e-08
-2.99988e-08
5.87739e-08
-6.44023e-08
1.03163e-07
-1.30307e-07
1.6552e-07
-2.46993e-07
2.39e-07
-4.35543e-07
3.04304e-07
-7.09043e-07
3.32005e-07
-1.05896e-06
2.92339e-07
-1.44325e-06
1.73889e-07
-1.78407e-06
-1.98814e-06
7.88889e-17
6.58639e-18
-2.17409e-16
3.07919e-16
-1.11051e-16
-4.76369e-17
-5.29757e-17
4.9028e-17
6.25136e-16
-1.34207e-17
2.63547e-15
-7.60626e-16
9.52123e-15
-3.54293e-15
3.33741e-14
-1.34022e-14
1.11148e-13
-4.73104e-14
3.57243e-13
-1.59981e-13
1.11472e-12
-5.24948e-13
3.37209e-12
-1.6725e-12
9.87387e-12
-5.17368e-12
2.79275e-11
-1.55164e-11
7.61286e-11
-4.50375e-11
1.99473e-10
-1.26265e-10
5.00853e-10
-3.41136e-10
1.20083e-09
-8.8592e-10
2.73768e-09
-2.20502e-09
5.90536e-09
-5.24239e-09
1.198e-08
-1.18596e-08
2.26877e-08
-2.54151e-08
3.97388e-08
-5.13266e-08
6.36169e-08
-9.70958e-08
9.16485e-08
-1.70869e-07
1.16438e-07
-2.77615e-07
1.26778e-07
-4.13874e-07
1.11423e-07
-5.63169e-07
6.61742e-08
-6.95277e-07
-7.74217e-07
-4.34817e-17
-6.18209e-17
8.36302e-17
-3.53009e-17
-1.70937e-16
-5.54088e-17
-1.12512e-16
5.20479e-17
2.2062e-16
1.55229e-16
8.25004e-16
-1.8408e-16
3.48097e-15
-1.22327e-15
1.26697e-14
-5.12483e-15
4.25564e-14
-1.84332e-14
1.3714e-13
-6.26429e-14
4.27854e-13
-2.05418e-13
1.29269e-12
-6.54167e-13
3.78029e-12
-2.02129e-12
1.06775e-11
-6.0541e-12
2.9065e-11
-1.75479e-11
7.60459e-11
-4.91267e-11
1.90655e-10
-1.32534e-10
4.56396e-10
-3.43669e-10
1.0388e-09
-8.54049e-10
2.23688e-09
-2.02719e-09
4.52953e-09
-4.57822e-09
8.56116e-09
-9.79362e-09
1.49639e-08
-1.97413e-08
2.39023e-08
-3.72718e-08
3.43568e-08
-6.54589e-08
4.35575e-08
-1.06145e-07
4.73313e-08
-1.57964e-07
4.15236e-08
-2.14613e-07
2.46251e-08
-2.64633e-07
-2.94466e-07
-5.31971e-17
-3.14633e-16
2.461e-17
6.09416e-17
-5.14482e-17
-1.14453e-16
-1.5198e-16
2.59579e-17
-7.09105e-17
5.92261e-17
3.1455e-16
2.63141e-16
1.10852e-15
-3.09305e-16
4.67734e-15
-1.87717e-15
1.58547e-14
-6.74897e-15
5.13205e-14
-2.38425e-14
1.60404e-13
-7.84359e-14
4.84826e-13
-2.50036e-13
1.41616e-12
-7.71614e-13
3.99417e-12
-2.3088e-12
1.08572e-11
-6.68286e-12
2.83656e-11
-1.86827e-11
7.10087e-11
-5.03288e-11
1.69716e-10
-1.30309e-10
3.85652e-10
-3.23324e-10
8.28997e-10
-7.66201e-10
1.67556e-09
-1.72745e-09
3.1607e-09
-3.6887e-09
5.51296e-09
-7.42147e-09
8.78666e-09
-1.39844e-08
1.26018e-08
-2.45112e-08
1.59433e-08
-3.96699e-08
1.7291e-08
-5.89339e-08
1.5143e-08
-7.99482e-08
8.96807e-09
-9.84652e-08
-1.0949e-07
8.32965e-17
-2.97967e-16
1.17188e-16
-2.05345e-17
-3.63978e-17
-3.26326e-17
-1.87668e-17
9.48792e-17
6.11535e-18
-2.99704e-17
-6.63841e-17
2.76535e-16
1.5688e-16
1.78924e-16
1.43513e-15
-6.52767e-16
5.69978e-15
-2.37165e-15
1.87767e-14
-8.81671e-15
5.87846e-14
-2.899e-14
1.77981e-13
-9.31848e-14
5.19338e-13
-2.88019e-13
1.46306e-12
-8.61358e-13
3.97134e-12
-2.48979e-12
1.03606e-11
-6.95089e-12
2.58969e-11
-1.86975e-11
6.17977e-11
-4.83378e-11
1.40193e-10
-1.19748e-10
3.00832e-10
-2.83311e-10
6.06912e-10
-6.3765e-10
1.14259e-09
-1.35917e-09
1.98876e-09
-2.72943e-09
3.16281e-09
-5.13308e-09
4.52614e-09
-8.97928e-09
5.71459e-09
-1.45049e-08
6.18592e-09
-2.15118e-08
5.40838e-09
-2.91393e-08
3.19881e-09
-3.58472e-08
-3.98344e-08
-2.12815e-16
-1.05142e-16
7.86709e-17
-1.82509e-16
-3.61605e-17
-2.06793e-16
-9.82831e-17
-1.58106e-16
1.25379e-17
-2.17683e-17
-6.12368e-17
2.35636e-17
1.52973e-17
1.25899e-17
2.83178e-16
-6.85739e-17
1.80689e-15
-7.37538e-16
6.57824e-15
-3.19902e-15
2.10442e-14
-1.0301e-14
6.39721e-14
-3.40492e-14
1.86642e-13
-1.05297e-13
5.25022e-13
-3.14523e-13
1.42349e-12
-9.08214e-13
3.70819e-12
-2.53213e-12
9.25494e-12
-6.80117e-12
2.20504e-11
-1.75565e-11
4.99401e-11
-4.34247e-11
1.06976e-10
-1.0257e-10
2.15416e-10
-2.30459e-10
4.04748e-10
-4.90345e-10
7.03021e-10
-9.82847e-10
1.11562e-09
-1.84479e-09
1.59305e-09
-3.22076e-09
2.0073e-09
-5.193e-09
2.16883e-09
-7.6887e-09
1.89313e-09
-1.03999e-08
1.11831e-09
-1.27797e-08
-1.4192e-08
1.02186e-16
-1.41077e-16
3.94931e-17
-1.4208e-16
-6.27553e-17
-2.24693e-16
-7.90865e-17
-1.73433e-16
9.35094e-17
-7.8961e-17
-5.41055e-17
1.11562e-16
-5.83238e-17
1.04214e-16
4.36884e-17
1.96373e-16
4.90082e-16
-1.91852e-16
2.08806e-15
-1.10309e-15
7.2432e-15
-3.76942e-15
2.23565e-14
-1.20303e-14
6.5648e-14
-3.76167e-14
1.84703e-13
-1.12343e-13
5.00325e-13
-3.24643e-13
1.30151e-12
-9.03815e-13
3.24342e-12
-2.42418e-12
7.71549e-12
-6.24848e-12
1.7445e-11
-1.54306e-11
3.73026e-11
-3.63871e-11
7.49757e-11
-8.16156e-11
1.40594e-10
-1.7334e-10
2.43694e-10
-3.46791e-10
3.85882e-10
-6.49662e-10
5.49842e-10
-1.13202e-09
6.9145e-10
-1.82185e-09
7.45736e-10
-2.69295e-09
6.49912e-10
-3.63737e-09
3.83462e-10
-4.46485e-09
-4.95524e-09
5.23495e-17
-1.09868e-16
8.45837e-17
-2.52701e-16
-9.45571e-18
-1.78264e-16
6.97646e-17
-1.19409e-16
2.26862e-16
-8.61675e-17
2.05379e-17
-1.57347e-17
-2.83296e-16
1.05085e-16
-2.6155e-16
1.12092e-16
9.61259e-17
-2.36886e-17
6.63132e-16
-3.17891e-16
2.34511e-15
-1.24784e-15
7.62141e-15
-3.97236e-15
2.25516e-14
-1.3017e-14
6.36664e-14
-3.91719e-14
1.7247e-13
-1.13471e-13
4.48185e-13
-3.16153e-13
1.1153e-12
-8.47129e-13
2.64913e-12
-2.18038e-12
5.97953e-12
-5.37666e-12
1.27637e-11
-1.26578e-11
2.56063e-11
-2.83424e-11
4.79215e-11
-6.00872e-11
8.28901e-11
-1.19987e-10
1.30973e-10
-2.24345e-10
1.86228e-10
-3.90161e-10
2.33733e-10
-6.2677e-10
2.51635e-10
-9.24946e-10
2.18964e-10
-1.24759e-09
1.29047e-10
-1.52979e-09
-1.6968e-09
-8.42482e-17
8.42038e-19
-6.87088e-17
-1.41659e-16
1.78584e-16
-7.18305e-17
8.93845e-17
-7.1855e-17
1.03812e-16
4.85405e-17
-2.89344e-18
-1.51917e-16
-1.75998e-16
-2.13092e-17
-2.51051e-16
-1.25874e-16
-1.30283e-16
-1.83607e-16
7.87086e-17
-1.40234e-16
7.48267e-16
-2.87409e-16
2.47445e-15
-1.20536e-15
7.55612e-15
-4.33725e-15
2.14383e-14
-1.33819e-14
5.83907e-14
-3.87249e-14
1.51374e-13
-1.08385e-13
3.76488e-13
-2.90444e-13
8.93066e-13
-7.46505e-13
2.01255e-12
-1.83813e-12
4.28817e-12
-4.32055e-12
8.58654e-12
-9.65773e-12
1.60379e-11
-2.04381e-11
2.7683e-11
-4.07363e-11
4.36482e-11
-7.60195e-11
6.19329e-11
-1.31954e-10
7.75817e-11
-2.11593e-10
8.33779e-11
-3.11754e-10
7.24442e-11
-4.19927e-10
4.26483e-11
-5.1438e-10
-5.70206e-10
-7.04193e-17
5.78233e-17
-4.01949e-18
-3.91079e-17
8.46541e-17
-4.84106e-17
1.4523e-16
-7.35491e-17
1.18582e-16
7.91083e-18
5.72042e-17
-1.28027e-16
-2.22855e-16
-1.69201e-17
-2.28932e-16
-1.07995e-16
-1.9169e-16
2.94105e-17
-4.15398e-17
1.11999e-16
2.22192e-16
-1.16794e-16
7.47067e-16
-3.94675e-16
2.47342e-15
-1.42448e-15
7.01964e-15
-4.41582e-15
1.92319e-14
-1.29642e-14
5.02326e-14
-3.64887e-14
1.24932e-13
-9.7598e-14
2.95667e-13
-2.50721e-13
6.65325e-13
-6.16736e-13
1.41532e-12
-1.44787e-12
2.82875e-12
-3.23128e-12
5.27311e-12
-6.8255e-12
9.08308e-12
-1.35796e-11
1.42912e-11
-2.52927e-11
2.02358e-11
-4.38192e-11
2.53007e-11
-7.01409e-11
2.71443e-11
-1.03179e-10
2.35505e-11
-1.38794e-10
1.38495e-11
-1.6984e-10
-1.88167e-10
-3.09653e-17
-1.98081e-16
-9.57079e-17
-9.85209e-17
-6.48958e-17
2.63278e-16
1.33185e-16
8.19609e-17
8.64021e-17
2.40882e-17
1.10823e-16
6.06911e-19
-2.72252e-17
4.56077e-17
-1.57462e-16
-5.47973e-17
-1.00269e-16
-1.29825e-17
-1.20879e-16
1.91098e-16
-6.64815e-17
3.61869e-17
1.57278e-16
1.02499e-17
7.46661e-16
-2.41886e-16
2.18063e-15
-1.29032e-15
6.20979e-15
-4.24347e-15
1.63782e-14
-1.20388e-14
4.06537e-14
-3.19711e-14
9.63179e-14
-8.25323e-14
2.16134e-13
-2.0324e-13
4.59073e-13
-4.76558e-13
9.16038e-13
-1.06198e-12
1.70434e-12
-2.23971e-12
2.92952e-12
-4.44718e-12
4.59951e-12
-8.26762e-12
6.49955e-12
-1.42966e-11
8.1111e-12
-2.28441e-11
8.68751e-12
-3.35518e-11
7.52668e-12
-4.50733e-11
4.42183e-12
-5.5101e-11
-6.1013e-11
-6.88698e-17
-1.21153e-16
-2.1318e-17
-3.72897e-17
1.09381e-17
8.08652e-17
9.77991e-17
1.29767e-16
1.24753e-16
1.09248e-16
4.41472e-17
6.42165e-17
-1.15607e-16
-1.22729e-16
-2.34893e-16
-2.08307e-16
-2.83456e-16
-8.3687e-17
-6.23916e-17
7.74454e-17
1.84525e-17
-3.12401e-17
7.3765e-17
-8.14508e-17
1.10435e-16
-1.4364e-16
5.79738e-16
-3.85524e-16
1.88984e-15
-1.32444e-15
5.28739e-15
-3.73981e-15
1.29317e-14
-1.021e-14
3.0718e-14
-2.65862e-14
6.89741e-14
-6.5833e-14
1.46521e-13
-1.53884e-13
2.91848e-13
-3.42986e-13
5.41757e-13
-7.22236e-13
9.29231e-13
-1.43147e-12
1.45582e-12
-2.65651e-12
2.05319e-12
-4.58539e-12
2.55771e-12
-7.31399e-12
2.73476e-12
-1.07257e-11
2.36609e-12
-1.439e-11
1.38867e-12
-1.75744e-11
-1.94495e-11
6.30568e-17
-1.08537e-16
1.06053e-16
2.38289e-17
1.32059e-16
-2.75675e-16
3.56183e-17
-1.38622e-16
6.16478e-17
1.26247e-17
-2.50282e-17
-9.76356e-17
-2.64089e-16
-1.84901e-16
-1.44306e-16
-1.95524e-16
-1.50338e-16
7.13995e-17
-1.32186e-16
-5.06427e-18
-8.70272e-17
-6.69996e-17
4.32185e-17
-2.39072e-17
4.17919e-17
-6.32793e-17
1.83958e-16
-2.39562e-16
7.01462e-16
-3.23375e-16
1.59807e-15
-1.25672e-15
3.98117e-15
-3.03732e-15
9.55376e-15
-8.2556e-15
2.17116e-14
-2.08745e-14
4.58969e-14
-4.87848e-14
9.16546e-14
-1.08892e-13
1.69304e-13
-2.28912e-13
2.89928e-13
-4.53194e-13
4.53543e-13
-8.39546e-13
6.38138e-13
-1.44644e-12
7.93679e-13
-2.3032e-12
8.47279e-13
-3.37225e-12
7.32062e-13
-4.51865e-12
4.29132e-13
-5.51333e-12
-6.09868e-12
1.01813e-17
-1.6757e-16
7.19102e-17
-1.3984e-16
9.25438e-17
-3.58365e-16
1.193e-16
-2.42749e-16
4.64068e-17
-1.81409e-16
-4.4183e-17
-9.99564e-17
-1.50037e-16
9.74163e-17
-1.1671e-16
1.76064e-16
-1.48122e-16
-7.49375e-17
7.83045e-19
5.86104e-17
-1.15343e-16
2.38397e-17
-7.98971e-17
5.45731e-17
-5.88414e-17
3.95343e-17
1.61297e-17
-5.13473e-17
8.04522e-17
-1.39739e-16
5.39737e-16
-3.25565e-16
1.32709e-15
-7.69257e-16
2.88651e-15
-2.7025e-15
6.59588e-15
-6.46573e-15
1.42356e-14
-1.51818e-14
2.82367e-14
-3.39484e-14
5.21058e-14
-7.12693e-14
8.91287e-14
-1.41111e-13
1.38906e-13
-2.60862e-13
1.95281e-13
-4.48887e-13
2.42528e-13
-7.13696e-13
2.58327e-13
-1.04322e-12
2.22995e-13
-1.39633e-12
1.30622e-13
-1.70202e-12
-1.88172e-12
-1.52506e-16
-1.48409e-16
1.84967e-16
-4.58207e-16
1.49707e-16
-1.78255e-16
1.9404e-16
-1.76134e-16
1.17483e-16
-2.18724e-16
3.11453e-17
-2.95625e-17
-1.26437e-16
1.32575e-17
-1.72688e-16
2.63262e-16
1.49886e-17
1.13061e-16
-5.2603e-17
3.66015e-17
-1.90413e-16
2.23798e-16
-1.03573e-16
-1.19096e-16
-7.06389e-17
-1.27941e-16
-3.99722e-17
-1.5256e-16
-3.74196e-17
-1.36387e-16
2.40205e-16
1.68788e-17
3.05413e-16
-2.63351e-16
7.59184e-16
-9.3661e-16
1.9958e-15
-1.88125e-15
4.44269e-15
-4.68514e-15
8.59673e-15
-1.03268e-14
1.57227e-14
-2.16971e-14
2.69835e-14
-4.30181e-14
4.19557e-14
-7.97546e-14
5.87983e-14
-1.36951e-13
7.30066e-14
-2.17537e-13
7.77248e-14
-3.17631e-13
6.69267e-14
-4.24674e-13
3.91808e-14
-5.17238e-13
-5.71596e-13
-1.32947e-16
1.67783e-16
-1.05945e-16
-3.7406e-16
1.47659e-16
-9.39192e-17
1.95734e-16
-8.23762e-17
1.75295e-16
-4.6284e-17
3.08027e-17
-2.30687e-16
9.02306e-18
-2.08803e-16
-5.70841e-17
1.81878e-16
-8.24477e-17
9.03488e-17
-1.52705e-16
6.48046e-18
-2.22581e-16
3.48843e-17
-1.6794e-16
-2.30308e-17
-1.14488e-16
9.11532e-17
1.17749e-16
-2.14695e-16
1.37365e-17
7.18581e-17
2.11451e-17
1.53724e-16
-2.42439e-17
-2.49581e-17
2.08776e-16
-2.80914e-16
7.43842e-16
-5.28382e-16
1.34124e-15
-1.40762e-15
2.62912e-15
-2.84461e-15
4.61642e-15
-6.35765e-15
7.97179e-15
-1.29462e-14
1.25171e-14
-2.38394e-14
1.7459e-14
-4.10601e-14
2.17354e-14
-6.50142e-14
2.30743e-14
-9.51599e-14
1.97513e-14
-1.27136e-13
1.16505e-14
-1.54748e-13
-1.70946e-13
-1.10801e-16
-1.11729e-16
-1.8219e-16
-1.81641e-16
1.67437e-16
-9.22072e-17
1.98224e-16
-2.26817e-16
9.38569e-17
-2.04609e-17
8.17371e-17
-1.46864e-16
1.34083e-16
-1.43928e-16
-2.81055e-17
3.50355e-17
-1.07147e-16
3.9126e-18
-1.17124e-16
-6.12658e-17
-1.82063e-16
-1.95568e-18
-5.2088e-17
7.00027e-18
-7.85673e-17
2.29871e-17
-4.83867e-18
1.1926e-16
-5.07978e-17
4.16348e-17
-4.35444e-17
6.27354e-17
-1.52432e-16
4.01091e-17
8.05489e-17
-1.04725e-16
2.76448e-16
-1.80364e-16
5.57802e-16
-2.65352e-16
8.68619e-16
-8.33392e-16
1.32581e-15
-1.66494e-15
2.40789e-15
-3.70241e-15
3.5564e-15
-6.78252e-15
5.06606e-15
-1.17768e-14
6.38761e-15
-1.90877e-14
6.67254e-15
-2.78642e-14
5.69593e-15
-3.73577e-14
3.40564e-15
-4.55083e-14
-5.04022e-14
-3.68223e-17
-2.15938e-16
-1.43038e-16
-3.05987e-17
-2.51307e-17
-3.24543e-17
2.42666e-16
-1.20743e-16
1.44634e-16
-1.62483e-16
1.72399e-16
-2.74007e-16
1.56285e-16
-2.17966e-16
-1.53046e-16
-1.68945e-16
-1.10004e-16
-1.76003e-16
-1.40451e-16
-1.33055e-16
-1.59997e-16
-3.48631e-17
-2.74108e-17
-2.78427e-17
-4.92721e-17
-4.80075e-17
-1.9396e-17
2.50564e-16
-5.10039e-17
1.49784e-16
-9.50524e-17
5.0126e-17
-1.75263e-16
-1.38475e-17
-4.01637e-17
1.77068e-16
1.3386e-16
2.56355e-17
2.2445e-16
-2.13467e-17
2.73476e-16
-1.84265e-16
5.4675e-16
-4.0025e-16
7.12879e-16
-9.31629e-16
1.13495e-15
-1.92181e-15
1.47845e-15
-3.14238e-15
1.71662e-15
-5.46852e-15
1.84601e-15
-8.02154e-15
1.65535e-15
-1.0754e-14
1.0045e-15
-1.29935e-14
-1.45675e-14
-3.17456e-17
-1.00546e-16
-6.30543e-17
-9.4305e-17
1.31289e-16
-1.19517e-16
1.35266e-16
5.88965e-18
5.28743e-17
-1.92765e-16
1.15878e-16
-1.93438e-16
1.6005e-16
-8.72537e-17
-6.08639e-17
-1.92811e-16
-4.8887e-17
-2.05509e-17
4.75289e-17
-1.52392e-16
-7.10833e-17
2.06195e-17
-1.23582e-16
-7.1511e-17
-5.23635e-17
4.28084e-17
1.45275e-17
1.72277e-16
3.89135e-17
4.30598e-17
-2.6668e-17
3.78109e-17
-9.2112e-17
-6.53219e-18
-1.79365e-17
1.49211e-16
-3.05321e-17
-1.39331e-17
1.07127e-16
-2.3507e-16
2.08953e-16
-8.52988e-17
8.58609e-17
-2.54001e-16
1.76909e-16
-2.61376e-16
2.80293e-16
-5.98651e-16
4.75579e-16
-8.76976e-16
6.05061e-16
-1.43136e-15
5.9843e-16
-2.16423e-15
3.85425e-16
-2.96097e-15
1.71658e-16
-3.66466e-15
-4.05603e-15
4.38778e-17
-1.10693e-17
-5.11009e-17
-9.4776e-17
1.1392e-16
-1.48596e-16
1.26808e-16
-7.3376e-17
2.45111e-16
-1.81599e-16
3.18536e-16
-2.17514e-16
-7.79665e-17
1.46923e-16
-9.16597e-17
-3.20875e-17
-2.33797e-16
6.59023e-18
-1.07176e-16
-1.13169e-16
-7.79647e-17
-3.84692e-17
2.14917e-17
1.59059e-16
-1.05593e-16
6.83598e-17
-1.40668e-16
8.50737e-17
5.20437e-18
3.43699e-17
1.28144e-16
-3.60095e-18
-7.41763e-17
-1.47044e-16
-8.72857e-18
-1.33371e-18
1.79795e-17
2.01917e-17
1.35886e-16
-1.92718e-17
1.06563e-16
-2.02631e-16
1.28796e-16
-3.18702e-16
3.23078e-17
9.94977e-17
2.05371e-17
-2.79259e-17
1.43947e-16
-4.42334e-16
1.72543e-16
-3.88994e-16
2.08015e-16
-7.73685e-16
1.64661e-16
-8.54499e-16
4.51148e-17
-1.12137e-15
-1.06043e-15
-4.62024e-17
-7.09785e-17
-1.04487e-16
-1.66038e-16
1.52068e-16
-4.69928e-17
1.77309e-16
-5.71843e-17
1.03858e-16
-1.3813e-17
1.069e-16
2.27013e-16
3.08378e-17
7.99371e-17
-5.07002e-17
-3.0743e-16
5.19863e-17
-1.78452e-16
-1.25886e-16
-3.76322e-17
-7.46148e-17
4.16647e-17
4.60913e-17
2.15517e-16
-2.30299e-17
2.95232e-17
-1.47375e-16
1.1452e-16
-3.99963e-18
4.15734e-17
7.82561e-17
5.5419e-17
-8.19866e-17
6.99187e-17
-5.57542e-17
-1.55429e-16
-3.02953e-17
-8.77146e-17
3.46109e-17
1.64757e-17
2.03908e-16
1.25348e-17
8.18122e-17
-2.56459e-16
1.15867e-16
3.52973e-17
7.74083e-17
-1.14253e-16
-1.0397e-16
-3.33746e-16
4.09141e-17
-3.0924e-16
4.6295e-17
-2.40808e-16
-3.66104e-19
-1.62663e-16
-4.04991e-17
-2.44455e-16
4.15839e-18
-1.36941e-16
-3.18327e-17
-8.5393e-17
-9.82564e-17
9.63337e-17
-9.34555e-17
1.31053e-16
-1.49151e-16
2.14507e-16
-1.33424e-16
-8.77884e-18
2.69049e-17
3.15373e-17
-2.6075e-16
7.3448e-17
-4.077e-16
-8.02356e-17
-1.62815e-16
-1.00485e-16
1.18601e-16
-7.76892e-17
-3.46174e-17
5.9653e-17
-5.36306e-17
-1.05917e-16
-1.38181e-16
-8.07581e-17
2.14065e-16
2.77672e-17
3.68036e-17
4.52563e-17
1.64452e-16
-1.14188e-17
3.38877e-18
-6.20161e-17
-2.26963e-17
-7.81258e-17
-1.97725e-16
-3.96525e-17
-1.08406e-16
8.55935e-17
1.61302e-17
-1.1777e-17
-1.88465e-16
5.81991e-17
-3.83214e-16
1.70304e-16
-7.9063e-17
-2.02142e-17
-3.74501e-17
-3.37213e-17
-1.78869e-16
6.45026e-17
-4.61974e-17
8.19122e-17
-2.22168e-17
2.22282e-17
-3.93303e-17
-1.47989e-18
-3.05902e-17
-3.24204e-16
-1.97368e-18
2.8356e-17
-3.20963e-17
-1.62103e-16
2.50808e-17
-2.10639e-16
1.89639e-16
-1.89638e-16
3.75274e-17
-3.52346e-16
-1.70354e-17
-2.53592e-16
1.12927e-17
-2.59074e-16
-5.54176e-18
-1.92106e-18
1.91073e-16
-7.64232e-18
1.16404e-16
-2.6133e-16
-9.82385e-17
-1.65387e-16
-1.17438e-16
3.06989e-17
-4.25818e-17
1.00454e-17
4.68323e-17
1.02325e-16
-1.65441e-16
1.21403e-16
-2.47505e-16
-2.32037e-16
1.03269e-17
4.59435e-17
-5.0126e-18
-8.43109e-17
8.92715e-18
-6.37782e-17
4.55308e-17
4.14028e-17
2.82097e-16
-1.52112e-16
1.24486e-16
-2.89605e-16
-2.78018e-17
-2.90061e-16
1.46562e-17
-2.07005e-16
1.15304e-16
4.35437e-17
1.18348e-17
-1.95055e-17
-1.75107e-17
-1.24122e-16
5.3788e-17
-1.67279e-16
-3.26114e-16
3.22098e-17
-2.22459e-16
-8.36775e-18
-2.2988e-17
-8.90558e-17
-2.07587e-16
-4.8547e-17
-1.18119e-16
1.0115e-17
-1.11692e-16
4.63002e-17
-1.43644e-16
8.97874e-17
-1.26628e-16
1.59798e-16
-2.43023e-16
5.37062e-17
-4.09514e-17
4.44161e-18
4.59046e-17
-1.38683e-17
-9.70589e-17
-1.66641e-17
-3.30831e-17
4.97588e-17
3.32682e-17
-1.0289e-16
-1.49537e-16
1.17916e-16
-2.9229e-17
-1.55346e-16
-1.15656e-16
-2.57686e-16
-2.74125e-16
-1.11791e-16
-7.56228e-18
1.95282e-16
7.96629e-17
1.43794e-16
6.12381e-18
-1.29589e-16
-3.31516e-17
1.51695e-16
-1.36262e-16
1.40076e-17
-2.06878e-16
-3.75033e-17
-3.84778e-16
5.83795e-17
-3.47863e-16
-9.21825e-17
2.62978e-17
3.97874e-17
-7.23942e-17
7.91492e-17
-1.26298e-16
1.09386e-16
-3.36887e-16
-1.85346e-16
-4.48657e-17
-1.89624e-16
1.71245e-17
3.19216e-17
-6.39648e-18
-2.54491e-17
7.23149e-17
-7.21204e-17
1.39079e-16
-8.90704e-17
2.15867e-17
-2.33943e-16
-3.4545e-18
-2.17279e-16
1.18306e-16
-2.88783e-17
3.30113e-17
-4.87853e-17
7.06838e-17
-8.30807e-17
-4.55226e-17
-1.42771e-16
-6.27096e-17
-2.3172e-16
1.34715e-16
-8.05949e-17
-6.52429e-17
1.06591e-16
-7.75996e-17
-1.07163e-16
-3.22534e-17
-2.50691e-16
-4.04245e-17
7.13716e-18
-1.38971e-16
1.69645e-16
-1.18182e-16
7.17741e-17
4.26149e-17
1.08056e-16
-9.55829e-17
-4.04161e-17
5.66489e-17
-1.82733e-16
1.34122e-17
-3.14533e-16
-4.78727e-17
-2.1274e-16
6.96612e-17
-1.96596e-16
1.02859e-16
-1.18769e-16
1.01884e-16
4.91176e-17
-3.57178e-17
-7.80769e-17
-8.08989e-18
-2.0159e-16
-8.32621e-17
-8.30891e-17
3.74203e-17
4.53838e-17
2.24119e-17
1.1097e-16
3.73166e-17
4.93071e-17
-8.63748e-17
-1.33504e-17
-6.7485e-17
1.21717e-16
-2.30808e-16
3.38362e-18
-1.84523e-16
4.51933e-17
2.37691e-16
1.26403e-16
-2.53408e-17
1.04378e-16
-6.43932e-17
-9.29009e-18
-1.36283e-16
-6.40633e-17
5.09458e-18
4.4687e-18
-3.10689e-18
-1.04722e-17
-1.75138e-16
-3.70899e-17
1.38719e-17
-8.07399e-17
-1.60025e-16
-9.96812e-17
2.3904e-18
-3.48471e-17
-5.40982e-17
7.38913e-17
-1.529e-16
-1.04372e-16
-1.82705e-17
-2.29826e-16
-1.03781e-16
-3.27503e-17
-5.27957e-17
3.58253e-17
-1.98172e-16
1.84107e-17
-1.07404e-16
1.27125e-16
2.43297e-17
2.33195e-16
-1.10843e-16
-7.14115e-17
-4.08083e-17
5.20868e-17
-8.25184e-17
3.1933e-17
-7.10456e-18
-1.3835e-16
-1.58284e-16
1.19222e-16
-7.83607e-17
-6.90905e-17
5.1103e-17
6.93477e-17
5.79001e-17
-1.01875e-17
1.94659e-18
-3.60834e-18
3.13894e-17
-1.30944e-16
1.04408e-16
-1.25757e-16
1.22011e-16
1.26018e-16
1.00615e-16
-1.23575e-16
1.73896e-17
-7.30604e-17
-5.33915e-17
-1.45605e-16
-5.91834e-17
1.04601e-16
1.74231e-17
3.87086e-17
7.7939e-17
-1.32365e-16
-4.68805e-17
1.82298e-17
-2.68702e-16
-2.2727e-17
-1.1815e-16
1.05326e-16
-9.21767e-17
-1.24966e-16
1.29596e-17
-1.20227e-16
-3.39965e-17
1.08865e-16
-1.55618e-16
-9.83016e-17
2.90441e-17
7.90003e-17
-7.57147e-17
-2.06061e-16
2.45054e-17
-1.36165e-16
2.08815e-16
-7.26982e-18
1.19876e-16
-1.58227e-16
-3.18985e-17
7.25154e-17
1.73656e-17
-8.64217e-17
2.80721e-18
1.49628e-16
1.31434e-17
7.01486e-17
-5.70498e-17
3.45397e-17
1.40448e-16
-4.90563e-18
1.39378e-16
1.02295e-16
1.54773e-16
4.18458e-17
2.31024e-17
8.91859e-17
1.8222e-16
1.25115e-16
-4.62328e-18
5.04295e-17
-2.65212e-17
-3.52539e-17
-1.11978e-16
-3.81355e-18
-2.00913e-16
7.06126e-17
-9.83691e-17
-1.53638e-17
-1.39243e-16
1.81312e-17
-8.79755e-17
-1.52303e-16
-4.35905e-18
-8.98144e-17
-1.47605e-16
-3.31099e-17
-1.36257e-16
-8.077e-17
3.32225e-17
-1.07571e-16
-5.71794e-17
1.57354e-17
-9.38265e-17
-4.65412e-17
2.51834e-16
-4.16721e-17
-2.17951e-18
-1.19089e-16
-4.48101e-17
3.6492e-18
-3.45275e-17
1.43398e-16
1.22277e-17
1.03069e-16
-4.07935e-17
7.13058e-17
4.59533e-17
-8.27939e-18
2.65815e-17
2.11424e-17
2.51105e-17
-3.9728e-17
1.53881e-16
1.04898e-16
-1.41818e-16
6.13471e-17
-1.23695e-16
1.03748e-16
-1.27622e-17
7.66767e-19
7.05205e-17
1.51564e-16
-1.20267e-17
3.2735e-17
7.88794e-17
2.10402e-16
3.15143e-17
2.57303e-17
9.77222e-18
-1.94733e-17
5.10852e-17
-6.61619e-18
2.43322e-17
1.7499e-17
9.34518e-17
-2.18853e-16
-4.72387e-17
-3.17954e-16
-6.25776e-17
-1.30567e-16
-2.4441e-17
-1.00377e-16
-2.77698e-17
-2.04128e-16
6.67656e-18
-1.66156e-16
-2.26153e-16
-7.3308e-17
-1.11169e-16
-4.54203e-17
1.07798e-16
-3.10115e-17
-4.51825e-17
6.67141e-17
-1.12469e-16
-6.2783e-17
-6.02744e-17
-1.58502e-16
2.78525e-17
-2.53466e-17
1.34861e-16
1.54783e-17
1.51254e-16
-1.39173e-17
2.81997e-16
9.07423e-17
1.49759e-16
-2.0144e-16
7.50094e-18
-8.46154e-17
3.66173e-17
4.92818e-17
-1.69103e-17
-2.52509e-17
2.13406e-16
-3.14397e-17
3.6905e-17
-2.57862e-17
1.31422e-16
-2.53936e-17
2.41811e-17
-4.66506e-17
-1.67383e-17
8.80125e-17
1.10446e-16
1.31556e-16
1.13837e-16
-3.93126e-18
6.79329e-18
6.00348e-17
-4.67404e-17
-3.16438e-17
-1.6091e-16
-1.71401e-17
-9.62115e-17
3.91594e-17
-1.44492e-16
-4.83814e-17
-1.57912e-16
-9.47949e-17
-1.41473e-16
-7.62186e-17
-9.74738e-17
-7.35272e-17
3.82274e-18
1.68692e-17
-3.66257e-17
-7.31687e-17
5.31846e-17
-5.66287e-17
6.48677e-17
-1.37927e-16
-3.4488e-16
-3.99011e-17
-2.66082e-17
5.2968e-17
7.97742e-17
2.45311e-17
1.24113e-16
2.88972e-17
7.16794e-17
1.4109e-16
-2.4523e-17
1.46294e-16
6.21029e-18
1.40726e-16
-1.97732e-16
4.8197e-17
-1.53238e-16
2.26083e-17
-2.33511e-16
-1.55903e-16
3.0175e-17
9.51445e-17
1.84007e-17
-5.30257e-17
-1.26875e-16
4.31998e-16
-5.69016e-17
1.39332e-16
9.33328e-17
5.53932e-18
-1.23715e-17
1.27273e-16
5.04938e-18
3.92241e-17
-6.23197e-17
-2.24463e-16
-1.14217e-16
-9.28259e-17
8.02073e-17
-1.62492e-16
1.08741e-16
-3.90892e-17
4.31856e-17
-9.80289e-17
6.83873e-17
-6.26044e-17
-8.67536e-17
-6.78081e-17
-7.1107e-17
-6.55732e-17
-5.50294e-17
-6.53944e-17
-2.43511e-17
-9.86618e-17
-3.00824e-17
-3.28235e-17
5.04197e-18
-2.9915e-17
-3.50478e-17
-4.30918e-16
-1.02031e-16
-1.26424e-17
-7.50504e-17
1.76159e-16
-6.86548e-17
1.91856e-16
6.98088e-17
2.27788e-16
1.32372e-16
3.19496e-17
2.46937e-16
-1.5977e-16
-2.30961e-17
-2.75597e-16
-1.62819e-16
-3.10128e-16
-3.1907e-17
-3.60168e-16
-2.29823e-16
-1.55623e-16
1.67157e-16
-1.04508e-16
4.00731e-17
1.06032e-16
3.14049e-16
2.55118e-17
1.23898e-16
9.18838e-17
1.02166e-16
8.49104e-17
-5.07608e-17
1.14909e-17
-1.8733e-16
6.14838e-17
-3.8248e-16
-1.00934e-16
-2.43684e-16
-1.21707e-16
-1.58264e-17
8.3135e-17
-4.23259e-17
1.25847e-16
-6.94738e-17
-1.5739e-17
-1.78475e-16
-4.14294e-17
-1.55556e-16
-1.96512e-17
-2.79647e-17
-9.24416e-17
-6.02121e-17
-1.06226e-16
-1.59377e-16
-1.04428e-16
-1.49507e-16
1.6432e-17
2.91804e-17
-4.26022e-17
-1.18772e-16
2.22987e-17
8.18498e-17
8.34833e-17
-2.08174e-17
-1.09971e-16
3.88758e-17
5.09226e-17
9.63487e-17
8.34873e-17
1.19592e-16
6.35385e-17
-2.61479e-16
2.86403e-18
-2.25922e-17
1.2655e-16
-1.4563e-16
-9.36558e-17
-5.22363e-16
-1.26078e-16
-1.04626e-16
-5.83944e-17
-1.14803e-16
-5.64004e-17
-2.51403e-17
-1.19982e-16
-4.00631e-17
8.60521e-17
-1.51199e-16
8.45531e-17
-2.29886e-17
1.42944e-16
1.7927e-17
1.4101e-16
6.68174e-17
1.15022e-16
-2.6916e-17
1.19122e-17
3.38482e-17
6.86866e-17
2.80958e-17
7.1979e-17
7.7112e-17
8.52098e-17
1.02689e-16
1.16096e-16
-8.07799e-17
-9.42707e-17
-2.07178e-16
1.06131e-16
-3.48834e-17
1.13018e-16
-6.35708e-19
-5.15255e-17
5.27103e-17
-5.8049e-17
-9.02047e-18
-5.38933e-17
2.01964e-17
9.8287e-18
2.82893e-17
1.77418e-16
3.76481e-17
6.92356e-17
4.76902e-17
-8.91139e-17
4.99966e-17
-5.13377e-17
-8.37422e-17
-1.13812e-16
-1.75676e-17
-2.50124e-16
-9.60223e-17
-2.62223e-16
-5.0626e-17
-9.04231e-17
4.38327e-17
-4.25008e-16
-2.20154e-16
2.33067e-16
-9.05139e-17
1.59573e-16
-9.17378e-17
-1.86881e-16
-2.75363e-17
-1.15227e-16
1.07559e-16
-7.45892e-17
2.1939e-16
1.22318e-17
4.66064e-18
2.97179e-17
2.08014e-16
4.01405e-18
6.51106e-17
9.66219e-18
-3.36782e-17
1.71269e-17
5.35314e-17
-1.41267e-17
5.99906e-17
2.3526e-17
1.4947e-16
-1.44875e-16
2.58512e-16
-1.45655e-16
-2.07709e-16
4.88268e-18
1.20339e-16
1.6786e-17
2.23112e-16
-5.98691e-17
1.58066e-16
2.71288e-17
6.37633e-17
-1.16474e-17
1.15682e-16
8.24115e-17
1.35948e-16
1.78328e-17
1.32191e-16
-8.55457e-17
3.05849e-16
-9.07763e-17
1.61839e-16
-2.75249e-17
-3.34794e-17
-5.82314e-17
-1.15597e-16
-3.77109e-17
3.23761e-17
-1.37412e-16
-3.88231e-17
2.70845e-17
3.7417e-17
1.8569e-16
-4.87091e-17
-1.13033e-16
-5.10947e-17
9.65761e-17
-1.72243e-18
-8.0474e-18
1.81338e-16
1.17561e-16
-1.20867e-16
-3.88087e-17
-1.2581e-16
6.35587e-17
-9.55599e-18
-2.30826e-17
-3.2555e-17
-1.07368e-16
3.04589e-18
-3.76246e-18
6.63614e-17
1.90761e-17
1.16499e-16
-5.72641e-17
5.50848e-17
-2.11328e-16
-3.91888e-17
1.32812e-16
-1.10139e-16
-3.28511e-17
-1.3553e-17
-1.70992e-16
-1.00744e-16
8.79487e-17
-3.70989e-17
1.1266e-16
-1.26906e-17
1.4863e-16
-3.41853e-19
1.67865e-16
1.36782e-16
2.9187e-17
4.67891e-17
1.1603e-16
-7.02117e-17
-8.13339e-17
7.83651e-17
9.74462e-18
-1.67039e-16
2.95686e-16
-1.12828e-16
-6.33282e-17
-1.14645e-16
-1.94874e-16
-1.12824e-16
-6.74242e-17
-1.15932e-16
-1.64716e-16
-1.65693e-17
5.81967e-18
9.79543e-17
-6.51369e-17
9.22653e-17
-2.01683e-17
2.75142e-17
-2.85923e-17
1.64864e-16
-1.11744e-17
3.05453e-17
-3.45153e-17
-1.12422e-16
-1.36581e-16
2.01971e-17
-8.32433e-18
1.16062e-16
-5.50444e-17
-8.562e-17
-1.36628e-16
1.37974e-17
-8.83962e-18
-1.08958e-17
1.6577e-16
-8.97548e-17
2.08348e-16
2.30254e-17
7.31582e-17
-3.31188e-17
1.33878e-16
-1.6341e-16
-3.91109e-17
1.2335e-16
-1.41652e-16
-1.05028e-16
-1.99947e-16
9.15691e-18
-7.0633e-17
9.1235e-17
2.66927e-17
1.92044e-16
7.68923e-17
1.27209e-16
-6.51426e-18
-6.62548e-17
-7.2141e-17
-1.53831e-16
6.85387e-18
-3.42435e-17
-8.67753e-17
6.10163e-17
-1.25787e-16
-1.12085e-17
-1.23999e-16
-1.29221e-16
-7.39789e-17
-2.02082e-17
-3.42901e-17
-1.2955e-16
2.60535e-17
2.95472e-17
8.96389e-17
-1.71641e-16
3.45804e-17
-1.23308e-16
6.01781e-17
-6.0723e-17
1.2744e-16
-6.14054e-17
1.22921e-16
4.86634e-17
-3.4315e-16
-4.58311e-17
3.37925e-17
-7.11171e-17
4.41278e-17
3.27984e-17
-3.6817e-17
-5.89591e-17
-2.05877e-16
5.88546e-18
-2.12238e-16
6.08292e-17
7.45562e-18
-2.55185e-17
1.21522e-17
-3.92072e-18
-1.20955e-16
1.07466e-16
-1.6008e-16
9.32641e-17
2.63761e-16
-7.26658e-17
-2.39878e-16
-8.50095e-17
-5.67769e-17
5.25363e-18
-5.6458e-17
-1.22994e-18
1.12267e-17
-8.27207e-17
8.45073e-17
1.77384e-17
2.12157e-16
7.58896e-17
-1.34096e-16
-6.01844e-17
-1.58355e-17
-2.39545e-16
-1.42946e-16
-1.22296e-16
-4.36804e-17
-5.93351e-17
-7.41785e-17
-1.05747e-16
1.00102e-16
-1.36593e-17
1.20592e-16
6.16324e-17
3.93103e-17
9.91676e-17
5.59846e-17
4.98268e-17
-1.06722e-16
7.7594e-17
-2.1894e-16
9.62348e-17
-1.31534e-16
-5.30816e-17
1.13709e-16
-2.79699e-17
-7.59558e-17
-1.51576e-16
-1.29365e-16
1.3121e-17
-2.86615e-17
8.25274e-17
4.00533e-18
7.12593e-17
8.66262e-17
-1.25171e-16
8.43907e-17
-1.00585e-16
8.98455e-17
-9.42086e-17
3.9205e-17
-1.22763e-16
-1.09737e-17
-1.98152e-17
6.27212e-17
-1.34508e-16
-2.47852e-17
-1.38331e-16
-5.39927e-17
-4.77743e-17
3.15915e-17
-1.76538e-16
-5.67644e-18
-6.92032e-17
-4.60664e-17
-2.71348e-17
-1.02801e-16
3.15308e-16
4.00239e-17
7.47382e-17
-1.97528e-17
1.44578e-16
-1.50014e-16
1.14224e-16
-1.57378e-16
3.90596e-17
-3.19739e-17
1.43811e-16
6.17695e-17
6.63255e-17
-1.42361e-17
3.35142e-17
-6.96528e-17
-8.19275e-17
-2.65492e-17
7.80793e-17
1.70854e-16
-1.23715e-16
-1.47131e-16
-1.31879e-16
2.33147e-17
-5.93593e-17
-1.9883e-18
5.20364e-17
5.07992e-17
-8.83516e-18
-2.43069e-16
4.19369e-18
7.21452e-17
-1.8204e-16
3.86215e-17
-1.60756e-16
-6.25045e-19
3.38783e-17
-4.38346e-17
8.32783e-17
-6.17542e-17
9.3458e-17
-2.06425e-16
5.37077e-17
-2.64314e-17
-5.92564e-17
-1.93651e-17
-9.67932e-17
-2.03001e-16
2.92291e-17
-1.28587e-16
-4.04924e-17
-5.89387e-17
-8.93862e-17
-4.12202e-17
-7.11888e-18
-1.3655e-17
1.15696e-16
1.54197e-16
9.39018e-17
2.2514e-16
9.44212e-17
1.05833e-16
-4.29612e-17
1.65858e-16
-1.52487e-16
1.07104e-16
-1.42349e-16
1.03287e-16
-1.23938e-16
1.8772e-16
-4.84759e-17
1.04885e-16
3.24228e-17
-1.96225e-17
5.44386e-17
7.13323e-17
1.00188e-16
4.09598e-17
6.95855e-17
-9.03386e-17
4.48516e-18
-1.33875e-16
-1.26675e-17
-3.23637e-18
1.45888e-16
1.18506e-16
5.67486e-17
1.65698e-17
-7.08644e-18
-2.12162e-17
3.61147e-17
-1.04968e-16
-2.32347e-17
-1.00054e-16
-1.20012e-16
-1.56219e-17
-3.04588e-18
7.29432e-17
-1.90174e-17
9.692e-17
-1.45691e-16
-2.03805e-17
-1.1431e-17
8.83384e-18
1.16539e-18
7.73443e-17
-1.26629e-16
1.09229e-16
-3.1395e-17
-3.69864e-17
-1.54419e-16
-3.48068e-17
-6.65524e-17
3.64315e-17
4.06325e-17
3.20278e-17
5.53685e-17
-9.01314e-17
-1.18476e-17
9.17284e-17
3.69319e-17
-2.84616e-17
1.04444e-16
-1.95002e-16
1.21241e-16
-1.53402e-16
1.94892e-16
-4.91742e-17
1.92473e-16
-1.44774e-16
6.18564e-17
-6.34825e-17
1.33883e-16
1.12309e-16
9.06137e-17
8.29123e-17
4.48919e-17
-8.16883e-17
8.13423e-17
5.61859e-17
-9.60804e-17
3.67983e-17
-1.6125e-16
-5.84336e-17
-4.79573e-17
3.36453e-18
8.78015e-17
1.72573e-16
-5.02285e-19
1.19461e-16
-3.00895e-16
1.43833e-16
-2.05906e-16
7.58951e-17
-3.39683e-17
1.39482e-16
-5.60608e-18
2.14403e-16
2.18985e-16
1.82355e-16
2.51315e-16
2.87407e-16
-1.39658e-17
1.47906e-16
1.42067e-16
-8.61241e-17
1.9084e-16
3.80336e-17
-1.59923e-17
-9.82349e-17
-5.80341e-17
-4.26555e-17
-7.30153e-17
-1.22862e-16
6.20986e-17
-5.50704e-18
4.61654e-17
-5.13484e-17
6.98008e-17
7.43902e-17
-1.19681e-16
2.62464e-18
-1.35393e-16
2.45627e-16
-2.46025e-16
1.49868e-16
-7.05184e-17
1.10521e-16
-8.51081e-17
1.60607e-16
-8.86009e-17
2.77006e-19
1.5127e-17
2.19756e-17
1.65955e-16
2.85659e-16
-3.54682e-17
-3.91836e-17
-3.31233e-17
-6.02502e-17
1.99045e-16
-1.85597e-16
-9.63858e-17
1.44917e-16
5.90633e-17
7.63972e-17
4.33298e-17
-2.1036e-16
6.2413e-17
-1.38394e-16
2.14272e-16
3.07776e-17
4.67741e-16
6.57521e-17
2.12806e-16
4.18717e-17
3.77721e-16
1.06828e-17
3.21879e-16
-2.63567e-17
1.25476e-17
3.57583e-17
1.91417e-16
1.09936e-16
1.3408e-16
-1.15313e-17
1.20688e-16
-7.8072e-17
6.56362e-17
4.46851e-17
1.34501e-16
5.25701e-17
2.13686e-16
4.49094e-17
8.69577e-17
4.1011e-17
-1.45138e-16
1.12426e-16
6.68273e-17
5.11721e-17
-2.58559e-17
-1.81265e-16
-1.01462e-16
-1.878e-16
5.75056e-17
-1.81889e-16
-1.28271e-17
-1.59499e-16
2.66091e-16
-5.69817e-17
1.24938e-16
-3.79298e-17
1.97444e-16
-5.40933e-17
4.01448e-16
1.43468e-16
2.15886e-17
7.46583e-17
-1.44033e-16
3.0245e-16
-2.77988e-17
-1.08718e-16
7.09264e-17
8.7818e-17
-1.84124e-17
3.86954e-17
-4.75293e-17
-7.06666e-17
6.89651e-17
1.75789e-16
1.49785e-17
3.81637e-16
5.6165e-17
3.02968e-16
-5.83168e-17
1.33041e-16
-6.0762e-17
2.3979e-16
1.79407e-17
6.06765e-17
-1.77394e-17
5.20904e-17
3.07093e-17
1.53038e-16
-9.22448e-20
4.40513e-17
1.70359e-16
-1.00488e-17
3.26996e-17
1.88019e-16
-6.09054e-17
1.99552e-16
-3.73239e-17
1.84749e-16
2.09761e-17
4.73666e-17
9.81512e-17
4.42212e-17
-6.13331e-17
1.04413e-16
-2.2181e-16
-3.12839e-17
-1.73065e-16
9.46011e-17
-4.47296e-17
2.39964e-16
-1.02367e-16
1.29605e-16
-6.94941e-18
3.26994e-16
3.42972e-17
2.29535e-16
3.74393e-17
2.14589e-16
2.46881e-16
-7.93031e-17
1.30115e-17
-2.96435e-17
-3.80891e-17
-1.26829e-16
-1.24435e-16
3.62851e-17
7.30764e-18
1.64048e-16
-1.60963e-16
3.83184e-18
-5.41947e-17
-1.54653e-16
4.84918e-17
-1.06206e-16
-8.6632e-18
-1.54741e-17
1.08335e-16
2.54799e-18
9.28611e-17
-5.93649e-17
2.46531e-16
-2.05639e-17
1.15315e-16
-1.28997e-17
-7.0016e-17
-1.36715e-17
4.7953e-17
-2.08133e-17
1.003e-16
6.89882e-17
7.29349e-17
2.32947e-17
2.04539e-16
3.63592e-17
8.48579e-17
3.78024e-17
1.0845e-16
-6.42694e-17
2.92593e-16
1.05229e-16
8.09761e-17
3.53122e-17
-2.44438e-17
-1.1829e-19
1.64406e-16
-1.05716e-16
7.90531e-17
-8.7272e-17
1.10664e-16
2.44342e-17
1.32717e-16
3.19301e-17
1.72568e-16
-6.11576e-17
-5.70786e-17
8.03299e-19
-1.71911e-16
-5.45192e-18
3.68343e-17
1.65616e-16
-2.58548e-17
-3.42325e-17
-1.19572e-17
1.57685e-16
-5.37641e-17
1.75996e-16
1.19726e-17
9.92126e-17
2.85863e-17
2.71621e-17
-1.51235e-17
1.06652e-17
3.02019e-17
-1.53339e-16
1.26707e-16
-2.92803e-17
-1.26057e-17
-1.39995e-16
-1.07954e-16
1.98006e-16
1.79738e-17
9.74302e-17
1.56912e-17
2.09238e-18
1.16116e-16
4.15405e-17
1.65983e-18
1.87118e-16
5.66243e-17
1.69106e-16
-2.20673e-18
1.46232e-16
-6.93549e-17
8.15266e-18
2.50383e-17
7.47426e-17
2.19134e-17
1.97801e-16
-3.26314e-17
1.56185e-17
-2.36763e-17
-5.04264e-17
-6.60912e-17
2.55369e-17
-1.07374e-16
7.63202e-17
-1.40952e-16
-2.0707e-17
-6.09106e-17
5.59083e-17
-2.81252e-17
1.79134e-16
4.4953e-17
-4.62352e-18
-9.09698e-17
1.80025e-17
3.70565e-17
7.04257e-17
2.1971e-16
-2.02811e-16
8.3938e-17
2.04869e-17
1.06416e-16
2.57242e-17
3.50337e-19
-2.86661e-17
1.55137e-17
3.04588e-17
1.41168e-16
-6.36107e-17
9.97796e-19
-1.50419e-16
5.60195e-17
-2.01897e-17
-2.77984e-17
1.35756e-16
-7.04402e-17
4.67831e-17
2.2303e-16
-4.83222e-17
6.37927e-17
-1.04411e-17
6.48065e-17
5.64736e-17
7.90757e-17
1.2454e-16
2.14559e-16
6.71475e-17
1.62641e-16
-5.61273e-17
-2.57498e-17
3.968e-17
6.04714e-17
6.82323e-19
1.04718e-16
1.3536e-17
1.13783e-16
-4.52548e-17
-9.61273e-18
-7.60467e-17
7.13608e-17
-1.74413e-16
3.80941e-17
-8.80525e-17
1.38642e-16
-5.59593e-17
1.99343e-16
-2.7646e-17
1.5327e-16
-6.0541e-17
4.85062e-17
5.07473e-18
1.10686e-17
1.98591e-17
1.30312e-16
1.13527e-16
-6.54771e-17
-5.64809e-17
-2.98353e-17
3.0756e-18
3.69418e-17
-4.5057e-17
-8.77479e-18
-5.85019e-17
1.47718e-17
-8.40279e-17
-2.06477e-17
2.5017e-17
-3.89063e-17
1.35542e-16
1.3225e-17
1.44546e-16
9.414e-18
4.47225e-17
1.3559e-18
7.89051e-17
-2.1832e-17
9.19575e-17
5.94879e-17
-2.46889e-17
-1.12034e-17
1.43466e-16
5.09517e-17
1.71359e-16
-1.21041e-17
6.56176e-17
9.96855e-17
5.65549e-17
6.11902e-17
-1.3803e-16
2.30136e-19
-5.47481e-17
-7.07983e-17
1.18339e-17
-3.60293e-17
-5.94425e-17
1.80981e-17
8.2468e-17
7.8066e-17
1.57711e-16
-9.85288e-17
-1.21108e-16
-7.71054e-17
-3.7142e-17
-1.2367e-16
3.58893e-16
-1.70144e-16
6.02815e-17
-3.79525e-17
4.41414e-17
-1.27744e-16
1.98481e-16
-9.44433e-17
2.51647e-16
3.12139e-16
-1.16774e-16
-2.27821e-16
-7.95652e-17
-1.72397e-16
-7.33301e-17
9.84799e-18
1.44458e-17
1.21411e-16
4.75329e-17
1.92461e-16
9.48479e-17
7.6588e-17
-1.80504e-16
5.83121e-17
-4.77868e-17
1.11341e-16
4.74341e-18
1.6456e-16
2.08139e-16
1.67474e-16
5.64601e-18
1.61914e-16
-2.92961e-17
8.68068e-17
-3.29674e-17
-8.36412e-17
6.58416e-17
-1.68161e-16
-4.84473e-17
5.42407e-17
3.16766e-18
1.37218e-16
5.58389e-17
1.36368e-16
7.11513e-17
1.98794e-17
1.76229e-17
-6.56296e-17
-9.60549e-17
-1.05647e-16
3.79344e-17
4.47509e-17
9.18296e-17
-7.5504e-17
-6.43019e-17
1.22978e-16
-7.36316e-17
-1.31335e-16
-1.91575e-16
1.28044e-16
-2.45365e-17
2.54367e-17
1.11266e-17
6.92845e-17
-1.30733e-16
2.19507e-16
-8.1414e-17
3.34923e-17
3.13078e-16
-1.1251e-16
-2.41936e-16
-1.14393e-16
-8.62871e-17
1.14337e-16
1.29566e-16
-7.46823e-17
1.53486e-16
-1.60379e-17
2.4979e-16
5.42487e-17
9.1113e-17
-7.60662e-17
-1.45839e-16
3.04455e-17
1.97441e-16
7.40123e-17
-7.01044e-18
3.48982e-18
1.84503e-16
1.17854e-17
1.12135e-17
-8.91686e-17
6.30806e-17
-4.94442e-18
1.53504e-16
2.31774e-16
-8.66819e-17
-4.51635e-18
1.32163e-16
5.89724e-17
9.93107e-17
2.25852e-17
1.10014e-16
-5.29142e-17
6.93003e-18
-1.24864e-17
-6.44021e-18
-3.66567e-17
-1.97363e-16
-2.01829e-16
2.49936e-16
-1.2808e-16
-9.50962e-17
3.39077e-17
2.82e-17
1.72537e-16
5.21852e-17
-4.04102e-17
2.01157e-17
-8.88084e-17
-6.43978e-17
-7.22091e-17
1.05295e-16
5.10592e-17
2.11312e-16
4.52354e-17
2.93857e-17
1.60697e-16
1.02978e-16
4.17003e-18
4.01645e-17
9.19719e-17
4.66706e-17
-1.54268e-17
-4.31496e-17
4.9141e-17
3.38041e-17
2.2239e-17
-6.73435e-17
-8.67364e-17
-9.00592e-18
1.71431e-16
5.30855e-17
-9.26015e-17
1.2186e-17
1.01338e-16
4.07924e-17
2.77701e-17
-1.95614e-17
-1.96838e-16
-3.09801e-18
9.00715e-17
1.34887e-17
1.51097e-17
5.73664e-17
8.70417e-17
-9.06474e-17
-3.50961e-17
-6.67879e-17
-2.33272e-16
-9.74181e-18
-2.35619e-17
4.43491e-17
-2.12965e-16
4.80981e-17
-1.33868e-16
7.20563e-17
-1.42732e-16
9.79918e-18
-3.65661e-17
-1.20007e-16
9.61469e-17
-8.43589e-17
-9.26528e-17
1.26751e-16
-4.10454e-17
4.01194e-18
-1.28133e-17
-1.51007e-16
-3.20748e-17
-9.95417e-17
1.68006e-16
-8.07432e-17
-3.92997e-17
8.85544e-17
3.36266e-16
2.25674e-16
7.65055e-17
1.64711e-16
3.27202e-17
1.95162e-16
-3.84439e-17
-1.84561e-17
5.14814e-17
8.35219e-17
2.14222e-17
2.24809e-16
-1.56695e-16
1.00493e-16
2.75757e-17
1.19458e-16
1.05677e-16
-3.13111e-17
1.11914e-18
4.75147e-17
7.82267e-17
-1.08158e-16
-1.0025e-16
1.17587e-16
-1.78645e-16
-5.78498e-17
-3.66709e-17
-3.2558e-17
1.08883e-16
7.9327e-17
3.67856e-17
-1.55629e-16
7.47251e-17
-1.83191e-16
-5.19362e-17
-2.37479e-16
-1.57005e-17
-1.56435e-16
4.00199e-17
-8.97183e-17
1.20775e-16
-7.72851e-17
2.2256e-17
-1.03971e-16
-1.20196e-16
1.68675e-16
-5.58294e-17
-1.81455e-16
1.67313e-16
-1.4988e-18
-1.31131e-16
-5.45438e-17
3.33843e-17
-8.17069e-17
-8.14812e-17
-2.54177e-17
4.0416e-18
-1.15015e-17
7.34893e-17
5.31536e-17
2.01933e-16
-1.24707e-17
7.16733e-17
9.89991e-17
7.32777e-17
3.18158e-17
-3.19696e-17
-8.33237e-17
-5.59211e-17
-1.05501e-16
4.27423e-17
3.82207e-17
1.35108e-16
5.01137e-17
2.48895e-16
-7.67472e-17
2.12484e-16
-6.69346e-17
1.71969e-16
8.23101e-17
3.8801e-17
-6.24268e-17
7.05253e-17
2.77664e-18
-1.07313e-16
-1.04087e-16
1.54212e-16
-1.58641e-17
1.14335e-16
-9.74048e-17
-1.08034e-16
-5.44261e-17
-1.25118e-16
3.36978e-17
-1.03251e-17
1.65659e-16
6.83385e-17
7.2789e-17
-1.56737e-16
1.92415e-16
-9.91806e-17
6.12159e-17
-1.32048e-16
-6.28904e-17
-4.15942e-17
-8.3495e-17
-9.26827e-17
5.79187e-17
-4.87612e-17
-8.9949e-17
-2.63532e-17
-1.8846e-17
1.30886e-16
6.57483e-18
4.74036e-17
4.94061e-17
2.33512e-16
1.84887e-16
1.53664e-17
2.37478e-16
4.42743e-17
1.9275e-16
-6.06402e-17
1.49959e-16
2.60471e-17
2.26544e-16
9.63248e-17
3.31422e-17
8.28366e-17
-4.53345e-17
1.34655e-17
1.33245e-16
-2.79645e-17
1.79674e-16
3.04334e-18
2.52676e-16
-5.92458e-17
1.26532e-16
-7.35826e-17
1.63533e-16
-4.06762e-17
-2.21944e-17
-6.85347e-17
2.24376e-17
-1.60936e-16
8.00974e-17
-1.07483e-16
2.0025e-16
-1.11647e-16
-4.36605e-17
1.23874e-17
2.00804e-17
1.00739e-16
1.75869e-16
-3.97142e-17
7.25379e-17
1.35874e-16
2.94636e-17
1.83141e-16
1.2175e-16
1.3332e-17
4.04703e-17
-9.39963e-18
-2.31599e-17
-1.01129e-16
6.5326e-17
1.00216e-16
-1.4572e-16
7.12516e-17
7.53251e-17
3.88308e-18
7.09063e-17
9.71112e-17
-1.44095e-16
-3.70172e-17
2.99142e-16
6.22359e-18
2.19414e-16
1.42849e-16
2.25645e-18
1.0083e-16
-6.5668e-17
1.39203e-16
-1.075e-16
1.68309e-16
1.08655e-16
9.76737e-17
1.04329e-16
7.00532e-17
2.55761e-17
1.90147e-16
1.05082e-18
9.62133e-17
-1.29058e-16
9.01657e-17
-9.50204e-17
-4.85675e-17
-3.68937e-17
2.8501e-17
2.02772e-18
2.0822e-17
-1.73227e-17
1.21461e-16
4.89238e-17
-4.43241e-17
-8.35492e-17
-7.02289e-18
-8.36825e-17
-8.56582e-17
-5.11447e-17
1.29068e-16
4.67401e-17
-4.9308e-17
4.85801e-17
-4.23508e-17
1.16059e-17
-4.99148e-17
5.65927e-17
9.13404e-17
1.14748e-16
-4.83859e-17
-2.81916e-17
-6.39097e-17
-3.3917e-17
1.1816e-18
2.09144e-17
-1.5233e-16
-8.13108e-17
8.03428e-17
-3.0168e-17
2.49557e-17
2.13564e-16
8.42266e-18
1.91202e-16
1.21599e-16
-5.59976e-17
1.12157e-16
-4.00909e-17
-5.36563e-17
9.62601e-17
-4.91976e-17
-8.80226e-17
1.03036e-16
-2.79713e-17
3.2412e-17
-4.1338e-17
2.64186e-17
-2.66309e-17
5.08214e-17
-1.49527e-16
1.62309e-17
-1.89921e-16
-4.60728e-17
-2.23195e-16
-3.8271e-17
-8.52092e-17
-5.2462e-17
-7.70576e-17
-1.10972e-16
-1.33408e-16
-8.52893e-17
1.56251e-16
-9.23914e-17
-4.82061e-17
-7.05588e-17
-3.48053e-17
-1.11728e-16
-1.34084e-16
-5.19532e-17
4.17641e-18
-1.28718e-18
5.40187e-18
-4.2692e-18
-8.1642e-18
5.84583e-17
-5.67638e-17
1.21051e-16
1.27701e-16
1.2543e-16
-1.18395e-17
-1.45192e-16
-1.51458e-16
-1.49359e-16
-1.70637e-16
5.35513e-17
-1.03581e-18
1.72903e-16
2.14594e-17
1.64851e-16
1.93907e-16
7.60511e-17
2.07251e-16
8.85754e-17
2.04953e-17
1.00391e-16
-1.8019e-17
-4.26237e-17
-7.07624e-17
3.66357e-17
-1.17954e-16
-1.08366e-16
2.70345e-17
-6.57356e-17
1.0184e-17
4.34977e-17
3.42959e-17
-1.4613e-16
6.26859e-17
-2.28167e-16
2.95289e-17
-2.05859e-16
5.91476e-18
-1.09187e-16
-3.48079e-17
-1.33308e-16
-1.53721e-17
-1.13569e-16
-1.05895e-16
-1.70218e-16
-4.84811e-17
3.60949e-17
-1.22408e-16
-4.00355e-17
2.58304e-17
-2.0988e-16
-1.04374e-16
-1.13901e-16
-2.83313e-18
-5.08151e-17
2.93807e-17
-1.51615e-16
-8.98103e-17
-1.12075e-16
6.11772e-17
-1.07104e-16
9.0686e-17
-5.22771e-17
2.82053e-17
-7.85252e-17
-1.07228e-16
-1.36444e-16
5.80311e-17
-2.41175e-16
2.50959e-16
-1.31287e-16
-4.43462e-17
-9.20992e-18
-6.62164e-17
-1.13357e-16
-1.74656e-17
2.91643e-16
1.55073e-16
9.44335e-18
3.05235e-16
1.86103e-16
-6.95759e-17
9.83325e-17
2.80364e-17
6.19689e-17
-2.03521e-16
-3.88848e-17
-1.7399e-16
-6.74447e-17
-4.81629e-17
-3.33021e-17
-2.7902e-16
-3.81173e-18
-3.39854e-16
-5.17195e-17
-2.27082e-16
-6.06719e-18
-3.489e-16
3.12669e-17
-1.34814e-16
-1.17073e-16
-1.07626e-16
-2.44577e-17
-1.17389e-16
-1.54539e-17
-9.29383e-17
6.59971e-17
-2.28832e-16
-1.7844e-16
-1.87105e-16
-1.98797e-17
-2.38946e-16
-4.51453e-17
-1.05327e-16
-1.10865e-16
-2.76631e-16
-7.97098e-17
-1.05325e-16
8.67249e-17
1.5674e-17
8.04181e-17
-1.66945e-16
-1.75893e-17
-7.2852e-17
-5.3059e-17
-3.07081e-18
-1.84165e-17
-1.70374e-16
2.04487e-16
-2.93719e-17
2.66656e-16
-1.37892e-16
2.2388e-16
-1.46823e-16
2.19749e-16
-4.96744e-18
-7.98368e-17
-1.53292e-16
-6.97218e-17
-8.86841e-17
-5.85341e-17
-1.05256e-16
-1.84584e-16
-8.56141e-17
-3.02539e-16
-4.93924e-17
-7.87872e-17
-4.17977e-17
-1.34361e-16
5.19183e-17
-1.79761e-16
-1.82516e-17
-3.43994e-16
-3.84876e-17
-4.86932e-16
-1.20368e-16
-3.37315e-16
5.54987e-17
-3.22252e-16
7.00502e-17
-4.16591e-16
-3.8183e-17
-3.68036e-16
-7.34205e-17
-4.90538e-16
-2.17353e-16
-4.22715e-16
-1.35823e-16
-2.39103e-16
-1.61771e-17
-2.22312e-16
4.06486e-17
-1.45218e-16
-2.25973e-17
-2.89554e-16
-9.82139e-18
-5.62178e-17
1.55498e-16
-8.05206e-17
6.81304e-17
-1.90264e-16
-3.75931e-17
-1.32918e-16
-1.58006e-16
-1.64192e-17
9.57542e-17
1.26898e-16
8.746e-17
8.50176e-17
7.22104e-17
-2.73745e-16
2.03577e-16
-1.57224e-16
1.57007e-16
-2.26877e-16
-1.98277e-17
8.17471e-18
5.43203e-17
-3.40188e-17
-1.05242e-16
7.8461e-17
-2.77135e-16
-9.93893e-18
-2.60921e-16
-8.32271e-17
-8.30908e-17
-4.14105e-17
-5.67745e-16
-6.12687e-17
-2.46401e-16
8.97447e-17
-3.59341e-16
-1.03886e-16
-4.81832e-16
-5.90412e-17
-2.68719e-16
4.24623e-17
-6.10292e-16
-7.47674e-17
-6.26601e-16
-3.72321e-17
-5.03074e-16
5.8225e-17
-7.36262e-16
-8.95844e-17
-3.81575e-16
-5.78567e-18
-2.61619e-16
-1.10809e-17
-1.40443e-16
3.58513e-17
-1.97924e-16
7.41373e-17
-1.94122e-16
6.48564e-17
-2.50176e-16
1.02542e-16
-2.22417e-16
-7.07192e-17
-3.24249e-17
8.16874e-17
3.45379e-17
3.30126e-17
7.34115e-17
3.17637e-17
4.36383e-16
1.28185e-16
8.82815e-17
-3.03139e-17
-1.57599e-17
3.00981e-16
-1.15236e-16
1.45635e-16
-1.7489e-17
-1.57479e-16
-7.39125e-18
-7.71572e-17
-1.34074e-16
-2.06671e-17
-4.85215e-17
-3.52526e-16
-1.4417e-16
-2.37674e-16
-2.20943e-17
-3.63293e-16
-1.86501e-16
-4.39618e-16
-2.17571e-16
-3.0223e-16
2.53787e-18
-5.08721e-16
1.41197e-16
-3.60153e-16
1.16969e-17
-5.46424e-16
-5.48242e-17
-6.55294e-16
1.16791e-16
-4.69207e-16
4.80308e-17
-6.36268e-16
-1.82236e-16
-3.86789e-16
-1.12275e-16
-4.05591e-16
-8.923e-17
-2.14627e-16
-8.25713e-19
-2.67534e-16
4.72552e-17
-2.08969e-16
5.35879e-17
-1.76749e-16
6.65731e-17
-2.87815e-16
1.29745e-16
-1.92694e-16
3.85368e-17
-5.09062e-17
7.72545e-17
4.95426e-17
-2.38716e-17
1.99891e-16
-1.63718e-16
4.53544e-16
6.43563e-17
2.00594e-16
4.70576e-17
2.80975e-16
1.03497e-16
-4.12898e-17
2.77433e-16
3.66392e-17
2.6042e-16
-3.5248e-17
1.16707e-16
-6.48893e-17
2.37355e-17
-6.69857e-17
-3.45054e-16
-1.93877e-16
-5.15397e-16
-1.89207e-16
-2.3968e-16
-7.0871e-17
-2.51715e-16
-1.80531e-16
-2.8467e-16
-1.95064e-17
-3.09733e-16
2.54429e-17
-3.24359e-16
-1.01262e-16
-2.82851e-16
-1.43858e-17
-4.1838e-16
8.03546e-17
-3.93773e-16
-8.35598e-17
-3.66919e-16
7.19565e-17
-3.49745e-16
1.2233e-16
-1.51598e-16
3.64026e-18
-4.81734e-17
6.30083e-17
-1.70936e-16
5.02552e-17
-1.39483e-16
5.09343e-18
-2.41316e-17
8.95489e-17
-2.06639e-17
2.87153e-16
-9.45007e-17
2.15831e-16
-1.19055e-16
2.02253e-16
2.61091e-17
1.48655e-17
6.62698e-17
-6.72191e-17
-2.09422e-17
9.42711e-17
1.54394e-16
8.46878e-17
-2.05816e-18
2.33376e-16
9.70242e-17
4.65069e-17
-6.93084e-17
-3.378e-17
-4.09851e-17
-1.44596e-17
-2.08132e-16
-1.24225e-16
-1.46762e-16
-1.29651e-16
-1.85796e-16
-3.96736e-16
-1.8339e-16
-1.46242e-16
-1.25897e-16
-1.25753e-16
-1.81393e-16
-1.65329e-16
3.42973e-17
-1.82961e-16
4.76368e-17
-1.96738e-16
-7.42893e-17
-7.99802e-17
1.4104e-17
-2.06197e-16
1.04415e-16
-3.81593e-16
8.42793e-17
-1.85941e-16
1.13774e-16
-2.01345e-16
9.99913e-17
-1.58881e-17
2.78689e-17
-6.01307e-17
7.94429e-17
-7.00087e-17
-9.72481e-18
4.58468e-17
-9.72885e-18
1.14899e-16
5.47461e-17
-4.61172e-18
2.62168e-16
3.16327e-17
1.64392e-16
-1.25454e-16
1.09361e-16
-2.92118e-17
4.53547e-17
-3.49794e-17
-8.81152e-17
-4.7378e-17
2.40323e-16
1.70371e-16
3.00957e-17
4.76429e-17
1.05116e-16
2.02904e-16
4.932e-17
-4.8392e-17
-9.99347e-17
-3.84396e-17
-4.69119e-17
-1.1381e-16
-1.89986e-16
-4.49114e-17
2.72896e-18
-1.39514e-16
-1.9006e-16
-8.32379e-17
-1.06238e-16
-8.04454e-17
1.61966e-17
-1.23936e-16
-2.26426e-16
-6.21627e-17
6.42801e-17
-3.03916e-17
-1.10589e-16
-1.0967e-16
-3.84997e-17
-6.40346e-18
-1.39417e-16
-3.86724e-17
-1.64778e-16
-1.15585e-16
-1.94425e-17
1.84174e-16
-3.17692e-17
2.1447e-16
-1.7846e-17
1.48775e-16
-1.32622e-16
4.84275e-17
1.3182e-16
1.18395e-17
-2.35583e-17
1.04972e-16
-1.15439e-16
8.75492e-17
8.81113e-18
1.11847e-16
6.3155e-17
2.54302e-16
-1.50569e-16
3.07935e-16
-4.51744e-17
5.51483e-17
-1.52013e-16
-3.3693e-17
-1.94527e-16
-4.93238e-17
1.04496e-17
-1.92665e-17
-5.23241e-17
8.4393e-17
2.21328e-16
-3.61616e-17
1.66557e-17
5.43713e-17
1.73542e-18
4.13757e-17
-7.22337e-17
-2.08649e-16
-1.58765e-17
1.5638e-16
-1.59353e-16
-6.86237e-17
-1.92798e-16
-2.20435e-16
-6.42095e-17
-2.5387e-18
-8.25205e-17
-2.68849e-17
2.84528e-17
-4.07087e-17
-4.17807e-17
-2.75651e-16
-1.01305e-16
-2.0441e-16
1.45414e-16
-2.48029e-16
1.25072e-16
-2.58941e-16
-2.10501e-17
-2.06461e-16
5.37283e-17
-1.28226e-16
6.17064e-17
-2.98292e-16
1.68687e-16
-8.13078e-17
1.59965e-17
-7.73131e-17
4.35919e-17
-1.3108e-16
-2.1331e-17
-1.58631e-16
1.0953e-16
-4.55392e-17
2.69679e-16
1.01209e-17
1.80722e-16
1.30323e-16
9.84728e-17
-2.72404e-16
-1.85525e-17
5.14487e-17
1.41047e-16
-1.96819e-16
-2.37821e-18
9.07686e-18
8.2512e-17
2.61052e-17
2.05976e-16
2.60387e-16
4.8337e-18
-1.4509e-16
-1.08054e-16
-3.91674e-17
-1.66576e-16
-4.51664e-17
-1.00282e-16
-1.65225e-16
-7.60749e-17
-2.71568e-16
-8.50369e-17
-6.4362e-17
-3.01901e-16
-1.78582e-16
-2.26694e-17
-4.63959e-17
-3.03799e-17
-6.20376e-17
-1.23157e-16
-1.95928e-17
-1.68256e-17
-1.71013e-17
-2.98909e-16
5.08722e-17
-9.84386e-17
1.37679e-16
-2.56431e-16
2.07797e-17
-1.91437e-16
1.53742e-17
-1.33561e-16
1.61283e-16
-3.09865e-16
2.28247e-17
-2.48077e-16
1.37524e-17
-2.74825e-16
1.37747e-16
-1.486e-16
1.68243e-16
-7.85102e-17
2.25576e-17
-2.26413e-16
2.40993e-17
-1.58285e-16
1.42116e-16
1.17463e-16
2.61688e-16
-2.83761e-16
1.3278e-16
-3.53865e-17
1.87883e-16
-1.86879e-16
-1.2874e-17
-2.04545e-16
-6.84482e-17
1.49287e-16
3.41109e-18
3.48558e-17
9.46002e-17
5.34611e-17
-7.55342e-17
-7.31052e-17
-1.51509e-16
-1.16637e-16
-4.12628e-17
-8.46871e-17
-1.7572e-16
-3.02386e-16
6.62365e-17
-5.56157e-17
-2.83374e-16
-6.3531e-17
-7.01121e-17
2.50013e-17
-2.19701e-16
-9.9785e-17
-6.82731e-17
-1.89629e-16
3.01e-17
2.11876e-17
-1.57278e-16
4.4943e-17
-3.28919e-17
1.30929e-16
-2.43324e-16
9.27558e-17
-2.07178e-16
6.0462e-17
-2.02119e-16
-1.59887e-17
-2.86139e-16
1.44464e-16
-2.70343e-16
6.22086e-17
-1.07543e-16
-1.49593e-16
-2.39747e-16
1.6443e-16
-1.08747e-16
1.51497e-16
-1.42596e-16
1.81575e-16
-1.82748e-16
9.31575e-17
-8.63732e-17
2.27334e-16
-1.08678e-16
-1.62049e-18
-2.87487e-16
1.00973e-17
-1.09373e-16
1.39536e-16
-4.26182e-16
1.15269e-16
7.82501e-17
2.58776e-17
1.54871e-17
-3.14025e-17
-2.06991e-18
1.18874e-16
2.12798e-17
2.17492e-16
1.07168e-16
2.61888e-17
-8.41583e-17
-2.63618e-16
-2.00561e-16
-2.9115e-16
-1.1611e-16
-1.34086e-16
-1.17072e-16
-1.67033e-16
5.26887e-17
-1.91992e-16
-2.06117e-16
-9.66168e-17
-2.43675e-16
-1.07975e-16
-4.03729e-17
-3.60927e-16
8.02247e-18
-1.31409e-16
1.60079e-17
-1.66597e-16
9.10682e-17
-3.39012e-16
3.7864e-17
-1.7446e-16
8.19127e-17
-3.26514e-17
8.55041e-17
-3.34948e-16
7.83988e-17
-1.46142e-16
9.96763e-17
-2.03739e-16
2.10126e-16
-3.67152e-16
-1.04517e-16
-2.10257e-16
1.26202e-16
-1.79706e-16
2.52698e-16
-1.77941e-16
9.79038e-17
-6.33026e-17
-5.44174e-17
-1.76564e-16
6.20417e-17
-9.38797e-17
2.23959e-16
-2.67094e-16
2.12459e-16
-2.76853e-16
2.00594e-17
1.99491e-17
4.5153e-17
-1.51975e-16
-1.7525e-16
-1.14835e-16
-9.79964e-17
8.62669e-17
5.31511e-17
-2.20274e-16
-5.81763e-16
-2.28878e-16
-3.60808e-16
7.11739e-17
-7.68509e-17
-6.13371e-17
-5.11709e-17
6.23298e-17
-2.02083e-16
-1.18473e-16
-2.16952e-16
-2.23208e-16
-3.57243e-16
-7.9083e-17
-4.09691e-16
-2.78114e-17
-1.22402e-16
1.12686e-16
-2.73899e-16
1.34645e-16
-1.7498e-16
8.3742e-17
-5.76629e-16
-7.33656e-17
-2.44637e-16
2.56593e-17
-5.24535e-16
5.12526e-17
-2.97763e-16
7.57899e-17
-7.98813e-17
1.80147e-16
-1.58415e-16
1.98391e-16
-1.83638e-16
7.26578e-17
3.51613e-17
1.27211e-16
-2.13407e-16
2.24881e-16
1.40287e-16
-7.31887e-18
-3.04743e-16
6.10029e-17
-1.49083e-16
1.68527e-16
-1.08509e-16
1.47477e-16
-3.79381e-16
9.10087e-17
-3.55563e-17
2.37527e-17
-1.7512e-17
-6.39258e-17
-7.45056e-17
6.12754e-17
-1.20353e-17
-1.04516e-18
-2.45639e-17
-2.09581e-16
-1.63144e-16
-1.01286e-16
1.04023e-16
-1.10082e-16
2.23024e-17
-1.48578e-16
-1.95661e-16
-1.29487e-16
-2.34292e-16
-3.11439e-16
-4.4393e-17
-4.12317e-16
-1.53524e-16
-3.62056e-16
-1.44436e-16
-1.21299e-16
-4.00056e-17
-4.76035e-16
1.20245e-16
-1.91804e-16
2.36234e-16
-4.0902e-16
2.24266e-16
-1.29319e-16
7.36038e-17
-2.0872e-16
-3.05039e-17
-2.6853e-16
1.3444e-16
-1.47784e-16
1.33773e-16
1.21477e-17
1.65035e-16
-1.42338e-16
3.07848e-16
-6.814e-17
1.35736e-16
4.9936e-17
2.34827e-17
7.98714e-18
8.71701e-17
-6.18922e-17
8.93286e-17
1.47052e-16
2.33787e-16
2.85147e-17
1.93359e-16
-1.90271e-16
8.88049e-17
-1.6281e-16
4.5564e-17
-1.60787e-16
-4.67246e-17
-1.01687e-16
-7.402e-18
3.419e-17
8.30755e-17
8.53956e-17
-1.41835e-16
-2.33767e-16
1.24789e-16
-7.20718e-17
4.23833e-17
-1.28015e-16
-2.23737e-16
-3.30884e-17
-6.0659e-17
-6.12681e-17
-2.58358e-16
-1.32583e-16
-2.58705e-16
-6.72822e-17
-5.55406e-17
-1.29786e-16
-4.94895e-16
-3.03051e-17
-2.17339e-16
6.03456e-18
-2.61466e-16
1.46309e-16
5.27143e-18
2.0217e-16
8.60642e-17
1.14705e-16
4.91868e-17
8.46688e-17
-1.68698e-16
8.00167e-17
-8.99911e-17
2.29171e-16
-1.42688e-17
2.02855e-16
-1.78056e-17
1.57895e-16
5.1719e-17
1.46758e-16
2.21213e-16
1.31273e-16
1.84858e-17
1.18609e-16
1.09903e-17
-1.2232e-17
2.24648e-16
2.97661e-17
4.27741e-17
9.42632e-17
2.63656e-17
5.74672e-17
-1.66642e-16
1.3132e-16
-8.00616e-17
1.42393e-16
-2.45218e-17
8.66953e-17
2.41137e-16
6.3828e-17
8.66864e-18
1.60742e-17
-1.53362e-16
1.11858e-16
-1.759e-16
-1.3846e-17
-9.76887e-17
4.38911e-17
-1.60811e-16
-1.96662e-16
-1.331e-16
-1.5292e-16
-1.29813e-16
-3.82701e-17
-1.03698e-16
-8.14659e-17
-5.78961e-17
-1.22879e-16
1.0083e-16
-7.39436e-17
1.37719e-16
-5.16615e-17
9.53508e-17
8.201e-17
1.28366e-16
-1.33348e-17
1.70468e-16
2.12369e-16
1.07689e-16
2.28842e-16
1.00367e-16
6.83908e-17
-1.85081e-17
1.70183e-16
2.41765e-16
2.15718e-17
3.81108e-16
1.64485e-16
1.68177e-16
-5.18675e-17
5.95275e-17
-2.80528e-17
7.30603e-17
4.14546e-17
3.06429e-17
-1.35878e-16
1.55749e-16
4.87419e-17
1.83645e-16
-2.04681e-17
1.92666e-16
-1.72451e-16
5.23213e-17
-2.14412e-17
-1.88913e-17
-8.13161e-17
6.17006e-17
-1.75062e-16
-2.59424e-16
-2.43582e-17
2.14372e-16
-1.90742e-16
3.17063e-16
-1.08214e-16
5.95492e-17
-1.31161e-16
2.3932e-16
-1.70414e-16
1.55271e-17
-2.19575e-16
1.30757e-16
-3.34337e-17
7.10039e-17
3.93566e-18
-1.38238e-16
3.63769e-17
1.38734e-16
1.38794e-16
-3.68418e-17
5.10503e-17
8.13907e-17
6.56976e-17
-3.13833e-17
2.15811e-17
3.31764e-18
-7.77327e-18
1.78991e-16
1.71179e-16
1.6109e-16
2.15008e-16
1.41538e-16
2.11022e-16
2.27511e-16
1.9218e-16
2.97576e-16
1.15007e-16
1.38013e-16
1.01348e-16
-4.90158e-17
7.02495e-17
9.01352e-17
8.46991e-17
3.54261e-17
3.0952e-17
-2.19288e-16
2.24564e-17
-1.13515e-17
1.48663e-16
-1.6143e-16
1.57526e-16
-3.00367e-16
-8.7771e-17
1.1423e-16
1.0207e-16
-1.4127e-16
-4.32504e-17
-1.45064e-16
-4.48651e-16
-8.40534e-17
2.2941e-16
-1.17201e-16
1.86854e-16
-2.4612e-16
-5.36879e-17
-2.3823e-16
1.50734e-16
-1.2883e-16
-4.89292e-17
-1.33585e-16
2.89694e-16
8.53786e-18
2.25657e-16
6.41074e-17
6.3448e-17
-8.00465e-17
1.41629e-16
1.62894e-16
1.31413e-16
2.42925e-16
1.64124e-16
5.30095e-17
-1.76792e-17
-1.10642e-16
-3.37189e-17
-3.84625e-17
-6.09317e-17
1.11392e-16
-9.91183e-17
2.62511e-16
4.9202e-17
3.20115e-16
1.18973e-16
1.90251e-16
3.28181e-16
2.74166e-17
1.25918e-16
1.12584e-16
1.66215e-16
8.39628e-17
1.49151e-16
1.5648e-17
-7.99483e-17
-5.05004e-17
-2.82992e-16
1.11848e-17
-2.38245e-16
7.10224e-17
-1.57188e-16
2.48101e-16
-1.66138e-16
8.41365e-17
-4.54027e-18
-4.03961e-17
-1.53767e-16
-2.30171e-17
-2.68778e-16
-2.55881e-16
-1.08955e-16
4.67351e-17
-1.54498e-16
-1.65582e-16
-1.42818e-16
-1.33165e-16
-2.23147e-16
1.16745e-16
-9.01633e-17
-6.35906e-17
-2.20949e-16
1.18436e-16
3.42639e-17
7.18214e-17
-7.12637e-17
-1.89475e-16
-1.87377e-16
-2.18934e-16
6.10434e-17
1.33345e-16
1.58024e-16
-1.40009e-16
5.92476e-17
2.1298e-16
8.17146e-17
-8.53863e-17
1.63447e-16
-5.5493e-17
2.13167e-16
-8.88552e-18
2.30872e-16
1.5708e-16
1.77144e-16
2.32458e-16
2.2834e-16
1.57798e-16
1.09054e-16
1.83235e-17
-6.79671e-18
1.55023e-16
-4.80894e-17
1.67081e-16
-4.11274e-17
6.03461e-17
-2.11806e-17
-2.07657e-16
1.08354e-16
-1.35279e-16
1.51133e-16
-1.42233e-16
1.20665e-16
-7.92118e-17
-9.27443e-17
-1.28602e-16
-9.47656e-17
-1.92121e-17
-1.23681e-16
-1.73637e-16
-9.58975e-17
-4.0069e-17
-1.18498e-16
-1.80059e-16
-2.20569e-16
3.14387e-18
-1.88694e-16
-2.06716e-16
-6.57648e-17
1.68223e-17
1.11139e-16
7.99472e-17
2.01471e-17
4.74991e-17
1.51155e-16
2.49724e-16
2.9868e-16
1.92597e-16
1.96406e-16
5.22301e-17
8.17525e-18
-4.79277e-17
-1.4589e-16
-1.00578e-16
6.09198e-17
2.17939e-16
2.27186e-16
-1.59473e-17
-1.25347e-16
-2.11727e-16
)
;

boundaryField
{
    outerWall
    {
        type            calculated;
        value           uniform 0;
    }
    axis
    {
        type            symmetryPlane;
        value           uniform 0;
    }
    nozzle
    {
        type            calculated;
        value           nonuniform List<scalar> 5(0.268861 0.268867 0.268867 0.268867 0.268861);
    }
    back
    {
        type            empty;
    }
    front
    {
        type            empty;
    }
}


// ************************************************************************* //
