/*--------------------------------*- C++ -*----------------------------------*\
| =========                 |                                                 |
| \\      /  F ield         | OpenFOAM: The Open Source CFD Toolbox           |
|  \\    /   O peration     | Version:  2412                                  |
|   \\  /    A nd           | Website:  www.openfoam.com                      |
|    \\/     M anipulation  |                                                 |
\*---------------------------------------------------------------------------*/
FoamFile
{
    version     2.0;
    format      ascii;
    arch        "LSB;label=32;scalar=64";
    class       surfaceScalarField;
    location    "0.00012";
    object      phi;
}
// * * * * * * * * * * * * * * * * * * * * * * * * * * * * * * * * * * * * * //

dimensions      [1 0 -1 0 0 0 0];

oriented        oriented;

internalField   nonuniform List<scalar> 
7275
(
0.00301962
-0.00196075
0.00648878
-0.00186218
0.0107022
-0.00169076
0.0157003
-0.00148513
0.0212607
-0.00129476
0.0269788
-0.00115221
0.0324063
-0.00107092
0.0371732
-0.00104528
0.0410515
-0.00105503
0.0439613
-0.00107127
0.045944
-0.00107468
0.0471115
-0.00104933
0.0476045
-0.000989383
0.0475536
-0.000886986
0.0470731
-0.000751749
0.0462353
-0.0005744
0.0450905
-0.00036518
0.0436562
-0.000117078
0.041935
0.00016511
0.0399026
0.000490492
0.0375359
0.000853317
0.0348104
0.00125021
0.0317017
0.00167518
0.0281903
0.00212184
0.0242767
0.00256894
0.0199777
0.00299701
0.0153318
0.00338277
0.0103971
0.00370266
0.00525345
0.00393246
0.00405276
0.0030773
-0.00383966
0.00658717
-0.00365221
0.0108202
-0.00333032
0.0158091
-0.00293977
0.021344
-0.00258481
0.027025
-0.00231408
0.0324219
-0.00216562
0.0371682
-0.00211689
0.0410419
-0.00213757
0.0439603
-0.0021686
0.0459601
-0.00217336
0.0471483
-0.00212055
0.0476608
-0.00199709
0.0476338
-0.00179667
0.0471755
-0.00152555
0.0463634
-0.00117543
0.0452357
-0.000749052
0.0438195
-0.000254188
0.042121
0.00030723
0.0401083
0.000962161
0.0377598
0.00169145
0.0350524
0.00248872
0.0319506
0.00335369
0.028436
0.00426184
0.0245103
0.00517016
0.0201897
0.00604093
0.0155078
0.00683135
0.0105235
0.00748894
0.00531961
0.00796253
0.00821096
0.00318568
-0.00556163
0.0067728
-0.00530496
0.0110395
-0.00486963
0.0160187
-0.00434599
0.0214989
-0.00386105
0.0271102
-0.00349578
0.0324495
-0.00330592
0.0371572
-0.00323961
0.0410243
-0.00327601
0.0439594
-0.00331831
0.0459924
-0.00332106
0.0472129
-0.00322832
0.0477749
-0.00305337
0.0477982
-0.00275562
0.0473775
-0.00233702
0.0466028
-0.00181572
0.0455244
-0.0011856
0.0441534
-0.000440337
0.0424928
0.000409141
0.0405217
0.00139372
0.038215
0.00249526
0.0355304
0.00371851
0.0324441
0.00503863
0.028934
0.00642922
0.0249912
0.00783087
0.0206256
0.0091828
0.0158698
0.0104166
0.0107838
0.0114484
0.00545601
0.0121948
0.0125877
0.00333249
-0.00705992
0.00702637
-0.00675643
0.0113404
-0.006265
0.016297
-0.00566798
0.0216982
-0.00510839
0.0272296
-0.00471821
0.0324756
-0.00449461
0.0371493
-0.00445316
0.0410023
-0.00448966
0.0439547
-0.00453799
0.046032
-0.00453815
0.0473285
-0.00442049
0.0479507
-0.00417132
0.0480297
-0.00377039
0.0476777
-0.00321878
0.0469759
-0.00253236
0.045958
-0.00168744
0.0446455
-0.000691103
0.0430519
0.00043856
0.0411452
0.0017632
0.0388946
0.0032551
0.0362682
0.00491351
0.033211
0.00673074
0.0297033
0.00864606
0.0257373
0.0105834
0.0213063
0.0124756
0.016438
0.0142159
0.0111939
0.0156813
0.00567148
0.0167477
0.0173115
0.00349257
-0.0082637
0.00732703
-0.00796749
0.011685
-0.0074591
0.0166074
-0.00686761
0.0219348
-0.00632696
0.0273449
-0.00594866
0.0325158
-0.00576668
0.0371209
-0.00574245
0.0409715
-0.00580775
0.0439682
-0.0058676
0.0461094
-0.00585198
0.047463
-0.00568275
0.0481811
-0.00538949
0.0483388
-0.0048665
0.0480812
-0.00419898
0.0474606
-0.00333611
0.0465274
-0.00228048
0.0453099
-0.0010416
0.0438041
0.000384626
0.0419867
0.00205129
0.0398262
0.00394506
0.0372649
0.00607842
0.0342574
0.00842728
0.0307782
0.0109113
0.0267854
0.0134634
0.0222675
0.0159804
0.0172447
0.0183177
0.0117791
0.0203033
0.00598012
0.0217592
0.0225336
0.00366599
-0.00914511
0.00761861
-0.00888323
0.0120292
-0.00843615
0.0169229
-0.00793162
0.0221473
-0.007478
0.0274607
-0.0072071
0.0325252
-0.00708933
0.0370919
-0.00713923
0.0409388
-0.00723311
0.0439714
-0.00730353
0.0461884
-0.00727884
0.0476547
-0.00707407
0.0484625
-0.00670443
0.0487371
-0.006085
0.0485758
-0.00528267
0.048054
-0.00424758
0.0472427
-0.00300347
0.0461392
-0.00150951
0.0447459
0.000204963
0.0430538
0.00222967
0.0410125
0.0045478
0.0385594
0.00718709
0.0356346
0.0101188
0.0321948
0.0132453
0.0281796
0.0165057
0.0235575
0.0197616
0.0183363
0.0228206
0.0125765
0.0254478
0.00640278
0.027392
0.0284344
0.00382207
-0.0096779
0.00787597
-0.00948322
0.0123224
-0.0091665
0.0171736
-0.00882351
0.0223212
-0.00855797
0.0275159
-0.00844252
0.0325196
-0.00848331
0.0370393
-0.00861668
0.0409014
-0.0087737
0.0439874
-0.00885882
0.0462964
-0.0088341
0.04787
-0.00859035
0.0487929
-0.00814377
0.0491959
-0.00744041
0.0491563
-0.0064987
0.0487826
-0.00531866
0.0480937
-0.00385872
0.0471382
-0.00212759
0.0458901
-9.87477e-05
0.0443662
0.0022646
0.0424801
0.00503992
0.0401696
0.00822475
0.0373739
0.0117884
0.0340067
0.015653
0.0299831
0.019743
0.0252447
0.023886
0.0197786
0.0278327
0.0136393
0.0312673
0.00696975
0.0338381
0.035231
0.00392962
-0.00985436
0.00806462
-0.00976548
0.0125221
-0.009627
0.017331
-0.00952872
0.0223918
-0.00952369
0.0275002
-0.00964036
0.0324355
-0.00989343
0.0369475
-0.0101734
0.0408487
-0.0104238
0.0440239
-0.0105508
0.0464325
-0.0105166
0.0481265
-0.0102418
0.0491856
-0.00972944
0.0497248
-0.00894297
0.0498406
-0.00788381
0.0495985
-0.00653586
0.0490837
-0.0048992
0.0482997
-0.00292087
0.047247
-0.000582606
0.0459192
0.00213615
0.0442491
0.00537579
0.0421437
0.00915171
0.0395284
0.0134184
0.036281
0.0181301
0.0322778
0.0231979
0.0274206
0.0284156
0.0216621
0.0334672
0.0150419
0.0379329
0.00772443
0.0413221
0.043185
0.00398299
-0.00969021
0.0081385
-0.00972735
0.0125875
-0.00982497
0.0173394
-0.0100213
0.0223189
-0.0103386
0.0273789
-0.0107756
0.0322809
-0.0112846
0.0368105
-0.01177
0.040772
-0.012153
0.0440472
-0.0123544
0.0465854
-0.0123348
0.0484197
-0.0120381
0.0496309
-0.0114739
0.0503265
-0.0106136
0.0505857
-0.00942866
0.0505383
-0.00796575
0.0502042
-0.00613425
0.0496345
-0.00393248
0.0488126
-0.00128524
0.0477414
0.00179926
0.0463426
0.00551884
0.0445172
0.00992046
0.0421585
0.0149691
0.0391009
0.0206518
0.0351689
0.0268732
0.0302053
0.0333978
0.0241085
0.0398338
0.0168875
0.0456307
0.00872854
0.0501051
0.0526141
0.00396515
-0.00922417
0.00808698
-0.00940428
0.012478
-0.00976379
0.017163
-0.0102997
0.0220788
-0.010985
0.0270991
-0.0117897
0.0320116
-0.0126166
0.036597
-0.0133594
0.0406572
-0.0139248
0.0440599
-0.01424
0.046746
-0.0142688
0.048746
-0.0139825
0.0501146
-0.013372
0.0509752
-0.0124576
0.0514418
-0.0111988
0.0515715
-0.00959481
0.0514508
-0.00760053
0.0511314
-0.00519913
0.0505967
-0.00226486
0.0498356
0.00119681
0.048793
0.00539467
0.047337
0.0104729
0.0453357
0.0163766
0.0425663
0.0231621
0.0387864
0.0307382
0.0337534
0.0388503
0.0272807
0.0470258
0.0193189
0.054556
0.0100709
0.0604888
0.0639096
0.00386867
-0.008511
0.00789101
-0.00883869
0.0121792
-0.00946999
0.0167726
-0.0103614
0.0216343
-0.0114469
0.0266397
-0.012644
0.0315983
-0.0138342
0.0362817
-0.014882
0.04048
-0.0156827
0.0440454
-0.0161631
0.0469062
-0.0162863
0.0490801
-0.0160437
0.0506458
-0.0154407
0.0516942
-0.0144873
0.0523348
-0.0131581
0.0526889
-0.0114726
0.0528322
-0.00935318
0.0527907
-0.00674967
0.0525956
-0.00356117
0.0522134
0.000230989
0.0516116
0.00494528
0.0506548
0.0107072
0.0491363
0.0175455
0.0467916
0.0255596
0.043288
0.0347089
0.0382614
0.0447384
0.0313959
0.0550988
0.0225351
0.0649013
0.0118812
0.07282
0.0775669
0.00369348
-0.00762284
0.00754722
-0.00809054
0.011684
-0.00898232
0.0161626
-0.0102206
0.0209622
-0.0117024
0.0259748
-0.0133036
0.0310128
-0.0148814
0.0358354
-0.0162738
0.040212
-0.0173593
0.0439781
-0.0180635
0.0470455
-0.0183383
0.049424
-0.0181931
0.051186
-0.0176398
0.0524356
-0.0166925
0.0533064
-0.0153506
0.0538932
-0.0136026
0.054301
-0.0113934
0.0545906
-0.00864215
0.0547957
-0.00523265
0.0548809
-0.00106925
0.0548353
0.00406523
0.0544969
0.0105162
0.0536325
0.0183226
0.0519023
0.0276784
0.04886
0.0386242
0.0439773
0.050944
0.036745
0.0640385
0.0268174
0.0768375
0.0143536
0.0874978
0.0942385
0.003443
-0.00664028
0.00706259
-0.00723073
0.0109993
-0.00835325
0.0153321
-0.00990364
0.0200616
-0.0117518
0.0250912
-0.0137418
0.0302336
-0.0157104
0.0352286
-0.0174699
0.0398202
-0.0188819
0.0438263
-0.0198708
0.047131
-0.0203557
0.0497403
-0.0203747
0.0517262
-0.0199351
0.0532005
-0.0190538
0.0542996
-0.017746
0.0551481
-0.0159958
0.0558552
-0.0137448
0.0565161
-0.0109122
0.0571832
-0.00735106
0.0578296
-0.00288912
0.0584448
0.00266968
0.0589008
0.00971558
0.0588936
0.0185048
0.0580288
0.0292765
0.0557156
0.0422185
0.0512093
0.0572244
0.0437176
0.0737143
0.0325708
0.0904801
0.0177875
0.104983
0.11483
0.00312531
-0.00564992
0.00645321
-0.00633721
0.0101443
-0.00764607
0.0143
-0.00945217
0.0189426
-0.0116117
0.0239875
-0.0139485
0.029248
-0.016289
0.0344378
-0.0184129
0.0392777
-0.0201814
0.043549
-0.0214978
0.0471249
-0.0222606
0.0499943
-0.0225142
0.0522298
-0.0222644
0.0539462
-0.0215191
0.0552972
-0.0203161
0.0564267
-0.0186331
0.0574722
-0.0164181
0.0585419
-0.013575
0.0597219
-0.00994813
0.0610277
-0.00531097
0.062424
0.000509576
0.0638496
0.00814309
0.0649659
0.0178396
0.0652915
0.0300222
0.0640849
0.0450903
0.0603327
0.0631611
0.0528376
0.0838101
0.0403916
0.105829
0.022658
0.125808
0.14067
0.00275742
-0.00473533
0.00574112
-0.00548629
0.00915049
-0.00693083
0.0130969
-0.00891688
0.0176319
-0.0113165
0.0226844
-0.0139374
0.0280473
-0.0165884
0.0334472
-0.0190702
0.0385551
-0.0211967
0.0431138
-0.0228631
0.0469884
-0.0239641
0.0501465
-0.0245211
0.0526521
-0.0245355
0.054635
-0.0240145
0.0562582
-0.0229999
0.05769
-0.0214723
0.0590926
-0.0193825
0.0606066
-0.0166271
0.0623493
-0.0130391
0.0644069
-0.00837153
0.06674
-0.00229256
0.0693336
0.00560994
0.0718576
0.0160501
0.0737756
0.029496
0.0741959
0.0466759
0.0717911
0.0680956
0.064807
0.0937218
0.0511807
0.122647
0.029757
0.15057
0.173831
0.00235146
-0.00396887
0.00495664
-0.00474902
0.00805687
-0.0062695
0.0117656
-0.00835441
0.0161639
-0.0109057
0.0211932
-0.0137288
0.0266559
-0.0166298
0.0322566
-0.0194221
0.0376329
-0.021881
0.0424925
-0.0238989
0.0466833
-0.0253776
0.0501455
-0.026291
0.0529522
-0.0266552
0.0552182
-0.0264369
0.0571327
-0.025709
0.0588846
-0.0244388
0.0606669
-0.0225854
0.062656
-0.0200403
0.0650169
-0.0166363
0.0678833
-0.012111
0.0712895
-0.00605438
0.075238
0.00195402
0.0794932
0.0127784
0.0834922
0.0271718
0.086236
0.0462255
0.0860764
0.0710549
0.0805421
0.102404
0.0662829
0.140243
0.0403022
0.17996
0.217563
0.00192824
-0.00341431
0.00414637
-0.00419807
0.00689448
-0.00572645
0.0103486
-0.00783547
0.0145853
-0.010444
0.0195656
-0.0133762
0.0251073
-0.0164483
0.0308663
-0.0194528
0.0364985
-0.0222154
0.0416671
-0.0245693
0.0461788
-0.0264287
0.0499649
-0.0277403
0.0530677
-0.0284984
0.0556394
-0.0286819
0.0578631
-0.0283355
0.0599491
-0.0274298
0.0621228
-0.0259354
0.0646043
-0.0237447
0.0676064
-0.0206935
0.071336
-0.0165289
0.075936
-0.0108045
0.0813941
-0.0030078
0.0877135
0.00767009
0.0943326
0.0224756
0.100285
0.0428071
0.103676
0.0706597
0.101247
0.108087
0.0881432
0.156675
0.0572485
0.214142
0.278053
0.00150565
-0.00311694
0.00332887
-0.00387802
0.00572246
-0.0053551
0.00890047
-0.00742008
0.0129474
-0.00999884
0.0178446
-0.0129414
0.023417
-0.0160832
0.0293195
-0.0192153
0.0351816
-0.0222115
0.0406288
-0.0248473
0.0454462
-0.0270672
0.0495487
-0.0287911
0.0529743
-0.0299924
0.0558548
-0.030632
0.0583843
-0.0307453
0.0608033
-0.0303118
0.0633866
-0.0293237
0.0663554
-0.02762
0.0700105
-0.0251231
0.0746108
-0.021553
0.0804215
-0.0165023
0.0875969
-0.00940902
0.0961777
0.000514386
0.105988
0.0148336
0.116185
0.0353607
0.124845
0.0651242
0.1277
0.108484
0.116909
0.170639
0.0795066
0.254527
0.360401
0.00109057
-0.00309908
0.00252875
-0.0038164
0.00458476
-0.00520176
0.00747145
-0.00716312
0.011304
-0.00963339
0.0160967
-0.0125015
0.0216471
-0.0155902
0.027657
-0.0187749
0.033686
-0.0218871
0.0393849
-0.0247575
0.0444887
-0.0272884
0.0488862
-0.0293967
0.0526189
-0.0310581
0.0557994
-0.0321834
0.0586447
-0.0328299
0.0614056
-0.0329623
0.0643442
-0.0325612
0.0677958
-0.0315299
0.0720716
-0.0297706
0.0775185
-0.027053
0.0845187
-0.0230389
0.0934118
-0.0171892
0.104436
-0.00863979
0.117898
0.00388652
0.133479
0.0227837
0.150227
0.0516023
0.1655
0.0964044
0.172402
0.166666
0.134048
0.295411
0.496673
0.000711151
-0.00338577
0.00178134
-0.00403928
0.00350016
-0.0053142
0.00610284
-0.00712614
0.00971859
-0.00941721
0.0143473
-0.0120996
0.01986
-0.0150712
0.0259125
-0.0181941
0.0320757
-0.0213316
0.0379678
-0.0243402
0.0433118
-0.0271119
0.0479802
-0.0295601
0.0519755
-0.0316374
0.055446
-0.0332738
0.0585839
-0.0344809
0.0616529
-0.0352376
0.0649465
-0.0355219
0.0688169
-0.0352793
0.0736484
-0.0344415
0.0798504
-0.0328159
0.0879199
-0.0301865
0.0984046
-0.0261309
0.111886
-0.0199096
0.128894
-0.0103457
0.150312
0.00466247
0.175562
0.0297261
0.200726
0.0744162
0.218145
0.151959
0.175812
0.339766
0.673816
0.000316965
-0.00385245
0.000928972
-0.0044264
0.00208878
-0.00560363
0.00396925
-0.00726171
0.00668856
-0.00937362
0.0102818
-0.011878
0.0146227
-0.014683
0.0194621
-0.0176961
0.0244447
-0.02078
0.0292557
-0.023826
0.0336626
-0.0267242
0.0375521
-0.0293896
0.0409199
-0.0317628
0.0438727
-0.0337828
0.0465681
-0.0354382
0.0492183
-0.0367115
0.0520694
-0.0375844
0.0554267
-0.0380433
0.0595908
-0.0380086
0.0649772
-0.0374114
0.0720521
-0.0361137
0.0813442
-0.0338065
0.093615
-0.0300601
0.109916
-0.024101
0.131835
-0.0144747
0.16266
0.00174583
0.209764
0.0299223
0.284556
0.0792587
0.441231
0.184477
0.370932
0.744555
8.3227e-05
-0.00450244
0.000520025
-0.00501875
0.00150446
-0.00606516
0.00322146
-0.00756462
0.00579762
-0.00947538
0.00927134
-0.0117634
0.0135422
-0.0143671
0.0183482
-0.0172068
0.02335
-0.020184
0.0282153
-0.0231994
0.0327071
-0.0261605
0.0367033
-0.0289838
0.0401938
-0.0316048
0.0432806
-0.0339741
0.0461148
-0.0360551
0.0489098
-0.0378394
0.0519207
-0.039317
0.0554371
-0.0404872
0.0598193
-0.0413317
0.0654804
-0.0418411
0.0729073
-0.0419772
0.0827442
-0.041639
0.0958728
-0.0407099
0.113534
-0.0388814
0.137761
-0.0356276
0.1722
-0.029605
0.223657
-0.0187593
0.305882
-0.000836875
0.459986
0.0316826
0.0894464
0.741535
-7.75685e-05
-0.0053412
0.000145339
-0.00578507
0.000977241
-0.00669831
0.00254386
-0.00803505
0.00497983
-0.00973306
0.00833699
-0.0117846
0.0125209
-0.0141509
0.0172794
-0.0167755
0.0222666
-0.019588
0.0271516
-0.0225121
0.0316915
-0.0254704
0.0357612
-0.028389
0.0393468
-0.0312029
0.0425321
-0.0338636
0.0454748
-0.0363346
0.0483811
-0.0386031
0.0515044
-0.0406706
0.0551404
-0.042556
0.0596461
-0.04429
0.0654411
-0.0459302
0.0730386
-0.0475566
0.0831124
-0.0492783
0.0965723
-0.0512891
0.114834
-0.0538859
0.140288
-0.0576329
0.177566
-0.0634727
0.235552
-0.0736722
0.328172
-0.0909849
0.479107
-0.117774
-0.16686
0.735578
-0.00023198
-0.00633683
-0.000156097
-0.00672404
0.000510342
-0.00748785
0.00194259
-0.00867343
0.00424683
-0.0101511
0.00748706
-0.011954
0.0115765
-0.0140606
0.0162671
-0.0164375
0.0212148
-0.0190409
0.0260879
-0.0218184
0.0306423
-0.0247119
0.0347489
-0.0276594
0.0383904
-0.0306019
0.0416435
-0.0334926
0.0446584
-0.0362975
0.0476362
-0.0390036
0.0508242
-0.0416223
0.0545133
-0.0441933
0.0590507
-0.0467897
0.064848
-0.0495353
0.0724059
-0.0526218
0.0823654
-0.0563464
0.0955943
-0.0612018
0.113394
-0.0680142
0.137895
-0.0782749
0.172817
-0.0945844
0.225135
-0.122526
0.308436
-0.171453
0.465991
-0.273452
-0.454728
0.754395
-0.000368757
-0.00747836
-0.000425407
-0.00781146
0.000105924
-0.00843963
0.00141933
-0.00947009
0.00360252
-0.01073
0.00673013
-0.0122809
0.010721
-0.0141163
0.01533
-0.0162237
0.0202152
-0.0185837
0.0250468
-0.0211689
0.0295819
-0.0239417
0.0336896
-0.0268551
0.0373501
-0.0298598
0.0406332
-0.0329118
0.0436827
-0.0359838
0.0466905
-0.0390641
0.0498938
-0.0421737
0.0535708
-0.0453712
0.0580499
-0.0487656
0.063717
-0.052538
0.0710318
-0.056974
0.0805604
-0.0625212
0.0930357
-0.0699093
0.109507
-0.0803714
0.131709
-0.0961741
0.162887
-0.121491
0.210909
-0.166583
0.287584
-0.24474
0.451864
-0.435162
0.772217
-0.773609
0.724275
0.0199725
0.73241
-0.00909658
0.738684
-0.00764243
0.741364
-0.00427908
0.741739
-0.00205661
0.74108
-0.000973908
0.740073
-0.000476202
0.73905
-0.000238237
0.738175
-0.000121768
0.737526
-6.44073e-05
0.737128
-3.54559e-05
0.736976
-2.00834e-05
0.737042
-1.17309e-05
0.737288
-6.86276e-06
0.737669
-3.85595e-06
0.73814
-2.05343e-06
0.738659
-1.01531e-06
0.739189
-4.5253e-07
0.739701
-1.63818e-07
0.740167
-1.16244e-08
0.740572
4.20284e-08
0.7409
6.97851e-08
0.74114
6.99562e-08
0.741287
5.61855e-08
4.78807e-08
0.7685
-0.00758669
0.761952
-0.00360749
0.754358
-0.00146288
0.749041
-0.0005858
0.745507
-0.000216859
0.742971
-7.90253e-05
0.741039
-3.24549e-05
0.739552
-1.63831e-05
0.738442
-1.10518e-05
0.737674
-9.61685e-06
0.737216
-8.81368e-06
0.737032
-7.95124e-06
0.737083
-6.53686e-06
0.737321
-4.69182e-06
0.737698
-2.98987e-06
0.738166
-1.70986e-06
0.738684
-8.72578e-07
0.739214
-3.92664e-07
0.739725
-1.4904e-07
0.740192
-3.71004e-08
0.740596
4.23146e-09
0.740925
1.98845e-08
0.741165
2.12926e-08
0.741312
1.86581e-08
1.96884e-08
0.737146
-0.00958133
0.739533
-0.0069483
0.74136
-0.00463966
0.741987
-0.00279758
0.741727
-0.00162733
0.740955
-0.000934392
0.739969
-0.000525198
0.738986
-0.000291507
0.738146
-0.000162104
0.73752
-9.15428e-05
0.737138
-5.28169e-05
0.736994
-3.11885e-05
0.737065
-1.85327e-05
0.737312
-1.09363e-05
0.737694
-6.24272e-06
0.738164
-3.41395e-06
0.738683
-1.77824e-06
0.739214
-8.84505e-07
0.739725
-4.28429e-07
0.740192
-2.17271e-07
0.740596
-1.14814e-07
0.740925
-6.97632e-08
0.741165
-4.63306e-08
0.741312
-2.91777e-08
-2.16604e-08
0.776781
-0.0324499
0.767036
0.00180561
0.757146
0.00387371
0.750564
0.00218135
0.746339
0.000915482
0.743423
0.00034604
0.741282
0.000130828
0.739682
4.80806e-05
0.738513
1.51723e-05
0.737714
1.86157e-06
0.737239
-2.2574e-06
0.737048
-3.64947e-06
0.737093
-3.46503e-06
0.737328
-2.66842e-06
0.737702
-1.79175e-06
0.738169
-1.0843e-06
0.738686
-6.1105e-07
0.739215
-3.33642e-07
0.739726
-1.94571e-07
0.740192
-1.43993e-07
0.740596
-1.1798e-07
0.740925
-1.05186e-07
0.741165
-8.74915e-08
0.741312
-6.32634e-08
-4.98163e-08
0.739725
0.74069
0.743257
0.743867
0.743112
0.741828
0.740476
0.739264
0.738288
0.737587
0.737164
0.736999
0.737058
0.737299
0.737676
0.738144
0.738661
0.739191
0.739701
0.740168
0.740572
0.7409
0.74114
0.741287
-0.000634485
-0.00910363
-0.000874545
-0.00936894
-0.000357325
-0.00987738
0.00115455
-0.0106722
0.00375826
-0.0116839
0.00755813
-0.0129237
0.0124578
-0.0144124
0.0181495
-0.0161619
0.0242046
-0.0181817
0.0302113
-0.0204745
0.0358672
-0.0230287
0.0410084
-0.0258184
0.0456059
-0.0288092
0.0497429
-0.0319665
0.0535878
-0.0352699
0.057369
-0.0387154
0.0613656
-0.0423338
0.0659023
-0.0462032
0.071355
-0.0504664
0.0781545
-0.055358
0.0867913
-0.0612437
0.0978216
-0.0686866
0.111865
-0.0785624
0.129584
-0.0922544
0.151531
-0.112023
0.17769
-0.141541
0.203922
-0.186987
0.22237
-0.257945
0.179181
-0.38753
-0.590797
-0.000786937
-0.0108954
-0.00117429
-0.0111002
-0.000807176
-0.0115119
0.000585567
-0.0120862
0.00305026
-0.0128682
0.00670323
-0.0138129
0.0114522
-0.0149647
0.0169884
-0.0163553
0.0228866
-0.01802
0.0287429
-0.0199884
0.0342631
-0.0222734
0.0392876
-0.0248695
0.0437869
-0.0277583
0.0478392
-0.0309175
0.0515985
-0.0343329
0.0552754
-0.0380122
0.0591208
-0.041993
0.0634208
-0.046367
0.0684965
-0.0512965
0.0746991
-0.0570442
0.0823988
-0.0640111
0.0919594
-0.0727967
0.103687
-0.0842922
0.117737
-0.0998238
0.1339
-0.121391
0.151235
-0.151988
0.167051
-0.196067
0.174343
-0.258889
0.13585
-0.343202
-0.449525
-0.000907159
-0.0128199
-0.00141583
-0.0129685
-0.00116298
-0.0132844
0.000156889
-0.0136967
0.00250883
-0.0142551
0.0060403
-0.0149244
0.010652
-0.0157591
0.0160307
-0.0168043
0.0217542
-0.0181175
0.0274282
-0.0197514
0.032769
-0.0217399
0.0376241
-0.0240959
0.0419659
-0.0268159
0.0458677
-0.0298895
0.0494729
-0.0333104
0.0529709
-0.0370949
0.0565831
-0.041287
0.0605533
-0.0459851
0.0651434
-0.0513581
0.0706222
-0.0576731
0.0772414
-0.0653281
0.0851908
-0.0748973
0.0945178
-0.0871909
0.104985
-0.103332
0.115787
-0.124844
0.124999
-0.153659
0.128319
-0.191867
0.117794
-0.241047
0.0802498
-0.298639
-0.362477
-0.000996738
-0.0148486
-0.00159002
-0.0149518
-0.00140685
-0.0151707
-0.00011871
-0.0154489
0.00212305
-0.0158006
0.0055582
-0.0162238
0.0100495
-0.0167675
0.0152744
-0.0174909
0.0208133
-0.0184702
0.0262831
-0.0197772
0.0314118
-0.0214631
0.0360563
-0.0235555
0.0401929
-0.0260634
0.0438914
-0.0289862
0.0472855
-0.032326
0.0505433
-0.0361025
0.0538577
-0.0403664
0.0574303
-0.0452148
0.0614656
-0.0508129
0.0661552
-0.0574139
0.0716477
-0.065385
0.0779954
-0.0752346
0.0850666
-0.0876413
0.0924056
-0.103473
0.0989978
-0.12377
0.102927
-0.149622
0.1009
-0.181755
0.0879961
-0.2201
0.0572234
-0.259956
-0.297448
-0.00106934
-0.016948
-0.0017079
-0.0170239
-0.00157357
-0.0171318
-0.000299235
-0.017311
0.00187598
-0.0174671
0.00524206
-0.0176713
0.0096313
-0.0179522
0.0147093
-0.018383
0.0200596
-0.0190556
0.0253111
-0.0200568
0.0302054
-0.0214508
0.0346097
-0.0232762
0.0385057
-0.0255507
0.0419615
-0.0282814
0.0451007
-0.0314759
0.0480743
-0.0351559
0.0510463
-0.039374
0.0541798
-0.0442213
0.057628
-0.0498507
0.0615163
-0.0564894
0.065912
-0.0644564
0.0707706
-0.074175
0.0758564
-0.086176
0.0806252
-0.101077
0.0840649
-0.119513
0.084505
-0.141969
0.0794607
-0.168379
0.0655846
-0.197796
0.039963
-0.225908
-0.249082
-0.00110442
-0.019103
-0.00179088
-0.0191313
-0.00164937
-0.0191862
-0.000407956
-0.0192138
0.00175265
-0.0192196
0.005076
-0.0192244
0.00938082
-0.0192697
0.0143202
-0.0194391
0.0194811
-0.0198373
0.0245064
-0.0205626
0.0291519
-0.0216878
0.0332966
-0.0232583
0.0369285
-0.0252974
0.040115
-0.027816
0.0429711
-0.0308248
0.0456326
-0.0343459
0.0482371
-0.0384277
0.0509147
-0.0431538
0.053775
-0.0486577
0.056891
-0.0551339
0.0602706
-0.0628459
0.0638103
-0.0721274
0.067229
-0.0833682
0.0699841
-0.0969734
0.0711754
-0.113274
0.069465
-0.132364
0.0630995
-0.153787
0.0500339
-0.176302
0.0291611
-0.196513
-0.211364
-0.00113712
-0.0212804
-0.00181166
-0.0212915
-0.00166992
-0.0212553
-0.000404687
-0.0211539
0.00174124
-0.0210181
0.00504471
-0.020842
0.0092804
-0.0206753
0.0140884
-0.0206132
0.019061
-0.020771
0.0238559
-0.0212545
0.0282445
-0.0221414
0.0321185
-0.0234801
0.0354729
-0.0252959
0.0383754
-0.0276007
0.0409338
-0.0304047
0.04327
-0.0337282
0.0455
-0.0376124
0.0477258
-0.0421309
0.0500221
-0.0473945
0.0524231
-0.0535623
0.0548973
-0.0608419
0.0573117
-0.069483
0.0593814
-0.0797541
0.0606147
-0.0918945
0.0602648
-0.106026
0.0573175
-0.122016
0.0505821
-0.139261
0.0388697
-0.156528
0.0218748
-0.171296
-0.181192
-0.00113452
-0.0234757
-0.00181934
-0.0234296
-0.0016399
-0.0233277
-0.000325256
-0.0231332
0.00183144
-0.0228316
0.00513498
-0.0224865
0.00931303
-0.0221265
0.0139947
-0.0218595
0.0187798
-0.0218092
0.0233423
-0.0220857
0.0274702
-0.0227681
0.0310688
-0.0239045
0.0341405
-0.0255186
0.036754
-0.0276204
0.0390113
-0.0302174
0.0410219
-0.0333254
0.0428853
-0.0369777
0.0446794
-0.0412337
0.0464532
-0.0461828
0.0482134
-0.0519489
0.0499061
-0.0586876
0.0513894
-0.0665756
0.0523995
-0.0757839
0.0525176
-0.0864308
0.0511534
-0.098506
0.0475669
-0.111765
0.0409738
-0.125587
0.0307202
-0.138885
0.0168438
-0.149831
-0.156663
-0.00111073
-0.0256774
-0.00174634
-0.0255804
-0.0015104
-0.0253928
-0.000216839
-0.0250637
0.00201808
-0.0246338
0.00533643
-0.0241234
0.00946349
-0.0235849
0.0140206
-0.023136
0.0186175
-0.0229069
0.0229462
-0.0230093
0.0268124
-0.0235206
0.030135
-0.0244858
0.032925
-0.0259245
0.0352522
-0.0278424
0.0372138
-0.0302419
0.0389094
-0.0331327
0.040424
-0.0365392
0.041818
-0.040506
0.0431213
-0.0451018
0.0443232
-0.0504178
0.045359
-0.056565
0.0460919
-0.0636596
0.0462912
-0.0717985
0.0456157
-0.0810169
0.0436149
-0.0912282
0.0397644
-0.102147
0.033562
-0.113204
0.0246731
-0.123498
0.0132669
-0.131713
-0.136577
-0.00107467
-0.0278501
-0.00164345
-0.0277268
-0.00132773
-0.027424
-1.53057e-05
-0.0269623
0.00229882
-0.026398
0.00564072
-0.025724
0.00971868
-0.0250177
0.0141494
-0.0244061
0.0185555
-0.0240238
0.0226486
-0.0239815
0.0262531
-0.0243527
0.0293025
-0.0251768
0.0318157
-0.0264673
0.0338646
-0.0282236
0.0355425
-0.0304421
0.0369402
-0.033125
0.0381315
-0.0362871
0.0391638
-0.0399593
0.0400535
-0.0441901
0.04078
-0.0490436
0.0412765
-0.0545926
0.0414187
-0.0609066
0.0410129
-0.0680281
0.0397901
-0.0759391
0.0374158
-0.0845147
0.033528
-0.0934707
0.0278146
-0.102315
0.0201249
-0.110327
0.0106643
-0.116563
-0.120117
-0.00100415
-0.0299966
-0.001507
-0.0298114
-0.00110599
-0.0294163
0.000274378
-0.028832
0.00267387
-0.028104
0.00604194
-0.0272643
0.0100676
-0.0263982
0.0143663
-0.0256399
0.0185769
-0.0251264
0.0224319
-0.024965
0.0257753
-0.0252234
0.0285555
-0.0259334
0.0307999
-0.0271012
0.0325821
-0.0287188
0.033992
-0.0307753
0.0351135
-0.0332655
0.0360111
-0.0361946
0.0367228
-0.0395809
0.0372563
-0.0434551
0.0375863
-0.0478583
0.0376491
-0.0528333
0.0373365
-0.0584141
0.0364906
-0.0646057
0.0349047
-0.0713581
0.0323363
-0.0785328
0.0285412
-0.0858684
0.0233332
-0.0929541
0.0166637
-0.0992294
0.0087332
-0.104012
-0.106665
-0.000894454
-0.0321155
-0.00128136
-0.0318554
-0.000762642
-0.0313554
0.000660898
-0.0306173
0.00314516
-0.0297314
0.00653565
-0.0287249
0.010501
-0.0277054
0.014659
-0.0268143
0.0186671
-0.0261886
0.0222803
-0.0259301
0.0253634
-0.0260988
0.0278796
-0.0267181
0.0298645
-0.0277854
0.0313936
-0.029285
0.0325537
-0.0311988
0.0334226
-0.0335138
0.0340577
-0.0362265
0.0344898
-0.0393438
0.0347217
-0.0428821
0.0347268
-0.046863
0.0344475
-0.0513067
0.0337923
-0.0562213
0.0326357
-0.0615874
0.0308219
-0.067338
0.0281787
-0.0733354
0.0245458
-0.0793499
0.0198182
-0.0850473
0.0140018
-0.0899959
0.00727626
-0.0937025
-0.0957191
-0.000750057
-0.0341814
-0.000988209
-0.033851
-0.000322287
-0.0332152
0.00114166
-0.0323237
0.00371364
-0.0312675
0.00711821
-0.0300915
0.011011
-0.0289244
0.0150164
-0.027913
0.0188133
-0.0271916
0.0221807
-0.0268548
0.0250041
-0.0269534
0.027262
-0.0275011
0.0289977
-0.0284865
0.0302882
-0.029886
0.0312174
-0.0316743
0.0318579
-0.0338314
0.032261
-0.036346
0.0324527
-0.0392155
0.0324328
-0.0424443
0.032176
-0.0460391
0.0316316
-0.0500031
0.0307244
-0.0543267
0.0293563
-0.0589753
0.0274119
-0.063875
0.0247714
-0.068897
0.0213326
-0.0738452
0.0170425
-0.0784511
0.0119337
-0.082385
0.0061607
-0.0852886
-0.0868457
-0.000565575
-0.036179
-0.000629219
-0.0357695
5.77624e-05
-0.0349889
0.0017232
-0.0339463
0.00438122
-0.0327004
0.00778628
-0.0313535
0.0115904
-0.0300452
0.0154291
-0.0289256
0.019005
-0.0281237
0.0221218
-0.0277249
0.0246865
-0.0277695
0.0266921
-0.0282611
0.0281892
-0.0291793
0.0292559
-0.030493
0.0299732
-0.0321704
0.0304087
-0.0341852
0.0306088
-0.0365196
0.0305957
-0.0391632
0.0303681
-0.0421108
0.029903
-0.0453582
0.0291571
-0.0488964
0.0280694
-0.0527039
0.0265645
-0.0567381
0.0245582
-0.0609242
0.0219689
-0.0651462
0.0187342
-0.0692391
0.0148332
-0.0729894
0.0103101
-0.0761458
0.00529475
-0.0784465
-0.0796668
-0.000344365
-0.0380868
-0.000206709
-0.0375953
0.000600208
-0.0366802
0.00241819
-0.0354579
0.00514879
-0.0340204
0.00853615
-0.0325044
0.0122322
-0.0310627
0.0158884
-0.0298471
0.0192326
-0.028979
0.0220943
-0.0285326
0.0244016
-0.0285367
0.0261614
-0.0289845
0.0274309
-0.0298468
0.0282884
-0.0310858
0.0288119
-0.0326638
0.0290644
-0.0345496
0.0290881
-0.0367199
0.0289021
-0.0391582
0.028505
-0.0418523
0.0278762
-0.0447899
0.0269799
-0.0479536
0.0257673
-0.051315
0.0241809
-0.0548276
0.0221603
-0.0584199
0.0196511
-0.0619894
0.0166178
-0.0653991
0.0130586
-0.0684793
0.00902126
-0.0710383
0.0046135
-0.0728835
-0.0738537
-8.98764e-05
-0.0398853
0.000203856
-0.0393146
0.00126253
-0.0382623
0.00322804
-0.0368491
0.00601537
-0.0352208
0.00936318
-0.0335408
0.0129294
-0.031976
0.0163861
-0.0306775
0.019488
-0.0297569
0.0220904
-0.0292758
0.0241423
-0.0292507
0.0256634
-0.0296643
0.0267162
-0.0304794
0.0273789
-0.0316517
0.0277259
-0.0331393
0.0278158
-0.0349068
0.0276867
-0.0369267
0.0273557
-0.0391782
0.0268211
-0.0416439
0.0260656
-0.044306
0.0250594
-0.047142
0.0237642
-0.0501194
0.0221364
-0.0531912
0.0201335
-0.056291
0.0177203
-0.0593295
0.0148788
-0.0621933
0.0116185
-0.0647478
0.0079859
-0.0668459
0.00407024
-0.0683447
-0.0691273
0.000180665
-0.041554
0.000760987
-0.0409072
0.00204644
-0.0397076
0.00415215
-0.0381092
0.00697779
-0.0362967
0.0102615
-0.0344628
0.0136745
-0.0327876
0.0169142
-0.0314204
0.0197635
-0.0304609
0.0221037
-0.0299569
0.0239031
-0.0299122
0.0251931
-0.0302991
0.0260404
-0.031073
0.0265222
-0.0321847
0.0267088
-0.0335885
0.0266546
-0.0352461
0.0263938
-0.0371273
0.0259415
-0.039208
0.0252964
-0.0414674
0.0244438
-0.0438843
0.0233595
-0.0464331
0.0220133
-0.0490798
0.0203729
-0.051779
0.0184085
-0.05447
0.0160984
-0.0570757
0.0134361
-0.0595024
0.0104367
-0.0616426
0.00714369
-0.0633829
0.00363105
-0.0646162
-0.0652563
0.000527623
-0.0430634
0.00142161
-0.0423395
0.00294634
-0.0409992
0.0051863
-0.0392275
0.00803013
-0.0372452
0.0112237
-0.0352731
0.0144594
-0.0335039
0.0174649
-0.032083
0.0200526
-0.031098
0.0221286
-0.0305819
0.0236796
-0.0305255
0.024747
-0.0308914
0.0254002
-0.0316285
0.0257144
-0.0326836
0.0257558
-0.0340084
0.025574
-0.0355628
0.0251999
-0.0373148
0.0246466
-0.0392384
0.0239131
-0.0413108
0.0229871
-0.0435086
0.0218491
-0.0458049
0.0204755
-0.048166
0.0188423
-0.0505488
0.0169293
-0.0528989
0.0147239
-0.05515
0.0122267
-0.0572244
0.00945558
-0.0590359
0.00644985
-0.0604962
0.00327107
-0.0615239
-0.0620547
0.000930149
-0.0443752
0.00217518
-0.0435813
0.0039537
-0.0421162
0.00632165
-0.0401927
0.00916303
-0.0380642
0.0122402
-0.0359767
0.0152754
-0.0341333
0.0180306
-0.0326755
0.0203488
-0.031678
0.0221605
-0.0311594
0.0234686
-0.0310978
0.0243225
-0.0314469
0.0247931
-0.0321501
0.0249526
-0.0331511
0.0248627
-0.0344003
0.0245684
-0.0358567
0.0240969
-0.0374874
0.0234597
-0.0392657
0.022656
-0.0411674
0.0216754
-0.0431685
0.0205022
-0.0452418
0.0191182
-0.0473547
0.0175058
-0.0494674
0.0156513
-0.0515313
0.0135487
-0.0534895
0.0112026
-0.0552774
0.00863166
-0.0568253
0.00587102
-0.0580639
0.00297209
-0.0589304
-0.0593761
0.00137973
-0.0454483
0.00300905
-0.0445986
0.00505431
-0.0430347
0.00754385
-0.0409928
0.0103632
-0.0387524
0.0132995
-0.03658
0.0161129
-0.0346869
0.0186037
-0.0332101
0.0206466
-0.0322127
0.0221956
-0.0316999
0.0232675
-0.0316381
0.0239179
-0.0319731
0.0242174
-0.0326439
0.0242348
-0.0335924
0.0240266
-0.0347684
0.023633
-0.0361309
0.0230779
-0.037647
0.0223712
-0.0392898
0.0215119
-0.0410349
0.0204915
-0.0428583
0.0192973
-0.0447335
0.017915
-0.0466294
0.016332
-0.0485096
0.0145395
-0.0503312
0.0125355
-0.0520452
0.0103269
-0.0535977
0.00793226
-0.0549319
0.00538244
-0.0559927
0.00272062
-0.0567311
-0.0571097
0.0018658
-0.0462398
0.0039054
-0.0453548
0.00622721
-0.0437292
0.00883237
-0.0416145
0.0116128
-0.0393081
0.0143876
-0.0370898
0.0169616
-0.0351763
0.0191769
-0.0337003
0.0209413
-0.0327155
0.0222309
-0.0322155
0.0230747
-0.032157
0.0235322
-0.0324792
0.0236724
-0.033118
0.0235596
-0.0340146
0.0232449
-0.0351189
0.0227639
-0.0363908
0.0221372
-0.0377979
0.0213729
-0.0393138
0.02047
-0.0409144
0.0194212
-0.0425764
0.0182163
-0.0442742
0.0168444
-0.0459789
0.0152961
-0.0476575
0.0135662
-0.049272
0.0116554
-0.0507804
0.00957175
-0.0521372
0.00733279
-0.053296
0.00496566
-0.0542123
0.0025068
-0.0548474
-0.0551721
0.00237472
-0.0467066
0.0048407
-0.0458129
0.00744451
-0.0441727
0.0101601
-0.042043
0.012889
-0.0397278
0.0154878
-0.037512
0.0178101
-0.0356131
0.0197431
-0.0341604
0.0212288
-0.0332005
0.0222646
-0.032719
0.0228896
-0.0326655
0.0231652
-0.0329748
0.0231576
-0.0335811
0.0229258
-0.0344255
0.0225156
-0.0354591
0.0219577
-0.036643
0.0212695
-0.037946
0.0204576
-0.0393424
0.0195206
-0.0408091
0.0184524
-0.0423235
0.0172445
-0.0438617
0.0158885
-0.0453968
0.0143779
-0.046899
0.0127096
-0.0483349
0.0108859
-0.0496681
0.00891554
-0.0508603
0.00681459
-0.0518732
0.00460683
-0.0526704
0.00232315
-0.0532211
-0.0535019
0.00288993
-0.0468082
0.00578604
-0.045937
0.00867158
-0.0443379
0.0114933
-0.0422616
0.014164
-0.0400057
0.0165799
-0.0378496
0.0186454
-0.0360069
0.020295
-0.0346031
0.0215057
-0.0336814
0.0222955
-0.0332233
0.022712
-0.0331753
0.0228172
-0.0334703
0.0226731
-0.0340424
0.0223331
-0.0348337
0.0218371
-0.0357971
0.0212116
-0.0368951
0.0204706
-0.0380981
0.0196192
-0.0393816
0.0186557
-0.0407235
0.0175748
-0.0421025
0.0163695
-0.043496
0.0150332
-0.0448795
0.0135612
-0.0462261
0.0119522
-0.0475064
0.0102095
-0.048689
0.00834169
-0.0497413
0.00636342
-0.0506311
0.00429547
-0.0513289
0.00216415
-0.0518094
-0.0520539
0.00339252
-0.0465096
0.00670815
-0.0456953
0.00986817
-0.0441987
0.0127926
-0.0422519
0.015405
-0.0401318
0.0176401
-0.0381012
0.0194527
-0.036363
0.0208251
-0.0350386
0.0217692
-0.0341703
0.0223233
-0.0337409
0.0225428
-0.0336981
0.022489
-0.0339763
0.0222193
-0.0345115
0.0217809
-0.0352481
0.0212082
-0.036141
0.020523
-0.0371548
0.0197366
-0.0382615
0.0188524
-0.0394379
0.0178684
-0.0406631
0.0167799
-0.041917
0.0155809
-0.0431787
0.0142664
-0.0444259
0.0128329
-0.0456343
0.0112803
-0.046778
0.00961236
-0.0478296
0.00783727
-0.0487614
0.00596829
-0.0495464
0.00402356
-0.05016
0.00202552
-0.0505815
-0.0507956
0.00386247
-0.0457848
0.0075715
-0.0450625
0.0109907
-0.0437319
0.0140144
-0.0419942
0.0165745
-0.0400918
0.0186406
-0.0382589
0.0202147
-0.0366805
0.0213245
-0.0354714
0.0220163
-0.0346758
0.0223483
-0.0342821
0.0223834
-0.0342445
0.0221821
-0.0345031
0.0217971
-0.0349983
0.0212694
-0.0356779
0.0206278
-0.0364996
0.0198898
-0.0374304
0.0190641
-0.0384439
0.0181525
-0.0395181
0.0171527
-0.0406337
0.0160602
-0.0417717
0.0148702
-0.0429127
0.0135783
-0.0440365
0.0121823
-0.0451211
0.0106827
-0.0461438
0.00908338
-0.0470806
0.00739209
-0.0479077
0.00562066
-0.0486023
0.00378489
-0.0491437
0.00190405
-0.0495149
-0.0497032
0.0042798
-0.04462
0.00833999
-0.0440231
0.0119938
-0.0429193
0.0151118
-0.0414685
0.017631
-0.0398667
0.0195497
-0.0383074
0.0209107
-0.0369497
0.0217823
-0.0358985
0.0222429
-0.0352004
0.0223703
-0.0348536
0.0222353
-0.0348235
0.0218985
-0.0350604
0.0214078
-0.0355122
0.0207988
-0.0361322
0.0200951
-0.0368817
0.0193103
-0.0377301
0.0184502
-0.0386529
0.0175154
-0.0396294
0.0165033
-0.0406415
0.0154095
-0.0416714
0.0142298
-0.0427013
0.0129606
-0.0437126
0.0116005
-0.0446857
0.0101502
-0.0456003
0.00861369
-0.0464356
0.00699802
-0.0471709
0.00531373
-0.0477867
0.00357458
-0.0482657
0.00179713
-0.0485935
-0.0487596
0.00462539
-0.0430162
0.00897879
-0.0425736
0.0128328
-0.04175
0.0160372
-0.0406568
0.0185308
-0.0394332
0.0203324
-0.0382229
0.0215162
-0.0371506
0.0221842
-0.0363063
0.0224427
-0.0357381
0.022388
-0.0354558
0.0220999
-0.0354403
0.0216398
-0.0356562
0.0210529
-0.0360626
0.0203699
-0.0366205
0.0196099
-0.0372964
0.0187828
-0.0380626
0.0178923
-0.0388965
0.0169376
-0.0397789
0.0159156
-0.0406927
0.0148222
-0.0416214
0.0136535
-0.0425484
0.0124065
-0.0434566
0.0110801
-0.0443286
0.00967542
-0.045146
0.00819606
-0.0458907
0.0066485
-0.0465447
0.00504208
-0.0470913
0.00338875
-0.0475156
0.00170276
-0.0478056
-0.0479524
0.00488263
-0.0409918
0.00945704
-0.0407251
0.013467
-0.0402232
0.0167458
-0.0395444
0.0192306
-0.038766
0.0209514
-0.0379741
0.022003
-0.0372521
0.0225115
-0.036669
0.0226055
-0.0362712
0.0223975
-0.0360798
0.0219765
-0.0360934
0.0214073
-0.0362943
0.0207337
-0.0366565
0.0199834
-0.0371516
0.0191719
-0.0377528
0.0183063
-0.0384367
0.0173884
-0.0391831
0.0164161
-0.0399743
0.0153859
-0.0407942
0.0142937
-0.0416274
0.013136
-0.0424584
0.01191
-0.0432716
0.010615
-0.044051
0.00925204
-0.0447804
0.00782452
-0.0454436
0.00633823
-0.046025
0.00480135
-0.0465101
0.00322428
-0.0468862
0.00161928
-0.0471429
-0.0472727
0.00503888
-0.0385829
0.00975074
-0.0385047
0.0138633
-0.0383498
0.0171991
-0.0381235
0.0196904
-0.0378398
0.0213695
-0.0375239
0.02234
-0.0372124
0.0227411
-0.0369474
0.0227161
-0.0367683
0.0223903
-0.0367045
0.0218619
-0.0367718
0.0212003
-0.0369722
0.0204507
-0.0372972
0.0196397
-0.0377321
0.0187811
-0.0382594
0.01788
-0.0388615
0.0169367
-0.0395215
0.0159482
-0.0402237
0.0149107
-0.0409532
0.01382
-0.0416955
0.0126727
-0.0424363
0.0114662
-0.0431611
0.0102
-0.0438553
0.00887495
-0.0445043
0.00749418
-0.0450937
0.00606278
-0.0456097
0.00458794
-0.0460397
0.00307864
-0.0463727
0.00154542
-0.0465998
-0.0467146
0.00508677
-0.0358435
0.00984504
-0.0359557
0.0139997
-0.0361541
0.0173683
-0.0363954
0.0198768
-0.0366332
0.0215519
-0.0368331
0.0224944
-0.0369821
0.0228452
-0.03709
0.0227535
-0.037183
0.0223524
-0.0372935
0.0217476
-0.0374509
0.0210147
-0.0376764
0.0202023
-0.0379805
0.0193385
-0.0383644
0.0184373
-0.0388225
0.0175033
-0.0393452
0.016536
-0.0399206
0.0155322
-0.0405357
0.0144875
-0.0411775
0.0133979
-0.0418327
0.0122598
-0.0424879
0.011071
-0.0431297
0.00983074
-0.0437447
0.00853983
-0.0443195
0.00720096
-0.0448413
0.00581859
-0.0452979
0.00439893
-0.0456781
0.00294973
-0.0459723
0.00148008
-0.0461728
-0.0462742
0.00502502
-0.0328429
0.00973591
-0.0331364
0.0138671
-0.0336748
0.0172376
-0.0343732
0.0197669
-0.0351329
0.0214698
-0.035865
0.0224346
-0.0365081
0.0227932
-0.0370362
0.0226909
-0.0374555
0.0222627
-0.0377942
0.021619
-0.0380899
0.0208411
-0.0383791
0.0199831
-0.0386904
0.0190771
-0.0390421
0.0181391
-0.0394428
0.0171751
-0.039893
0.0161852
-0.0403878
0.0151662
-0.0409188
0.0141141
-0.0414757
0.0130246
-0.0420469
0.0118943
-0.0426201
0.010721
-0.0431832
0.00950372
-0.0437236
0.00824315
-0.0442294
0.00694153
-0.0446887
0.00560266
-0.0450906
0.00423189
-0.0454252
0.00283587
-0.0456841
0.0014224
-0.0458606
-0.0459497
0.00485864
-0.0296623
0.00943084
-0.0301178
0.0134712
-0.0309634
0.0168065
-0.0320832
0.019351
-0.0333373
0.0211038
-0.0345914
0.0221336
-0.0357403
0.0225538
-0.0367214
0.0224973
-0.0375156
0.0220937
-0.0381391
0.0214538
-0.03863
0.0206635
-0.039034
0.0197825
-0.0393943
0.0188486
-0.0397454
0.0178824
-0.0401106
0.016893
-0.0405029
0.0158825
-0.0409265
0.0148489
-0.0413794
0.0137887
-0.0418555
0.0126981
-0.042346
0.0115738
-0.0428407
0.0104134
-0.0433284
0.00921607
-0.0437981
0.00798205
-0.0442386
0.00671316
-0.0446394
0.00541261
-0.0449904
0.00408489
-0.0452829
0.00273569
-0.0455092
0.00137164
-0.0456636
-0.0457415
0.00459865
-0.0263901
0.00894841
-0.0269797
0.0128323
-0.0280834
0.0160907
-0.0295659
0.0186347
-0.0312598
0.0204471
-0.0329976
0.0215723
-0.034638
0.0220991
-0.0360843
0.0221402
-0.0372892
0.0218126
-0.03825
0.0212227
-0.0389963
0.0204577
-0.0395756
0.0195822
-0.0400396
0.0186404
-0.0404354
0.0176589
-0.0408005
0.0166518
-0.0411605
0.0156246
-0.0415307
0.0145778
-0.0419176
0.0135095
-0.042321
0.0124166
-0.0427366
0.0112962
-0.0431568
0.0101463
-0.0435729
0.00896559
-0.0439752
0.0077543
-0.0443538
0.00651374
-0.0446991
0.00524652
-0.0450022
0.00395638
-0.0452551
0.0026481
-0.045451
0.00132726
-0.0455847
-0.0456522
0.0042611
-0.0231166
0.00831679
-0.023806
0.0119841
-0.0251063
0.0151213
-0.0268747
0.01764
-0.0289308
0.0195076
-0.0310872
0.0207436
-0.0331774
0.0214086
-0.0350759
0.0215895
-0.0367072
0.0213849
-0.038045
0.0208909
-0.0391029
0.0201923
-0.0399209
0.0193562
-0.0405523
0.0184323
-0.0410511
0.0174539
-0.0414651
0.0164411
-0.0418321
0.0154044
-0.0421787
0.0143483
-0.0425212
0.0132731
-0.0428673
0.0121775
-0.0432186
0.0110596
-0.0435722
0.00991756
-0.0439222
0.00875044
-0.0442614
0.00755813
-0.0445816
0.00634161
-0.0448745
0.00510294
-0.0451323
0.00384517
-0.0453478
0.00257224
-0.045515
0.0012888
-0.0456293
-0.045687
0.00386564
-0.0199272
0.00757129
-0.0206793
0.0109705
-0.0221078
0.013943
-0.0240737
0.0164041
-0.026397
0.0183094
-0.0288846
0.0196551
-0.0313565
0.020473
-0.0336666
0.0208222
-0.0357146
0.0207783
-0.0374487
0.020422
-0.0388609
0.0198307
-0.0399764
0.019071
-0.0408408
0.018196
-0.0415084
0.0172447
-0.0420325
0.0162438
-0.0424594
0.0152097
-0.0428257
0.0141515
-0.0431579
0.0130734
-0.0434727
0.0119766
-0.0437791
0.0108607
-0.04408
0.00972488
-0.0443743
0.00856861
-0.0446579
0.00739184
-0.0449253
0.00619531
-0.0451701
0.00498064
-0.0453859
0.00375028
-0.0455665
0.00250745
-0.045707
0.00125594
-0.045803
-0.0458515
0.00343376
-0.0168981
0.00675129
-0.0176757
0.00984254
-0.0191632
0.0126103
-0.0212338
0.0149772
-0.0237199
0.0168914
-0.0264355
0.0183299
-0.0291991
0.0192981
-0.0318537
0.0198273
-0.0342801
0.0199681
-0.0364031
0.0197823
-0.0381906
0.0193352
-0.0396471
0.0186887
-0.0408034
0.0178963
-0.041706
0.0170011
-0.042407
0.016035
-0.042957
0.0150207
-0.0433992
0.0139726
-0.0437686
0.0128994
-0.0440907
0.0118057
-0.0443827
0.0106936
-0.0446548
0.00956391
-0.0449113
0.0084169
-0.045153
0.00725299
-0.0453779
0.00607296
-0.0455821
0.00487819
-0.0457615
0.00367068
-0.0459115
0.00245302
-0.046028
0.00122831
-0.0461076
-0.0461478
0.00298685
-0.0140911
0.00589684
-0.0148605
0.00865357
-0.0163421
0.0111832
-0.0184279
0.0134188
-0.0209714
0.0153056
-0.023804
0.0168066
-0.026754
0.0179057
-0.0296637
0.0186091
-0.0324031
0.0189424
-0.034878
0.0189467
-0.0370335
0.018672
-0.0388506
0.0181713
-0.0403403
0.0174948
-0.0415346
0.0166865
-0.0424773
0.0157825
-0.0432165
0.0148102
-0.0437985
0.0137893
-0.0442635
0.0127334
-0.0446439
0.0116513
-0.0449645
0.010548
-0.0452428
0.00942683
-0.0454899
0.00828946
-0.0457119
0.00713722
-0.0459115
0.00597134
-0.0460885
0.00479324
-0.0462415
0.00360471
-0.0463681
0.00240793
-0.0464658
0.00120542
-0.0465323
-0.0465658
0.00254456
-0.0115519
0.00504537
-0.0122844
0.00745532
-0.0137044
0.00972263
-0.0157258
0.0117926
-0.0182281
0.0136123
-0.0210682
0.0151365
-0.0240928
0.0163335
-0.027153
0.0171886
-0.0301169
0.0177054
-0.0328784
0.0179039
-0.0353635
0.0178173
-0.0375309
0.0174863
-0.0393693
0.0169544
-0.0408916
0.0162631
-0.0421278
0.0154495
-0.0431172
0.0145445
-0.0439028
0.0135723
-0.0445259
0.0125509
-0.0450234
0.0114931
-0.0454255
0.0104078
-0.0457561
0.00930088
-0.0460326
0.00817636
-0.0462671
0.00703694
-0.0464674
0.00588473
-0.0466379
0.0047216
-0.0467805
0.00354946
-0.0468957
0.00237031
-0.0469831
0.00118636
-0.0470419
-0.0470714
0.00212342
-0.0093082
0.00422913
-0.00998194
0.00629383
-0.0112968
0.00828521
-0.0131887
0.0101617
-0.0155655
0.0118758
-0.018313
0.0133798
-0.0213029
0.0146323
-0.024403
0.0156036
-0.0274876
0.0162791
-0.030447
0.01666
-0.0331943
0.0167623
-0.0356697
0.0166129
-0.0378405
0.0162453
-0.0396989
0.0156958
-0.0412567
0.0149994
-0.0425401
0.0141878
-0.0435833
0.0132878
-0.0444236
0.0123212
-0.0450974
0.0113046
-0.0456378
0.0102504
-0.0460731
0.00916758
-0.0464259
0.00806267
-0.0467135
0.0069403
-0.0469488
0.00580395
-0.0471409
0.00465639
-0.0472956
0.00349999
-0.0474168
0.002337
-0.0475065
0.0011696
-0.0475659
-0.0475953
0.00173607
-0.00737072
0.00347337
-0.00797122
0.00520668
-0.0091507
0.00691973
-0.0108657
0.00858367
-0.0130514
0.0101589
-0.015623
0.0116
-0.0184802
0.0128617
-0.0215127
0.013905
-0.0246086
0.0147022
-0.0276621
0.0152393
-0.0305811
0.0155165
-0.033293
0.0155465
-0.0357476
0.0153515
-0.0379172
0.0149596
-0.0397948
0.0144012
-0.0413898
0.0137062
-0.0427237
0.0129019
-0.0438251
0.0120119
-0.0447259
0.0110557
-0.0454577
0.010049
-0.0460497
0.00900359
-0.0465276
0.00792868
-0.0469127
0.0068311
-0.0472224
0.00571606
-0.0474696
0.00458764
-0.0476641
0.00344913
-0.0478131
0.00230335
-0.0479212
0.00115283
-0.0479917
-0.0480264
0.00139091
-0.00573505
0.00279554
-0.00625477
0.00422125
-0.00728203
0.00566412
-0.00879105
0.00710659
-0.0107409
0.00851816
-0.0130745
0.00985884
-0.0157191
0.0110844
-0.0185892
0.0121523
-0.0215914
0.0130269
-0.0246305
0.0136829
-0.0276167
0.0141078
-0.0304716
0.0143014
-0.0331331
0.014274
-0.0355573
0.0140443
-0.0377197
0.0136359
-0.0396123
0.0130744
-0.0412415
0.0123854
-0.042624
0.0115925
-0.043783
0.0107167
-0.0447449
0.00977543
-0.0455365
0.00878328
-0.0461834
0.00775176
-0.0467085
0.00669001
-0.0471312
0.00560515
-0.0474679
0.00450283
-0.0477314
0.00338758
-0.0479318
0.00226323
-0.0480762
0.00113303
-0.0481698
-0.0482157
0.00109223
-0.00438447
0.00220532
-0.00482202
0.00335438
-0.00569214
0.00454414
-0.00698303
0.00576634
-0.0086734
0.00699946
-0.0107297
0.00821087
-0.0131046
0.0093609
-0.0157367
0.0104078
-0.0185537
0.0113129
-0.0214759
0.0120444
-0.024422
0.0125805
-0.0273147
0.0129101
-0.0300864
0.0130331
-0.0326826
0.0129583
-0.0350643
0.012701
-0.0372084
0.0122811
-0.0391058
0.0117205
-0.0407594
0.0110408
-0.0421814
0.0102628
-0.0433896
0.00940466
-0.0444053
0.00848251
-0.0452507
0.00750971
-0.0459474
0.00649733
-0.0465151
0.00545441
-0.0469712
0.0043883
-0.0473303
0.00330505
-0.0476042
0.00220973
-0.047802
0.00110673
-0.0479303
-0.0479933
0.000840839
-0.00329336
0.00170549
-0.00365218
0.00261296
-0.00436995
0.00357341
-0.00544504
0.00458554
-0.00687098
0.00563583
-0.00863288
0.00669958
-0.0107045
0.00774364
-0.0130468
0.0087304
-0.015608
0.00962202
-0.0183261
0.0103843
-0.0211328
0.0109899
-0.023958
0.0114203
-0.0267347
0.0116664
-0.0294037
0.0117279
-0.0319168
0.0116122
-0.0342388
0.0113322
-0.0363472
0.0109045
-0.0382315
0.0103476
-0.0398916
0.00968007
-0.0413351
0.00891977
-0.0425748
0.00808302
-0.0436272
0.00718426
-0.0445098
0.00623594
-0.04524
0.00524868
-0.0458343
0.00423144
-0.046307
0.00319181
-0.0466705
0.00213629
-0.0469346
0.00107062
-0.0471066
-0.0471913
0.000634726
-0.0024306
0.00129326
-0.00271754
0.00199562
-0.00329482
0.00275471
-0.00416751
0.00357403
-0.0053393
0.00444652
-0.00680889
0.00535491
-0.00856651
0.00627334
-0.0105913
0.0071701
-0.0128504
0.00801103
-0.0152995
0.00876295
-0.0178851
0.00939657
-0.0205482
0.00988886
-0.023228
0.0102244
-0.0258662
0.0103956
-0.0284109
0.0104024
-0.0308191
0.0102509
-0.0330583
0.00995194
-0.0351067
0.00951934
-0.0369525
0.00896869
-0.0385924
0.00831596
-0.04003
0.00757669
-0.0412737
0.00676537
-0.0423349
0.00589512
-0.0432267
0.00497759
-0.0439623
0.00402302
-0.0445543
0.00304041
-0.0450138
0.00203769
-0.04535
0.00102201
-0.0455701
-0.0456789
0.000469941
-0.00176263
0.000961791
-0.00198661
0.00149461
-0.00243974
0.00208209
-0.00313086
0.00273054
-0.00406985
0.00343774
-0.0052643
0.00419275
-0.00671604
0.00497666
-0.00841829
0.00576438
-0.0103537
0.00652698
-0.0124938
0.00723456
-0.0148002
0.00785877
-0.0172266
0.00837506
-0.0197218
0.00876432
-0.0222331
0.0090139
-0.0247097
0.00911769
-0.027106
0.00907566
-0.0293833
0.00889289
-0.0315117
0.00857839
-0.0334698
0.00814381
-0.0352446
0.00760235
-0.0368301
0.00696778
-0.0382263
0.00625369
-0.0394373
0.00547307
-0.04047
0.00463798
-0.041333
0.00375946
-0.0420353
0.00284755
-0.0425855
0.00191144
-0.042991
0.000959584
-0.0432578
-0.0433901
0.000341346
-0.00125611
0.000701677
-0.00142691
0.00109796
-0.00177433
0.00154325
-0.00230877
0.00204517
-0.00304313
0.00260476
-0.00398997
0.00321602
-0.00515846
0.00386608
-0.00655152
0.00453622
-0.00816362
0.00520335
-0.00997953
0.00584209
-0.0119743
0.0064269
-0.0141143
0.00693406
-0.0163593
0.00734334
-0.018665
0.00763914
-0.0209857
0.00781119
-0.0232772
0.00785462
-0.0254993
0.00776952
-0.0276175
0.00756017
-0.0296038
0.00723414
-0.0314374
0.00680132
-0.0331043
0.00627301
-0.0345963
0.00566118
-0.0359099
0.00497793
-0.0370456
0.00423506
-0.0380061
0.00344383
-0.038796
0.00261491
-0.0394202
0.00175834
-0.0398834
0.000883644
-0.0401897
-0.040342
0.000243309
-0.000879748
0.000502307
-0.0010071
0.000791314
-0.00126748
0.00112197
-0.00167134
0.00150205
-0.00223231
0.00193453
-0.00296494
0.00241696
-0.00388221
0.00294133
-0.00499299
0.00349444
-0.00629988
0.00405886
-0.0077976
0.00461417
-0.00947231
0.0051387
-0.0113018
0.00561109
-0.0132568
0.00601182
-0.0153022
0.00632443
-0.0173996
0.0065364
-0.0195096
0.00663955
-0.0215937
0.0066301
-0.0236166
0.00650832
-0.0255473
0.00627794
-0.0273598
0.00594547
-0.0290341
0.00551944
-0.0305553
0.0050097
-0.0319133
0.00442688
-0.0331021
0.00378193
-0.0341188
0.00308578
-0.034963
0.00234918
-0.0356353
0.0015826
-0.0361375
0.000796216
-0.0364711
-0.0366374
0.000170238
-0.00060565
0.000352936
-0.000698552
0.000559673
-0.000889448
0.000800277
-0.0011879
0.00108197
-0.00160675
0.00140861
-0.0021605
0.00178007
-0.00286333
0.00219194
-0.00372705
0.00263554
-0.00475913
0.00309831
-0.00596111
0.0035647
-0.00732755
0.0040172
-0.00884561
0.00443764
-0.0104955
0.00480849
-0.0122516
0.00511391
-0.0140834
0.00534075
-0.0159577
0.00547911
-0.0178405
0.00552265
-0.0196984
0.00546864
-0.0215001
0.00531761
-0.023218
0.00507298
-0.0248283
0.00474054
-0.0263116
0.00432784
-0.0276527
0.00384369
-0.0288402
0.00329775
-0.0298663
0.00270013
-0.0307258
0.00206116
-0.0314154
0.00139126
-0.0319333
0.00070076
-0.0322789
-0.0324517
0.000116954
-0.000409913
0.000243467
-0.000476262
0.000388564
-0.000613258
0.000560182
-0.000829079
0.000764594
-0.00113497
0.00100581
-0.00154411
0.00128507
-0.00207013
0.00160041
-0.0027256
0.00194654
-0.0035203
0.00231493
-0.00445986
0.00269424
-0.00554453
0.00307098
-0.00676857
0.00343046
-0.00812005
0.00375778
-0.00958132
0.00403874
-0.0111298
0.00426072
-0.0127392
0.0044134
-0.0143809
0.00448914
-0.0160253
0.00448327
-0.0176436
0.004394
-0.0192083
0.00422228
-0.0206947
0.00397142
-0.0220811
0.00364677
-0.0233491
0.00325521
-0.024484
0.00280486
-0.0254738
0.00230466
-0.0263095
0.00176411
-0.0269845
0.00119308
-0.0274943
0.000601651
-0.0278357
-0.0280068
7.89165e-05
-0.000272804
0.000164942
-0.000319223
0.000264884
-0.000415518
0.000384921
-0.000568332
0.000530215
-0.000786978
0.000704493
-0.00108267
0.000909606
-0.00146751
0.00114516
-0.00195334
0.00140825
-0.00255048
0.0016934
-0.00326646
0.00199271
-0.004105
0.00229626
-0.00506514
0.00259268
-0.00614088
0.00286988
-0.00732112
0.00311582
-0.00859011
0.00331922
-0.00992811
0.00347026
-0.0113123
0.00356102
-0.0127181
0.00358584
-0.01412
0.0035415
-0.0154929
0.00342715
-0.016813
0.00324417
-0.0180584
0.00299596
-0.0192095
0.00268762
-0.0202495
0.00232562
-0.0211643
0.00191755
-0.0219424
0.0014718
-0.0225748
0.00099733
-0.0230546
0.000503525
-0.0233771
-0.0235391
5.23169e-05
-0.00017856
0.000109773
-0.000210393
0.000177356
-0.000276725
0.000259713
-0.000382733
0.000360918
-0.000535783
0.000484171
-0.000744948
0.000631472
-0.00102034
0.000803288
-0.00137232
0.000998288
-0.00181051
0.00121319
-0.00234289
0.00144275
-0.00297482
0.00167995
-0.00370828
0.00191635
-0.00454131
0.00214256
-0.00546776
0.00234884
-0.00647736
0.00252566
-0.00755606
0.00266427
-0.00868662
0.00275719
-0.0098494
0.00279859
-0.0110232
0.00278451
-0.0121863
0.00271301
-0.013317
0.00258407
-0.0143948
0.00239957
-0.0154006
0.00216304
-0.0163171
0.00187943
-0.0171296
0.00155493
-0.0178252
0.00119664
-0.0183938
0.000812424
-0.018827
0.000410642
-0.0191191
-0.0192661
3.40857e-05
-0.000114972
7.17915e-05
-0.00013638
0.000116671
-0.000181184
0.000172119
-0.00025327
0.000241231
-0.000358247
0.000326604
-0.000503155
0.0004301
-0.000696047
0.000552577
-0.000945455
0.000693655
-0.00125973
0.000851531
-0.0016463
0.0010229
-0.00211097
0.00120299
-0.00265717
0.00138578
-0.00328545
0.00156424
-0.00399306
0.00173083
-0.00477386
0.00187783
-0.00561843
0.00199789
-0.0065143
0.00208442
-0.00744649
0.00213192
-0.00839816
0.00213633
-0.00935126
0.00209514
-0.0102873
0.00200748
-0.011188
0.00187409
-0.0120359
0.00169725
-0.0128147
0.0014806
-0.0135098
0.00122899
-0.0141086
0.000948237
-0.0146005
0.000644966
-0.0149768
0.000326362
-0.0152312
-0.0153595
2.18319e-05
-7.28399e-05
4.6152e-05
-8.69666e-05
7.54296e-05
-0.000116655
0.000112076
-0.000164732
0.000158367
-0.000235325
0.000216315
-0.000333701
0.000287505
-0.000466018
0.000372893
-0.000638991
0.00047261
-0.00085944
0.000585792
-0.00113378
0.000710465
-0.00146744
0.000843526
-0.00186433
0.000980812
-0.0023263
0.00111728
-0.00285278
0.00124725
-0.0034405
0.00136479
-0.00408352
0.00146396
-0.00477322
0.00153925
-0.00549868
0.00158587
-0.00624701
0.00160001
-0.00700392
0.00157903
-0.00775424
0.00152161
-0.00848252
0.00142777
-0.00917357
0.00129885
-0.00981293
0.0011374
-0.0103873
0.000947097
-0.0108848
0.000732552
-0.0112953
0.000499147
-0.0116105
0.000252846
-0.0118241
-0.011932
1.3751e-05
-4.54171e-05
2.91732e-05
-5.45681e-05
4.79421e-05
-7.38772e-05
7.17269e-05
-0.000105341
0.000102151
-0.000151906
0.000140715
-0.000217387
0.000188684
-0.000306332
0.000246947
-0.000423817
0.000315865
-0.000575162
0.000395122
-0.000765573
0.00048362
-0.000999738
0.000579419
-0.00128139
0.000679746
-0.00161288
0.000781089
-0.00199484
0.000879352
-0.00242589
0.000970083
-0.00290253
0.00104872
-0.0034191
0.00111085
-0.00396791
0.0011525
-0.0045395
0.00117035
-0.00512293
0.00116195
-0.00570629
0.00112582
-0.00627708
0.00106156
-0.00682268
0.000969854
-0.00733083
0.000852418
-0.00779
0.000711946
-0.00818975
0.000551975
-0.00852097
0.000376746
-0.00877615
0.000191038
-0.00894953
-0.0090372
8.51993e-06
-2.78771e-05
1.81379e-05
-3.3699e-05
2.99656e-05
-4.60311e-05
4.51309e-05
-6.62466e-05
6.47605e-05
-9.63905e-05
8.9935e-05
-0.000139147
0.000121617
-0.000197769
0.000160552
-0.000275966
0.000207161
-0.000377723
0.000261422
-0.000507073
0.000322778
-0.000667809
0.000390067
-0.000863168
0.000461507
-0.0010955
0.000534729
-0.00136599
0.000606864
-0.00167435
0.000674695
-0.00201872
0.000734824
-0.00239556
0.000783872
-0.00279966
0.000818687
-0.00322432
0.000836541
-0.00366147
0.000835298
-0.00410206
0.000813549
-0.00453636
0.000770697
-0.00495434
0.000707002
-0.00534602
0.000623573
-0.00570187
0.000522321
-0.00601312
0.000405876
-0.006272
0.000277478
-0.00647207
0.00014084
-0.0066083
-0.00667727
5.19428e-06
-1.68484e-05
1.10952e-05
-2.04877e-05
1.84245e-05
-2.82254e-05
2.79271e-05
-4.09824e-05
4.03654e-05
-6.01423e-05
5.64939e-05
-8.7543e-05
7.7015e-05
-0.000125447
0.000102514
-0.000176479
0.000133382
-0.000243524
0.00016973
-0.000329583
0.000211315
-0.000437576
0.000257476
-0.000570125
0.000307105
-0.000729311
0.000358651
-0.000916435
0.000410167
-0.0011318
0.000459396
-0.00137457
0.000503891
-0.00164262
0.000541152
-0.00193259
0.000568778
-0.00223984
0.000584626
-0.00255865
0.000586947
-0.00288236
0.000574507
-0.00320365
0.00054667
-0.00351482
0.000503451
-0.00380807
0.000445527
-0.00407585
0.000374215
-0.00431107
0.000291418
-0.00450742
0.000199538
-0.00465958
0.000101375
-0.00476341
-0.00481604
3.11699e-06
-1.00291e-05
6.67968e-06
-1.22653e-05
1.11472e-05
-1.7037e-05
1.70011e-05
-2.49473e-05
2.47446e-05
-3.69103e-05
3.48904e-05
-5.41531e-05
4.79332e-05
-7.82075e-05
6.43087e-05
-0.00011088
8.43409e-05
-0.000154195
0.000108183
-0.000210306
0.000135761
-0.000281372
0.000166718
-0.000369409
0.000200391
-0.000476114
0.000235793
-0.000602692
0.00027164
-0.000749682
0.000306393
-0.00091682
0.000338342
-0.00110294
0.000365695
-0.00130591
0.00038669
-0.00152267
0.000399707
-0.00174923
0.000403383
-0.00198088
0.000396703
-0.00221228
0.000379083
-0.00243772
0.000350414
-0.0026513
0.000311086
-0.00284723
0.00026198
-0.00302003
0.000204436
-0.00316476
0.000140188
-0.00327722
7.12854e-05
-0.00335409
-0.0033931
1.84159e-06
-5.88121e-06
3.95896e-06
-7.23242e-06
6.63851e-06
-1.01257e-05
1.0185e-05
-1.49475e-05
1.49234e-05
-2.2288e-05
2.11929e-05
-3.29476e-05
2.93313e-05
-4.7938e-05
3.96494e-05
-6.84701e-05
5.23968e-05
-9.59246e-05
6.77217e-05
-0.0001318
8.56294e-05
-0.000177635
0.000105944
-0.000234914
0.00012828
-0.000304942
0.000152029
-0.000388727
0.000176364
-0.000486844
0.000200267
-0.000599328
0.000222575
-0.000725583
0.00024204
-0.000864326
0.000257411
-0.00101357
0.000267506
-0.00117066
0.000271304
-0.00133231
0.000268015
-0.00149475
0.000257146
-0.00165388
0.000238542
-0.00180539
0.000212412
-0.00194498
0.000179331
-0.00206856
0.000140215
-0.00217238
9.62854e-05
-0.00225324
4.90027e-05
-0.00230862
-0.00233675
1.07159e-06
-3.39842e-06
2.31068e-06
-4.20162e-06
3.89257e-06
-5.92722e-06
6.00635e-06
-8.81772e-06
8.8574e-06
-1.3246e-05
1.26648e-05
-1.97226e-05
1.76528e-05
-2.89005e-05
2.40351e-05
-4.15717e-05
3.19937e-05
-5.86531e-05
4.16522e-05
-8.11579e-05
5.30473e-05
-0.00011015
6.61014e-05
-0.000146679
8.05995e-05
-0.000191707
9.61763e-05
-0.000246016
0.000112314
-0.000310121
0.000128354
-0.000384182
0.000143526
-0.000467932
0.000156988
-0.000560629
0.000167873
-0.000661028
0.00017535
-0.000767385
0.000178679
-0.0008775
0.000177271
-0.000988781
0.000170736
-0.00109835
0.000158919
-0.00120315
0.00014192
-0.00130011
0.000120103
-0.00138624
9.40824e-05
-0.00145881
6.46928e-05
-0.00151547
3.29509e-05
-0.00155432
-0.00157409
6.14275e-07
-1.93554e-06
1.32849e-06
-2.40541e-06
2.24799e-06
-3.41814e-06
3.48788e-06
-5.12283e-06
5.1753e-06
-7.75032e-06
7.44863e-06
-1.16195e-05
1.04528e-05
-1.71426e-05
1.43303e-05
-2.48256e-05
1.9208e-05
-3.5263e-05
2.51805e-05
-4.91221e-05
3.22908e-05
-6.7116e-05
4.05113e-05
-8.99659e-05
4.97276e-05
-0.00011835
5.97259e-05
-0.000152848
7.01897e-05
-0.000193873
8.07041e-05
-0.000241616
9.07718e-05
-0.000295986
9.98369e-05
-0.000356572
0.000107318
-0.000422615
0.000112643
-0.000493006
0.000115298
-0.000566299
0.000114858
-0.00064076
0.000111029
-0.000714429
0.000103677
-0.000785201
9.28421e-05
-0.000850924
7.87486e-05
-0.0009095
6.17972e-05
-0.000958988
4.25473e-05
-0.000997703
2.16879e-05
-0.0010243
-0.00103784
3.46994e-07
-1.0868e-06
7.52592e-07
-1.35741e-06
1.27899e-06
-1.94247e-06
1.99499e-06
-2.93192e-06
2.97776e-06
-4.4659e-06
4.31282e-06
-6.7396e-06
6.09164e-06
-1.00078e-05
8.40655e-06
-1.45869e-05
1.13429e-05
-2.08535e-05
1.49685e-05
-2.92363e-05
1.93217e-05
-4.02012e-05
2.43983e-05
-5.42284e-05
3.01403e-05
-7.17813e-05
3.64261e-05
-9.32689e-05
4.30668e-05
-0.000119004
4.98069e-05
-0.000149159
5.63325e-05
-0.000183729
6.22862e-05
-0.000222497
6.72868e-05
-0.000265015
7.09542e-05
-0.000310591
7.29374e-05
-0.000358303
7.29421e-05
-0.000407016
7.0757e-05
-0.00045543
6.62742e-05
-0.000502129
5.95039e-05
-0.000545653
5.05806e-05
-0.000584563
3.976e-05
-0.00061752
2.74081e-05
-0.000643354
1.39812e-05
-0.000661127
-0.000670181
1.93207e-07
-6.01762e-07
4.20208e-07
-7.55242e-07
7.17103e-07
-1.08807e-06
1.12429e-06
-1.6535e-06
1.68772e-06
-2.53501e-06
2.45919e-06
-3.84978e-06
3.49513e-06
-5.75219e-06
4.85384e-06
-8.43607e-06
6.59088e-06
-1.21347e-05
8.75276e-06
-1.71172e-05
1.13694e-05
-2.36806e-05
1.44459e-05
-3.21362e-05
1.79544e-05
-4.27907e-05
2.1828e-05
-5.59231e-05
2.59563e-05
-7.17567e-05
3.01855e-05
-9.04312e-05
3.4322e-05
-0.000111974
3.81411e-05
-0.00013628
4.1399e-05
-0.000163089
4.38488e-05
-0.000191983
4.52584e-05
-0.000222384
4.54296e-05
-0.000253569
4.42154e-05
-0.000284694
4.15352e-05
-0.000314834
3.73855e-05
-0.000343018
3.18447e-05
-0.000368287
2.50728e-05
-0.000389743
1.73037e-05
-0.000406592
8.83302e-06
-0.000418199
-0.000424118
1.06069e-07
-3.28648e-07
2.31308e-07
-4.14405e-07
3.9633e-07
-6.00912e-07
6.24444e-07
-9.19149e-07
9.42535e-07
-1.41794e-06
1.38135e-06
-2.16636e-06
1.97498e-06
-3.25615e-06
2.75935e-06
-4.8037e-06
3.76962e-06
-6.95059e-06
5.03647e-06
-9.86218e-06
6.5815e-06
-1.37233e-05
8.41205e-06
-1.87308e-05
1.0516e-05
-2.50824e-05
1.28575e-05
-3.29619e-05
1.53735e-05
-4.25227e-05
1.79733e-05
-5.38686e-05
2.05401e-05
-6.70356e-05
2.29356e-05
-8.19756e-05
2.50075e-05
-9.85444e-05
2.65993e-05
-0.000116493
2.75614e-05
-0.000135469
2.77638e-05
-0.000155019
2.71075e-05
-0.000174612
2.55354e-05
-0.000193653
2.3039e-05
-0.000211515
1.96631e-05
-0.000227574
1.55056e-05
-0.000241239
1.07129e-05
-0.00025199
5.47226e-06
-0.000259406
-0.00026319
5.74281e-08
-1.7708e-07
1.25562e-07
-2.24301e-07
2.1598e-07
-3.27285e-07
3.41911e-07
-5.03747e-07
5.18807e-07
-7.81752e-07
7.64587e-07
-1.20128e-06
1.09943e-06
-1.81588e-06
1.54498e-06
-2.69411e-06
2.12293e-06
-3.9202e-06
2.85284e-06
-5.59366e-06
3.74947e-06
-7.82707e-06
4.81954e-06
-1.0742e-05
6.05854e-06
-1.44625e-05
7.44775e-06
-1.91066e-05
8.95206e-06
-2.47757e-05
1.0519e-05
-3.15426e-05
1.20795e-05
-3.94402e-05
1.35504e-05
-4.84499e-05
1.48384e-05
-5.84931e-05
1.58466e-05
-6.94258e-05
1.64809e-05
-8.10362e-05
1.66581e-05
-9.30489e-05
1.63136e-05
-0.000105133
1.54084e-05
-0.000116917
1.39337e-05
-0.000128006
1.19144e-05
-0.000138
9.40907e-06
-0.000146523
6.50767e-06
-0.00015324
3.32631e-06
-0.000157878
-0.000160247
3.06726e-08
-9.41553e-08
6.72319e-08
-1.19787e-07
1.16082e-07
-1.75838e-07
1.84609e-07
-2.72269e-07
2.81546e-07
-4.24944e-07
4.17148e-07
-6.56608e-07
6.0313e-07
-9.97967e-07
8.52267e-07
-1.48866e-06
1.17761e-06
-2.17788e-06
1.5913e-06
-3.12431e-06
2.10296e-06
-4.39513e-06
2.71781e-06
-6.06376e-06
3.4347e-06
-8.20629e-06
4.2442e-06
-1.08964e-05
5.12714e-06
-1.4199e-05
6.0538e-06
-1.81633e-05
6.98411e-06
-2.28148e-05
7.86896e-06
-2.81485e-05
8.65262e-06
-3.41232e-05
9.27613e-06
-4.0657e-05
9.68169e-06
-4.76256e-05
9.81742e-06
-5.48644e-05
9.64227e-06
-6.21727e-05
9.13037e-06
-6.93226e-05
8.27449e-06
-7.60695e-05
7.08803e-06
-8.21658e-05
5.60546e-06
-8.73751e-05
3.88087e-06
-9.14868e-05
1.98486e-06
-9.43295e-05
-9.57821e-05
1.61649e-08
-4.94144e-08
3.55186e-08
-6.31335e-08
6.15491e-08
-9.32125e-08
9.83176e-08
-1.45163e-07
1.50677e-07
-2.27806e-07
2.24397e-07
-3.53867e-07
3.26155e-07
-5.40653e-07
4.63339e-07
-8.1069e-07
6.43638e-07
-1.19218e-06
8.74376e-07
-1.71908e-06
1.16161e-06
-2.43069e-06
1.50904e-06
-3.37044e-06
1.91682e-06
-4.58397e-06
2.38035e-06
-6.11616e-06
2.88939e-06
-8.00752e-06
3.42743e-06
-1.02898e-05
3.97167e-06
-1.29814e-05
4.49368e-06
-1.60829e-05
4.96074e-06
-1.95733e-05
5.33782e-06
-2.34069e-05
5.59011e-06
-2.75124e-05
5.686e-06
-3.17932e-05
5.60001e-06
-3.61299e-05
5.31559e-06
-4.03857e-05
4.82732e-06
-4.44125e-05
4.14224e-06
-4.80594e-05
3.28024e-06
-5.11817e-05
2.27323e-06
-5.36499e-05
1.16331e-06
-5.53581e-05
-5.62316e-05
8.40808e-09
-2.56032e-08
1.85185e-08
-3.2846e-08
3.22031e-08
-4.87659e-08
5.16606e-08
-7.63651e-08
7.95457e-08
-1.20471e-07
1.1905e-07
-1.8809e-07
1.73913e-07
-2.88816e-07
2.48327e-07
-4.35233e-07
3.46727e-07
-6.43226e-07
4.7343e-07
-9.32098e-07
6.32133e-07
-1.3244e-06
8.25293e-07
-1.84533e-06
1.05342e-06
-2.52166e-06
1.31439e-06
-3.38016e-06
1.60283e-06
-4.4454e-06
1.90974e-06
-5.73732e-06
2.22237e-06
-7.26836e-06
2.52458e-06
-9.04077e-06
2.79753e-06
-1.10442e-05
3.02079e-06
-1.32538e-05
3.17385e-06
-1.56294e-05
3.23783e-06
-1.81152e-05
3.19731e-06
-2.06417e-05
3.04197e-06
-2.31284e-05
2.76804e-06
-2.54873e-05
2.37911e-06
-2.76283e-05
1.88644e-06
-2.94647e-05
1.30852e-06
-3.09185e-05
6.70005e-07
-3.19257e-05
-3.2441e-05
4.31746e-09
-1.30997e-08
9.53082e-09
-1.68723e-08
1.66302e-08
-2.51849e-08
2.67884e-08
-3.96481e-08
4.14354e-08
-6.28634e-08
6.23085e-08
-9.86281e-08
9.14656e-08
-1.52176e-07
1.31244e-07
-2.30423e-07
1.84151e-07
-3.42164e-07
2.52676e-07
-4.98183e-07
3.39013e-07
-7.11186e-07
4.44718e-07
-9.95514e-07
5.70304e-07
-1.36658e-06
7.14833e-07
-1.83998e-06
8.75553e-07
-2.43031e-06
1.04764e-06
-3.14969e-06
1.22409e-06
-4.00619e-06
1.39591e-06
-5.00212e-06
1.55244e-06
-6.13259e-06
1.68199e-06
-7.38436e-06
1.77271e-06
-8.73509e-06
1.81356e-06
-1.01533e-05
1.7954e-06
-1.15993e-05
1.71198e-06
-1.30264e-05
1.56078e-06
-1.43835e-05
1.34358e-06
-1.56179e-05
1.06666e-06
-1.66784e-05
7.40543e-07
-1.75191e-05
3.79383e-07
-1.81022e-05
-1.84007e-05
2.18911e-09
-6.61986e-09
4.84319e-09
-8.55919e-09
8.47866e-09
-1.28423e-08
1.3712e-08
-2.03208e-08
2.1302e-08
-3.23758e-08
3.21797e-08
-5.1034e-08
4.74592e-08
-7.91067e-08
6.84206e-08
-1.20334e-07
9.64559e-08
-1.79508e-07
1.3297e-07
-2.62549e-07
1.79235e-07
-3.76495e-07
2.36198e-07
-5.29362e-07
3.04257e-07
-7.29849e-07
3.83031e-07
-9.86871e-07
4.71137e-07
-1.30889e-06
5.66033e-07
-1.70312e-06
6.63948e-07
-2.17457e-06
7.59937e-07
-2.72508e-06
8.48083e-07
-3.35247e-06
9.21829e-07
-4.04981e-06
9.74444e-07
-4.80493e-06
9.99603e-07
-5.60037e-06
9.91995e-07
-6.41376e-06
9.47916e-07
-7.21866e-06
8.65772e-07
-7.98587e-06
7.46415e-07
-8.68509e-06
5.93273e-07
-9.28685e-06
4.12236e-07
-9.76447e-06
2.11298e-07
-1.0096e-05
-1.02658e-05
1.09626e-09
-3.30482e-09
2.43058e-09
-4.28893e-09
4.26861e-09
-6.46737e-09
6.92991e-09
-1.02838e-08
1.08112e-08
-1.64609e-08
1.64038e-08
-2.60646e-08
2.43016e-08
-4.05822e-08
3.51939e-08
-6.20051e-08
4.98398e-08
-9.29034e-08
6.90171e-08
-1.36476e-07
9.34459e-08
-1.96554e-07
1.23685e-07
-2.7754e-07
1.60011e-07
-3.84258e-07
2.02283e-07
-5.21704e-07
2.49824e-07
-6.94691e-07
3.01316e-07
-9.07396e-07
3.54759e-07
-1.16284e-06
4.07485e-07
-1.46233e-06
4.56264e-07
-1.80495e-06
4.97476e-07
-2.18714e-06
5.27373e-07
-2.60239e-06
5.42395e-07
-3.04117e-06
5.39518e-07
-3.49113e-06
5.16597e-07
-3.93751e-06
4.72655e-07
-4.36394e-06
4.08081e-07
-4.75331e-06
3.24722e-07
-5.08894e-06
2.25816e-07
-5.35566e-06
1.15803e-07
-5.54097e-06
-5.63595e-06
5.42326e-10
-1.63023e-09
1.20493e-09
-2.12332e-09
2.12263e-09
-3.21725e-09
3.4588e-09
-5.13999e-09
5.41793e-09
-8.26429e-09
8.25555e-09
-1.31427e-08
1.22832e-08
-2.05506e-08
1.78664e-08
-3.15327e-08
2.54118e-08
-4.74461e-08
3.53424e-08
-6.99916e-08
4.80571e-08
-1.01222e-07
6.3877e-08
-1.43515e-07
8.2979e-08
-1.99498e-07
1.05323e-07
-2.71922e-07
1.30583e-07
-3.63468e-07
1.58089e-07
-4.76506e-07
1.86795e-07
-6.12804e-07
2.15287e-07
-7.73222e-07
2.41828e-07
-9.57417e-07
2.64455e-07
-1.16359e-06
2.81117e-07
-1.38832e-06
2.89844e-07
-1.62649e-06
2.8895e-07
-1.87138e-06
2.77217e-07
-2.11491e-06
2.54061e-07
-2.34806e-06
2.19655e-07
-2.56133e-06
1.74975e-07
-2.74543e-06
1.21775e-07
-2.89192e-06
6.24778e-08
-2.99377e-06
-3.046e-06
2.65096e-10
-7.94759e-10
5.90177e-10
-1.03877e-09
1.04277e-09
-1.58128e-09
1.70527e-09
-2.53781e-09
2.68165e-09
-4.09801e-09
4.10288e-09
-6.54432e-09
6.13003e-09
-1.02752e-08
8.95378e-09
-1.58307e-08
1.27886e-08
-2.39169e-08
1.78604e-08
-3.54244e-08
2.43859e-08
-5.14358e-08
3.2545e-08
-7.32143e-08
4.24452e-08
-1.02168e-07
5.4083e-08
-1.39784e-07
6.73049e-08
-1.87529e-07
8.17753e-08
-2.46719e-07
9.6957e-08
-3.18366e-07
1.1211e-07
-4.03004e-07
1.26318e-07
-5.00527e-07
1.38531e-07
-6.10047e-07
1.47646e-07
-7.2979e-07
1.52594e-07
-8.57053e-07
1.52449e-07
-9.88246e-07
1.46534e-07
-1.11901e-06
1.3451e-07
-1.24445e-06
1.16448e-07
-1.3594e-06
9.28583e-08
-1.45878e-06
6.46736e-08
-1.53793e-06
3.31963e-08
-1.59301e-06
-1.62127e-06
1.28065e-10
-3.82998e-10
2.85668e-10
-5.02288e-10
5.06199e-10
-7.68045e-10
8.30671e-10
-1.23806e-09
1.31123e-09
-2.0075e-09
2.01407e-09
-3.21877e-09
3.02127e-09
-5.07384e-09
4.43083e-09
-7.84792e-09
6.35408e-09
-1.1903e-08
8.90958e-09
-1.76987e-08
1.2213e-08
-2.57971e-08
1.63629e-08
-3.68591e-08
2.1422e-08
-5.16269e-08
2.73969e-08
-7.0891e-08
3.42175e-08
-9.54396e-08
4.1718e-08
-1.2599e-07
4.96265e-08
-1.63108e-07
5.75624e-08
-2.0711e-07
6.50481e-08
-2.57982e-07
7.15332e-08
-3.15292e-07
7.64325e-08
-3.78136e-07
7.91755e-08
-4.45107e-07
7.9263e-08
-5.14317e-07
7.63247e-08
-5.83455e-07
7.017e-08
-6.49906e-07
6.08253e-08
-7.109e-07
4.85518e-08
-7.63701e-07
3.38395e-08
-8.05804e-07
1.7377e-08
-8.35127e-07
-8.50178e-07
6.11554e-11
-1.82479e-10
1.36675e-10
-2.40102e-10
2.42863e-10
-3.68731e-10
3.99874e-10
-5.96892e-10
6.33515e-10
-9.7173e-10
9.76791e-10
-1.56409e-09
1.47094e-09
-2.47494e-09
2.1656e-09
-3.84262e-09
3.11767e-09
-5.85012e-09
4.38842e-09
-8.73115e-09
6.03849e-09
-1.27734e-08
8.12064e-09
-1.83173e-08
1.06704e-08
-2.5748e-08
1.36954e-08
-3.5479e-08
1.7164e-08
-4.79268e-08
2.09961e-08
-6.34752e-08
2.50557e-08
-8.24326e-08
2.91499e-08
-1.04983e-07
3.30339e-08
-1.31137e-07
3.64231e-08
-1.60691e-07
3.90122e-08
-1.9319e-07
4.05014e-08
-2.27913e-07
4.06263e-08
-2.63882e-07
3.91882e-08
-2.99889e-07
3.60816e-08
-3.34561e-07
3.13148e-08
-3.66437e-07
2.50201e-08
-3.94067e-07
1.74505e-08
-4.16122e-07
8.96475e-09
-4.31493e-07
-4.39387e-07
2.88734e-11
-8.59739e-11
6.46478e-11
-1.13483e-10
1.15186e-10
-1.7501e-10
1.90269e-10
-2.84457e-10
3.02504e-10
-4.64877e-10
4.68131e-10
-7.51057e-10
7.07586e-10
-1.19281e-09
1.04566e-09
-1.85875e-09
1.511e-09
-2.8401e-09
2.13477e-09
-4.25406e-09
2.94825e-09
-6.24575e-09
3.97916e-09
-8.98797e-09
5.24703e-09
-1.26776e-08
6.75767e-09
-1.75275e-08
8.49739e-09
-2.37542e-08
1.04278e-08
-3.15594e-08
1.2482e-08
-4.11083e-08
1.45637e-08
-5.25041e-08
1.65492e-08
-6.57619e-08
1.82933e-08
-8.07864e-08
1.96394e-08
-9.73526e-08
2.04324e-08
-1.15097e-07
2.05344e-08
-1.33519e-07
1.98405e-08
-1.51999e-07
1.82937e-08
-1.69824e-07
1.58957e-08
-1.86238e-07
1.27121e-08
-2.00483e-07
8.87205e-09
-2.11865e-07
4.55963e-09
-2.19803e-07
-2.23882e-07
1.34804e-11
-4.0062e-11
3.02367e-11
-5.30446e-11
5.40162e-11
-8.21351e-11
8.95056e-11
-1.34025e-10
1.42788e-10
-2.19847e-10
2.2175e-10
-3.56466e-10
3.36385e-10
-5.68142e-10
4.989e-10
-8.8845e-10
7.23522e-10
-1.36227e-09
1.02587e-09
-2.04758e-09
1.4218e-09
-3.01655e-09
1.92563e-09
-4.35566e-09
2.54783e-09
-6.16404e-09
3.29222e-09
-8.54972e-09
4.15304e-09
-1.16234e-08
5.1122e-09
-1.54893e-08
6.1373e-09
-2.02345e-08
7.18082e-09
-2.5915e-08
8.18115e-09
-3.25434e-08
9.06542e-09
-4.00758e-08
9.75436e-09
-4.84028e-08
1.01689e-08
-5.73432e-08
1.02384e-08
-6.66454e-08
9.90827e-09
-7.59947e-08
9.14836e-09
-8.50287e-08
7.95814e-09
-9.3359e-08
6.36995e-09
-1.00598e-07
4.44857e-09
-1.06387e-07
2.28714e-09
-1.10427e-07
-1.12504e-07
6.22511e-12
-1.84667e-11
1.39872e-11
-2.45246e-11
2.50503e-11
-3.81228e-11
4.16348e-11
-6.24439e-11
6.66386e-11
-1.02797e-10
1.03844e-10
-1.67258e-10
1.58074e-10
-2.67491e-10
2.35261e-10
-4.19721e-10
3.4237e-10
-6.45737e-10
4.87116e-10
-9.7383e-10
6.77415e-10
-1.43942e-09
9.20539e-10
-2.08519e-09
1.22197e-09
-2.96034e-09
1.58402e-09
-4.11887e-09
2.00436e-09
-5.61654e-09
2.4746e-09
-7.50643e-09
2.97922e-09
-9.83339e-09
3.49513e-09
-1.26274e-08
3.99207e-09
-1.5897e-08
4.43394e-09
-1.96224e-08
4.78122e-09
-2.3751e-08
4.99423e-09
-2.81939e-08
5.03718e-09
-3.28263e-08
4.8823e-09
-3.74908e-08
4.51381e-09
-4.20054e-08
3.93084e-09
-4.61742e-08
3.14906e-09
-4.98009e-08
2.20056e-09
-5.2704e-08
1.13179e-09
-5.47316e-08
-5.5774e-08
2.84385e-12
-8.42182e-12
6.40025e-12
-1.12173e-11
1.14906e-11
-1.75029e-11
1.91545e-11
-2.87747e-11
3.07553e-11
-4.75339e-11
4.80845e-11
-7.76002e-11
7.34411e-11
-1.24515e-10
1.0967e-10
-1.96017e-10
1.60136e-10
-3.02553e-10
2.28596e-10
-4.57752e-10
3.18945e-10
-6.78765e-10
4.34813e-10
-9.86366e-10
5.79016e-10
-1.40465e-09
7.52876e-10
-1.96023e-09
9.55492e-10
-2.68078e-09
1.18303e-09
-3.59289e-09
1.42816e-09
-4.71933e-09
1.67981e-09
-6.07579e-09
1.9233e-09
-7.66742e-09
2.14102e-09
-9.48564e-09
2.31352e-09
-1.15055e-08
2.42117e-09
-1.36838e-08
2.44612e-09
-1.59597e-08
2.37444e-09
-1.82554e-08
2.19803e-09
-2.04809e-08
1.91616e-09
-2.25386e-08
1.53633e-09
-2.43308e-08
1.07422e-09
-2.57667e-08
5.52691e-10
-2.67701e-08
-2.72862e-08
1.28531e-12
-3.80057e-12
2.89737e-12
-5.07633e-12
5.21447e-12
-7.95023e-12
8.71708e-12
-1.31167e-11
1.404e-11
-2.17403e-11
2.20207e-11
-3.56068e-11
3.37412e-11
-5.7316e-11
5.05494e-11
-9.0515e-11
7.405e-11
-1.40151e-10
1.06047e-10
-2.12704e-10
1.48429e-10
-3.16373e-10
2.02981e-10
-4.6114e-10
2.7112e-10
-6.58643e-10
3.53574e-10
-9.21816e-10
4.50014e-10
-1.2642e-09
5.58712e-10
-1.69891e-09
6.76253e-10
-2.23734e-09
7.97396e-10
-2.88752e-09
9.1512e-10
-3.65243e-09
1.02093e-09
-4.52839e-09
1.1054e-09
-5.50371e-09
1.15895e-09
-6.55783e-09
1.17281e-09
-7.66122e-09
1.14007e-09
-8.77619e-09
1.05666e-09
-9.85868e-09
9.22089e-10
-1.08609e-08
7.39897e-10
-1.17347e-08
5.17639e-10
-1.24353e-08
2.66419e-10
-1.29253e-08
-1.31774e-08
5.74986e-13
-1.69734e-12
1.29801e-12
-2.27339e-12
2.34143e-12
-3.57311e-12
3.92461e-12
-5.91567e-12
6.34022e-12
-9.8366e-12
9.975e-12
-1.61613e-11
1.53323e-11
-2.6095e-11
2.30428e-11
-4.13363e-11
3.38605e-11
-6.41984e-11
4.86416e-11
-9.77256e-11
6.82894e-11
-1.45788e-10
9.3668e-11
-2.13119e-10
1.2548e-10
-3.05269e-10
1.64108e-10
-4.28438e-10
2.09448e-10
-5.89159e-10
2.60729e-10
-7.93818e-10
3.16382e-10
-1.04801e-09
3.73954e-10
-1.35579e-09
4.30132e-10
-1.71879e-09
4.80875e-10
-2.13548e-09
5.21669e-10
-2.60046e-09
5.47901e-10
-3.10403e-09
5.55326e-10
-3.63212e-09
5.40572e-10
-4.16664e-09
5.01614e-10
-4.68635e-09
4.38159e-10
-5.16811e-09
3.51854e-10
-5.58857e-09
2.46296e-10
-5.926e-09
1.26806e-10
-6.16208e-09
-6.2836e-09
2.54526e-13
-7.50261e-13
5.75423e-13
-1.00724e-12
1.04037e-12
-1.58877e-12
1.74855e-12
-2.63987e-12
2.83326e-12
-4.40365e-12
4.47045e-12
-7.25701e-12
6.89254e-12
-1.17529e-11
1.03897e-11
-1.86726e-11
1.53134e-11
-2.90853e-11
2.20641e-11
-4.4404e-11
3.1068e-11
-6.64323e-11
4.27379e-11
-9.73871e-11
5.74148e-11
-1.39882e-10
7.52966e-11
-1.9685e-10
9.63553e-11
-2.71402e-10
1.20254e-10
-3.66601e-10
1.4628e-10
-4.85162e-10
1.73299e-10
-6.29082e-10
1.99768e-10
-7.99239e-10
2.23787e-10
-9.95012e-10
2.43225e-10
-1.21394e-09
2.55889e-10
-1.4515e-09
2.59751e-10
-1.70108e-09
2.53186e-10
-1.95409e-09
2.35208e-10
-2.20044e-09
2.05647e-10
-2.42908e-09
1.65262e-10
-2.62882e-09
1.15744e-10
-2.78924e-09
5.96103e-11
-2.90155e-09
-2.95937e-09
1.11435e-13
-3.27584e-13
2.52451e-13
-4.41727e-13
4.57474e-13
-6.99534e-13
7.70976e-13
-1.16582e-12
1.25279e-12
-1.95092e-12
1.98251e-12
-3.22445e-12
3.06546e-12
-5.23738e-12
4.63481e-12
-8.34507e-12
6.85127e-12
-1.30355e-11
9.89989e-12
-1.99568e-11
1.39795e-11
-2.99404e-11
1.92843e-11
-4.4011e-11
2.59776e-11
-6.33835e-11
3.41588e-11
-8.94294e-11
4.38252e-11
-1.2361e-10
5.48301e-11
-1.67374e-10
6.68541e-11
-2.22019e-10
7.93801e-11
-2.88517e-10
9.16962e-11
-3.67323e-10
1.02923e-10
-4.58192e-10
1.12064e-10
-5.60018e-10
1.18092e-10
-6.7072e-10
1.20049e-10
-7.87218e-10
1.17166e-10
-9.05506e-10
1.08966e-10
-1.02083e-09
9.53578e-11
-1.12799e-09
7.6686e-11
-1.2217e-09
5.37358e-11
-1.29701e-09
2.76836e-11
-1.34977e-09
-1.37694e-09
4.84351e-14
-1.41231e-13
1.09726e-13
-1.91575e-13
1.99352e-13
-3.04722e-13
3.36401e-13
-5.09452e-13
5.48166e-13
-8.55403e-13
8.70009e-13
-1.41773e-12
1.34915e-12
-2.30941e-12
2.04567e-12
-3.69025e-12
3.03244e-12
-5.78025e-12
4.39436e-12
-8.87356e-12
6.22225e-12
-1.33483e-11
8.607e-12
-1.96735e-11
1.16253e-11
-2.84065e-11
1.53257e-11
-4.01802e-11
1.97109e-11
-5.56723e-11
2.47195e-11
-7.55605e-11
3.02093e-11
-1.00456e-10
3.59469e-11
-1.30822e-10
4.16084e-11
-1.66892e-10
4.67907e-11
-2.08571e-10
5.10352e-11
-2.55367e-10
5.38651e-11
-3.06336e-10
5.48357e-11
-3.60063e-10
5.35851e-11
-4.14696e-10
4.98879e-11
-4.6803e-10
4.36958e-11
-5.17642e-10
3.51639e-11
-5.61067e-10
2.46526e-11
-5.95994e-10
1.27046e-11
-6.20471e-10
-6.33081e-10
2.09374e-14
-6.0382e-14
4.73462e-14
-8.18803e-14
8.6055e-14
-1.31203e-13
1.45493e-13
-2.20284e-13
2.3743e-13
-3.71041e-13
3.77887e-13
-6.17076e-13
5.87854e-13
-1.00803e-12
8.93713e-13
-1.61486e-12
1.3283e-12
-2.53648e-12
1.93037e-12
-3.90417e-12
2.74029e-12
-5.88814e-12
3.80034e-12
-8.70069e-12
5.14622e-12
-1.25942e-11
6.80122e-12
-1.78572e-11
8.76848e-12
-2.4801e-11
1.10219e-11
-3.3737e-11
1.34993e-11
-4.49497e-11
1.60969e-11
-5.86589e-11
1.86685e-11
-7.49776e-11
2.1032e-11
-9.38731e-11
2.29783e-11
-1.15129e-10
2.42892e-11
-1.38321e-10
2.4761e-11
-1.62807e-10
2.42254e-11
-1.87741e-10
2.25768e-11
-2.12114e-10
1.97913e-11
-2.34809e-10
1.59377e-11
-2.54693e-10
1.11789e-11
-2.70696e-10
5.7624e-12
-2.81917e-10
-2.877e-10
8.70394e-15
-2.53348e-14
2.00535e-14
-3.46536e-14
3.66188e-14
-5.59185e-14
6.21429e-14
-9.40533e-14
1.01732e-13
-1.59446e-13
1.62394e-13
-2.65828e-13
2.5347e-13
-4.35282e-13
3.86424e-13
-6.99464e-13
5.75701e-13
-1.10153e-12
8.38904e-13
-1.69989e-12
1.19415e-12
-2.57021e-12
1.66048e-12
-3.80759e-12
2.25402e-12
-5.52492e-12
2.98618e-12
-7.85181e-12
3.85894e-12
-1.093e-11
4.86143e-12
-1.49007e-11
5.96662e-12
-1.9895e-11
7.12923e-12
-2.60145e-11
8.28358e-12
-3.33142e-11
9.34888e-12
-4.17833e-11
1.02307e-11
-5.13285e-11
1.08306e-11
-6.176e-11
1.10552e-11
-7.27905e-11
1.08287e-11
-8.40388e-11
1.01016e-11
-9.50468e-11
8.86268e-12
-1.05308e-10
7.14142e-12
-1.14306e-10
5.0115e-12
-1.21553e-10
2.58392e-12
-1.26636e-10
-1.29257e-10
3.71975e-15
-1.04436e-14
8.26076e-15
-1.40233e-14
1.51201e-14
-2.34121e-14
2.62031e-14
-3.9756e-14
4.31484e-14
-6.79565e-14
6.89789e-14
-1.13272e-13
1.08033e-13
-1.85863e-13
1.65505e-13
-3.00108e-13
2.46908e-13
-4.73419e-13
3.60796e-13
-7.32736e-13
5.15302e-13
-1.11046e-12
7.18145e-13
-1.64877e-12
9.77268e-13
-2.39836e-12
1.29739e-12
-3.41623e-12
1.68e-12
-4.76576e-12
2.12113e-12
-6.51164e-12
2.60905e-12
-8.71183e-12
3.12354e-12
-1.14133e-11
3.63612e-12
-1.46425e-11
4.11052e-12
-1.83964e-11
4.50524e-12
-2.26346e-11
4.77609e-12
-2.72737e-11
4.88139e-12
-3.21868e-11
4.7871e-12
-3.72038e-11
4.46984e-12
-4.21185e-11
3.92467e-12
-4.6705e-11
3.16458e-12
-5.07302e-11
2.22197e-12
-5.39741e-11
1.14632e-12
-5.62504e-11
-5.74243e-11
1.54987e-15
-4.09841e-15
3.40874e-15
-5.61938e-15
6.13734e-15
-9.43961e-15
1.09589e-14
-1.65845e-14
1.8106e-14
-2.85459e-14
2.89307e-14
-4.75716e-14
4.55048e-14
-7.86743e-14
6.99527e-14
-1.27501e-13
1.04776e-13
-2.012e-13
1.53645e-13
-3.1255e-13
2.19937e-13
-4.74838e-13
3.07117e-13
-7.06649e-13
4.18858e-13
-1.03003e-12
5.57944e-13
-1.47135e-12
7.24476e-13
-2.05653e-12
9.16207e-13
-2.81574e-12
1.12904e-12
-3.77477e-12
1.35403e-12
-4.95435e-12
1.57917e-12
-6.36767e-12
1.78821e-12
-8.01321e-12
1.96251e-12
-9.87414e-12
2.08349e-12
-1.19148e-11
2.13225e-12
-1.40788e-11
2.09297e-12
-1.62916e-11
1.95629e-12
-1.84618e-11
1.71903e-12
-2.04887e-11
1.38686e-12
-2.2269e-11
9.74011e-13
-2.37047e-11
5.02508e-13
-2.47126e-11
-2.52324e-11
4.33299e-16
-1.4217e-15
1.54685e-15
-2.22849e-15
2.80303e-15
-3.59576e-15
4.47404e-15
-6.41929e-15
7.53913e-15
-1.17247e-14
1.20382e-14
-1.96909e-14
1.90377e-14
-3.2939e-14
2.9252e-14
-5.36806e-14
4.40302e-14
-8.45282e-14
6.47736e-14
-1.32051e-13
9.29944e-14
-2.00697e-13
1.30227e-13
-2.99721e-13
1.7786e-13
-4.37894e-13
2.37126e-13
-6.27316e-13
3.08692e-13
-8.78319e-13
3.91764e-13
-1.20506e-12
4.83444e-13
-1.61851e-12
5.8094e-13
-2.12828e-12
6.78496e-13
-2.74021e-12
7.69708e-13
-3.45379e-12
8.46035e-13
-4.26198e-12
8.99368e-13
-5.15054e-12
9.21531e-13
-6.09297e-12
9.05405e-13
-7.05817e-12
8.47185e-13
-8.0062e-12
7.45204e-13
-8.89193e-12
6.01234e-13
-9.6706e-12
4.22382e-13
-1.0299e-11
2.18183e-13
-1.07405e-11
-1.09681e-11
1.77052e-16
-5.43644e-16
4.00099e-16
-8.61678e-16
7.57532e-16
-1.41851e-15
1.46825e-15
-2.28536e-15
2.53293e-15
-4.45952e-15
4.74001e-15
-8.16753e-15
8.03744e-15
-1.35439e-14
1.19586e-14
-2.18648e-14
1.81549e-14
-3.51127e-14
2.68966e-14
-5.516e-14
3.89508e-14
-8.38715e-14
5.46684e-14
-1.25711e-13
7.51657e-14
-1.84275e-13
9.98327e-14
-2.64092e-13
1.30216e-13
-3.71223e-13
1.6584e-13
-5.10561e-13
2.05167e-13
-6.86689e-13
2.46805e-13
-9.0481e-13
2.88582e-13
-1.16702e-12
3.27842e-13
-1.47315e-12
3.61018e-13
-1.82053e-12
3.84179e-13
-2.20304e-12
3.94159e-13
-2.60916e-12
3.87773e-13
-3.02583e-12
3.62916e-13
-3.43551e-12
3.19323e-13
-3.81845e-12
2.5793e-13
-4.15551e-12
1.814e-13
-4.42751e-12
9.35676e-14
-4.61833e-12
-4.71722e-12
1.50368e-16
-2.20103e-16
-6.06304e-17
-9.20736e-17
-2.76831e-17
-4.45747e-16
4.48378e-16
-1.0771e-15
1.17839e-15
-1.52338e-15
1.98379e-15
-3.17136e-15
3.15665e-15
-5.44632e-15
4.75068e-15
-8.62576e-15
7.43272e-15
-1.46082e-14
1.10147e-14
-2.26174e-14
1.59988e-14
-3.4662e-14
2.25524e-14
-5.19605e-14
3.09391e-14
-7.64553e-14
4.1855e-14
-1.10283e-13
5.451e-14
-1.55185e-13
6.94251e-14
-2.1375e-13
8.63031e-14
-2.88377e-13
1.03768e-13
-3.80759e-13
1.21528e-13
-4.9188e-13
1.38242e-13
-6.22023e-13
1.52502e-13
-7.69797e-13
1.62598e-13
-9.32596e-13
1.66811e-13
-1.10575e-12
1.64084e-13
-1.28375e-12
1.53465e-13
-1.45893e-12
1.35372e-13
-1.62286e-12
1.09511e-13
-1.76712e-12
7.71862e-14
-1.88347e-12
3.98396e-14
-1.96524e-12
-2.00779e-12
-4.23956e-17
-2.39018e-16
-3.09228e-16
1.88796e-17
-1.09132e-16
-1.47419e-17
-6.81352e-17
-1.68684e-16
4.63748e-16
-6.88368e-16
6.40833e-16
-1.32002e-15
1.20312e-15
-1.92798e-15
1.89031e-15
-3.50597e-15
2.82198e-15
-5.60077e-15
4.35802e-15
-9.02296e-15
6.53676e-15
-1.40825e-14
9.29778e-15
-2.11126e-14
1.30401e-14
-3.1672e-14
1.73319e-14
-4.52961e-14
2.21978e-14
-6.3776e-14
2.86795e-14
-8.84451e-14
3.57059e-14
-1.19776e-13
4.33541e-14
-1.58544e-13
5.07495e-14
-2.05018e-13
5.77469e-14
-2.59874e-13
6.368e-14
-3.21981e-13
6.80606e-14
-3.90379e-13
7.00244e-14
-4.63882e-13
6.88334e-14
-5.38694e-13
6.47519e-14
-6.12884e-13
5.7154e-14
-6.8236e-13
4.5921e-14
-7.43259e-13
3.20243e-14
-7.92637e-13
1.68587e-14
-8.27421e-13
-8.45436e-13
-2.58248e-16
9.01123e-17
-2.61351e-16
2.04315e-16
-1.64991e-16
-5.44193e-17
-6.64088e-17
1.36205e-16
-2.85636e-17
-1.94426e-16
-1.28781e-17
-2.341e-16
5.16916e-16
-6.03542e-16
1.07329e-15
-1.58282e-15
1.25923e-15
-2.14137e-15
1.55069e-15
-3.14625e-15
2.45996e-15
-5.53614e-15
3.77481e-15
-8.65676e-15
4.90432e-15
-1.28363e-14
6.86226e-15
-1.83555e-14
9.3152e-15
-2.60769e-14
1.19688e-14
-3.59063e-14
1.46962e-14
-4.87948e-14
1.7798e-14
-6.50495e-14
2.08722e-14
-8.44884e-14
2.38356e-14
-1.07097e-13
2.64319e-14
-1.32976e-13
2.84618e-14
-1.61603e-13
2.88932e-14
-1.92027e-13
2.85596e-14
-2.23242e-13
2.66768e-14
-2.54084e-13
2.36736e-14
-2.83386e-13
1.90692e-14
-3.08386e-13
1.34263e-14
-3.29493e-13
6.88313e-15
-3.43705e-13
-3.51649e-13
-2.70365e-16
1.12345e-16
-1.42119e-16
-4.52877e-17
-1.83998e-16
-6.87432e-17
-1.97149e-16
7.1748e-17
-3.73942e-17
-1.78458e-16
-9.50991e-17
3.89858e-16
6.55435e-18
9.87722e-17
3.42202e-16
-5.42811e-16
3.79894e-16
-7.51929e-16
7.79988e-16
-1.0889e-15
1.10988e-15
-1.9485e-15
1.55322e-15
-3.10709e-15
1.88709e-15
-4.8357e-15
2.57364e-15
-7.23979e-15
3.60671e-15
-1.05858e-14
4.71073e-15
-1.43589e-14
6.08506e-15
-1.93775e-14
7.3359e-15
-2.58694e-14
8.78771e-15
-3.3823e-14
9.7218e-15
-4.28134e-14
1.09377e-14
-5.32535e-14
1.16765e-14
-6.48218e-14
1.18306e-14
-7.74184e-14
1.18963e-14
-9.00012e-14
1.10539e-14
-1.02509e-13
9.83951e-15
-1.14484e-13
8.09516e-15
-1.24414e-13
5.51783e-15
-1.32907e-13
3.1554e-15
-1.38965e-13
-1.41857e-13
-7.0823e-17
8.10594e-17
-2.00921e-17
-4.51083e-16
-1.08739e-16
4.42779e-17
-2.48167e-16
8.58881e-17
-2.17367e-16
-1.80315e-16
-1.81219e-16
2.64498e-16
-1.73215e-17
4.0336e-17
4.53802e-18
-1.37291e-16
1.1568e-16
-9.79402e-17
2.22884e-16
-3.15093e-16
3.13858e-16
-7.65591e-16
4.11923e-16
-8.88003e-16
9.45141e-16
-1.76567e-15
1.2311e-15
-2.33333e-15
1.44629e-15
-3.74654e-15
1.89165e-15
-5.2191e-15
2.38999e-15
-6.58775e-15
3.22157e-15
-9.07294e-15
3.69202e-15
-1.19378e-14
3.98922e-15
-1.49326e-14
4.59743e-15
-1.85824e-14
5.01511e-15
-2.2551e-14
5.1541e-15
-2.72612e-14
4.99087e-15
-3.16037e-14
4.77808e-15
-3.6108e-14
4.06021e-15
-4.01091e-14
3.40447e-15
-4.38529e-14
2.35196e-15
-4.65897e-14
1.17718e-15
-4.87861e-14
-4.98986e-14
-4.12001e-17
-1.72153e-16
-2.29503e-16
-2.60774e-16
-9.2479e-17
-1.6389e-16
-1.24895e-16
-6.0047e-17
1.93272e-16
2.20464e-16
3.91333e-17
2.37308e-16
1.67221e-16
5.21471e-16
7.18113e-16
6.81664e-16
1.36809e-15
1.70694e-15
1.90301e-15
2.17307e-15
2.5061e-15
2.83387e-15
2.49843e-15
2.58871e-15
2.42868e-15
2.19164e-15
1.84615e-15
1.21662e-15
4.00351e-16
)
;

boundaryField
{
    outerWall
    {
        type            calculated;
        value           uniform 0;
    }
    axis
    {
        type            symmetryPlane;
        value           uniform 0;
    }
    nozzle
    {
        type            calculated;
        value           nonuniform List<scalar> 5(0.741337 0.741362 0.741362 0.741362 0.741337);
    }
    back
    {
        type            empty;
    }
    front
    {
        type            empty;
    }
}


// ************************************************************************* //
