/*--------------------------------*- C++ -*----------------------------------*\
| =========                 |                                                 |
| \\      /  F ield         | OpenFOAM: The Open Source CFD Toolbox           |
|  \\    /   O peration     | Version:  2412                                  |
|   \\  /    A nd           | Website:  www.openfoam.com                      |
|    \\/     M anipulation  |                                                 |
\*---------------------------------------------------------------------------*/
FoamFile
{
    version     2.0;
    format      ascii;
    arch        "LSB;label=32;scalar=64";
    class       volVectorField;
    location    "0.00012";
    object      U;
}
// * * * * * * * * * * * * * * * * * * * * * * * * * * * * * * * * * * * * * //

dimensions      [0 1 -1 0 0 0 0];

internalField   nonuniform List<vector> 
3725
(
(0.0305023 -0.0146928 0)
(0.0959041 -0.0139406 0)
(0.172967 -0.012668 0)
(0.264911 -0.0111384 0)
(0.369898 -0.00973536 0)
(0.481818 -0.00865207 0)
(0.59239 -0.00805846 0)
(0.69358 -0.00786166 0)
(0.77944 -0.00794305 0)
(0.846923 -0.00808617 0)
(0.895578 -0.00812017 0)
(0.926955 -0.00793032 0)
(0.943545 -0.00746811 0)
(0.948035 -0.00675694 0)
(0.942857 -0.00572455 0)
(0.929863 -0.0044069 0)
(0.910263 -0.00274142 0)
(0.884726 -0.000852411 0)
(0.853444 0.00127851 0)
(0.816198 0.00371378 0)
(0.772512 0.00641916 0)
(0.721914 0.00937204 0)
(0.663914 0.0125698 0)
(0.598063 0.0158598 0)
(0.524145 0.0191134 0)
(0.442299 0.0222143 0)
(0.353051 0.0250326 0)
(0.257353 0.027377 0)
(0.156588 0.0290635 0)
(0.0525703 0.0299467 0)
(0.0310662 -0.0434483 0)
(0.0974251 -0.0412902 0)
(0.175075 -0.0376109 0)
(0.267118 -0.033245 0)
(0.371771 -0.0291198 0)
(0.483085 -0.0260219 0)
(0.592994 -0.0243231 0)
(0.693681 -0.0237653 0)
(0.779282 -0.0240148 0)
(0.846803 -0.0244053 0)
(0.89571 -0.0244781 0)
(0.927459 -0.023882 0)
(0.944441 -0.022606 0)
(0.949359 -0.0204299 0)
(0.944637 -0.0172533 0)
(0.932118 -0.0133028 0)
(0.912946 -0.00852002 0)
(0.887758 -0.00284819 0)
(0.856886 0.00366995 0)
(0.82007 0.011001 0)
(0.776771 0.0191673 0)
(0.726542 0.0281535 0)
(0.668799 0.0376894 0)
(0.602992 0.0475353 0)
(0.528925 0.0574196 0)
(0.44675 0.0669319 0)
(0.356933 0.0755728 0)
(0.260383 0.082761 0)
(0.15852 0.0879346 0)
(0.0532344 0.0906467 0)
(0.0321241 -0.0703875 0)
(0.100288 -0.0670726 0)
(0.179007 -0.0613854 0)
(0.271288 -0.0546569 0)
(0.375324 -0.0483289 0)
(0.485426 -0.0437621 0)
(0.594094 -0.0410773 0)
(0.69383 -0.0404315 0)
(0.77898 -0.0407043 0)
(0.846584 -0.0412674 0)
(0.89599 -0.0414057 0)
(0.928377 -0.0405375 0)
(0.946155 -0.0382353 0)
(0.952071 -0.0344875 0)
(0.948224 -0.0293476 0)
(0.936436 -0.0228003 0)
(0.918128 -0.0147876 0)
(0.893893 -0.00530633 0)
(0.863857 0.0055563 0)
(0.827844 0.0178424 0)
(0.785392 0.0315547 0)
(0.735823 0.0465975 0)
(0.678476 0.0627388 0)
(0.61288 0.0794996 0)
(0.538704 0.0963742 0)
(0.455924 0.112746 0)
(0.364933 0.127676 0)
(0.266633 0.140139 0)
(0.162509 0.149138 0)
(0.0546075 0.153866 0)
(0.0335537 -0.0944718 0)
(0.10418 -0.0905128 0)
(0.184391 -0.0833306 0)
(0.276915 -0.0749861 0)
(0.379946 -0.0673981 0)
(0.488527 -0.0617696 0)
(0.595496 -0.0587589 0)
(0.693967 -0.0579331 0)
(0.77867 -0.0584736 0)
(0.84627 -0.0592416 0)
(0.896267 -0.0592048 0)
(0.929843 -0.0577534 0)
(0.948986 -0.0545684 0)
(0.956033 -0.0492858 0)
(0.953409 -0.0422728 0)
(0.943045 -0.0330656 0)
(0.926076 -0.0218042 0)
(0.903026 -0.00862204 0)
(0.87426 0.00663922 0)
(0.839581 0.023967 0)
(0.798343 0.043381 0)
(0.749941 0.0647624 0)
(0.69349 0.0878203 0)
(0.628224 0.111963 0)
(0.553867 0.136561 0)
(0.470234 0.160543 0)
(0.377484 0.182541 0)
(0.276484 0.201006 0)
(0.168821 0.214404 0)
(0.0567839 0.22147 0)
(0.0350949 -0.114702 0)
(0.108649 -0.110399 0)
(0.190658 -0.10274 0)
(0.283243 -0.0938595 0)
(0.385242 -0.0858176 0)
(0.49191 -0.0800581 0)
(0.596977 -0.0771311 0)
(0.69405 -0.0765459 0)
(0.778009 -0.0773839 0)
(0.846033 -0.0783068 0)
(0.897117 -0.0781777 0)
(0.931864 -0.0762147 0)
(0.952514 -0.0720097 0)
(0.961302 -0.0653605 0)
(0.960398 -0.0561072 0)
(0.951797 -0.0443117 0)
(0.936471 -0.0301402 0)
(0.915236 -0.0132008 0)
(0.888312 0.00653754 0)
(0.855408 0.0289648 0)
(0.815998 0.0542864 0)
(0.76917 0.0824179 0)
(0.713884 0.112911 0)
(0.649442 0.145211 0)
(0.575147 0.178484 0)
(0.490416 0.211172 0)
(0.395285 0.24138 0)
(0.290534 0.266925 0)
(0.177863 0.285577 0)
(0.0599109 0.295465 0)
(0.0367829 -0.130333 0)
(0.113156 -0.126057 0)
(0.196802 -0.118982 0)
(0.289614 -0.110788 0)
(0.390303 -0.103553 0)
(0.495048 -0.098659 0)
(0.598135 -0.0965573 0)
(0.693782 -0.0966048 0)
(0.777356 -0.0977588 0)
(0.845681 -0.0987497 0)
(0.897839 -0.0985838 0)
(0.934482 -0.0962197 0)
(0.957134 -0.0908986 0)
(0.967968 -0.0829259 0)
(0.969204 -0.071648 0)
(0.96253 -0.0575129 0)
(0.949418 -0.0400752 0)
(0.930545 -0.0193832 0)
(0.905893 0.0048014 0)
(0.875397 0.0324409 0)
(0.838447 0.0640217 0)
(0.793918 0.0993007 0)
(0.740588 0.137972 0)
(0.67741 0.179538 0)
(0.603344 0.22268 0)
(0.517411 0.265509 0)
(0.419303 0.3055 0)
(0.309635 0.339643 0)
(0.190231 0.364781 0)
(0.0642041 0.378196 0)
(0.0383029 -0.140832 0)
(0.117166 -0.13742 0)
(0.202116 -0.131664 0)
(0.294821 -0.125355 0)
(0.394346 -0.120214 0)
(0.497163 -0.117189 0)
(0.598523 -0.116867 0)
(0.693155 -0.118147 0)
(0.776406 -0.12014 0)
(0.845422 -0.121393 0)
(0.899014 -0.120738 0)
(0.937641 -0.117567 0)
(0.96249 -0.111389 0)
(0.975747 -0.101889 0)
(0.979465 -0.0888863 0)
(0.975484 -0.072205 0)
(0.965075 -0.0518118 0)
(0.948901 -0.0274802 0)
(0.927183 0.00112331 0)
(0.899832 0.0342619 0)
(0.86615 0.0722817 0)
(0.824634 0.115317 0)
(0.774067 0.163034 0)
(0.712977 0.214973 0)
(0.639628 0.269585 0)
(0.552535 0.324493 0)
(0.450889 0.376411 0)
(0.334996 0.421266 0)
(0.206783 0.454629 0)
(0.0699775 0.472596 0)
(0.0393431 -0.146045 0)
(0.120036 -0.143976 0)
(0.205856 -0.140605 0)
(0.298208 -0.137252 0)
(0.396434 -0.135265 0)
(0.497564 -0.135542 0)
(0.597422 -0.137507 0)
(0.691332 -0.140808 0)
(0.774927 -0.143893 0)
(0.845237 -0.145653 0)
(0.900717 -0.144876 0)
(0.941494 -0.141077 0)
(0.968901 -0.133853 0)
(0.98485 -0.1228 0)
(0.991472 -0.10789 0)
(0.99034 -0.0890319 0)
(0.982967 -0.0658479 0)
(0.970247 -0.0379513 0)
(0.952204 -0.00492944 0)
(0.928772 0.0337902 0)
(0.899238 0.0785641 0)
(0.861984 0.129886 0)
(0.815332 0.187755 0)
(0.757326 0.251557 0)
(0.685486 0.31963 0)
(0.597532 0.389111 0)
(0.491884 0.455797 0)
(0.368299 0.514244 0)
(0.228735 0.558264 0)
(0.0776853 0.582262 0)
(0.0398562 -0.146092 0)
(0.121249 -0.145687 0)
(0.207163 -0.145484 0)
(0.298832 -0.146164 0)
(0.395635 -0.148539 0)
(0.495488 -0.152901 0)
(0.594578 -0.158386 0)
(0.688369 -0.164131 0)
(0.772777 -0.168833 0)
(0.844688 -0.17139 0)
(0.902454 -0.170929 0)
(0.945907 -0.166796 0)
(0.976202 -0.158622 0)
(0.995222 -0.146363 0)
(1.00479 -0.129879 0)
(1.00702 -0.108752 0)
(1.00339 -0.0826997 0)
(0.994592 -0.0514382 0)
(0.980993 -0.0139989 0)
(0.962452 0.030343 0)
(0.938224 0.0822752 0)
(0.906528 0.142598 0)
(0.865321 0.211675 0)
(0.811885 0.289072 0)
(0.742795 0.373028 0)
(0.654661 0.460212 0)
(0.54474 0.545356 0)
(0.411848 0.621272 0)
(0.257804 0.679326 0)
(0.0879835 0.711516 0)
(0.0396472 -0.141303 0)
(0.120493 -0.142942 0)
(0.205501 -0.146365 0)
(0.295921 -0.151866 0)
(0.391387 -0.159466 0)
(0.490184 -0.168697 0)
(0.589005 -0.17868 0)
(0.683502 -0.187859 0)
(0.769486 -0.194942 0)
(0.843668 -0.198832 0)
(0.904163 -0.198865 0)
(0.950733 -0.194634 0)
(0.984224 -0.18593 0)
(1.00641 -0.172545 0)
(1.01968 -0.154518 0)
(1.02573 -0.131447 0)
(1.02595 -0.103095 0)
(1.02177 -0.0683964 0)
(1.01354 -0.0267122 0)
(1.00097 0.0233286 0)
(0.983439 0.08254 0)
(0.959036 0.152436 0)
(0.925188 0.234001 0)
(0.878342 0.326921 0)
(0.813843 0.429585 0)
(0.72678 0.538302 0)
(0.612681 0.646622 0)
(0.468779 0.7452 0)
(0.296428 0.821998 0)
(0.101836 0.865594 0)
(0.0386269 -0.132439 0)
(0.117453 -0.136251 0)
(0.200472 -0.143672 0)
(0.28901 -0.154361 0)
(0.383016 -0.167686 0)
(0.481082 -0.182604 0)
(0.580212 -0.197681 0)
(0.676176 -0.211058 0)
(0.76455 -0.22126 0)
(0.841747 -0.227204 0)
(0.905602 -0.228312 0)
(0.955611 -0.224368 0)
(0.992773 -0.215447 0)
(1.01878 -0.201331 0)
(1.03562 -0.182091 0)
(1.04558 -0.157534 0)
(1.05067 -0.126947 0)
(1.05188 -0.0893656 0)
(1.04978 -0.0437299 0)
(1.04439 0.011743 0)
(1.03506 0.0784578 0)
(1.02012 0.158524 0)
(0.996185 0.253568 0)
(0.958575 0.36394 0)
(0.901334 0.48846 0)
(0.817443 0.623274 0)
(0.699918 0.760731 0)
(0.543382 0.888932 0)
(0.348112 0.991089 0)
(0.120691 1.05102 0)
(0.0367874 -0.120433 0)
(0.112067 -0.126385 0)
(0.191919 -0.137785 0)
(0.277913 -0.153726 0)
(0.370208 -0.172933 0)
(0.467692 -0.193865 0)
(0.567668 -0.214559 0)
(0.66582 -0.232794 0)
(0.757378 -0.246883 0)
(0.838379 -0.255721 0)
(0.90629 -0.258668 0)
(0.960379 -0.255741 0)
(1.0015 -0.247059 0)
(1.03143 -0.232848 0)
(1.05253 -0.213039 0)
(1.06708 -0.187182 0)
(1.07708 -0.154807 0)
(1.08419 -0.11501 0)
(1.08937 -0.0659177 0)
(1.09263 -0.00539513 0)
(1.09352 0.0687932 0)
(1.09036 0.159201 0)
(1.07925 0.268511 0)
(1.05451 0.398142 0)
(1.00835 0.547846 0)
(0.93099 0.714024 0)
(0.811932 0.888035 0)
(0.641552 1.05521 0)
(0.418006 1.19214 0)
(0.146791 1.2762 0)
(0.0341623 -0.10641 0)
(0.104437 -0.114341 0)
(0.179965 -0.129407 0)
(0.26265 -0.150269 0)
(0.352914 -0.175172 0)
(0.449866 -0.202027 0)
(0.551019 -0.228528 0)
(0.651936 -0.252091 0)
(0.747356 -0.270742 0)
(0.83291 -0.283255 0)
(0.905588 -0.289021 0)
(0.964317 -0.288045 0)
(1.00994 -0.280585 0)
(1.0443 -0.266881 0)
(1.06987 -0.247028 0)
(1.08926 -0.220867 0)
(1.1048 -0.187556 0)
(1.11854 -0.145842 0)
(1.132 -0.0938296 0)
(1.14543 -0.0289269 0)
(1.1585 0.0521499 0)
(1.1699 0.152398 0)
(1.17539 0.276173 0)
(1.16808 0.426499 0)
(1.13825 0.604594 0)
(1.07259 0.807918 0)
(0.955821 1.02753 0)
(0.771467 1.24623 0)
(0.51388 1.43156 0)
(0.183747 1.55254 0)
(0.0308383 -0.0916337 0)
(0.0948167 -0.101189 0)
(0.16497 -0.119391 0)
(0.243589 -0.144487 0)
(0.331391 -0.17445 0)
(0.427678 -0.206784 0)
(0.530124 -0.238828 0)
(0.634163 -0.268009 0)
(0.734006 -0.291761 0)
(0.824671 -0.308667 0)
(0.902698 -0.318238 0)
(0.966706 -0.320234 0)
(1.01738 -0.31497 0)
(1.05659 -0.30285 0)
(1.08704 -0.284031 0)
(1.11169 -0.25832 0)
(1.13335 -0.224939 0)
(1.15448 -0.182399 0)
(1.17705 -0.128616 0)
(1.20211 -0.0606602 0)
(1.22951 0.0259521 0)
(1.25838 0.135344 0)
(1.28483 0.273149 0)
(1.30083 0.444755 0)
(1.29442 0.653783 0)
(1.24821 0.900119 0)
(1.1407 1.176 0)
(0.944584 1.46303 0)
(0.647775 1.71685 0)
(0.237526 1.89654 0)
(0.0269943 -0.0773267 0)
(0.0836161 -0.0880979 0)
(0.147488 -0.108706 0)
(0.221354 -0.13707 0)
(0.306192 -0.171108 0)
(0.401584 -0.208135 0)
(0.505102 -0.245314 0)
(0.612239 -0.279881 0)
(0.716864 -0.308974 0)
(0.813053 -0.330913 0)
(0.896913 -0.345087 0)
(0.966768 -0.351072 0)
(1.02298 -0.349216 0)
(1.0675 -0.339809 0)
(1.10326 -0.323162 0)
(1.13358 -0.299104 0)
(1.16174 -0.266864 0)
(1.19078 -0.224943 0)
(1.2233 -0.170928 0)
(1.26136 -0.101384 0)
(1.3055 -0.0112685 0)
(1.3553 0.105403 0)
(1.40745 0.255512 0)
(1.45356 0.447343 0)
(1.47979 0.688298 0)
(1.46428 0.982747 0)
(1.37806 1.32681 0)
(1.17712 1.70408 0)
(0.83911 2.05631 0)
(0.318479 2.33044 0)
(0.0227586 -0.0646599 0)
(0.0712785 -0.0761936 0)
(0.128237 -0.09814 0)
(0.196785 -0.12881 0)
(0.278092 -0.165766 0)
(0.372024 -0.206416 0)
(0.476316 -0.247915 0)
(0.58642 -0.287065 0)
(0.695734 -0.321499 0)
(0.797587 -0.348918 0)
(0.88758 -0.368288 0)
(0.963609 -0.37918 0)
(1.02582 -0.381745 0)
(1.07613 -0.376429 0)
(1.11757 -0.363344 0)
(1.15391 -0.342355 0)
(1.18897 -0.312774 0)
(1.22643 -0.273069 0)
(1.26972 -0.220664 0)
(1.32186 -0.15174 0)
(1.3846 -0.0608246 0)
(1.45846 0.0599415 0)
(1.54128 0.218484 0)
(1.62543 0.427241 0)
(1.69599 0.698459 0)
(1.72712 1.04391 0)
(1.68179 1.46813 0)
(1.49174 1.96319 0)
(1.11781 2.46257 0)
(0.44294 2.90885 0)
(0.0183426 -0.0547532 0)
(0.0585026 -0.0665215 0)
(0.108022 -0.0889102 0)
(0.170631 -0.120655 0)
(0.247986 -0.159212 0)
(0.339973 -0.202172 0)
(0.444617 -0.246736 0)
(0.557053 -0.289842 0)
(0.670476 -0.329004 0)
(0.777962 -0.361684 0)
(0.874217 -0.386574 0)
(0.956675 -0.403166 0)
(1.02504 -0.411254 0)
(1.0813 -0.411165 0)
(1.12882 -0.402956 0)
(1.1715 -0.386657 0)
(1.2137 -0.361604 0)
(1.25987 -0.326026 0)
(1.3143 -0.277626 0)
(1.38124 -0.212267 0)
(1.46426 -0.124172 0)
(1.56478 -0.00455035 0)
(1.68293 0.157416 0)
(1.81354 0.376275 0)
(1.9423 0.671854 0)
(2.04156 1.06638 0)
(2.06768 1.5791 0)
(1.92295 2.21845 0)
(1.54917 2.90149 0)
(0.653038 3.55162 0)
(0.0139312 -0.0482878 0)
(0.0456575 -0.0599542 0)
(0.0876337 -0.0822094 0)
(0.144056 -0.113615 0)
(0.216952 -0.152346 0)
(0.306381 -0.19622 0)
(0.410565 -0.242386 0)
(0.52472 -0.288439 0)
(0.641854 -0.331166 0)
(0.754411 -0.368671 0)
(0.856469 -0.399092 0)
(0.945099 -0.421705 0)
(1.01982 -0.436213 0)
(1.08236 -0.442356 0)
(1.13595 -0.440472 0)
(1.18492 -0.4304 0)
(1.23444 -0.411449 0)
(1.28941 -0.382487 0)
(1.35504 -0.34083 0)
(1.43695 -0.282488 0)
(1.54039 -0.201722 0)
(1.66965 -0.0896397 0)
(1.8269 0.0673065 0)
(2.01126 0.285697 0)
(2.21358 0.593723 0)
(2.40759 1.02818 0)
(2.54623 1.63894 0)
(2.4842 2.4891 0)
(2.12004 3.60824 0)
(0.925552 4.96208 0)
(0.00959173 -0.0459037 0)
(0.0330585 -0.0570159 0)
(0.0677724 -0.0783078 0)
(0.118025 -0.108539 0)
(0.18603 -0.146229 0)
(0.272441 -0.189378 0)
(0.375453 -0.235955 0)
(0.490469 -0.283269 0)
(0.610303 -0.328605 0)
(0.72702 -0.369997 0)
(0.834442 -0.405447 0)
(0.928835 -0.433951 0)
(1.00955 -0.454934 0)
(1.0781 -0.468389 0)
(1.13778 -0.474037 0)
(1.19327 -0.471663 0)
(1.24964 -0.460725 0)
(1.31283 -0.440504 0)
(1.38929 -0.40847 0)
(1.48557 -0.361062 0)
(1.6089 -0.292807 0)
(1.76656 -0.195194 0)
(1.96443 -0.0546184 0)
(2.20836 0.149513 0)
(2.49916 0.446914 0)
(2.82536 0.89018 0)
(3.16291 1.55006 0)
(3.39667 2.50753 0)
(3.40559 3.80969 0)
(1.69243 5.5106 0)
(0.00559606 -0.0480682 0)
(0.021352 -0.0582945 0)
(0.048988 -0.0780866 0)
(0.0931115 -0.106257 0)
(0.15632 -0.141772 0)
(0.239085 -0.183161 0)
(0.340146 -0.228584 0)
(0.455233 -0.275715 0)
(0.576808 -0.322358 0)
(0.696782 -0.366271 0)
(0.808505 -0.405837 0)
(0.907985 -0.439786 0)
(0.993996 -0.467311 0)
(1.06803 -0.48821 0)
(1.13349 -0.502016 0)
(1.19491 -0.508566 0)
(1.25781 -0.5075 0)
(1.32861 -0.497825 0)
(1.41462 -0.477902 0)
(1.52369 -0.445339 0)
(1.66479 -0.395293 0)
(1.8483 -0.320247 0)
(2.08544 -0.208481 0)
(2.38742 -0.0387401 0)
(2.76914 0.223994 0)
(3.23533 0.641345 0)
(3.7616 1.3616 0)
(4.20048 2.57383 0)
(4.42542 5.33707 0)
(2.23328 10.0761 0)
(0.00228868 -0.0537016 0)
(0.0116236 -0.0629121 0)
(0.0335168 -0.0812806 0)
(0.072544 -0.107132 0)
(0.131147 -0.139952 0)
(0.210506 -0.178785 0)
(0.309447 -0.221931 0)
(0.423648 -0.267734 0)
(0.545829 -0.314304 0)
(0.667649 -0.359528 0)
(0.782228 -0.401851 0)
(0.885257 -0.439957 0)
(0.975311 -0.473063 0)
(1.05367 -0.500444 0)
(1.12361 -0.521808 0)
(1.18973 -0.536901 0)
(1.25771 -0.545445 0)
(1.33439 -0.546731 0)
(1.42726 -0.540012 0)
(1.54514 -0.523436 0)
(1.69894 -0.493592 0)
(1.90085 -0.445524 0)
(2.16659 -0.370391 0)
(2.51826 -0.251933 0)
(2.98529 -0.0594563 0)
(3.63365 0.257626 0)
(4.51844 0.836197 0)
(6.12137 1.85645 0)
(8.15432 4.37314 0)
(14.7429 8.86863 0)
(-0.000298243 -0.062059 0)
(0.00372237 -0.0702177 0)
(0.0207353 -0.0869449 0)
(0.055621 -0.110569 0)
(0.110529 -0.140628 0)
(0.186721 -0.176331 0)
(0.283365 -0.216806 0)
(0.396299 -0.26045 0)
(0.51829 -0.305786 0)
(0.641018 -0.351045 0)
(0.75733 -0.394786 0)
(0.862735 -0.435758 0)
(0.955628 -0.47302 0)
(1.03719 -0.505763 0)
(1.11052 -0.533689 0)
(1.18015 -0.556492 0)
(1.2519 -0.574 0)
(1.33251 -0.585878 0)
(1.43 -0.592044 0)
(1.55393 -0.5912 0)
(1.71534 -0.582015 0)
(1.92807 -0.562274 0)
(2.21065 -0.526781 0)
(2.58862 -0.46768 0)
(3.09923 -0.370054 0)
(3.81841 -0.204026 0)
(4.81289 0.0899718 0)
(6.52315 0.610703 0)
(8.70265 1.4476 0)
(14.9432 2.99139 0)
(-0.00260687 -0.0734022 0)
(-0.00330893 -0.0805658 0)
(0.00930473 -0.0952581 0)
(0.0403322 -0.116426 0)
(0.0916872 -0.14341 0)
(0.164798 -0.175837 0)
(0.258975 -0.21295 0)
(0.370259 -0.253767 0)
(0.491472 -0.296966 0)
(0.61425 -0.341316 0)
(0.731401 -0.385517 0)
(0.838318 -0.428425 0)
(0.933309 -0.469025 0)
(1.01727 -0.506525 0)
(1.09318 -0.540562 0)
(1.16555 -0.57084 0)
(1.24008 -0.597311 0)
(1.32356 -0.62011 0)
(1.42407 -0.639316 0)
(1.55116 -0.655293 0)
(1.71629 -0.668442 0)
(1.93399 -0.678865 0)
(2.22335 -0.686724 0)
(2.61232 -0.692572 0)
(3.14355 -0.695571 0)
(3.90983 -0.693191 0)
(5.00612 -0.680663 0)
(6.93765 -0.65121 0)
(9.31755 -0.599018 0)
(15.3124 -0.526486 0)
(-0.00459667 -0.087245 0)
(-0.00939188 -0.0934535 0)
(-0.00078148 -0.105983 0)
(0.0267284 -0.124828 0)
(0.074881 -0.148551 0)
(0.144995 -0.177343 0)
(0.236605 -0.210757 0)
(0.345888 -0.248116 0)
(0.465761 -0.288572 0)
(0.587887 -0.331159 0)
(0.705065 -0.374867 0)
(0.81263 -0.418682 0)
(0.908769 -0.46168 0)
(0.994264 -0.503163 0)
(1.07193 -0.542585 0)
(1.1461 -0.579767 0)
(1.22234 -0.614808 0)
(1.30731 -0.64815 0)
(1.40889 -0.680577 0)
(1.53646 -0.713455 0)
(1.7012 -0.748829 0)
(1.9171 -0.789781 0)
(2.20242 -0.841552 0)
(2.58331 -0.912676 0)
(3.09887 -1.01887 0)
(3.82739 -1.18769 0)
(4.8382 -1.47748 0)
(6.57208 -1.97688 0)
(8.7828 -2.74635 0)
(15.2017 -4.18829 0)
(-0.00633212 -0.103228 0)
(-0.0145519 -0.10861 0)
(-0.00952041 -0.119007 0)
(0.0147902 -0.135564 0)
(0.0601763 -0.156014 0)
(0.127473 -0.181064 0)
(0.216511 -0.210508 0)
(0.323569 -0.243999 0)
(0.441647 -0.281069 0)
(0.562472 -0.321123 0)
(0.678886 -0.363446 0)
(0.78623 -0.407227 0)
(0.882622 -0.451659 0)
(0.968728 -0.496066 0)
(1.04722 -0.539993 0)
(1.12221 -0.583258 0)
(1.19905 -0.62611 0)
(1.2841 -0.66929 0)
(1.38488 -0.714173 0)
(1.51021 -0.763061 0)
(1.6705 -0.81957 0)
(1.87835 -0.889362 0)
(2.14961 -0.981784 0)
(2.5059 -1.11279 0)
(2.97848 -1.31217 0)
(3.63452 -1.636 0)
(4.53393 -2.21993 0)
(6.17255 -3.24832 0)
(8.27549 -5.77349 0)
(15.2256 -10.2666 0)
(19.4402 1.49449 0)
(17.8494 -0.267914 0)
(18.2835 -0.304754 0)
(18.4909 -0.182164 0)
(18.5088 -0.093336 0)
(18.5034 -0.0467967 0)
(18.4854 -0.0237565 0)
(18.4622 -0.0121454 0)
(18.4403 -0.00623719 0)
(18.4229 -0.00322468 0)
(18.4112 -0.00168677 0)
(18.4054 -0.000885627 0)
(18.4052 -0.000470175 0)
(18.4098 -0.000249788 0)
(18.4182 -0.000130166 0)
(18.4291 -6.60955e-05 0)
(18.4417 -3.21124e-05 0)
(18.4545 -1.45709e-05 0)
(18.4691 -5.72812e-06 0)
(18.4766 -1.20985e-06 0)
(18.5031 8.40104e-07 0)
(18.4819 1.72938e-06 0)
(18.5797 1.84264e-06 0)
(18.4636 1.57615e-06 0)
(18.5341 1.44806e-06 0)
(19.6906 -0.290319 0)
(19.1076 -0.104153 0)
(18.86 -0.0223722 0)
(18.7496 -0.00124954 0)
(18.6481 0.00544269 0)
(18.5732 0.00545092 0)
(18.5204 0.00369554 0)
(18.4803 0.00215973 0)
(18.4498 0.00112492 0)
(18.428 0.000493749 0)
(18.4141 0.000157828 0)
(18.4072 2.91617e-06 0)
(18.4064 -5.16685e-05 0)
(18.4108 -5.56376e-05 0)
(18.4189 -4.10522e-05 0)
(18.4298 -2.46938e-05 0)
(18.4424 -1.24232e-05 0)
(18.4551 -5.00973e-06 0)
(18.4697 -1.1575e-06 0)
(18.4773 7.81638e-07 0)
(18.5038 1.35527e-06 0)
(18.4825 1.54296e-06 0)
(18.5804 1.41587e-06 0)
(18.4642 1.09478e-06 0)
(18.5347 9.73809e-07 0)
(19.1365 -0.227929 0)
(18.3255 -0.13681 0)
(18.4053 -0.0796697 0)
(18.5189 -0.0420212 0)
(18.5165 -0.022629 0)
(18.5025 -0.0123 0)
(18.4827 -0.0067557 0)
(18.4603 -0.00377527 0)
(18.4393 -0.00218054 0)
(18.4225 -0.0013092 0)
(18.4113 -0.000819006 0)
(18.4058 -0.000526698 0)
(18.4057 -0.000336329 0)
(18.4104 -0.000208051 0)
(18.4188 -0.000121822 0)
(18.4297 -6.7018e-05 0)
(18.4423 -3.43334e-05 0)
(18.4551 -1.63274e-05 0)
(18.4697 -7.21891e-06 0)
(18.4773 -3.03944e-06 0)
(18.5038 -1.29757e-06 0)
(18.4825 -6.14241e-07 0)
(18.5804 -3.05219e-07 0)
(18.4642 -1.11616e-07 0)
(18.5347 -1.2934e-08 0)
(19.9883 -0.0886037 0)
(19.2747 -0.125622 0)
(18.9571 -0.101748 0)
(18.8013 -0.0687068 0)
(18.6775 -0.042813 0)
(18.5891 -0.0257332 0)
(18.529 -0.0147499 0)
(18.4849 -0.00822038 0)
(18.4523 -0.00453488 0)
(18.4294 -0.00251629 0)
(18.4149 -0.00143182 0)
(18.4077 -0.000827825 0)
(18.4068 -0.000479475 0)
(18.411 -0.000275671 0)
(18.4191 -0.000154202 0)
(18.4299 -8.34096e-05 0)
(18.4424 -4.35071e-05 0)
(18.4551 -2.20539e-05 0)
(18.4697 -1.12523e-05 0)
(18.4773 -6.37636e-06 0)
(18.5038 -3.82543e-06 0)
(18.4825 -2.7303e-06 0)
(18.5804 -2.01516e-06 0)
(18.4642 -1.33743e-06 0)
(18.5347 -1.02853e-06 0)
(20.1084 -1.81651 0)
(18.0968 0.177428 0)
(18.4411 0.254903 0)
(18.5763 0.155806 0)
(18.5567 0.0787387 0)
(18.5296 0.0388304 0)
(18.4996 0.0194755 0)
(18.4699 0.00985918 0)
(18.4444 0.00500643 0)
(18.4251 0.0025168 0)
(18.4124 0.00123012 0)
(18.4062 0.000587671 0)
(18.4057 0.000275528 0)
(18.4102 0.00012654 0)
(18.4184 5.67348e-05 0)
(18.4292 2.50102e-05 0)
(18.4418 1.05156e-05 0)
(18.4545 3.8347e-06 0)
(18.4691 5.37254e-07 0)
(18.4767 -1.34546e-06 0)
(18.5032 -2.01266e-06 0)
(18.4819 -2.30248e-06 0)
(18.5797 -2.1367e-06 0)
(18.4636 -1.70718e-06 0)
(18.5341 -1.48985e-06 0)
(-0.00802214 -0.123921 0)
(-0.0194256 -0.128392 0)
(-0.0179324 -0.136878 0)
(0.00317253 -0.150516 0)
(0.0459222 -0.167483 0)
(0.110301 -0.188324 0)
(0.196518 -0.213148 0)
(0.300917 -0.241948 0)
(0.416571 -0.274654 0)
(0.5353 -0.311085 0)
(0.650047 -0.350876 0)
(0.756211 -0.393483 0)
(0.851893 -0.438286 0)
(0.93765 -0.484701 0)
(1.01598 -0.532375 0)
(1.09077 -0.581197 0)
(1.16699 -0.631565 0)
(1.25057 -0.684515 0)
(1.34838 -0.741954 0)
(1.46834 -0.807033 0)
(1.61947 -0.8847 0)
(1.81205 -0.982663 0)
(2.05763 -1.11325 0)
(2.36907 -1.29677 0)
(2.75907 -1.56893 0)
(3.23478 -1.99362 0)
(3.77537 -2.7188 0)
(4.23016 -3.94066 0)
(4.46438 -6.74234 0)
(2.25428 -11.5761 0)
(-0.00952411 -0.149475 0)
(-0.0238052 -0.152987 0)
(-0.0253101 -0.15986 0)
(-0.00705426 -0.170086 0)
(0.0331786 -0.183484 0)
(0.0948583 -0.199797 0)
(0.178192 -0.219515 0)
(0.279587 -0.24296 0)
(0.392163 -0.270471 0)
(0.507862 -0.302294 0)
(0.619789 -0.338443 0)
(0.723472 -0.378685 0)
(0.817062 -0.422632 0)
(0.901033 -0.46986 0)
(0.977714 -0.520117 0)
(1.05069 -0.573438 0)
(1.12447 -0.630347 0)
(1.20433 -0.692131 0)
(1.29627 -0.761101 0)
(1.40689 -0.84102 0)
(1.54331 -0.937705 0)
(1.71282 -1.05999 0)
(1.9222 -1.22136 0)
(2.17637 -1.44252 0)
(2.47576 -1.75575 0)
(2.81019 -2.21078 0)
(3.15552 -2.88275 0)
(3.39605 -3.85384 0)
(3.41208 -5.16735 0)
(1.69874 -6.87821 0)
(-0.0106841 -0.177259 0)
(-0.0272959 -0.1799 0)
(-0.030891 -0.185336 0)
(-0.014732 -0.192704 0)
(0.0234036 -0.202717 0)
(0.0829918 -0.214771 0)
(0.163804 -0.229606 0)
(0.262297 -0.247794 0)
(0.371601 -0.270029 0)
(0.483784 -0.296932 0)
(0.592151 -0.328856 0)
(0.692405 -0.36586 0)
(0.782793 -0.407785 0)
(0.863767 -0.454391 0)
(0.937482 -0.505529 0)
(1.00723 -0.561387 0)
(1.07703 -0.622583 0)
(1.15147 -0.690554 0)
(1.23554 -0.767801 0)
(1.3345 -0.858319 0)
(1.45351 -0.968142 0)
(1.59706 -1.10613 0)
(1.76771 -1.28516 0)
(1.96403 -1.52374 0)
(2.17675 -1.84839 0)
(2.38025 -2.29614 0)
(2.52769 -2.91716 0)
(2.47393 -3.77455 0)
(2.11535 -4.89785 0)
(0.924029 -6.25397 0)
(-0.0115252 -0.206812 0)
(-0.0299253 -0.208693 0)
(-0.0350132 -0.212687 0)
(-0.0202273 -0.217845 0)
(0.0164535 -0.224642 0)
(0.0744784 -0.232803 0)
(0.153164 -0.243096 0)
(0.24895 -0.256303 0)
(0.354921 -0.273421 0)
(0.463277 -0.295385 0)
(0.567549 -0.322835 0)
(0.663652 -0.356077 0)
(0.749964 -0.395156 0)
(0.826954 -0.439996 0)
(0.896623 -0.490567 0)
(0.961977 -0.547148 0)
(1.02657 -0.610454 0)
(1.09427 -0.681955 0)
(1.16912 -0.764168 0)
(1.25505 -0.861006 0)
(1.35549 -0.978225 0)
(1.47255 -1.12397 0)
(1.60569 -1.30943 0)
(1.7495 -1.54952 0)
(1.89036 -1.8633 0)
(2.00028 -2.27281 0)
(2.0355 -2.79749 0)
(1.89826 -3.44606 0)
(1.53129 -4.13621 0)
(0.645857 -4.78836 0)
(-0.0121085 -0.237669 0)
(-0.0317473 -0.239006 0)
(-0.037826 -0.241445 0)
(-0.0237922 -0.244861 0)
(0.0120667 -0.248652 0)
(0.0690049 -0.253338 0)
(0.145992 -0.259495 0)
(0.239313 -0.268114 0)
(0.34198 -0.280449 0)
(0.446333 -0.29769 0)
(0.546152 -0.3207 0)
(0.637593 -0.349978 0)
(0.719192 -0.385727 0)
(0.791456 -0.428 0)
(0.856272 -0.476875 0)
(0.91637 -0.532665 0)
(0.974864 -0.596149 0)
(1.03497 -0.668741 0)
(1.09984 -0.752828 0)
(1.17226 -0.852015 0)
(1.25422 -0.971446 0)
(1.34605 -1.11811 0)
(1.44518 -1.30104 0)
(1.54426 -1.5313 0)
(1.62856 -1.82123 0)
(1.67219 -2.18216 0)
(1.63811 -2.61826 0)
(1.45865 -3.121 0)
(1.09564 -3.62325 0)
(0.434681 -4.06797 0)
(-0.0125376 -0.269468 0)
(-0.0327855 -0.270245 0)
(-0.0394486 -0.271458 0)
(-0.0256885 -0.273 0)
(0.0100287 -0.274206 0)
(0.0662599 -0.275764 0)
(0.141964 -0.278198 0)
(0.233068 -0.282678 0)
(0.332505 -0.290675 0)
(0.432771 -0.303571 0)
(0.52792 -0.322394 0)
(0.614368 -0.347772 0)
(0.690831 -0.380017 0)
(0.757873 -0.419266 0)
(0.817298 -0.465659 0)
(0.87158 -0.519527 0)
(0.92344 -0.581629 0)
(0.975526 -0.653278 0)
(1.03021 -0.736618 0)
(1.08936 -0.834804 0)
(1.15382 -0.952193 0)
(1.22276 -1.09444 0)
(1.29253 -1.2684 0)
(1.35524 -1.48164 0)
(1.39706 -1.74121 0)
(1.39619 -2.05109 0)
(1.3238 -2.40693 0)
(1.13658 -2.7918 0)
(0.812811 -3.14759 0)
(0.308975 -3.42173 0)
(-0.0126965 -0.301849 0)
(-0.0332532 -0.30214 0)
(-0.0399117 -0.302276 0)
(-0.0258739 -0.301719 0)
(0.00997175 -0.300743 0)
(0.0659791 -0.299459 0)
(0.140751 -0.298546 0)
(0.229856 -0.299343 0)
(0.326145 -0.303494 0)
(0.422293 -0.312524 0)
(0.512653 -0.327558 0)
(0.593921 -0.349301 0)
(0.665007 -0.378116 0)
(0.726548 -0.414178 0)
(0.780284 -0.457644 0)
(0.828477 -0.508835 0)
(0.873495 -0.568422 0)
(0.917506 -0.637584 0)
(0.962262 -0.718147 0)
(1.00888 -0.812755 0)
(1.05744 -0.92492 0)
(1.10639 -1.05899 0)
(1.15172 -1.21983 0)
(1.18591 -1.4122 0)
(1.19697 -1.63932 0)
(1.16762 -1.90067 0)
(1.07664 -2.18804 0)
(0.897285 -2.48268 0)
(0.617968 -2.74047 0)
(0.227101 -2.92077 0)
(-0.0127578 -0.334529 0)
(-0.0331074 -0.334265 0)
(-0.0391274 -0.333228 0)
(-0.0245248 -0.33101 0)
(0.0117427 -0.327734 0)
(0.0679245 -0.323833 0)
(0.142051 -0.319891 0)
(0.229318 -0.317425 0)
(0.322515 -0.318224 0)
(0.414532 -0.323901 0)
(0.500046 -0.335627 0)
(0.576051 -0.354126 0)
(0.641661 -0.379764 0)
(0.6976 -0.412706 0)
(0.745558 -0.453087 0)
(0.787622 -0.501179 0)
(0.825863 -0.557538 0)
(0.86205 -0.62316 0)
(0.897454 -0.699541 0)
(0.932646 -0.788789 0)
(0.967204 -0.893608 0)
(0.999246 -1.01716 0)
(1.02483 -1.16269 0)
(1.03731 -1.33279 0)
(1.02684 -1.52818 0)
(0.980292 -1.74587 0)
(0.882651 -1.97657 0)
(0.717883 -2.20284 0)
(0.480695 -2.39244 0)
(0.172365 -2.51472 0)
(-0.0124951 -0.36739 0)
(-0.0322647 -0.366317 0)
(-0.0374423 -0.364147 0)
(-0.0217084 -0.360226 0)
(0.0154115 -0.354751 0)
(0.0719236 -0.348349 0)
(0.145608 -0.341627 0)
(0.231119 -0.336269 0)
(0.321237 -0.334176 0)
(0.409103 -0.337004 0)
(0.489745 -0.345923 0)
(0.56047 -0.361629 0)
(0.62061 -0.384448 0)
(0.670977 -0.414495 0)
(0.713231 -0.451847 0)
(0.749314 -0.496695 0)
(0.781046 -0.549469 0)
(0.809884 -0.610945 0)
(0.836733 -0.682303 0)
(0.861796 -0.765141 0)
(0.884357 -0.861437 0)
(0.902459 -0.973354 0)
(0.912507 -1.10285 0)
(0.908904 -1.25102 0)
(0.883881 -1.41703 0)
(0.827774 -1.59684 0)
(0.730285 -1.78146 0)
(0.582088 -1.95608 0)
(0.381554 -2.09745 0)
(0.134426 -2.18323 0)
(-0.0119439 -0.400081 0)
(-0.0306475 -0.398431 0)
(-0.0345083 -0.394758 0)
(-0.0174014 -0.388839 0)
(0.0207451 -0.381399 0)
(0.0778715 -0.372536 0)
(0.151206 -0.363224 0)
(0.234964 -0.355289 0)
(0.321958 -0.350713 0)
(0.405629 -0.351157 0)
(0.481383 -0.35775 0)
(0.546853 -0.371121 0)
(0.601595 -0.391519 0)
(0.646519 -0.418981 0)
(0.683259 -0.453498 0)
(0.713635 -0.49516 0)
(0.739273 -0.544257 0)
(0.761376 -0.601351 0)
(0.780589 -0.667313 0)
(0.796881 -0.743294 0)
(0.8094 -0.830651 0)
(0.816277 -0.930745 0)
(0.81439 -1.04458 0)
(0.799191 -1.17224 0)
(0.764736 -1.31208 0)
(0.704083 -1.45979 0)
(0.610372 -1.60741 0)
(0.478396 -1.74289 0)
(0.308514 -1.84956 0)
(0.10734 -1.91145 0)
(-0.0112436 -0.43236 0)
(-0.0282278 -0.43005 0)
(-0.0301692 -0.424825 0)
(-0.0115809 -0.416996 0)
(0.0277684 -0.407326 0)
(0.0856984 -0.396 0)
(0.158679 -0.384237 0)
(0.2406 -0.373988 0)
(0.324368 -0.367285 0)
(0.403769 -0.365757 0)
(0.474615 -0.370458 0)
(0.534876 -0.38192 0)
(0.584337 -0.400291 0)
(0.624004 -0.425505 0)
(0.655496 -0.457454 0)
(0.680528 -0.496112 0)
(0.700565 -0.54163 0)
(0.716621 -0.594368 0)
(0.729156 -0.654914 0)
(0.738004 -0.724041 0)
(0.742288 -0.8026 0)
(0.740318 -0.891339 0)
(0.729475 -0.990586 0)
(0.706164 -1.09979 0)
(0.665946 -1.21695 0)
(0.603943 -1.33796 0)
(0.515718 -1.45609 0)
(0.398557 -1.56183 0)
(0.253788 -1.6432 0)
(0.0875099 -1.68891 0)
(-0.0101921 -0.464236 0)
(-0.0249337 -0.460903 0)
(-0.0246116 -0.454203 0)
(-0.00413673 -0.444306 0)
(0.0366593 -0.43223 0)
(0.0953707 -0.418417 0)
(0.167889 -0.404311 0)
(0.247811 -0.391972 0)
(0.328196 -0.383448 0)
(0.403224 -0.380302 0)
(0.469133 -0.383489 0)
(0.524242 -0.393419 0)
(0.568562 -0.410119 0)
(0.603196 -0.43341 0)
(0.629747 -0.463076 0)
(0.649839 -0.498976 0)
(0.664806 -0.541123 0)
(0.675519 -0.589699 0)
(0.682311 -0.645049 0)
(0.684951 -0.707629 0)
(0.682606 -0.7779 0)
(0.673804 -0.856153 0)
(0.656403 -0.94226 0)
(0.627627 -1.03532 0)
(0.584225 -1.13325 0)
(0.522841 -1.23237 0)
(0.440702 -1.32713 0)
(0.336581 -1.4102 0)
(0.212185 -1.47293 0)
(0.0726846 -1.50736 0)
(-0.00871581 -0.49551 0)
(-0.0206208 -0.49109 0)
(-0.0175875 -0.48259 0)
(0.00507482 -0.470395 0)
(0.0473911 -0.455863 0)
(0.106858 -0.439535 0)
(0.178721 -0.423177 0)
(0.256412 -0.408945 0)
(0.333212 -0.398866 0)
(0.403738 -0.394409 0)
(0.464674 -0.396399 0)
(0.514694 -0.405113 0)
(0.554027 -0.420447 0)
(0.583868 -0.442104 0)
(0.605804 -0.469759 0)
(0.621377 -0.503162 0)
(0.631807 -0.542199 0)
(0.637856 -0.586899 0)
(0.639777 -0.637408 0)
(0.637317 -0.693928 0)
(0.629723 -0.756623 0)
(0.61575 -0.825465 0)
(0.593684 -0.900035 0)
(0.561414 -0.979262 0)
(0.516604 -1.06115 0)
(0.456995 -1.14251 0)
(0.380934 -1.21888 0)
(0.288059 -1.28463 0)
(0.180143 -1.33349 0)
(0.0614037 -1.35986 0)
(-0.00684036 -0.525877 0)
(-0.0151382 -0.520339 0)
(-0.00892348 -0.509739 0)
(0.0161216 -0.495267 0)
(0.0600491 -0.478042 0)
(0.120144 -0.459168 0)
(0.191072 -0.44065 0)
(0.266236 -0.424709 0)
(0.339214 -0.413312 0)
(0.405094 -0.407805 0)
(0.46102 -0.408865 0)
(0.506017 -0.416622 0)
(0.540527 -0.430838 0)
(0.565823 -0.451101 0)
(0.583471 -0.476982 0)
(0.594937 -0.508134 0)
(0.601343 -0.544334 0)
(0.60336 -0.585481 0)
(0.601194 -0.631561 0)
(0.594598 -0.682586 0)
(0.582914 -0.738501 0)
(0.565112 -0.799063 0)
(0.53984 -0.863683 0)
(0.50552 -0.931241 0)
(0.460498 -0.999905 0)
(0.403294 -1.06699 0)
(0.332991 -1.12892 0)
(0.24972 -1.1814 0)
(0.155154 -1.21989 0)
(0.0526845 -1.2404 0)
(-0.0045172 -0.555063 0)
(-0.00838638 -0.548319 0)
(0.00141848 -0.535629 0)
(0.0291005 -0.518682 0)
(0.0747516 -0.498605 0)
(0.135198 -0.477188 0)
(0.204837 -0.456617 0)
(0.277131 -0.439148 0)
(0.346023 -0.426653 0)
(0.407108 -0.420325 0)
(0.457991 -0.420678 0)
(0.498041 -0.427685 0)
(0.527897 -0.440977 0)
(0.548896 -0.460035 0)
(0.562578 -0.484339 0)
(0.570331 -0.513456 0)
(0.573187 -0.547073 0)
(0.571747 -0.584987 0)
(0.566181 -0.627061 0)
(0.556267 -0.673165 0)
(0.541445 -0.723092 0)
(0.520875 -0.776464 0)
(0.493506 -0.832604 0)
(0.458172 -0.890419 0)
(0.41372 -0.948274 0)
(0.359215 -1.00393 0)
(0.294218 -1.05455 0)
(0.219115 -1.09686 0)
(0.135421 -1.12753 0)
(0.0458464 -1.14372 0)
(-0.00172864 -0.58276 0)
(-0.000407111 -0.57481 0)
(0.0135421 -0.560087 0)
(0.0441849 -0.540367 0)
(0.0914992 -0.51743 0)
(0.151967 -0.493521 0)
(0.219902 -0.471031 0)
(0.288945 -0.452225 0)
(0.353479 -0.438842 0)
(0.409623 -0.431897 0)
(0.455442 -0.431727 0)
(0.490632 -0.438148 0)
(0.516009 -0.450665 0)
(0.53296 -0.468662 0)
(0.542984 -0.491541 0)
(0.547391 -0.518802 0)
(0.547129 -0.550062 0)
(0.542738 -0.585038 0)
(0.534365 -0.623503 0)
(0.521816 -0.665227 0)
(0.504624 -0.709905 0)
(0.482113 -0.757077 0)
(0.453474 -0.80604 0)
(0.417854 -0.855764 0)
(0.374466 -0.90482 0)
(0.322747 -0.951352 0)
(0.262558 -0.993108 0)
(0.194411 -1.02759 0)
(0.119635 -1.05233 0)
(0.0404058 -1.06529 0)
(0.00150878 -0.608668 0)
(0.00879975 -0.599556 0)
(0.0275259 -0.582705 0)
(0.0614338 -0.560171 0)
(0.110258 -0.534429 0)
(0.170364 -0.508143 0)
(0.236136 -0.483907 0)
(0.301527 -0.463966 0)
(0.361429 -0.449899 0)
(0.412501 -0.442522 0)
(0.453254 -0.441984 0)
(0.483688 -0.447948 0)
(0.50477 -0.4598 0)
(0.517916 -0.476841 0)
(0.524577 -0.498413 0)
(0.525978 -0.523963 0)
(0.522987 -0.553056 0)
(0.516086 -0.585354 0)
(0.505406 -0.620566 0)
(0.490784 -0.658396 0)
(0.471833 -0.69848 0)
(0.448014 -0.740319 0)
(0.418711 -0.78322 0)
(0.383306 -0.826236 0)
(0.341274 -0.86813 0)
(0.292302 -0.907367 0)
(0.236437 -0.942157 0)
(0.174231 -0.970581 0)
(0.106839 -0.9908 0)
(0.0360152 -1.00132 0)
(0.00517829 -0.632414 0)
(0.0192733 -0.622155 0)
(0.0433949 -0.60315 0)
(0.0807759 -0.577934 0)
(0.130933 -0.549545 0)
(0.190258 -0.521074 0)
(0.253385 -0.495309 0)
(0.314719 -0.474453 0)
(0.369729 -0.459904 0)
(0.415621 -0.452263 0)
(0.45133 -0.451489 0)
(0.47713 -0.457093 0)
(0.494111 -0.468359 0)
(0.503695 -0.48452 0)
(0.507271 -0.50487 0)
(0.505978 -0.528822 0)
(0.500601 -0.555908 0)
(0.491573 -0.585752 0)
(0.479006 -0.618022 0)
(0.462765 -0.652383 0)
(0.442535 -0.688439 0)
(0.417888 -0.725683 0)
(0.388358 -0.763453 0)
(0.3535 -0.800893 0)
(0.312977 -0.836939 0)
(0.266642 -0.870319 0)
(0.214648 -0.899605 0)
(0.157544 -0.92331 0)
(0.0963269 -0.940046 0)
(0.0324216 -0.94871 0)
(0.00928515 -0.65349 0)
(0.0309817 -0.642131 0)
(0.0610443 -0.62114 0)
(0.102064 -0.593492 0)
(0.153354 -0.56274 0)
(0.211469 -0.532372 0)
(0.27147 -0.50535 0)
(0.328361 -0.483816 0)
(0.378245 -0.468981 0)
(0.418878 -0.461229 0)
(0.449593 -0.460327 0)
(0.470902 -0.465645 0)
(0.483984 -0.47638 0)
(0.490245 -0.491709 0)
(0.491001 -0.510901 0)
(0.487296 -0.533345 0)
(0.47984 -0.558556 0)
(0.46901 -0.586137 0)
(0.454906 -0.615733 0)
(0.437415 -0.646989 0)
(0.416279 -0.679499 0)
(0.391161 -0.712765 0)
(0.36171 -0.74617 0)
(0.327611 -0.778949 0)
(0.288656 -0.810187 0)
(0.244807 -0.83883 0)
(0.196275 -0.86373 0)
(0.143581 -0.883722 0)
(0.0875796 -0.897746 0)
(0.0294403 -0.904975 0)
(0.0137883 -0.671302 0)
(0.0437945 -0.659003 0)
(0.0802621 -0.636339 0)
(0.12504 -0.60667 0)
(0.177257 -0.573988 0)
(0.233754 -0.542122 0)
(0.290186 -0.514174 0)
(0.342283 -0.492221 0)
(0.386847 -0.477292 0)
(0.42218 -0.469563 0)
(0.447983 -0.468619 0)
(0.464963 -0.473704 0)
(0.474357 -0.48394 0)
(0.477532 -0.49847 0)
(0.475716 -0.516546 0)
(0.46986 -0.537553 0)
(0.460591 -0.561 0)
(0.448238 -0.58648 0)
(0.432886 -0.613632 0)
(0.414438 -0.642094 0)
(0.392684 -0.671463 0)
(0.367359 -0.701266 0)
(0.338197 -0.730931 0)
(0.304982 -0.759783 0)
(0.267593 -0.787035 0)
(0.226062 -0.811809 0)
(0.180625 -0.833175 0)
(0.131763 -0.850211 0)
(0.0802114 -0.862097 0)
(0.0269354 -0.868201 0)
(0.0186078 -0.685222 0)
(0.0574834 -0.672242 0)
(0.100711 -0.648378 0)
(0.149322 -0.617279 0)
(0.202276 -0.583266 0)
(0.256803 -0.550424 0)
(0.309291 -0.52195 0)
(0.356313 -0.499862 0)
(0.395416 -0.485027 0)
(0.425451 -0.477436 0)
(0.446455 -0.476511 0)
(0.45929 -0.481394 0)
(0.465214 -0.491146 0)
(0.465533 -0.504893 0)
(0.46138 -0.521884 0)
(0.453605 -0.541511 0)
(0.442759 -0.563285 0)
(0.42912 -0.586805 0)
(0.412757 -0.611709 0)
(0.393585 -0.637641 0)
(0.371433 -0.664212 0)
(0.346091 -0.690976 0)
(0.317359 -0.717414 0)
(0.285091 -0.742928 0)
(0.249226 -0.766842 0)
(0.209838 -0.788421 0)
(0.167171 -0.806904 0)
(0.12166 -0.821555 0)
(0.0739378 -0.831731 0)
(0.0248072 -0.83694 0)
(0.0236271 -0.694607 0)
(0.0717221 -0.681298 0)
(0.121922 -0.656863 0)
(0.174391 -0.625109 0)
(0.227928 -0.590537 0)
(0.280227 -0.557371 0)
(0.328507 -0.528855 0)
(0.370267 -0.506946 0)
(0.403842 -0.49239 0)
(0.428633 -0.485031 0)
(0.444983 -0.484167 0)
(0.453872 -0.488855 0)
(0.456547 -0.498124 0)
(0.454236 -0.51109 0)
(0.447964 -0.527016 0)
(0.438482 -0.545307 0)
(0.426263 -0.565489 0)
(0.411538 -0.587168 0)
(0.394357 -0.609995 0)
(0.374646 -0.633624 0)
(0.352261 -0.657685 0)
(0.327037 -0.681764 0)
(0.298823 -0.705392 0)
(0.267521 -0.728041 0)
(0.233114 -0.749129 0)
(0.195699 -0.768038 0)
(0.155512 -0.78414 0)
(0.112947 -0.796841 0)
(0.0685446 -0.805629 0)
(0.0229807 -0.810115 0)
(0.0286958 -0.69883 0)
(0.0860926 -0.685625 0)
(0.1433 -0.661389 0)
(0.199593 -0.629925 0)
(0.253617 -0.595731 0)
(0.303553 -0.563031 0)
(0.347508 -0.535044 0)
(0.383949 -0.513674 0)
(0.412024 -0.499589 0)
(0.431683 -0.492543 0)
(0.443557 -0.491756 0)
(0.448713 -0.496239 0)
(0.448362 -0.505007 0)
(0.443635 -0.517186 0)
(0.435447 -0.532057 0)
(0.424447 -0.549048 0)
(0.411032 -0.567705 0)
(0.395389 -0.587651 0)
(0.377548 -0.608548 0)
(0.357442 -0.630067 0)
(0.334948 -0.651862 0)
(0.309933 -0.673552 0)
(0.282286 -0.694713 0)
(0.251942 -0.71488 0)
(0.218912 -0.733551 0)
(0.183303 -0.750203 0)
(0.145341 -0.764313 0)
(0.105375 -0.775396 0)
(0.0638712 -0.783039 0)
(0.0214003 -0.786933 0)
(0.0336364 -0.697327 0)
(0.100101 -0.684717 0)
(0.16414 -0.661558 0)
(0.224156 -0.631463 0)
(0.27863 -0.59873 0)
(0.326222 -0.567415 0)
(0.365915 -0.54063 0)
(0.397138 -0.520219 0)
(0.419857 -0.506819 0)
(0.43457 -0.50016 0)
(0.442181 -0.499452 0)
(0.443829 -0.503701 0)
(0.440672 -0.511937 0)
(0.433735 -0.523309 0)
(0.423815 -0.537128 0)
(0.411464 -0.552849 0)
(0.397006 -0.57004 0)
(0.380583 -0.588344 0)
(0.36221 -0.607441 0)
(0.341818 -0.627019 0)
(0.319305 -0.646757 0)
(0.29456 -0.666304 0)
(0.267501 -0.685282 0)
(0.238086 -0.70328 0)
(0.206343 -0.719862 0)
(0.172384 -0.734582 0)
(0.136418 -0.747005 0)
(0.0987537 -0.756728 0)
(0.0597943 -0.763416 0)
(0.0200233 -0.766816 0)
(0.0382538 -0.689643 0)
(0.113204 -0.678149 0)
(0.183664 -0.657001 0)
(0.247214 -0.62944 0)
(0.302161 -0.599353 0)
(0.347588 -0.570455 0)
(0.383279 -0.545646 0)
(0.409575 -0.526689 0)
(0.427226 -0.514232 0)
(0.437266 -0.508053 0)
(0.440872 -0.507422 0)
(0.43925 -0.511398 0)
(0.433502 -0.519059 0)
(0.424543 -0.529596 0)
(0.413059 -0.542357 0)
(0.399503 -0.556829 0)
(0.384131 -0.572605 0)
(0.367043 -0.589348 0)
(0.348236 -0.606758 0)
(0.327644 -0.624541 0)
(0.305173 -0.6424 0)
(0.280735 -0.660016 0)
(0.254263 -0.677047 0)
(0.225735 -0.693131 0)
(0.195188 -0.70789 0)
(0.162731 -0.720941 0)
(0.128557 -0.731917 0)
(0.0929367 -0.740483 0)
(0.0562197 -0.746361 0)
(0.0188176 -0.749345 0)
(0.0423485 -0.675482 0)
(0.124843 -0.665617 0)
(0.20106 -0.647408 0)
(0.267851 -0.623559 0)
(0.323337 -0.597349 0)
(0.366928 -0.571976 0)
(0.399085 -0.550012 0)
(0.420947 -0.533098 0)
(0.433981 -0.521912 0)
(0.43973 -0.51635 0)
(0.439645 -0.515814 0)
(0.43501 -0.519481 0)
(0.426881 -0.526517 0)
(0.416077 -0.536183 0)
(0.403175 -0.547873 0)
(0.388539 -0.56111 0)
(0.37236 -0.575514 0)
(0.354699 -0.590767 0)
(0.335537 -0.606588 0)
(0.314805 -0.622703 0)
(0.292419 -0.638837 0)
(0.268302 -0.654699 0)
(0.242403 -0.669982 0)
(0.21471 -0.684365 0)
(0.185266 -0.697518 0)
(0.154174 -0.709112 0)
(0.121608 -0.718834 0)
(0.0878069 -0.726403 0)
(0.0530724 -0.731587 0)
(0.0177566 -0.734216 0)
(0.0457316 -0.65475 0)
(0.134484 -0.646978 0)
(0.215542 -0.632564 0)
(0.285157 -0.613536 0)
(0.341258 -0.592403 0)
(0.383466 -0.571687 0)
(0.412745 -0.553508 0)
(0.430872 -0.53932 0)
(0.439918 -0.529834 0)
(0.441887 -0.525104 0)
(0.438499 -0.524733 0)
(0.431138 -0.52808 0)
(0.420844 -0.534453 0)
(0.408358 -0.54321 0)
(0.394167 -0.553811 0)
(0.378554 -0.565819 0)
(0.361654 -0.578883 0)
(0.343492 -0.592707 0)
(0.324032 -0.607024 0)
(0.303202 -0.621581 0)
(0.280924 -0.636122 0)
(0.25713 -0.650382 0)
(0.231779 -0.664084 0)
(0.204865 -0.676943 0)
(0.176432 -0.68867 0)
(0.146576 -0.69898 0)
(0.115452 -0.707605 0)
(0.0832714 -0.714305 0)
(0.0502934 -0.718888 0)
(0.0168206 -0.721209 0)
(0.0482399 -0.627593 0)
(0.14166 -0.622291 0)
(0.226408 -0.612381 0)
(0.298291 -0.599127 0)
(0.355056 -0.584153 0)
(0.396408 -0.569175 0)
(0.423616 -0.555749 0)
(0.43889 -0.545062 0)
(0.444755 -0.53782 0)
(0.443596 -0.534252 0)
(0.43739 -0.534206 0)
(0.427642 -0.537285 0)
(0.415415 -0.542988 0)
(0.401407 -0.550812 0)
(0.38604 -0.560306 0)
(0.369537 -0.571087 0)
(0.351982 -0.582836 0)
(0.333372 -0.595278 0)
(0.313653 -0.608164 0)
(0.292752 -0.621256 0)
(0.270591 -0.634317 0)
(0.247109 -0.647103 0)
(0.222272 -0.659366 0)
(0.196076 -0.67085 0)
(0.168564 -0.6813 0)
(0.139824 -0.690468 0)
(0.109993 -0.698122 0)
(0.0792552 -0.70406 0)
(0.0478352 -0.708116 0)
(0.0159928 -0.710168 0)
(0.0497505 -0.594421 0)
(0.146015 -0.591846 0)
(0.233101 -0.586935 0)
(0.306553 -0.580166 0)
(0.36396 -0.572219 0)
(0.404994 -0.56393 0)
(0.431021 -0.556192 0)
(0.444461 -0.549835 0)
(0.448111 -0.545503 0)
(0.444626 -0.543569 0)
(0.4362 -0.544142 0)
(0.424482 -0.547105 0)
(0.410592 -0.552201 0)
(0.395233 -0.559106 0)
(0.378801 -0.567491 0)
(0.361479 -0.577047 0)
(0.34332 -0.587499 0)
(0.324296 -0.598598 0)
(0.304343 -0.610111 0)
(0.283381 -0.621815 0)
(0.261335 -0.633491 0)
(0.238146 -0.644912 0)
(0.213781 -0.655854 0)
(0.188241 -0.666087 0)
(0.161563 -0.675384 0)
(0.133826 -0.683527 0)
(0.105151 -0.690317 0)
(0.0756972 -0.695577 0)
(0.0456597 -0.699167 0)
(0.0152607 -0.700982 0)
(0.0501928 -0.555911 0)
(0.147336 -0.556168 0)
(0.235263 -0.556494 0)
(0.309447 -0.556604 0)
(0.367364 -0.556255 0)
(0.408557 -0.555379 0)
(0.434299 -0.554154 0)
(0.446991 -0.552964 0)
(0.449505 -0.552301 0)
(0.444628 -0.552624 0)
(0.43471 -0.554273 0)
(0.421534 -0.55742 0)
(0.406319 -0.562083 0)
(0.389818 -0.568158 0)
(0.372442 -0.575475 0)
(0.354372 -0.583829 0)
(0.335649 -0.593005 0)
(0.316235 -0.602791 0)
(0.296057 -0.612977 0)
(0.275032 -0.623357 0)
(0.253086 -0.633724 0)
(0.23016 -0.643871 0)
(0.206224 -0.65359 0)
(0.181275 -0.662674 0)
(0.155346 -0.670921 0)
(0.128506 -0.678138 0)
(0.100861 -0.684149 0)
(0.0725477 -0.688802 0)
(0.043735 -0.691976 0)
(0.0146131 -0.693579 0)
(0.0495562 -0.512983 0)
(0.145574 -0.51602 0)
(0.232773 -0.521529 0)
(0.306737 -0.52855 0)
(0.364891 -0.536 0)
(0.406588 -0.542958 0)
(0.432853 -0.548869 0)
(0.445866 -0.553609 0)
(0.44837 -0.557419 0)
(0.44313 -0.560753 0)
(0.432565 -0.56411 0)
(0.418563 -0.567923 0)
(0.402454 -0.572483 0)
(0.385083 -0.577938 0)
(0.366924 -0.58431 0)
(0.348193 -0.591531 0)
(0.328948 -0.599476 0)
(0.30916 -0.607986 0)
(0.288757 -0.616886 0)
(0.267657 -0.625991 0)
(0.245787 -0.635111 0)
(0.223089 -0.644055 0)
(0.199531 -0.652631 0)
(0.175106 -0.66065 0)
(0.149844 -0.66793 0)
(0.123801 -0.6743 0)
(0.0970686 -0.679603 0)
(0.0697654 -0.683707 0)
(0.0420356 -0.686504 0)
(0.0140416 -0.687917 0)
(0.047892 -0.466766 0)
(0.14086 -0.472369 0)
(0.225768 -0.482715 0)
(0.298481 -0.4963 0)
(0.356446 -0.511345 0)
(0.398805 -0.526182 0)
(0.426227 -0.539566 0)
(0.440512 -0.550834 0)
(0.444092 -0.559886 0)
(0.439556 -0.567056 0)
(0.429276 -0.572909 0)
(0.415189 -0.578057 0)
(0.398728 -0.583039 0)
(0.380855 -0.58825 0)
(0.36214 -0.593929 0)
(0.342878 -0.600178 0)
(0.323177 -0.606991 0)
(0.303039 -0.614293 0)
(0.282411 -0.621958 0)
(0.261219 -0.629837 0)
(0.239395 -0.637761 0)
(0.216882 -0.645559 0)
(0.193646 -0.653054 0)
(0.169679 -0.660075 0)
(0.145001 -0.666456 0)
(0.11966 -0.672041 0)
(0.0937314 -0.676693 0)
(0.0673175 -0.680293 0)
(0.0405403 -0.682747 0)
(0.0135387 -0.683986 0)
(0.0453102 -0.418527 0)
(0.133488 -0.426342 0)
(0.214637 -0.440912 0)
(0.28504 -0.460355 0)
(0.342245 -0.482379 0)
(0.3852 -0.504729 0)
(0.41417 -0.525567 0)
(0.430466 -0.543697 0)
(0.436075 -0.558623 0)
(0.433261 -0.570445 0)
(0.424228 -0.579667 0)
(0.410885 -0.586987 0)
(0.394728 -0.593112 0)
(0.376829 -0.598655 0)
(0.357884 -0.60407 0)
(0.338293 -0.609648 0)
(0.31825 -0.615533 0)
(0.297816 -0.62176 0)
(0.276976 -0.628282 0)
(0.25568 -0.635001 0)
(0.233871 -0.641787 0)
(0.211499 -0.648491 0)
(0.188529 -0.654958 0)
(0.16495 -0.661033 0)
(0.140774 -0.666566 0)
(0.116042 -0.671418 0)
(0.0908147 -0.675463 0)
(0.0651775 -0.678595 0)
(0.0392333 -0.680731 0)
(0.0130992 -0.681809 0)
(0.0419694 -0.369601 0)
(0.123896 -0.379163 0)
(0.199991 -0.39713 0)
(0.267055 -0.421417 0)
(0.322816 -0.44943 0)
(0.366074 -0.47852 0)
(0.396694 -0.506389 0)
(0.415459 -0.531375 0)
(0.42382 -0.552559 0)
(0.423607 -0.569721 0)
(0.416739 -0.583183 0)
(0.404999 -0.593601 0)
(0.389885 -0.601756 0)
(0.372549 -0.608406 0)
(0.353809 -0.614188 0)
(0.334191 -0.619579 0)
(0.313998 -0.624892 0)
(0.293377 -0.630296 0)
(0.272375 -0.635851 0)
(0.250984 -0.641533 0)
(0.229171 -0.647268 0)
(0.2069 -0.652947 0)
(0.184141 -0.658444 0)
(0.160881 -0.663624 0)
(0.13713 -0.668355 0)
(0.112917 -0.672513 0)
(0.0882923 -0.675986 0)
(0.0633251 -0.678678 0)
(0.038101 -0.680516 0)
(0.0127182 -0.681444 0)
(0.0380632 -0.3213 0)
(0.112625 -0.332075 0)
(0.182614 -0.352468 0)
(0.245402 -0.380365 0)
(0.298968 -0.413077 0)
(0.342032 -0.447765 0)
(0.374112 -0.481843 0)
(0.395475 -0.513282 0)
(0.407013 -0.540765 0)
(0.410051 -0.563708 0)
(0.40613 -0.58215 0)
(0.396809 -0.596578 0)
(0.383507 -0.60773 0)
(0.367407 -0.616416 0)
(0.349415 -0.62339 0)
(0.330181 -0.629284 0)
(0.310128 -0.634571 0)
(0.289511 -0.63957 0)
(0.26846 -0.644465 0)
(0.247027 -0.649335 0)
(0.225221 -0.654182 0)
(0.203029 -0.658955 0)
(0.180437 -0.663568 0)
(0.157438 -0.667921 0)
(0.134037 -0.671904 0)
(0.110259 -0.675413 0)
(0.086142 -0.678349 0)
(0.0617436 -0.680629 0)
(0.0371338 -0.682187 0)
(0.0123927 -0.682973 0)
(0.0338028 -0.274831 0)
(0.100274 -0.286265 0)
(0.163393 -0.308054 0)
(0.22112 -0.338208 0)
(0.271735 -0.374129 0)
(0.313957 -0.412989 0)
(0.34704 -0.452093 0)
(0.370802 -0.489177 0)
(0.385603 -0.522599 0)
(0.392242 -0.55141 0)
(0.391827 -0.575307 0)
(0.385612 -0.594509 0)
(0.37485 -0.609588 0)
(0.36068 -0.621296 0)
(0.344056 -0.630422 0)
(0.325717 -0.637688 0)
(0.306202 -0.643693 0)
(0.285878 -0.648896 0)
(0.264974 -0.653615 0)
(0.24362 -0.658046 0)
(0.221881 -0.662287 0)
(0.199786 -0.666364 0)
(0.177345 -0.670253 0)
(0.154563 -0.673897 0)
(0.131452 -0.677221 0)
(0.108033 -0.680146 0)
(0.0843392 -0.682595 0)
(0.0604163 -0.684497 0)
(0.036321 -0.685798 0)
(0.012119 -0.686454 0)
(0.0293978 -0.231227 0)
(0.0874459 -0.242788 0)
(0.143247 -0.264972 0)
(0.195325 -0.29602 0)
(0.242292 -0.333583 0)
(0.282944 -0.375015 0)
(0.31637 -0.417684 0)
(0.342039 -0.459242 0)
(0.359848 -0.497826 0)
(0.370104 -0.53217 0)
(0.373465 -0.561621 0)
(0.370827 -0.586069 0)
(0.363205 -0.605825 0)
(0.351617 -0.621473 0)
(0.336992 -0.633733 0)
(0.320123 -0.643338 0)
(0.301633 -0.650961 0)
(0.281991 -0.65716 0)
(0.261525 -0.662374 0)
(0.240454 -0.666915 0)
(0.218916 -0.670991 0)
(0.196992 -0.674719 0)
(0.174729 -0.67815 0)
(0.152157 -0.68129 0)
(0.129301 -0.684111 0)
(0.106186 -0.68657 0)
(0.0828446 -0.688616 0)
(0.0593162 -0.690201 0)
(0.0356475 -0.691282 0)
(0.0118923 -0.691827 0)
(0.0250408 -0.19129 0)
(0.0746994 -0.202511 0)
(0.12305 -0.224188 0)
(0.169121 -0.254865 0)
(0.211865 -0.292546 0)
(0.250217 -0.334905 0)
(0.283204 -0.379518 0)
(0.310064 -0.4241 0)
(0.330331 -0.466693 0)
(0.343892 -0.505803 0)
(0.350977 -0.540464 0)
(0.35211 -0.570225 0)
(0.348018 -0.595079 0)
(0.339529 -0.615363 0)
(0.327484 -0.631625 0)
(0.31266 -0.644521 0)
(0.295727 -0.654715 0)
(0.277228 -0.662817 0)
(0.257581 -0.669347 0)
(0.237089 -0.674715 0)
(0.215967 -0.679233 0)
(0.19436 -0.683113 0)
(0.172365 -0.686494 0)
(0.150046 -0.689454 0)
(0.127451 -0.692025 0)
(0.104619 -0.694212 0)
(0.0815877 -0.696 0)
(0.0583959 -0.697369 0)
(0.0350859 -0.698296 0)
(0.0117033 -0.698761 0)
(0.0208936 -0.155568 0)
(0.0625129 -0.166072 0)
(0.103569 -0.186499 0)
(0.143517 -0.215723 0)
(0.181631 -0.252156 0)
(0.217029 -0.293876 0)
(0.24877 -0.338783 0)
(0.27597 -0.38478 0)
(0.297925 -0.429945 0)
(0.314193 -0.472668 0)
(0.324641 -0.511747 0)
(0.329435 -0.546423 0)
(0.328995 -0.576367 0)
(0.323919 -0.601615 0)
(0.314894 -0.622477 0)
(0.302623 -0.639443 0)
(0.287766 -0.653088 0)
(0.270901 -0.664002 0)
(0.252507 -0.67273 0)
(0.232962 -0.679748 0)
(0.212552 -0.685444 0)
(0.191488 -0.690118 0)
(0.169923 -0.693994 0)
(0.147965 -0.697224 0)
(0.125695 -0.699911 0)
(0.103174 -0.702113 0)
(0.080452 -0.703863 0)
(0.057576 -0.705173 0)
(0.0345897 -0.706048 0)
(0.0115373 -0.706484 0)
(0.0170798 -0.124347 0)
(0.051257 -0.133863 0)
(0.0854198 -0.152488 0)
(0.11936 -0.179419 0)
(0.152633 -0.213483 0)
(0.184564 -0.253194 0)
(0.214309 -0.296847 0)
(0.240972 -0.342632 0)
(0.263721 -0.388777 0)
(0.281895 -0.433673 0)
(0.295079 -0.475987 0)
(0.303135 -0.514726 0)
(0.306188 -0.54927 0)
(0.304583 -0.579354 0)
(0.298814 -0.60501 0)
(0.289459 -0.626505 0)
(0.277114 -0.644252 0)
(0.262342 -0.658744 0)
(0.245647 -0.670491 0)
(0.227453 -0.679978 0)
(0.208107 -0.687633 0)
(0.18788 -0.693819 0)
(0.166979 -0.698825 0)
(0.145562 -0.702877 0)
(0.123746 -0.706141 0)
(0.101624 -0.708734 0)
(0.0792682 -0.710738 0)
(0.0567394 -0.712206 0)
(0.0340905 -0.713169 0)
(0.0113712 -0.713644 0)
(0.0136817 -0.0976739 0)
(0.0411849 -0.106037 0)
(0.069042 -0.12251 0)
(0.0972899 -0.146576 0)
(0.125717 -0.177445 0)
(0.153848 -0.214061 0)
(0.180986 -0.255131 0)
(0.206297 -0.299195 0)
(0.228925 -0.344718 0)
(0.248097 -0.390204 0)
(0.263211 -0.434294 0)
(0.273893 -0.475861 0)
(0.280014 -0.514065 0)
(0.281674 -0.548373 0)
(0.279158 -0.578544 0)
(0.272882 -0.604591 0)
(0.263333 -0.626719 0)
(0.251015 -0.645267 0)
(0.236414 -0.660644 0)
(0.21997 -0.673284 0)
(0.202062 -0.683607 0)
(0.183006 -0.691996 0)
(0.163057 -0.698782 0)
(0.142421 -0.704239 0)
(0.121256 -0.708587 0)
(0.0996896 -0.711997 0)
(0.0778213 -0.714595 0)
(0.0557339 -0.716474 0)
(0.0334978 -0.717695 0)
(0.0111753 -0.718294 0)
(0.0107416 -0.0753887 0)
(0.0324341 -0.0825326 0)
(0.0546956 -0.0966914 0)
(0.0777246 -0.117585 0)
(0.101487 -0.14475 0)
(0.125686 -0.177512 0)
(0.149787 -0.214976 0)
(0.173075 -0.256045 0)
(0.194746 -0.299482 0)
(0.214006 -0.343982 0)
(0.230159 -0.388268 0)
(0.242676 -0.431178 0)
(0.251232 -0.471743 0)
(0.255715 -0.509231 0)
(0.256207 -0.543164 0)
(0.252948 -0.57331 0)
(0.246286 -0.599647 0)
(0.236631 -0.622322 0)
(0.224413 -0.641596 0)
(0.210049 -0.657799 0)
(0.193925 -0.671292 0)
(0.176379 -0.682431 0)
(0.1577 -0.691548 0)
(0.13813 -0.698937 0)
(0.117866 -0.70485 0)
(0.0970699 -0.709493 0)
(0.0758748 -0.713029 0)
(0.0543901 -0.715579 0)
(0.0327094 -0.717233 0)
(0.0109155 -0.718045 0)
(0.0082674 -0.0571738 0)
(0.0250397 -0.0631144 0)
(0.0424761 -0.0749591 0)
(0.0608663 -0.0926082 0)
(0.0802984 -0.115856 0)
(0.100625 -0.144344 0)
(0.121466 -0.177523 0)
(0.14225 -0.214646 0)
(0.162278 -0.254786 0)
(0.180807 -0.296885 0)
(0.197126 -0.339826 0)
(0.210627 -0.382508 0)
(0.220858 -0.423926 0)
(0.227545 -0.463234 0)
(0.230593 -0.499781 0)
(0.230074 -0.533128 0)
(0.226187 -0.563041 0)
(0.219222 -0.589462 0)
(0.209526 -0.612479 0)
(0.197463 -0.632281 0)
(0.183394 -0.649124 0)
(0.167654 -0.663295 0)
(0.150547 -0.675086 0)
(0.132339 -0.684777 0)
(0.113256 -0.692617 0)
(0.0934911 -0.698826 0)
(0.0732084 -0.703582 0)
(0.052547 -0.707029 0)
(0.0316277 -0.70927 0)
(0.0105589 -0.710371 0)
(0.0062393 -0.0426038 0)
(0.0189547 -0.0474186 0)
(0.0323424 -0.0570746 0)
(0.0467289 -0.0715982 0)
(0.0622766 -0.0909701 0)
(0.0789493 -0.115072 0)
(0.0965055 -0.143637 0)
(0.114518 -0.176219 0)
(0.132417 -0.212188 0)
(0.149555 -0.25075 0)
(0.165267 -0.290995 0)
(0.178937 -0.331958 0)
(0.19005 -0.372685 0)
(0.198224 -0.4123 0)
(0.203234 -0.450057 0)
(0.205004 -0.48537 0)
(0.203591 -0.517829 0)
(0.199162 -0.547194 0)
(0.19196 -0.573372 0)
(0.182276 -0.596397 0)
(0.17042 -0.616391 0)
(0.156703 -0.633537 0)
(0.14142 -0.648053 0)
(0.124843 -0.660166 0)
(0.107218 -0.670097 0)
(0.0887593 -0.678047 0)
(0.0696576 -0.684192 0)
(0.0500798 -0.688674 0)
(0.0301749 -0.691602 0)
(0.0100792 -0.693046 0)
(0.00461827 -0.0311942 0)
(0.0140724 -0.0350017 0)
(0.0241505 -0.0426808 0)
(0.0351772 -0.0543358 0)
(0.0473499 -0.0700695 0)
(0.0607088 -0.0899309 0)
(0.0751227 -0.113863 0)
(0.0902955 -0.141661 0)
(0.105792 -0.172951 0)
(0.12108 -0.207192 0)
(0.135579 -0.243696 0)
(0.148715 -0.281678 0)
(0.159967 -0.320299 0)
(0.168905 -0.358733 0)
(0.175214 -0.396211 0)
(0.17871 -0.432072 0)
(0.179331 -0.465786 0)
(0.177126 -0.496966 0)
(0.172235 -0.525365 0)
(0.164859 -0.55086 0)
(0.155245 -0.573432 0)
(0.143657 -0.593144 0)
(0.130366 -0.610112 0)
(0.115632 -0.624483 0)
(0.0997037 -0.636421 0)
(0.0828084 -0.646087 0)
(0.0651543 -0.653626 0)
(0.0469311 -0.659165 0)
(0.0283131 -0.662802 0)
(0.00946318 -0.664602 0)
(0.00335362 -0.0224442 0)
(0.0102491 -0.0253846 0)
(0.0176892 -0.0313473 0)
(0.0259711 -0.0404766 0)
(0.0352992 -0.0529436 0)
(0.0457586 -0.0689002 0)
(0.0572995 -0.0884306 0)
(0.0697348 -0.111508 0)
(0.0827519 -0.137962 0)
(0.0959375 -0.167469 0)
(0.108814 -0.199556 0)
(0.12088 -0.233627 0)
(0.13165 -0.268998 0)
(0.140692 -0.304944 0)
(0.147651 -0.340746 0)
(0.152273 -0.375731 0)
(0.154408 -0.409313 0)
(0.154007 -0.441007 0)
(0.151115 -0.470449 0)
(0.145846 -0.497385 0)
(0.138373 -0.521665 0)
(0.128904 -0.543227 0)
(0.117668 -0.562075 0)
(0.104903 -0.578265 0)
(0.0908448 -0.591881 0)
(0.0757201 -0.603023 0)
(0.0597456 -0.611791 0)
(0.0431256 -0.618278 0)
(0.0260535 -0.622558 0)
(0.00871398 -0.624684 0)
(0.00238978 -0.0158703 0)
(0.00732478 -0.0180896 0)
(0.0127124 -0.0226139 0)
(0.0188095 -0.0295994 0)
(0.0258078 -0.0392446 0)
(0.0338134 -0.0517533 0)
(0.0428308 -0.0672921 0)
(0.0527561 -0.0859507 0)
(0.0633795 -0.107709 0)
(0.074398 -0.132414 0)
(0.0854381 -0.159779 0)
(0.0960852 -0.189387 0)
(0.105916 -0.220719 0)
(0.114527 -0.253183 0)
(0.121565 -0.286149 0)
(0.126744 -0.318994 0)
(0.129859 -0.35113 0)
(0.130791 -0.382033 0)
(0.129506 -0.411265 0)
(0.126043 -0.438477 0)
(0.120502 -0.463414 0)
(0.113031 -0.485904 0)
(0.10381 -0.505846 0)
(0.0930423 -0.523197 0)
(0.0809398 -0.537958 0)
(0.0677186 -0.550156 0)
(0.0535925 -0.559835 0)
(0.0387708 -0.567042 0)
(0.0234575 -0.57182 0)
(0.00785153 -0.574199 0)
(0.00167161 -0.0110299 0)
(0.00513819 -0.0126682 0)
(0.00896602 -0.0160252 0)
(0.0133668 -0.0212505 0)
(0.0185089 -0.028542 0)
(0.0245016 -0.0381172 0)
(0.0313815 -0.0501801 0)
(0.0391034 -0.0648861 0)
(0.0475374 -0.0823117 0)
(0.0564736 -0.10243 0)
(0.0656344 -0.1251 0)
(0.0746935 -0.150059 0)
(0.0833001 -0.176942 0)
(0.0911027 -0.205296 0)
(0.0977729 -0.234607 0)
(0.103025 -0.264333 0)
(0.106631 -0.293932 0)
(0.108431 -0.322889 0)
(0.108336 -0.35074 0)
(0.106322 -0.377085 0)
(0.102428 -0.401596 0)
(0.0967452 -0.424016 0)
(0.0894039 -0.444159 0)
(0.0805657 -0.461894 0)
(0.0704125 -0.47714 0)
(0.0591392 -0.489855 0)
(0.0469477 -0.50002 0)
(0.0340426 -0.507634 0)
(0.0206286 -0.512704 0)
(0.00690998 -0.515235 0)
(0.00114809 -0.00753583 0)
(0.00353883 -0.00871956 0)
(0.00620793 -0.011157 0)
(0.00932308 -0.0149806 0)
(0.0130246 -0.0203703 0)
(0.017414 -0.027533 0)
(0.0225428 -0.036677 0)
(0.0284037 -0.0479849 0)
(0.0349248 -0.0615868 0)
(0.0419693 -0.0775372 0)
(0.0493408 -0.0957986 0)
(0.0567941 -0.116233 0)
(0.0640519 -0.138606 0)
(0.0708231 -0.162594 0)
(0.0768211 -0.187801 0)
(0.081782 -0.213784 0)
(0.0854796 -0.240074 0)
(0.0877367 -0.266202 0)
(0.0884315 -0.291718 0)
(0.0874999 -0.31621 0)
(0.0849329 -0.339315 0)
(0.0807724 -0.360728 0)
(0.0751032 -0.380196 0)
(0.0680458 -0.397526 0)
(0.0597481 -0.412568 0)
(0.050378 -0.425218 0)
(0.0401177 -0.435401 0)
(0.0291583 -0.44307 0)
(0.0176965 -0.448196 0)
(0.00593247 -0.450763 0)
(0.000774472 -0.00506223 0)
(0.00239371 -0.00589981 0)
(0.00422081 -0.00763273 0)
(0.00638408 -0.0103715 0)
(0.00899553 -0.0142695 0)
(0.0121429 -0.0195088 0)
(0.015881 -0.026282 0)
(0.0202243 -0.0347715 0)
(0.0251399 -0.0451282 0)
(0.0305448 -0.0574511 0)
(0.0363068 -0.0717709 0)
(0.0422499 -0.0880386 0)
(0.048164 -0.106122 0)
(0.0538184 -0.125806 0)
(0.0589759 -0.146807 0)
(0.063407 -0.16878 0)
(0.0669038 -0.191343 0)
(0.0692912 -0.21409 0)
(0.0704352 -0.236616 0)
(0.0702478 -0.258529 0)
(0.0686883 -0.279465 0)
(0.0657617 -0.299099 0)
(0.0615148 -0.317148 0)
(0.0560312 -0.333374 0)
(0.0494249 -0.347584 0)
(0.0418344 -0.359625 0)
(0.0334173 -0.36938 0)
(0.0243449 -0.376764 0)
(0.0147982 -0.381717 0)
(0.00496473 -0.384202 0)
(0.000513288 -0.00334416 0)
(0.00159066 -0.0039249 0)
(0.00281888 -0.00513195 0)
(0.00429311 -0.00705334 0)
(0.00609948 -0.0098134 0)
(0.00830978 -0.0135634 0)
(0.0109753 -0.0184692 0)
(0.0141203 -0.0246967 0)
(0.0177361 -0.0323951 0)
(0.021777 -0.0416807 0)
(0.0261586 -0.0526221 0)
(0.0307599 -0.0652279 0)
(0.0354283 -0.0794394 0)
(0.0399881 -0.095129 0)
(0.0442513 -0.112103 0)
(0.0480284 -0.130111 0)
(0.0511394 -0.148853 0)
(0.0534243 -0.167999 0)
(0.0547517 -0.187202 0)
(0.0550248 -0.206112 0)
(0.0541851 -0.224389 0)
(0.0522129 -0.241715 0)
(0.0491263 -0.257803 0)
(0.0449783 -0.272397 0)
(0.0398526 -0.285282 0)
(0.0338589 -0.296276 0)
(0.0271281 -0.305235 0)
(0.0198081 -0.312046 0)
(0.0120589 -0.316631 0)
(0.00404877 -0.318936 0)
(0.000334329 -0.00217299 0)
(0.00103875 -0.00256778 0)
(0.00184978 -0.00339195 0)
(0.00283604 -0.00471295 0)
(0.0040616 -0.00662738 0)
(0.00558264 -0.00925525 0)
(0.00744317 -0.0127321 0)
(0.00966999 -0.0171986 0)
(0.0122678 -0.0227894 0)
(0.0152148 -0.0296196 0)
(0.0184605 -0.037773 0)
(0.0219252 -0.0472909 0)
(0.0255021 -0.0581632 0)
(0.0290626 -0.0703246 0)
(0.0324635 -0.0836534 0)
(0.0355547 -0.0979751 0)
(0.0381881 -0.113069 0)
(0.0402262 -0.128676 0)
(0.0415498 -0.144514 0)
(0.0420644 -0.160285 0)
(0.0417048 -0.175691 0)
(0.0404375 -0.19044 0)
(0.038261 -0.20426 0)
(0.0352049 -0.216902 0)
(0.0313275 -0.228144 0)
(0.0267125 -0.237797 0)
(0.0214649 -0.245705 0)
(0.0157075 -0.251743 0)
(0.00957653 -0.255819 0)
(0.0032177 -0.257871 0)
(0.000214082 -0.00138915 0)
(0.000666813 -0.00165241 0)
(0.00119306 -0.00220435 0)
(0.001841 -0.00309487 0)
(0.0026569 -0.00439638 0)
(0.00368308 -0.00620043 0)
(0.00495506 -0.00861289 0)
(0.0064979 -0.0117473 0)
(0.00832228 -0.015717 0)
(0.0104209 -0.0206252 0)
(0.0127657 -0.0265562 0)
(0.0153064 -0.0335651 0)
(0.0179712 -0.0416704 0)
(0.0206692 -0.050848 0)
(0.0232951 -0.0610287 0)
(0.0257347 -0.0720981 0)
(0.0278712 -0.0838998 0)
(0.0295919 -0.096241 0)
(0.0307952 -0.1089 0)
(0.0313961 -0.121637 0)
(0.0313309 -0.134199 0)
(0.0305603 -0.146336 0)
(0.0290714 -0.157804 0)
(0.0268772 -0.168373 0)
(0.024016 -0.177835 0)
(0.0205494 -0.186006 0)
(0.0165589 -0.192732 0)
(0.012143 -0.197888 0)
(0.00741386 -0.201377 0)
(0.00249281 -0.203137 0)
(0.000134807 -0.000873902 0)
(0.000420914 -0.00104619 0)
(0.000756545 -0.0014089 0)
(0.00117471 -0.00199783 0)
(0.00170791 -0.00286553 0)
(0.00238697 -0.00407949 0)
(0.0032392 -0.00571937 0)
(0.00428586 -0.00787291 0)
(0.00553926 -0.0106305 0)
(0.0069998 -0.014079 0)
(0.00865347 -0.0182938 0)
(0.0104702 -0.0233323 0)
(0.0124034 -0.0292262 0)
(0.0143911 -0.0359764 0)
(0.0163582 -0.043549 0)
(0.0182208 -0.0518739 0)
(0.0198903 -0.0608455 0)
(0.0212784 -0.0703252 0)
(0.0223024 -0.0801469 0)
(0.0228904 -0.0901229 0)
(0.0229852 -0.100051 0)
(0.0225479 -0.109723 0)
(0.0215599 -0.118932 0)
(0.0200237 -0.127479 0)
(0.0179631 -0.135177 0)
(0.0154214 -0.141861 0)
(0.0124601 -0.147387 0)
(0.00915585 -0.151636 0)
(0.00559763 -0.15452 0)
(0.00188341 -0.155977 0)
(8.35032e-05 -0.000541128 0)
(0.000261344 -0.000651843 0)
(0.000471819 -0.00088584 0)
(0.000737026 -0.00126811 0)
(0.00107921 -0.00183569 0)
(0.00152017 -0.00263683 0)
(0.00208006 -0.00372948 0)
(0.00277575 -0.00517895 0)
(0.00361875 -0.00705448 0)
(0.00461296 -0.00942488 0)
(0.00575264 -0.0123534 0)
(0.00702076 -0.0158922 0)
(0.00838823 -0.0200765 0)
(0.00981401 -0.0249202 0)
(0.0112465 -0.0304114 0)
(0.0126258 -0.0365105 0)
(0.013887 -0.0431494 0)
(0.0149635 -0.0502326 0)
(0.0157907 -0.0576396 0)
(0.0163109 -0.0652295 0)
(0.0164757 -0.072846 0)
(0.0162503 -0.0803237 0)
(0.0156146 -0.0874937 0)
(0.0145653 -0.0941905 0)
(0.0131159 -0.100257 0)
(0.0112959 -0.105549 0)
(0.00915025 -0.109943 0)
(0.00673676 -0.113332 0)
(0.00412401 -0.115637 0)
(0.00138849 -0.116803 0)
(5.08964e-05 -0.000329887 0)
(0.000159659 -0.000399776 0)
(0.000289478 -0.000548051 0)
(0.000454824 -0.000791704 0)
(0.000670566 -0.00115615 0)
(0.000951676 -0.00167491 0)
(0.00131254 -0.00238893 0)
(0.00176587 -0.00334521 0)
(0.00232129 -0.00459483 0)
(0.00298377 -0.00619009 0)
(0.00375196 -0.00818099 0)
(0.0046169 -0.0106113 0)
(0.00556111 -0.0135141 0)
(0.00655831 -0.016908 0)
(0.00757396 -0.0207938 0)
(0.00856673 -0.0251514 0)
(0.00949043 -0.0299392 0)
(0.0102964 -0.0350935 0)
(0.0109364 -0.0405303 0)
(0.0113655 -0.0461472 0)
(0.0115454 -0.0518273 0)
(0.0114465 -0.0574439 0)
(0.0110503 -0.0628649 0)
(0.0103506 -0.0679581 0)
(0.00935418 -0.072596 0)
(0.00808067 -0.0766605 0)
(0.00656177 -0.0800468 0)
(0.00483995 -0.0826671 0)
(0.00296652 -0.084453 0)
(0.000999403 -0.0853577 0)
(3.05348e-05 -0.000198046 0)
(9.59988e-05 -0.000241403 0)
(0.000174779 -0.000333726 0)
(0.000276152 -0.000486291 0)
(0.000409833 -0.000716108 0)
(0.000585849 -0.00104588 0)
(0.000814145 -0.00150372 0)
(0.00110391 -0.00212249 0)
(0.00146263 -0.00293863 0)
(0.00189503 -0.00399041 0)
(0.00240186 -0.00531562 0)
(0.00297885 -0.0069488 0)
(0.00361592 -0.00891816 0)
(0.00429675 -0.0112425 0)
(0.00499889 -0.0139282 0)
(0.00569458 -0.0169674 0)
(0.00635191 -0.0203359 0)
(0.00693647 -0.023993 0)
(0.00741326 -0.0278816 0)
(0.0077489 -0.0319299 0)
(0.00791396 -0.0360533 0)
(0.00788493 -0.0401577 0)
(0.00764599 -0.0441435 0)
(0.00719023 -0.0479088 0)
(0.00652038 -0.0513542 0)
(0.00564897 -0.0543862 0)
(0.00459786 -0.0569211 0)
(0.00339735 -0.0588878 0)
(0.00208477 -0.0602309 0)
(0.000702763 -0.0609121 0)
(1.80366e-05 -0.000117115 0)
(5.6828e-05 -0.000143559 0)
(0.000103879 -0.000200068 0)
(0.000165018 -0.000293956 0)
(0.000246458 -0.000436344 0)
(0.000354752 -0.000642233 0)
(0.000496584 -0.000930445 0)
(0.000678358 -0.00132333 0)
(0.000905606 -0.00184612 0)
(0.00118225 -0.00252592 0)
(0.0015098 -0.00339018 0)
(0.00188656 -0.00446492 0)
(0.00230698 -0.00577251 0)
(0.00276121 -0.00732949 0)
(0.00323508 -0.00914426 0)
(0.00371041 -0.0112153 0)
(0.00416578 -0.0135296 0)
(0.00457752 -0.0160622 0)
(0.00492101 -0.0187754 0)
(0.00517227 -0.0216203 0)
(0.00530955 -0.0245374 0)
(0.00531495 -0.0274593 0)
(0.00517579 -0.0303128 0)
(0.00488563 -0.0330223 0)
(0.00444499 -0.0355129 0)
(0.00386155 -0.0377131 0)
(0.00315001 -0.0395584 0)
(0.00233144 -0.0409938 0)
(0.00143229 -0.0419759 0)
(0.000483088 -0.0424745 0)
(1.04929e-05 -6.82346e-05 0)
(3.31291e-05 -8.40982e-05 0)
(6.07941e-05 -0.000118113 0)
(9.70796e-05 -0.000174922 0)
(0.000145876 -0.000261637 0)
(0.000211373 -0.000387945 0)
(0.000297945 -0.000566148 0)
(0.000409917 -0.000811064 0)
(0.000551197 -0.0011397 0)
(0.0007248 -0.00157066 0)
(0.000932304 -0.00212324 0)
(0.0011733 -0.00281626 0)
(0.00144488 -0.00366658 0)
(0.00174131 -0.00468753 0)
(0.00205386 -0.0058873 0)
(0.00237094 -0.00726741 0)
(0.0026785 -0.0088216 0)
(0.00296071 -0.010535 0)
(0.00320076 -0.0123836 0)
(0.0033819 -0.014335 0)
(0.00348862 -0.0163485 0)
(0.00350781 -0.018377 0)
(0.00342979 -0.0203686 0)
(0.00324914 -0.0222688 0)
(0.0029653 -0.0240228 0)
(0.00258284 -0.0255779 0)
(0.00211138 -0.0268862 0)
(0.00156521 -0.0279061 0)
(0.000962596 -0.0286051 0)
(0.000324842 -0.0289604 0)
(6.01364e-06 -3.91793e-05 0)
(1.90254e-05 -4.85428e-05 0)
(3.50441e-05 -6.86861e-05 0)
(5.62425e-05 -0.000102496 0)
(8.50093e-05 -0.000154426 0)
(0.000123964 -0.000230597 0)
(0.000175904 -0.000338871 0)
(0.000243667 -0.000488838 0)
(0.000329914 -0.000691671 0)
(0.000436828 -0.000959801 0)
(0.000565766 -0.00130638 0)
(0.000716877 -0.00174455 0)
(0.000888751 -0.00228648 0)
(0.00107814 -0.00294228 0)
(0.0012798 -0.00371891 0)
(0.00148652 -0.00461901 0)
(0.00168933 -0.00564002 0)
(0.00187789 -0.00677346 0)
(0.00204101 -0.00800457 0)
(0.00216733 -0.00931227 0)
(0.00224612 -0.0106696 0)
(0.00226811 -0.0120445 0)
(0.00222621 -0.0134011 0)
(0.00211616 -0.0147013 0)
(0.00193703 -0.0159062 0)
(0.00169141 -0.0169781 0)
(0.00138546 -0.0178823 0)
(0.00102863 -0.0185889 0)
(0.000633247 -0.0190739 0)
(0.000213807 -0.0193206 0)
(3.39632e-06 -2.21755e-05 0)
(1.07661e-05 -2.76154e-05 0)
(1.99029e-05 -3.93554e-05 0)
(3.20974e-05 -5.91556e-05 0)
(4.8789e-05 -8.97485e-05 0)
(7.15826e-05 -0.000134923 0)
(0.000102225 -0.000199596 0)
(0.000142532 -0.000289837 0)
(0.000194257 -0.000412813 0)
(0.000258913 -0.00057662 0)
(0.000337546 -0.000789979 0)
(0.000430491 -0.00106178 0)
(0.000537128 -0.00140048 0)
(0.000655681 -0.00181342 0)
(0.00078308 -0.002306 0)
(0.000914936 -0.00288096 0)
(0.00104565 -0.00353764 0)
(0.00116863 -0.00427143 0)
(0.00127661 -0.00507346 0)
(0.0013621 -0.00593043 0)
(0.00141788 -0.00682486 0)
(0.00143758 -0.00773554 0)
(0.0014162 -0.00863834 0)
(0.00135058 -0.0095072 0)
(0.00123975 -0.0103154 0)
(0.00108513 -0.0110366 0)
(0.000890547 -0.0116467 0)
(0.000662144 -0.0121243 0)
(0.000408026 -0.0124527 0)
(0.000137832 -0.0126199 0)
(1.89071e-06 -1.23754e-05 0)
(6.00486e-06 -1.54873e-05 0)
(1.114e-05 -2.22238e-05 0)
(1.80497e-05 -3.36378e-05 0)
(2.75854e-05 -5.13743e-05 0)
(4.07114e-05 -7.77326e-05 0)
(5.84957e-05 -0.000115725 0)
(8.20713e-05 -0.000169112 0)
(0.000112562 -0.000242389 0)
(0.000150977 -0.000340703 0)
(0.000198068 -0.000469689 0)
(0.000254181 -0.000635194 0)
(0.000319088 -0.000842918 0)
(0.00039185 -0.00109796 0)
(0.000470716 -0.00140429 0)
(0.000553074 -0.00176425 0)
(0.000635503 -0.00217804 0)
(0.000713899 -0.00264331 0)
(0.000783658 -0.00315485 0)
(0.000839947 -0.00370449 0)
(0.000878038 -0.00428116 0)
(0.000893684 -0.00487115 0)
(0.000883473 -0.00545861 0)
(0.000845155 -0.00602624 0)
(0.00077789 -0.00655604 0)
(0.000682414 -0.0070303 0)
(0.000561072 -0.00743242 0)
(0.000417748 -0.0077479 0)
(0.000257663 -0.00796506 0)
(8.70793e-05 -0.00807574 0)
(1.03779e-06 -6.81114e-06 0)
(3.30207e-06 -8.56459e-06 0)
(6.14672e-06 -1.23715e-05 0)
(1.00044e-05 -1.88506e-05 0)
(1.53698e-05 -2.89738e-05 0)
(2.28114e-05 -4.41102e-05 0)
(3.29693e-05 -6.60699e-05 0)
(4.65346e-05 -9.71352e-05 0)
(6.42093e-05 -0.000140066 0)
(8.66435e-05 -0.000198063 0)
(0.000114353 -0.000274679 0)
(0.000147623 -0.000373663 0)
(0.000186404 -0.000498742 0)
(0.000230221 -0.000653337 0)
(0.000278096 -0.000840241 0)
(0.00032851 -0.00106127 0)
(0.000379418 -0.0013169 0)
(0.000428315 -0.00160603 0)
(0.00047235 -0.00192569 0)
(0.000508478 -0.00227098 0)
(0.00053368 -0.00263504 0)
(0.000545197 -0.00300921 0)
(0.000540766 -0.00338333 0)
(0.000518843 -0.00374616 0)
(0.000478777 -0.00408594 0)
(0.000420922 -0.00439095 0)
(0.000346681 -0.00465017 0)
(0.000258462 -0.00485391 0)
(0.000159558 -0.00499433 0)
(5.39478e-05 -0.00506596 0)
(5.61783e-07 -3.69793e-06 0)
(1.7907e-06 -4.6714e-06 0)
(3.34432e-06 -6.79091e-06 0)
(5.46695e-06 -1.04136e-05 0)
(8.44127e-06 -1.61038e-05 0)
(1.25964e-05 -2.46619e-05 0)
(1.83084e-05 -3.7155e-05 0)
(2.59901e-05 -5.49419e-05 0)
(3.60694e-05 -7.9683e-05 0)
(4.89538e-05 -0.000113327 0)
(6.49817e-05 -0.000158062 0)
(8.43648e-05 -0.000216236 0)
(0.000107124 -0.000290221 0)
(0.00013303 -0.000382246 0)
(0.000161548 -0.000494194 0)
(0.000191815 -0.000627377 0)
(0.000222631 -0.000782314 0)
(0.0002525 -0.000958524 0)
(0.000279693 -0.00115438 0)
(0.000302335 -0.00136699 0)
(0.000318541 -0.00159221 0)
(0.000326562 -0.00182468 0)
(0.00032494 -0.00205804 0)
(0.000312648 -0.00228515 0)
(0.000289212 -0.0024985 0)
(0.000254788 -0.00269052 0)
(0.000210199 -0.00285408 0)
(0.000156908 -0.00298285 0)
(9.69462e-05 -0.00307172 0)
(3.27921e-05 -0.00311708 0)
(2.99999e-07 -1.98097e-06 0)
(9.57916e-07 -2.51364e-06 0)
(1.7947e-06 -3.67659e-06 0)
(2.94616e-06 -5.67256e-06 0)
(4.57112e-06 -8.82347e-06 0)
(6.85685e-06 -1.35891e-05 0)
(1.00202e-05 -2.05875e-05 0)
(1.43028e-05 -3.06125e-05 0)
(1.99599e-05 -4.46436e-05 0)
(2.72401e-05 -6.3843e-05 0)
(3.63581e-05 -8.95321e-05 0)
(4.74603e-05 -0.000123145 0)
(6.05865e-05 -0.000166157 0)
(7.56316e-05 -0.000219978 0)
(9.23124e-05 -0.000285839 0)
(0.000110146 -0.000364641 0)
(0.000128443 -0.000456821 0)
(0.000146329 -0.000562213 0)
(0.000162773 -0.000679942 0)
(0.000176648 -0.000808351 0)
(0.0001868 -0.000944974 0)
(0.000192149 -0.00108657 0)
(0.000191776 -0.00122924 0)
(0.000185019 -0.00136856 0)
(0.000171551 -0.00149982 0)
(0.00015143 -0.00161825 0)
(0.000125128 -0.00171934 0)
(9.35165e-05 -0.00179905 0)
(5.78262e-05 -0.00185413 0)
(1.95677e-05 -0.00188227 0)
(1.58078e-07 -1.04732e-06 0)
(5.05601e-07 -1.33468e-06 0)
(9.50187e-07 -1.96373e-06 0)
(1.56616e-06 -3.04766e-06 0)
(2.44135e-06 -4.76712e-06 0)
(3.68051e-06 -7.38179e-06 0)
(5.40646e-06 -1.12433e-05 0)
(7.75806e-06 -1.68073e-05 0)
(1.08842e-05 -2.46409e-05 0)
(1.4933e-05 -3.5424e-05 0)
(2.00368e-05 -4.9938e-05 0)
(2.62915e-05 -6.90414e-05 0)
(3.3735e-05 -9.36288e-05 0)
(4.23231e-05 -0.000124573 0)
(5.1909e-05 -0.000162651 0)
(6.2228e-05 -0.000208459 0)
(7.28922e-05 -0.000262326 0)
(8.33982e-05 -0.000324222 0)
(9.31459e-05 -0.000393694 0)
(0.000101468 -0.000469809 0)
(0.000107677 -0.000551132 0)
(0.000111117 -0.000635746 0)
(0.000111223 -0.000721298 0)
(0.000107582 -0.000805107 0)
(9.99734e-05 -0.000884285 0)
(8.8414e-05 -0.0009559 0)
(7.31681e-05 -0.00101715 0)
(5.47463e-05 -0.00106552 0)
(3.38785e-05 -0.00109898 0)
(1.14685e-05 -0.00111608 0)
(8.22105e-08 -5.46582e-07 0)
(2.63374e-07 -6.99466e-07 0)
(4.9644e-07 -1.035e-06 0)
(8.21479e-07 -1.61538e-06 0)
(1.28631e-06 -2.54036e-06 0)
(1.94857e-06 -3.9542e-06 0)
(2.87666e-06 -6.05366e-06 0)
(4.14886e-06 -9.09563e-06 0)
(5.85037e-06 -1.34029e-05 0)
(8.0676e-06 -1.93656e-05 0)
(1.08797e-05 -2.7437e-05 0)
(1.43472e-05 -3.81206e-05 0)
(1.84995e-05 -5.19477e-05 0)
(2.33203e-05 -6.94448e-05 0)
(2.87354e-05 -9.10906e-05 0)
(3.46026e-05 -0.000117266 0)
(4.07073e-05 -0.0001482 0)
(4.67655e-05 -0.000183914 0)
(5.24337e-05 -0.000224182 0)
(5.73257e-05 -0.000268489 0)
(6.10378e-05 -0.000316017 0)
(6.31814e-05 -0.000365649 0)
(6.34178e-05 -0.000416001 0)
(6.14925e-05 -0.000465475 0)
(5.72661e-05 -0.000512339 0)
(5.07359e-05 -0.000554822 0)
(4.20482e-05 -0.000591223 0)
(3.14961e-05 -0.000620014 0)
(1.9505e-05 -0.000639951 0)
(6.60522e-06 -0.000650147 0)
(4.2208e-08 -2.81649e-07 0)
(1.35433e-07 -3.61887e-07 0)
(2.56019e-07 -5.38424e-07 0)
(4.25251e-07 -8.44917e-07 0)
(6.68771e-07 -1.33558e-06 0)
(1.01781e-06 -2.0893e-06 0)
(1.5098e-06 -3.21438e-06 0)
(2.18814e-06 -4.85328e-06 0)
(3.10065e-06 -7.18645e-06 0)
(4.29667e-06 -1.0434e-05 0)
(5.82244e-06 -1.48538e-05 0)
(7.71494e-06 -2.07356e-05 0)
(9.99453e-06 -2.83886e-05 0)
(1.26569e-05 -3.81232e-05 0)
(1.56655e-05 -5.02274e-05 0)
(1.89454e-05 -6.49367e-05 0)
(2.23798e-05 -8.24027e-05 0)
(2.58114e-05 -0.00010266 0)
(2.90471e-05 -0.000125599 0)
(3.18674e-05 -0.000150941 0)
(3.40401e-05 -0.000178228 0)
(3.53393e-05 -0.000206824 0)
(3.55659e-05 -0.000235926 0)
(3.45676e-05 -0.000264603 0)
(3.22576e-05 -0.000291836 0)
(2.86285e-05 -0.000316576 0)
(2.37593e-05 -0.000337811 0)
(1.78155e-05 -0.000354631 0)
(1.10406e-05 -0.00036629 0)
(3.74015e-06 -0.000372256 0)
(2.1398e-08 -1.43327e-07 0)
(6.87652e-08 -1.84882e-07 0)
(1.30355e-07 -2.76526e-07 0)
(2.17315e-07 -4.36202e-07 0)
(3.43193e-07 -6.92937e-07 0)
(5.24647e-07 -1.08919e-06 0)
(7.81852e-07 -1.68365e-06 0)
(1.13844e-06 -2.55405e-06 0)
(1.6208e-06 -3.79961e-06 0)
(2.25654e-06 -5.54231e-06 0)
(3.07208e-06 -7.92645e-06 0)
(4.08932e-06 -1.11155e-05 0)
(5.32151e-06 -1.52859e-05 0)
(6.76876e-06 -2.06171e-05 0)
(8.41356e-06 -2.72782e-05 0)
(1.02171e-05 -3.54111e-05 0)
(1.21171e-05 -4.5112e-05 0)
(1.40276e-05 -5.64122e-05 0)
(1.58422e-05 -6.92606e-05 0)
(1.74381e-05 -8.35103e-05 0)
(1.86844e-05 -9.89094e-05 0)
(1.94523e-05 -0.000115101 0)
(1.96268e-05 -0.000131629 0)
(1.9119e-05 -0.00014796 0)
(1.78764e-05 -0.000163505 0)
(1.58914e-05 -0.000177657 0)
(1.32061e-05 -0.000189824 0)
(9.91235e-06 -0.000199475 0)
(6.14701e-06 -0.00020617 0)
(2.08308e-06 -0.000209598 0)
(1.07142e-08 -7.20462e-08 0)
(3.44827e-08 -9.32869e-08 0)
(6.55438e-08 -1.4024e-07 0)
(1.09656e-07 -2.22331e-07 0)
(1.73873e-07 -3.54871e-07 0)
(2.66951e-07 -5.60378e-07 0)
(3.99592e-07 -8.70161e-07 0)
(5.84462e-07 -1.32598e-06 0)
(8.35861e-07 -1.98151e-06 0)
(1.16896e-06 -2.90326e-06 0)
(1.59856e-06 -4.17053e-06 0)
(2.13726e-06 -5.87399e-06 0)
(2.7933e-06 -8.11245e-06 0)
(3.56799e-06 -1.09876e-05 0)
(4.4532e-06 -1.45966e-05 0)
(5.42921e-06 -1.9023e-05 0)
(6.46325e-06 -2.43255e-05 0)
(7.50934e-06 -3.05278e-05 0)
(8.50959e-06 -3.76076e-05 0)
(9.39667e-06 -4.54886e-05 0)
(1.0098e-05 -5.40347e-05 0)
(1.05414e-05 -6.30488e-05 0)
(1.0662e-05 -7.22774e-05 0)
(1.04086e-05 -8.14194e-05 0)
(9.75041e-06 -9.01415e-05 0)
(8.68143e-06 -9.80971e-05 0)
(7.22368e-06 -0.000104948 0)
(5.42723e-06 -0.000110389 0)
(3.3678e-06 -0.000114167 0)
(1.14164e-06 -0.000116103 0)
(5.29969e-09 -3.57804e-08 0)
(1.70812e-08 -4.64995e-08 0)
(3.25526e-08 -7.02476e-08 0)
(5.46476e-08 -1.11906e-07 0)
(8.69889e-08 -1.79435e-07 0)
(1.34111e-07 -2.84604e-07 0)
(2.01607e-07 -4.43869e-07 0)
(2.96159e-07 -6.79321e-07 0)
(4.25389e-07 -1.01955e-06 0)
(5.9749e-07 -1.50023e-06 0)
(8.20576e-07 -2.16424e-06 0)
(1.10175e-06 -3.06101e-06 0)
(1.44592e-06 -4.2449e-06 0)
(1.85442e-06 -5.77244e-06 0)
(2.32362e-06 -7.69839e-06 0)
(2.84366e-06 -1.00706e-05 0)
(3.39758e-06 -1.29243e-05 0)
(3.96115e-06 -1.62753e-05 0)
(4.50344e-06 -2.01148e-05 0)
(4.98811e-06 -2.44039e-05 0)
(5.37557e-06 -2.90703e-05 0)
(5.62618e-06 -3.40072e-05 0)
(5.70386e-06 -3.90755e-05 0)
(5.57988e-06 -4.41087e-05 0)
(5.23644e-06 -4.89212e-05 0)
(4.66942e-06 -5.33189e-05 0)
(3.8901e-06 -5.7112e-05 0)
(2.92538e-06 -6.01278e-05 0)
(1.81643e-06 -6.22239e-05 0)
(6.15938e-07 -6.32984e-05 0)
(2.59024e-09 -1.75598e-08 0)
(8.36018e-09 -2.29015e-08 0)
(1.59729e-08 -3.4762e-08 0)
(2.69033e-08 -5.56339e-08 0)
(4.29864e-08 -8.95993e-08 0)
(6.65377e-08 -1.42721e-07 0)
(1.00438e-07 -2.23525e-07 0)
(1.48158e-07 -3.43524e-07 0)
(2.13698e-07 -5.17716e-07 0)
(3.01405e-07 -7.64947e-07 0)
(4.15649e-07 -1.10803e-06 0)
(5.60344e-07 -1.57346e-06 0)
(7.38323e-07 -2.19063e-06 0)
(9.50605e-07 -2.99043e-06 0)
(1.19563e-06 -4.00311e-06 0)
(1.46855e-06 -5.25558e-06 0)
(1.76075e-06 -6.76818e-06 0)
(2.05964e-06 -8.55118e-06 0)
(2.34896e-06 -1.06014e-05 0)
(2.60938e-06 -1.28994e-05 0)
(2.81972e-06 -1.54074e-05 0)
(2.95852e-06 -1.80686e-05 0)
(3.0061e-06 -2.08077e-05 0)
(2.94662e-06 -2.35344e-05 0)
(2.77004e-06 -2.61468e-05 0)
(2.47369e-06 -2.85384e-05 0)
(2.06325e-06 -3.06042e-05 0)
(1.55295e-06 -3.22486e-05 0)
(9.64836e-07 -3.33924e-05 0)
(3.27266e-07 -3.3979e-05 0)
(1.25118e-09 -8.51763e-09 0)
(4.04373e-09 -1.11471e-08 0)
(7.74496e-09 -1.69975e-08 0)
(1.30867e-08 -2.7325e-08 0)
(2.09861e-08 -4.4194e-08 0)
(3.26095e-08 -7.06848e-08 0)
(4.94193e-08 -1.11152e-07 0)
(7.31924e-08 -1.71512e-07 0)
(1.05995e-07 -2.59515e-07 0)
(1.50097e-07 -3.84966e-07 0)
(2.07811e-07 -5.59815e-07 0)
(2.81251e-07 -7.98044e-07 0)
(3.72005e-07 -1.11529e-06 0)
(4.80758e-07 -1.52812e-06 0)
(6.06873e-07 -2.05297e-06 0)
(7.48017e-07 -2.70465e-06 0)
(8.99864e-07 -3.49466e-06 0)
(1.05598e-06 -4.42927e-06 0)
(1.20794e-06 -5.50765e-06 0)
(1.34564e-06 -6.72027e-06 0)
(1.4579e-06 -8.04768e-06 0)
(1.53333e-06 -9.46004e-06 0)
(1.56135e-06 -1.09175e-05 0)
(1.53339e-06 -1.23716e-05 0)
(1.44389e-06 -1.37675e-05 0)
(1.29121e-06 -1.50476e-05 0)
(1.07819e-06 -1.61549e-05 0)
(8.12215e-07 -1.70372e-05 0)
(5.0491e-07 -1.76515e-05 0)
(1.71311e-07 -1.79667e-05 0)
(5.9741e-10 -4.0844e-09 0)
(1.93335e-09 -5.36313e-09 0)
(3.71176e-09 -8.21409e-09 0)
(6.29122e-09 -1.32619e-08 0)
(1.01242e-08 -2.15366e-08 0)
(1.57903e-08 -3.45825e-08 0)
(2.40216e-08 -5.45932e-08 0)
(3.5715e-08 -8.45653e-08 0)
(5.19218e-08 -1.28449e-07 0)
(7.38088e-08 -1.9127e-07 0)
(1.0258e-07 -2.79194e-07 0)
(1.39353e-07 -3.99486e-07 0)
(1.85e-07 -5.60333e-07 0)
(2.39945e-07 -7.7048e-07 0)
(3.03947e-07 -1.03869e-06 0)
(3.759e-07 -1.37297e-06 0)
(4.53669e-07 -1.77968e-06 0)
(5.34009e-07 -2.2625e-06 0)
(6.12623e-07 -2.82143e-06 0)
(6.84309e-07 -3.45187e-06 0)
(7.43259e-07 -4.14399e-06 0)
(7.83505e-07 -4.88236e-06 0)
(7.99479e-07 -5.64614e-06 0)
(7.86604e-07 -6.4098e-06 0)
(7.41874e-07 -7.14434e-06 0)
(6.64321e-07 -7.81901e-06 0)
(5.55323e-07 -8.40337e-06 0)
(4.18674e-07 -8.86953e-06 0)
(2.6041e-07 -9.1943e-06 0)
(8.8379e-08 -9.36102e-06 0)
(2.82025e-10 -1.93656e-09 0)
(9.13872e-10 -2.5511e-09 0)
(1.75856e-09 -3.92389e-09 0)
(2.98959e-09 -6.36158e-09 0)
(4.82737e-09 -1.03716e-08 0)
(7.55613e-09 -1.67176e-08 0)
(1.15375e-08 -2.64902e-08 0)
(1.72178e-08 -4.11865e-08 0)
(2.51244e-08 -6.27913e-08 0)
(3.5848e-08 -9.38449e-08 0)
(5.00048e-08 -1.37483e-07 0)
(6.8177e-08 -1.97423e-07 0)
(9.08309e-08 -2.77885e-07 0)
(1.18216e-07 -3.83412e-07 0)
(1.50252e-07 -5.18599e-07 0)
(1.86423e-07 -6.87699e-07 0)
(2.2569e-07 -8.94157e-07 0)
(2.66443e-07 -1.14007e-06 0)
(3.06518e-07 -1.42564e-06 0)
(3.43277e-07 -1.7487e-06 0)
(3.73747e-07 -2.10435e-06 0)
(3.94855e-07 -2.48473e-06 0)
(4.03708e-07 -2.87911e-06 0)
(3.97909e-07 -3.27425e-06 0)
(3.75857e-07 -3.65501e-06 0)
(3.37001e-07 -4.00529e-06 0)
(2.82001e-07 -4.30907e-06 0)
(2.12776e-07 -4.55165e-06 0)
(1.32414e-07 -4.72077e-06 0)
(4.49511e-08 -4.80763e-06 0)
(1.31663e-10 -9.08038e-10 0)
(4.27151e-10 -1.19994e-09 0)
(8.23819e-10 -1.85328e-09 0)
(1.40458e-09 -3.01668e-09 0)
(2.27546e-09 -4.93686e-09 0)
(3.57408e-09 -7.98681e-09 0)
(5.47677e-09 -1.27015e-08 0)
(8.20252e-09 -1.98191e-08 0)
(1.20123e-08 -3.03233e-08 0)
(1.72007e-08 -4.54803e-08 0)
(2.40784e-08 -6.6862e-08 0)
(3.29433e-08 -9.6344e-08 0)
(4.40398e-08 -1.36069e-07 0)
(5.75086e-08 -1.88361e-07 0)
(7.33298e-08 -2.5559e-07 0)
(9.12671e-08 -3.39977e-07 0)
(1.10821e-07 -4.43352e-07 0)
(1.31204e-07 -5.66874e-07 0)
(1.51342e-07 -7.10751e-07 0)
(1.69917e-07 -8.73982e-07 0)
(1.85428e-07 -1.05415e-06 0)
(1.96317e-07 -1.24732e-06 0)
(2.01103e-07 -1.44805e-06 0)
(1.98552e-07 -1.64956e-06 0)
(1.87825e-07 -1.84408e-06 0)
(1.68616e-07 -2.02329e-06 0)
(1.41239e-07 -2.17891e-06 0)
(1.06649e-07 -2.30329e-06 0)
(6.64027e-08 -2.39007e-06 0)
(2.25478e-08 -2.43466e-06 0)
(6.07899e-11 -4.2114e-10 0)
(1.9748e-10 -5.58228e-10 0)
(3.81674e-10 -8.656e-10 0)
(6.52563e-10 -1.41441e-09 0)
(1.06053e-09 -2.32321e-09 0)
(1.67137e-09 -3.77178e-09 0)
(2.56994e-09 -6.01923e-09 0)
(3.86236e-09 -9.4248e-09 0)
(5.6759e-09 -1.44697e-08 0)
(8.15548e-09 -2.17764e-08 0)
(1.14554e-08 -3.21223e-08 0)
(1.57256e-08 -4.64401e-08 0)
(2.10919e-08 -6.58019e-08 0)
(2.7631e-08 -9.13795e-08 0)
(3.53423e-08 -1.24377e-07 0)
(4.41196e-08 -1.65934e-07 0)
(5.37266e-08 -2.17004e-07 0)
(6.37821e-08 -2.78216e-07 0)
(7.37619e-08 -3.49721e-07 0)
(8.30144e-08 -4.31068e-07 0)
(9.07951e-08 -5.21084e-07 0)
(9.63232e-08 -6.1782e-07 0)
(9.88538e-08 -7.18556e-07 0)
(9.77592e-08 -8.19879e-07 0)
(9.2609e-08 -9.1785e-07 0)
(8.32376e-08 -1.00824e-06 0)
(6.97899e-08 -1.08682e-06 0)
(5.27363e-08 -1.14969e-06 0)
(3.28513e-08 -1.19358e-06 0)
(1.11577e-08 -1.21615e-06 0)
(2.7767e-11 -1.93223e-10 0)
(9.03128e-11 -2.56885e-10 0)
(1.74905e-10 -3.99863e-10 0)
(2.99863e-10 -6.55845e-10 0)
(4.88836e-10 -1.08103e-09 0)
(7.72874e-10 -1.76109e-09 0)
(1.19235e-09 -2.81993e-09 0)
(1.79798e-09 -4.43017e-09 0)
(2.65104e-09 -6.82407e-09 0)
(3.82186e-09 -1.03039e-08 0)
(5.38596e-09 -1.52486e-08 0)
(7.41762e-09 -2.2116e-08 0)
(9.98041e-09 -3.1435e-08 0)
(1.31151e-08 -4.37876e-08 0)
(1.68257e-08 -5.97762e-08 0)
(2.10651e-08 -7.99771e-08 0)
(2.57232e-08 -1.04879e-07 0)
(3.06181e-08 -1.34814e-07 0)
(3.54968e-08 -1.69881e-07 0)
(4.00422e-08 -2.09878e-07 0)
(4.38895e-08 -2.54247e-07 0)
(4.66533e-08 -3.02035e-07 0)
(4.79641e-08 -3.51901e-07 0)
(4.75078e-08 -4.02149e-07 0)
(4.50665e-08 -4.50813e-07 0)
(4.05527e-08 -4.95774e-07 0)
(3.40327e-08 -5.34906e-07 0)
(2.57346e-08 -5.66242e-07 0)
(1.60385e-08 -5.88132e-07 0)
(5.44867e-09 -5.99388e-07 0)
(1.25507e-11 -8.77263e-11 0)
(4.0859e-11 -1.16956e-10 0)
(7.92986e-11 -1.8273e-10 0)
(1.36308e-10 -3.00791e-10 0)
(2.22879e-10 -4.97497e-10 0)
(3.53489e-10 -8.13134e-10 0)
(5.47081e-10 -1.30627e-09 0)
(8.27608e-10 -2.05876e-09 0)
(1.22423e-09 -3.18146e-09 0)
(1.77057e-09 -4.81903e-09 0)
(2.5031e-09 -7.15403e-09 0)
(3.45808e-09 -1.0408e-08 0)
(4.66709e-09 -1.48383e-08 0)
(6.15125e-09 -2.07301e-08 0)
(7.91442e-09 -2.83806e-08 0)
(9.93622e-09 -3.80764e-08 0)
(1.21658e-08 -5.00641e-08 0)
(1.45176e-08 -6.45154e-08 0)
(1.68712e-08 -8.14896e-08 0)
(1.90742e-08 -1.00899e-07 0)
(2.09502e-08 -1.22481e-07 0)
(2.23117e-08 -1.45776e-07 0)
(2.29779e-08 -1.70132e-07 0)
(2.27939e-08 -1.94717e-07 0)
(2.1651e-08 -2.18565e-07 0)
(1.95041e-08 -2.40627e-07 0)
(1.63829e-08 -2.5985e-07 0)
(1.23967e-08 -2.75256e-07 0)
(7.72946e-09 -2.86025e-07 0)
(2.62648e-09 -2.91565e-07 0)
(5.61318e-12 -3.94061e-11 0)
(1.82979e-11 -5.26878e-11 0)
(3.55758e-11 -8.26272e-11 0)
(6.13058e-11 -1.36491e-10 0)
(1.00523e-10 -2.26475e-10 0)
(1.59927e-10 -3.71348e-10 0)
(2.48271e-10 -5.98416e-10 0)
(3.76779e-10 -9.46109e-10 0)
(5.59068e-10 -1.46655e-09 0)
(8.11068e-10 -2.22822e-09 0)
(1.15015e-09 -3.3179e-09 0)
(1.59372e-09 -4.84138e-09 0)
(2.15726e-09 -6.92236e-09 0)
(2.85149e-09 -9.69854e-09 0)
(3.67907e-09 -1.33144e-08 0)
(4.63133e-09 -1.79106e-08 0)
(5.68518e-09 -2.36095e-08 0)
(6.80082e-09 -3.04983e-08 0)
(7.9216e-09 -3.86107e-08 0)
(8.97531e-09 -4.79095e-08 0)
(9.87775e-09 -5.82721e-08 0)
(1.0539e-08 -6.94809e-08 0)
(1.08715e-08 -8.12222e-08 0)
(1.08002e-08 -9.30946e-08 0)
(1.02718e-08 -1.04628e-07 0)
(9.2631e-09 -1.15311e-07 0)
(7.78745e-09 -1.24629e-07 0)
(5.89649e-09 -1.32103e-07 0)
(3.67815e-09 -1.3733e-07 0)
(1.2501e-09 -1.4002e-07 0)
(2.48353e-12 -1.75233e-11 0)
(8.11048e-12 -2.34876e-11 0)
(1.57892e-11 -3.69527e-11 0)
(2.72867e-11 -6.12615e-11 0)
(4.48653e-11 -1.01991e-10 0)
(7.15942e-11 -1.67753e-10 0)
(1.11461e-10 -2.71167e-10 0)
(1.69685e-10 -4.30002e-10 0)
(2.52514e-10 -6.6855e-10 0)
(3.67444e-10 -1.01879e-09 0)
(5.22593e-10 -1.52145e-09 0)
(7.26265e-10 -2.22644e-09 0)
(9.8587e-10 -3.19241e-09 0)
(1.30675e-09 -4.48498e-09 0)
(1.69055e-09 -6.17349e-09 0)
(2.13363e-09 -8.32593e-09 0)
(2.62565e-09 -1.10021e-08 0)
(3.14832e-09 -1.42456e-08 0)
(3.67533e-09 -1.80746e-08 0)
(4.17289e-09 -2.24739e-08 0)
(4.60131e-09 -2.73871e-08 0)
(4.91797e-09 -3.27122e-08 0)
(5.08124e-09 -3.83004e-08 0)
(5.05506e-09 -4.39603e-08 0)
(4.81358e-09 -4.94662e-08 0)
(4.34538e-09 -5.45726e-08 0)
(3.65618e-09 -5.9031e-08 0)
(2.77011e-09 -6.26101e-08 0)
(1.72869e-09 -6.51147e-08 0)
(5.87659e-10 -6.64041e-08 0)
(1.09115e-12 -7.70678e-12 0)
(3.54998e-12 -1.03558e-11 0)
(6.94306e-12 -1.63685e-11 0)
(1.20133e-11 -2.72256e-11 0)
(1.9819e-11 -4.54615e-11 0)
(3.17074e-11 -7.49896e-11 0)
(4.95214e-11 -1.21569e-10 0)
(7.55916e-11 -1.9335e-10 0)
(1.1285e-10 -3.01472e-10 0)
(1.64658e-10 -4.60715e-10 0)
(2.34876e-10 -6.89971e-10 0)
(3.27308e-10 -1.01247e-09 0)
(4.45537e-10 -1.45569e-09 0)
(5.92132e-10 -2.05051e-09 0)
(7.68027e-10 -2.82974e-09 0)
(9.71767e-10 -3.8258e-09 0)
(1.19872e-09 -5.06751e-09 0)
(1.44062e-09 -6.57623e-09 0)
(1.68538e-09 -8.36163e-09 0)
(1.9174e-09 -1.04175e-08 0)
(2.11817e-09 -1.27184e-08 0)
(2.26781e-09 -1.5217e-08 0)
(2.3467e-09 -1.78436e-08 0)
(2.33777e-09 -2.0508e-08 0)
(2.22875e-09 -2.31036e-08 0)
(2.01395e-09 -2.55137e-08 0)
(1.6959e-09 -2.762e-08 0)
(1.28567e-09 -2.93122e-08 0)
(8.02654e-10 -3.0497e-08 0)
(2.72913e-10 -3.11072e-08 0)
(4.73925e-13 -3.34419e-12 0)
(1.54391e-12 -4.52891e-12 0)
(3.02297e-12 -7.17254e-12 0)
(5.23871e-12 -1.19615e-11 0)
(8.66269e-12 -2.00416e-11 0)
(1.38984e-11 -3.31626e-11 0)
(2.1769e-11 -5.39253e-11 0)
(3.33276e-11 -8.6007e-11 0)
(4.98864e-11 -1.34484e-10 0)
(7.30026e-11 -2.06092e-10 0)
(1.04425e-10 -3.09491e-10 0)
(1.45907e-10 -4.55376e-10 0)
(1.99157e-10 -6.56443e-10 0)
(2.65374e-10 -9.2704e-10 0)
(3.45052e-10 -1.28252e-09 0)
(4.37643e-10 -1.7381e-09 0)
(5.41106e-10 -2.30749e-09 0)
(6.51739e-10 -3.00101e-09 0)
(7.64038e-10 -3.8236e-09 0)
(8.70911e-10 -4.77289e-09 0)
(9.63844e-10 -5.83743e-09 0)
(1.03361e-09 -6.99558e-09 0)
(1.07116e-09 -8.21515e-09 0)
(1.06849e-09 -9.45415e-09 0)
(1.01981e-09 -1.06627e-08 0)
(9.22432e-10 -1.17862e-08 0)
(7.7734e-10 -1.2769e-08 0)
(5.89655e-10 -1.35592e-08 0)
(3.68284e-10 -1.41127e-08 0)
(1.25243e-10 -1.43978e-08 0)
(2.02103e-13 -1.43874e-12 0)
(6.69307e-13 -1.94475e-12 0)
(1.30686e-12 -3.10865e-12 0)
(2.26042e-12 -5.20964e-12 0)
(3.75578e-12 -8.75543e-12 0)
(6.02427e-12 -1.45205e-11 0)
(9.4748e-12 -2.36734e-11 0)
(1.45487e-11 -3.78653e-11 0)
(2.18217e-11 -5.93614e-11 0)
(3.20339e-11 -9.1216e-11 0)
(4.59393e-11 -1.37341e-10 0)
(6.43528e-11 -2.02609e-10 0)
(8.80637e-11 -2.92809e-10 0)
(1.17639e-10 -4.14543e-10 0)
(1.53333e-10 -5.74853e-10 0)
(1.94937e-10 -7.80876e-10 0)
(2.41559e-10 -1.03898e-09 0)
(2.9156e-10 -1.35409e-09 0)
(3.42498e-10 -1.72868e-09 0)
(3.91134e-10 -2.16186e-09 0)
(4.33615e-10 -2.64858e-09 0)
(4.65736e-10 -3.17905e-09 0)
(4.83347e-10 -3.73857e-09 0)
(4.82769e-10 -4.30783e-09 0)
(4.61263e-10 -4.86383e-09 0)
(4.17618e-10 -5.38123e-09 0)
(3.5218e-10 -5.83428e-09 0)
(2.67319e-10 -6.19875e-09 0)
(1.67007e-10 -6.45423e-09 0)
(5.68086e-11 -6.58586e-09 0)
(8.50074e-14 -6.095e-13 0)
(2.79382e-13 -8.31258e-13 0)
(5.56412e-13 -1.33458e-12 0)
(9.63977e-13 -2.23707e-12 0)
(1.60321e-12 -3.77493e-12 0)
(2.59189e-12 -6.29055e-12 0)
(4.07431e-12 -1.02876e-11 0)
(6.28954e-12 -1.64908e-11 0)
(9.44523e-12 -2.5937e-11 0)
(1.39073e-11 -3.99542e-11 0)
(1.99967e-11 -6.03069e-11 0)
(2.80874e-11 -8.91956e-11 0)
(3.85292e-11 -1.29223e-10 0)
(5.16008e-11 -1.83365e-10 0)
(6.74084e-11 -2.54898e-10 0)
(8.58948e-11 -3.47001e-10 0)
(1.0667e-10 -4.6268e-10 0)
(1.29019e-10 -6.0424e-10 0)
(1.5183e-10 -7.72868e-10 0)
(1.73722e-10 -9.68272e-10 0)
(1.92908e-10 -1.18825e-09 0)
(2.07517e-10 -1.42839e-09 0)
(2.15677e-10 -1.6821e-09 0)
(2.15656e-10 -1.94057e-09 0)
(2.0629e-10 -2.19334e-09 0)
(1.86921e-10 -2.42882e-09 0)
(1.57762e-10 -2.63519e-09 0)
(1.19794e-10 -2.80132e-09 0)
(7.48845e-11 -2.91783e-09 0)
(2.54661e-11 -2.97789e-09 0)
(3.72956e-14 -2.55358e-13 0)
(1.18103e-13 -3.48429e-13 0)
(2.26127e-13 -5.64476e-13 0)
(4.06053e-13 -9.51882e-13 0)
(6.79051e-13 -1.62253e-12 0)
(1.10039e-12 -2.70075e-12 0)
(1.73324e-12 -4.42005e-12 0)
(2.68429e-12 -7.11878e-12 0)
(4.05986e-12 -1.12089e-11 0)
(5.95926e-12 -1.7315e-11 0)
(8.62657e-12 -2.62048e-11 0)
(1.21327e-11 -3.88561e-11 0)
(1.66867e-11 -5.64298e-11 0)
(2.24021e-11 -8.02685e-11 0)
(2.93215e-11 -1.11805e-10 0)
(3.74347e-11 -1.52549e-10 0)
(4.66012e-11 -2.0383e-10 0)
(5.64775e-11 -2.66709e-10 0)
(6.659e-11 -3.41775e-10 0)
(7.63274e-11 -4.28929e-10 0)
(8.48834e-11 -5.27217e-10 0)
(9.14513e-11 -6.34703e-10 0)
(9.51628e-11 -7.48412e-10 0)
(9.52876e-11 -8.64443e-10 0)
(9.12277e-11 -9.78035e-10 0)
(8.27455e-11 -1.08396e-09 0)
(6.98828e-11 -1.17687e-09 0)
(5.30888e-11 -1.25172e-09 0)
(3.32184e-11 -1.30424e-09 0)
(1.12947e-11 -1.33131e-09 0)
(1.56239e-14 -1.0248e-13 0)
(4.95596e-14 -1.32048e-13 0)
(9.39114e-14 -2.34862e-13 0)
(1.63799e-13 -4.00845e-13 0)
(2.88118e-13 -6.86107e-13 0)
(4.60821e-13 -1.14138e-12 0)
(7.26931e-13 -1.88024e-12 0)
(1.13618e-12 -3.04044e-12 0)
(1.71644e-12 -4.79805e-12 0)
(2.53729e-12 -7.4363e-12 0)
(3.67884e-12 -1.12781e-11 0)
(5.18226e-12 -1.67495e-11 0)
(7.14667e-12 -2.43834e-11 0)
(9.61138e-12 -3.47502e-11 0)
(1.26406e-11 -4.85292e-11 0)
(1.61479e-11 -6.63619e-11 0)
(2.01609e-11 -8.88479e-11 0)
(2.44571e-11 -1.16474e-10 0)
(2.88923e-11 -1.49519e-10 0)
(3.31851e-11 -1.87965e-10 0)
(3.69571e-11 -2.31399e-10 0)
(3.98549e-11 -2.78961e-10 0)
(4.15525e-11 -3.29374e-10 0)
(4.16343e-11 -3.8087e-10 0)
(3.99113e-11 -4.31323e-10 0)
(3.62264e-11 -4.78438e-10 0)
(3.06193e-11 -5.19803e-10 0)
(2.32668e-11 -5.53139e-10 0)
(1.45595e-11 -5.76532e-10 0)
(4.9521e-12 -5.886e-10 0)
(7.05583e-15 -4.13275e-14 0)
(1.07524e-14 -6.31672e-14 0)
(5.51031e-14 -9.00478e-14 0)
(6.38397e-14 -1.67663e-13 0)
(1.22975e-13 -2.8795e-13 0)
(1.89839e-13 -4.78125e-13 0)
(3.0307e-13 -7.92955e-13 0)
(4.75941e-13 -1.28721e-12 0)
(7.22059e-13 -2.02674e-12 0)
(1.06511e-12 -3.15199e-12 0)
(1.55903e-12 -4.79536e-12 0)
(2.19289e-12 -7.14701e-12 0)
(3.03154e-12 -1.04223e-11 0)
(4.08825e-12 -1.49267e-11 0)
(5.37344e-12 -2.0852e-11 0)
(6.90206e-12 -2.85615e-11 0)
(8.61969e-12 -3.83205e-11 0)
(1.04915e-11 -5.03257e-11 0)
(1.24032e-11 -6.47279e-11 0)
(1.42695e-11 -8.14969e-11 0)
(1.59238e-11 -1.00472e-10 0)
(1.71925e-11 -1.21309e-10 0)
(1.79453e-11 -1.43392e-10 0)
(1.80086e-11 -1.65991e-10 0)
(1.72651e-11 -1.88185e-10 0)
(1.5703e-11 -2.089e-10 0)
(1.32724e-11 -2.27099e-10 0)
(1.00855e-11 -2.41786e-10 0)
(6.31793e-12 -2.52097e-10 0)
(2.14753e-12 -2.57412e-10 0)
(5.87978e-15 -1.31039e-14 0)
(2.52012e-15 -1.91519e-14 0)
(1.22639e-14 -3.83033e-14 0)
(2.36877e-14 -5.37602e-14 0)
(3.66239e-14 -1.12895e-13 0)
(6.9552e-14 -1.95215e-13 0)
(1.25327e-13 -3.2995e-13 0)
(2.01262e-13 -5.39948e-13 0)
(2.89462e-13 -8.4873e-13 0)
(4.45869e-13 -1.33492e-12 0)
(6.47972e-13 -2.01767e-12 0)
(9.21474e-13 -3.0176e-12 0)
(1.27562e-12 -4.41333e-12 0)
(1.73056e-12 -6.30769e-12 0)
(2.25942e-12 -8.85959e-12 0)
(2.91276e-12 -1.21739e-11 0)
(3.65918e-12 -1.6354e-11 0)
(4.44811e-12 -2.15237e-11 0)
(5.27819e-12 -2.77249e-11 0)
(6.0745e-12 -3.49669e-11 0)
(6.78648e-12 -4.317e-11 0)
(7.33987e-12 -5.21966e-11 0)
(7.671e-12 -6.17782e-11 0)
(7.71316e-12 -7.15914e-11 0)
(7.39313e-12 -8.12251e-11 0)
(6.72802e-12 -9.02359e-11 0)
(5.68592e-12 -9.81584e-11 0)
(4.33387e-12 -1.04555e-10 0)
(2.71335e-12 -1.09049e-10 0)
(9.20634e-13 -1.11367e-10 0)
(2.01599e-15 -6.04795e-15 0)
(7.89557e-15 -8.73584e-15 0)
(-1.25994e-14 -1.10883e-14 0)
(9.07178e-15 -3.05753e-14 0)
(1.46159e-14 -4.46878e-14 0)
(3.17515e-14 -8.76951e-14 0)
(4.88876e-14 -1.38431e-13 0)
(8.21516e-14 -2.11343e-13 0)
(1.15583e-13 -3.53469e-13 0)
(1.84631e-13 -5.47676e-13 0)
(2.6527e-13 -8.40666e-13 0)
(3.79174e-13 -1.25966e-12 0)
(5.2718e-13 -1.85068e-12 0)
(7.13828e-13 -2.6611e-12 0)
(9.58097e-13 -3.73663e-12 0)
(1.21077e-12 -5.13304e-12 0)
(1.53904e-12 -6.90979e-12 0)
(1.87503e-12 -9.10789e-12 0)
(2.21843e-12 -1.17603e-11 0)
(2.55795e-12 -1.48491e-11 0)
(2.8706e-12 -1.83599e-11 0)
(3.10126e-12 -2.22276e-11 0)
(3.25313e-12 -2.63311e-11 0)
(3.25683e-12 -3.05503e-11 0)
(3.13217e-12 -3.47059e-11 0)
(2.8459e-12 -3.85816e-11 0)
(2.42103e-12 -4.2e-11 0)
(1.83539e-12 -4.47519e-11 0)
(1.15986e-12 -4.66805e-11 0)
(3.88917e-13 -4.76881e-11 0)
(2.51992e-15 -3.6959e-15 0)
(-4.87194e-15 1.34383e-15 0)
(-8.56783e-15 -2.35187e-15 0)
(2.18374e-15 -7.05605e-15 0)
(-1.51162e-15 -1.14241e-14 0)
(1.78076e-14 -2.7216e-14 0)
(8.06419e-15 -5.10717e-14 0)
(3.83036e-14 -8.63514e-14 0)
(4.33439e-14 -1.46831e-13 0)
(7.19035e-14 -2.25454e-13 0)
(1.06511e-13 -3.41374e-13 0)
(1.59767e-13 -5.13741e-13 0)
(2.12015e-13 -7.57003e-13 0)
(3.12141e-13 -1.09636e-12 0)
(3.8119e-13 -1.54324e-12 0)
(5.04668e-13 -2.13594e-12 0)
(6.31844e-13 -2.88723e-12 0)
(7.78843e-13 -3.81626e-12 0)
(9.28529e-13 -4.92774e-12 0)
(1.06898e-12 -6.23948e-12 0)
(1.19968e-12 -7.72694e-12 0)
(1.29275e-12 -9.36157e-12 0)
(1.36348e-12 -1.11061e-11 0)
(1.37087e-12 -1.28996e-11 0)
(1.31258e-12 -1.46579e-11 0)
(1.20472e-12 -1.63164e-11 0)
(1.02345e-12 -1.77669e-11 0)
(7.56667e-13 -1.89415e-11 0)
(4.90724e-13 -1.97664e-11 0)
(1.64471e-13 -2.01948e-11 0)
(6.71917e-16 -3.35993e-15 0)
(-1.09198e-14 2.68807e-15 0)
(-2.68812e-15 2.01581e-15 0)
(-3.6959e-15 1.00791e-15 0)
(1.84786e-15 -1.54554e-14 0)
(-1.51185e-15 -1.44477e-14 0)
(-1.67885e-16 -1.24322e-14 0)
(1.84798e-14 -3.86397e-14 0)
(2.85596e-14 -4.87199e-14 0)
(2.31838e-14 -8.63516e-14 0)
(3.91439e-14 -1.45823e-13 0)
(6.41755e-14 -2.11679e-13 0)
(8.68553e-14 -3.26253e-13 0)
(1.12392e-13 -4.49565e-13 0)
(1.61447e-13 -6.3302e-13 0)
(2.10503e-13 -8.78634e-13 0)
(2.65774e-13 -1.19414e-12 0)
(3.19198e-13 -1.58356e-12 0)
(3.81525e-13 -2.0469e-12 0)
(4.39149e-13 -2.59793e-12 0)
(4.99124e-13 -3.21617e-12 0)
(5.35076e-13 -3.90228e-12 0)
(5.71196e-13 -4.64584e-12 0)
(5.63804e-13 -5.38504e-12 0)
(5.42468e-13 -6.13935e-12 0)
(5.045e-13 -6.83016e-12 0)
(4.17478e-13 -7.43899e-12 0)
(3.20206e-13 -7.93559e-12 0)
(2.02103e-13 -8.28671e-12 0)
(6.55198e-14 -8.46748e-12 0)
(-3.02387e-15 5.03987e-15 0)
(-5.37598e-15 3.69568e-15 0)
(-3.19191e-15 -5.71166e-15 0)
(-5.20788e-15 3.35987e-16 0)
(-8.39999e-16 6.71949e-15 0)
(-1.68012e-15 2.35182e-15 0)
(-3.52797e-15 -1.24316e-14 0)
(3.36005e-15 -1.61278e-14 0)
(8.5679e-15 -2.92316e-14 0)
(1.00799e-14 -2.48638e-14 0)
(2.18396e-14 -4.5024e-14 0)
(2.73837e-14 -8.50072e-14 0)
(3.25919e-14 -1.14912e-13 0)
(4.19999e-14 -1.83454e-13 0)
(6.06477e-14 -2.63758e-13 0)
(8.33275e-14 -3.54478e-13 0)
(1.08191e-13 -4.74429e-13 0)
(1.33223e-13 -6.39404e-13 0)
(1.58255e-13 -8.37642e-13 0)
(1.82951e-13 -1.05806e-12 0)
(2.05631e-13 -1.31678e-12 0)
(2.20918e-13 -1.60338e-12 0)
(2.31503e-13 -1.89268e-12 0)
(2.38894e-13 -2.21456e-12 0)
(2.22095e-13 -2.50923e-12 0)
(2.06303e-13 -2.81196e-12 0)
(1.8211e-13 -3.05254e-12 0)
(1.30703e-13 -3.26892e-12 0)
(8.58476e-14 -3.39996e-12 0)
(3.67914e-14 -3.48866e-12 0)
(1.6793e-16 -3.35995e-16 0)
(-8.39916e-16 -6.0478e-15 0)
(-2.52009e-15 3.02395e-15 0)
(-2.01606e-15 1.0079e-15 0)
(-3.69601e-15 -8.06349e-15 0)
(-8.90371e-15 1.04157e-14 0)
(-5.04063e-16 1.31034e-14 0)
(-2.71231e-20 -5.37579e-15 0)
(1.51197e-15 8.06354e-15 0)
(2.68815e-15 -1.4448e-14 0)
(7.05592e-15 -2.41917e-14 0)
(4.87203e-15 -2.6544e-14 0)
(1.25999e-14 -5.30874e-14 0)
(2.58716e-14 -6.58559e-14 0)
(2.21759e-14 -1.01135e-13 0)
(3.56156e-14 -1.39439e-13 0)
(4.25038e-14 -1.93534e-13 0)
(5.54396e-14 -2.46958e-13 0)
(6.90475e-14 -3.20542e-13 0)
(7.69434e-14 -4.0555e-13 0)
(8.50075e-14 -5.04669e-13 0)
(9.45834e-14 -6.11852e-13 0)
(1.02479e-13 -7.48266e-13 0)
(1.02479e-13 -8.60154e-13 0)
(9.42473e-14 -9.86153e-13 0)
(9.30713e-14 -1.08695e-12 0)
(7.02238e-14 -1.18742e-12 0)
(5.74557e-14 -1.261e-12 0)
(3.81356e-14 -1.33559e-12 0)
(7.39216e-15 -1.34869e-12 0)
(1.34389e-15 3.35991e-15 0)
(-3.3598e-15 -1.07515e-14 0)
(-3.86399e-15 -1.00805e-15 0)
(-6.38359e-15 2.35191e-15 0)
(-2.18407e-15 -1.34405e-15 0)
(-3.86388e-15 -1.67991e-15 0)
(-3.52782e-15 -1.04153e-14 0)
(-2.35186e-15 6.71798e-16 0)
(-8.39914e-16 -1.51194e-14 0)
(8.23163e-15 6.71984e-16 0)
(1.68087e-16 -4.0317e-15 0)
(5.37584e-15 -4.36809e-15 0)
(1.51208e-15 -1.10877e-14 0)
(4.70412e-15 -1.74717e-14 0)
(1.73034e-14 -2.7888e-14 0)
(9.74395e-15 -3.83037e-14 0)
(2.03278e-14 -3.02405e-14 0)
(3.71274e-14 -6.55196e-14 0)
(3.07438e-14 -8.80313e-14 0)
(4.11598e-14 -1.07183e-13 0)
(4.87195e-14 -1.32047e-13 0)
(4.92237e-14 -1.60943e-13 0)
(5.62798e-14 -1.87487e-13 0)
(4.95596e-14 -2.18399e-13 0)
(4.68718e-14 -2.48639e-13 0)
(5.10711e-14 -2.88286e-13 0)
(3.96477e-14 -3.12814e-13 0)
(2.99038e-14 -3.33646e-13 0)
(1.59602e-14 -3.3499e-13 0)
(3.69596e-15 -3.54141e-13 0)
)
;

boundaryField
{
    outerWall
    {
        type            noSlip;
    }
    axis
    {
        type            symmetryPlane;
    }
    nozzle
    {
        type            zeroGradient;
    }
    back
    {
        type            empty;
    }
    front
    {
        type            empty;
    }
}


// ************************************************************************* //
