/*--------------------------------*- C++ -*----------------------------------*\
| =========                 |                                                 |
| \\      /  F ield         | OpenFOAM: The Open Source CFD Toolbox           |
|  \\    /   O peration     | Version:  2412                                  |
|   \\  /    A nd           | Website:  www.openfoam.com                      |
|    \\/     M anipulation  |                                                 |
\*---------------------------------------------------------------------------*/
FoamFile
{
    version     2.0;
    format      ascii;
    arch        "LSB;label=32;scalar=64";
    class       volScalarField;
    location    "6.5e-05";
    object      p;
}
// * * * * * * * * * * * * * * * * * * * * * * * * * * * * * * * * * * * * * //

dimensions      [1 -1 -2 0 0 0 0];

internalField   nonuniform List<scalar> 
3725
(
1e+07
1e+07
1e+07
1e+07
1e+07
9.99999e+06
9.99998e+06
9.99994e+06
9.99987e+06
9.9997e+06
9.99935e+06
9.99863e+06
9.99722e+06
9.99456e+06
9.98975e+06
9.98144e+06
9.96779e+06
9.94648e+06
9.91496e+06
9.8709e+06
9.8128e+06
9.74065e+06
9.65633e+06
9.56351e+06
9.46752e+06
9.37461e+06
9.29121e+06
9.22313e+06
9.17505e+06
9.1502e+06
1e+07
1e+07
1e+07
1e+07
1e+07
9.99999e+06
9.99997e+06
9.99993e+06
9.99983e+06
9.99963e+06
9.99919e+06
9.9983e+06
9.99656e+06
9.9933e+06
9.98746e+06
9.97749e+06
9.96125e+06
9.93619e+06
9.89958e+06
9.84907e+06
9.78342e+06
9.70312e+06
9.61067e+06
9.51042e+06
9.40822e+06
9.31061e+06
9.224e+06
9.15399e+06
9.10489e+06
9.07962e+06
1e+07
1e+07
1e+07
1e+07
9.99999e+06
9.99998e+06
9.99996e+06
9.99989e+06
9.99976e+06
9.99946e+06
9.99883e+06
9.99758e+06
9.99515e+06
9.99064e+06
9.98267e+06
9.96923e+06
9.94769e+06
9.91501e+06
9.86816e+06
9.80489e+06
9.72453e+06
9.62865e+06
9.52103e+06
9.40729e+06
9.29424e+06
9.18881e+06
9.09723e+06
9.0245e+06
8.97417e+06
8.94848e+06
1e+07
1e+07
1e+07
1e+07
9.99999e+06
9.99997e+06
9.99993e+06
9.99984e+06
9.99963e+06
9.99918e+06
9.99825e+06
9.99639e+06
9.99283e+06
9.98631e+06
9.97493e+06
9.95601e+06
9.92622e+06
9.88186e+06
9.81963e+06
9.73764e+06
9.63632e+06
9.51896e+06
9.39131e+06
9.26074e+06
9.13513e+06
9.02165e+06
8.92589e+06
8.85167e+06
8.80126e+06
8.77582e+06
1e+07
1e+07
1e+07
9.99999e+06
9.99998e+06
9.99996e+06
9.99989e+06
9.99975e+06
9.99943e+06
9.99876e+06
9.99736e+06
9.99461e+06
9.98938e+06
9.97993e+06
9.96365e+06
9.93699e+06
9.89572e+06
9.8355e+06
9.75296e+06
9.64703e+06
9.52001e+06
9.37771e+06
9.22836e+06
9.08132e+06
8.94534e+06
8.82718e+06
8.73102e+06
8.65877e+06
8.61085e+06
8.58703e+06
1e+07
1e+07
1e+07
9.99999e+06
9.99997e+06
9.99993e+06
9.99984e+06
9.99962e+06
9.99915e+06
9.99814e+06
9.99609e+06
9.99207e+06
9.98454e+06
9.97106e+06
9.94814e+06
9.91122e+06
9.85509e+06
9.77489e+06
9.66763e+06
9.53387e+06
9.3787e+06
9.21118e+06
9.0424e+06
8.88349e+06
8.74331e+06
8.62717e+06
8.53684e+06
8.47161e+06
8.42966e+06
8.40922e+06
1e+07
1e+07
9.99999e+06
9.99998e+06
9.99996e+06
9.9999e+06
9.99976e+06
9.99944e+06
9.99875e+06
9.99729e+06
9.99434e+06
9.98861e+06
9.97799e+06
9.95922e+06
9.92776e+06
9.87789e+06
9.80351e+06
9.69959e+06
9.56426e+06
9.40071e+06
9.21785e+06
9.02854e+06
8.84665e+06
8.68427e+06
8.54908e+06
8.44363e+06
8.36634e+06
8.31345e+06
8.28089e+06
8.26547e+06
1e+07
1e+07
9.99999e+06
9.99998e+06
9.99994e+06
9.99985e+06
9.99965e+06
9.9992e+06
9.99821e+06
9.99615e+06
9.99201e+06
9.98406e+06
9.96947e+06
9.94402e+06
9.90197e+06
9.83646e+06
9.7407e+06
9.6101e+06
9.44488e+06
9.25206e+06
9.04522e+06
8.84112e+06
8.65575e+06
8.50069e+06
8.38083e+06
8.29464e+06
8.23663e+06
8.2001e+06
8.17919e+06
8.16976e+06
1e+07
9.99999e+06
9.99999e+06
9.99997e+06
9.99992e+06
9.99979e+06
9.99951e+06
9.99887e+06
9.9975e+06
9.99466e+06
9.98901e+06
9.97825e+06
9.95874e+06
9.92515e+06
9.87049e+06
9.78684e+06
9.66715e+06
9.50808e+06
9.3131e+06
9.09422e+06
8.87011e+06
8.66096e+06
8.48348e+06
8.34691e+06
8.25153e+06
8.1909e+06
8.15565e+06
8.13691e+06
8.12796e+06
8.12449e+06
1e+07
9.99999e+06
9.99998e+06
9.99995e+06
9.99988e+06
9.99971e+06
9.99932e+06
9.99846e+06
9.99661e+06
9.99279e+06
9.98527e+06
9.9711e+06
9.94569e+06
9.90253e+06
9.83337e+06
9.7295e+06
9.58419e+06
9.39632e+06
9.17381e+06
8.93451e+06
8.70205e+06
8.49892e+06
8.34059e+06
8.23178e+06
8.16682e+06
8.13409e+06
8.12131e+06
8.11875e+06
8.12001e+06
8.12143e+06
1e+07
9.99999e+06
9.99997e+06
9.99994e+06
9.99984e+06
9.99961e+06
9.9991e+06
9.99795e+06
9.99551e+06
9.99052e+06
9.98077e+06
9.96257e+06
9.93033e+06
9.87629e+06
9.79109e+06
9.66554e+06
9.49396e+06
9.2785e+06
9.03261e+06
8.78037e+06
8.54955e+06
8.36317e+06
8.23315e+06
8.15772e+06
8.12455e+06
8.11768e+06
8.1235e+06
8.13301e+06
8.14123e+06
8.14577e+06
9.99999e+06
9.99999e+06
9.99997e+06
9.99992e+06
9.99979e+06
9.99949e+06
9.99882e+06
9.99733e+06
9.9942e+06
9.98784e+06
9.97551e+06
9.95274e+06
9.91284e+06
9.84686e+06
9.74449e+06
9.59655e+06
9.39919e+06
9.15882e+06
8.8952e+06
8.63837e+06
8.41887e+06
8.25803e+06
8.16191e+06
8.12094e+06
8.11645e+06
8.12979e+06
8.14804e+06
8.16438e+06
8.17594e+06
8.18174e+06
9.99999e+06
9.99998e+06
9.99996e+06
9.99989e+06
9.99973e+06
9.99935e+06
9.9985e+06
9.99663e+06
9.9927e+06
9.98479e+06
9.96958e+06
9.94176e+06
9.89357e+06
9.81492e+06
9.69482e+06
9.52461e+06
9.30302e+06
9.04156e+06
8.76666e+06
8.51343e+06
8.31334e+06
8.18375e+06
8.12298e+06
8.11329e+06
8.13103e+06
8.15719e+06
8.18143e+06
8.19984e+06
8.21172e+06
8.21727e+06
9.99999e+06
9.99998e+06
9.99995e+06
9.99986e+06
9.99966e+06
9.99919e+06
9.99813e+06
9.99583e+06
9.99103e+06
9.98143e+06
9.96312e+06
9.92993e+06
9.87304e+06
9.7814e+06
9.6436e+06
9.45202e+06
9.20865e+06
8.93065e+06
8.65092e+06
8.40832e+06
8.23329e+06
8.13714e+06
8.1094e+06
8.12483e+06
8.15699e+06
8.18895e+06
8.21399e+06
8.23113e+06
8.24141e+06
8.2457e+06
9.99999e+06
9.99997e+06
9.99993e+06
9.99983e+06
9.99959e+06
9.99902e+06
9.99774e+06
9.99498e+06
9.98925e+06
9.97787e+06
9.95632e+06
9.91761e+06
9.85193e+06
9.74739e+06
9.59253e+06
9.38119e+06
9.11908e+06
8.82927e+06
8.55044e+06
8.32369e+06
8.17654e+06
8.11281e+06
8.11311e+06
8.14625e+06
8.18564e+06
8.21805e+06
8.24071e+06
8.25482e+06
8.26261e+06
8.26491e+06
9.99998e+06
9.99997e+06
9.99992e+06
9.9998e+06
9.99951e+06
9.99884e+06
9.99734e+06
9.9941e+06
9.98742e+06
9.97423e+06
9.94944e+06
9.90525e+06
9.83098e+06
9.71411e+06
9.54337e+06
9.3144e+06
9.0369e+06
8.73969e+06
8.46624e+06
8.25839e+06
8.13928e+06
8.10454e+06
8.12661e+06
8.17049e+06
8.21164e+06
8.24135e+06
8.26022e+06
8.27061e+06
8.2754e+06
8.27488e+06
9.99998e+06
9.99996e+06
9.99991e+06
9.99977e+06
9.99943e+06
9.99866e+06
9.99693e+06
9.99323e+06
9.98562e+06
9.97068e+06
9.94277e+06
9.89336e+06
9.81104e+06
9.68281e+06
9.49782e+06
9.2537e+06
8.96414e+06
8.66322e+06
8.39808e+06
8.21005e+06
8.117e+06
8.10647e+06
8.14403e+06
8.19312e+06
8.23261e+06
8.25829e+06
8.27301e+06
8.27927e+06
8.28029e+06
8.27538e+06
9.99998e+06
9.99996e+06
9.99989e+06
9.99974e+06
9.99936e+06
9.99849e+06
9.99655e+06
9.99241e+06
9.98394e+06
9.96738e+06
9.9366e+06
9.88246e+06
9.79292e+06
9.65467e+06
9.45742e+06
9.20081e+06
8.90225e+06
8.60036e+06
8.34488e+06
8.17573e+06
8.10528e+06
8.11371e+06
8.16139e+06
8.21192e+06
8.24813e+06
8.26952e+06
8.28005e+06
8.28162e+06
8.27758e+06
8.26981e+06
9.99998e+06
9.99995e+06
9.99988e+06
9.99971e+06
9.99929e+06
9.99834e+06
9.99621e+06
9.99169e+06
9.98246e+06
9.96449e+06
9.93124e+06
9.87305e+06
9.77738e+06
9.63077e+06
9.42352e+06
9.15709e+06
8.85214e+06
8.551e+06
8.30506e+06
8.15241e+06
8.10028e+06
8.12267e+06
8.17639e+06
8.22621e+06
8.25874e+06
8.27601e+06
8.28206e+06
8.27722e+06
8.25825e+06
8.22629e+06
9.99998e+06
9.99995e+06
9.99987e+06
9.99969e+06
9.99924e+06
9.99821e+06
9.99594e+06
9.9911e+06
9.98127e+06
9.96217e+06
9.92695e+06
9.86556e+06
9.7651e+06
9.61203e+06
9.39716e+06
9.12352e+06
8.81435e+06
8.5147e+06
8.27696e+06
8.1374e+06
8.09897e+06
8.13094e+06
8.18789e+06
8.23613e+06
8.26529e+06
8.2789e+06
8.28128e+06
8.27465e+06
8.26673e+06
8.25558e+06
9.99997e+06
9.99995e+06
9.99987e+06
9.99967e+06
9.99921e+06
9.99813e+06
9.99576e+06
9.99074e+06
9.98052e+06
9.96072e+06
9.92427e+06
9.86089e+06
9.75747e+06
9.60043e+06
9.38098e+06
9.10309e+06
8.79163e+06
8.49329e+06
8.26091e+06
8.12947e+06
8.09917e+06
8.13645e+06
8.19479e+06
8.24163e+06
8.26829e+06
8.27828e+06
8.27301e+06
8.25136e+06
8.18247e+06
8.09717e+06
9.99997e+06
9.99995e+06
9.99987e+06
9.99966e+06
9.99919e+06
9.99809e+06
9.99567e+06
9.99053e+06
9.98011e+06
9.95992e+06
9.9228e+06
9.85834e+06
9.75332e+06
9.59415e+06
9.37224e+06
9.09211e+06
8.77952e+06
8.48199e+06
8.25258e+06
8.12555e+06
8.09955e+06
8.13953e+06
8.19846e+06
8.24444e+06
8.26977e+06
8.27815e+06
8.27109e+06
8.24943e+06
8.19516e+06
8.15277e+06
9.99997e+06
9.99995e+06
9.99986e+06
9.99966e+06
9.99918e+06
9.99808e+06
9.99564e+06
9.99047e+06
9.97997e+06
9.95965e+06
9.92231e+06
9.85749e+06
9.75193e+06
9.59205e+06
9.36931e+06
9.08844e+06
8.77548e+06
8.47825e+06
8.24985e+06
8.12429e+06
8.09972e+06
8.14058e+06
8.19967e+06
8.24535e+06
8.27021e+06
8.27794e+06
8.26966e+06
8.24393e+06
8.17172e+06
8.10448e+06
9.99997e+06
9.99995e+06
9.99987e+06
9.99966e+06
9.99919e+06
9.99809e+06
9.99567e+06
9.99053e+06
9.98011e+06
9.95992e+06
9.9228e+06
9.85834e+06
9.75333e+06
9.59416e+06
9.37225e+06
9.09212e+06
8.77953e+06
8.482e+06
8.25259e+06
8.12555e+06
8.09955e+06
8.13953e+06
8.19846e+06
8.24444e+06
8.26977e+06
8.27815e+06
8.27109e+06
8.24947e+06
8.1952e+06
8.15279e+06
9.99997e+06
9.99995e+06
9.99987e+06
9.99967e+06
9.99921e+06
9.99813e+06
9.99576e+06
9.99074e+06
9.98052e+06
9.96072e+06
9.92427e+06
9.86089e+06
9.75748e+06
9.60044e+06
9.38099e+06
9.10311e+06
8.79165e+06
8.49332e+06
8.26093e+06
8.12948e+06
8.09918e+06
8.13645e+06
8.19479e+06
8.24163e+06
8.26829e+06
8.27828e+06
8.273e+06
8.2513e+06
8.18231e+06
8.0969e+06
7.81011e+06
7.77148e+06
7.677e+06
7.56265e+06
7.4349e+06
7.29288e+06
7.13505e+06
6.95909e+06
6.76174e+06
6.5388e+06
6.2853e+06
5.99604e+06
5.66637e+06
5.29334e+06
4.87684e+06
4.42056e+06
3.9323e+06
3.42336e+06
2.90724e+06
2.39751e+06
1.90587e+06
1.43954e+06
1.00177e+06
589133
190885
7.9175e+06
7.81227e+06
7.69563e+06
7.57121e+06
7.43834e+06
7.29404e+06
7.13538e+06
6.95918e+06
6.76177e+06
6.53881e+06
6.28531e+06
5.99604e+06
5.66637e+06
5.29334e+06
4.87684e+06
4.42057e+06
3.9323e+06
3.42336e+06
2.90724e+06
2.39751e+06
1.90587e+06
1.43954e+06
1.00177e+06
589133
190885
7.86819e+06
7.78134e+06
7.67907e+06
7.56348e+06
7.43543e+06
7.29328e+06
7.13526e+06
6.95918e+06
6.76178e+06
6.53881e+06
6.28531e+06
5.99605e+06
5.66638e+06
5.29334e+06
4.87684e+06
4.42057e+06
3.9323e+06
3.42336e+06
2.90724e+06
2.39751e+06
1.90587e+06
1.43953e+06
1.00177e+06
589133
190885
7.91752e+06
7.81228e+06
7.69564e+06
7.57123e+06
7.43835e+06
7.29404e+06
7.13538e+06
6.95918e+06
6.76177e+06
6.53881e+06
6.28531e+06
5.99605e+06
5.66638e+06
5.29334e+06
4.87684e+06
4.42057e+06
3.9323e+06
3.42336e+06
2.90724e+06
2.39751e+06
1.90587e+06
1.43953e+06
1.00177e+06
589133
190885
7.8101e+06
7.77142e+06
7.67696e+06
7.56262e+06
7.43487e+06
7.29286e+06
7.13504e+06
6.95908e+06
6.76174e+06
6.5388e+06
6.28531e+06
5.99604e+06
5.66637e+06
5.29334e+06
4.87684e+06
4.42057e+06
3.9323e+06
3.42336e+06
2.90723e+06
2.39751e+06
1.90587e+06
1.43954e+06
1.00177e+06
589133
190886
9.99998e+06
9.99995e+06
9.99987e+06
9.99969e+06
9.99924e+06
9.99821e+06
9.99594e+06
9.99111e+06
9.98128e+06
9.96218e+06
9.92697e+06
9.8656e+06
9.76516e+06
9.61211e+06
9.39728e+06
9.12367e+06
8.81452e+06
8.51486e+06
8.27708e+06
8.13747e+06
8.09897e+06
8.1309e+06
8.18785e+06
8.2361e+06
8.26527e+06
8.27892e+06
8.28139e+06
8.27492e+06
8.26734e+06
8.25651e+06
9.99998e+06
9.99995e+06
9.99988e+06
9.99971e+06
9.99929e+06
9.99834e+06
9.99622e+06
9.9917e+06
9.98248e+06
9.96453e+06
9.93132e+06
9.87319e+06
9.77761e+06
9.63112e+06
9.42401e+06
9.15772e+06
8.85286e+06
8.5517e+06
8.30561e+06
8.15272e+06
8.10033e+06
8.12253e+06
8.17618e+06
8.22602e+06
8.25861e+06
8.27595e+06
8.28207e+06
8.27728e+06
8.25833e+06
8.22642e+06
9.99998e+06
9.99996e+06
9.9999e+06
9.99974e+06
9.99936e+06
9.99849e+06
9.99656e+06
9.99243e+06
9.98398e+06
9.96746e+06
9.93676e+06
9.88274e+06
9.79338e+06
9.65538e+06
9.45844e+06
9.20213e+06
8.90377e+06
8.60188e+06
8.34613e+06
8.1765e+06
8.10549e+06
8.11348e+06
8.16095e+06
8.21147e+06
8.24779e+06
8.2693e+06
8.27995e+06
8.28165e+06
8.2778e+06
8.27028e+06
9.99998e+06
9.99996e+06
9.99991e+06
9.99977e+06
9.99944e+06
9.99867e+06
9.99695e+06
9.99326e+06
9.98569e+06
9.97081e+06
9.94301e+06
9.8938e+06
9.81177e+06
9.68394e+06
9.49945e+06
9.25586e+06
8.9667e+06
8.66587e+06
8.40038e+06
8.21161e+06
8.11762e+06
8.10627e+06
8.14336e+06
8.19233e+06
8.23192e+06
8.25777e+06
8.27266e+06
8.27907e+06
8.28025e+06
8.27551e+06
9.99998e+06
9.99997e+06
9.99992e+06
9.9998e+06
9.99951e+06
9.99885e+06
9.99736e+06
9.99414e+06
9.98751e+06
9.97441e+06
9.94977e+06
9.90584e+06
9.83198e+06
9.71569e+06
9.54568e+06
9.31751e+06
9.04068e+06
8.74374e+06
8.46994e+06
8.26114e+06
8.1407e+06
8.10466e+06
8.12583e+06
8.16933e+06
8.21049e+06
8.24038e+06
8.25945e+06
8.27004e+06
8.27498e+06
8.27462e+06
9.99999e+06
9.99997e+06
9.99993e+06
9.99983e+06
9.99959e+06
9.99903e+06
9.99777e+06
9.99503e+06
9.98936e+06
9.97808e+06
9.95673e+06
9.91834e+06
9.85317e+06
9.74939e+06
9.59551e+06
9.38528e+06
9.12419e+06
8.83495e+06
8.55593e+06
8.32814e+06
8.17932e+06
8.11374e+06
8.11255e+06
8.14485e+06
8.184e+06
8.2165e+06
8.23936e+06
8.25369e+06
8.26165e+06
8.26409e+06
9.99999e+06
9.99998e+06
9.99995e+06
9.99987e+06
9.99967e+06
9.9992e+06
9.99816e+06
9.99589e+06
9.99115e+06
9.98167e+06
9.96358e+06
9.93077e+06
9.8745e+06
9.78376e+06
9.64718e+06
9.45705e+06
9.2151e+06
8.93811e+06
8.65852e+06
8.415e+06
8.2381e+06
8.13962e+06
8.10971e+06
8.12363e+06
8.15504e+06
8.18681e+06
8.21196e+06
8.22928e+06
8.23973e+06
8.24414e+06
9.99999e+06
9.99998e+06
9.99996e+06
9.99989e+06
9.99974e+06
9.99936e+06
9.99852e+06
9.99669e+06
9.99282e+06
9.98504e+06
9.97008e+06
9.94268e+06
9.89517e+06
9.81756e+06
9.69889e+06
9.53044e+06
9.31072e+06
9.0508e+06
8.77658e+06
8.52279e+06
8.32092e+06
8.18871e+06
8.12514e+06
8.11315e+06
8.12941e+06
8.15485e+06
8.17887e+06
8.1973e+06
8.20928e+06
8.21491e+06
9.99999e+06
9.99999e+06
9.99997e+06
9.99992e+06
9.99979e+06
9.99951e+06
9.99885e+06
9.99739e+06
9.99432e+06
9.9881e+06
9.97601e+06
9.95368e+06
9.91451e+06
9.84965e+06
9.74887e+06
9.60297e+06
9.40791e+06
9.16968e+06
8.90744e+06
8.65072e+06
8.42986e+06
8.26646e+06
8.16717e+06
8.12319e+06
8.11637e+06
8.12824e+06
8.14572e+06
8.16172e+06
8.17318e+06
8.17897e+06
1e+07
9.99999e+06
9.99998e+06
9.99994e+06
9.99985e+06
9.99963e+06
9.99912e+06
9.998e+06
9.99563e+06
9.99077e+06
9.98126e+06
9.9635e+06
9.93199e+06
9.8791e+06
9.79558e+06
9.67228e+06
9.50338e+06
9.29065e+06
9.04695e+06
8.79572e+06
8.56437e+06
8.37595e+06
8.24284e+06
8.16403e+06
8.12784e+06
8.11871e+06
8.12305e+06
8.13172e+06
8.13953e+06
8.1439e+06
1e+07
9.99999e+06
9.99998e+06
9.99995e+06
9.99989e+06
9.99972e+06
9.99935e+06
9.99851e+06
9.99672e+06
9.99302e+06
9.98573e+06
9.97197e+06
9.94727e+06
9.90524e+06
9.8378e+06
9.73629e+06
9.59392e+06
9.4093e+06
9.18978e+06
8.95255e+06
8.72073e+06
8.51659e+06
8.35587e+06
8.24389e+06
8.17568e+06
8.14019e+06
8.12536e+06
8.12146e+06
8.12194e+06
8.12301e+06
1e+07
1e+07
9.99999e+06
9.99997e+06
9.99992e+06
9.9998e+06
9.99953e+06
9.99892e+06
9.9976e+06
9.99486e+06
9.98941e+06
9.97903e+06
9.96018e+06
9.92767e+06
9.87466e+06
9.79338e+06
9.67678e+06
9.52134e+06
9.33008e+06
9.11437e+06
8.89227e+06
8.68359e+06
8.50506e+06
8.36629e+06
8.26821e+06
8.20493e+06
8.16751e+06
8.14722e+06
8.1373e+06
8.13338e+06
1e+07
1e+07
9.99999e+06
9.99998e+06
9.99994e+06
9.99986e+06
9.99967e+06
9.99923e+06
9.99829e+06
9.99632e+06
9.99236e+06
9.98473e+06
9.97073e+06
9.94626e+06
9.90577e+06
9.84254e+06
9.74988e+06
9.62313e+06
9.4622e+06
9.27357e+06
9.07022e+06
8.8684e+06
8.68388e+06
8.52841e+06
8.40727e+06
8.31948e+06
8.25995e+06
8.22224e+06
8.20056e+06
8.19076e+06
1e+07
1e+07
9.99999e+06
9.99998e+06
9.99996e+06
9.99991e+06
9.99977e+06
9.99947e+06
9.99882e+06
9.99743e+06
9.99463e+06
9.98918e+06
9.97907e+06
9.96117e+06
9.93111e+06
9.88336e+06
9.81198e+06
9.71199e+06
9.58135e+06
9.42289e+06
9.24498e+06
9.05994e+06
8.8813e+06
8.72103e+06
8.58698e+06
8.482e+06
8.40485e+06
8.35199e+06
8.31946e+06
8.30405e+06
1e+07
1e+07
1e+07
9.99999e+06
9.99997e+06
9.99994e+06
9.99985e+06
9.99965e+06
9.9992e+06
9.99826e+06
9.99633e+06
9.99254e+06
9.98544e+06
9.97271e+06
9.95104e+06
9.91607e+06
9.8628e+06
9.78652e+06
9.68426e+06
9.55638e+06
9.40761e+06
9.24653e+06
9.0838e+06
8.93022e+06
8.79453e+06
8.68206e+06
8.59465e+06
8.53164e+06
8.49123e+06
8.47156e+06
1e+07
1e+07
1e+07
9.99999e+06
9.99998e+06
9.99996e+06
9.9999e+06
9.99977e+06
9.99948e+06
9.99885e+06
9.99755e+06
9.995e+06
9.99014e+06
9.98136e+06
9.96619e+06
9.94135e+06
9.90285e+06
9.8466e+06
9.76941e+06
9.67024e+06
9.55121e+06
9.4178e+06
9.27779e+06
9.14008e+06
9.01296e+06
8.90283e+06
8.81357e+06
8.7468e+06
8.70271e+06
8.68086e+06
1e+07
1e+07
1e+07
1e+07
9.99999e+06
9.99997e+06
9.99994e+06
9.99985e+06
9.99966e+06
9.99926e+06
9.99842e+06
9.99673e+06
9.99351e+06
9.98761e+06
9.97731e+06
9.9602e+06
9.93325e+06
9.89314e+06
9.83694e+06
9.76298e+06
9.67176e+06
9.5664e+06
9.45222e+06
9.33599e+06
9.22483e+06
9.12508e+06
9.04152e+06
8.97721e+06
8.93379e+06
8.91197e+06
1e+07
1e+07
1e+07
1e+07
9.99999e+06
9.99998e+06
9.99996e+06
9.99991e+06
9.99979e+06
9.99954e+06
9.999e+06
9.99792e+06
9.99585e+06
9.992e+06
9.9852e+06
9.97377e+06
9.95549e+06
9.92784e+06
9.88835e+06
9.83525e+06
9.76819e+06
9.68868e+06
9.60011e+06
9.50732e+06
9.41594e+06
9.33158e+06
9.25901e+06
9.2019e+06
9.16266e+06
9.14272e+06
1e+07
1e+07
1e+07
1e+07
1e+07
9.99999e+06
9.99998e+06
9.99995e+06
9.99987e+06
9.99972e+06
9.99939e+06
9.99872e+06
9.99741e+06
9.99497e+06
9.99062e+06
9.9832e+06
9.97119e+06
9.95274e+06
9.92594e+06
9.88921e+06
9.84183e+06
9.78437e+06
9.71883e+06
9.64846e+06
9.57745e+06
9.51032e+06
9.45133e+06
9.40404e+06
9.3711e+06
9.35422e+06
1e+07
1e+07
1e+07
1e+07
1e+07
9.99999e+06
9.99999e+06
9.99997e+06
9.99992e+06
9.99983e+06
9.99963e+06
9.99923e+06
9.99843e+06
9.99693e+06
9.99422e+06
9.98955e+06
9.98189e+06
9.96997e+06
9.95238e+06
9.92787e+06
9.89566e+06
9.85581e+06
9.80941e+06
9.75853e+06
9.70612e+06
9.65558e+06
9.61037e+06
9.57357e+06
9.54764e+06
9.53425e+06
1e+07
1e+07
1e+07
1e+07
1e+07
1e+07
9.99999e+06
9.99998e+06
9.99996e+06
9.9999e+06
9.99979e+06
9.99955e+06
9.99907e+06
9.99817e+06
9.99653e+06
9.99367e+06
9.98894e+06
9.98147e+06
9.9703e+06
9.9545e+06
9.93339e+06
9.90682e+06
9.87531e+06
9.84013e+06
9.80324e+06
9.76707e+06
9.73421e+06
9.70712e+06
9.68785e+06
9.67785e+06
1e+07
1e+07
1e+07
1e+07
1e+07
1e+07
1e+07
9.99999e+06
9.99998e+06
9.99994e+06
9.99988e+06
9.99974e+06
9.99947e+06
9.99894e+06
9.99797e+06
9.99628e+06
9.99343e+06
9.98889e+06
9.98203e+06
9.97217e+06
9.95882e+06
9.94174e+06
9.92117e+06
9.89784e+06
9.873e+06
9.84829e+06
9.82554e+06
9.80659e+06
9.793e+06
9.7859e+06
1e+07
1e+07
1e+07
1e+07
1e+07
1e+07
1e+07
9.99999e+06
9.99999e+06
9.99997e+06
9.99993e+06
9.99985e+06
9.9997e+06
9.9994e+06
9.99885e+06
9.99786e+06
9.9962e+06
9.99353e+06
9.98943e+06
9.98348e+06
9.97531e+06
9.96472e+06
9.95178e+06
9.93691e+06
9.92085e+06
9.90468e+06
9.88963e+06
9.87697e+06
9.86783e+06
9.86303e+06
1e+07
1e+07
1e+07
1e+07
1e+07
1e+07
1e+07
1e+07
9.99999e+06
9.99998e+06
9.99996e+06
9.99992e+06
9.99984e+06
9.99967e+06
9.99936e+06
9.99881e+06
9.99786e+06
9.99633e+06
9.99396e+06
9.99047e+06
9.98563e+06
9.97928e+06
9.97143e+06
9.96229e+06
9.9523e+06
9.94214e+06
9.93258e+06
9.92448e+06
9.9186e+06
9.9155e+06
1e+07
1e+07
1e+07
1e+07
1e+07
1e+07
1e+07
1e+07
1e+07
9.99999e+06
9.99998e+06
9.99996e+06
9.99991e+06
9.99982e+06
9.99965e+06
9.99935e+06
9.99883e+06
9.99797e+06
9.99664e+06
9.99466e+06
9.99188e+06
9.98819e+06
9.98358e+06
9.97815e+06
9.97217e+06
9.96601e+06
9.96018e+06
9.9552e+06
9.95156e+06
9.94964e+06
1e+07
1e+07
1e+07
1e+07
1e+07
1e+07
1e+07
1e+07
1e+07
1e+07
9.99999e+06
9.99998e+06
9.99995e+06
9.99991e+06
9.99982e+06
9.99966e+06
9.99937e+06
9.99891e+06
9.99818e+06
9.99708e+06
9.99553e+06
9.99346e+06
9.99083e+06
9.98772e+06
9.98425e+06
9.98065e+06
9.97722e+06
9.97427e+06
9.9721e+06
9.97095e+06
1e+07
1e+07
1e+07
1e+07
1e+07
1e+07
1e+07
1e+07
1e+07
1e+07
9.99999e+06
9.99999e+06
9.99998e+06
9.99995e+06
9.99991e+06
9.99982e+06
9.99967e+06
9.99943e+06
9.99904e+06
9.99845e+06
9.99761e+06
9.99647e+06
9.99503e+06
9.99329e+06
9.99135e+06
9.98931e+06
9.98736e+06
9.98567e+06
9.98442e+06
9.98376e+06
1e+07
1e+07
1e+07
1e+07
1e+07
1e+07
1e+07
1e+07
1e+07
1e+07
1e+07
9.99999e+06
9.99999e+06
9.99998e+06
9.99995e+06
9.99991e+06
9.99983e+06
9.99971e+06
9.9995e+06
9.9992e+06
9.99875e+06
9.99815e+06
9.99737e+06
9.99644e+06
9.99538e+06
9.99426e+06
9.99319e+06
9.99225e+06
9.99156e+06
9.99119e+06
1e+07
1e+07
1e+07
1e+07
1e+07
1e+07
1e+07
1e+07
1e+07
1e+07
1e+07
1e+07
9.99999e+06
9.99999e+06
9.99998e+06
9.99996e+06
9.99992e+06
9.99985e+06
9.99975e+06
9.99959e+06
9.99937e+06
9.99905e+06
9.99865e+06
9.99816e+06
9.9976e+06
9.997e+06
9.99643e+06
9.99593e+06
9.99555e+06
9.99536e+06
1e+07
1e+07
1e+07
1e+07
1e+07
1e+07
1e+07
1e+07
1e+07
1e+07
1e+07
1e+07
1e+07
9.99999e+06
9.99999e+06
9.99998e+06
9.99996e+06
9.99993e+06
9.99988e+06
9.9998e+06
9.99968e+06
9.99953e+06
9.99932e+06
9.99907e+06
9.99878e+06
9.99848e+06
9.99818e+06
9.99792e+06
9.99772e+06
9.99762e+06
1e+07
1e+07
1e+07
1e+07
1e+07
1e+07
1e+07
1e+07
1e+07
1e+07
1e+07
1e+07
1e+07
1e+07
9.99999e+06
9.99999e+06
9.99998e+06
9.99997e+06
9.99994e+06
9.9999e+06
9.99985e+06
9.99977e+06
9.99967e+06
9.99954e+06
9.9994e+06
9.99924e+06
9.99909e+06
9.99896e+06
9.99886e+06
9.99881e+06
1e+07
1e+07
1e+07
1e+07
1e+07
1e+07
1e+07
1e+07
1e+07
1e+07
1e+07
1e+07
1e+07
1e+07
1e+07
1e+07
9.99999e+06
9.99998e+06
9.99997e+06
9.99995e+06
9.99993e+06
9.99989e+06
9.99984e+06
9.99978e+06
9.99971e+06
9.99963e+06
9.99956e+06
9.99949e+06
9.99945e+06
9.99942e+06
1e+07
1e+07
1e+07
1e+07
1e+07
1e+07
1e+07
1e+07
1e+07
1e+07
1e+07
1e+07
1e+07
1e+07
1e+07
1e+07
1e+07
9.99999e+06
9.99999e+06
9.99998e+06
9.99997e+06
9.99995e+06
9.99993e+06
9.9999e+06
9.99986e+06
9.99983e+06
9.99979e+06
9.99976e+06
9.99974e+06
9.99972e+06
1e+07
1e+07
1e+07
1e+07
1e+07
1e+07
1e+07
1e+07
1e+07
1e+07
1e+07
1e+07
1e+07
1e+07
1e+07
1e+07
1e+07
1e+07
9.99999e+06
9.99999e+06
9.99998e+06
9.99998e+06
9.99997e+06
9.99995e+06
9.99994e+06
9.99992e+06
9.9999e+06
9.99989e+06
9.99988e+06
9.99987e+06
1e+07
1e+07
1e+07
1e+07
1e+07
1e+07
1e+07
1e+07
1e+07
1e+07
1e+07
1e+07
1e+07
1e+07
1e+07
1e+07
1e+07
1e+07
1e+07
1e+07
9.99999e+06
9.99999e+06
9.99998e+06
9.99998e+06
9.99997e+06
9.99996e+06
9.99996e+06
9.99995e+06
9.99994e+06
9.99994e+06
1e+07
1e+07
1e+07
1e+07
1e+07
1e+07
1e+07
1e+07
1e+07
1e+07
1e+07
1e+07
1e+07
1e+07
1e+07
1e+07
1e+07
1e+07
1e+07
1e+07
1e+07
1e+07
9.99999e+06
9.99999e+06
9.99999e+06
9.99998e+06
9.99998e+06
9.99998e+06
9.99998e+06
9.99997e+06
1e+07
1e+07
1e+07
1e+07
1e+07
1e+07
1e+07
1e+07
1e+07
1e+07
1e+07
1e+07
1e+07
1e+07
1e+07
1e+07
1e+07
1e+07
1e+07
1e+07
1e+07
1e+07
1e+07
1e+07
9.99999e+06
9.99999e+06
9.99999e+06
9.99999e+06
9.99999e+06
9.99999e+06
1e+07
1e+07
1e+07
1e+07
1e+07
1e+07
1e+07
1e+07
1e+07
1e+07
1e+07
1e+07
1e+07
1e+07
1e+07
1e+07
1e+07
1e+07
1e+07
1e+07
1e+07
1e+07
1e+07
1e+07
1e+07
1e+07
1e+07
1e+07
1e+07
1e+07
1e+07
1e+07
1e+07
1e+07
1e+07
1e+07
1e+07
1e+07
1e+07
1e+07
1e+07
1e+07
1e+07
1e+07
1e+07
1e+07
1e+07
1e+07
1e+07
1e+07
1e+07
1e+07
1e+07
1e+07
1e+07
1e+07
1e+07
1e+07
1e+07
1e+07
1e+07
1e+07
1e+07
1e+07
1e+07
1e+07
1e+07
1e+07
1e+07
1e+07
1e+07
1e+07
1e+07
1e+07
1e+07
1e+07
1e+07
1e+07
1e+07
1e+07
1e+07
1e+07
1e+07
1e+07
1e+07
1e+07
1e+07
1e+07
1e+07
1e+07
1e+07
1e+07
1e+07
1e+07
1e+07
1e+07
1e+07
1e+07
1e+07
1e+07
1e+07
1e+07
1e+07
1e+07
1e+07
1e+07
1e+07
1e+07
1e+07
1e+07
1e+07
1e+07
1e+07
1e+07
1e+07
1e+07
1e+07
1e+07
1e+07
1e+07
1e+07
1e+07
1e+07
1e+07
1e+07
1e+07
1e+07
1e+07
1e+07
1e+07
1e+07
1e+07
1e+07
1e+07
1e+07
1e+07
1e+07
1e+07
1e+07
1e+07
1e+07
1e+07
1e+07
1e+07
1e+07
1e+07
1e+07
1e+07
1e+07
1e+07
1e+07
1e+07
1e+07
1e+07
1e+07
1e+07
1e+07
1e+07
1e+07
1e+07
1e+07
1e+07
1e+07
1e+07
1e+07
1e+07
1e+07
1e+07
1e+07
1e+07
1e+07
1e+07
1e+07
1e+07
1e+07
1e+07
1e+07
1e+07
1e+07
1e+07
1e+07
1e+07
1e+07
1e+07
1e+07
1e+07
1e+07
1e+07
1e+07
1e+07
1e+07
1e+07
1e+07
1e+07
1e+07
1e+07
1e+07
1e+07
1e+07
1e+07
1e+07
1e+07
1e+07
1e+07
1e+07
1e+07
1e+07
1e+07
1e+07
1e+07
1e+07
1e+07
1e+07
1e+07
1e+07
1e+07
1e+07
1e+07
1e+07
1e+07
1e+07
1e+07
1e+07
1e+07
1e+07
1e+07
1e+07
1e+07
1e+07
1e+07
1e+07
1e+07
1e+07
1e+07
1e+07
1e+07
1e+07
1e+07
1e+07
1e+07
1e+07
1e+07
1e+07
1e+07
1e+07
1e+07
1e+07
1e+07
1e+07
1e+07
1e+07
1e+07
1e+07
1e+07
1e+07
1e+07
1e+07
1e+07
1e+07
1e+07
1e+07
1e+07
1e+07
1e+07
1e+07
1e+07
1e+07
1e+07
1e+07
1e+07
1e+07
1e+07
1e+07
1e+07
1e+07
1e+07
1e+07
1e+07
1e+07
1e+07
1e+07
1e+07
1e+07
1e+07
1e+07
1e+07
1e+07
1e+07
1e+07
1e+07
1e+07
1e+07
1e+07
1e+07
1e+07
1e+07
1e+07
1e+07
1e+07
1e+07
1e+07
1e+07
1e+07
1e+07
1e+07
1e+07
1e+07
1e+07
1e+07
1e+07
1e+07
1e+07
1e+07
1e+07
1e+07
1e+07
1e+07
1e+07
1e+07
1e+07
1e+07
1e+07
1e+07
1e+07
1e+07
1e+07
1e+07
1e+07
1e+07
1e+07
1e+07
1e+07
1e+07
1e+07
1e+07
1e+07
1e+07
1e+07
1e+07
1e+07
1e+07
1e+07
1e+07
1e+07
1e+07
1e+07
1e+07
1e+07
1e+07
1e+07
1e+07
1e+07
1e+07
1e+07
1e+07
1e+07
1e+07
1e+07
1e+07
1e+07
1e+07
1e+07
1e+07
1e+07
1e+07
1e+07
1e+07
1e+07
1e+07
1e+07
1e+07
1e+07
1e+07
1e+07
1e+07
1e+07
1e+07
1e+07
1e+07
1e+07
1e+07
1e+07
1e+07
1e+07
1e+07
1e+07
1e+07
1e+07
1e+07
1e+07
1e+07
1e+07
1e+07
1e+07
1e+07
1e+07
1e+07
1e+07
1e+07
1e+07
1e+07
1e+07
1e+07
1e+07
1e+07
1e+07
1e+07
1e+07
1e+07
1e+07
1e+07
1e+07
1e+07
1e+07
1e+07
1e+07
1e+07
1e+07
1e+07
1e+07
1e+07
1e+07
1e+07
1e+07
1e+07
1e+07
1e+07
1e+07
1e+07
1e+07
1e+07
1e+07
1e+07
1e+07
1e+07
1e+07
1e+07
1e+07
1e+07
1e+07
1e+07
1e+07
1e+07
1e+07
1e+07
1e+07
1e+07
1e+07
1e+07
1e+07
1e+07
1e+07
1e+07
1e+07
1e+07
1e+07
1e+07
1e+07
1e+07
1e+07
1e+07
1e+07
1e+07
1e+07
1e+07
1e+07
1e+07
1e+07
1e+07
1e+07
1e+07
1e+07
1e+07
1e+07
1e+07
1e+07
1e+07
1e+07
1e+07
1e+07
1e+07
1e+07
1e+07
1e+07
1e+07
1e+07
1e+07
1e+07
1e+07
1e+07
1e+07
1e+07
1e+07
1e+07
1e+07
1e+07
1e+07
1e+07
1e+07
1e+07
1e+07
1e+07
1e+07
1e+07
1e+07
1e+07
1e+07
1e+07
1e+07
1e+07
1e+07
1e+07
1e+07
1e+07
1e+07
1e+07
1e+07
1e+07
1e+07
1e+07
1e+07
1e+07
1e+07
1e+07
1e+07
1e+07
1e+07
1e+07
1e+07
1e+07
1e+07
1e+07
1e+07
1e+07
1e+07
1e+07
1e+07
1e+07
1e+07
1e+07
1e+07
1e+07
1e+07
1e+07
1e+07
1e+07
1e+07
1e+07
1e+07
1e+07
1e+07
1e+07
1e+07
1e+07
1e+07
1e+07
1e+07
1e+07
1e+07
1e+07
1e+07
1e+07
1e+07
1e+07
1e+07
1e+07
1e+07
1e+07
1e+07
1e+07
1e+07
1e+07
1e+07
1e+07
1e+07
1e+07
1e+07
1e+07
1e+07
1e+07
1e+07
1e+07
1e+07
1e+07
1e+07
1e+07
1e+07
1e+07
1e+07
1e+07
1e+07
1e+07
1e+07
1e+07
1e+07
1e+07
1e+07
1e+07
1e+07
1e+07
1e+07
1e+07
1e+07
1e+07
1e+07
1e+07
1e+07
1e+07
1e+07
1e+07
1e+07
1e+07
1e+07
1e+07
1e+07
1e+07
1e+07
1e+07
1e+07
1e+07
1e+07
1e+07
1e+07
1e+07
1e+07
1e+07
1e+07
1e+07
1e+07
1e+07
1e+07
1e+07
1e+07
1e+07
1e+07
1e+07
1e+07
1e+07
1e+07
1e+07
1e+07
1e+07
1e+07
1e+07
1e+07
1e+07
1e+07
1e+07
1e+07
1e+07
1e+07
1e+07
1e+07
1e+07
1e+07
1e+07
1e+07
1e+07
1e+07
1e+07
1e+07
1e+07
1e+07
1e+07
1e+07
1e+07
1e+07
1e+07
1e+07
1e+07
1e+07
1e+07
1e+07
1e+07
1e+07
1e+07
1e+07
1e+07
1e+07
1e+07
1e+07
1e+07
1e+07
1e+07
1e+07
1e+07
1e+07
1e+07
1e+07
1e+07
1e+07
1e+07
1e+07
1e+07
1e+07
1e+07
1e+07
1e+07
1e+07
1e+07
1e+07
1e+07
1e+07
1e+07
1e+07
1e+07
1e+07
1e+07
1e+07
1e+07
1e+07
1e+07
1e+07
1e+07
1e+07
1e+07
1e+07
1e+07
1e+07
1e+07
1e+07
1e+07
1e+07
1e+07
1e+07
1e+07
1e+07
1e+07
1e+07
1e+07
1e+07
1e+07
1e+07
1e+07
1e+07
1e+07
1e+07
1e+07
1e+07
1e+07
1e+07
1e+07
1e+07
1e+07
1e+07
1e+07
1e+07
1e+07
1e+07
1e+07
1e+07
1e+07
1e+07
1e+07
1e+07
1e+07
1e+07
1e+07
1e+07
1e+07
1e+07
1e+07
1e+07
1e+07
1e+07
1e+07
1e+07
1e+07
1e+07
1e+07
1e+07
1e+07
1e+07
1e+07
1e+07
1e+07
1e+07
1e+07
1e+07
1e+07
1e+07
1e+07
1e+07
1e+07
1e+07
1e+07
1e+07
1e+07
1e+07
1e+07
1e+07
1e+07
1e+07
1e+07
1e+07
1e+07
1e+07
1e+07
1e+07
1e+07
1e+07
1e+07
1e+07
1e+07
1e+07
1e+07
1e+07
1e+07
1e+07
1e+07
1e+07
1e+07
1e+07
1e+07
1e+07
1e+07
1e+07
1e+07
1e+07
1e+07
1e+07
1e+07
1e+07
1e+07
1e+07
1e+07
1e+07
1e+07
1e+07
1e+07
1e+07
1e+07
1e+07
1e+07
1e+07
1e+07
1e+07
1e+07
1e+07
1e+07
1e+07
1e+07
1e+07
1e+07
1e+07
1e+07
1e+07
1e+07
1e+07
1e+07
1e+07
1e+07
1e+07
1e+07
1e+07
1e+07
1e+07
1e+07
1e+07
1e+07
1e+07
1e+07
1e+07
1e+07
1e+07
1e+07
1e+07
1e+07
1e+07
1e+07
1e+07
1e+07
1e+07
1e+07
1e+07
1e+07
1e+07
1e+07
1e+07
1e+07
1e+07
1e+07
1e+07
1e+07
1e+07
1e+07
1e+07
1e+07
1e+07
1e+07
1e+07
1e+07
1e+07
1e+07
1e+07
1e+07
1e+07
1e+07
1e+07
1e+07
1e+07
1e+07
1e+07
1e+07
1e+07
1e+07
1e+07
1e+07
1e+07
1e+07
1e+07
1e+07
1e+07
1e+07
1e+07
1e+07
1e+07
1e+07
1e+07
1e+07
1e+07
1e+07
1e+07
1e+07
1e+07
1e+07
1e+07
1e+07
1e+07
1e+07
1e+07
1e+07
1e+07
1e+07
1e+07
1e+07
1e+07
1e+07
1e+07
1e+07
1e+07
1e+07
1e+07
1e+07
1e+07
1e+07
1e+07
1e+07
1e+07
1e+07
1e+07
1e+07
1e+07
1e+07
1e+07
1e+07
1e+07
1e+07
1e+07
1e+07
1e+07
1e+07
1e+07
1e+07
1e+07
1e+07
1e+07
1e+07
1e+07
1e+07
1e+07
1e+07
1e+07
1e+07
1e+07
1e+07
1e+07
1e+07
1e+07
1e+07
1e+07
1e+07
1e+07
1e+07
1e+07
1e+07
1e+07
1e+07
1e+07
1e+07
1e+07
1e+07
1e+07
1e+07
1e+07
1e+07
1e+07
1e+07
1e+07
1e+07
1e+07
1e+07
1e+07
1e+07
1e+07
1e+07
1e+07
1e+07
1e+07
1e+07
1e+07
1e+07
1e+07
1e+07
1e+07
1e+07
1e+07
1e+07
1e+07
1e+07
1e+07
1e+07
1e+07
1e+07
1e+07
1e+07
1e+07
1e+07
1e+07
1e+07
1e+07
1e+07
1e+07
1e+07
1e+07
1e+07
1e+07
1e+07
1e+07
1e+07
1e+07
1e+07
1e+07
1e+07
1e+07
1e+07
1e+07
1e+07
1e+07
1e+07
1e+07
1e+07
1e+07
1e+07
1e+07
1e+07
1e+07
1e+07
1e+07
1e+07
1e+07
1e+07
1e+07
1e+07
1e+07
1e+07
1e+07
1e+07
1e+07
1e+07
1e+07
1e+07
1e+07
1e+07
1e+07
1e+07
1e+07
1e+07
1e+07
1e+07
1e+07
1e+07
1e+07
1e+07
1e+07
1e+07
1e+07
1e+07
1e+07
1e+07
1e+07
1e+07
1e+07
1e+07
1e+07
1e+07
1e+07
1e+07
1e+07
1e+07
1e+07
1e+07
1e+07
1e+07
1e+07
1e+07
1e+07
1e+07
1e+07
1e+07
1e+07
1e+07
1e+07
1e+07
1e+07
1e+07
1e+07
1e+07
1e+07
1e+07
1e+07
1e+07
1e+07
1e+07
1e+07
1e+07
1e+07
1e+07
1e+07
1e+07
1e+07
1e+07
1e+07
1e+07
1e+07
1e+07
1e+07
1e+07
1e+07
1e+07
1e+07
1e+07
1e+07
1e+07
1e+07
1e+07
1e+07
1e+07
1e+07
1e+07
1e+07
1e+07
1e+07
1e+07
1e+07
1e+07
1e+07
1e+07
1e+07
1e+07
1e+07
1e+07
1e+07
1e+07
1e+07
1e+07
1e+07
1e+07
1e+07
1e+07
1e+07
1e+07
1e+07
1e+07
1e+07
1e+07
1e+07
1e+07
1e+07
1e+07
1e+07
1e+07
1e+07
1e+07
1e+07
1e+07
1e+07
1e+07
1e+07
1e+07
1e+07
1e+07
1e+07
1e+07
1e+07
1e+07
1e+07
1e+07
1e+07
1e+07
1e+07
1e+07
1e+07
1e+07
1e+07
1e+07
1e+07
1e+07
1e+07
1e+07
1e+07
1e+07
1e+07
1e+07
1e+07
1e+07
1e+07
1e+07
1e+07
1e+07
1e+07
1e+07
1e+07
1e+07
1e+07
1e+07
1e+07
1e+07
1e+07
1e+07
1e+07
1e+07
1e+07
1e+07
1e+07
1e+07
1e+07
1e+07
1e+07
1e+07
1e+07
1e+07
1e+07
1e+07
1e+07
1e+07
1e+07
1e+07
1e+07
1e+07
1e+07
1e+07
1e+07
1e+07
1e+07
1e+07
1e+07
1e+07
1e+07
1e+07
1e+07
1e+07
1e+07
1e+07
1e+07
1e+07
1e+07
1e+07
1e+07
1e+07
1e+07
1e+07
1e+07
1e+07
1e+07
1e+07
1e+07
1e+07
1e+07
1e+07
1e+07
1e+07
1e+07
1e+07
1e+07
1e+07
1e+07
1e+07
1e+07
1e+07
1e+07
1e+07
1e+07
1e+07
1e+07
1e+07
1e+07
1e+07
1e+07
1e+07
1e+07
1e+07
1e+07
1e+07
1e+07
1e+07
1e+07
1e+07
1e+07
1e+07
1e+07
1e+07
1e+07
1e+07
1e+07
1e+07
1e+07
1e+07
1e+07
1e+07
1e+07
1e+07
1e+07
1e+07
1e+07
1e+07
1e+07
1e+07
1e+07
1e+07
1e+07
1e+07
1e+07
1e+07
1e+07
1e+07
1e+07
1e+07
1e+07
1e+07
1e+07
1e+07
1e+07
1e+07
1e+07
1e+07
1e+07
1e+07
1e+07
1e+07
1e+07
1e+07
1e+07
1e+07
1e+07
1e+07
1e+07
1e+07
1e+07
1e+07
1e+07
1e+07
1e+07
1e+07
1e+07
1e+07
1e+07
1e+07
1e+07
1e+07
1e+07
1e+07
1e+07
1e+07
1e+07
1e+07
1e+07
1e+07
1e+07
1e+07
1e+07
1e+07
1e+07
1e+07
1e+07
1e+07
1e+07
1e+07
1e+07
1e+07
1e+07
1e+07
1e+07
1e+07
1e+07
1e+07
1e+07
1e+07
1e+07
1e+07
1e+07
1e+07
1e+07
1e+07
1e+07
1e+07
1e+07
1e+07
1e+07
1e+07
1e+07
1e+07
1e+07
1e+07
1e+07
1e+07
1e+07
1e+07
1e+07
1e+07
1e+07
1e+07
1e+07
1e+07
1e+07
1e+07
1e+07
1e+07
1e+07
1e+07
1e+07
1e+07
1e+07
1e+07
1e+07
1e+07
1e+07
1e+07
1e+07
1e+07
1e+07
1e+07
1e+07
1e+07
1e+07
1e+07
1e+07
1e+07
1e+07
1e+07
1e+07
1e+07
1e+07
1e+07
1e+07
1e+07
1e+07
1e+07
1e+07
1e+07
1e+07
1e+07
1e+07
1e+07
1e+07
1e+07
1e+07
1e+07
1e+07
1e+07
1e+07
1e+07
1e+07
1e+07
1e+07
1e+07
1e+07
1e+07
1e+07
1e+07
1e+07
1e+07
1e+07
1e+07
1e+07
1e+07
1e+07
1e+07
1e+07
1e+07
1e+07
1e+07
1e+07
1e+07
1e+07
1e+07
1e+07
1e+07
1e+07
1e+07
1e+07
1e+07
1e+07
1e+07
1e+07
1e+07
1e+07
1e+07
1e+07
1e+07
1e+07
1e+07
1e+07
1e+07
1e+07
1e+07
1e+07
1e+07
1e+07
1e+07
1e+07
1e+07
1e+07
1e+07
1e+07
1e+07
1e+07
1e+07
1e+07
1e+07
1e+07
1e+07
1e+07
1e+07
1e+07
1e+07
1e+07
1e+07
1e+07
1e+07
1e+07
1e+07
1e+07
1e+07
1e+07
1e+07
1e+07
1e+07
1e+07
1e+07
1e+07
1e+07
1e+07
1e+07
1e+07
1e+07
1e+07
1e+07
1e+07
1e+07
1e+07
1e+07
1e+07
1e+07
1e+07
1e+07
1e+07
1e+07
1e+07
1e+07
1e+07
1e+07
1e+07
1e+07
1e+07
1e+07
1e+07
1e+07
1e+07
1e+07
1e+07
1e+07
1e+07
1e+07
1e+07
1e+07
1e+07
1e+07
1e+07
1e+07
1e+07
1e+07
1e+07
1e+07
1e+07
1e+07
1e+07
1e+07
1e+07
1e+07
1e+07
1e+07
1e+07
1e+07
1e+07
1e+07
1e+07
1e+07
1e+07
1e+07
1e+07
1e+07
1e+07
1e+07
1e+07
1e+07
1e+07
1e+07
1e+07
1e+07
1e+07
1e+07
1e+07
1e+07
1e+07
1e+07
1e+07
1e+07
1e+07
1e+07
1e+07
1e+07
1e+07
1e+07
1e+07
1e+07
1e+07
1e+07
1e+07
1e+07
1e+07
1e+07
1e+07
1e+07
1e+07
1e+07
1e+07
1e+07
1e+07
1e+07
1e+07
1e+07
1e+07
1e+07
1e+07
1e+07
1e+07
1e+07
1e+07
1e+07
1e+07
1e+07
1e+07
1e+07
1e+07
1e+07
1e+07
1e+07
1e+07
1e+07
1e+07
1e+07
1e+07
1e+07
1e+07
1e+07
1e+07
1e+07
1e+07
1e+07
1e+07
1e+07
1e+07
1e+07
1e+07
1e+07
1e+07
1e+07
1e+07
1e+07
1e+07
1e+07
1e+07
1e+07
1e+07
1e+07
1e+07
1e+07
1e+07
1e+07
1e+07
1e+07
1e+07
1e+07
1e+07
1e+07
1e+07
1e+07
1e+07
1e+07
1e+07
1e+07
1e+07
1e+07
1e+07
1e+07
1e+07
1e+07
1e+07
1e+07
1e+07
1e+07
1e+07
1e+07
1e+07
1e+07
1e+07
1e+07
1e+07
1e+07
1e+07
1e+07
1e+07
1e+07
1e+07
1e+07
1e+07
1e+07
1e+07
1e+07
)
;

boundaryField
{
    outerWall
    {
        type            zeroGradient;
    }
    axis
    {
        type            symmetryPlane;
    }
    nozzle
    {
        type            fixedValue;
        value           uniform 0;
    }
    back
    {
        type            empty;
    }
    front
    {
        type            empty;
    }
}


// ************************************************************************* //
