/*--------------------------------*- C++ -*----------------------------------*\
| =========                 |                                                 |
| \\      /  F ield         | OpenFOAM: The Open Source CFD Toolbox           |
|  \\    /   O peration     | Version:  2412                                  |
|   \\  /    A nd           | Website:  www.openfoam.com                      |
|    \\/     M anipulation  |                                                 |
\*---------------------------------------------------------------------------*/
FoamFile
{
    version     2.0;
    format      ascii;
    arch        "LSB;label=32;scalar=64";
    class       surfaceScalarField;
    location    "6.5e-05";
    object      phi;
}
// * * * * * * * * * * * * * * * * * * * * * * * * * * * * * * * * * * * * * //

dimensions      [1 0 -1 0 0 0 0];

oriented        oriented;

internalField   nonuniform List<scalar> 
7275
(
3.08601e-09
1.35179e-09
9.50243e-09
2.95644e-09
2.57444e-08
7.87744e-09
6.71813e-08
2.1136e-08
1.7046e-07
5.55076e-08
4.20604e-07
1.42058e-07
1.00817e-06
3.5376e-07
2.34447e-06
8.56161e-07
5.28178e-06
2.01122e-06
1.151e-05
4.57977e-06
2.4222e-05
1.00946e-05
4.91366e-05
2.15049e-05
9.59018e-05
4.42077e-05
0.000179713
8.75475e-05
0.000322635
0.000166733
0.000553627
0.000304834
0.000905838
0.000534095
0.00140975
0.000895308
0.00208175
0.00143385
0.00290987
0.00219154
0.00384143
0.003195
0.00477893
0.00444364
0.00559051
0.00590284
0.0061303
0.00750469
0.00626519
0.00915407
0.00590364
0.0107417
0.00501784
0.0121586
0.00365336
0.013309
0.00192486
0.0141181
0.0145352
4.05963e-09
2.99201e-09
1.24767e-08
6.53381e-09
3.37203e-08
1.73822e-08
8.77559e-08
4.65644e-08
2.22009e-07
1.22082e-07
5.46054e-07
3.11871e-07
1.30438e-06
7.75116e-07
3.02202e-06
1.87194e-06
6.78088e-06
4.38731e-06
1.47126e-05
9.96551e-06
3.08158e-05
2.19063e-05
6.21934e-05
4.65309e-05
0.000120712
9.53486e-05
0.000224845
0.00018817
0.000401026
0.000357014
0.000683281
0.000650047
0.00110945
0.00113388
0.00171252
0.00189163
0.00250685
0.00301395
0.00347211
0.0045816
0.00454065
0.00664164
0.00559566
0.00918414
0.0064863
0.0121311
0.00705162
0.0153398
0.00715079
0.0186182
0.00669292
0.0217513
0.00565784
0.0245306
0.00410296
0.0267762
0.00215652
0.0283499
0.0291597
6.21034e-09
5.2302e-09
1.90388e-08
1.1396e-08
5.12891e-08
3.0247e-08
1.32994e-07
8.08375e-08
3.35128e-07
2.11408e-07
8.20761e-07
5.38605e-07
1.95149e-06
1.33472e-06
4.49851e-06
3.21319e-06
1.00386e-05
7.5049e-06
2.16513e-05
1.69831e-05
4.50544e-05
3.71805e-05
9.02854e-05
7.86244e-05
0.000173879
0.000160333
0.000321131
0.000314746
0.000567449
0.000593725
0.000957047
0.00107426
0.00153683
0.00186102
0.00234383
0.00308172
0.00338689
0.00487105
0.00462708
0.00734196
0.00596526
0.0105489
0.00724586
0.0144556
0.00828143
0.0189243
0.00888344
0.0237266
0.00889899
0.0285716
0.00824137
0.0331493
0.00690719
0.0371702
0.00497751
0.0403939
0.0026062
0.0426409
0.0437937
9.95858e-09
8.41188e-09
3.04541e-08
1.8279e-08
8.17787e-08
4.83803e-08
2.11293e-07
1.28932e-07
5.30342e-07
3.36161e-07
1.29332e-06
8.53622e-07
3.0608e-06
2.10782e-06
7.01995e-06
5.05465e-06
1.55788e-05
1.17561e-05
3.33974e-05
2.64808e-05
6.90371e-05
5.7682e-05
0.00013734
0.000121308
0.000262388
0.000245885
0.000480335
0.000479507
0.000840545
0.000897982
0.00140252
0.00161189
0.00222578
0.00276822
0.00335104
0.00454074
0.00477503
0.00710405
0.00642648
0.010591
0.00815576
0.0150431
0.00974946
0.0203733
0.0109689
0.0263638
0.0115912
0.0326892
0.0114533
0.0389644
0.0104814
0.0448033
0.00870031
0.0498666
0.00622571
0.0538866
0.00324594
0.0566704
0.0580938
1.59642e-08
1.29205e-08
4.87036e-08
2.79931e-08
1.30381e-07
7.38626e-08
3.35701e-07
1.96223e-07
8.39407e-07
5.09888e-07
2.03856e-06
1.29005e-06
4.80275e-06
3.17284e-06
1.09609e-05
7.57575e-06
2.41935e-05
1.75365e-05
5.15587e-05
3.92975e-05
0.000105886
8.5116e-05
0.000209138
0.000177892
0.000396398
0.000358119
0.000719313
0.000693134
0.00124655
0.00128731
0.0020577
0.0022897
0.00322687
0.00389292
0.00479499
0.00631566
0.00673554
0.00976329
0.00892659
0.0143695
0.0111465
0.0201349
0.0131071
0.026894
0.0145096
0.0343288
0.0150983
0.0420127
0.014711
0.0494817
0.0133013
0.0563074
0.0109353
0.062142
0.00777096
0.0667276
0.00403494
0.0698838
0.0714935
2.51488e-08
1.916e-08
7.65448e-08
4.13823e-08
2.04293e-07
1.08837e-07
5.24209e-07
2.88181e-07
1.30586e-06
7.46183e-07
3.15841e-06
1.88062e-06
7.40788e-06
4.60589e-06
1.68238e-05
1.09469e-05
3.69355e-05
2.52127e-05
7.82492e-05
5.61877e-05
0.000159657
0.000120962
0.000313079
0.000251122
0.000588693
0.000501817
0.00105884
0.000963353
0.00181696
0.00177306
0.00296662
0.00312228
0.00459604
0.00525006
0.0067384
0.00841431
0.00932724
0.0128357
0.0121668
0.0186221
0.0149412
0.0257013
0.0172755
0.0338027
0.0188108
0.0424957
0.0192722
0.0512627
0.0185184
0.059595
0.0165492
0.0670688
0.0134823
0.0733717
0.00952038
0.0782867
0.0049253
0.081659
0.0833796
3.87045e-08
2.75127e-08
1.1753e-07
5.92334e-08
3.12732e-07
1.55268e-07
7.99724e-07
4.09723e-07
1.98474e-06
1.05702e-06
4.78075e-06
2.65343e-06
1.11628e-05
6.47041e-06
2.52269e-05
1.53052e-05
5.50852e-05
3.50669e-05
0.000116006
7.76998e-05
0.000235139
0.000166215
0.000457739
0.000342659
0.000853739
0.000679439
0.00152173
0.00129315
0.00258507
0.00235736
0.00417347
0.00410725
0.00638513
0.00682515
0.0092321
0.0107967
0.0125852
0.0162356
0.016148
0.0231924
0.0194911
0.03149
0.0221498
0.0407352
0.0237182
0.0503897
0.0239279
0.0598773
0.0226856
0.0686953
0.0200548
0.0764763
0.0162079
0.0829812
0.0113848
0.088047
0.00587328
0.0915359
0.0933277
5.8072e-08
3.82693e-08
1.75932e-07
8.21274e-08
4.66717e-07
2.14557e-07
1.18942e-06
5.64226e-07
2.9408e-06
1.45023e-06
7.05455e-06
3.62583e-06
1.63978e-05
8.80256e-06
3.68741e-05
2.07209e-05
8.00788e-05
4.72224e-05
0.000167625
0.000104019
0.000337503
0.000221073
0.000652139
0.000452474
0.00120628
0.000890021
0.00213028
0.00167888
0.00358153
0.00303024
0.00571547
0.0052213
0.00863149
0.00856972
0.0123011
0.0133716
0.0165045
0.0198062
0.0208168
0.0278338
0.0246848
0.0371505
0.027564
0.04724
0.0290289
0.0574841
0.0288538
0.0673003
0.0270214
0.0762531
0.0236674
0.0840806
0.0190093
0.0906362
0.0133053
0.0957984
0.00685396
0.099409
0.101295
8.48699e-08
5.15363e-08
2.56523e-07
1.10245e-07
6.78465e-07
2.87046e-07
1.72316e-06
7.52259e-07
4.24446e-06
1.92637e-06
1.014e-05
4.79678e-06
2.34631e-05
1.15937e-05
5.24997e-05
2.71582e-05
0.000113387
6.15603e-05
0.000235906
0.000134797
0.000471779
0.000284605
0.000904743
0.000578253
0.00165948
0.00112818
0.00290309
0.00210883
0.00482933
0.00376766
0.00761543
0.0064183
0.0113481
0.0104009
0.0159333
0.0160004
0.0210298
0.0233324
0.0260616
0.0322412
0.0303549
0.0422904
0.03331
0.0528616
0.0345237
0.0633064
0.0338536
0.0731038
0.031379
0.0819488
0.0273004
0.0897185
0.0218525
0.0963527
0.0152805
0.10173
0.00787564
0.105607
0.107694
1.20762e-07
6.713e-08
3.64176e-07
1.43149e-07
9.6032e-07
3.71483e-07
2.43077e-06
9.70227e-07
5.96515e-06
2.47542e-06
1.41924e-05
6.13924e-06
3.26924e-05
1.47731e-05
7.2788e-05
3.44381e-05
0.000156343
7.76441e-05
0.0003233
0.000169009
0.000642178
0.000354491
0.00122222
0.000714976
0.00222283
0.00138354
0.00385165
0.00256252
0.00633874
0.00453134
0.00987524
0.00763063
0.0145164
0.0122066
0.020074
0.0185098
0.0260551
0.0265672
0.0317217
0.0360946
0.0362984
0.0465368
0.0391706
0.0572163
0.0400089
0.0675218
0.0387915
0.0770679
0.035699
0.0857318
0.0309666
0.0935409
0.0247988
0.100488
0.0173853
0.106388
0.00899046
0.110828
0.113321
1.67256e-07
8.44786e-08
5.03258e-07
1.79589e-07
1.32319e-06
4.64534e-07
3.33817e-06
1.20922e-06
8.16192e-06
3.07409e-06
1.93408e-05
7.59401e-06
4.43543e-05
1.81947e-05
9.8269e-05
4.22124e-05
0.000209929
9.46707e-05
0.000431494
0.000204867
0.000851328
0.000426913
0.0016081
0.000854808
0.00289994
0.00164073
0.00497718
0.00301129
0.00810329
0.00527067
0.0124717
0.00877415
0.0180837
0.0138562
0.0246273
0.0207116
0.0314332
0.0292624
0.037607
0.0391009
0.0423062
0.0495871
0.0449564
0.0600447
0.0453554
0.0699751
0.0436277
0.0791941
0.0400358
0.0877924
0.034795
0.0959331
0.0280154
0.103613
0.0197781
0.110519
0.0103001
0.115968
0.119187
2.2544e-07
1.02559e-07
6.76858e-07
2.17378e-07
1.77459e-06
5.60519e-07
4.46252e-06
1.45438e-06
1.08721e-05
3.6845e-06
2.5662e-05
9.06729e-06
5.85964e-05
2.16336e-05
0.000129202
4.99587e-05
0.000274548
0.00011147
0.000560983
0.000239852
0.00109951
0.000496655
0.00206156
0.000987432
0.00368681
0.00188031
0.00626846
0.00342039
0.0100976
0.00592702
0.0153553
0.00975622
0.021965
0.0152135
0.0294634
0.0224224
0.0369911
0.0311965
0.0435215
0.0410285
0.0481944
0.0512428
0.0505374
0.0612325
0.0505238
0.0706813
0.0484294
0.0796515
0.0445546
0.0884532
0.0390208
0.0973589
0.0317657
0.106323
0.0226977
0.114857
0.0119598
0.121909
0.126331
2.95687e-07
1.19898e-07
8.85928e-07
2.53411e-07
2.31643e-06
6.51485e-07
5.80706e-06
1.68523e-06
1.40995e-05
4.25522e-06
3.31545e-05
1.04338e-05
7.53899e-05
2.47945e-05
0.000165467
5.70053e-05
0.000349811
0.000126571
0.000710696
0.000270863
0.00138408
0.00055747
0.00257657
0.00110083
0.00457074
0.00208033
0.00770069
0.00375192
0.0122771
0.00643906
0.0184523
0.0104846
0.0260487
0.0161512
0.0344299
0.0234841
0.0425497
0.0321998
0.0492881
0.0417291
0.0538264
0.0514179
0.055857
0.0607922
0.0555622
0.0697682
0.0533521
0.0786726
0.0495024
0.088024
0.0439537
0.098177
0.0363899
0.109039
0.0264631
0.119947
0.0141908
0.129385
0.135753
3.77381e-07
1.34658e-07
1.12849e-06
2.83856e-07
2.94308e-06
7.27719e-07
7.35651e-06
1.87704e-06
1.78039e-05
4.72482e-06
4.17161e-05
1.15458e-05
9.44848e-05
2.73342e-05
0.000206472
6.25835e-05
0.000434383
0.000138317
0.000877745
0.000294484
0.00169905
0.000602621
0.00314138
0.00118238
0.00552992
0.0022184
0.00923582
0.00396865
0.0145798
0.00674913
0.021669
0.0108771
0.0302057
0.0165641
0.0393678
0.0237791
0.0479424
0.0321668
0.054765
0.041141
0.0591221
0.0501226
0.0609245
0.0588174
0.0605794
0.0673957
0.0585976
0.0764427
0.0551571
0.0866619
0.0499425
0.0985037
0.0422977
0.111889
0.0314957
0.126067
0.0173169
0.138962
0.148508
4.68685e-07
1.44808e-07
1.39898e-06
3.04513e-07
3.63987e-06
7.78676e-07
9.07355e-06
2.00318e-06
2.18936e-05
5.02796e-06
5.11287e-05
1.22481e-05
0.00011538
2.88965e-05
0.000251109
6.59075e-05
0.000525904
0.000145044
0.00105731
0.000307347
0.00203505
0.000625623
0.00373868
0.00122025
0.00653408
0.00227425
0.0108242
0.00403815
0.0169296
0.00680953
0.0248987
0.0108706
0.0342998
0.0163792
0.0441243
0.0232401
0.0530268
0.031059
0.0598513
0.0392773
0.0640482
0.0474317
0.0657869
0.0554287
0.0656991
0.0636843
0.0643554
0.0730135
0.0617798
0.0842961
0.0573499
0.0981458
0.0499827
0.114653
0.0383812
0.133197
0.021845
0.151101
0.165989
5.66438e-07
1.4838e-07
1.68799e-06
3.11347e-07
4.38234e-06
7.9432e-07
1.08975e-05
2.03858e-06
2.62228e-05
5.1037e-06
6.10544e-05
1.23976e-05
0.000137319
2.91582e-05
0.000297749
6.62752e-05
0.000621012
0.000145296
0.00124277
0.000306566
0.00237964
0.00062106
0.00434626
0.00120488
0.007546
0.00223213
0.0124074
0.00393662
0.0192419
0.0065879
0.0280289
0.0104271
0.0381968
0.0155615
0.048563
0.0218511
0.0576899
0.0288981
0.0644808
0.0362074
0.0685973
0.0434525
0.070491
0.0507328
0.0710097
0.0586734
0.07075
0.068275
0.0695708
0.0806094
0.0665363
0.0965786
0.060057
0.11672
0.0479829
0.140963
0.0285998
0.166228
0.190351
6.66208e-07
1.43779e-07
1.98242e-06
3.01122e-07
5.13691e-06
7.66691e-07
1.2746e-05
1.96361e-06
3.05967e-05
4.905e-06
7.10475e-05
1.18856e-05
0.000159321
2.78781e-05
0.000344321
6.31748e-05
0.000715512
0.000138035
0.00142601
0.00029016
0.00271793
0.000585371
0.00493839
0.00113034
0.00852381
0.00208303
0.0139221
0.00365195
0.0214285
0.00607091
0.0309484
0.0095373
0.041773
0.0141156
0.0525685
0.0196446
0.0618453
0.0257544
0.068608
0.0320372
0.0727606
0.0383025
0.0750451
0.0448058
0.0765155
0.052319
0.0777951
0.0619773
0.0786273
0.0750668
0.0778378
0.0929402
0.0732999
0.116982
0.0616796
0.148374
0.0390611
0.184661
0.22523
7.62554e-07
1.30087e-07
2.2663e-06
2.72015e-07
5.86288e-06
6.91416e-07
1.45201e-05
1.76775e-06
3.47832e-05
4.40749e-06
8.05833e-05
1.0658e-05
0.000180246
2.49417e-05
0.000388441
5.63777e-05
0.000804652
0.000122837
0.00159801
0.000257404
0.0030337
0.000517468
0.00548753
0.00099529
0.00942387
0.00182606
0.0153042
0.00318555
0.0234035
0.00526605
0.0335538
0.00822129
0.0449199
0.0120838
0.0560461
0.0166941
0.0654256
0.0217355
0.0721922
0.026897
0.0765037
0.0321019
0.079389
0.0377027
0.0821046
0.0445331
0.0853488
0.0537936
0.0888804
0.0669813
0.0914855
0.086034
0.0906167
0.113654
0.0815054
0.153321
0.0550975
0.206901
0.276125
8.49475e-07
1.07308e-07
2.52206e-06
2.24101e-07
6.51581e-06
5.68873e-07
1.61125e-05
1.45246e-06
3.85321e-05
3.616e-06
8.91008e-05
8.72982e-06
0.000198882
2.03925e-05
0.000427611
4.60026e-05
0.000883502
0.000100009
0.00174953
0.000209047
0.00331055
0.000419087
0.00596639
0.000803557
0.0102038
0.00146914
0.0164932
0.00255283
0.0250879
0.00420149
0.0357536
0.00652704
0.0475466
0.00954154
0.0589198
0.0131075
0.0683749
0.0169781
0.0751844
0.0209364
0.0797508
0.0249824
0.0833757
0.0294895
0.0875252
0.0352489
0.0930666
0.0434186
0.100004
0.0556137
0.107501
0.0743156
0.113232
0.103767
0.112567
0.149842
0.0854678
0.229839
0.357373
9.21016e-07
7.64827e-08
2.73235e-06
1.59583e-07
7.05189e-06
4.04713e-07
1.74178e-05
1.03232e-06
4.15996e-05
2.56731e-06
9.6056e-05
6.19083e-06
0.000214066
1.44429e-05
0.000459442
3.25345e-05
0.000947396
7.06167e-05
0.0018719
0.000147347
0.00353332
0.000294807
0.00635005
0.000564002
0.0108256
0.00102858
0.0174356
0.00178227
0.0264139
0.00292404
0.0374718
0.00452656
0.0495803
0.00659161
0.0611297
0.00901925
0.0706436
0.0116419
0.0775233
0.0143257
0.0823862
0.0171038
0.0867759
0.0202874
0.0923794
0.0245061
0.100339
0.0307195
0.111159
0.0404467
0.124808
0.05649
0.139295
0.0851312
0.146826
0.13814
0.113299
0.25916
0.466423
7.73449e-07
4.75034e-08
2.29349e-06
9.90713e-08
5.91555e-06
2.5113e-07
1.46007e-05
6.40247e-07
3.48439e-05
1.59139e-06
8.03863e-05
3.8352e-06
0.000178971
8.94138e-06
0.000383706
2.01267e-05
0.000790271
4.36492e-05
0.00155934
9.09931e-05
0.00293889
0.000181867
0.00527273
0.000347529
0.00897163
0.000632964
0.0144181
0.00109515
0.0217887
0.00179377
0.0308246
0.00277173
0.0406606
0.00402806
0.0499816
0.00550021
0.0576227
0.00708693
0.0631764
0.00871184
0.0672528
0.0104063
0.0712231
0.0123779
0.0765907
0.0150379
0.0845482
0.0190185
0.0962207
0.0253326
0.113578
0.0358066
0.141504
0.0538811
0.190481
0.0857854
0.298571
0.147549
0.261245
0.500071
7.93652e-07
1.6089e-08
2.3528e-06
3.35485e-08
6.06654e-06
8.50238e-08
1.49677e-05
2.16721e-07
3.57046e-05
5.38557e-07
8.23336e-05
1.29756e-06
0.000183212
3.02424e-06
0.00039257
6.80514e-06
0.000808008
1.47528e-05
0.00159319
3.07408e-05
0.00300026
6.14111e-05
0.00537791
0.000117284
0.00914116
0.000213475
0.0146734
0.000369085
0.0221452
0.000604033
0.0312825
0.000932486
0.0411975
0.00135376
0.0505609
0.0018466
0.0582186
0.00237717
0.0638038
0.00292076
0.0679919
0.00348979
0.0722308
0.00415713
0.0781117
0.00506556
0.0869766
0.00643569
0.100262
0.00862343
0.120478
0.0122718
0.152422
0.0186073
0.204834
0.0299735
0.301175
0.0476543
0.0805168
0.478175
8.00493e-07
-1.6159e-08
2.37288e-06
-3.36896e-08
6.11764e-06
-8.53672e-08
1.50918e-05
-2.17564e-07
3.59958e-05
-5.40576e-07
8.2992e-05
-1.30226e-06
0.000184645
-3.03482e-06
0.000395566
-6.82822e-06
0.000813998
-1.48014e-05
0.00160462
-3.08393e-05
0.00302095
-6.16031e-05
0.00541336
-0.000117643
0.00919824
-0.000214118
0.0147592
-0.000370183
0.022265
-0.000605819
0.0314361
-0.000935244
0.0413773
-0.00135781
0.0507547
-0.00185222
0.0584182
-0.0023846
0.0640149
-0.00293018
0.0682426
-0.00350146
0.0725762
-0.00417154
0.0786376
-0.0050837
0.0878231
-0.00645926
0.101684
-0.00865482
0.122952
-0.0123134
0.15689
-0.0186581
0.2135
-0.0300278
0.305282
-0.0476546
-0.0803349
0.46239
7.93625e-07
-4.75664e-08
2.35272e-06
-9.91987e-08
6.06634e-06
-2.51441e-07
1.49672e-05
-6.41014e-07
3.57036e-05
-1.59324e-06
8.23313e-05
-3.83951e-06
0.000183207
-8.95113e-06
0.000392561
-2.01481e-05
0.00080799
-4.36944e-05
0.00159316
-9.10851e-05
0.00300019
-0.000182048
0.0053778
-0.000347868
0.00914099
-0.000633573
0.0146731
-0.0010962
0.0221448
-0.00179548
0.031282
-0.00277439
0.0411969
-0.00403197
0.0505603
-0.00550566
0.0582179
-0.00709417
0.063803
-0.00872104
0.0679909
-0.0104176
0.0722294
-0.0123919
0.0781097
-0.0150554
0.0869737
-0.0190412
0.100259
-0.0253632
0.120475
-0.0358488
0.152419
-0.0539315
0.204839
-0.0858475
0.301192
-0.147562
-0.261047
0.478176
7.73396e-07
-7.65303e-08
2.29334e-06
-1.5968e-07
5.91518e-06
-4.04951e-07
1.45998e-05
-1.03291e-06
3.48419e-05
-2.56876e-06
8.0382e-05
-6.19426e-06
0.000178962
-1.44508e-05
0.000383687
-3.2552e-05
0.000790234
-7.06542e-05
0.00155928
-0.000147424
0.00293877
-0.000294961
0.00527252
-0.000564295
0.0089713
-0.00102911
0.0144176
-0.0017832
0.021788
-0.00292559
0.0308236
-0.00452899
0.0406595
-0.00659524
0.0499803
-0.00902437
0.0576212
-0.0116488
0.0631748
-0.0143345
0.0672508
-0.0171147
0.0712204
-0.0203006
0.0765869
-0.0245224
0.0845428
-0.0307407
0.0962142
-0.0404761
0.113575
-0.0565352
0.141523
-0.085204
0.19055
-0.138252
0.298614
-0.259147
0.499977
-0.466089
0.485114
0.01243
0.47998
0.00236641
0.476047
0.000899779
0.472339
0.000376662
0.468503
0.000166024
0.464367
7.78377e-05
0.459821
3.72436e-05
0.454765
1.74265e-05
0.449085
7.90814e-06
0.442652
3.57239e-06
0.435326
1.70577e-06
0.426971
9.36211e-07
0.41749
6.40945e-07
0.406851
5.44909e-07
0.395125
5.26944e-07
0.382505
5.31005e-07
0.369316
5.32731e-07
0.35599
5.20134e-07
0.343036
4.95646e-07
0.330988
4.61557e-07
0.320359
4.00262e-07
0.311603
3.2949e-07
0.305082
2.34061e-07
0.301059
1.5914e-07
8.63339e-08
0.483295
0.00473982
0.479529
0.00331932
0.475779
0.00157676
0.472148
0.000645578
0.468375
0.000248057
0.464294
9.0448e-05
0.459787
3.18406e-05
0.454753
1.15285e-05
0.449084
4.57555e-06
0.442656
1.96543e-06
0.435331
9.45496e-07
0.426978
5.46825e-07
0.417497
4.01346e-07
0.406858
3.56745e-07
0.395132
3.49928e-07
0.382513
3.46685e-07
0.369324
3.33658e-07
0.355998
3.09295e-07
0.343044
2.74612e-07
0.330996
2.32124e-07
0.320367
1.77526e-07
0.311611
1.22667e-07
0.30509
6.61319e-08
0.301067
3.23922e-08
1.44865e-08
0.469328
-0.00470572
0.473183
-0.00329375
0.473299
-0.00156155
0.47126
-0.000636796
0.468088
-0.000243082
0.464209
-8.76745e-05
0.459762
-3.03003e-05
0.454745
-1.05978e-05
0.449081
-3.98836e-06
0.442655
-1.56049e-06
0.435331
-6.15937e-07
0.426978
-2.31234e-07
0.417497
-6.98509e-08
0.406858
-5.43248e-09
0.395132
2.65881e-08
0.382513
2.6721e-08
0.369324
7.32337e-09
0.355998
-1.41991e-08
0.343044
-4.30116e-08
0.330996
-7.82759e-08
0.320367
-1.05396e-07
0.311611
-1.23913e-07
0.30509
-1.22644e-07
0.301067
-1.1003e-07
-7.25965e-08
0.483292
-0.012393
0.479525
-0.00234007
0.475777
-0.000885422
0.472146
-0.000368925
0.468374
-0.00016175
0.464293
-7.54352e-05
0.459786
-3.59215e-05
0.454753
-1.67014e-05
0.449084
-7.47746e-06
0.442656
-3.27197e-06
0.435331
-1.45129e-06
0.426978
-6.8483e-07
0.417497
-3.71381e-07
0.406858
-2.53473e-07
0.395132
-2.16594e-07
0.382513
-2.17569e-07
0.369324
-2.34704e-07
0.355998
-2.50445e-07
0.343044
-2.69557e-07
0.330996
-2.90396e-07
0.320367
-2.89465e-07
0.311611
-2.76492e-07
0.30509
-2.31143e-07
0.301067
-1.8695e-07
-1.2144e-07
0.485057
0.479949
0.47603
0.47233
0.468498
0.464364
0.45982
0.454764
0.449085
0.442652
0.435326
0.426971
0.41749
0.406851
0.395125
0.382505
0.369316
0.35599
0.343036
0.330988
0.320359
0.311603
0.305081
0.301059
9.30346e-07
-1.0763e-07
2.76004e-06
-2.24776e-07
7.12342e-06
-5.7059e-07
1.75946e-05
-1.45686e-06
4.20223e-05
-3.62699e-06
9.7033e-05
-8.75648e-06
0.000216245
-2.04551e-05
0.000464124
-4.61447e-05
0.000957062
-0.00010032
0.00189102
-0.000209702
0.00356946
-0.000420412
0.00641508
-0.00080612
0.0109366
-0.00147387
0.0176147
-0.00256116
0.0266857
-0.0042154
0.0378582
-0.006549
0.0500926
-0.00957419
0.0617626
-0.0131531
0.0713761
-0.0170382
0.0783275
-0.0210114
0.0832395
-0.0250721
0.0876704
-0.0295938
0.0933233
-0.0353687
0.101349
-0.043556
0.112249
-0.0557689
0.125972
-0.0744791
0.140471
-0.103896
0.14783
-0.149825
0.113933
-0.229498
-0.356448
8.57068e-07
-1.30498e-07
2.54465e-06
-2.72881e-07
6.57432e-06
-6.93642e-07
1.62576e-05
-1.77351e-06
3.88802e-05
-4.42199e-06
8.99084e-05
-1.06935e-05
0.000200691
-2.5026e-05
0.000431516
-5.65711e-05
0.000891606
-0.000123265
0.00176565
-0.000258318
0.00334122
-0.000519342
0.006022
-0.000998972
0.0102995
-0.00183298
0.016649
-0.00319794
0.0253268
-0.00528712
0.0360972
-0.00825522
0.048008
-0.0121354
0.0594972
-0.0167678
0.0690503
-0.0218344
0.0759298
-0.027022
0.0805387
-0.0322517
0.0841875
-0.0378744
0.0883538
-0.0447234
0.0939096
-0.053998
0.100852
-0.06719
0.108328
-0.0862211
0.113989
-0.113758
0.113197
-0.153221
0.0858719
-0.206376
-0.274839
7.68018e-07
-1.44074e-07
2.28261e-06
-3.01757e-07
5.90536e-06
-7.68356e-07
1.46261e-05
-1.968e-06
3.50388e-05
-4.91631e-06
8.11805e-05
-1.19139e-05
0.000181593
-2.79468e-05
0.000391374
-6.33364e-05
0.000810792
-0.000138402
0.00161035
-0.000290966
0.00305742
-0.000587072
0.00553107
-0.00113378
0.00949982
-0.00208971
0.0154298
-0.00366433
0.0235992
-0.00609272
0.0338405
-0.00957374
0.0453127
-0.0141731
0.0565477
-0.0197299
0.066023
-0.0258728
0.0728596
-0.032191
0.0772096
-0.0384896
0.0801051
-0.0450195
0.08281
-0.0525489
0.0860266
-0.062209
0.0895084
-0.0752776
0.0920275
-0.0930894
0.0910221
-0.116995
0.0817177
-0.148125
0.0551282
-0.183999
-0.223957
6.69418e-07
-1.48384e-07
1.99208e-06
-3.11383e-07
5.16231e-06
-7.94488e-07
1.28101e-05
-2.03922e-06
3.07532e-05
-5.10584e-06
7.14179e-05
-1.24042e-05
0.000160169
-2.91776e-05
0.000346194
-6.63288e-05
0.0007195
-0.000145436
0.00143417
-0.000306917
0.00273393
-0.000621892
0.00496837
-0.00120676
0.00857733
-0.00223617
0.0140128
-0.00394484
0.0215738
-0.00660372
0.0311676
-0.0104558
0.0420828
-0.0156104
0.0529771
-0.0219291
0.0623463
-0.0290134
0.0691801
-0.0363647
0.0733718
-0.0436505
0.0756602
-0.0509621
0.0771024
-0.0589163
0.0783271
-0.0685065
0.0790782
-0.0807953
0.0781772
-0.0966693
0.0734981
-0.116641
0.0617263
-0.14061
0.0390087
-0.165513
-0.189176
5.67515e-07
-1.44406e-07
1.69133e-06
-3.03706e-07
4.39147e-06
-7.76719e-07
1.09215e-05
-1.99842e-06
2.62839e-05
-5.01677e-06
6.12053e-05
-1.22229e-05
0.00013768
-2.88422e-05
0.000298583
-6.57967e-05
0.000622871
-0.000144833
0.00124675
-0.000306974
0.00238784
-0.000625036
0.00436241
-0.00121948
0.00757633
-0.0022736
0.0124615
-0.00403857
0.0193333
-0.00681323
0.0281744
-0.0108819
0.038414
-0.0164052
0.0488652
-0.0232909
0.0580786
-0.0311461
0.0649422
-0.0394094
0.0691028
-0.0476105
0.0710026
-0.0556449
0.0714882
-0.0639157
0.0711617
-0.0732263
0.0698888
-0.084447
0.0667395
-0.0981807
0.060135
-0.114505
0.0479518
-0.132788
0.0285188
-0.150388
-0.164946
4.67945e-07
-1.33814e-07
1.39692e-06
-2.82124e-07
3.63501e-06
-7.23409e-07
9.06286e-06
-1.86626e-06
2.18716e-05
-4.69862e-06
5.10871e-05
-1.14843e-05
0.00011531
-2.71949e-05
0.000251015
-6.2281e-05
0.000525843
-0.000137688
0.00105749
-0.00029324
0.00203606
-0.000600292
0.00374187
-0.00117829
0.00654234
-0.00221172
0.0108428
-0.0039587
0.0169677
-0.00673606
0.0249695
-0.010863
0.0344202
-0.0165546
0.0443115
-0.0237844
0.0532908
-0.0322008
0.060188
-0.0412174
0.0644365
-0.0502487
0.0661912
-0.058988
0.0660776
-0.0675889
0.0646698
-0.0766202
0.0620028
-0.0867747
0.0574674
-0.0984957
0.0499973
-0.111701
0.0383213
-0.125646
0.0217665
-0.138291
-0.147602
3.75263e-07
-1.18651e-07
1.12231e-06
-2.50829e-07
2.92748e-06
-6.44992e-07
7.31897e-06
-1.66882e-06
1.7717e-05
-4.21481e-06
4.15225e-05
-1.03375e-05
9.40714e-05
-2.45729e-05
0.000205629
-5.65143e-05
0.000432752
-0.000125526
0.000874768
-0.000268735
0.00169398
-0.000553337
0.00313345
-0.00109322
0.00551881
-0.0020671
0.00922266
-0.00373041
0.0145686
-0.0064067
0.0216688
-0.0104402
0.030231
-0.0160973
0.0394378
-0.0234291
0.0480745
-0.0321587
0.0549657
-0.0417202
0.0593812
-0.0514559
0.0612141
-0.0608799
0.0608601
-0.0698897
0.0588295
-0.0787923
0.0553117
-0.0880912
0.0500082
-0.0981359
0.0422827
-0.108837
0.0314308
-0.119546
0.0172504
-0.128783
-0.134984
2.92675e-07
-1.01008e-07
8.77049e-07
-2.14144e-07
2.2937e-06
-5.52329e-07
5.7515e-06
-1.43352e-06
1.39684e-05
-3.63274e-06
3.28559e-05
-8.9428e-06
7.47352e-05
-2.13442e-05
0.000164089
-4.93096e-05
0.000347037
-0.00011007
0.000705374
-0.000236951
0.00137439
-0.000490912
0.00255997
-0.000976598
0.00454415
-0.00186093
0.00766134
-0.00338768
0.0122242
-0.00587532
0.0183895
-0.00968033
0.0259868
-0.0151114
0.0343876
-0.0222985
0.0425493
-0.0310644
0.0493461
-0.0409092
0.0539455
-0.0511585
0.0560211
-0.0611968
0.0557393
-0.0706901
0.0535048
-0.0796782
0.0496009
-0.0884529
0.0439856
-0.0972786
0.0363624
-0.106116
0.0264035
-0.114491
0.0141379
-0.121387
-0.125693
2.21993e-07
-8.27531e-08
6.66638e-07
-1.75973e-07
1.74824e-06
-4.55324e-07
4.39753e-06
-1.18562e-06
1.07172e-05
-3.01514e-06
2.53052e-05
-7.4512e-06
5.78038e-05
-1.786e-05
0.000127509
-4.14545e-05
0.000271077
-9.30179e-05
0.00055418
-0.000201403
0.00108681
-0.000419955
0.00203909
-0.000841458
0.00364931
-0.00161636
0.00620984
-0.00296915
0.0100126
-0.00520199
0.0152422
-0.00866937
0.0218294
-0.0137077
0.029321
-0.0205179
0.0368659
-0.0290327
0.0434378
-0.0388559
0.0481669
-0.0493541
0.0505643
-0.0598481
0.0505851
-0.0698259
0.0484946
-0.0790812
0.0445951
-0.0876838
0.0390213
-0.0957844
0.0317292
-0.103381
0.022644
-0.110176
0.0119178
-0.115515
-0.118655
1.63759e-07
-6.53677e-08
4.92847e-07
-1.39439e-07
1.2962e-06
-3.61982e-07
3.27116e-06
-9.45759e-07
8.001e-06
-2.41394e-06
1.89671e-05
-5.98932e-06
4.35163e-05
-1.44191e-05
9.64594e-05
-3.36302e-05
0.000206174
-7.5866e-05
0.000424029
-0.000165243
0.000837155
-0.000346835
0.00158251
-0.000700081
0.00285617
-0.0013559
0.00490669
-0.00251379
0.00799703
-0.00445008
0.0123229
-0.00750309
0.0178923
-0.0120193
0.0244037
-0.0182541
0.0311996
-0.0262453
0.0373917
-0.0357227
0.0421338
-0.0461434
0.0448388
-0.056834
0.0452873
-0.0671763
0.0435896
-0.0767673
0.0400041
-0.0854626
0.0347533
-0.0932728
0.0279611
-0.100186
0.0197228
-0.106027
0.010263
-0.110401
-0.112846
1.175e-07
-4.98587e-08
3.54429e-07
-1.06697e-07
9.34924e-07
-2.77918e-07
2.36737e-06
-7.28634e-07
5.81193e-06
-1.86668e-06
1.3834e-05
-4.65038e-06
3.18826e-05
-1.12457e-05
7.10235e-05
-2.63582e-05
0.000152644
-5.97848e-05
0.00031586
-0.000131001
0.000627864
-0.000276805
0.00119596
-0.000562892
0.00217708
-0.00109928
0.0037763
-0.00205702
0.00622202
-0.00367956
0.00970622
-0.00627678
0.0142892
-0.0101872
0.0197926
-0.0156985
0.025737
-0.0229356
0.0313948
-0.0317583
0.0359929
-0.0417462
0.03891
-0.0522922
0.0398025
-0.0627488
0.0386337
-0.0725845
0.035575
-0.0814753
0.0308625
-0.0892796
0.024709
-0.0959256
0.0173145
-0.101292
0.00894943
-0.105146
-0.107213
8.20189e-08
-3.67676e-08
2.47975e-07
-7.89379e-08
6.56092e-07
-2.06315e-07
1.66702e-06
-5.42796e-07
4.10801e-06
-1.39582e-06
9.81879e-06
-3.49163e-06
2.27321e-05
-8.48163e-06
5.0894e-05
-1.99781e-05
0.00010999
-4.5561e-05
0.000229004
-0.000100437
0.000458341
-0.000213641
0.000879754
-0.000437676
0.00161525
-0.000861822
0.00282885
-0.00162761
0.00471173
-0.00294158
0.00744045
-0.00507607
0.0111049
-0.00834525
0.0156193
-0.0130457
0.0206554
-0.0193636
0.0256506
-0.0272737
0.0299387
-0.0364906
0.0329191
-0.0465146
0.0341799
-0.0567364
0.0335653
-0.0665712
0.0311437
-0.0755702
0.0271112
-0.0834528
0.021705
-0.0900559
0.0151763
-0.0952491
0.0078204
-0.0988741
-0.100763
5.57102e-08
-2.62434e-08
1.68827e-07
-5.6527e-08
4.48043e-07
-1.48246e-07
1.14233e-06
-3.91386e-07
2.82571e-06
-1.01025e-06
6.78202e-06
-2.53749e-06
1.57733e-05
-6.1916e-06
3.54919e-05
-1.46559e-05
7.71301e-05
-3.36048e-05
0.000161575
-7.45229e-05
0.000325595
-0.000159568
0.000629714
-0.000329296
0.00116601
-0.000653697
0.00206155
-0.00124576
0.00347047
-0.00227426
0.00554626
-0.00396889
0.00838952
-0.00660725
0.0119778
-0.0104734
0.0161025
-0.0157852
0.0203529
-0.0226056
0.0241868
-0.0307762
0.0270648
-0.0399237
0.0285585
-0.0495251
0.0284336
-0.0590098
0.0266625
-0.0678682
0.0233738
-0.0757167
0.018783
-0.0822968
0.0131497
-0.0874287
0.00677396
-0.0909642
-0.0927789
3.68324e-08
-1.81487e-08
1.1188e-07
-3.92185e-08
2.97818e-07
-1.03203e-07
7.61929e-07
-2.73413e-07
1.89187e-06
-7.08369e-07
4.55951e-06
-1.78647e-06
1.06524e-05
-4.37843e-06
2.4089e-05
-1.04144e-05
5.26372e-05
-2.40069e-05
0.000110936
-5.35511e-05
0.000225054
-0.000115406
0.000438516
-0.000239867
0.000818735
-0.000479949
0.00146102
-0.000922706
0.00248512
-0.00170101
0.00401783
-0.00300086
0.00615673
-0.00505624
0.00891737
-0.0081223
0.0121792
-0.0124221
0.0156588
-0.0180735
0.0189397
-0.0250214
0.0215669
-0.0330165
0.0231376
-0.0416475
0.0233807
-0.0504078
0.0221965
-0.0587878
0.0196415
-0.06635
0.0158839
-0.0727607
0.011161
-0.0777793
0.00575863
-0.0812315
-0.0829947
2.37111e-08
-1.21717e-08
7.2191e-08
-2.63871e-08
1.92749e-07
-6.96701e-08
4.94805e-07
-1.85208e-07
1.2332e-06
-4.81607e-07
2.98424e-06
-1.21944e-06
7.00331e-06
-3.00172e-06
1.59147e-05
-7.1738e-06
3.49631e-05
-1.6623e-05
7.41246e-05
-3.72925e-05
0.000151362
-8.08742e-05
0.000297074
-0.000169261
0.000559134
-0.000341271
0.00100674
-0.000661666
0.00172957
-0.00123125
0.00282755
-0.00219477
0.00438672
-0.00374068
0.00644131
-0.00608541
0.00893056
-0.00943646
0.0116693
-0.0139363
0.014355
-0.0196016
0.0166253
-0.0262877
0.0181305
-0.0336964
0.0185997
-0.0414145
0.0178909
-0.0489798
0.0160004
-0.0559508
0.0130414
-0.0619546
0.00921131
-0.066703
0.00476587
-0.0699864
-0.0716653
1.48686e-08
-7.92372e-09
4.53733e-08
-1.72322e-08
1.21507e-07
-4.56483e-08
3.12968e-07
-1.21757e-07
7.82878e-07
-3.17749e-07
1.90209e-06
-8.07687e-07
4.48333e-06
-1.99661e-06
1.0237e-05
-4.7938e-06
2.26079e-05
-1.11644e-05
4.82075e-05
-2.51853e-05
9.9066e-05
-5.49501e-05
0.0001958
-0.000115773
0.000371388
-0.000235145
0.000674461
-0.000459606
0.00116982
-0.000862913
0.00193279
-0.00155339
0.00303392
-0.00267637
0.00451285
-0.00440604
0.00634581
-0.00692141
0.00841879
-0.0103656
0.0105227
-0.0147965
0.0123841
-0.0201474
0.0137188
-0.0262187
0.0142825
-0.0326961
0.0139201
-0.0391924
0.0125874
-0.0453038
0.0103477
-0.0506589
0.00735242
-0.0549489
0.00381713
-0.05794
-0.0594757
9.0862e-09
-5.01136e-09
2.77901e-08
-1.09323e-08
7.46375e-08
-2.90527e-08
1.92877e-07
-7.77454e-08
4.8421e-07
-2.03602e-07
1.18105e-06
-5.19499e-07
2.79566e-06
-1.2895e-06
6.41319e-06
-3.10992e-06
1.42353e-05
-7.27816e-06
3.05238e-05
-1.65062e-05
6.31106e-05
-3.62241e-05
0.000125577
-7.68082e-05
0.000239964
-0.000157099
0.00043937
-0.000309429
0.000768992
-0.000585881
0.00128331
-0.00106451
0.00203676
-0.00185283
0.00306652
-0.00308435
0.00436922
-0.00490395
0.00587901
-0.00743994
0.00745801
-0.0107665
0.00891006
-0.0148678
0.0100167
-0.0196215
0.0105748
-0.0248029
0.0104377
-0.0301085
0.00954123
-0.0351963
0.0079116
-0.0397284
0.00565643
-0.0434067
0.00294744
-0.0459951
-0.0473309
5.41366e-09
-3.08174e-09
1.65941e-08
-6.74307e-09
4.46949e-08
-1.79759e-08
1.1587e-07
-4.82563e-08
2.91902e-07
-1.26804e-07
7.14691e-07
-3.24731e-07
1.69873e-06
-8.09249e-07
3.91439e-06
-1.96013e-06
8.73138e-06
-4.60884e-06
1.88225e-05
-1.05059e-05
3.91458e-05
-2.31847e-05
7.8394e-05
-4.94596e-05
0.000150864
-0.000101836
0.000278382
-0.000202045
0.000491411
-0.000385614
0.000827823
-0.000706765
0.00132749
-0.0012419
0.00202132
-0.00208884
0.00291542
-0.00335844
0.00397445
-0.00515641
0.00511146
-0.00755636
0.00619209
-0.0105708
0.00705683
-0.0141318
0.00754746
-0.0180881
0.00753856
-0.022215
0.00696237
-0.0262412
0.00582141
-0.0298821
0.00418735
-0.0328733
0.00218993
-0.0349968
-0.0360984
3.1464e-09
-1.84419e-09
9.66518e-09
-4.04702e-09
2.61044e-08
-1.08213e-08
6.78848e-08
-2.9139e-08
1.71596e-07
-7.68197e-08
4.21675e-07
-1.97422e-07
1.00626e-06
-4.93868e-07
2.32877e-06
-1.20118e-06
5.21899e-06
-2.83704e-06
1.13085e-05
-6.49866e-06
2.36506e-05
-1.44176e-05
4.76534e-05
-3.09349e-05
9.23213e-05
-6.40962e-05
0.00017161
-0.000128043
0.000305378
-0.000246209
0.000518985
-0.000454949
0.000840286
-0.000806524
0.00129293
-0.00136961
0.00188603
-0.00222487
0.00260224
-0.00345366
0.00338902
-0.00511972
0.0041583
-0.00724735
0.00479886
-0.00980383
0.00519432
-0.0126926
0.00524551
-0.015756
0.00489122
-0.0187906
0.00412172
-0.0215722
0.00298184
-0.0238827
0.00156493
-0.0255364
-0.0263986
1.78477e-09
-1.0748e-09
5.49389e-09
-2.36529e-09
1.48781e-08
-6.34298e-09
3.88067e-08
-1.71306e-08
9.84138e-08
-4.5304e-08
2.42694e-07
-1.16824e-07
5.81368e-07
-2.93315e-07
1.35103e-06
-7.16228e-07
3.04143e-06
-1.6989e-06
6.62246e-06
-3.90967e-06
1.3924e-05
-8.71757e-06
2.82186e-05
-1.88072e-05
5.50161e-05
-3.91997e-05
0.000102974
-7.8814e-05
0.000184628
-0.000152614
0.000316362
-0.00028415
0.00051682
-0.000507893
0.000802959
-0.000870157
0.00118353
-0.001427
0.00165109
-0.00223752
0.00217516
-0.00335198
0.00270028
-0.00479643
0.0031522
-0.00655846
0.00344954
-0.00857965
0.00351879
-0.0107544
0.00331018
-0.0129382
0.00280962
-0.014964
0.0020435
-0.0166635
0.00107599
-0.0178887
-0.0185304
9.88611e-10
-6.10521e-10
3.04928e-09
-1.34722e-09
8.27915e-09
-3.62299e-09
2.16571e-08
-9.81248e-09
5.50947e-08
-2.60287e-08
1.36328e-07
-6.73374e-08
3.27767e-07
-1.6966e-07
7.64713e-07
-4.15849e-07
1.72892e-06
-9.90425e-07
3.78211e-06
-2.28933e-06
7.9923e-06
-5.12901e-06
1.62863e-05
-1.11225e-05
3.19422e-05
-2.33123e-05
6.01756e-05
-4.71553e-05
0.000108655
-9.19095e-05
0.000187612
-0.00017234
0.000309042
-0.000310396
0.000484453
-0.000536157
0.000720924
-0.000886963
0.00101594
-0.00140361
0.00135252
-0.00212297
0.00169702
-0.00306775
0.00200185
-0.00423589
0.00221264
-0.0055938
0.00227786
-0.00707383
0.00216014
-0.00857793
0.00184566
-0.00998804
0.001349
-0.0111814
0.00071245
-0.0120474
-0.0125028
5.35038e-10
-3.38261e-10
1.65348e-09
-7.48388e-10
4.50056e-09
-2.01801e-09
1.18055e-08
-5.48046e-09
3.01231e-08
-1.45796e-08
7.47795e-08
-3.78351e-08
1.8042e-07
-9.56462e-08
4.22529e-07
-2.35279e-07
9.59188e-07
-5.62538e-07
2.10756e-06
-1.30573e-06
4.47499e-06
-2.93855e-06
9.1662e-06
-6.4034e-06
1.80787e-05
-1.34919e-05
3.42657e-05
-2.74459e-05
6.22797e-05
-5.38217e-05
0.000108305
-0.000101586
0.000179779
-0.000184259
0.000284153
-0.000320685
0.00042658
-0.000534772
0.00060672
-0.000853423
0.000815493
-0.00130214
0.00103317
-0.00189847
0.00123039
-0.0026447
0.00137231
-0.00352248
0.00142459
-0.00449018
0.00136089
-0.00548408
0.00116978
-0.00642466
0.000858843
-0.00722687
0.000454837
-0.00781241
-0.00812138
2.83073e-10
-1.82935e-10
8.76438e-10
-4.05753e-10
2.39126e-09
-1.09693e-09
6.28925e-09
-2.98678e-09
1.6094e-08
-7.96763e-09
4.00767e-08
-2.07378e-08
9.70156e-08
-5.25915e-08
2.28021e-07
-1.29812e-07
5.19643e-07
-3.11514e-07
1.14656e-06
-7.25926e-07
2.4455e-06
-1.64066e-06
5.03363e-06
-3.59157e-06
9.98033e-06
-7.60473e-06
1.90242e-05
-1.5552e-05
3.47904e-05
-3.06717e-05
6.09022e-05
-5.8246e-05
0.000101814
-0.000106339
0.00016215
-0.000186364
0.000245391
-0.00031307
0.000351976
-0.000503479
0.000477231
-0.000774341
0.000609966
-0.00113814
0.000732693
-0.0015983
0.00082395
-0.00214531
0.000861819
-0.00275449
0.000828762
-0.00338607
0.000716287
-0.00398874
0.000528037
-0.0045063
0.000280349
-0.00488602
-0.00508702
1.4649e-10
-9.66368e-11
4.54366e-10
-2.14858e-10
1.24252e-09
-5.82291e-10
3.27628e-09
-1.58944e-09
8.40696e-09
-4.25122e-09
2.09967e-08
-1.10961e-08
5.09893e-08
-2.8225e-08
1.20253e-07
-6.98939e-08
2.75056e-07
-1.68311e-07
6.09298e-07
-3.93684e-07
1.30512e-06
-8.93334e-07
2.69869e-06
-1.96402e-06
5.37726e-06
-4.17783e-06
1.03046e-05
-8.58623e-06
1.89525e-05
-1.70238e-05
3.33815e-05
-3.2512e-05
5.61734e-05
-5.97164e-05
9.00897e-05
-0.000105327
0.000137349
-0.000178136
0.000198531
-0.000288502
0.000271327
-0.000446945
0.00034958
-0.000661778
0.000423218
-0.000936142
0.000479486
-0.00126537
0.000504965
-0.00163534
0.000488522
-0.00202211
0.000424317
-0.00239391
0.000313958
-0.00271516
0.000167069
-0.00295192
-0.00307761
7.41904e-11
-4.98984e-11
2.3051e-10
-1.11198e-10
6.31738e-10
-3.02069e-10
1.66982e-09
-8.26494e-10
4.29601e-09
-2.21614e-09
1.07596e-08
-5.79984e-09
2.62082e-08
-1.47953e-08
6.20099e-08
-3.67505e-08
1.4233e-07
-8.87898e-08
3.16466e-07
-2.08415e-07
6.80594e-07
-4.74715e-07
1.41339e-06
-1.0479e-06
2.82931e-06
-2.23873e-06
5.44889e-06
-4.62233e-06
1.00752e-05
-9.20996e-06
1.7847e-05
-1.76819e-05
3.02153e-05
-3.26591e-05
4.87716e-05
-5.79449e-05
7.48616e-05
-9.8609e-05
0.000108975
-0.000160737
0.000150014
-0.000250666
0.000194692
-0.000373648
0.000237386
-0.000532069
0.000270769
-0.000723777
0.000286929
-0.000940941
0.000279098
-0.00116966
0.000243506
-0.00139097
0.000180777
-0.00158323
9.63973e-05
-0.0017255
-0.00180122
3.67916e-11
-2.52008e-11
1.145e-10
-5.62836e-11
3.14457e-10
-1.53237e-10
8.33103e-10
-4.20222e-10
2.14871e-09
-1.12946e-09
5.39601e-09
-2.96342e-09
1.31812e-08
-7.58022e-09
3.12833e-08
-1.88835e-08
7.20404e-08
-4.57648e-08
1.60745e-07
-1.0778e-07
3.47007e-07
-2.46369e-07
7.23553e-07
-5.45907e-07
1.45469e-06
-1.171e-06
2.81456e-06
-2.42824e-06
5.23009e-06
-4.86055e-06
9.31354e-06
-9.37728e-06
1.58567e-05
-1.74099e-05
2.57471e-05
-3.10578e-05
3.97669e-05
-5.31552e-05
5.82629e-05
-8.71584e-05
8.07357e-05
-0.000136747
0.000105477
-0.000205085
0.000129442
-0.0002938
0.000148551
-0.000401971
0.000158303
-0.000525389
0.000154743
-0.000656239
0.000135557
-0.000783589
0.000100942
-0.000894756
5.3927e-05
-0.000977319
-0.00102136
1.78755e-11
-1.24566e-11
5.57171e-11
-2.78793e-11
1.53323e-10
-7.60668e-11
4.07102e-10
-2.09046e-10
1.05248e-09
-5.63139e-10
2.64978e-09
-1.48111e-09
6.49043e-09
-3.79832e-09
1.54487e-08
-9.48824e-09
3.56865e-08
-2.30626e-08
7.98927e-08
-5.44848e-08
1.73082e-07
-1.2496e-07
3.6227e-07
-2.77875e-07
7.31295e-07
-5.9832e-07
1.42107e-06
-1.24572e-06
2.65287e-06
-2.5042e-06
4.74734e-06
-4.85322e-06
8.12462e-06
-9.0537e-06
1.32645e-05
-1.62324e-05
2.06047e-05
-2.79276e-05
3.03672e-05
-4.60414e-05
4.23347e-05
-7.26373e-05
5.56426e-05
-0.000109545
6.86879e-05
-0.000157794
7.92682e-05
-0.000217025
8.49029e-05
-0.000285042
8.33644e-05
-0.000357583
7.32974e-05
-0.000428554
5.47303e-05
-0.000490773
2.92886e-05
-0.000537133
-0.000561909
8.51302e-12
-6.02988e-12
2.65744e-11
-1.35229e-11
7.32664e-11
-3.69711e-11
1.94945e-10
-1.01812e-10
5.05126e-10
-2.74856e-10
1.2748e-09
-7.24549e-10
3.13057e-09
-1.86265e-09
7.47194e-09
-4.66501e-09
1.73109e-08
-1.13704e-08
3.88761e-08
-2.69416e-08
8.45039e-08
-6.19842e-08
1.77503e-07
-1.38296e-07
3.59678e-07
-2.98836e-07
7.01762e-07
-6.24528e-07
1.3157e-06
-1.26047e-06
2.36519e-06
-2.45314e-06
4.06728e-06
-4.59665e-06
6.67395e-06
-8.27965e-06
1.04217e-05
-1.43139e-05
1.54429e-05
-2.37155e-05
2.16479e-05
-3.76048e-05
2.86099e-05
-5.70007e-05
3.55072e-05
-8.2518e-05
4.11844e-05
-0.000114036
4.43163e-05
-0.000150439
4.36897e-05
-0.000189471
3.85419e-05
-0.000227837
2.88504e-05
-0.000261602
1.54629e-05
-0.000286833
-0.000300342
3.97603e-12
-2.85999e-12
1.24292e-11
-6.42678e-12
3.43301e-11
-1.76048e-11
9.15264e-11
-4.85746e-11
2.37664e-10
-1.31402e-10
6.0117e-10
-3.47139e-10
1.47991e-09
-8.94473e-10
3.54138e-09
-2.24571e-09
8.22734e-09
-5.48795e-09
1.85311e-08
-1.30395e-08
4.04072e-08
-3.00883e-08
8.51604e-08
-6.73416e-08
1.73177e-07
-1.45999e-07
3.39159e-07
-3.06192e-07
6.38416e-07
-6.20279e-07
1.15252e-06
-1.21192e-06
1.99075e-06
-2.28021e-06
3.28183e-06
-4.12484e-06
5.14958e-06
-7.16281e-06
7.6687e-06
-1.19218e-05
1.08043e-05
-1.89919e-05
1.4351e-05
-2.89217e-05
1.7898e-05
-4.20602e-05
2.08555e-05
-5.83785e-05
2.25361e-05
-7.73252e-05
2.22993e-05
-9.77375e-05
1.97314e-05
-0.000117886
1.48032e-05
-0.00013568
7.94509e-06
-0.000149011
-0.00015616
1.82204e-12
-1.32999e-12
5.70368e-12
-2.99425e-12
1.57809e-11
-8.21762e-12
4.21527e-11
-2.27156e-11
1.09679e-10
-6.15682e-11
2.78033e-10
-1.62985e-10
6.86014e-10
-4.20878e-10
1.64564e-09
-1.05912e-09
3.83313e-09
-2.5946e-09
8.65766e-09
-6.18093e-09
1.89338e-08
-1.43019e-08
4.00292e-08
-3.21035e-08
8.16714e-08
-6.98178e-08
1.60514e-07
-1.46904e-07
3.03269e-07
-2.98627e-07
5.49636e-07
-5.8559e-07
9.53303e-07
-1.10598e-06
1.57833e-06
-2.00863e-06
2.48763e-06
-3.50233e-06
3.72152e-06
-5.85385e-06
5.26748e-06
-9.36523e-06
7.02882e-06
-1.43225e-05
8.80532e-06
-2.09159e-05
1.03035e-05
-2.91463e-05
1.11765e-05
-3.87476e-05
1.10961e-05
-4.91365e-05
9.84532e-06
-5.94301e-05
7.40146e-06
-6.85492e-05
3.9775e-06
-7.53971e-05
-7.90747e-05
8.19791e-13
-6.06606e-13
2.56913e-12
-1.36839e-12
7.12001e-12
-3.76202e-12
1.90529e-11
-1.0418e-11
4.967e-11
-2.82886e-11
1.2617e-10
-7.50318e-11
3.11987e-10
-1.94154e-10
7.50139e-10
-4.89648e-10
1.75157e-09
-1.2023e-09
3.9665e-09
-2.87119e-09
8.69854e-09
-6.66085e-09
1.84442e-08
-1.49928e-08
3.77487e-08
-3.27007e-08
7.44337e-08
-6.90169e-08
1.41121e-07
-1.4075e-07
2.56695e-07
-2.76936e-07
4.4692e-07
-5.24887e-07
7.42882e-07
-9.56776e-07
1.17569e-06
-1.67459e-06
1.76624e-06
-2.8098e-06
2.51058e-06
-4.51285e-06
3.36419e-06
-6.92861e-06
4.2317e-06
-1.01569e-05
4.97073e-06
-1.4205e-05
5.41074e-06
-1.89478e-05
5.38821e-06
-2.40998e-05
4.79282e-06
-2.92219e-05
3.60984e-06
-3.37725e-05
1.94214e-06
-3.71969e-05
-3.90383e-05
3.6202e-13
-2.71725e-13
1.13637e-12
-6.13563e-13
3.15457e-12
-1.69014e-12
8.45592e-12
-4.68843e-12
2.20843e-11
-1.27527e-11
5.62061e-11
-3.38871e-11
1.3927e-10
-8.78571e-11
3.3559e-10
-2.22028e-10
7.85414e-10
-5.46364e-10
1.78297e-09
-1.30777e-09
3.92022e-09
-3.0413e-09
8.33522e-09
-6.86326e-09
1.71089e-08
-1.50101e-08
3.38392e-08
-3.17705e-08
6.43637e-08
-6.4986e-08
1.17473e-07
-1.28267e-07
2.05251e-07
-2.43906e-07
3.42427e-07
-4.46108e-07
5.43981e-07
-7.83532e-07
8.20387e-07
-1.31938e-06
1.17067e-06
-2.12672e-06
1.57477e-06
-3.27687e-06
1.98826e-06
-4.82047e-06
2.3437e-06
-6.76418e-06
2.55931e-06
-9.0503e-06
2.55574e-06
-1.15425e-05
2.27853e-06
-1.40279e-05
1.71905e-06
-1.62417e-05
9.25841e-07
-1.79107e-05
-1.88093e-05
1.57193e-13
-1.19344e-13
4.93897e-13
-2.70103e-13
1.37309e-12
-7.45494e-13
3.68644e-12
-2.07154e-12
9.64483e-12
-5.64347e-12
2.45916e-11
-1.50223e-11
6.10519e-11
-3.90191e-11
1.47416e-10
-9.8798e-11
3.45764e-10
-2.4362e-10
7.86728e-10
-5.84391e-10
1.734e-09
-1.36214e-09
3.69636e-09
-3.08136e-09
7.60779e-09
-6.75615e-09
1.50903e-08
-1.43383e-08
2.87888e-08
-2.94108e-08
5.27091e-08
-5.82197e-08
9.23963e-08
-1.11044e-07
1.54673e-07
-2.03741e-07
2.46573e-07
-3.59003e-07
3.73187e-07
-6.06513e-07
5.34436e-07
-9.80884e-07
7.21464e-07
-1.51633e-06
9.14027e-07
-2.23778e-06
1.08089e-06
-3.14968e-06
1.18377e-06
-4.22603e-06
1.18513e-06
-5.40317e-06
1.05878e-06
-6.58046e-06
8.00039e-07
-7.63145e-06
4.31296e-07
-8.42523e-06
-8.85302e-06
6.71005e-14
-5.13322e-14
2.11005e-13
-1.16778e-13
5.87215e-13
-3.22912e-13
1.57943e-12
-8.98927e-13
4.13915e-12
-2.45286e-12
1.0572e-11
-6.53998e-12
2.62945e-11
-1.70163e-11
6.36135e-11
-4.31646e-11
1.49511e-10
-1.06642e-10
3.40926e-10
-2.56332e-10
7.53143e-10
-5.98763e-10
1.60934e-09
-1.35755e-09
3.32074e-09
-2.98362e-09
6.6044e-09
-6.34779e-09
1.26349e-08
-1.30546e-08
2.32008e-08
-2.59123e-08
4.07936e-08
-4.9563e-08
6.85038e-08
-9.12019e-08
1.09559e-07
-1.61183e-07
1.66361e-07
-2.73136e-07
2.3903e-07
-4.43079e-07
3.23729e-07
-6.87024e-07
4.11425e-07
-1.01689e-06
4.87966e-07
-1.43527e-06
5.3584e-07
-1.93071e-06
5.37701e-07
-2.47414e-06
4.81289e-07
-3.01902e-06
3.64189e-07
-3.50648e-06
1.96503e-07
-3.87521e-06
-4.07412e-06
2.79908e-14
-2.17782e-14
8.87253e-14
-4.96718e-14
2.46935e-13
-1.37461e-13
6.65284e-13
-3.83183e-13
1.74634e-12
-1.04744e-12
4.46772e-12
-2.79734e-12
1.11312e-11
-7.29044e-12
2.69787e-11
-1.85251e-11
6.35306e-11
-4.5851e-11
1.45161e-10
-1.10421e-10
3.21364e-10
-2.58451e-10
6.88254e-10
-5.87215e-10
1.42353e-09
-1.29345e-09
2.83821e-09
-2.75827e-09
5.44395e-09
-5.68634e-09
1.00236e-08
-1.13154e-08
1.7674e-08
-2.17e-08
2.97661e-08
-4.00385e-08
4.77473e-08
-7.09564e-08
7.27221e-08
-1.20578e-07
1.04805e-07
-1.96152e-07
1.42367e-07
-3.04994e-07
1.81455e-07
-4.52654e-07
2.15795e-07
-6.40535e-07
2.37547e-07
-8.63674e-07
2.38879e-07
-1.10908e-06
2.14189e-07
-1.35572e-06
1.62286e-07
-1.57679e-06
8.76333e-08
-1.74425e-06
-1.83467e-06
1.1415e-14
-8.60061e-15
3.63589e-14
-2.07389e-14
1.02065e-13
-5.72692e-14
2.7565e-13
-1.60552e-13
7.24501e-13
-4.39532e-13
1.85665e-12
-1.17596e-12
4.63368e-12
-3.07001e-12
1.125e-11
-7.81355e-12
2.65396e-11
-1.93721e-11
6.07561e-11
-4.67371e-11
1.34775e-10
-1.09599e-10
2.89253e-10
-2.49508e-10
5.99592e-10
-5.50727e-10
1.19824e-09
-1.17697e-09
2.30391e-09
-2.43189e-09
4.25274e-09
-4.85069e-09
7.51825e-09
-9.32495e-09
1.26961e-08
-1.72484e-08
2.04218e-08
-3.0646e-08
3.11906e-08
-5.22125e-08
4.50765e-08
-8.51577e-08
6.14005e-08
-1.3275e-07
7.84663e-08
-1.97511e-07
9.35469e-08
-2.80151e-07
1.03208e-07
-3.78564e-07
1.03989e-07
-4.87065e-07
9.33896e-08
-5.96341e-07
7.08426e-08
-6.94458e-07
3.82825e-08
-7.68878e-07
-8.09093e-07
4.55808e-15
-3.25135e-15
1.46081e-14
-8.22663e-15
4.14023e-14
-2.35132e-14
1.12371e-13
-6.60875e-14
2.95661e-13
-1.81345e-13
7.58976e-13
-4.86005e-13
1.89761e-12
-1.2712e-12
4.61446e-12
-3.24032e-12
1.09042e-11
-8.04677e-12
2.50072e-11
-1.94464e-11
5.55779e-11
-4.56818e-11
1.19516e-10
-1.0419e-10
2.48259e-10
-2.3042e-10
4.972e-10
-4.93434e-10
9.58149e-10
-1.02169e-09
1.77278e-09
-2.04234e-09
3.14163e-09
-3.93506e-09
5.31855e-09
-7.2956e-09
8.57672e-09
-1.29931e-08
1.31331e-08
-2.21896e-08
1.90288e-08
-3.62776e-08
2.59855e-08
-5.66859e-08
3.32889e-08
-8.45329e-08
3.97772e-08
-1.20162e-07
4.39756e-08
-1.62697e-07
4.43876e-08
-2.09697e-07
3.99216e-08
-2.57124e-07
3.03161e-08
-2.99776e-07
1.63934e-08
-3.32165e-07
-3.49679e-07
1.79895e-15
-1.27896e-15
5.64763e-15
-3.21492e-15
1.6326e-14
-9.47361e-15
4.50148e-14
-2.67745e-14
1.18776e-13
-7.35503e-14
3.05243e-13
-1.9766e-13
7.64565e-13
-5.17623e-13
1.86232e-12
-1.32137e-12
4.40824e-12
-3.28749e-12
1.01265e-11
-7.95733e-12
2.25454e-11
-1.87235e-11
4.85722e-11
-4.27784e-11
1.01089e-10
-9.47772e-11
2.02865e-10
-2.03344e-10
3.9176e-10
-4.21865e-10
7.26419e-10
-8.45013e-10
1.29022e-09
-1.63153e-09
2.18929e-09
-3.03136e-09
3.53878e-09
-5.41051e-09
5.43164e-09
-9.26052e-09
7.88866e-09
-1.51734e-08
1.07978e-08
-2.37609e-08
1.38636e-08
-3.55083e-08
1.66004e-08
-5.05753e-08
1.83873e-08
-6.86032e-08
1.859e-08
-8.85643e-08
1.6742e-08
-1.08743e-07
1.27264e-08
-1.26916e-07
6.88599e-09
-1.40731e-07
-1.48207e-07
6.90598e-16
-3.70759e-16
2.17146e-15
-1.27601e-15
6.33256e-15
-3.57877e-15
1.76047e-14
-1.03008e-14
4.6786e-14
-2.9228e-14
1.20759e-13
-7.90265e-14
3.03449e-13
-2.07358e-13
7.39885e-13
-5.30091e-13
1.75408e-12
-1.32131e-12
4.03601e-12
-3.2036e-12
9.00025e-12
-7.54952e-12
1.9424e-11
-1.72769e-11
4.04984e-11
-3.83425e-11
8.14246e-11
-8.24081e-11
1.57549e-10
-1.7128e-10
2.92726e-10
-3.43728e-10
5.21006e-10
-6.64953e-10
8.85953e-10
-1.23793e-09
1.43517e-09
-2.21399e-09
2.20767e-09
-3.79717e-09
3.21333e-09
-6.23434e-09
4.40774e-09
-9.78234e-09
5.67092e-09
-1.46471e-08
6.8035e-09
-2.09005e-08
7.54893e-09
-2.83985e-08
7.64365e-09
-3.67159e-08
6.89226e-09
-4.51377e-08
5.2439e-09
-5.27325e-08
2.83897e-09
-5.85118e-08
-6.16409e-08
2.59691e-16
-9.18117e-17
7.86193e-16
-3.91536e-16
2.43191e-15
-1.20772e-15
6.80456e-15
-3.78331e-15
1.84517e-14
-1.14962e-14
4.72757e-14
-3.08274e-14
1.18172e-13
-8.13853e-14
2.89131e-13
-2.09279e-13
6.87004e-13
-5.22835e-13
1.58366e-12
-1.2694e-12
3.53725e-12
-2.99568e-12
7.64627e-12
-6.86625e-12
1.59689e-11
-1.52628e-11
3.21631e-11
-3.28579e-11
6.23458e-11
-6.84088e-11
1.16056e-10
-1.37525e-10
2.06961e-10
-2.66527e-10
3.52626e-10
-4.97104e-10
5.72374e-10
-8.90714e-10
8.82241e-10
-1.53053e-09
1.28672e-09
-2.5176e-09
1.76848e-09
-3.95768e-09
2.27962e-09
-5.93644e-09
2.73974e-09
-8.48527e-09
3.04478e-09
-1.15472e-08
3.08725e-09
-1.49496e-08
2.78691e-09
-1.83998e-08
2.12216e-09
-2.1515e-08
1.1495e-09
-2.38876e-08
-2.5173e-08
-5.90044e-17
-3.17158e-17
1.76091e-16
-1.64849e-16
1.00816e-15
-4.05036e-16
2.56691e-15
-1.37206e-15
6.95941e-15
-4.29267e-15
1.78967e-14
-1.17933e-14
4.51368e-14
-3.13383e-14
1.11368e-13
-8.14816e-14
2.65306e-13
-2.03554e-13
6.1195e-13
-4.95064e-13
1.369e-12
-1.17053e-12
2.96409e-12
-2.68633e-12
6.20022e-12
-5.98047e-12
1.25079e-11
-1.28947e-11
2.42868e-11
-2.68888e-11
4.52884e-11
-5.41442e-11
8.09065e-11
-1.05108e-10
1.38103e-10
-1.96374e-10
2.24582e-10
-3.52474e-10
3.46811e-10
-6.06715e-10
5.06749e-10
-9.99731e-10
6.9775e-10
-1.57426e-09
9.00989e-10
-2.36525e-09
1.08461e-09
-3.38603e-09
1.20714e-09
-4.61445e-09
1.22554e-09
-5.98163e-09
1.10745e-09
-7.3699e-09
8.43946e-10
-8.62475e-09
4.5735e-10
-9.58128e-09
-1.00997e-08
-1.63904e-16
2.13146e-17
1.60833e-17
-1.4588e-16
3.20688e-16
-1.95103e-16
9.23723e-16
-6.17834e-16
2.57826e-15
-1.57552e-15
6.56551e-15
-4.23309e-15
1.7104e-14
-1.21388e-14
4.23334e-14
-3.13005e-14
1.00629e-13
-7.78953e-14
2.32801e-13
-1.89889e-13
5.21879e-13
-4.50354e-13
1.13197e-12
-1.03514e-12
2.37129e-12
-2.30765e-12
4.79078e-12
-4.9826e-12
9.31702e-12
-1.04058e-11
1.74018e-11
-2.09848e-11
3.11394e-11
-4.08002e-11
5.32428e-11
-7.63478e-11
8.67312e-11
-1.37257e-10
1.34165e-10
-2.36641e-10
1.96374e-10
-3.90554e-10
2.70842e-10
-6.15964e-10
3.50294e-10
-9.26857e-10
4.22316e-10
-1.32877e-09
4.70661e-10
-1.8132e-09
4.7839e-10
-2.35314e-09
4.32708e-10
-2.9021e-09
3.29981e-10
-3.3988e-09
1.78901e-10
-3.7777e-09
-3.98317e-09
-1.04692e-17
-2.94704e-16
-6.52288e-18
7.64108e-18
-1.7195e-17
-2.24761e-16
2.05585e-16
-2.40398e-16
9.73058e-16
-5.32994e-16
2.44058e-15
-1.64352e-15
6.29319e-15
-4.41794e-15
1.55011e-14
-1.16682e-14
3.76116e-14
-2.90425e-14
8.74831e-14
-7.16938e-14
1.96213e-13
-1.70818e-13
4.25773e-13
-3.92763e-13
8.93309e-13
-8.77037e-13
1.80806e-12
-1.89661e-12
3.52122e-12
-3.96604e-12
6.58618e-12
-8.00974e-12
1.18041e-11
-1.55955e-11
2.02144e-11
-2.92257e-11
3.29808e-11
-5.26191e-11
5.10993e-11
-9.08536e-11
7.49102e-11
-1.50167e-10
1.03476e-10
-2.37178e-10
1.34029e-10
-3.57385e-10
1.61809e-10
-5.13032e-10
1.80556e-10
-7.00915e-10
1.83718e-10
-9.10601e-10
1.66319e-10
-1.12403e-09
1.26916e-10
-1.31733e-09
6.88354e-11
-1.46488e-09
-1.54493e-09
8.36751e-17
-2.06471e-16
-1.19071e-17
-5.53392e-18
-1.18016e-16
-1.8524e-16
-6.27406e-17
-6.19753e-17
1.62435e-16
-1.30815e-16
7.88738e-16
-5.98593e-16
2.30253e-15
-1.60665e-15
5.7361e-15
-4.24794e-15
1.37787e-14
-1.053e-14
3.21923e-14
-2.63909e-14
7.25276e-14
-6.37265e-14
1.57813e-13
-1.46822e-13
3.31796e-13
-3.28312e-13
6.7248e-13
-7.11237e-13
1.3116e-12
-1.48935e-12
2.45646e-12
-3.01197e-12
4.40869e-12
-5.87238e-12
7.56083e-12
-1.10195e-11
1.23539e-11
-1.98668e-11
1.91688e-11
-3.43496e-11
2.81413e-11
-5.68515e-11
3.89277e-11
-8.99125e-11
5.04902e-11
-1.35656e-10
6.10319e-11
-1.94972e-10
6.81808e-11
-2.6667e-10
6.9443e-11
-3.46785e-10
6.2917e-11
-4.28417e-10
4.80396e-11
-5.0241e-10
2.60647e-11
-5.58929e-10
-5.89602e-10
-4.26339e-17
-1.66863e-16
-2.07451e-17
9.88494e-17
-3.81585e-17
-2.10235e-17
9.65572e-17
-4.10887e-17
1.50018e-16
-7.46762e-17
2.32028e-16
-2.63062e-16
7.38164e-16
-6.08463e-16
2.0234e-15
-1.31159e-15
4.81964e-15
-3.61072e-15
1.16858e-14
-9.41538e-15
2.62308e-14
-2.32765e-14
5.75859e-14
-5.39879e-14
1.2156e-13
-1.20978e-13
2.46521e-13
-2.62469e-13
4.8151e-13
-5.51215e-13
9.03276e-13
-1.11631e-12
1.62302e-12
-2.17892e-12
2.78692e-12
-4.09374e-12
4.55989e-12
-7.39028e-12
7.08494e-12
-1.27938e-11
1.04151e-11
-2.12012e-11
1.44259e-11
-3.35716e-11
1.87341e-11
-5.07108e-11
2.26718e-11
-7.29652e-11
2.53538e-11
-9.98986e-11
2.58467e-11
-1.30028e-10
2.34349e-11
-1.60756e-10
1.79031e-11
-1.88631e-10
9.71691e-12
-2.09936e-10
-2.21502e-10
-9.788e-17
4.91114e-17
3.04584e-17
8.27467e-17
1.10128e-16
6.32579e-17
5.07842e-17
-6.75922e-17
-6.06025e-18
-8.85156e-17
1.42539e-16
-2.25877e-16
2.55599e-16
-2.54048e-16
6.64793e-16
-1.45447e-16
1.7138e-15
-1.1999e-15
4.14301e-15
-3.27772e-15
9.25951e-15
-8.27573e-15
2.04907e-14
-1.91792e-14
4.36419e-14
-4.37341e-14
8.92405e-14
-9.54778e-14
1.74383e-13
-2.00812e-13
3.27222e-13
-4.07805e-13
5.891e-13
-7.96841e-13
1.01289e-12
-1.49918e-12
1.6592e-12
-2.7095e-12
2.58102e-12
-4.69595e-12
3.79886e-12
-7.79094e-12
5.26813e-12
-1.23508e-11
6.84929e-12
-1.86765e-11
8.29791e-12
-2.69e-11
9.28824e-12
-3.68639e-11
9.47683e-12
-4.80214e-11
8.59817e-12
-5.94108e-11
6.57202e-12
-6.97501e-11
3.56788e-12
-7.76563e-11
-8.195e-11
-1.45535e-16
1.2746e-16
-8.15682e-17
-5.60851e-17
5.20845e-17
5.87028e-17
4.55423e-17
-1.1438e-18
9.59864e-18
1.94762e-18
-7.35951e-18
-1.16434e-16
1.06515e-16
-1.19225e-16
2.99693e-16
1.2658e-16
5.93184e-16
-4.86452e-16
1.36028e-15
-1.14464e-15
3.13059e-15
-2.78358e-15
7.14554e-15
-6.60204e-15
1.54323e-14
-1.54096e-14
3.17234e-14
-3.42296e-14
6.21434e-14
-7.21203e-14
1.16832e-13
-1.46782e-13
2.10836e-13
-2.87229e-13
3.63029e-13
-5.41367e-13
5.95365e-13
-9.7943e-13
9.2722e-13
-1.69922e-12
1.36608e-12
-2.8222e-12
1.89661e-12
-4.47862e-12
2.46824e-12
-6.77926e-12
2.99314e-12
-9.77346e-12
3.35371e-12
-1.34051e-11
3.42421e-12
-1.74756e-11
3.10864e-12
-2.16339e-11
2.37725e-12
-2.54115e-11
1.29104e-12
-2.83012e-11
-2.98711e-11
8.00688e-17
-5.60156e-17
3.01071e-17
1.19663e-16
-2.00731e-18
1.27717e-16
8.30611e-17
1.38755e-16
5.35425e-17
2.25102e-17
7.53101e-17
1.54822e-16
1.10525e-16
-5.34079e-17
3.31935e-19
-6.09898e-17
4.89299e-17
-1.21557e-16
3.25207e-16
-4.77469e-16
1.00703e-15
-9.48897e-16
2.48519e-15
-2.2635e-15
5.3396e-15
-5.36035e-15
1.08874e-14
-1.17628e-14
2.192e-14
-2.54609e-14
4.11278e-14
-5.21354e-14
7.44483e-14
-1.01994e-13
1.28289e-13
-1.92739e-13
2.10665e-13
-3.49247e-13
3.28421e-13
-6.06239e-13
4.84644e-13
-1.00831e-12
6.73236e-13
-1.60121e-12
8.7692e-13
-2.42612e-12
1.06477e-12
-3.50076e-12
1.19362e-12
-4.80531e-12
1.21944e-12
-6.26876e-12
1.10783e-12
-7.76493e-12
8.47718e-13
-9.12514e-12
4.60378e-13
-1.01658e-11
-1.07314e-11
-1.29911e-16
7.86759e-17
-1.26669e-16
6.3728e-17
-7.25336e-18
-8.4345e-18
5.80629e-17
1.26438e-16
-2.18729e-17
1.76415e-17
6.17179e-17
2.03037e-16
3.74128e-17
-1.56511e-17
-1.35801e-18
-1.58489e-16
4.49268e-17
2.21954e-18
-1.59857e-18
8.21898e-19
3.43792e-16
-4.20144e-16
7.11359e-16
-7.6937e-16
1.60885e-15
-1.79832e-15
3.66429e-15
-4.0325e-15
7.62765e-15
-8.79333e-15
1.42974e-14
-1.79937e-14
2.57313e-14
-3.55162e-14
4.46839e-14
-6.75748e-14
7.35917e-14
-1.22732e-13
1.14834e-13
-2.13437e-13
1.6952e-13
-3.55091e-13
2.35833e-13
-5.64634e-13
3.07394e-13
-8.56345e-13
3.73501e-13
-1.23661e-12
4.1906e-13
-1.69878e-12
4.28319e-13
-2.21746e-12
3.89469e-13
-2.74822e-12
2.98022e-13
-3.23094e-12
1.62062e-13
-3.60034e-12
-3.80104e-12
-4.41466e-17
1.47438e-16
-3.66332e-17
-2.08736e-17
-1.3854e-17
1.02297e-16
-3.30201e-17
-1.52466e-17
-4.13436e-17
-6.0792e-17
5.62459e-17
-7.54291e-18
8.40743e-17
5.00524e-17
1.48473e-17
-4.85213e-17
6.17465e-17
-1.59562e-16
4.5532e-18
-2.3183e-16
3.01237e-17
-2.99262e-16
1.73582e-16
-3.63754e-16
4.7667e-16
-5.10652e-16
1.03188e-15
-1.33873e-15
2.45412e-15
-2.84255e-15
4.82931e-15
-6.05431e-15
8.85107e-15
-1.20957e-14
1.52791e-14
-2.31387e-14
2.51321e-14
-4.23861e-14
3.96608e-14
-7.41874e-14
5.84782e-14
-1.23441e-13
8.1555e-14
-1.96441e-13
1.06116e-13
-2.9808e-13
1.29046e-13
-4.30651e-13
1.45095e-13
-5.92393e-13
1.48496e-13
-7.73713e-13
1.35045e-13
-9.59416e-13
1.03359e-13
-1.12826e-12
5.62952e-14
-1.25757e-12
-1.32784e-12
4.22611e-17
3.14384e-17
1.56992e-17
-9.28651e-17
-1.19747e-16
3.71827e-16
-4.96917e-17
5.00193e-17
6.80251e-17
-3.96315e-17
-5.90392e-17
8.75588e-17
-1.02932e-16
1.5653e-18
-1.52919e-16
-2.73233e-16
-1.10449e-16
-1.13582e-16
9.70461e-17
-2.87409e-16
2.30569e-16
5.81151e-17
8.99995e-17
-1.54815e-16
2.61282e-16
-1.47543e-16
2.16027e-16
-5.25297e-16
6.94785e-16
-8.15546e-16
1.48764e-15
-2.01804e-15
2.85586e-15
-4.09482e-15
5.16882e-15
-7.77738e-15
8.60042e-15
-1.44056e-14
1.33888e-14
-2.56759e-14
1.99141e-14
-4.22644e-14
2.75728e-14
-6.73844e-14
3.61696e-14
-1.02505e-13
4.40298e-14
-1.47927e-13
4.93726e-14
-2.03668e-13
5.08868e-14
-2.66298e-13
4.60956e-14
-3.30184e-13
3.52254e-14
-3.88488e-13
1.926e-14
-4.33273e-13
-4.57654e-13
-1.62742e-16
1.20472e-16
-6.63291e-17
-7.89891e-17
1.56648e-16
2.08977e-16
4.89364e-17
7.19426e-17
1.03902e-16
3.91744e-17
3.52088e-17
4.4836e-17
3.65406e-17
-1.34181e-16
9.30975e-17
-4.65743e-16
-4.55699e-17
-2.68885e-16
-9.457e-17
-4.53423e-17
1.15346e-16
-2.03755e-16
-2.89449e-17
-1.02136e-16
-3.85789e-17
-2.42221e-16
5.09547e-17
-2.6894e-16
1.31891e-16
-2.52393e-16
4.97564e-16
-5.61467e-16
7.64568e-16
-1.41297e-15
1.62513e-15
-2.532e-15
2.89575e-15
-4.81243e-15
4.37581e-15
-8.59885e-15
6.51731e-15
-1.41587e-14
9.22221e-15
-2.26736e-14
1.21915e-14
-3.46744e-14
1.48158e-14
-5.02025e-14
1.66033e-14
-6.90653e-14
1.72512e-14
-9.0538e-14
1.55334e-14
-1.12013e-13
1.19014e-14
-1.31732e-13
6.54071e-15
-1.47265e-13
-1.55472e-13
-1.13644e-16
-8.80996e-17
-1.39008e-16
-1.9213e-16
-7.10152e-18
-2.33241e-16
-6.17465e-17
3.59804e-18
-1.2655e-16
-3.18479e-19
-5.31495e-17
2.73759e-17
1.88229e-17
1.4299e-16
4.39783e-17
1.01531e-16
-7.02749e-17
-6.18579e-17
1.00397e-17
5.32303e-17
-6.07116e-17
1.91459e-17
9.91628e-17
7.6391e-17
1.35427e-16
2.28091e-16
-1.08762e-16
-1.51374e-16
-1.35401e-16
3.0307e-17
8.39251e-17
-3.76247e-18
2.83377e-16
-4.22276e-16
4.09829e-16
-8.39246e-16
9.5268e-16
-1.40094e-15
1.38074e-15
-2.57685e-15
2.24996e-15
-4.44764e-15
2.96739e-15
-7.34458e-15
3.94006e-15
-1.14075e-14
4.84987e-15
-1.66309e-14
5.53459e-15
-2.29313e-14
5.55421e-15
-3.02131e-14
5.06442e-15
-3.74982e-14
3.93227e-15
-4.40472e-14
2.035e-15
-4.93328e-14
-5.20038e-14
3.05878e-16
-1.28742e-16
1.62582e-16
-1.31153e-16
-3.75893e-16
-7.45628e-18
-7.56945e-17
-1.51424e-16
-7.0607e-17
8.32275e-17
-8.92043e-17
-4.41918e-17
4.59017e-17
1.41397e-16
-6.78793e-18
5.94517e-17
5.14516e-17
-1.14008e-16
-2.66173e-17
4.16799e-17
-9.06832e-17
-1.30126e-17
3.20392e-18
1.63592e-16
-1.42512e-16
2.90187e-16
-1.30373e-16
-3.58533e-16
1.54494e-17
-4.51792e-17
-2.00572e-17
1.33872e-16
-4.22398e-17
-1.83247e-17
1.16998e-16
-1.47242e-16
2.24394e-16
-2.2511e-16
3.35914e-16
-5.94755e-16
8.53464e-16
-1.22766e-15
8.37025e-16
-2.09581e-15
1.19627e-15
-3.44161e-15
1.47624e-15
-5.25007e-15
1.73906e-15
-7.53201e-15
1.87569e-15
-9.64099e-15
1.66554e-15
-1.22608e-14
1.34526e-15
-1.44358e-14
7.68786e-16
-1.60766e-14
-1.7028e-14
-1.02868e-16
7.52574e-17
-1.71777e-17
-1.15944e-16
1.0399e-16
1.81844e-16
-2.62142e-17
8.44302e-17
-6.92323e-17
4.89437e-17
-8.12772e-17
-1.00832e-16
-3.64004e-17
-2.01011e-16
-3.2679e-17
3.28062e-17
1.01405e-16
2.19371e-17
1.21613e-16
-6.58432e-17
3.32601e-17
-2.19354e-16
-3.90483e-17
1.63396e-16
-6.55203e-17
-9.05013e-17
-1.47984e-16
-2.24284e-16
-3.71569e-17
-1.35748e-16
1.07354e-17
-1.21157e-16
-2.43867e-17
8.8724e-17
-1.69652e-17
1.12399e-16
2.5725e-16
-6.63741e-17
9.91427e-18
-2.8576e-17
1.50044e-16
-2.22972e-16
4.45833e-16
-5.86471e-16
1.76773e-16
-6.79134e-16
1.98757e-16
-1.68359e-15
4.56801e-16
-2.33818e-15
4.91202e-16
-2.94819e-15
5.57728e-16
-3.84688e-15
4.61599e-16
-4.50218e-15
3.30533e-16
-5.13196e-15
-5.41823e-15
-2.87016e-17
-3.22896e-17
-6.84604e-17
-8.77255e-17
-1.89785e-17
2.53233e-17
-3.05548e-17
-9.5617e-17
-1.36944e-16
8.44032e-17
-4.71156e-17
8.78386e-17
-8.55318e-17
-8.56299e-17
-1.21159e-16
-2.0184e-17
2.75174e-17
-4.8048e-18
2.6004e-16
-7.31573e-17
2.18037e-16
-2.85589e-17
8.89879e-17
-9.70317e-17
1.89467e-16
-2.19734e-16
-2.31552e-16
1.28566e-16
-1.29172e-16
-9.70606e-21
-1.53595e-16
6.53489e-17
-1.24183e-16
1.04333e-16
-1.45046e-17
7.78329e-17
7.47761e-17
3.92901e-17
-5.07623e-17
-3.10139e-17
-6.79351e-17
-1.28106e-16
-2.10159e-17
-1.18921e-16
8.97203e-17
-9.74093e-17
2.66449e-17
-3.66724e-16
4.12969e-17
-7.07906e-16
1.4475e-16
-8.05213e-16
2.78395e-16
-1.1973e-15
1.48481e-16
-1.45673e-15
1.80875e-16
-1.7643e-15
-1.79616e-15
-1.58066e-16
7.85533e-17
-2.5786e-17
1.44099e-16
-1.22573e-16
2.06438e-16
6.74672e-17
-3.38162e-16
-2.39615e-17
2.505e-17
-9.09183e-17
9.59183e-17
-1.68329e-18
-4.02942e-17
-4.9539e-17
-9.18804e-17
4.15526e-17
-1.45569e-16
5.15974e-17
-1.26259e-17
8.14964e-18
-5.50586e-17
-8.22399e-18
-1.9011e-16
5.39005e-17
-2.47388e-16
-4.28595e-17
3.50819e-16
-3.55079e-17
-8.02711e-17
-2.26163e-17
-8.14667e-17
1.98014e-17
-7.32997e-17
-3.54109e-18
-3.92454e-17
-1.57544e-16
4.662e-17
-7.21439e-18
1.97083e-16
8.67197e-17
-1.62606e-16
-1.11452e-16
-7.30967e-17
-1.41518e-16
-1.47577e-16
-1.35789e-16
3.25062e-18
-7.08356e-17
-1.00781e-16
-6.22879e-17
-5.67776e-17
4.03883e-17
-1.49908e-16
1.57391e-16
-3.52926e-16
6.76689e-17
-4.14276e-16
-4.00498e-16
-1.28196e-16
5.62466e-17
-2.4376e-16
8.54018e-17
-1.10551e-16
-2.76653e-17
6.81559e-17
-9.68326e-17
-2.14585e-17
-1.61484e-16
-8.19118e-17
2.39039e-17
-3.66628e-17
6.74887e-17
-4.22548e-17
1.95353e-17
7.46296e-17
-1.45569e-16
8.08199e-17
-9.90862e-17
2.26391e-17
-9.62095e-17
5.24389e-17
-9.67922e-17
-5.14273e-17
-2.24759e-16
1.41347e-17
-7.0538e-17
-9.02352e-17
-1.57158e-16
-5.4696e-17
-3.85982e-17
7.3374e-17
-3.48444e-16
-1.83925e-17
-6.0691e-17
-1.15935e-16
-1.48308e-17
-7.91192e-17
3.09931e-16
3.81092e-17
-1.12648e-17
-4.73382e-17
1.303e-16
-1.20141e-16
9.4056e-17
-1.89531e-16
3.04975e-17
-7.99745e-17
1.25855e-16
8.23424e-17
3.44511e-17
2.11194e-17
-6.45984e-17
-1.03003e-16
-1.35639e-16
6.76828e-17
-6.94298e-17
-4.1422e-17
-1.56103e-16
-8.68315e-17
-1.35602e-16
-6.66965e-17
-3.02206e-17
-1.14925e-17
4.77204e-17
1.44044e-17
7.79375e-18
-2.67489e-16
7.89364e-17
6.45745e-17
-2.36044e-16
1.84443e-17
-1.93142e-16
-1.93329e-16
1.70962e-17
-4.71069e-17
1.21373e-16
-8.13476e-17
4.00511e-17
-2.00949e-16
-9.8952e-18
-2.91537e-17
-1.00674e-16
1.6231e-16
-1.20483e-16
-1.81323e-16
-4.13195e-17
-1.35027e-16
-1.12006e-16
-1.38382e-16
-1.91797e-16
-1.53641e-16
2.4009e-17
6.08358e-18
1.77749e-16
1.55122e-16
1.29731e-16
2.20635e-16
9.84274e-17
1.0753e-16
-6.10554e-17
1.63662e-16
-1.52933e-16
7.2193e-17
-1.35365e-16
1.26912e-16
-1.11929e-16
2.3246e-16
-6.63e-17
1.03731e-16
4.3461e-17
-4.52666e-17
1.97144e-18
1.04659e-17
6.67622e-17
1.77096e-17
1.16634e-16
-1.71912e-16
-6.00889e-17
-1.5758e-16
-1.49472e-16
1.76611e-17
1.32758e-16
2.07207e-16
8.95337e-17
9.42268e-17
-2.90035e-17
-5.24417e-17
1.7367e-17
-1.08743e-16
-1.30343e-16
-1.63129e-16
-1.71343e-16
-4.88289e-17
-3.77353e-17
8.05449e-17
-1.36137e-16
1.07962e-16
-9.33604e-17
-9.20803e-18
-6.38726e-17
1.30211e-17
2.12767e-17
2.89407e-17
-1.15484e-16
7.00755e-17
-3.74635e-17
-4.28231e-17
-1.53673e-16
-8.29725e-17
-3.00086e-17
2.58629e-17
3.76631e-17
-2.89629e-18
6.90233e-17
-6.55237e-17
-6.99483e-17
7.8285e-17
5.98069e-17
-4.9212e-17
4.07944e-17
-2.13284e-16
8.55638e-17
-1.58169e-16
1.79775e-16
-6.24292e-17
2.28371e-16
-1.92076e-16
1.49146e-16
-1.1677e-16
2.00174e-16
1.26318e-16
1.08645e-16
6.10513e-17
1.5985e-16
1.02402e-16
8.05955e-17
6.05263e-17
-1.36243e-16
-4.10873e-17
-1.80677e-16
-1.92949e-16
-4.68036e-17
6.1551e-17
8.90018e-17
1.21047e-16
1.01998e-17
9.63615e-17
-2.88316e-16
1.3358e-16
-2.92387e-16
9.50701e-17
-9.37069e-17
9.46546e-17
-2.35188e-17
2.58437e-16
1.87253e-16
1.50954e-16
2.86069e-16
1.64628e-16
3.71161e-17
1.527e-16
1.77132e-16
-1.45148e-16
2.12691e-16
3.06329e-17
-7.18904e-17
-4.48168e-17
-9.39409e-17
3.3927e-17
-9.98233e-17
-1.24472e-16
4.30685e-17
-3.12504e-17
6.49845e-19
-4.56471e-17
5.05671e-17
1.10805e-16
-6.96701e-17
-1.17893e-17
-1.32075e-16
2.75722e-16
-2.35228e-16
1.32979e-16
-4.58049e-17
1.11073e-16
-1.26972e-16
2.50891e-16
-1.08834e-16
7.49208e-17
-8.04871e-18
2.2456e-18
1.75873e-16
3.55723e-16
-2.22037e-18
-4.01676e-17
-2.94841e-17
-6.70674e-17
1.52015e-16
-2.04639e-16
-1.56539e-16
1.14697e-16
7.4719e-17
6.65431e-17
2.80299e-17
-1.97717e-16
1.85138e-17
-1.47035e-16
1.83639e-16
3.72968e-17
4.68229e-16
5.0262e-17
1.99279e-16
6.35291e-18
3.12655e-16
-9.07264e-18
2.9301e-16
1.12637e-17
7.17256e-18
5.96525e-18
2.33674e-16
5.83794e-17
1.24876e-16
-3.05528e-17
1.05847e-16
-8.21991e-17
6.49572e-17
5.58408e-17
2.07771e-16
3.31693e-17
2.3503e-16
2.58894e-17
8.14127e-17
1.06061e-17
-1.54327e-16
1.29758e-16
9.2677e-17
7.13844e-17
-4.09957e-17
-1.72877e-16
1.67837e-17
-2.02876e-16
4.37018e-17
-2.16156e-16
-1.71934e-17
-1.74641e-16
3.05094e-16
-7.91624e-17
4.24605e-17
-6.07687e-17
2.64503e-17
-3.86161e-17
3.92135e-16
6.90835e-17
3.89999e-17
8.06808e-17
-2.44253e-16
4.13954e-16
-3.98996e-17
-1.75793e-16
3.7428e-17
1.04414e-16
-8.55145e-17
7.34524e-17
1.24702e-18
-1.07985e-16
9.28935e-17
1.66237e-16
-3.80809e-17
5.0662e-16
9.68858e-17
2.98562e-16
-6.94045e-17
1.28523e-16
-1.04552e-17
2.5163e-16
6.00262e-17
5.30838e-17
-1.11454e-16
5.25249e-17
-1.93629e-17
1.09286e-16
-1.46498e-17
-3.43625e-17
2.17172e-16
-7.07392e-17
5.3679e-17
2.94235e-16
-1.74532e-17
1.79248e-16
-8.91004e-17
1.80919e-16
-1.50866e-17
1.41444e-16
9.07626e-17
3.89663e-17
-5.99227e-17
1.86286e-16
-2.2396e-16
1.30354e-16
-1.5401e-16
9.1531e-17
-1.0012e-16
2.03574e-16
-1.00408e-16
1.54183e-16
-7.24514e-17
2.16891e-16
4.55778e-17
-7.50431e-17
7.02588e-17
1.14097e-16
2.33478e-16
-4.18648e-17
-2.92041e-17
2.24936e-18
7.29246e-17
-1.37178e-16
-1.56967e-16
1.87064e-17
4.53733e-17
1.77588e-16
-1.92354e-16
1.31245e-18
-1.85993e-17
-2.64947e-16
5.94028e-17
-1.13161e-16
3.15402e-17
7.63403e-18
1.64605e-16
-2.99849e-17
4.85692e-17
-9.45754e-17
3.60177e-16
-5.24253e-17
1.3466e-16
-9.51303e-18
-1.27663e-16
-6.2171e-17
3.95854e-17
-5.97036e-17
5.11592e-17
1.19849e-16
-6.1696e-18
1.83145e-17
1.30162e-16
3.58083e-17
1.36177e-17
6.71357e-17
6.20049e-17
-8.39652e-17
3.55496e-16
7.74831e-17
7.47146e-17
6.86212e-17
5.87035e-17
8.08046e-17
2.11424e-16
-9.35861e-17
1.24499e-16
-7.84168e-17
7.90842e-17
4.64696e-17
1.08525e-16
-9.27088e-17
3.50331e-16
-2.80986e-17
1.8249e-16
8.76953e-17
-6.05542e-17
4.47393e-17
-5.303e-17
1.86892e-16
5.63132e-17
-9.70487e-17
3.78346e-17
1.97826e-16
-9.72127e-17
1.50837e-16
-2.16908e-17
1.08527e-16
1.02656e-17
5.11026e-17
-3.54254e-17
6.7622e-17
2.82544e-17
-1.6527e-16
1.00784e-16
1.39146e-17
1.37287e-17
-1.80813e-16
-1.31446e-16
3.44523e-16
1.80779e-17
5.01049e-17
-2.61294e-17
-8.36748e-18
4.07925e-17
4.15204e-17
-1.60565e-17
1.78382e-16
8.43704e-17
1.67138e-16
8.73476e-18
6.97369e-17
-1.06814e-16
-2.97322e-17
2.31484e-17
1.40879e-17
6.82156e-17
1.92991e-16
-1.63584e-17
2.85595e-17
-5.08343e-17
-2.9081e-17
3.17389e-18
9.46604e-17
-1.18856e-16
1.09059e-16
-8.83779e-17
5.58534e-19
-1.57337e-16
2.84392e-17
-1.37653e-16
2.45604e-16
7.58632e-17
8.15077e-17
-1.82226e-17
1.6129e-17
-2.52094e-17
3.46917e-17
2.69756e-16
-2.51269e-16
1.9167e-16
-2.20622e-17
1.17626e-16
1.01525e-17
2.84812e-17
2.17213e-17
1.47436e-17
2.54602e-17
2.1925e-16
-1.53655e-16
8.74509e-17
-2.31659e-16
5.18965e-17
-9.45724e-17
-1.73768e-17
1.24986e-16
-1.18509e-16
5.74056e-17
3.5074e-16
-2.67513e-17
-1.44544e-17
-5.23866e-17
4.61268e-17
1.75181e-18
7.57163e-17
9.62832e-17
1.7731e-16
1.02895e-16
1.56608e-16
-3.0088e-17
-2.20998e-17
5.63617e-17
-8.24226e-18
6.24828e-17
1.13063e-16
6.34091e-17
4.65531e-17
-4.96785e-17
1.23975e-17
-1.23311e-16
1.9939e-16
-2.06828e-16
4.30617e-17
-1.12888e-16
1.19233e-16
-3.84424e-17
2.64237e-16
-9.16366e-17
1.60354e-16
-4.03519e-17
7.22097e-17
2.18033e-17
3.46492e-17
1.01042e-16
1.68432e-16
1.0349e-16
3.03614e-17
-9.89499e-17
5.42201e-17
1.16146e-16
7.19076e-17
-4.25193e-17
2.18689e-17
7.89488e-18
1.29233e-17
-8.00793e-17
8.85965e-18
9.75211e-17
-5.50995e-17
1.24565e-16
-5.39853e-17
1.65458e-16
-7.74896e-17
9.2665e-17
-7.83376e-17
9.03512e-17
2.50743e-18
1.24344e-16
7.87946e-17
-1.7303e-18
-1.52157e-16
8.97717e-17
6.76313e-17
2.23068e-16
-4.04817e-18
1.12436e-16
1.25484e-16
7.35105e-17
6.8488e-17
-1.11805e-16
7.5629e-18
-3.71953e-17
-3.77219e-17
3.72335e-17
3.47417e-18
-9.10126e-17
8.60239e-17
4.66448e-17
3.17412e-17
8.44434e-17
-1.05016e-16
-1.28414e-16
-7.71419e-17
-4.44072e-17
-1.41925e-16
4.15923e-16
-2.19139e-16
1.06618e-16
-5.08352e-17
3.39647e-17
-1.76162e-16
2.14491e-16
-1.05247e-16
2.27865e-16
2.98964e-16
-1.57796e-16
-2.47135e-16
-6.85885e-17
-8.10114e-17
-3.74809e-18
5.80829e-17
9.08458e-18
1.39849e-16
9.34877e-17
2.27776e-16
8.82039e-17
7.41766e-17
-1.59531e-16
1.16613e-16
-1.50081e-16
8.30738e-17
-8.31398e-17
1.67378e-16
1.497e-16
2.42348e-16
4.50223e-17
2.07145e-16
-4.59986e-18
5.47814e-17
-1.28216e-16
-4.67188e-17
6.58523e-17
-6.65604e-17
-6.51689e-17
-1.36205e-17
3.02943e-17
9.07e-17
1.35389e-16
1.33121e-16
1.80704e-17
1.76488e-17
2.36424e-17
-6.8768e-17
-8.66929e-17
-1.33593e-16
8.24655e-17
6.89425e-17
7.42086e-17
-1.28064e-16
-3.30885e-17
1.32303e-16
-8.32345e-17
-6.98331e-17
-2.34013e-16
1.94524e-16
1.94735e-17
-4.84592e-17
-3.26713e-17
1.02564e-16
-2.69617e-16
3.31563e-16
-1.49171e-16
-5.17388e-18
2.84217e-16
-1.38347e-16
-1.81139e-16
-9.65512e-17
-4.84691e-17
1.73574e-16
1.67184e-16
-5.29097e-17
2.08716e-16
2.41547e-17
2.49147e-16
5.53248e-17
-6.08627e-18
-1.50304e-16
4.52904e-17
-1.17156e-16
1.91604e-16
1.92125e-17
-2.77119e-17
-6.62583e-17
1.36439e-16
2.00017e-17
-4.87979e-17
-8.27417e-18
8.88854e-17
-5.41562e-17
2.05767e-16
1.26363e-16
-9.92009e-17
-2.74772e-17
8.78204e-17
8.5568e-17
9.93654e-17
9.35087e-17
7.95083e-17
-4.44782e-17
6.80334e-18
-1.16606e-17
1.64381e-17
8.72688e-18
-2.40535e-16
-3.35423e-16
2.25677e-16
-1.89281e-16
-1.5562e-16
8.34475e-17
-6.60452e-17
1.93365e-16
8.17673e-17
3.92677e-18
2.37289e-17
-3.94193e-17
-1.44986e-16
-8.60165e-17
1.22757e-16
2.88353e-17
3.00408e-16
4.75404e-19
9.56467e-17
2.26592e-16
1.68768e-16
5.2542e-18
3.60405e-17
8.05049e-17
7.37738e-17
1.14021e-17
1.96187e-17
8.62168e-17
5.93894e-17
1.53868e-16
-4.40797e-17
5.25963e-17
-1.26047e-16
5.52918e-17
-1.66993e-17
-1.20063e-16
-8.61271e-17
5.91172e-17
-4.84646e-17
3.00631e-17
-3.85356e-17
-2.34881e-16
4.16366e-17
8.49772e-17
-6.40013e-17
8.10289e-17
-3.41457e-17
5.93518e-17
-9.08371e-17
-1.77167e-17
-2.50404e-17
-2.13607e-16
-3.32056e-17
-1.15443e-16
8.81366e-17
-2.19623e-16
9.47392e-17
-8.93663e-17
1.27155e-16
-1.76637e-16
5.86188e-17
-8.20345e-18
-1.4121e-16
1.05949e-16
-4.36499e-17
-2.8798e-16
1.65305e-16
-9.41735e-17
7.7129e-17
-1.366e-17
-2.27512e-16
-1.5323e-17
-1.84785e-16
2.53546e-16
-1.15227e-16
-3.07506e-18
2.50636e-17
3.36631e-16
2.76458e-16
1.00784e-16
2.05056e-16
2.31021e-17
2.72817e-16
-6.19089e-17
4.57693e-17
7.53214e-17
7.55751e-17
-2.66063e-17
2.89994e-16
-1.88792e-16
8.76907e-17
-5.56693e-17
1.00995e-16
7.67508e-17
-6.58609e-17
-2.58452e-17
5.23553e-17
4.20153e-17
-1.18229e-16
-2.02042e-16
1.02846e-16
-1.31902e-16
6.87782e-17
-9.13239e-17
-4.41087e-18
-3.89334e-17
6.17567e-17
8.05445e-17
-1.17981e-16
4.26578e-17
-2.52651e-16
5.27846e-17
-1.35486e-16
1.3937e-17
-1.18274e-16
3.93576e-17
-5.66418e-17
1.44257e-16
-1.05363e-16
8.98782e-17
-7.3945e-17
-1.60961e-16
2.20853e-16
2.10183e-17
-1.8506e-16
2.16083e-16
2.32554e-17
-9.4297e-17
-3.74305e-17
1.22714e-17
-1.98562e-17
-1.28682e-16
3.20181e-17
-4.77708e-17
-2.04659e-17
2.20945e-18
1.65819e-16
2.66236e-16
-8.29093e-18
1.13177e-16
1.28725e-16
1.24728e-16
6.06972e-17
1.33418e-17
-9.0323e-17
-6.64608e-17
-1.59629e-16
3.52018e-17
8.8218e-18
5.26195e-17
-1.56638e-17
2.45757e-16
-1.76943e-16
2.41168e-16
-1.12513e-16
1.56961e-16
7.42961e-17
2.143e-17
-6.9151e-17
7.84989e-17
7.15007e-17
-1.1643e-16
-1.59761e-16
1.27079e-16
-2.08746e-16
1.1303e-16
-1.12612e-16
6.77604e-18
-1.83202e-17
-5.09676e-17
1.04481e-16
4.84675e-17
2.18624e-16
6.16497e-17
1.20035e-16
-7.70703e-17
1.72004e-16
-4.79481e-17
3.24285e-17
-7.63904e-17
-2.53113e-17
-5.20718e-17
-7.1015e-17
-8.06403e-17
9.20721e-17
-3.76481e-17
-6.32141e-17
-1.29404e-17
-4.91468e-17
8.69516e-17
1.4139e-17
6.3315e-17
9.25964e-17
2.21277e-16
1.08456e-16
-5.08053e-17
2.99779e-16
5.50072e-17
1.83707e-16
-8.46301e-17
1.43351e-16
2.5406e-17
2.2147e-16
1.24798e-16
-2.35964e-17
6.20968e-17
-1.20079e-16
-1.00185e-17
1.26962e-16
-1.01406e-16
2.2822e-16
-3.52095e-17
3.00671e-16
-1.30565e-16
9.74606e-17
-1.80554e-16
2.05846e-16
-5.35306e-17
-1.28497e-16
-7.78732e-17
2.61015e-17
-1.95296e-16
7.78386e-17
-1.84601e-16
1.72328e-16
-1.12674e-16
-5.28169e-18
4.26441e-17
9.92355e-17
1.32191e-16
2.35891e-16
4.64021e-18
6.63553e-17
2.28274e-16
-1.01122e-17
1.47793e-16
6.40997e-17
-5.11544e-17
-3.26085e-17
2.15114e-17
-3.64882e-17
-8.05734e-17
8.18568e-17
1.5578e-16
-2.04007e-16
8.63897e-17
1.1434e-16
2.95907e-20
4.58666e-17
6.17568e-17
-2.01725e-16
-6.73168e-17
1.86483e-16
-8.98402e-17
2.27761e-16
7.44292e-17
7.15459e-18
1.18729e-16
-6.42583e-17
1.49128e-16
-1.42029e-16
1.81398e-16
5.40453e-17
5.82196e-17
5.48633e-17
5.23144e-17
-1.09271e-16
2.51638e-16
-4.44714e-17
7.6205e-17
-1.58313e-16
8.5043e-17
-9.19526e-17
3.14708e-17
-6.07635e-17
8.21904e-17
-4.23477e-17
-3.91479e-17
-2.24428e-17
1.51367e-16
5.45538e-17
-1.26004e-16
-6.03315e-17
2.05747e-17
-1.27497e-16
-1.87645e-17
-6.50294e-17
1.4372e-16
8.32292e-17
-6.37463e-17
8.0826e-17
-6.47421e-17
-1.79994e-17
-2.75348e-17
2.3641e-17
1.15062e-16
1.68138e-16
-6.3851e-17
-2.32362e-17
-1.06921e-16
-3.5249e-17
-3.52778e-17
2.62286e-17
-1.41049e-16
-8.19284e-17
5.39508e-17
2.3037e-17
-6.68516e-17
1.42334e-16
7.45038e-18
1.61091e-16
1.8825e-16
-1.29535e-16
1.73669e-16
-1.12776e-16
-5.91104e-17
3.94273e-17
-1.41029e-17
-1.72975e-16
6.05261e-17
-4.1172e-18
5.5142e-17
-5.59653e-17
-1.42522e-17
-1.57509e-17
6.17142e-17
-4.03687e-17
4.91742e-17
-2.06959e-16
-1.20221e-16
-1.62407e-16
-1.58631e-16
-3.40502e-17
-5.24028e-17
-1.32629e-16
-7.15894e-17
-1.99108e-16
-1.83602e-16
1.40774e-16
-8.79525e-17
-1.2729e-16
-3.21424e-17
-1.65225e-16
-1.88998e-16
-1.9043e-16
-7.99464e-17
-8.01322e-17
-3.5808e-17
-1.13138e-17
-1.35836e-17
1.54097e-17
8.70089e-17
-9.67681e-17
1.86464e-16
1.57113e-16
1.69889e-16
-8.01068e-17
-1.40338e-16
-1.69113e-16
-1.58178e-16
-1.12741e-16
4.12093e-17
-3.76512e-17
2.06746e-16
-5.87078e-18
1.85871e-16
1.72938e-16
6.44677e-17
2.0884e-16
8.33115e-17
6.85367e-17
9.22766e-17
1.76999e-17
-1.04978e-16
-8.2812e-17
3.62854e-17
-1.50302e-16
-1.65612e-16
3.51255e-17
-5.74565e-17
-1.43798e-17
7.30134e-17
-9.35211e-18
-1.44535e-16
1.06435e-16
-2.3905e-16
1.21116e-16
-1.45778e-16
-7.60796e-17
-1.04016e-16
-1.72426e-16
-3.50627e-18
-1.18956e-16
-1.79505e-16
-2.00202e-16
-2.49654e-16
-2.07659e-17
-8.36905e-17
-1.20147e-16
-1.4476e-16
3.14214e-17
-2.90059e-16
-9.52785e-17
-1.89553e-16
-4.34666e-17
-6.16736e-17
4.29625e-17
-1.84099e-16
-7.27619e-17
-1.44495e-16
6.20606e-17
-1.51196e-16
1.22776e-16
-5.78213e-17
5.22475e-17
-1.03936e-16
-1.50269e-16
-1.27826e-16
1.14369e-16
-2.90514e-16
2.93315e-16
-1.25677e-16
-8.51238e-17
2.5414e-17
-1.25093e-16
-8.0935e-17
-4.33438e-17
3.28417e-16
2.00067e-16
-1.10097e-16
3.25965e-16
1.86266e-16
-9.44438e-17
1.36437e-16
4.17432e-17
1.26092e-16
-2.99686e-16
-5.06141e-17
-1.67978e-16
-9.58415e-17
3.87147e-17
-1.00565e-17
-3.18657e-16
-2.72791e-17
-4.20781e-16
-5.5263e-17
-3.40153e-16
-2.72502e-17
-4.87527e-16
-1.48591e-16
-1.12117e-16
-1.92634e-16
4.23807e-18
-1.20137e-16
-2.11107e-16
-7.72797e-17
-2.26104e-16
7.21167e-17
-3.88151e-16
-1.69255e-16
-1.57134e-16
-1.92482e-18
-3.69463e-16
-8.71076e-17
-9.84066e-17
-1.16146e-16
-3.47907e-16
-7.62736e-17
-1.02976e-16
5.70677e-17
3.14934e-17
8.75259e-17
-1.92695e-16
4.17025e-17
-8.27653e-17
-6.66561e-18
-3.23356e-18
-1.67576e-17
-2.03403e-16
2.21061e-16
-2.46035e-17
2.75934e-16
-1.86431e-16
2.63629e-16
-2.18894e-16
2.25968e-16
-1.99879e-17
-9.39995e-17
-2.35732e-16
-1.47231e-16
-9.42989e-17
1.37974e-17
-1.08978e-16
-2.13532e-16
-1.27756e-17
-4.92116e-16
-5.32084e-17
-5.38562e-17
2.29776e-17
-1.25538e-16
3.93062e-18
-1.5862e-16
-3.53651e-17
-2.85836e-16
-9.3786e-17
-5.56149e-16
-2.62607e-16
-3.53941e-16
-1.21756e-16
-3.60329e-16
6.13999e-17
-3.26118e-16
-6.82038e-17
-4.20555e-16
-1.52864e-16
-5.03717e-16
-1.91146e-16
-3.91349e-16
-1.68814e-16
-1.49931e-16
1.02666e-17
-1.90094e-16
5.58571e-17
-1.83955e-16
-3.28456e-17
-2.08306e-16
-6.70145e-18
-7.59561e-17
1.63248e-16
-8.99502e-17
7.60055e-17
-2.85177e-16
-3.01751e-17
-1.6279e-16
-9.71471e-17
-5.91455e-17
9.60532e-17
1.6259e-16
6.48081e-18
9.38898e-17
6.42909e-17
-3.29636e-16
2.70316e-16
-1.15983e-16
1.88283e-16
-2.32529e-16
2.2451e-17
-1.12718e-16
6.28856e-17
-1.20312e-16
-1.1931e-16
8.06999e-17
-2.20387e-16
-5.99589e-17
-3.24579e-16
-6.10212e-17
-1.29112e-16
6.07499e-17
-5.91916e-16
2.95728e-17
-2.3207e-16
1.30979e-16
-4.47872e-16
-1.92214e-16
-5.24468e-16
-2.42845e-16
-2.15131e-16
-3.51504e-17
-6.43559e-16
-2.00774e-16
-6.64357e-16
-1.29704e-16
-4.73747e-16
1.55245e-16
-7.13833e-16
-6.06981e-18
-2.36291e-16
-5.39736e-18
-1.29933e-16
3.04794e-17
-1.69007e-16
7.25068e-17
-2.11765e-16
4.03013e-17
-2.35897e-16
8.79359e-17
-2.26837e-16
1.28015e-16
-2.56069e-16
-4.60771e-17
-2.79223e-17
8.40603e-17
4.97295e-17
7.40683e-17
3.28369e-17
7.57447e-17
4.61135e-16
1.40166e-16
1.33058e-16
-5.78037e-17
-4.19556e-17
2.5058e-16
-1.03263e-16
1.09645e-16
-3.62205e-17
-1.00684e-16
5.59572e-17
-5.26412e-17
-1.35397e-16
-5.79013e-17
5.4033e-19
-3.43937e-16
-1.08255e-16
-2.11176e-16
-1.68539e-17
-3.31292e-16
-2.38954e-16
-4.61281e-16
-2.18768e-16
-1.68931e-16
-5.29835e-17
-5.21774e-16
7.64701e-17
-3.6833e-16
5.72376e-17
-4.86609e-16
-1.57353e-16
-6.42902e-16
6.15394e-17
-5.49835e-16
4.7935e-17
-5.36055e-16
-3.0359e-16
-3.50006e-16
-2.37199e-16
-3.68025e-16
-8.37797e-17
-1.50388e-16
1.88612e-17
-2.95252e-16
7.75614e-17
-2.12945e-16
7.95377e-17
-9.92883e-17
6.42046e-17
-2.45117e-16
1.02941e-16
-2.32505e-16
3.93102e-17
-4.41659e-17
7.97925e-17
2.67914e-17
-2.59469e-18
2.29409e-16
-1.72848e-16
4.65361e-16
8.35681e-17
1.42299e-16
5.34433e-17
3.12303e-16
9.13373e-17
-4.7594e-17
1.97722e-16
1.94457e-17
4.0353e-16
1.00631e-16
2.12375e-16
6.40622e-17
9.18217e-17
-9.61901e-17
-3.35522e-16
-1.77188e-16
-4.78292e-16
-1.69427e-16
-1.5494e-16
-1.47108e-16
-3.78921e-16
-1.3689e-16
-2.89551e-16
-6.48671e-17
-3.0195e-16
-8.21205e-18
-3.0506e-16
-1.59096e-16
-2.45177e-16
-1.24966e-16
-3.43552e-16
-2.45694e-17
-3.17029e-16
-1.3892e-16
-3.33516e-16
6.47477e-17
-2.00876e-16
1.02758e-16
-4.98217e-17
-1.86606e-18
-1.60522e-18
8.98156e-17
-5.21702e-17
1.0978e-16
-6.01596e-17
5.42371e-17
3.74479e-17
6.77543e-17
-4.07125e-17
2.50647e-16
-1.00072e-16
2.47058e-16
-1.97859e-16
2.45455e-16
3.58038e-17
2.76384e-17
5.4402e-17
-7.24279e-18
-5.56357e-17
1.32114e-16
1.49132e-16
5.60171e-17
1.8837e-17
2.33002e-16
7.97673e-17
2.87056e-17
-1.18129e-16
-7.993e-17
4.96878e-17
-6.10753e-18
-1.21413e-16
-2.66363e-17
-2.80357e-16
-1.02129e-16
-1.64551e-16
-4.31091e-16
-2.01798e-16
-2.82672e-16
-1.72516e-16
-2.7391e-16
-1.49483e-16
-1.99567e-16
-6.09753e-18
-1.10724e-16
-6.54075e-19
-2.02544e-16
-9.38235e-17
-5.49383e-17
4.80356e-17
-1.54106e-16
8.62209e-17
-2.51786e-16
8.44524e-17
-1.64469e-16
1.21317e-16
-9.90341e-17
3.82954e-17
2.48458e-17
-3.94783e-17
-3.00095e-17
5.26573e-17
-7.40528e-17
5.85683e-18
9.53758e-17
-3.72534e-17
1.73055e-16
3.46401e-17
1.06927e-17
2.01556e-16
4.1831e-17
1.87695e-16
-1.34721e-16
1.06733e-16
-1.6372e-18
1.10529e-16
-4.42762e-17
-5.69765e-17
-2.04177e-17
2.85086e-16
6.1154e-17
1.05515e-16
7.505e-17
7.38385e-17
2.20866e-16
1.96689e-17
3.06071e-18
-9.12225e-17
5.97021e-17
-3.16715e-17
-9.36333e-17
9.20275e-18
-1.52085e-16
-5.40086e-17
-1.0697e-16
-3.37454e-16
-4.81419e-17
-1.86985e-16
-8.16631e-17
5.53378e-17
-1.35829e-16
-2.4024e-16
-7.35135e-17
1.42046e-16
-7.33272e-17
-1.39036e-16
-1.9005e-16
-8.20081e-17
-4.6432e-17
-8.61732e-17
1.8093e-17
-2.8126e-17
-7.18572e-17
3.28664e-17
1.21651e-16
-4.37726e-17
1.93639e-16
7.28451e-17
1.51212e-16
-1.15003e-16
3.79108e-17
9.05649e-17
-1.53809e-17
2.77391e-17
6.23151e-17
-5.51072e-17
8.05251e-17
1.39369e-16
5.69411e-17
1.42542e-16
2.93318e-16
-9.14414e-17
3.21438e-16
6.35381e-17
8.70112e-17
-1.21566e-16
-3.37643e-17
-2.07591e-16
-1.09089e-17
-1.23558e-16
5.89502e-17
-1.02081e-16
5.33331e-17
2.62943e-16
-3.92663e-17
6.1568e-17
1.39362e-16
-2.29867e-17
1.7004e-16
-4.11762e-17
-5.91449e-17
1.38432e-17
6.88701e-17
-1.08476e-16
-6.15792e-17
-9.78345e-17
-3.03714e-16
-3.96842e-17
9.94763e-18
-1.36912e-16
-4.11878e-17
-9.17434e-17
5.10345e-17
5.3601e-17
2.41687e-17
-2.5315e-17
-4.85284e-17
1.06045e-16
-1.7309e-16
1.06202e-16
-1.54033e-16
-6.38485e-17
-1.05476e-16
1.97364e-17
-3.73324e-17
2.06306e-17
-7.83219e-17
-5.47451e-18
-4.15559e-17
1.14776e-16
-7.7981e-17
3.80947e-17
-4.5778e-17
-4.0192e-17
-1.11888e-16
8.33196e-17
4.48913e-17
2.18456e-16
1.0963e-16
2.68172e-16
1.83145e-16
8.30318e-17
-5.89782e-17
-9.12864e-17
1.24733e-16
9.05635e-17
-2.7129e-16
1.4778e-16
1.43033e-16
1.25492e-16
3.03076e-17
1.73503e-16
2.78957e-16
1.98343e-17
-1.78782e-16
-4.5875e-17
-7.44971e-17
1.50388e-17
2.88733e-17
-1.60283e-16
-1.16047e-16
-1.35388e-16
-1.90172e-16
-9.26687e-17
2.01019e-17
-3.63978e-16
-1.35818e-16
-2.36843e-17
-3.53252e-17
-1.94008e-17
-6.58955e-17
-4.41028e-17
-5.98166e-18
3.92461e-17
-1.33122e-17
-1.56637e-16
-3.03195e-17
-3.47013e-17
1.07972e-16
-1.94036e-16
6.71842e-18
-9.31657e-17
5.44031e-17
-1.21225e-16
4.63452e-17
-4.01742e-16
-4.83394e-17
-2.40728e-16
6.1727e-17
-2.32909e-16
1.02553e-16
-1.21596e-16
1.88604e-16
-8.69395e-17
8.76601e-18
-1.54921e-16
-9.0426e-19
-1.24198e-16
2.04984e-16
5.67578e-17
1.03465e-16
-3.04243e-16
1.43636e-16
-6.28378e-17
1.23475e-16
-2.14759e-16
6.60486e-17
-1.24635e-16
-2.08424e-17
1.83888e-16
-7.16528e-18
5.10075e-17
8.27757e-17
2.98937e-17
-2.11296e-17
-1.08854e-16
-2.58909e-17
-2.24034e-16
-2.6609e-16
-5.00379e-17
-1.87787e-16
-2.06926e-16
1.75958e-16
-2.75202e-17
-2.25175e-16
-8.40934e-18
-2.64221e-17
5.44643e-17
-1.90322e-16
-1.2307e-16
-3.12574e-17
-1.73287e-16
4.49015e-17
4.76161e-17
-2.54683e-16
2.17287e-17
3.50201e-17
4.79784e-17
-1.2288e-16
6.15432e-17
-2.11306e-16
6.73096e-17
-4.3754e-17
-2.59295e-17
-1.07337e-16
5.92292e-17
-2.31038e-16
1.89643e-17
1.5842e-16
-1.36873e-16
-1.45895e-16
1.03301e-16
-1.33152e-16
1.25735e-16
-1.65823e-16
2.03749e-16
-1.69867e-16
2.73083e-16
-1.81428e-16
2.62913e-17
-2.79387e-16
-4.06756e-17
-3.16686e-16
-1.8223e-17
-7.15877e-17
1.67841e-16
-4.88877e-16
1.71372e-16
7.10927e-17
5.93155e-17
-3.64808e-20
2.33508e-17
-6.28639e-18
2.2066e-16
-4.10669e-17
3.09926e-16
3.35055e-17
-4.35977e-17
1.82174e-18
-2.75505e-16
-9.396e-17
-4.6434e-17
-9.10631e-17
-6.10973e-17
-8.01984e-17
-1.39284e-16
9.48565e-17
-2.21178e-16
-2.19762e-16
-2.08874e-17
-2.07353e-16
-8.65476e-17
-3.0165e-17
-4.10462e-16
-1.50355e-17
-1.34441e-16
6.04205e-18
-1.91807e-16
4.14972e-17
-2.92686e-16
2.61588e-17
-1.33908e-16
1.51488e-17
-7.67194e-17
2.36451e-17
-2.85724e-16
7.06801e-17
-1.60922e-18
1.22956e-16
-1.89239e-16
1.78376e-16
-4.61946e-16
-1.50337e-16
-2.32115e-16
1.26206e-16
-1.42033e-16
3.98907e-16
-2.07046e-16
-1.43518e-16
-2.39183e-16
-1.0177e-16
-2.05999e-16
3.30924e-17
-1.55952e-16
2.04418e-16
-3.3655e-16
2.36933e-16
-3.41923e-16
5.03924e-17
2.92903e-17
8.76896e-17
-2.07975e-16
-1.30657e-16
-1.41076e-16
-4.80805e-17
8.22826e-17
-3.30836e-18
-1.63584e-16
-2.60973e-16
-7.82973e-17
-1.8874e-16
1.53731e-16
2.8919e-17
3.17387e-17
1.22552e-17
1.14023e-16
-1.853e-16
-1.72837e-16
-3.2511e-16
-1.8731e-16
-4.51444e-16
-3.91187e-17
-4.81065e-16
-2.66877e-17
-1.5645e-16
1.30128e-16
-3.79102e-16
1.43855e-16
-1.50033e-16
1.35195e-17
-5.40787e-16
-1.88743e-16
-1.94998e-16
-5.21053e-17
-5.02687e-16
1.69272e-17
-2.33368e-16
3.38167e-17
-8.86785e-17
1.40466e-16
-2.09025e-16
1.85968e-16
-2.2562e-16
-3.76528e-17
-8.27408e-17
1.25459e-16
-2.43362e-16
1.70663e-16
4.77241e-18
-1.2117e-17
-3.62246e-16
5.19637e-17
-1.02842e-16
1.65172e-16
-1.51792e-16
1.81659e-16
-4.43358e-16
1.32249e-16
-3.66571e-17
4.62034e-17
-2.43023e-18
-2.48251e-17
-7.16492e-17
8.67217e-17
-4.14286e-17
-3.07973e-17
-1.56579e-17
-1.61442e-16
-1.17901e-16
-1.76608e-16
1.02731e-16
-1.33499e-17
1.57804e-17
-2.07079e-16
-2.82175e-16
-1.93943e-16
-1.9973e-16
-5.28382e-16
1.0274e-17
-5.58493e-16
-1.19329e-16
-3.88243e-16
-1.37175e-16
-2.39577e-16
-8.06613e-17
-4.89528e-16
9.99804e-17
-1.84715e-16
1.83949e-16
-3.91944e-16
2.52073e-16
-1.38777e-16
-2.27686e-17
-1.20025e-16
-1.18035e-16
-2.45361e-16
3.40607e-17
-1.40256e-16
1.95048e-16
1.32331e-16
1.3419e-16
-1.77296e-16
2.40292e-16
-5.09634e-17
8.49882e-17
-3.16004e-17
3.14075e-17
-6.52419e-19
1.06724e-16
-1.04081e-16
1.14467e-16
1.2106e-16
2.91596e-16
1.93047e-17
2.03625e-16
-2.24785e-16
8.23797e-17
-2.05973e-16
7.93758e-17
-1.54839e-16
-3.604e-18
-1.19005e-16
-6.80582e-19
6.24581e-17
7.20196e-17
1.02048e-16
-1.11133e-16
-1.7059e-16
2.3413e-17
-2.07404e-16
3.07606e-17
-9.4772e-17
-2.62444e-16
-4.16137e-17
-1.09154e-16
-8.78071e-18
-3.8281e-16
-1.33246e-16
-3.44721e-16
-1.18287e-16
-1.41859e-16
-5.82717e-17
-5.26379e-16
2.19908e-17
-2.33517e-16
6.82359e-18
-2.46189e-16
9.00437e-17
-1.47765e-16
1.43163e-16
-1.03018e-16
1.03049e-16
5.82179e-17
-1.17878e-17
-2.11307e-16
-8.53915e-17
-9.78142e-17
1.92792e-16
-2.81625e-17
1.72746e-16
-6.43356e-17
1.39511e-16
-1.20547e-17
4.06821e-17
1.203e-16
1.82806e-16
2.93406e-17
1.67159e-16
-2.36393e-17
1.28133e-17
1.76653e-16
3.10588e-17
4.70792e-17
8.91923e-17
3.88833e-17
9.7243e-17
-1.06935e-16
1.5066e-16
-1.30916e-16
1.92928e-16
-6.1377e-17
7.86899e-17
2.56411e-16
9.63677e-18
-9.47419e-17
-1.09976e-16
-2.44802e-16
-7.89959e-17
-6.39742e-17
-1.40382e-17
-2.31344e-16
-1.02975e-16
-1.75319e-16
-2.55266e-16
-1.22753e-16
-2.02766e-16
-1.13516e-16
-5.68964e-18
-2.90641e-17
-1.01363e-16
-1.88939e-17
-2.06465e-16
8.52692e-17
-1.52778e-17
1.18235e-17
-5.97328e-17
8.66293e-17
1.7715e-16
2.01943e-16
-7.96007e-17
1.42897e-16
1.73394e-16
-1.17725e-18
2.33623e-16
-2.70801e-18
3.17466e-17
-1.26995e-16
1.56053e-16
2.49805e-16
8.47995e-17
3.3633e-16
1.41275e-16
1.64368e-16
-4.29152e-17
5.27767e-17
-1.8643e-17
8.42764e-17
5.31163e-17
8.11491e-17
-1.40748e-16
2.03413e-16
3.50578e-17
1.77968e-16
-9.44513e-17
3.04907e-16
-2.33511e-16
5.1792e-17
-1.99988e-17
-5.46572e-17
-7.44482e-17
6.47214e-17
-1.87413e-16
-2.70824e-16
-1.86703e-16
-1.79444e-17
-1.50109e-16
2.55818e-17
-1.11745e-16
-1.26234e-16
-1.4527e-16
6.21824e-17
-1.62848e-16
-1.23173e-16
-2.25997e-16
3.34112e-17
-1.50008e-17
1.25164e-16
9.83142e-17
-1.33798e-16
1.23705e-16
7.54804e-17
1.09676e-16
1.40534e-16
-6.3975e-17
8.98512e-17
9.44556e-17
1.23435e-16
-2.32816e-17
4.83325e-17
-8.18201e-17
1.54382e-16
1.41211e-16
1.06284e-16
1.32571e-16
1.44292e-16
1.56674e-16
2.1798e-16
1.51903e-16
3.50105e-16
7.14074e-17
1.45732e-16
8.70485e-17
-5.11353e-17
5.45375e-17
8.15593e-17
1.18411e-16
4.05381e-17
3.86532e-17
-2.38744e-16
4.38198e-17
-1.26624e-17
1.54033e-16
-1.15428e-16
1.14367e-16
-3.10236e-16
-6.08795e-17
3.79362e-17
1.49116e-16
-2.07725e-16
-4.42312e-17
-1.6206e-16
-3.65562e-16
-1.95088e-16
-7.25139e-17
-1.7137e-16
-8.25583e-17
-1.6361e-16
-2.37472e-16
-2.3141e-16
9.4586e-17
-4.50833e-17
-1.51016e-16
-1.01166e-16
3.12282e-16
-4.51806e-17
1.874e-16
5.33367e-17
-1.00696e-16
1.22449e-16
1.32613e-16
2.22009e-16
2.02523e-16
1.88121e-16
1.62239e-16
1.80236e-17
-3.12817e-17
-1.96551e-16
-3.0959e-17
-1.26481e-16
-4.49668e-17
1.45742e-17
-1.6547e-16
1.77072e-16
8.78766e-17
2.4883e-16
1.31605e-16
1.34996e-16
3.37773e-16
-1.51803e-18
1.33676e-16
9.31686e-17
1.71691e-16
7.81808e-17
1.84564e-16
5.77373e-17
-1.066e-16
-1.33094e-17
-3.03658e-16
2.46468e-18
-1.05247e-16
6.35965e-17
-9.73762e-17
1.86299e-16
-1.89975e-16
1.83181e-16
1.39747e-16
5.74415e-19
-1.49902e-16
7.32639e-17
-3.07852e-16
-2.52484e-16
-6.95362e-17
-1.40745e-17
-5.56672e-17
-2.68927e-16
-2.96953e-17
-1.45084e-16
-1.52236e-16
6.634e-17
-6.42859e-17
-1.49478e-16
-1.99606e-16
1.43183e-16
-3.48676e-17
8.68708e-17
7.8313e-18
-5.30295e-17
4.70524e-17
-6.28638e-19
4.2035e-17
9.80838e-17
5.68275e-17
-1.15566e-16
-3.79483e-18
2.30522e-16
3.69088e-17
-1.13491e-16
9.14052e-17
4.37857e-17
1.28205e-16
-3.74223e-17
1.60293e-16
1.08642e-16
1.43787e-16
2.71102e-16
1.74774e-16
1.36305e-16
4.91501e-17
-2.15742e-17
1.02906e-17
1.70903e-16
-6.20321e-17
1.06177e-16
2.03602e-17
1.04084e-16
8.6452e-17
-2.48232e-16
6.25154e-17
4.40708e-17
1.87125e-16
-8.71019e-17
6.14706e-17
-1.02523e-16
-8.19864e-17
-1.07632e-16
-5.46911e-17
2.66225e-17
-3.1784e-17
-2.04263e-16
-1.38064e-16
4.28277e-18
-1.2449e-16
-1.57321e-16
-1.82063e-16
5.00339e-17
-1.39863e-16
-1.22696e-16
-2.35334e-17
1.10527e-16
1.49747e-16
6.14899e-17
-2.99045e-17
-5.19783e-17
7.46258e-17
1.81149e-16
1.68889e-16
9.60743e-17
1.57203e-16
1.46361e-17
-1.33857e-17
-1.1775e-17
-3.38279e-17
3.32979e-17
-7.38417e-17
2.01051e-16
2.17255e-16
1.52089e-17
-1.11072e-16
-1.94675e-16
)
;

boundaryField
{
    outerWall
    {
        type            calculated;
        value           uniform 0;
    }
    axis
    {
        type            symmetryPlane;
        value           uniform 0;
    }
    nozzle
    {
        type            calculated;
        value           nonuniform List<scalar> 5(0.299688 0.299697 0.299697 0.299697 0.299688);
    }
    back
    {
        type            empty;
    }
    front
    {
        type            empty;
    }
}


// ************************************************************************* //
