/*--------------------------------*- C++ -*----------------------------------*\
| =========                 |                                                 |
| \\      /  F ield         | OpenFOAM: The Open Source CFD Toolbox           |
|  \\    /   O peration     | Version:  2412                                  |
|   \\  /    A nd           | Website:  www.openfoam.com                      |
|    \\/     M anipulation  |                                                 |
\*---------------------------------------------------------------------------*/
FoamFile
{
    version     2.0;
    format      ascii;
    arch        "LSB;label=32;scalar=64";
    class       volScalarField;
    location    "6.5e-05";
    object      rho;
}
// * * * * * * * * * * * * * * * * * * * * * * * * * * * * * * * * * * * * * //

dimensions      [1 -3 0 0 0 0 0];

internalField   nonuniform List<scalar> 
3725
(
1004.49
1004.49
1004.49
1004.49
1004.49
1004.49
1004.49
1004.49
1004.49
1004.49
1004.49
1004.49
1004.49
1004.49
1004.49
1004.49
1004.48
1004.47
1004.46
1004.44
1004.41
1004.38
1004.34
1004.3
1004.25
1004.21
1004.17
1004.14
1004.12
1004.11
1004.49
1004.49
1004.49
1004.49
1004.49
1004.49
1004.49
1004.49
1004.49
1004.49
1004.49
1004.49
1004.49
1004.49
1004.49
1004.48
1004.48
1004.47
1004.45
1004.43
1004.4
1004.36
1004.32
1004.27
1004.23
1004.18
1004.14
1004.11
1004.09
1004.08
1004.49
1004.49
1004.49
1004.49
1004.49
1004.49
1004.49
1004.49
1004.49
1004.49
1004.49
1004.49
1004.49
1004.49
1004.49
1004.48
1004.47
1004.46
1004.43
1004.41
1004.37
1004.33
1004.28
1004.23
1004.17
1004.13
1004.08
1004.05
1004.03
1004.02
1004.49
1004.49
1004.49
1004.49
1004.49
1004.49
1004.49
1004.49
1004.49
1004.49
1004.49
1004.49
1004.49
1004.49
1004.48
1004.47
1004.46
1004.44
1004.41
1004.38
1004.33
1004.28
1004.22
1004.16
1004.1
1004.05
1004.01
1003.97
1003.95
1003.94
1004.49
1004.49
1004.49
1004.49
1004.49
1004.49
1004.49
1004.49
1004.49
1004.49
1004.49
1004.49
1004.49
1004.49
1004.48
1004.47
1004.45
1004.42
1004.38
1004.33
1004.28
1004.21
1004.14
1004.08
1004.02
1003.96
1003.92
1003.89
1003.86
1003.85
1004.49
1004.49
1004.49
1004.49
1004.49
1004.49
1004.49
1004.49
1004.49
1004.49
1004.49
1004.49
1004.49
1004.48
1004.47
1004.45
1004.43
1004.39
1004.34
1004.28
1004.21
1004.14
1004.06
1003.99
1003.92
1003.87
1003.83
1003.8
1003.78
1003.77
1004.49
1004.49
1004.49
1004.49
1004.49
1004.49
1004.49
1004.49
1004.49
1004.49
1004.49
1004.49
1004.48
1004.48
1004.46
1004.44
1004.41
1004.36
1004.3
1004.22
1004.14
1004.05
1003.97
1003.9
1003.84
1003.79
1003.75
1003.73
1003.71
1003.71
1004.49
1004.49
1004.49
1004.49
1004.49
1004.49
1004.49
1004.49
1004.49
1004.49
1004.49
1004.49
1004.48
1004.47
1004.45
1004.42
1004.38
1004.32
1004.24
1004.16
1004.06
1003.97
1003.88
1003.81
1003.76
1003.72
1003.69
1003.68
1003.67
1003.66
1004.49
1004.49
1004.49
1004.49
1004.49
1004.49
1004.49
1004.49
1004.49
1004.49
1004.49
1004.48
1004.48
1004.46
1004.44
1004.4
1004.34
1004.27
1004.18
1004.08
1003.98
1003.89
1003.81
1003.74
1003.7
1003.67
1003.66
1003.65
1003.64
1003.64
1004.49
1004.49
1004.49
1004.49
1004.49
1004.49
1004.49
1004.49
1004.49
1004.49
1004.49
1004.48
1004.47
1004.45
1004.42
1004.37
1004.31
1004.22
1004.12
1004.01
1003.91
1003.81
1003.74
1003.69
1003.66
1003.65
1003.64
1003.64
1003.64
1003.64
1004.49
1004.49
1004.49
1004.49
1004.49
1004.49
1004.49
1004.49
1004.49
1004.49
1004.49
1004.48
1004.46
1004.44
1004.4
1004.34
1004.26
1004.17
1004.06
1003.94
1003.84
1003.75
1003.69
1003.66
1003.64
1003.64
1003.64
1003.65
1003.65
1003.65
1004.49
1004.49
1004.49
1004.49
1004.49
1004.49
1004.49
1004.49
1004.49
1004.49
1004.48
1004.47
1004.46
1004.43
1004.38
1004.31
1004.22
1004.11
1003.99
1003.88
1003.78
1003.7
1003.66
1003.64
1003.64
1003.65
1003.65
1003.66
1003.67
1003.67
1004.49
1004.49
1004.49
1004.49
1004.49
1004.49
1004.49
1004.49
1004.49
1004.49
1004.48
1004.47
1004.45
1004.41
1004.36
1004.28
1004.18
1004.06
1003.93
1003.82
1003.73
1003.67
1003.64
1003.64
1003.65
1003.66
1003.67
1003.68
1003.68
1003.69
1004.49
1004.49
1004.49
1004.49
1004.49
1004.49
1004.49
1004.49
1004.49
1004.49
1004.48
1004.46
1004.44
1004.4
1004.33
1004.25
1004.14
1004.01
1003.88
1003.77
1003.69
1003.65
1003.64
1003.64
1003.66
1003.67
1003.68
1003.69
1003.7
1003.7
1004.49
1004.49
1004.49
1004.49
1004.49
1004.49
1004.49
1004.49
1004.49
1004.48
1004.47
1004.46
1004.43
1004.38
1004.31
1004.21
1004.09
1003.96
1003.84
1003.73
1003.67
1003.64
1003.64
1003.65
1003.67
1003.69
1003.7
1003.7
1003.71
1003.71
1004.49
1004.49
1004.49
1004.49
1004.49
1004.49
1004.49
1004.49
1004.49
1004.48
1004.47
1004.45
1004.42
1004.36
1004.29
1004.18
1004.06
1003.92
1003.8
1003.7
1003.65
1003.63
1003.64
1003.66
1003.68
1003.7
1003.7
1003.71
1003.71
1003.71
1004.49
1004.49
1004.49
1004.49
1004.49
1004.49
1004.49
1004.49
1004.49
1004.48
1004.47
1004.45
1004.41
1004.35
1004.27
1004.16
1004.02
1003.89
1003.77
1003.68
1003.64
1003.63
1003.65
1003.67
1003.69
1003.7
1003.71
1003.71
1003.71
1003.71
1004.49
1004.49
1004.49
1004.49
1004.49
1004.49
1004.49
1004.49
1004.49
1004.48
1004.47
1004.44
1004.4
1004.34
1004.25
1004.13
1004
1003.86
1003.74
1003.67
1003.63
1003.64
1003.66
1003.68
1003.7
1003.71
1003.71
1003.71
1003.71
1003.71
1004.49
1004.49
1004.49
1004.49
1004.49
1004.49
1004.49
1004.49
1004.49
1004.48
1004.46
1004.44
1004.39
1004.33
1004.23
1004.11
1003.97
1003.84
1003.73
1003.66
1003.63
1003.64
1003.67
1003.69
1003.7
1003.71
1003.71
1003.71
1003.7
1003.69
1004.49
1004.49
1004.49
1004.49
1004.49
1004.49
1004.49
1004.49
1004.49
1004.48
1004.46
1004.43
1004.39
1004.32
1004.22
1004.1
1003.96
1003.82
1003.71
1003.65
1003.63
1003.65
1003.67
1003.69
1003.71
1003.71
1003.71
1003.71
1003.71
1003.7
1004.49
1004.49
1004.49
1004.49
1004.49
1004.49
1004.49
1004.49
1004.49
1004.48
1004.46
1004.43
1004.38
1004.31
1004.21
1004.09
1003.95
1003.81
1003.71
1003.65
1003.63
1003.65
1003.68
1003.7
1003.71
1003.71
1003.71
1003.7
1003.67
1003.63
1004.49
1004.49
1004.49
1004.49
1004.49
1004.49
1004.49
1004.49
1004.49
1004.48
1004.46
1004.43
1004.38
1004.31
1004.21
1004.08
1003.94
1003.81
1003.7
1003.64
1003.63
1003.65
1003.68
1003.7
1003.71
1003.71
1003.71
1003.7
1003.68
1003.66
1004.49
1004.49
1004.49
1004.49
1004.49
1004.49
1004.49
1004.49
1004.49
1004.48
1004.46
1004.43
1004.38
1004.31
1004.21
1004.08
1003.94
1003.8
1003.7
1003.64
1003.63
1003.65
1003.68
1003.7
1003.71
1003.71
1003.71
1003.7
1003.66
1003.63
1004.49
1004.49
1004.49
1004.49
1004.49
1004.49
1004.49
1004.49
1004.49
1004.48
1004.46
1004.43
1004.38
1004.31
1004.21
1004.08
1003.94
1003.81
1003.7
1003.64
1003.63
1003.65
1003.68
1003.7
1003.71
1003.71
1003.71
1003.7
1003.68
1003.66
1004.49
1004.49
1004.49
1004.49
1004.49
1004.49
1004.49
1004.49
1004.49
1004.48
1004.46
1004.43
1004.38
1004.31
1004.21
1004.09
1003.95
1003.81
1003.71
1003.65
1003.63
1003.65
1003.68
1003.7
1003.71
1003.71
1003.71
1003.7
1003.67
1003.63
1003.5
1003.48
1003.44
1003.39
1003.33
1003.27
1003.19
1003.11
1003.02
1002.92
1002.81
1002.68
1002.53
1002.36
1002.17
1001.96
1001.74
1001.51
1001.27
1001.04
1000.82
1000.61
1000.41
1000.22
1000.04
1003.55
1003.5
1003.45
1003.39
1003.33
1003.27
1003.19
1003.11
1003.02
1002.92
1002.81
1002.68
1002.53
1002.36
1002.17
1001.96
1001.74
1001.51
1001.27
1001.04
1000.82
1000.61
1000.41
1000.22
1000.04
1003.53
1003.49
1003.44
1003.39
1003.33
1003.27
1003.19
1003.11
1003.02
1002.92
1002.81
1002.68
1002.53
1002.36
1002.17
1001.96
1001.74
1001.51
1001.27
1001.04
1000.82
1000.61
1000.41
1000.22
1000.04
1003.55
1003.5
1003.45
1003.39
1003.33
1003.27
1003.19
1003.11
1003.02
1002.92
1002.81
1002.68
1002.53
1002.36
1002.17
1001.96
1001.74
1001.51
1001.27
1001.04
1000.82
1000.61
1000.41
1000.22
1000.04
1003.5
1003.48
1003.44
1003.39
1003.33
1003.27
1003.19
1003.11
1003.02
1002.92
1002.81
1002.68
1002.53
1002.36
1002.17
1001.96
1001.74
1001.51
1001.27
1001.04
1000.82
1000.61
1000.41
1000.22
1000.04
1004.49
1004.49
1004.49
1004.49
1004.49
1004.49
1004.49
1004.49
1004.49
1004.48
1004.46
1004.43
1004.39
1004.32
1004.22
1004.1
1003.96
1003.82
1003.71
1003.65
1003.63
1003.65
1003.67
1003.69
1003.71
1003.71
1003.71
1003.71
1003.71
1003.7
1004.49
1004.49
1004.49
1004.49
1004.49
1004.49
1004.49
1004.49
1004.49
1004.48
1004.46
1004.44
1004.39
1004.33
1004.23
1004.11
1003.97
1003.84
1003.73
1003.66
1003.63
1003.64
1003.67
1003.69
1003.7
1003.71
1003.71
1003.71
1003.7
1003.69
1004.49
1004.49
1004.49
1004.49
1004.49
1004.49
1004.49
1004.49
1004.49
1004.48
1004.47
1004.44
1004.4
1004.34
1004.25
1004.13
1004
1003.86
1003.74
1003.67
1003.63
1003.64
1003.66
1003.68
1003.7
1003.71
1003.71
1003.71
1003.71
1003.71
1004.49
1004.49
1004.49
1004.49
1004.49
1004.49
1004.49
1004.49
1004.49
1004.48
1004.47
1004.45
1004.41
1004.35
1004.27
1004.16
1004.03
1003.89
1003.77
1003.68
1003.64
1003.63
1003.65
1003.67
1003.69
1003.7
1003.71
1003.71
1003.71
1003.71
1004.49
1004.49
1004.49
1004.49
1004.49
1004.49
1004.49
1004.49
1004.49
1004.48
1004.47
1004.45
1004.42
1004.37
1004.29
1004.18
1004.06
1003.92
1003.8
1003.71
1003.65
1003.63
1003.64
1003.66
1003.68
1003.7
1003.7
1003.71
1003.71
1003.71
1004.49
1004.49
1004.49
1004.49
1004.49
1004.49
1004.49
1004.49
1004.49
1004.48
1004.47
1004.46
1004.43
1004.38
1004.31
1004.22
1004.1
1003.97
1003.84
1003.74
1003.67
1003.64
1003.64
1003.65
1003.67
1003.68
1003.7
1003.7
1003.71
1003.71
1004.49
1004.49
1004.49
1004.49
1004.49
1004.49
1004.49
1004.49
1004.49
1004.49
1004.48
1004.46
1004.44
1004.4
1004.33
1004.25
1004.14
1004.01
1003.89
1003.78
1003.69
1003.65
1003.64
1003.64
1003.66
1003.67
1003.68
1003.69
1003.7
1003.7
1004.49
1004.49
1004.49
1004.49
1004.49
1004.49
1004.49
1004.49
1004.49
1004.49
1004.48
1004.47
1004.45
1004.41
1004.36
1004.28
1004.18
1004.06
1003.94
1003.82
1003.73
1003.67
1003.64
1003.64
1003.65
1003.66
1003.67
1003.68
1003.68
1003.68
1004.49
1004.49
1004.49
1004.49
1004.49
1004.49
1004.49
1004.49
1004.49
1004.49
1004.48
1004.47
1004.46
1004.43
1004.38
1004.31
1004.23
1004.12
1004
1003.88
1003.78
1003.71
1003.66
1003.64
1003.64
1003.64
1003.65
1003.66
1003.67
1003.67
1004.49
1004.49
1004.49
1004.49
1004.49
1004.49
1004.49
1004.49
1004.49
1004.49
1004.49
1004.48
1004.46
1004.44
1004.4
1004.35
1004.27
1004.17
1004.06
1003.95
1003.84
1003.76
1003.7
1003.66
1003.64
1003.64
1003.64
1003.65
1003.65
1003.65
1004.49
1004.49
1004.49
1004.49
1004.49
1004.49
1004.49
1004.49
1004.49
1004.49
1004.49
1004.48
1004.47
1004.45
1004.42
1004.37
1004.31
1004.23
1004.13
1004.02
1003.91
1003.82
1003.75
1003.7
1003.67
1003.65
1003.64
1003.64
1003.64
1003.64
1004.49
1004.49
1004.49
1004.49
1004.49
1004.49
1004.49
1004.49
1004.49
1004.49
1004.49
1004.49
1004.48
1004.46
1004.44
1004.4
1004.35
1004.28
1004.19
1004.09
1003.99
1003.9
1003.82
1003.75
1003.71
1003.68
1003.66
1003.65
1003.65
1003.65
1004.49
1004.49
1004.49
1004.49
1004.49
1004.49
1004.49
1004.49
1004.49
1004.49
1004.49
1004.49
1004.48
1004.47
1004.45
1004.42
1004.38
1004.32
1004.25
1004.16
1004.07
1003.98
1003.9
1003.83
1003.77
1003.73
1003.7
1003.69
1003.68
1003.67
1004.49
1004.49
1004.49
1004.49
1004.49
1004.49
1004.49
1004.49
1004.49
1004.49
1004.49
1004.49
1004.49
1004.48
1004.46
1004.44
1004.41
1004.36
1004.3
1004.23
1004.15
1004.07
1003.99
1003.91
1003.85
1003.81
1003.77
1003.75
1003.73
1003.72
1004.49
1004.49
1004.49
1004.49
1004.49
1004.49
1004.49
1004.49
1004.49
1004.49
1004.49
1004.49
1004.49
1004.48
1004.47
1004.46
1004.43
1004.4
1004.35
1004.29
1004.23
1004.15
1004.08
1004.01
1003.95
1003.9
1003.86
1003.83
1003.81
1003.8
1004.49
1004.49
1004.49
1004.49
1004.49
1004.49
1004.49
1004.49
1004.49
1004.49
1004.49
1004.49
1004.49
1004.49
1004.48
1004.47
1004.45
1004.42
1004.39
1004.34
1004.29
1004.23
1004.17
1004.1
1004.05
1004
1003.96
1003.93
1003.91
1003.9
1004.49
1004.49
1004.49
1004.49
1004.49
1004.49
1004.49
1004.49
1004.49
1004.49
1004.49
1004.49
1004.49
1004.49
1004.48
1004.48
1004.46
1004.45
1004.42
1004.39
1004.35
1004.3
1004.25
1004.19
1004.14
1004.1
1004.06
1004.03
1004.01
1004
1004.49
1004.49
1004.49
1004.49
1004.49
1004.49
1004.49
1004.49
1004.49
1004.49
1004.49
1004.49
1004.49
1004.49
1004.49
1004.48
1004.47
1004.46
1004.44
1004.42
1004.39
1004.35
1004.31
1004.27
1004.23
1004.19
1004.16
1004.13
1004.11
1004.11
1004.49
1004.49
1004.49
1004.49
1004.49
1004.49
1004.49
1004.49
1004.49
1004.49
1004.49
1004.49
1004.49
1004.49
1004.49
1004.49
1004.48
1004.47
1004.46
1004.44
1004.42
1004.4
1004.37
1004.34
1004.3
1004.27
1004.25
1004.22
1004.21
1004.2
1004.49
1004.49
1004.49
1004.49
1004.49
1004.49
1004.49
1004.49
1004.49
1004.49
1004.49
1004.49
1004.49
1004.49
1004.49
1004.49
1004.49
1004.48
1004.47
1004.46
1004.45
1004.43
1004.41
1004.38
1004.36
1004.34
1004.32
1004.3
1004.29
1004.28
1004.49
1004.49
1004.49
1004.49
1004.49
1004.49
1004.49
1004.49
1004.49
1004.49
1004.49
1004.49
1004.49
1004.49
1004.49
1004.49
1004.49
1004.49
1004.48
1004.47
1004.46
1004.45
1004.44
1004.42
1004.41
1004.39
1004.37
1004.36
1004.35
1004.35
1004.49
1004.49
1004.49
1004.49
1004.49
1004.49
1004.49
1004.49
1004.49
1004.49
1004.49
1004.49
1004.49
1004.49
1004.49
1004.49
1004.49
1004.49
1004.49
1004.48
1004.48
1004.47
1004.46
1004.45
1004.44
1004.43
1004.42
1004.41
1004.4
1004.4
1004.49
1004.49
1004.49
1004.49
1004.49
1004.49
1004.49
1004.49
1004.49
1004.49
1004.49
1004.49
1004.49
1004.49
1004.49
1004.49
1004.49
1004.49
1004.49
1004.49
1004.48
1004.48
1004.47
1004.47
1004.46
1004.45
1004.44
1004.44
1004.43
1004.43
1004.49
1004.49
1004.49
1004.49
1004.49
1004.49
1004.49
1004.49
1004.49
1004.49
1004.49
1004.49
1004.49
1004.49
1004.49
1004.49
1004.49
1004.49
1004.49
1004.49
1004.49
1004.49
1004.48
1004.48
1004.47
1004.47
1004.46
1004.46
1004.46
1004.46
1004.49
1004.49
1004.49
1004.49
1004.49
1004.49
1004.49
1004.49
1004.49
1004.49
1004.49
1004.49
1004.49
1004.49
1004.49
1004.49
1004.49
1004.49
1004.49
1004.49
1004.49
1004.49
1004.49
1004.48
1004.48
1004.48
1004.48
1004.47
1004.47
1004.47
1004.49
1004.49
1004.49
1004.49
1004.49
1004.49
1004.49
1004.49
1004.49
1004.49
1004.49
1004.49
1004.49
1004.49
1004.49
1004.49
1004.49
1004.49
1004.49
1004.49
1004.49
1004.49
1004.49
1004.49
1004.49
1004.49
1004.48
1004.48
1004.48
1004.48
1004.49
1004.49
1004.49
1004.49
1004.49
1004.49
1004.49
1004.49
1004.49
1004.49
1004.49
1004.49
1004.49
1004.49
1004.49
1004.49
1004.49
1004.49
1004.49
1004.49
1004.49
1004.49
1004.49
1004.49
1004.49
1004.49
1004.49
1004.49
1004.49
1004.49
1004.49
1004.49
1004.49
1004.49
1004.49
1004.49
1004.49
1004.49
1004.49
1004.49
1004.49
1004.49
1004.49
1004.49
1004.49
1004.49
1004.49
1004.49
1004.49
1004.49
1004.49
1004.49
1004.49
1004.49
1004.49
1004.49
1004.49
1004.49
1004.49
1004.49
1004.49
1004.49
1004.49
1004.49
1004.49
1004.49
1004.49
1004.49
1004.49
1004.49
1004.49
1004.49
1004.49
1004.49
1004.49
1004.49
1004.49
1004.49
1004.49
1004.49
1004.49
1004.49
1004.49
1004.49
1004.49
1004.49
1004.49
1004.49
1004.49
1004.49
1004.49
1004.49
1004.49
1004.49
1004.49
1004.49
1004.49
1004.49
1004.49
1004.49
1004.49
1004.49
1004.49
1004.49
1004.49
1004.49
1004.49
1004.49
1004.49
1004.49
1004.49
1004.49
1004.49
1004.49
1004.49
1004.49
1004.49
1004.49
1004.49
1004.49
1004.49
1004.49
1004.49
1004.49
1004.49
1004.49
1004.49
1004.49
1004.49
1004.49
1004.49
1004.49
1004.49
1004.49
1004.49
1004.49
1004.49
1004.49
1004.49
1004.49
1004.49
1004.49
1004.49
1004.49
1004.49
1004.49
1004.49
1004.49
1004.49
1004.49
1004.49
1004.49
1004.49
1004.49
1004.49
1004.49
1004.49
1004.49
1004.49
1004.49
1004.49
1004.49
1004.49
1004.49
1004.49
1004.49
1004.49
1004.49
1004.49
1004.49
1004.49
1004.49
1004.49
1004.49
1004.49
1004.49
1004.49
1004.49
1004.49
1004.49
1004.49
1004.49
1004.49
1004.49
1004.49
1004.49
1004.49
1004.49
1004.49
1004.49
1004.49
1004.49
1004.49
1004.49
1004.49
1004.49
1004.49
1004.49
1004.49
1004.49
1004.49
1004.49
1004.49
1004.49
1004.49
1004.49
1004.49
1004.49
1004.49
1004.49
1004.49
1004.49
1004.49
1004.49
1004.49
1004.49
1004.49
1004.49
1004.49
1004.49
1004.49
1004.49
1004.49
1004.49
1004.49
1004.49
1004.49
1004.49
1004.49
1004.49
1004.49
1004.49
1004.49
1004.49
1004.49
1004.49
1004.49
1004.49
1004.49
1004.49
1004.49
1004.49
1004.49
1004.49
1004.49
1004.49
1004.49
1004.49
1004.49
1004.49
1004.49
1004.49
1004.49
1004.49
1004.49
1004.49
1004.49
1004.49
1004.49
1004.49
1004.49
1004.49
1004.49
1004.49
1004.49
1004.49
1004.49
1004.49
1004.49
1004.49
1004.49
1004.49
1004.49
1004.49
1004.49
1004.49
1004.49
1004.49
1004.49
1004.49
1004.49
1004.49
1004.49
1004.49
1004.49
1004.49
1004.49
1004.49
1004.49
1004.49
1004.49
1004.49
1004.49
1004.49
1004.49
1004.49
1004.49
1004.49
1004.49
1004.49
1004.49
1004.49
1004.49
1004.49
1004.49
1004.49
1004.49
1004.49
1004.49
1004.49
1004.49
1004.49
1004.49
1004.49
1004.49
1004.49
1004.49
1004.49
1004.49
1004.49
1004.49
1004.49
1004.49
1004.49
1004.49
1004.49
1004.49
1004.49
1004.49
1004.49
1004.49
1004.49
1004.49
1004.49
1004.49
1004.49
1004.49
1004.49
1004.49
1004.49
1004.49
1004.49
1004.49
1004.49
1004.49
1004.49
1004.49
1004.49
1004.49
1004.49
1004.49
1004.49
1004.49
1004.49
1004.49
1004.49
1004.49
1004.49
1004.49
1004.49
1004.49
1004.49
1004.49
1004.49
1004.49
1004.49
1004.49
1004.49
1004.49
1004.49
1004.49
1004.49
1004.49
1004.49
1004.49
1004.49
1004.49
1004.49
1004.49
1004.49
1004.49
1004.49
1004.49
1004.49
1004.49
1004.49
1004.49
1004.49
1004.49
1004.49
1004.49
1004.49
1004.49
1004.49
1004.49
1004.49
1004.49
1004.49
1004.49
1004.49
1004.49
1004.49
1004.49
1004.49
1004.49
1004.49
1004.49
1004.49
1004.49
1004.49
1004.49
1004.49
1004.49
1004.49
1004.49
1004.49
1004.49
1004.49
1004.49
1004.49
1004.49
1004.49
1004.49
1004.49
1004.49
1004.49
1004.49
1004.49
1004.49
1004.49
1004.49
1004.49
1004.49
1004.49
1004.49
1004.49
1004.49
1004.49
1004.49
1004.49
1004.49
1004.49
1004.49
1004.49
1004.49
1004.49
1004.49
1004.49
1004.49
1004.49
1004.49
1004.49
1004.49
1004.49
1004.49
1004.49
1004.49
1004.49
1004.49
1004.49
1004.49
1004.49
1004.49
1004.49
1004.49
1004.49
1004.49
1004.49
1004.49
1004.49
1004.49
1004.49
1004.49
1004.49
1004.49
1004.49
1004.49
1004.49
1004.49
1004.49
1004.49
1004.49
1004.49
1004.49
1004.49
1004.49
1004.49
1004.49
1004.49
1004.49
1004.49
1004.49
1004.49
1004.49
1004.49
1004.49
1004.49
1004.49
1004.49
1004.49
1004.49
1004.49
1004.49
1004.49
1004.49
1004.49
1004.49
1004.49
1004.49
1004.49
1004.49
1004.49
1004.49
1004.49
1004.49
1004.49
1004.49
1004.49
1004.49
1004.49
1004.49
1004.49
1004.49
1004.49
1004.49
1004.49
1004.49
1004.49
1004.49
1004.49
1004.49
1004.49
1004.49
1004.49
1004.49
1004.49
1004.49
1004.49
1004.49
1004.49
1004.49
1004.49
1004.49
1004.49
1004.49
1004.49
1004.49
1004.49
1004.49
1004.49
1004.49
1004.49
1004.49
1004.49
1004.49
1004.49
1004.49
1004.49
1004.49
1004.49
1004.49
1004.49
1004.49
1004.49
1004.49
1004.49
1004.49
1004.49
1004.49
1004.49
1004.49
1004.49
1004.49
1004.49
1004.49
1004.49
1004.49
1004.49
1004.49
1004.49
1004.49
1004.49
1004.49
1004.49
1004.49
1004.49
1004.49
1004.49
1004.49
1004.49
1004.49
1004.49
1004.49
1004.49
1004.49
1004.49
1004.49
1004.49
1004.49
1004.49
1004.49
1004.49
1004.49
1004.49
1004.49
1004.49
1004.49
1004.49
1004.49
1004.49
1004.49
1004.49
1004.49
1004.49
1004.49
1004.49
1004.49
1004.49
1004.49
1004.49
1004.49
1004.49
1004.49
1004.49
1004.49
1004.49
1004.49
1004.49
1004.49
1004.49
1004.49
1004.49
1004.49
1004.49
1004.49
1004.49
1004.49
1004.49
1004.49
1004.49
1004.49
1004.49
1004.49
1004.49
1004.49
1004.49
1004.49
1004.49
1004.49
1004.49
1004.49
1004.49
1004.49
1004.49
1004.49
1004.49
1004.49
1004.49
1004.49
1004.49
1004.49
1004.49
1004.49
1004.49
1004.49
1004.49
1004.49
1004.49
1004.49
1004.49
1004.49
1004.49
1004.49
1004.49
1004.49
1004.49
1004.49
1004.49
1004.49
1004.49
1004.49
1004.49
1004.49
1004.49
1004.49
1004.49
1004.49
1004.49
1004.49
1004.49
1004.49
1004.49
1004.49
1004.49
1004.49
1004.49
1004.49
1004.49
1004.49
1004.49
1004.49
1004.49
1004.49
1004.49
1004.49
1004.49
1004.49
1004.49
1004.49
1004.49
1004.49
1004.49
1004.49
1004.49
1004.49
1004.49
1004.49
1004.49
1004.49
1004.49
1004.49
1004.49
1004.49
1004.49
1004.49
1004.49
1004.49
1004.49
1004.49
1004.49
1004.49
1004.49
1004.49
1004.49
1004.49
1004.49
1004.49
1004.49
1004.49
1004.49
1004.49
1004.49
1004.49
1004.49
1004.49
1004.49
1004.49
1004.49
1004.49
1004.49
1004.49
1004.49
1004.49
1004.49
1004.49
1004.49
1004.49
1004.49
1004.49
1004.49
1004.49
1004.49
1004.49
1004.49
1004.49
1004.49
1004.49
1004.49
1004.49
1004.49
1004.49
1004.49
1004.49
1004.49
1004.49
1004.49
1004.49
1004.49
1004.49
1004.49
1004.49
1004.49
1004.49
1004.49
1004.49
1004.49
1004.49
1004.49
1004.49
1004.49
1004.49
1004.49
1004.49
1004.49
1004.49
1004.49
1004.49
1004.49
1004.49
1004.49
1004.49
1004.49
1004.49
1004.49
1004.49
1004.49
1004.49
1004.49
1004.49
1004.49
1004.49
1004.49
1004.49
1004.49
1004.49
1004.49
1004.49
1004.49
1004.49
1004.49
1004.49
1004.49
1004.49
1004.49
1004.49
1004.49
1004.49
1004.49
1004.49
1004.49
1004.49
1004.49
1004.49
1004.49
1004.49
1004.49
1004.49
1004.49
1004.49
1004.49
1004.49
1004.49
1004.49
1004.49
1004.49
1004.49
1004.49
1004.49
1004.49
1004.49
1004.49
1004.49
1004.49
1004.49
1004.49
1004.49
1004.49
1004.49
1004.49
1004.49
1004.49
1004.49
1004.49
1004.49
1004.49
1004.49
1004.49
1004.49
1004.49
1004.49
1004.49
1004.49
1004.49
1004.49
1004.49
1004.49
1004.49
1004.49
1004.49
1004.49
1004.49
1004.49
1004.49
1004.49
1004.49
1004.49
1004.49
1004.49
1004.49
1004.49
1004.49
1004.49
1004.49
1004.49
1004.49
1004.49
1004.49
1004.49
1004.49
1004.49
1004.49
1004.49
1004.49
1004.49
1004.49
1004.49
1004.49
1004.49
1004.49
1004.49
1004.49
1004.49
1004.49
1004.49
1004.49
1004.49
1004.49
1004.49
1004.49
1004.49
1004.49
1004.49
1004.49
1004.49
1004.49
1004.49
1004.49
1004.49
1004.49
1004.49
1004.49
1004.49
1004.49
1004.49
1004.49
1004.49
1004.49
1004.49
1004.49
1004.49
1004.49
1004.49
1004.49
1004.49
1004.49
1004.49
1004.49
1004.49
1004.49
1004.49
1004.49
1004.49
1004.49
1004.49
1004.49
1004.49
1004.49
1004.49
1004.49
1004.49
1004.49
1004.49
1004.49
1004.49
1004.49
1004.49
1004.49
1004.49
1004.49
1004.49
1004.49
1004.49
1004.49
1004.49
1004.49
1004.49
1004.49
1004.49
1004.49
1004.49
1004.49
1004.49
1004.49
1004.49
1004.49
1004.49
1004.49
1004.49
1004.49
1004.49
1004.49
1004.49
1004.49
1004.49
1004.49
1004.49
1004.49
1004.49
1004.49
1004.49
1004.49
1004.49
1004.49
1004.49
1004.49
1004.49
1004.49
1004.49
1004.49
1004.49
1004.49
1004.49
1004.49
1004.49
1004.49
1004.49
1004.49
1004.49
1004.49
1004.49
1004.49
1004.49
1004.49
1004.49
1004.49
1004.49
1004.49
1004.49
1004.49
1004.49
1004.49
1004.49
1004.49
1004.49
1004.49
1004.49
1004.49
1004.49
1004.49
1004.49
1004.49
1004.49
1004.49
1004.49
1004.49
1004.49
1004.49
1004.49
1004.49
1004.49
1004.49
1004.49
1004.49
1004.49
1004.49
1004.49
1004.49
1004.49
1004.49
1004.49
1004.49
1004.49
1004.49
1004.49
1004.49
1004.49
1004.49
1004.49
1004.49
1004.49
1004.49
1004.49
1004.49
1004.49
1004.49
1004.49
1004.49
1004.49
1004.49
1004.49
1004.49
1004.49
1004.49
1004.49
1004.49
1004.49
1004.49
1004.49
1004.49
1004.49
1004.49
1004.49
1004.49
1004.49
1004.49
1004.49
1004.49
1004.49
1004.49
1004.49
1004.49
1004.49
1004.49
1004.49
1004.49
1004.49
1004.49
1004.49
1004.49
1004.49
1004.49
1004.49
1004.49
1004.49
1004.49
1004.49
1004.49
1004.49
1004.49
1004.49
1004.49
1004.49
1004.49
1004.49
1004.49
1004.49
1004.49
1004.49
1004.49
1004.49
1004.49
1004.49
1004.49
1004.49
1004.49
1004.49
1004.49
1004.49
1004.49
1004.49
1004.49
1004.49
1004.49
1004.49
1004.49
1004.49
1004.49
1004.49
1004.49
1004.49
1004.49
1004.49
1004.49
1004.49
1004.49
1004.49
1004.49
1004.49
1004.49
1004.49
1004.49
1004.49
1004.49
1004.49
1004.49
1004.49
1004.49
1004.49
1004.49
1004.49
1004.49
1004.49
1004.49
1004.49
1004.49
1004.49
1004.49
1004.49
1004.49
1004.49
1004.49
1004.49
1004.49
1004.49
1004.49
1004.49
1004.49
1004.49
1004.49
1004.49
1004.49
1004.49
1004.49
1004.49
1004.49
1004.49
1004.49
1004.49
1004.49
1004.49
1004.49
1004.49
1004.49
1004.49
1004.49
1004.49
1004.49
1004.49
1004.49
1004.49
1004.49
1004.49
1004.49
1004.49
1004.49
1004.49
1004.49
1004.49
1004.49
1004.49
1004.49
1004.49
1004.49
1004.49
1004.49
1004.49
1004.49
1004.49
1004.49
1004.49
1004.49
1004.49
1004.49
1004.49
1004.49
1004.49
1004.49
1004.49
1004.49
1004.49
1004.49
1004.49
1004.49
1004.49
1004.49
1004.49
1004.49
1004.49
1004.49
1004.49
1004.49
1004.49
1004.49
1004.49
1004.49
1004.49
1004.49
1004.49
1004.49
1004.49
1004.49
1004.49
1004.49
1004.49
1004.49
1004.49
1004.49
1004.49
1004.49
1004.49
1004.49
1004.49
1004.49
1004.49
1004.49
1004.49
1004.49
1004.49
1004.49
1004.49
1004.49
1004.49
1004.49
1004.49
1004.49
1004.49
1004.49
1004.49
1004.49
1004.49
1004.49
1004.49
1004.49
1004.49
1004.49
1004.49
1004.49
1004.49
1004.49
1004.49
1004.49
1004.49
1004.49
1004.49
1004.49
1004.49
1004.49
1004.49
1004.49
1004.49
1004.49
1004.49
1004.49
1004.49
1004.49
1004.49
1004.49
1004.49
1004.49
1004.49
1004.49
1004.49
1004.49
1004.49
1004.49
1004.49
1004.49
1004.49
1004.49
1004.49
1004.49
1004.49
1004.49
1004.49
1004.49
1004.49
1004.49
1004.49
1004.49
1004.49
1004.49
1004.49
1004.49
1004.49
1004.49
1004.49
1004.49
1004.49
1004.49
1004.49
1004.49
1004.49
1004.49
1004.49
1004.49
1004.49
1004.49
1004.49
1004.49
1004.49
1004.49
1004.49
1004.49
1004.49
1004.49
1004.49
1004.49
1004.49
1004.49
1004.49
1004.49
1004.49
1004.49
1004.49
1004.49
1004.49
1004.49
1004.49
1004.49
1004.49
1004.49
1004.49
1004.49
1004.49
1004.49
1004.49
1004.49
1004.49
1004.49
1004.49
1004.49
1004.49
1004.49
1004.49
1004.49
1004.49
1004.49
1004.49
1004.49
1004.49
1004.49
1004.49
1004.49
1004.49
1004.49
1004.49
1004.49
1004.49
1004.49
1004.49
1004.49
1004.49
1004.49
1004.49
1004.49
1004.49
1004.49
1004.49
1004.49
1004.49
1004.49
1004.49
1004.49
1004.49
1004.49
1004.49
1004.49
1004.49
1004.49
1004.49
1004.49
1004.49
1004.49
1004.49
1004.49
1004.49
1004.49
1004.49
1004.49
1004.49
1004.49
1004.49
1004.49
1004.49
1004.49
1004.49
1004.49
1004.49
1004.49
1004.49
1004.49
1004.49
1004.49
1004.49
1004.49
1004.49
1004.49
1004.49
1004.49
1004.49
1004.49
1004.49
1004.49
1004.49
1004.49
1004.49
1004.49
1004.49
1004.49
1004.49
1004.49
1004.49
1004.49
1004.49
1004.49
1004.49
1004.49
1004.49
1004.49
1004.49
1004.49
1004.49
1004.49
1004.49
1004.49
1004.49
1004.49
1004.49
1004.49
1004.49
1004.49
1004.49
1004.49
1004.49
1004.49
1004.49
1004.49
1004.49
1004.49
1004.49
1004.49
1004.49
1004.49
1004.49
1004.49
1004.49
1004.49
1004.49
1004.49
1004.49
1004.49
1004.49
1004.49
1004.49
1004.49
1004.49
1004.49
1004.49
1004.49
1004.49
1004.49
1004.49
1004.49
1004.49
1004.49
1004.49
1004.49
1004.49
1004.49
1004.49
1004.49
1004.49
1004.49
1004.49
1004.49
1004.49
1004.49
1004.49
1004.49
1004.49
1004.49
1004.49
1004.49
1004.49
1004.49
1004.49
1004.49
1004.49
1004.49
1004.49
1004.49
1004.49
1004.49
1004.49
1004.49
1004.49
1004.49
1004.49
1004.49
1004.49
1004.49
1004.49
1004.49
1004.49
1004.49
1004.49
1004.49
1004.49
1004.49
1004.49
1004.49
1004.49
1004.49
1004.49
1004.49
1004.49
1004.49
1004.49
1004.49
1004.49
1004.49
1004.49
1004.49
1004.49
1004.49
1004.49
1004.49
1004.49
1004.49
1004.49
1004.49
1004.49
1004.49
1004.49
1004.49
1004.49
1004.49
1004.49
1004.49
1004.49
1004.49
1004.49
1004.49
1004.49
1004.49
1004.49
1004.49
1004.49
1004.49
1004.49
1004.49
1004.49
1004.49
1004.49
1004.49
1004.49
1004.49
1004.49
1004.49
1004.49
1004.49
1004.49
1004.49
1004.49
1004.49
1004.49
1004.49
1004.49
1004.49
1004.49
1004.49
1004.49
1004.49
1004.49
1004.49
1004.49
1004.49
1004.49
1004.49
1004.49
1004.49
1004.49
1004.49
1004.49
1004.49
1004.49
1004.49
1004.49
1004.49
1004.49
1004.49
1004.49
1004.49
1004.49
1004.49
1004.49
1004.49
1004.49
1004.49
1004.49
1004.49
1004.49
1004.49
1004.49
1004.49
1004.49
1004.49
1004.49
1004.49
1004.49
1004.49
1004.49
1004.49
1004.49
1004.49
1004.49
1004.49
1004.49
1004.49
1004.49
1004.49
1004.49
1004.49
1004.49
1004.49
1004.49
1004.49
1004.49
1004.49
1004.49
1004.49
1004.49
1004.49
1004.49
1004.49
1004.49
1004.49
1004.49
1004.49
1004.49
1004.49
1004.49
1004.49
1004.49
1004.49
1004.49
1004.49
1004.49
1004.49
1004.49
1004.49
1004.49
1004.49
1004.49
1004.49
1004.49
1004.49
1004.49
1004.49
1004.49
1004.49
1004.49
1004.49
1004.49
1004.49
1004.49
1004.49
1004.49
1004.49
1004.49
1004.49
1004.49
1004.49
1004.49
1004.49
1004.49
1004.49
1004.49
1004.49
1004.49
1004.49
1004.49
1004.49
1004.49
1004.49
1004.49
1004.49
1004.49
1004.49
1004.49
1004.49
1004.49
1004.49
1004.49
1004.49
1004.49
1004.49
1004.49
1004.49
1004.49
1004.49
1004.49
1004.49
1004.49
1004.49
1004.49
1004.49
1004.49
1004.49
1004.49
1004.49
1004.49
1004.49
1004.49
1004.49
1004.49
1004.49
1004.49
1004.49
1004.49
1004.49
1004.49
1004.49
1004.49
1004.49
1004.49
1004.49
1004.49
1004.49
1004.49
1004.49
1004.49
1004.49
1004.49
1004.49
1004.49
1004.49
1004.49
1004.49
1004.49
1004.49
1004.49
1004.49
1004.49
1004.49
1004.49
1004.49
1004.49
1004.49
1004.49
1004.49
1004.49
1004.49
1004.49
1004.49
1004.49
1004.49
1004.49
1004.49
1004.49
1004.49
1004.49
1004.49
1004.49
1004.49
1004.49
1004.49
1004.49
1004.49
1004.49
1004.49
1004.49
1004.49
1004.49
1004.49
1004.49
1004.49
1004.49
1004.49
1004.49
1004.49
1004.49
1004.49
1004.49
1004.49
1004.49
1004.49
1004.49
1004.49
1004.49
1004.49
1004.49
1004.49
1004.49
1004.49
1004.49
1004.49
1004.49
1004.49
1004.49
1004.49
1004.49
1004.49
1004.49
1004.49
1004.49
1004.49
1004.49
1004.49
1004.49
1004.49
1004.49
1004.49
1004.49
1004.49
1004.49
1004.49
1004.49
1004.49
1004.49
1004.49
1004.49
1004.49
1004.49
1004.49
1004.49
1004.49
1004.49
1004.49
1004.49
1004.49
1004.49
1004.49
1004.49
1004.49
1004.49
1004.49
1004.49
1004.49
1004.49
1004.49
1004.49
1004.49
1004.49
1004.49
1004.49
1004.49
1004.49
1004.49
1004.49
1004.49
1004.49
1004.49
1004.49
1004.49
1004.49
1004.49
1004.49
1004.49
1004.49
1004.49
1004.49
1004.49
1004.49
1004.49
1004.49
1004.49
1004.49
1004.49
1004.49
1004.49
1004.49
1004.49
1004.49
1004.49
1004.49
1004.49
1004.49
1004.49
1004.49
1004.49
1004.49
1004.49
1004.49
1004.49
1004.49
1004.49
1004.49
1004.49
1004.49
1004.49
1004.49
1004.49
1004.49
1004.49
1004.49
1004.49
1004.49
1004.49
1004.49
1004.49
1004.49
1004.49
1004.49
1004.49
1004.49
1004.49
1004.49
1004.49
1004.49
1004.49
1004.49
1004.49
1004.49
1004.49
1004.49
1004.49
1004.49
1004.49
1004.49
1004.49
1004.49
1004.49
1004.49
1004.49
1004.49
1004.49
1004.49
1004.49
1004.49
1004.49
1004.49
1004.49
1004.49
1004.49
1004.49
1004.49
1004.49
1004.49
1004.49
1004.49
1004.49
1004.49
1004.49
1004.49
1004.49
1004.49
1004.49
1004.49
1004.49
1004.49
1004.49
1004.49
1004.49
1004.49
1004.49
1004.49
1004.49
1004.49
1004.49
1004.49
1004.49
1004.49
1004.49
1004.49
1004.49
1004.49
1004.49
1004.49
1004.49
1004.49
1004.49
1004.49
1004.49
1004.49
1004.49
1004.49
1004.49
1004.49
1004.49
1004.49
1004.49
1004.49
1004.49
1004.49
1004.49
1004.49
1004.49
1004.49
1004.49
1004.49
1004.49
1004.49
1004.49
1004.49
1004.49
1004.49
1004.49
1004.49
1004.49
1004.49
1004.49
1004.49
1004.49
1004.49
1004.49
1004.49
1004.49
1004.49
1004.49
)
;

boundaryField
{
    outerWall
    {
        type            calculated;
        value           nonuniform List<scalar> 
225
(
1004.49
1004.49
1004.49
1004.49
1004.49
1004.49
1004.49
1004.49
1004.49
1004.49
1004.49
1004.49
1004.49
1004.49
1004.49
1004.49
1004.48
1004.47
1004.46
1004.44
1004.41
1004.38
1004.34
1004.3
1004.25
1004.21
1004.17
1004.14
1004.12
1004.11
1004.11
1004.08
1004.02
1003.94
1003.85
1003.77
1003.71
1003.66
1003.64
1003.64
1003.65
1003.67
1003.69
1003.7
1003.71
1003.71
1003.71
1003.71
1003.69
1003.7
1003.5
1003.48
1003.44
1003.39
1003.33
1003.27
1003.19
1003.11
1003.02
1002.92
1002.81
1002.68
1002.53
1002.36
1002.17
1001.96
1001.74
1001.51
1001.27
1001.04
1000.82
1000.61
1000.41
1000.22
1000.04
1003.5
1003.48
1003.44
1003.39
1003.33
1003.27
1003.19
1003.11
1003.02
1002.92
1002.81
1002.68
1002.53
1002.36
1002.17
1001.96
1001.74
1001.51
1001.27
1001.04
1000.82
1000.61
1000.41
1000.22
1000.04
1003.7
1003.69
1003.71
1003.71
1003.71
1003.71
1003.7
1003.68
1003.67
1003.65
1003.64
1003.65
1003.67
1003.72
1003.8
1003.9
1004
1004.11
1004.2
1004.28
1004.35
1004.4
1004.43
1004.46
1004.47
1004.48
1004.49
1004.49
1004.49
1004.49
1004.49
1004.49
1004.49
1004.49
1004.49
1004.49
1004.49
1004.49
1004.49
1004.49
1004.49
1004.49
1004.49
1004.49
1004.49
1004.49
1004.49
1004.49
1004.49
1004.49
1004.49
1004.49
1004.49
1004.49
1004.49
1004.49
1004.49
1004.49
1004.49
1004.49
1004.49
1004.49
1004.49
1004.49
1004.49
1004.49
1004.49
1004.49
1004.49
1004.49
1004.49
1004.49
1004.49
1004.49
1004.49
1004.49
1004.49
1004.49
1004.49
1004.49
1004.49
1004.49
1004.49
1004.49
1004.49
1004.49
1004.49
1004.49
1004.49
1004.49
1004.49
1004.49
1004.49
1004.49
1004.49
1004.49
1004.49
1004.49
1004.49
1004.49
1004.49
1004.49
1004.49
1004.49
1004.49
1004.49
1004.49
1004.49
1004.49
1004.49
1004.49
1004.49
1004.49
1004.49
1004.49
1004.49
1004.49
1004.49
1004.49
1004.49
1004.49
1004.49
1004.49
1004.49
1004.49
)
;
    }
    axis
    {
        type            symmetryPlane;
    }
    nozzle
    {
        type            calculated;
        value           uniform 999.955;
    }
    back
    {
        type            empty;
    }
    front
    {
        type            empty;
    }
}


// ************************************************************************* //
