/*--------------------------------*- C++ -*----------------------------------*\
| =========                 |                                                 |
| \\      /  F ield         | OpenFOAM: The Open Source CFD Toolbox           |
|  \\    /   O peration     | Version:  2412                                  |
|   \\  /    A nd           | Website:  www.openfoam.com                      |
|    \\/     M anipulation  |                                                 |
\*---------------------------------------------------------------------------*/
FoamFile
{
    version     2.0;
    format      ascii;
    arch        "LSB;label=32;scalar=64";
    class       volScalarField;
    location    "5e-05";
    object      p;
}
// * * * * * * * * * * * * * * * * * * * * * * * * * * * * * * * * * * * * * //

dimensions      [1 -1 -2 0 0 0 0];

internalField   nonuniform List<scalar> 
3725
(
1e+07
1e+07
1e+07
1e+07
1e+07
1e+07
1e+07
1e+07
1e+07
1e+07
1e+07
1e+07
1e+07
1e+07
1e+07
1e+07
9.99999e+06
9.99998e+06
9.99996e+06
9.99992e+06
9.99984e+06
9.99969e+06
9.99945e+06
9.99908e+06
9.99856e+06
9.9979e+06
9.99715e+06
9.9964e+06
9.9958e+06
9.99545e+06
1e+07
1e+07
1e+07
1e+07
1e+07
1e+07
1e+07
1e+07
1e+07
1e+07
1e+07
1e+07
1e+07
1e+07
1e+07
9.99999e+06
9.99999e+06
9.99997e+06
9.99994e+06
9.99987e+06
9.99974e+06
9.99951e+06
9.99913e+06
9.99854e+06
9.99773e+06
9.99669e+06
9.99552e+06
9.99436e+06
9.99342e+06
9.99289e+06
1e+07
1e+07
1e+07
1e+07
1e+07
1e+07
1e+07
1e+07
1e+07
1e+07
1e+07
1e+07
1e+07
1e+07
1e+07
9.99999e+06
9.99998e+06
9.99994e+06
9.99988e+06
9.99975e+06
9.9995e+06
9.99906e+06
9.99833e+06
9.99723e+06
9.99569e+06
9.99376e+06
9.99157e+06
9.98942e+06
9.98767e+06
9.98668e+06
1e+07
1e+07
1e+07
1e+07
1e+07
1e+07
1e+07
1e+07
1e+07
1e+07
1e+07
1e+07
1e+07
1e+07
9.99999e+06
9.99998e+06
9.99995e+06
9.99989e+06
9.99976e+06
9.9995e+06
9.99901e+06
9.99815e+06
9.99674e+06
9.99459e+06
9.99163e+06
9.9879e+06
9.98372e+06
9.97962e+06
9.97631e+06
9.97444e+06
1e+07
1e+07
1e+07
1e+07
1e+07
1e+07
1e+07
1e+07
1e+07
1e+07
1e+07
1e+07
1e+07
9.99999e+06
9.99998e+06
9.99996e+06
9.99991e+06
9.99978e+06
9.99953e+06
9.99903e+06
9.99808e+06
9.99643e+06
9.99373e+06
9.98965e+06
9.98403e+06
9.97703e+06
9.96921e+06
9.96159e+06
9.95545e+06
9.952e+06
1e+07
1e+07
1e+07
1e+07
1e+07
1e+07
1e+07
1e+07
1e+07
1e+07
1e+07
1e+07
1e+07
9.99999e+06
9.99997e+06
9.99992e+06
9.99982e+06
9.99959e+06
9.99911e+06
9.99817e+06
9.9964e+06
9.99331e+06
9.9883e+06
9.98078e+06
9.97049e+06
9.95776e+06
9.94363e+06
9.92996e+06
9.919e+06
9.91288e+06
1e+07
1e+07
1e+07
1e+07
1e+07
1e+07
1e+07
1e+07
1e+07
1e+07
1e+07
1e+07
9.99999e+06
9.99998e+06
9.99994e+06
9.99986e+06
9.99967e+06
9.99925e+06
9.99837e+06
9.99665e+06
9.99345e+06
9.98788e+06
9.97889e+06
9.96552e+06
9.94736e+06
9.92506e+06
9.90055e+06
9.877e+06
9.85827e+06
9.84785e+06
1e+07
1e+07
1e+07
1e+07
1e+07
1e+07
1e+07
1e+07
1e+07
1e+07
1e+07
9.99999e+06
9.99998e+06
9.99996e+06
9.9999e+06
9.99975e+06
9.99941e+06
9.99866e+06
9.99712e+06
9.99408e+06
9.98847e+06
9.97879e+06
9.96326e+06
9.94034e+06
9.90952e+06
9.87207e+06
9.83131e+06
9.79255e+06
9.76199e+06
9.74508e+06
1e+07
1e+07
1e+07
1e+07
1e+07
1e+07
1e+07
1e+07
1e+07
1e+07
1e+07
9.99999e+06
9.99997e+06
9.99993e+06
9.99982e+06
9.99957e+06
9.99898e+06
9.9977e+06
9.99506e+06
9.9899e+06
9.98044e+06
9.9642e+06
9.93839e+06
9.90065e+06
9.85047e+06
9.79024e+06
9.72553e+06
9.66476e+06
9.61735e+06
9.59132e+06
1e+07
1e+07
1e+07
1e+07
1e+07
1e+07
1e+07
1e+07
1e+07
1e+07
9.99999e+06
9.99998e+06
9.99996e+06
9.99988e+06
9.9997e+06
9.99927e+06
9.9983e+06
9.99619e+06
9.99184e+06
9.9834e+06
9.96801e+06
9.94182e+06
9.90058e+06
9.84098e+06
9.76278e+06
9.67032e+06
9.57255e+06
9.48213e+06
9.41258e+06
9.37476e+06
1e+07
1e+07
1e+07
1e+07
1e+07
1e+07
1e+07
1e+07
1e+07
1e+07
9.99999e+06
9.99997e+06
9.99993e+06
9.99981e+06
9.99952e+06
9.99883e+06
9.99727e+06
9.9939e+06
9.98701e+06
9.97371e+06
9.94965e+06
9.90907e+06
9.84585e+06
9.75571e+06
9.63933e+06
9.50421e+06
9.36409e+06
9.23704e+06
9.14107e+06
9.08951e+06
1e+07
1e+07
1e+07
1e+07
1e+07
1e+07
1e+07
1e+07
1e+07
9.99999e+06
9.99999e+06
9.99996e+06
9.99989e+06
9.9997e+06
9.99925e+06
9.99819e+06
9.99578e+06
9.99061e+06
9.9801e+06
9.95996e+06
9.92379e+06
9.86345e+06
9.7706e+06
9.64026e+06
9.47517e+06
9.28769e+06
9.09793e+06
8.93016e+06
8.80641e+06
8.74097e+06
1e+07
1e+07
1e+07
1e+07
1e+07
1e+07
1e+07
1e+07
1e+07
9.99999e+06
9.99998e+06
9.99994e+06
9.99983e+06
9.99956e+06
9.99888e+06
9.99729e+06
9.99372e+06
9.9861e+06
9.97068e+06
9.94136e+06
9.8892e+06
9.80314e+06
9.67261e+06
9.49261e+06
9.26974e+06
9.02335e+06
8.78143e+06
8.57435e+06
8.42635e+06
8.34971e+06
1e+07
1e+07
1e+07
1e+07
1e+07
1e+07
1e+07
1e+07
1e+07
9.99999e+06
9.99997e+06
9.99991e+06
9.99975e+06
9.99936e+06
9.99839e+06
9.99612e+06
9.99103e+06
9.98021e+06
9.95849e+06
9.9175e+06
9.84531e+06
9.72767e+06
9.55205e+06
9.31479e+06
9.02869e+06
8.72255e+06
8.43318e+06
8.19563e+06
8.0329e+06
7.95083e+06
1e+07
1e+07
1e+07
1e+07
1e+07
1e+07
1e+07
1e+07
9.99999e+06
9.99998e+06
9.99995e+06
9.99987e+06
9.99966e+06
9.99911e+06
9.99777e+06
9.99464e+06
9.98767e+06
9.97294e+06
9.94355e+06
9.88854e+06
9.79266e+06
9.63849e+06
9.41228e+06
9.1136e+06
8.76429e+06
8.40479e+06
8.08078e+06
7.82888e+06
7.66598e+06
7.58636e+06
1e+07
1e+07
1e+07
1e+07
1e+07
1e+07
1e+07
1e+07
9.99999e+06
9.99998e+06
9.99994e+06
9.99983e+06
9.99954e+06
9.99882e+06
9.99704e+06
9.99291e+06
9.98373e+06
9.96445e+06
9.92624e+06
9.85532e+06
9.73304e+06
9.5391e+06
9.25971e+06
8.8999e+06
8.49329e+06
8.09362e+06
7.75407e+06
7.50819e+06
7.36127e+06
7.29168e+06
1e+07
1e+07
1e+07
1e+07
1e+07
1e+07
1e+07
1e+07
9.99999e+06
9.99997e+06
9.99992e+06
9.99978e+06
9.99942e+06
9.99848e+06
9.99622e+06
9.99097e+06
9.97938e+06
9.95512e+06
9.90737e+06
9.81947e+06
9.6695e+06
9.43492e+06
9.10325e+06
8.68711e+06
8.23408e+06
7.81159e+06
7.47763e+06
7.25695e+06
7.13844e+06
7.08226e+06
1e+07
1e+07
1e+07
1e+07
1e+07
1e+07
1e+07
1e+07
9.99999e+06
9.99997e+06
9.9999e+06
9.99973e+06
9.99928e+06
9.99814e+06
9.99537e+06
9.98897e+06
9.97488e+06
9.94555e+06
9.88815e+06
9.7833e+06
9.60618e+06
9.33278e+06
8.95321e+06
8.48924e+06
8.00323e+06
7.57543e+06
7.26487e+06
7.08184e+06
6.9951e+06
6.94813e+06
1e+07
1e+07
1e+07
1e+07
1e+07
1e+07
1e+07
1e+07
9.99999e+06
9.99996e+06
9.99989e+06
9.99968e+06
9.99915e+06
9.99781e+06
9.99455e+06
9.98705e+06
9.97059e+06
9.93648e+06
9.87007e+06
9.74957e+06
9.54781e+06
9.24006e+06
8.81987e+06
8.31859e+06
7.81266e+06
7.3929e+06
7.11541e+06
6.9715e+06
6.9061e+06
6.84599e+06
1e+07
1e+07
1e+07
1e+07
1e+07
1e+07
1e+07
1e+07
9.99998e+06
9.99995e+06
9.99987e+06
9.99964e+06
9.99904e+06
9.99752e+06
9.99385e+06
9.9854e+06
9.96691e+06
9.92873e+06
9.85472e+06
9.72114e+06
9.49909e+06
9.16371e+06
8.7121e+06
8.18432e+06
7.66857e+06
7.26337e+06
7.01928e+06
6.90906e+06
6.86783e+06
6.84006e+06
1e+07
1e+07
1e+07
1e+07
1e+07
1e+07
1e+07
9.99999e+06
9.99998e+06
9.99995e+06
9.99986e+06
9.99961e+06
9.99896e+06
9.99733e+06
9.99338e+06
9.9843e+06
9.96449e+06
9.92365e+06
9.84469e+06
9.70268e+06
9.46771e+06
9.11505e+06
8.64443e+06
8.10178e+06
7.58255e+06
7.18901e+06
6.96317e+06
6.85229e+06
6.72262e+06
6.55647e+06
1e+07
1e+07
1e+07
1e+07
1e+07
1e+07
1e+07
9.99999e+06
9.99998e+06
9.99995e+06
9.99985e+06
9.9996e+06
9.99892e+06
9.99722e+06
9.99312e+06
9.98369e+06
9.96314e+06
9.92081e+06
9.8391e+06
9.69244e+06
9.45036e+06
9.0883e+06
8.60756e+06
8.05739e+06
7.53728e+06
7.15159e+06
6.9386e+06
6.83667e+06
6.72389e+06
6.57989e+06
1e+07
1e+07
1e+07
1e+07
1e+07
1e+07
1e+07
9.99999e+06
9.99998e+06
9.99995e+06
9.99985e+06
9.99959e+06
9.99891e+06
9.99718e+06
9.99303e+06
9.98348e+06
9.96268e+06
9.91985e+06
9.8372e+06
9.68896e+06
9.44447e+06
9.07926e+06
8.59514e+06
8.04252e+06
7.52227e+06
7.13936e+06
6.93068e+06
6.83071e+06
6.71169e+06
6.53303e+06
1e+07
1e+07
1e+07
1e+07
1e+07
1e+07
1e+07
9.99999e+06
9.99998e+06
9.99995e+06
9.99985e+06
9.9996e+06
9.99892e+06
9.99722e+06
9.99312e+06
9.98369e+06
9.96314e+06
9.92082e+06
9.83911e+06
9.69245e+06
9.45038e+06
9.08833e+06
8.6076e+06
8.05744e+06
7.53734e+06
7.15164e+06
6.93864e+06
6.8367e+06
6.72394e+06
6.57994e+06
1e+07
1e+07
1e+07
1e+07
1e+07
1e+07
1e+07
9.99999e+06
9.99998e+06
9.99995e+06
9.99986e+06
9.99961e+06
9.99896e+06
9.99733e+06
9.99338e+06
9.98431e+06
9.9645e+06
9.92366e+06
9.8447e+06
9.70271e+06
9.46774e+06
9.1151e+06
8.64451e+06
8.10189e+06
7.58267e+06
7.18911e+06
6.96323e+06
6.85227e+06
6.7224e+06
6.55602e+06
5.9775e+06
5.69447e+06
5.32314e+06
4.89536e+06
4.42077e+06
3.90818e+06
3.37254e+06
2.83375e+06
2.3136e+06
1.83226e+06
1.40554e+06
1.04322e+06
748677
519441
348634
226724
143301
88485
53826.8
32637.8
20080.6
12459.9
8721.32
5607.37
-888.008
6.04513e+06
5.70606e+06
5.32518e+06
4.89576e+06
4.4208e+06
3.90814e+06
3.3725e+06
2.83372e+06
2.31358e+06
1.83225e+06
1.40553e+06
1.04322e+06
748674
519439
348632
226723
143300
88484.3
53826.3
32637.5
20080.4
12459.8
8721.3
5607.38
-888.018
6.03781e+06
5.7047e+06
5.32495e+06
4.89581e+06
4.42084e+06
3.90815e+06
3.3725e+06
2.83372e+06
2.31358e+06
1.83225e+06
1.40553e+06
1.04322e+06
748674
519438
348632
226723
143301
88484.3
53826.4
32637.6
20080.5
12459.9
8721.38
5607.43
-887.994
6.04516e+06
5.70604e+06
5.32515e+06
4.89574e+06
4.42078e+06
3.90813e+06
3.37249e+06
2.83372e+06
2.31358e+06
1.83225e+06
1.40553e+06
1.04322e+06
748674
519439
348632
226724
143301
88484.8
53826.8
32637.8
20080.7
12460
8721.45
5607.47
-887.983
5.97741e+06
5.69438e+06
5.32308e+06
4.89532e+06
4.42075e+06
3.90816e+06
3.37252e+06
2.83374e+06
2.31359e+06
1.83226e+06
1.40554e+06
1.04322e+06
748676
519441
348634
226725
143302
88485.5
53827.3
32638.2
20080.9
12460.2
8721.54
5607.52
-887.955
1e+07
1e+07
1e+07
1e+07
1e+07
1e+07
1e+07
1e+07
9.99998e+06
9.99995e+06
9.99987e+06
9.99964e+06
9.99904e+06
9.99752e+06
9.99385e+06
9.9854e+06
9.96693e+06
9.92877e+06
9.85479e+06
9.72128e+06
9.49933e+06
9.16409e+06
8.71263e+06
8.18498e+06
7.66927e+06
7.26402e+06
7.01982e+06
6.90964e+06
6.86885e+06
6.84169e+06
1e+07
1e+07
1e+07
1e+07
1e+07
1e+07
1e+07
1e+07
9.99999e+06
9.99996e+06
9.99989e+06
9.99968e+06
9.99915e+06
9.99781e+06
9.99457e+06
9.98708e+06
9.97066e+06
9.93662e+06
9.87036e+06
9.7501e+06
9.54871e+06
9.24149e+06
8.82191e+06
8.32117e+06
7.81551e+06
7.39557e+06
7.11751e+06
6.97299e+06
6.90718e+06
6.84699e+06
1e+07
1e+07
1e+07
1e+07
1e+07
1e+07
1e+07
1e+07
9.99999e+06
9.99997e+06
9.9999e+06
9.99973e+06
9.99928e+06
9.99815e+06
9.99539e+06
9.98902e+06
9.975e+06
9.94581e+06
9.88867e+06
9.78428e+06
9.60788e+06
9.3355e+06
8.95717e+06
8.49439e+06
8.00913e+06
7.5813e+06
7.26995e+06
7.0858e+06
6.99817e+06
6.951e+06
1e+07
1e+07
1e+07
1e+07
1e+07
1e+07
1e+07
1e+07
9.99999e+06
9.99997e+06
9.99992e+06
9.99978e+06
9.99942e+06
9.9985e+06
9.99625e+06
9.99105e+06
9.97955e+06
9.95549e+06
9.90811e+06
9.82086e+06
9.67195e+06
9.43891e+06
9.10918e+06
8.69508e+06
8.24362e+06
7.8217e+06
7.4872e+06
7.26526e+06
7.14549e+06
7.08876e+06
1e+07
1e+07
1e+07
1e+07
1e+07
1e+07
1e+07
1e+07
9.99999e+06
9.99998e+06
9.99994e+06
9.99983e+06
9.99955e+06
9.99883e+06
9.99708e+06
9.99299e+06
9.98394e+06
9.96489e+06
9.92713e+06
9.85702e+06
9.73606e+06
9.54411e+06
9.26733e+06
8.91045e+06
8.50646e+06
8.10842e+06
7.76918e+06
7.52254e+06
7.3745e+06
7.30424e+06
1e+07
1e+07
1e+07
1e+07
1e+07
1e+07
1e+07
1e+07
9.99999e+06
9.99998e+06
9.99996e+06
9.99988e+06
9.99966e+06
9.99913e+06
9.99781e+06
9.99474e+06
9.98789e+06
9.97341e+06
9.9445e+06
9.89038e+06
9.796e+06
9.6441e+06
9.421e+06
9.12603e+06
8.7804e+06
8.42382e+06
8.10145e+06
7.8499e+06
7.68657e+06
7.60657e+06
1e+07
1e+07
1e+07
1e+07
1e+07
1e+07
1e+07
1e+07
1e+07
9.99999e+06
9.99997e+06
9.99991e+06
9.99976e+06
9.99937e+06
9.99843e+06
9.99621e+06
9.99124e+06
9.98067e+06
9.95943e+06
9.91933e+06
9.84866e+06
9.7334e+06
9.56113e+06
9.32807e+06
9.0465e+06
8.74447e+06
8.45816e+06
8.22237e+06
8.0603e+06
7.97839e+06
1e+07
1e+07
1e+07
1e+07
1e+07
1e+07
1e+07
1e+07
1e+07
9.99999e+06
9.99998e+06
9.99994e+06
9.99984e+06
9.99957e+06
9.99892e+06
9.99738e+06
9.99391e+06
9.98651e+06
9.97153e+06
9.94303e+06
9.8923e+06
9.80852e+06
9.6813e+06
9.50561e+06
9.28767e+06
9.04619e+06
8.80847e+06
8.60441e+06
8.45816e+06
8.38229e+06
1e+07
1e+07
1e+07
1e+07
1e+07
1e+07
1e+07
1e+07
1e+07
1e+07
9.99999e+06
9.99996e+06
9.99989e+06
9.99972e+06
9.99928e+06
9.99825e+06
9.99594e+06
9.99095e+06
9.98082e+06
9.96138e+06
9.92646e+06
9.86813e+06
9.7783e+06
9.652e+06
9.49175e+06
9.30939e+06
9.12439e+06
8.96043e+06
8.83921e+06
8.77501e+06
1e+07
1e+07
1e+07
1e+07
1e+07
1e+07
1e+07
1e+07
1e+07
1e+07
9.99999e+06
9.99997e+06
9.99993e+06
9.99982e+06
9.99954e+06
9.99888e+06
9.99739e+06
9.99417e+06
9.98758e+06
9.97485e+06
9.95179e+06
9.91288e+06
9.8522e+06
9.76555e+06
9.65351e+06
9.52318e+06
9.38775e+06
9.26471e+06
9.17159e+06
9.12149e+06
1e+07
1e+07
1e+07
1e+07
1e+07
1e+07
1e+07
1e+07
1e+07
1e+07
9.99999e+06
9.99998e+06
9.99996e+06
9.99989e+06
9.99972e+06
9.99931e+06
9.99839e+06
9.99638e+06
9.99226e+06
9.98425e+06
9.96963e+06
9.94474e+06
9.90548e+06
9.84869e+06
9.77407e+06
9.68569e+06
9.59207e+06
9.50535e+06
9.43853e+06
9.40215e+06
1e+07
1e+07
1e+07
1e+07
1e+07
1e+07
1e+07
1e+07
1e+07
1e+07
1e+07
9.99999e+06
9.99998e+06
9.99993e+06
9.99983e+06
9.99959e+06
9.99904e+06
9.99784e+06
9.99536e+06
9.99051e+06
9.9816e+06
9.9663e+06
9.94196e+06
9.90633e+06
9.85889e+06
9.80187e+06
9.74052e+06
9.68281e+06
9.63774e+06
9.61297e+06
1e+07
1e+07
1e+07
1e+07
1e+07
1e+07
1e+07
1e+07
1e+07
1e+07
1e+07
9.99999e+06
9.99999e+06
9.99996e+06
9.9999e+06
9.99977e+06
9.99945e+06
9.99876e+06
9.99731e+06
9.99449e+06
9.98926e+06
9.98022e+06
9.96572e+06
9.94429e+06
9.91544e+06
9.88033e+06
9.84209e+06
9.80567e+06
9.77691e+06
9.761e+06
1e+07
1e+07
1e+07
1e+07
1e+07
1e+07
1e+07
1e+07
1e+07
1e+07
1e+07
1e+07
9.99999e+06
9.99998e+06
9.99995e+06
9.99987e+06
9.99969e+06
9.99931e+06
9.9985e+06
9.99691e+06
9.99395e+06
9.98881e+06
9.9805e+06
9.96812e+06
9.9513e+06
9.93062e+06
9.90785e+06
9.88596e+06
9.86854e+06
9.85883e+06
1e+07
1e+07
1e+07
1e+07
1e+07
1e+07
1e+07
1e+07
1e+07
1e+07
1e+07
1e+07
1e+07
9.99999e+06
9.99997e+06
9.99993e+06
9.99984e+06
9.99963e+06
9.99919e+06
9.99833e+06
9.99671e+06
9.99389e+06
9.9893e+06
9.98242e+06
9.97299e+06
9.9613e+06
9.94833e+06
9.93576e+06
9.92568e+06
9.92004e+06
1e+07
1e+07
1e+07
1e+07
1e+07
1e+07
1e+07
1e+07
1e+07
1e+07
1e+07
1e+07
1e+07
9.99999e+06
9.99999e+06
9.99996e+06
9.99991e+06
9.99981e+06
9.99958e+06
9.99912e+06
9.99827e+06
9.99677e+06
9.99433e+06
9.99064e+06
9.98555e+06
9.9792e+06
9.9721e+06
9.96517e+06
9.95959e+06
9.95646e+06
1e+07
1e+07
1e+07
1e+07
1e+07
1e+07
1e+07
1e+07
1e+07
1e+07
1e+07
1e+07
1e+07
1e+07
9.99999e+06
9.99998e+06
9.99996e+06
9.9999e+06
9.99979e+06
9.99955e+06
9.99912e+06
9.99835e+06
9.99709e+06
9.99518e+06
9.99253e+06
9.9892e+06
9.98546e+06
9.9818e+06
9.97883e+06
9.97716e+06
1e+07
1e+07
1e+07
1e+07
1e+07
1e+07
1e+07
1e+07
1e+07
1e+07
1e+07
1e+07
1e+07
1e+07
1e+07
9.99999e+06
9.99998e+06
9.99995e+06
9.99989e+06
9.99978e+06
9.99956e+06
9.99918e+06
9.99855e+06
9.9976e+06
9.99626e+06
9.99458e+06
9.99268e+06
9.99081e+06
9.98929e+06
9.98843e+06
1e+07
1e+07
1e+07
1e+07
1e+07
1e+07
1e+07
1e+07
1e+07
1e+07
1e+07
1e+07
1e+07
1e+07
1e+07
1e+07
9.99999e+06
9.99998e+06
9.99995e+06
9.99989e+06
9.99979e+06
9.99961e+06
9.9993e+06
9.99884e+06
9.99819e+06
9.99736e+06
9.99643e+06
9.99551e+06
9.99476e+06
9.99433e+06
1e+07
1e+07
1e+07
1e+07
1e+07
1e+07
1e+07
1e+07
1e+07
1e+07
1e+07
1e+07
1e+07
1e+07
1e+07
1e+07
1e+07
9.99999e+06
9.99998e+06
9.99995e+06
9.9999e+06
9.99982e+06
9.99967e+06
9.99945e+06
9.99915e+06
9.99876e+06
9.99831e+06
9.99787e+06
9.99751e+06
9.99731e+06
1e+07
1e+07
1e+07
1e+07
1e+07
1e+07
1e+07
1e+07
1e+07
1e+07
1e+07
1e+07
1e+07
1e+07
1e+07
1e+07
1e+07
1e+07
9.99999e+06
9.99998e+06
9.99996e+06
9.99992e+06
9.99985e+06
9.99975e+06
9.99961e+06
9.99943e+06
9.99922e+06
9.99902e+06
9.99885e+06
9.99876e+06
1e+07
1e+07
1e+07
1e+07
1e+07
1e+07
1e+07
1e+07
1e+07
1e+07
1e+07
1e+07
1e+07
1e+07
1e+07
1e+07
1e+07
1e+07
1e+07
9.99999e+06
9.99998e+06
9.99996e+06
9.99993e+06
9.99989e+06
9.99983e+06
9.99975e+06
9.99965e+06
9.99956e+06
9.99949e+06
9.99944e+06
1e+07
1e+07
1e+07
1e+07
1e+07
1e+07
1e+07
1e+07
1e+07
1e+07
1e+07
1e+07
1e+07
1e+07
1e+07
1e+07
1e+07
1e+07
1e+07
1e+07
9.99999e+06
9.99998e+06
9.99997e+06
9.99995e+06
9.99992e+06
9.99989e+06
9.99985e+06
9.99981e+06
9.99978e+06
9.99976e+06
1e+07
1e+07
1e+07
1e+07
1e+07
1e+07
1e+07
1e+07
1e+07
1e+07
1e+07
1e+07
1e+07
1e+07
1e+07
1e+07
1e+07
1e+07
1e+07
1e+07
1e+07
9.99999e+06
9.99999e+06
9.99998e+06
9.99997e+06
9.99995e+06
9.99994e+06
9.99992e+06
9.99991e+06
9.9999e+06
1e+07
1e+07
1e+07
1e+07
1e+07
1e+07
1e+07
1e+07
1e+07
1e+07
1e+07
1e+07
1e+07
1e+07
1e+07
1e+07
1e+07
1e+07
1e+07
1e+07
1e+07
1e+07
1e+07
9.99999e+06
9.99999e+06
9.99998e+06
9.99997e+06
9.99997e+06
9.99996e+06
9.99996e+06
1e+07
1e+07
1e+07
1e+07
1e+07
1e+07
1e+07
1e+07
1e+07
1e+07
1e+07
1e+07
1e+07
1e+07
1e+07
1e+07
1e+07
1e+07
1e+07
1e+07
1e+07
1e+07
1e+07
1e+07
9.99999e+06
9.99999e+06
9.99999e+06
9.99999e+06
9.99998e+06
9.99998e+06
1e+07
1e+07
1e+07
1e+07
1e+07
1e+07
1e+07
1e+07
1e+07
1e+07
1e+07
1e+07
1e+07
1e+07
1e+07
1e+07
1e+07
1e+07
1e+07
1e+07
1e+07
1e+07
1e+07
1e+07
1e+07
1e+07
1e+07
9.99999e+06
9.99999e+06
9.99999e+06
1e+07
1e+07
1e+07
1e+07
1e+07
1e+07
1e+07
1e+07
1e+07
1e+07
1e+07
1e+07
1e+07
1e+07
1e+07
1e+07
1e+07
1e+07
1e+07
1e+07
1e+07
1e+07
1e+07
1e+07
1e+07
1e+07
1e+07
1e+07
1e+07
1e+07
1e+07
1e+07
1e+07
1e+07
1e+07
1e+07
1e+07
1e+07
1e+07
1e+07
1e+07
1e+07
1e+07
1e+07
1e+07
1e+07
1e+07
1e+07
1e+07
1e+07
1e+07
1e+07
1e+07
1e+07
1e+07
1e+07
1e+07
1e+07
1e+07
1e+07
1e+07
1e+07
1e+07
1e+07
1e+07
1e+07
1e+07
1e+07
1e+07
1e+07
1e+07
1e+07
1e+07
1e+07
1e+07
1e+07
1e+07
1e+07
1e+07
1e+07
1e+07
1e+07
1e+07
1e+07
1e+07
1e+07
1e+07
1e+07
1e+07
1e+07
1e+07
1e+07
1e+07
1e+07
1e+07
1e+07
1e+07
1e+07
1e+07
1e+07
1e+07
1e+07
1e+07
1e+07
1e+07
1e+07
1e+07
1e+07
1e+07
1e+07
1e+07
1e+07
1e+07
1e+07
1e+07
1e+07
1e+07
1e+07
1e+07
1e+07
1e+07
1e+07
1e+07
1e+07
1e+07
1e+07
1e+07
1e+07
1e+07
1e+07
1e+07
1e+07
1e+07
1e+07
1e+07
1e+07
1e+07
1e+07
1e+07
1e+07
1e+07
1e+07
1e+07
1e+07
1e+07
1e+07
1e+07
1e+07
1e+07
1e+07
1e+07
1e+07
1e+07
1e+07
1e+07
1e+07
1e+07
1e+07
1e+07
1e+07
1e+07
1e+07
1e+07
1e+07
1e+07
1e+07
1e+07
1e+07
1e+07
1e+07
1e+07
1e+07
1e+07
1e+07
1e+07
1e+07
1e+07
1e+07
1e+07
1e+07
1e+07
1e+07
1e+07
1e+07
1e+07
1e+07
1e+07
1e+07
1e+07
1e+07
1e+07
1e+07
1e+07
1e+07
1e+07
1e+07
1e+07
1e+07
1e+07
1e+07
1e+07
1e+07
1e+07
1e+07
1e+07
1e+07
1e+07
1e+07
1e+07
1e+07
1e+07
1e+07
1e+07
1e+07
1e+07
1e+07
1e+07
1e+07
1e+07
1e+07
1e+07
1e+07
1e+07
1e+07
1e+07
1e+07
1e+07
1e+07
1e+07
1e+07
1e+07
1e+07
1e+07
1e+07
1e+07
1e+07
1e+07
1e+07
1e+07
1e+07
1e+07
1e+07
1e+07
1e+07
1e+07
1e+07
1e+07
1e+07
1e+07
1e+07
1e+07
1e+07
1e+07
1e+07
1e+07
1e+07
1e+07
1e+07
1e+07
1e+07
1e+07
1e+07
1e+07
1e+07
1e+07
1e+07
1e+07
1e+07
1e+07
1e+07
1e+07
1e+07
1e+07
1e+07
1e+07
1e+07
1e+07
1e+07
1e+07
1e+07
1e+07
1e+07
1e+07
1e+07
1e+07
1e+07
1e+07
1e+07
1e+07
1e+07
1e+07
1e+07
1e+07
1e+07
1e+07
1e+07
1e+07
1e+07
1e+07
1e+07
1e+07
1e+07
1e+07
1e+07
1e+07
1e+07
1e+07
1e+07
1e+07
1e+07
1e+07
1e+07
1e+07
1e+07
1e+07
1e+07
1e+07
1e+07
1e+07
1e+07
1e+07
1e+07
1e+07
1e+07
1e+07
1e+07
1e+07
1e+07
1e+07
1e+07
1e+07
1e+07
1e+07
1e+07
1e+07
1e+07
1e+07
1e+07
1e+07
1e+07
1e+07
1e+07
1e+07
1e+07
1e+07
1e+07
1e+07
1e+07
1e+07
1e+07
1e+07
1e+07
1e+07
1e+07
1e+07
1e+07
1e+07
1e+07
1e+07
1e+07
1e+07
1e+07
1e+07
1e+07
1e+07
1e+07
1e+07
1e+07
1e+07
1e+07
1e+07
1e+07
1e+07
1e+07
1e+07
1e+07
1e+07
1e+07
1e+07
1e+07
1e+07
1e+07
1e+07
1e+07
1e+07
1e+07
1e+07
1e+07
1e+07
1e+07
1e+07
1e+07
1e+07
1e+07
1e+07
1e+07
1e+07
1e+07
1e+07
1e+07
1e+07
1e+07
1e+07
1e+07
1e+07
1e+07
1e+07
1e+07
1e+07
1e+07
1e+07
1e+07
1e+07
1e+07
1e+07
1e+07
1e+07
1e+07
1e+07
1e+07
1e+07
1e+07
1e+07
1e+07
1e+07
1e+07
1e+07
1e+07
1e+07
1e+07
1e+07
1e+07
1e+07
1e+07
1e+07
1e+07
1e+07
1e+07
1e+07
1e+07
1e+07
1e+07
1e+07
1e+07
1e+07
1e+07
1e+07
1e+07
1e+07
1e+07
1e+07
1e+07
1e+07
1e+07
1e+07
1e+07
1e+07
1e+07
1e+07
1e+07
1e+07
1e+07
1e+07
1e+07
1e+07
1e+07
1e+07
1e+07
1e+07
1e+07
1e+07
1e+07
1e+07
1e+07
1e+07
1e+07
1e+07
1e+07
1e+07
1e+07
1e+07
1e+07
1e+07
1e+07
1e+07
1e+07
1e+07
1e+07
1e+07
1e+07
1e+07
1e+07
1e+07
1e+07
1e+07
1e+07
1e+07
1e+07
1e+07
1e+07
1e+07
1e+07
1e+07
1e+07
1e+07
1e+07
1e+07
1e+07
1e+07
1e+07
1e+07
1e+07
1e+07
1e+07
1e+07
1e+07
1e+07
1e+07
1e+07
1e+07
1e+07
1e+07
1e+07
1e+07
1e+07
1e+07
1e+07
1e+07
1e+07
1e+07
1e+07
1e+07
1e+07
1e+07
1e+07
1e+07
1e+07
1e+07
1e+07
1e+07
1e+07
1e+07
1e+07
1e+07
1e+07
1e+07
1e+07
1e+07
1e+07
1e+07
1e+07
1e+07
1e+07
1e+07
1e+07
1e+07
1e+07
1e+07
1e+07
1e+07
1e+07
1e+07
1e+07
1e+07
1e+07
1e+07
1e+07
1e+07
1e+07
1e+07
1e+07
1e+07
1e+07
1e+07
1e+07
1e+07
1e+07
1e+07
1e+07
1e+07
1e+07
1e+07
1e+07
1e+07
1e+07
1e+07
1e+07
1e+07
1e+07
1e+07
1e+07
1e+07
1e+07
1e+07
1e+07
1e+07
1e+07
1e+07
1e+07
1e+07
1e+07
1e+07
1e+07
1e+07
1e+07
1e+07
1e+07
1e+07
1e+07
1e+07
1e+07
1e+07
1e+07
1e+07
1e+07
1e+07
1e+07
1e+07
1e+07
1e+07
1e+07
1e+07
1e+07
1e+07
1e+07
1e+07
1e+07
1e+07
1e+07
1e+07
1e+07
1e+07
1e+07
1e+07
1e+07
1e+07
1e+07
1e+07
1e+07
1e+07
1e+07
1e+07
1e+07
1e+07
1e+07
1e+07
1e+07
1e+07
1e+07
1e+07
1e+07
1e+07
1e+07
1e+07
1e+07
1e+07
1e+07
1e+07
1e+07
1e+07
1e+07
1e+07
1e+07
1e+07
1e+07
1e+07
1e+07
1e+07
1e+07
1e+07
1e+07
1e+07
1e+07
1e+07
1e+07
1e+07
1e+07
1e+07
1e+07
1e+07
1e+07
1e+07
1e+07
1e+07
1e+07
1e+07
1e+07
1e+07
1e+07
1e+07
1e+07
1e+07
1e+07
1e+07
1e+07
1e+07
1e+07
1e+07
1e+07
1e+07
1e+07
1e+07
1e+07
1e+07
1e+07
1e+07
1e+07
1e+07
1e+07
1e+07
1e+07
1e+07
1e+07
1e+07
1e+07
1e+07
1e+07
1e+07
1e+07
1e+07
1e+07
1e+07
1e+07
1e+07
1e+07
1e+07
1e+07
1e+07
1e+07
1e+07
1e+07
1e+07
1e+07
1e+07
1e+07
1e+07
1e+07
1e+07
1e+07
1e+07
1e+07
1e+07
1e+07
1e+07
1e+07
1e+07
1e+07
1e+07
1e+07
1e+07
1e+07
1e+07
1e+07
1e+07
1e+07
1e+07
1e+07
1e+07
1e+07
1e+07
1e+07
1e+07
1e+07
1e+07
1e+07
1e+07
1e+07
1e+07
1e+07
1e+07
1e+07
1e+07
1e+07
1e+07
1e+07
1e+07
1e+07
1e+07
1e+07
1e+07
1e+07
1e+07
1e+07
1e+07
1e+07
1e+07
1e+07
1e+07
1e+07
1e+07
1e+07
1e+07
1e+07
1e+07
1e+07
1e+07
1e+07
1e+07
1e+07
1e+07
1e+07
1e+07
1e+07
1e+07
1e+07
1e+07
1e+07
1e+07
1e+07
1e+07
1e+07
1e+07
1e+07
1e+07
1e+07
1e+07
1e+07
1e+07
1e+07
1e+07
1e+07
1e+07
1e+07
1e+07
1e+07
1e+07
1e+07
1e+07
1e+07
1e+07
1e+07
1e+07
1e+07
1e+07
1e+07
1e+07
1e+07
1e+07
1e+07
1e+07
1e+07
1e+07
1e+07
1e+07
1e+07
1e+07
1e+07
1e+07
1e+07
1e+07
1e+07
1e+07
1e+07
1e+07
1e+07
1e+07
1e+07
1e+07
1e+07
1e+07
1e+07
1e+07
1e+07
1e+07
1e+07
1e+07
1e+07
1e+07
1e+07
1e+07
1e+07
1e+07
1e+07
1e+07
1e+07
1e+07
1e+07
1e+07
1e+07
1e+07
1e+07
1e+07
1e+07
1e+07
1e+07
1e+07
1e+07
1e+07
1e+07
1e+07
1e+07
1e+07
1e+07
1e+07
1e+07
1e+07
1e+07
1e+07
1e+07
1e+07
1e+07
1e+07
1e+07
1e+07
1e+07
1e+07
1e+07
1e+07
1e+07
1e+07
1e+07
1e+07
1e+07
1e+07
1e+07
1e+07
1e+07
1e+07
1e+07
1e+07
1e+07
1e+07
1e+07
1e+07
1e+07
1e+07
1e+07
1e+07
1e+07
1e+07
1e+07
1e+07
1e+07
1e+07
1e+07
1e+07
1e+07
1e+07
1e+07
1e+07
1e+07
1e+07
1e+07
1e+07
1e+07
1e+07
1e+07
1e+07
1e+07
1e+07
1e+07
1e+07
1e+07
1e+07
1e+07
1e+07
1e+07
1e+07
1e+07
1e+07
1e+07
1e+07
1e+07
1e+07
1e+07
1e+07
1e+07
1e+07
1e+07
1e+07
1e+07
1e+07
1e+07
1e+07
1e+07
1e+07
1e+07
1e+07
1e+07
1e+07
1e+07
1e+07
1e+07
1e+07
1e+07
1e+07
1e+07
1e+07
1e+07
1e+07
1e+07
1e+07
1e+07
1e+07
1e+07
1e+07
1e+07
1e+07
1e+07
1e+07
1e+07
1e+07
1e+07
1e+07
1e+07
1e+07
1e+07
1e+07
1e+07
1e+07
1e+07
1e+07
1e+07
1e+07
1e+07
1e+07
1e+07
1e+07
1e+07
1e+07
1e+07
1e+07
1e+07
1e+07
1e+07
1e+07
1e+07
1e+07
1e+07
1e+07
1e+07
1e+07
1e+07
1e+07
1e+07
1e+07
1e+07
1e+07
1e+07
1e+07
1e+07
1e+07
1e+07
1e+07
1e+07
1e+07
1e+07
1e+07
1e+07
1e+07
1e+07
1e+07
1e+07
1e+07
1e+07
1e+07
1e+07
1e+07
1e+07
1e+07
1e+07
1e+07
1e+07
1e+07
1e+07
1e+07
1e+07
1e+07
1e+07
1e+07
1e+07
1e+07
1e+07
1e+07
1e+07
1e+07
1e+07
1e+07
1e+07
1e+07
1e+07
1e+07
1e+07
1e+07
1e+07
1e+07
1e+07
1e+07
1e+07
1e+07
1e+07
1e+07
1e+07
1e+07
1e+07
1e+07
1e+07
1e+07
1e+07
1e+07
1e+07
1e+07
1e+07
1e+07
1e+07
1e+07
1e+07
1e+07
1e+07
1e+07
1e+07
1e+07
1e+07
1e+07
1e+07
1e+07
1e+07
1e+07
1e+07
1e+07
1e+07
1e+07
1e+07
1e+07
1e+07
1e+07
1e+07
1e+07
1e+07
1e+07
1e+07
1e+07
1e+07
1e+07
1e+07
1e+07
1e+07
1e+07
1e+07
1e+07
1e+07
1e+07
1e+07
1e+07
1e+07
1e+07
1e+07
1e+07
1e+07
1e+07
1e+07
1e+07
1e+07
1e+07
1e+07
1e+07
1e+07
1e+07
1e+07
1e+07
1e+07
1e+07
1e+07
1e+07
1e+07
1e+07
1e+07
1e+07
1e+07
1e+07
1e+07
1e+07
1e+07
1e+07
1e+07
1e+07
1e+07
1e+07
1e+07
1e+07
1e+07
1e+07
1e+07
1e+07
1e+07
1e+07
1e+07
1e+07
1e+07
1e+07
1e+07
1e+07
1e+07
1e+07
1e+07
1e+07
1e+07
1e+07
1e+07
1e+07
1e+07
1e+07
1e+07
1e+07
1e+07
1e+07
1e+07
1e+07
1e+07
1e+07
1e+07
1e+07
1e+07
1e+07
1e+07
1e+07
1e+07
1e+07
1e+07
1e+07
1e+07
1e+07
1e+07
1e+07
1e+07
1e+07
1e+07
1e+07
1e+07
1e+07
1e+07
1e+07
1e+07
1e+07
1e+07
1e+07
1e+07
1e+07
1e+07
1e+07
1e+07
1e+07
1e+07
1e+07
1e+07
1e+07
1e+07
1e+07
1e+07
1e+07
1e+07
1e+07
1e+07
1e+07
1e+07
1e+07
1e+07
1e+07
1e+07
1e+07
1e+07
1e+07
1e+07
1e+07
1e+07
1e+07
1e+07
1e+07
1e+07
1e+07
1e+07
1e+07
1e+07
1e+07
1e+07
1e+07
1e+07
1e+07
1e+07
1e+07
1e+07
1e+07
1e+07
1e+07
1e+07
1e+07
1e+07
1e+07
1e+07
1e+07
1e+07
1e+07
1e+07
1e+07
1e+07
1e+07
1e+07
1e+07
1e+07
1e+07
1e+07
1e+07
1e+07
1e+07
1e+07
1e+07
1e+07
1e+07
1e+07
1e+07
1e+07
1e+07
1e+07
1e+07
1e+07
1e+07
1e+07
1e+07
1e+07
1e+07
1e+07
1e+07
1e+07
1e+07
1e+07
1e+07
1e+07
1e+07
1e+07
1e+07
1e+07
1e+07
1e+07
1e+07
1e+07
1e+07
1e+07
1e+07
1e+07
1e+07
1e+07
1e+07
1e+07
1e+07
1e+07
1e+07
1e+07
1e+07
1e+07
1e+07
1e+07
1e+07
1e+07
1e+07
1e+07
1e+07
1e+07
1e+07
1e+07
1e+07
1e+07
1e+07
1e+07
1e+07
1e+07
1e+07
1e+07
1e+07
1e+07
1e+07
1e+07
1e+07
1e+07
1e+07
1e+07
1e+07
1e+07
1e+07
1e+07
1e+07
1e+07
1e+07
1e+07
1e+07
1e+07
1e+07
1e+07
1e+07
1e+07
1e+07
1e+07
1e+07
1e+07
1e+07
1e+07
1e+07
1e+07
1e+07
1e+07
1e+07
1e+07
1e+07
1e+07
1e+07
1e+07
1e+07
1e+07
1e+07
1e+07
1e+07
1e+07
1e+07
1e+07
1e+07
1e+07
1e+07
1e+07
1e+07
1e+07
1e+07
1e+07
1e+07
1e+07
1e+07
1e+07
1e+07
1e+07
1e+07
1e+07
1e+07
1e+07
1e+07
1e+07
1e+07
1e+07
1e+07
1e+07
1e+07
1e+07
1e+07
1e+07
1e+07
1e+07
1e+07
1e+07
1e+07
1e+07
1e+07
1e+07
1e+07
1e+07
1e+07
1e+07
1e+07
1e+07
1e+07
1e+07
1e+07
1e+07
1e+07
1e+07
1e+07
1e+07
1e+07
1e+07
1e+07
1e+07
1e+07
1e+07
1e+07
1e+07
1e+07
1e+07
1e+07
1e+07
1e+07
1e+07
1e+07
1e+07
1e+07
1e+07
1e+07
1e+07
1e+07
1e+07
1e+07
1e+07
1e+07
1e+07
1e+07
1e+07
1e+07
1e+07
1e+07
1e+07
1e+07
1e+07
1e+07
1e+07
1e+07
1e+07
1e+07
1e+07
1e+07
1e+07
1e+07
1e+07
1e+07
1e+07
1e+07
1e+07
1e+07
1e+07
1e+07
1e+07
1e+07
1e+07
1e+07
1e+07
1e+07
1e+07
1e+07
1e+07
1e+07
1e+07
1e+07
1e+07
1e+07
1e+07
1e+07
1e+07
1e+07
1e+07
1e+07
1e+07
1e+07
1e+07
1e+07
1e+07
1e+07
1e+07
1e+07
1e+07
1e+07
1e+07
1e+07
1e+07
1e+07
1e+07
1e+07
1e+07
1e+07
1e+07
1e+07
1e+07
1e+07
1e+07
1e+07
1e+07
1e+07
1e+07
1e+07
1e+07
1e+07
1e+07
1e+07
1e+07
1e+07
1e+07
1e+07
1e+07
1e+07
1e+07
1e+07
1e+07
1e+07
1e+07
1e+07
1e+07
1e+07
1e+07
1e+07
1e+07
1e+07
1e+07
1e+07
1e+07
1e+07
1e+07
1e+07
1e+07
1e+07
1e+07
1e+07
1e+07
1e+07
1e+07
1e+07
1e+07
1e+07
1e+07
1e+07
1e+07
1e+07
1e+07
1e+07
1e+07
1e+07
1e+07
1e+07
1e+07
1e+07
1e+07
1e+07
1e+07
1e+07
1e+07
1e+07
1e+07
1e+07
1e+07
1e+07
1e+07
1e+07
1e+07
1e+07
1e+07
1e+07
1e+07
1e+07
1e+07
1e+07
1e+07
1e+07
1e+07
1e+07
1e+07
1e+07
1e+07
1e+07
1e+07
1e+07
1e+07
1e+07
1e+07
1e+07
1e+07
1e+07
1e+07
1e+07
1e+07
1e+07
1e+07
1e+07
1e+07
1e+07
1e+07
1e+07
1e+07
1e+07
1e+07
1e+07
1e+07
1e+07
1e+07
1e+07
1e+07
1e+07
1e+07
1e+07
1e+07
1e+07
1e+07
1e+07
1e+07
1e+07
1e+07
1e+07
1e+07
1e+07
1e+07
1e+07
1e+07
1e+07
1e+07
1e+07
1e+07
1e+07
1e+07
1e+07
1e+07
1e+07
1e+07
1e+07
1e+07
1e+07
1e+07
1e+07
1e+07
1e+07
1e+07
1e+07
1e+07
1e+07
1e+07
1e+07
1e+07
1e+07
1e+07
1e+07
1e+07
1e+07
1e+07
1e+07
1e+07
1e+07
1e+07
1e+07
1e+07
1e+07
1e+07
1e+07
1e+07
1e+07
1e+07
1e+07
1e+07
1e+07
1e+07
1e+07
1e+07
1e+07
1e+07
1e+07
1e+07
1e+07
1e+07
1e+07
1e+07
1e+07
1e+07
1e+07
1e+07
1e+07
1e+07
1e+07
1e+07
1e+07
1e+07
1e+07
1e+07
1e+07
1e+07
1e+07
1e+07
1e+07
1e+07
1e+07
1e+07
1e+07
1e+07
1e+07
1e+07
1e+07
1e+07
1e+07
1e+07
1e+07
1e+07
1e+07
1e+07
1e+07
1e+07
1e+07
1e+07
1e+07
1e+07
1e+07
1e+07
1e+07
1e+07
1e+07
1e+07
1e+07
1e+07
1e+07
1e+07
1e+07
1e+07
1e+07
1e+07
1e+07
1e+07
1e+07
1e+07
1e+07
1e+07
1e+07
1e+07
1e+07
1e+07
1e+07
1e+07
1e+07
1e+07
1e+07
1e+07
1e+07
1e+07
1e+07
1e+07
1e+07
1e+07
1e+07
1e+07
1e+07
1e+07
1e+07
1e+07
1e+07
1e+07
1e+07
1e+07
1e+07
1e+07
1e+07
1e+07
1e+07
1e+07
1e+07
1e+07
1e+07
1e+07
1e+07
1e+07
1e+07
1e+07
1e+07
1e+07
1e+07
1e+07
1e+07
1e+07
1e+07
1e+07
1e+07
1e+07
1e+07
1e+07
1e+07
1e+07
1e+07
1e+07
1e+07
1e+07
1e+07
1e+07
1e+07
1e+07
1e+07
1e+07
1e+07
1e+07
1e+07
1e+07
1e+07
1e+07
1e+07
1e+07
1e+07
1e+07
1e+07
1e+07
1e+07
1e+07
1e+07
1e+07
1e+07
1e+07
1e+07
1e+07
1e+07
1e+07
1e+07
1e+07
1e+07
1e+07
1e+07
1e+07
1e+07
1e+07
1e+07
1e+07
1e+07
1e+07
1e+07
1e+07
1e+07
1e+07
1e+07
1e+07
1e+07
1e+07
1e+07
1e+07
1e+07
1e+07
1e+07
1e+07
1e+07
1e+07
1e+07
1e+07
1e+07
1e+07
1e+07
1e+07
1e+07
1e+07
1e+07
1e+07
1e+07
1e+07
1e+07
1e+07
1e+07
1e+07
1e+07
1e+07
1e+07
1e+07
1e+07
1e+07
1e+07
1e+07
1e+07
1e+07
1e+07
1e+07
1e+07
1e+07
1e+07
1e+07
1e+07
1e+07
1e+07
1e+07
1e+07
1e+07
1e+07
1e+07
1e+07
1e+07
1e+07
1e+07
1e+07
1e+07
1e+07
1e+07
1e+07
1e+07
1e+07
1e+07
1e+07
1e+07
1e+07
1e+07
1e+07
1e+07
1e+07
1e+07
1e+07
1e+07
1e+07
1e+07
1e+07
1e+07
1e+07
1e+07
1e+07
1e+07
1e+07
1e+07
1e+07
1e+07
1e+07
1e+07
1e+07
1e+07
1e+07
1e+07
1e+07
1e+07
1e+07
1e+07
1e+07
1e+07
1e+07
1e+07
1e+07
1e+07
1e+07
1e+07
1e+07
1e+07
1e+07
1e+07
1e+07
1e+07
1e+07
1e+07
1e+07
1e+07
1e+07
1e+07
1e+07
1e+07
1e+07
1e+07
1e+07
1e+07
1e+07
1e+07
1e+07
1e+07
1e+07
1e+07
1e+07
1e+07
1e+07
1e+07
1e+07
1e+07
1e+07
1e+07
1e+07
1e+07
1e+07
1e+07
1e+07
)
;

boundaryField
{
    outerWall
    {
        type            zeroGradient;
    }
    axis
    {
        type            symmetryPlane;
    }
    nozzle
    {
        type            fixedValue;
        value           uniform 0;
    }
    back
    {
        type            empty;
    }
    front
    {
        type            empty;
    }
}


// ************************************************************************* //
