/*--------------------------------*- C++ -*----------------------------------*\
| =========                 |                                                 |
| \\      /  F ield         | OpenFOAM: The Open Source CFD Toolbox           |
|  \\    /   O peration     | Version:  2412                                  |
|   \\  /    A nd           | Website:  www.openfoam.com                      |
|    \\/     M anipulation  |                                                 |
\*---------------------------------------------------------------------------*/
FoamFile
{
    version     2.0;
    format      ascii;
    arch        "LSB;label=32;scalar=64";
    class       surfaceScalarField;
    location    "5e-05";
    object      phi;
}
// * * * * * * * * * * * * * * * * * * * * * * * * * * * * * * * * * * * * * //

dimensions      [1 0 -1 0 0 0 0];

oriented        oriented;

internalField   nonuniform List<scalar> 
7275
(
8.68837e-15
4.59822e-15
3.36181e-14
1.35038e-14
1.18305e-13
4.83263e-14
4.03668e-13
1.70346e-13
1.34407e-12
5.88838e-13
4.36616e-12
1.99204e-12
1.38326e-11
6.58091e-12
4.26946e-11
2.12227e-11
1.28223e-10
6.67364e-11
3.74181e-10
2.04402e-10
1.05942e-09
6.09003e-10
2.90534e-09
1.76271e-09
7.70297e-09
4.94903e-09
1.97038e-08
1.34564e-08
4.85128e-08
3.53697e-08
1.14664e-07
8.96938e-08
2.59392e-07
2.18961e-07
5.59671e-07
5.13311e-07
1.14712e-06
1.15244e-06
2.223e-06
2.47032e-06
4.05034e-06
5.0385e-06
6.89212e-06
9.74106e-06
1.08636e-05
1.77757e-05
1.57028e-05
3.04758e-05
2.05516e-05
4.88489e-05
2.39755e-05
7.28856e-05
2.42758e-05
0.000100958
2.01522e-05
0.000129455
1.15258e-05
0.000153191
0.000166815
1.48748e-14
1.10534e-14
5.54229e-14
3.46165e-14
1.94601e-13
1.21321e-13
6.63673e-13
4.28687e-13
2.20914e-12
1.48218e-12
7.17876e-12
5.01303e-12
2.27501e-11
1.65642e-11
7.02347e-11
5.3425e-11
2.10968e-10
1.68017e-10
6.15715e-10
5.14638e-10
1.74335e-09
1.53336e-09
4.78079e-09
4.43803e-09
1.26741e-08
1.24593e-08
3.2414e-08
3.38721e-08
7.97866e-08
8.90139e-08
1.8852e-07
2.25672e-07
4.26291e-07
5.50735e-07
9.19326e-07
1.2906e-06
1.88322e-06
2.89624e-06
3.64716e-06
6.20511e-06
6.64056e-06
1.26489e-05
1.12912e-05
2.44393e-05
1.77837e-05
4.45681e-05
2.56842e-05
7.63577e-05
3.35862e-05
0.000122306
3.91496e-05
0.000182358
3.9614e-05
0.00025243
3.28715e-05
0.000323513
1.87983e-05
0.000382698
0.000416671
2.87486e-14
2.37275e-14
1.10374e-13
7.17173e-14
3.86847e-13
2.53513e-13
1.31918e-12
8.95126e-13
4.39295e-12
3.09642e-12
1.42787e-11
1.04751e-11
4.52623e-11
3.46206e-11
1.39766e-10
1.11683e-10
4.19886e-10
3.51279e-10
1.22555e-09
1.07604e-09
3.47004e-09
3.20605e-09
9.51515e-09
9.27866e-09
2.52209e-08
2.60451e-08
6.44858e-08
7.07911e-08
1.58675e-07
1.85978e-07
3.74748e-07
4.71315e-07
8.46933e-07
1.14966e-06
1.82528e-06
2.69257e-06
3.73625e-06
6.03837e-06
7.22975e-06
1.29272e-05
1.31513e-05
2.63291e-05
2.23393e-05
5.08237e-05
3.51469e-05
9.25905e-05
5.07045e-05
0.000158467
6.62272e-05
0.000253549
7.71114e-05
0.000377634
7.79552e-05
0.000522219
6.46483e-05
0.000668734
3.69635e-05
0.000790648
0.000860634
5.86935e-14
4.71543e-14
2.2558e-13
1.40416e-13
7.89981e-13
4.98615e-13
2.6939e-12
1.76131e-12
8.97262e-12
6.09447e-12
2.91734e-11
2.06234e-11
9.24991e-11
6.81778e-11
2.85676e-10
2.19977e-10
8.58319e-10
6.91978e-10
2.50529e-09
2.11976e-09
7.09316e-09
6.31561e-09
1.94473e-08
1.8276e-08
5.15354e-08
5.129e-08
1.31725e-07
1.39366e-07
3.23987e-07
3.65989e-07
7.64767e-07
9.2704e-07
1.72727e-06
2.25989e-06
3.71976e-06
5.28894e-06
7.60757e-06
1.18509e-05
1.47065e-05
2.53462e-05
2.67229e-05
5.15668e-05
4.53389e-05
9.94211e-05
7.12425e-05
0.00018089
0.000102641
0.000309166
0.000133877
0.000493972
0.000155672
0.000734674
0.000157202
0.00101463
0.00013027
0.00129792
7.44634e-05
0.00153344
0.00166866
1.18061e-13
8.98189e-14
4.52585e-13
2.65561e-13
1.58608e-12
9.44377e-13
5.41052e-12
3.33701e-12
1.80263e-11
1.15509e-11
5.86245e-11
3.90981e-11
1.85915e-10
1.29284e-10
5.74257e-10
4.17207e-10
1.72546e-09
1.31252e-09
5.03624e-09
4.02076e-09
1.42574e-08
1.19786e-08
3.9082e-08
3.46576e-08
1.03537e-07
9.72381e-08
2.64537e-07
2.64119e-07
6.50316e-07
6.93267e-07
1.5341e-06
1.75496e-06
3.46227e-06
4.27499e-06
7.44962e-06
9.9962e-06
1.52203e-05
2.23756e-05
2.93892e-05
4.77998e-05
5.33342e-05
9.71207e-05
9.03611e-05
0.000186976
0.000141772
0.000339651
0.000203925
0.000579533
0.000265538
0.000924334
0.000308269
0.00137233
0.000310874
0.0018922
0.000257373
0.00241731
0.000147065
0.0028534
0.00310381
2.31244e-13
1.63672e-13
8.84552e-13
4.86102e-13
3.10085e-12
1.72794e-12
1.05805e-11
6.10773e-12
3.52604e-11
2.11493e-11
1.147e-10
7.16072e-11
3.63806e-10
2.36832e-10
1.12384e-09
7.64382e-10
3.37687e-09
2.40489e-09
9.85569e-09
7.36693e-09
2.78969e-08
2.19449e-08
7.64506e-08
6.34797e-08
2.02462e-07
1.78046e-07
5.17045e-07
4.83396e-07
1.2703e-06
1.26811e-06
2.99448e-06
3.20784e-06
6.75225e-06
7.80741e-06
1.45136e-05
1.82374e-05
2.96178e-05
4.07741e-05
5.71123e-05
8.69842e-05
0.000103488
0.000176462
0.00017504
0.000339136
0.000274127
0.000614892
0.000393538
0.00104704
0.000511398
0.00166648
0.00059253
0.00246894
0.000596542
0.00339755
0.000493301
0.00433345
0.000281757
0.00510965
0.00555555
4.3834e-13
2.88983e-13
1.6781e-12
8.58782e-13
5.88442e-12
3.05202e-12
2.00841e-11
1.07921e-11
6.69507e-11
3.73829e-11
2.17832e-10
1.26606e-10
6.91025e-10
4.18818e-10
2.13481e-09
1.35191e-09
6.41449e-09
4.25351e-09
1.87193e-08
1.30291e-08
5.29751e-08
3.88058e-08
1.45132e-07
1.12223e-07
3.84186e-07
3.14639e-07
9.80589e-07
8.53808e-07
2.4075e-06
2.23834e-06
5.67042e-06
5.65758e-06
1.27734e-05
1.37561e-05
2.74234e-05
3.20955e-05
5.58861e-05
7.16589e-05
0.000107597
0.00015263
0.000194622
0.000309079
0.000328534
0.000592809
0.000513398
0.00107244
0.000735319
0.0018218
0.000953208
0.00289231
0.00110184
0.0042743
0.00110707
0.00586821
0.00091418
0.00747045
0.000521897
0.00879722
0.00956006
8.05563e-13
4.91947e-13
3.08496e-12
1.46163e-12
1.08217e-11
5.19591e-12
3.69472e-11
1.83796e-11
1.23197e-10
6.36845e-11
4.00915e-10
2.15738e-10
1.27197e-09
7.13798e-10
3.92973e-09
2.3043e-09
1.18072e-08
7.25011e-09
3.44519e-08
2.22062e-08
9.74736e-08
6.61256e-08
2.66945e-07
1.9117e-07
7.06298e-07
5.35745e-07
1.80161e-06
1.45295e-06
4.41977e-06
3.80623e-06
1.04e-05
9.61168e-06
2.34009e-05
2.33444e-05
5.01725e-05
5.43946e-05
0.000102087
0.000121257
0.000196194
0.000257808
0.00035415
0.000520993
0.000596454
0.000996937
0.000929707
0.0017989
0.00132792
0.00304732
0.00171644
0.00482377
0.00197856
0.00710769
0.00198323
0.00973159
0.00163496
0.0123613
0.000932928
0.0145353
0.0157874
1.4329e-12
8.0475e-13
5.48868e-12
2.39251e-12
1.92607e-11
8.50836e-12
6.57801e-11
3.01074e-11
2.19392e-10
1.04353e-10
7.14087e-10
3.53588e-10
2.2658e-09
1.17008e-09
7.00025e-09
3.77758e-09
2.10312e-08
1.18853e-08
6.13557e-08
3.63989e-08
1.73542e-07
1.08363e-07
4.75071e-07
3.13168e-07
1.25628e-06
8.77199e-07
3.20222e-06
2.37743e-06
7.84896e-06
6.22287e-06
1.84496e-05
1.56983e-05
4.14602e-05
3.80802e-05
8.8759e-05
8.85998e-05
0.000180282
0.000197166
0.000345768
0.000418352
0.000622691
0.000843462
0.00104596
0.00160973
0.00162557
0.00289607
0.00231439
0.00489015
0.00298147
0.00771464
0.00342566
0.0113289
0.00342431
0.0154628
0.00281768
0.0195923
0.00160717
0.0230009
0.0249706
2.4628e-12
1.26366e-12
9.43813e-12
3.75828e-12
3.31319e-11
1.3371e-11
1.13188e-10
4.73311e-11
3.77594e-10
1.64099e-10
1.22921e-09
5.56153e-10
3.90059e-09
1.84066e-09
1.20509e-08
5.94283e-09
3.62015e-08
1.8697e-08
1.05591e-07
5.72511e-08
2.9856e-07
1.70396e-07
8.16933e-07
4.92243e-07
2.15898e-06
1.37804e-06
5.49893e-06
3.73214e-06
1.34655e-05
9.75995e-06
3.16147e-05
2.45937e-05
7.09458e-05
5.95776e-05
0.00015163
0.000138393
0.000307381
0.000307383
0.000588194
0.000650753
0.0010565
0.00130861
0.00176933
0.00249006
0.00274057
0.00446499
0.00388755
0.00751188
0.00498877
0.0118051
0.00571097
0.0172699
0.00569119
0.0234903
0.00467361
0.029684
0.00266553
0.0347915
0.0377616
4.08623e-12
1.89948e-12
1.56648e-11
5.65176e-12
5.50074e-11
2.01167e-11
1.87973e-10
7.12341e-11
6.27212e-10
2.47036e-10
2.04209e-09
8.37405e-10
6.48048e-09
2.77182e-09
2.00209e-08
8.94948e-09
6.0136e-08
2.81543e-08
1.75359e-07
8.61945e-08
4.95651e-07
2.56463e-07
1.35554e-06
7.40544e-07
3.58003e-06
2.07191e-06
9.11073e-06
5.60701e-06
2.22867e-05
1.46486e-05
5.22594e-05
3.6868e-05
0.000117096
8.91813e-05
0.000249811
0.000206795
0.00050533
0.000458356
0.00096456
0.000967998
0.00172748
0.00194103
0.0028834
0.00368136
0.00444942
0.00657682
0.00628556
0.0110201
0.00803129
0.0172449
0.00915679
0.0251235
0.00909531
0.0340479
0.00745478
0.0429111
0.00425421
0.0502237
0.054527
6.53456e-12
2.72595e-12
2.5059e-11
8.11503e-12
8.80233e-11
2.88952e-11
3.00873e-10
1.0235e-10
1.00412e-09
3.55032e-10
3.26965e-09
1.2037e-09
1.03765e-08
3.98463e-09
3.20557e-08
1.28654e-08
9.62694e-08
4.04696e-08
2.80651e-07
1.23872e-07
7.92943e-07
3.68444e-07
2.16742e-06
1.06339e-06
5.72021e-06
2.97326e-06
1.45442e-05
8.03959e-06
3.55389e-05
2.09821e-05
8.32216e-05
5.27408e-05
0.000186169
0.000127378
0.0003964
0.000294815
0.000800009
0.000651993
0.0015229
0.00137332
0.00271881
0.00274534
0.00452156
0.00518843
0.00694858
0.00923228
0.00977169
0.0154022
0.0124274
0.023993
0.014109
0.0348047
0.0139697
0.0469999
0.0114337
0.0591031
0.00653732
0.0691262
0.0751546
1.0059e-11
3.72367e-12
3.85857e-11
1.10896e-11
1.35577e-10
3.95008e-11
4.63528e-10
1.39955e-10
1.54723e-09
4.85581e-10
5.03863e-09
1.64655e-09
1.59907e-08
5.45099e-09
4.9396e-08
1.75995e-08
1.4832e-07
5.53546e-08
4.32266e-07
1.69393e-07
1.2208e-06
5.03661e-07
3.33501e-06
1.45291e-06
8.79517e-06
4.05964e-06
2.23418e-05
1.09676e-05
5.45291e-05
2.85929e-05
0.000127511
7.17755e-05
0.000284758
0.000173069
0.000605083
0.000399784
0.0012182
0.000882072
0.00231229
0.00185282
0.00411424
0.00369192
0.0068157
0.00695145
0.0104282
0.0123177
0.014595
0.0204564
0.0184723
0.03172
0.0208856
0.0458255
0.0206261
0.0616994
0.0168788
0.0775067
0.00969313
0.09073
0.0989998
1.48856e-11
4.82344e-12
5.71155e-11
1.43706e-11
2.00737e-10
5.12045e-11
6.86446e-10
1.81467e-10
2.29166e-09
6.29724e-10
7.46346e-09
2.13558e-09
2.36862e-08
7.07021e-09
7.31606e-08
2.28264e-08
2.19634e-07
7.1784e-08
6.39908e-07
2.19613e-07
1.80642e-06
6.52731e-07
4.93191e-06
1.88193e-06
1.29967e-05
5.25476e-06
3.29829e-05
1.41838e-05
8.04053e-05
3.69367e-05
0.000187747
9.25945e-05
0.000418542
0.000222899
0.000887485
0.00051386
0.00178226
0.00113106
0.00337289
0.00236913
0.00598047
0.00470515
0.00986765
0.00882574
0.0150301
0.015573
0.0209344
0.0257472
0.0263736
0.0397531
0.0297175
0.05724
0.0293163
0.0769544
0.0240469
0.0968072
0.0139319
0.113776
0.125123
2.11511e-11
5.89882e-12
8.11749e-11
1.75807e-11
2.8536e-10
6.26603e-11
9.76003e-10
2.22112e-10
3.25871e-09
7.70888e-10
1.06135e-08
2.61453e-09
3.36823e-08
8.65598e-09
1.04024e-07
2.79441e-08
3.12224e-07
8.78637e-08
9.09375e-07
2.68734e-07
2.56595e-06
7.98412e-07
7.00139e-06
2.30072e-06
1.8436e-05
6.41963e-06
4.67417e-05
1.73128e-05
0.00011381
4.50351e-05
0.000265362
0.000112743
0.000590524
0.000270955
0.0012495
0.000623408
0.00250293
0.00136895
0.00472262
0.00285941
0.00834455
0.00566051
0.0137137
0.0105789
0.0207971
0.018592
0.028837
0.0306151
0.0361899
0.0471083
0.0407039
0.0677176
0.0402272
0.091168
0.0332303
0.11537
0.0195694
0.136906
0.152917
2.88279e-11
6.77165e-12
1.1066e-10
2.01886e-11
3.89087e-10
7.19723e-11
1.33097e-09
2.55167e-10
4.4443e-09
8.8572e-10
1.44753e-08
3.00419e-09
4.59359e-08
9.94598e-09
1.4185e-07
3.21061e-08
4.25661e-07
1.00933e-07
1.23936e-06
3.08623e-07
3.49548e-06
9.16571e-07
9.53205e-06
2.63985e-06
2.50808e-05
7.36094e-06
6.35284e-05
1.98345e-05
0.000154504
5.15405e-05
0.00035973
0.000128862
0.000799151
0.000309208
0.00168745
0.00071008
0.00337192
0.00155578
0.00634395
0.00324116
0.0111721
0.00639695
0.0182923
0.0119155
0.0276315
0.0208688
0.0381717
0.0342573
0.0477926
0.0526179
0.0538063
0.0757254
0.0535345
0.102582
0.0448848
0.131571
0.0271792
0.159175
0.183022
3.76576e-11
7.23588e-12
1.44579e-10
2.15784e-11
5.0843e-10
7.69433e-11
1.73943e-09
2.72832e-10
5.80862e-09
9.47139e-10
1.89192e-08
3.21267e-09
6.00347e-08
1.06361e-08
1.85364e-07
3.43312e-08
5.56116e-07
1.07911e-07
1.61869e-06
3.29879e-07
4.56336e-06
9.79353e-07
1.24372e-05
2.81934e-06
3.27014e-05
7.85664e-06
8.27576e-05
2.11539e-05
0.00020105
5.49163e-05
0.00046748
0.000137141
0.00103685
0.000328607
0.00218515
0.000753347
0.00435648
0.00164727
0.00817458
0.00342377
0.0143527
0.00673977
0.0234237
0.0125193
0.0352701
0.0218692
0.0486066
0.0358368
0.0608587
0.0550765
0.0688789
0.0796867
0.0695177
0.109401
0.0599068
0.14386
0.0379493
0.180302
0.218364
4.71096e-11
7.09999e-12
1.80895e-10
2.11783e-11
6.36227e-10
7.55304e-11
2.17687e-09
2.67857e-10
7.2698e-09
9.29953e-10
2.36785e-08
3.15451e-09
7.51331e-08
1.04435e-08
2.31953e-07
3.37071e-08
6.95755e-07
1.05935e-07
2.02456e-06
3.23771e-07
5.70542e-06
9.6093e-07
1.5542e-05
2.76518e-06
4.08391e-05
7.7017e-06
0.00010327
2.0723e-05
0.000250638
5.37538e-05
0.00058209
0.000134104
0.0012892
0.00032094
0.00271237
0.000734709
0.00539679
0.00160381
0.0101035
0.00332709
0.0176947
0.00653594
0.028804
0.0121162
0.0432795
0.0211334
0.0596076
0.0346318
0.0748727
0.0534204
0.0856835
0.0781267
0.0886399
0.109773
0.0798917
0.150434
0.0539683
0.20054
0.265021
5.63995e-11
6.24166e-12
2.16593e-10
1.86212e-11
7.61869e-10
6.64199e-11
2.60697e-09
2.35574e-10
8.70654e-09
8.17932e-10
2.83582e-08
2.77463e-09
8.99778e-08
9.18581e-09
2.77754e-07
2.96463e-08
8.33001e-07
9.31632e-08
2.42335e-06
2.84687e-07
6.82705e-06
8.4473e-07
1.85896e-05
2.43002e-06
4.88213e-05
6.76537e-06
0.000123373
1.8194e-05
0.000299184
4.71629e-05
0.000694148
0.000117567
0.00153556
0.000281095
0.00322616
0.000642767
0.00640865
0.00140129
0.011976
0.00290283
0.0209343
0.00569431
0.0340196
0.0105435
0.0510735
0.0183847
0.0704483
0.0301847
0.0891136
0.0468846
0.10386
0.0697181
0.111666
0.101397
0.108334
0.147519
0.0809329
0.218669
0.335429
6.45778e-11
4.65452e-12
2.48024e-10
1.38886e-11
8.72502e-10
4.95444e-11
2.98572e-09
1.75737e-10
9.97182e-09
6.1021e-10
3.24794e-08
2.07005e-09
1.0305e-07
6.85321e-09
3.18084e-07
2.21173e-08
9.53831e-07
6.94982e-08
2.77436e-06
2.12346e-07
7.81398e-06
6.29969e-07
2.12701e-05
1.8118e-06
5.58382e-05
5.04264e-06
0.000141033
1.35558e-05
0.000341796
3.51229e-05
0.000792414
8.75028e-05
0.00175136
0.000209067
0.00367567
0.000477678
0.00729286
0.00104044
0.0136109
0.00215323
0.0237629
0.00422017
0.0385847
0.00781025
0.0579509
0.0136275
0.080212
0.0224489
0.102519
0.0352119
0.122393
0.0535793
0.138062
0.0820157
0.14481
0.131633
0.11273
0.239103
0.435724
5.60543e-11
2.95925e-12
2.15301e-10
8.83005e-12
7.57429e-10
3.15022e-11
2.59204e-09
1.11747e-10
8.65714e-09
3.88037e-10
2.81973e-08
1.31641e-09
8.94622e-08
4.35822e-09
2.76127e-07
1.40652e-08
8.27948e-07
4.41952e-08
2.40794e-06
1.35028e-07
6.78088e-06
4.00555e-07
1.84542e-05
1.15187e-06
4.84333e-05
3.20542e-06
0.000122291
8.61526e-06
0.000296259
2.23164e-05
0.000686518
5.55808e-05
0.00151647
0.000132749
0.00318063
0.000303177
0.00630616
0.000660038
0.0117607
0.00136528
0.0205202
0.0026746
0.0333139
0.00494841
0.0500887
0.00863562
0.0696269
0.0142427
0.0900926
0.0224054
0.111027
0.034255
0.136067
0.0524697
0.176689
0.0824317
0.270172
0.135285
0.237235
0.457489
5.85368e-11
1.01335e-12
2.24841e-10
3.02388e-12
7.91014e-10
1.07896e-11
2.70702e-09
3.82787e-11
9.04127e-09
1.32936e-10
2.94485e-08
4.51024e-10
9.34304e-08
1.49332e-09
2.88367e-07
4.8197e-09
8.64611e-07
1.5145e-08
2.5144e-06
4.62735e-08
7.08009e-06
1.37271e-07
1.92664e-05
3.94743e-07
5.05579e-05
1.09845e-06
0.000127633
2.95216e-06
0.000309135
7.64641e-06
0.000716175
1.90417e-05
0.00158151
4.54721e-05
0.00331589
0.000103831
0.00657182
0.000225997
0.0122514
0.000467363
0.0213696
0.000915364
0.0346906
0.00169333
0.0521898
0.00295536
0.0727061
0.00487709
0.0946016
0.00768253
0.117937
0.0117696
0.147072
0.0180294
0.192086
0.0282591
0.272701
0.0440482
0.0727502
0.425698
5.93872e-11
-1.01998e-12
2.2811e-10
-3.04353e-12
8.02521e-10
-1.08553e-11
2.74642e-09
-3.85015e-11
9.17292e-09
-1.33675e-10
2.98773e-08
-4.53418e-10
9.47905e-08
-1.5009e-09
2.92563e-07
-4.8431e-09
8.77178e-07
-1.52155e-08
2.5509e-06
-4.64802e-08
7.18265e-06
-1.3786e-07
1.95448e-05
-3.96376e-07
5.1286e-05
-1.10284e-06
0.000129464
-2.96358e-06
0.000313548
-7.67515e-06
0.000726336
-1.91114e-05
0.00160379
-4.56348e-05
0.00336222
-0.000104195
0.0066628
-0.000226778
0.0124195
-0.00046896
0.0216606
-0.000918471
0.0351626
-0.00169907
0.0529116
-0.00296541
0.0737679
-0.00489375
0.0961637
-0.00770855
0.120334
-0.0118072
0.150872
-0.0180769
0.198109
-0.0283021
0.275588
-0.0440576
-0.0726103
0.409492
5.85315e-11
-2.96505e-12
2.24822e-10
-8.8467e-12
7.90949e-10
-3.15589e-11
2.70681e-09
-1.11939e-10
9.0406e-09
-3.88675e-10
2.94464e-08
-1.31848e-09
9.3424e-08
-4.3648e-09
2.88348e-07
-1.40856e-08
8.64556e-07
-4.42569e-08
2.51425e-06
-1.35209e-07
7.07968e-06
-4.01074e-07
1.92653e-05
-1.15331e-06
5.05551e-05
-3.20931e-06
0.000127626
-8.62542e-06
0.00030912
-2.23421e-05
0.000716139
-5.56433e-05
0.00158143
-0.000132896
0.00331573
-0.000303506
0.00657151
-0.000660744
0.0122509
-0.00136673
0.0213686
-0.00267743
0.034689
-0.00495366
0.0521874
-0.00864486
0.0727027
-0.0142582
0.0945976
-0.0224302
0.117934
-0.0342927
0.147074
-0.0525212
0.192095
-0.0824799
0.272717
-0.135301
-0.237077
0.425696
5.60448e-11
-4.65857e-12
2.15265e-10
-1.38995e-11
7.57308e-10
-4.95819e-11
2.59164e-09
-1.75864e-10
8.65588e-09
-6.10637e-10
2.81934e-08
-2.07146e-09
8.94502e-08
-6.85772e-09
2.76092e-07
-2.21315e-08
8.27846e-07
-6.95415e-08
2.40765e-06
-2.12475e-07
6.7801e-06
-6.30343e-07
1.84521e-05
-1.81285e-06
4.84281e-05
-5.04551e-06
0.000122278
-1.35634e-05
0.000296229
-3.51423e-05
0.00068645
-8.75506e-05
0.00151633
-0.000209181
0.00318033
-0.000477935
0.00630558
-0.00104099
0.0117597
-0.00215439
0.0205183
-0.00422246
0.0333108
-0.00781454
0.0500841
-0.0136352
0.0696204
-0.0224621
0.0900847
-0.0352341
0.111021
-0.0536169
0.136075
-0.082079
0.176748
-0.131729
0.270223
-0.239111
0.457412
-0.435439
0.435447
0.0139548
0.421131
0.00493973
0.408242
0.00211432
0.395205
0.000866458
0.381468
0.000350855
0.367082
0.000141237
0.352422
5.66197e-05
0.338016
2.26973e-05
0.324417
9.18769e-06
0.312105
3.83603e-06
0.301426
1.71542e-06
0.292557
8.53625e-07
0.285506
4.86309e-07
0.280141
3.16156e-07
0.276235
2.29149e-07
0.273511
1.79686e-07
0.271691
1.48768e-07
0.270525
1.26438e-07
0.269808
1.16573e-07
0.269386
1.19011e-07
0.269146
1.11566e-07
0.269016
1.06356e-07
0.268952
8.47526e-08
0.268922
8.26721e-08
6.83158e-08
0.42375
0.00761404
0.416068
0.00319529
0.40614
0.0012572
0.394352
0.000481967
0.381128
0.000188108
0.366949
7.46181e-05
0.352372
2.98442e-05
0.337999
1.20156e-05
0.324412
4.88401e-06
0.312106
2.02671e-06
0.301429
8.7659e-07
0.292561
4.00795e-07
0.28551
1.97152e-07
0.280146
1.07123e-07
0.27624
6.48171e-08
0.273516
4.39003e-08
0.271696
3.3239e-08
0.27053
2.72093e-08
0.269814
2.68424e-08
0.269391
3.14934e-08
0.269152
3.154e-08
0.269023
3.25579e-08
0.268958
2.75393e-08
0.268928
3.12004e-08
2.61558e-08
0.416514
-0.0075832
0.413492
-0.00317506
0.40522
-0.00124533
0.394008
-0.000475125
0.380994
-0.000184248
0.366896
-7.24853e-05
0.352351
-2.86812e-05
0.33799
-1.13889e-05
0.324409
-4.55664e-06
0.312104
-1.87089e-06
0.301429
-8.22767e-07
0.29256
-4.10575e-07
0.28551
-2.43275e-07
0.280146
-1.68925e-07
0.27624
-1.29857e-07
0.273516
-1.05358e-07
0.271696
-8.72896e-08
0.27053
-7.1887e-08
0.269814
-6.16653e-08
0.269391
-5.77145e-08
0.269152
-5.07877e-08
0.269023
-4.48017e-08
0.268958
-3.44047e-08
0.268928
-3.30988e-08
-2.90965e-08
0.423745
-0.0139211
0.416061
-0.00491827
0.406135
-0.00210396
0.394349
-0.000861196
0.381126
-0.000348077
0.366948
-0.00013973
0.352372
-5.57776e-05
0.337999
-2.22104e-05
0.324412
-8.89726e-06
0.312106
-3.66219e-06
0.301429
-1.61593e-06
0.292561
-8.04423e-07
0.28551
-4.70039e-07
0.280146
-3.21882e-07
0.27624
-2.4582e-07
0.273516
-2.00953e-07
0.271696
-1.70806e-07
0.27053
-1.45901e-07
0.269814
-1.33195e-07
0.269391
-1.32581e-07
0.269152
-1.22141e-07
0.269023
-1.12504e-07
0.268958
-8.77819e-08
0.268928
-8.28829e-08
-7.09161e-08
0.435404
0.421109
0.40823
0.395199
0.381464
0.36708
0.352421
0.338016
0.324416
0.312105
0.301426
0.292557
0.285506
0.280141
0.276235
0.273511
0.271691
0.270525
0.269808
0.269386
0.269146
0.269016
0.268952
0.268922
6.52084e-11
-6.2569e-12
2.50448e-10
-1.86661e-11
8.81039e-10
-6.65792e-11
3.01496e-09
-2.36138e-10
1.00696e-08
-8.19889e-10
3.27981e-08
-2.78126e-09
1.04062e-07
-9.20773e-09
3.2121e-07
-2.9717e-08
9.6321e-07
-9.33853e-08
2.80167e-06
-2.85366e-07
7.89093e-06
-8.46745e-07
2.14797e-05
-2.43583e-06
5.63887e-05
-6.78155e-06
0.000142424
-1.82376e-05
0.00034517
-4.72763e-05
0.000800242
-0.00011785
0.00176868
-0.000281775
0.00371202
-0.000644331
0.00736504
-0.00140472
0.0137456
-0.00290997
0.0239983
-0.00570839
0.0389667
-0.0105697
0.0585234
-0.0184302
0.0810003
-0.0302581
0.103514
-0.0469926
0.123544
-0.0698585
0.13927
-0.101541
0.145891
-0.147569
0.113417
-0.218396
-0.334578
5.68366e-11
-7.11093e-12
2.18273e-10
-2.12102e-11
7.67787e-10
-7.56427e-11
2.62724e-09
-2.68257e-10
8.77433e-09
-9.31342e-10
2.85793e-08
-3.15923e-09
9.06801e-08
-1.04591e-08
2.79925e-07
-3.37578e-08
8.39518e-07
-1.06095e-07
2.44234e-06
-3.2426e-07
6.88061e-06
-9.62391e-07
1.87357e-05
-2.76942e-06
4.92054e-05
-7.71358e-06
0.000124345
-2.07553e-05
0.000301546
-5.38384e-05
0.000699639
-0.000134317
0.00154774
-0.000321459
0.0032518
-0.000735919
0.00645972
-0.00160651
0.0120717
-0.00333279
0.021102
-0.00654737
0.0342924
-0.0121377
0.0514823
-0.0211711
0.0710072
-0.0346922
0.0898039
-0.0535055
0.104623
-0.0782235
0.112401
-0.109832
0.108919
-0.150338
0.0812881
-0.200081
-0.26388
4.73356e-11
-7.22879e-12
1.81764e-10
-2.15564e-11
6.39291e-10
-7.68653e-11
2.18737e-09
-2.72556e-10
7.30495e-09
-9.46183e-10
2.37932e-08
-3.20944e-09
7.54979e-08
-1.06255e-08
2.33082e-07
-3.4297e-08
6.99151e-07
-1.07805e-07
2.03447e-06
-3.29557e-07
5.73342e-06
-9.78412e-07
1.56186e-05
-2.81667e-06
4.10411e-05
-7.84937e-06
0.000103783
-2.11348e-05
0.00025189
-5.48686e-05
0.000585015
-0.000137027
0.00129573
-0.000328347
0.00272621
-0.000752788
0.00542458
-0.00164614
0.010156
-0.00342166
0.0177876
-0.00673609
0.0289566
-0.0125133
0.04351
-0.0218601
0.0599232
-0.0358223
0.0752571
-0.0550492
0.0860886
-0.0796245
0.0889865
-0.10925
0.0800936
-0.143512
0.0540096
-0.179617
-0.217141
3.76933e-11
-6.73947e-12
1.44718e-10
-2.00929e-11
5.08923e-10
-7.16308e-11
1.74113e-09
-2.53956e-10
5.81435e-09
-8.8152e-10
1.89381e-08
-2.98995e-09
6.00955e-08
-9.89893e-09
1.85554e-07
-3.19544e-08
5.56695e-07
-1.00457e-07
1.6204e-06
-3.07174e-07
4.5683e-06
-9.12286e-07
1.24509e-05
-2.62757e-06
3.27386e-05
-7.32692e-06
8.28546e-05
-1.97435e-05
0.000201294
-5.13064e-05
0.000468069
-0.000128284
0.00103821
-0.00030784
0.00218818
-0.000706992
0.00436286
-0.00154916
0.00818727
-0.00322769
0.0143764
-0.00637112
0.0234647
-0.0118688
0.0353351
-0.0207898
0.0486985
-0.0341308
0.06097
-0.0524246
0.0689855
-0.075437
0.0695805
-0.102151
0.0598937
-0.130922
0.0378782
-0.158232
-0.181688
2.87203e-11
-5.84272e-12
1.10247e-10
-1.74135e-11
3.87637e-10
-6.20642e-11
1.32602e-09
-2.19999e-10
4.42783e-09
-7.63557e-10
1.44218e-08
-2.58968e-09
4.57668e-08
-8.57376e-09
1.4133e-07
-2.7679e-08
4.24111e-07
-8.70315e-08
1.23488e-06
-2.66194e-07
3.48293e-06
-7.90886e-07
9.49814e-06
-2.27911e-06
2.49925e-05
-6.35957e-06
6.3308e-05
-1.71516e-05
0.000153976
-4.46186e-05
0.000358527
-0.000111708
0.000796542
-0.000268491
0.00168211
-0.000617803
0.0033616
-0.00135681
0.00632536
-0.00283446
0.011141
-0.00561203
0.0182444
-0.0104902
0.0275637
-0.0184398
0.0380835
-0.0303703
0.0476854
-0.0467383
0.0536798
-0.0671879
0.0533875
-0.0904411
0.0447261
-0.114402
0.0270462
-0.135675
-0.151404
2.09558e-11
-4.75034e-12
8.04264e-11
-1.41525e-11
2.8273e-10
-5.04266e-11
9.67016e-10
-1.7871e-10
3.22874e-09
-6.20158e-10
1.0516e-08
-2.10314e-09
3.33735e-08
-6.96289e-09
1.03073e-07
-2.24802e-08
3.09374e-07
-7.06965e-08
9.01102e-07
-2.16291e-07
2.54269e-06
-6.42878e-07
6.93823e-06
-1.8536e-06
1.82706e-05
-5.17589e-06
4.63252e-05
-1.39718e-05
0.000112804
-3.63872e-05
0.000263039
-9.12248e-05
0.000585415
-0.000219625
0.00123884
-0.000506377
0.00248193
-0.00111476
0.00468379
-0.0023354
0.00827756
-0.00463912
0.0136066
-0.00870395
0.0206396
-0.0153621
0.0286255
-0.0254055
0.0359316
-0.0392357
0.0404163
-0.0565055
0.0399372
-0.0759714
0.0329759
-0.0955575
0.0194011
-0.112273
-0.123403
1.46559e-11
-3.64293e-12
5.62331e-11
-1.08492e-11
1.97636e-10
-3.86447e-11
6.75848e-10
-1.36921e-10
2.2563e-09
-4.75055e-10
7.34839e-09
-1.61087e-09
2.33214e-08
-5.33289e-09
7.20355e-08
-1.72184e-08
2.16262e-07
-5.41571e-08
6.30105e-07
-1.65733e-07
1.77882e-06
-4.92796e-07
4.8568e-06
-1.42163e-06
1.27995e-05
-3.97246e-06
3.24849e-05
-1.07329e-05
7.9198e-05
-2.79832e-05
0.000184947
-7.02521e-05
0.000412351
-0.000169417
0.000874484
-0.000391404
0.00175645
-0.000863733
0.00332473
-0.00181467
0.00589646
-0.00361678
0.00973165
-0.00681185
0.0148274
-0.0120741
0.0206587
-0.0200586
0.0260343
-0.0311138
0.0293417
-0.0449632
0.0289474
-0.0605514
0.0237403
-0.0760698
0.0137462
-0.0890413
-0.0971304
9.83446e-12
-2.64731e-12
3.77239e-11
-7.88075e-12
1.32549e-10
-2.80618e-11
4.53176e-10
-9.93969e-11
1.51269e-09
-3.44787e-10
4.92622e-09
-1.16897e-09
1.56343e-08
-3.8697e-09
4.82961e-08
-1.24945e-08
1.45022e-07
-3.93036e-08
4.2267e-07
-1.20307e-07
1.19375e-06
-3.57854e-07
3.26131e-06
-1.03287e-06
8.60141e-06
-2.88813e-06
2.18514e-05
-7.80999e-06
5.33375e-05
-2.03848e-05
0.000124739
-5.12452e-05
0.000278607
-0.000123783
0.00059211
-0.00028654
0.00119231
-0.000633815
0.00226368
-0.00133533
0.00402881
-0.0026701
0.00667622
-0.00504777
0.0102184
-0.00898508
0.0143067
-0.0149954
0.0181143
-0.0233685
0.0204876
-0.0339115
0.0202374
-0.0458082
0.0165612
-0.057616
0.00950784
-0.0673917
-0.073261
6.33968e-12
-1.8297e-12
2.43123e-11
-5.44472e-12
8.53997e-11
-1.93804e-11
2.91907e-10
-6.86253e-11
9.74211e-10
-2.37988e-10
3.17229e-09
-8.06737e-10
1.00677e-08
-2.67033e-09
3.11027e-08
-8.62194e-09
9.34106e-08
-2.71246e-08
2.72329e-07
-8.30446e-08
7.6947e-07
-2.47101e-07
2.10339e-06
-7.13553e-07
5.55166e-06
-1.99654e-06
1.4117e-05
-5.40348e-06
3.44987e-05
-1.41183e-05
8.07964e-05
-3.55377e-05
0.000180771
-8.5976e-05
0.000384977
-0.000199398
0.000777119
-0.000442049
0.00147969
-0.000933783
0.00264244
-0.00187294
0.00439599
-0.00355336
0.00675812
-0.00635042
0.00950776
-0.010645
0.0120969
-0.0166648
0.0137391
-0.0242883
0.0136077
-0.0329281
0.0111391
-0.0415113
0.00636815
-0.0485928
-0.052756
3.93206e-12
-1.20689e-12
1.50732e-11
-3.58931e-12
5.29297e-11
-1.2771e-11
1.80873e-10
-4.52068e-11
6.03531e-10
-1.56732e-10
1.96503e-09
-5.31189e-10
6.23606e-09
-1.75806e-09
1.92664e-08
-5.67624e-09
5.78719e-08
-1.78587e-08
1.68765e-07
-5.46864e-08
4.77042e-07
-1.62771e-07
1.30474e-06
-4.70244e-07
3.44616e-06
-1.31655e-06
8.77094e-06
-3.56594e-06
2.14581e-05
-9.32635e-06
5.03234e-05
-2.35042e-05
0.000112776
-5.6947e-05
0.000240643
-0.000132306
0.000486892
-0.000293926
0.000929609
-0.000622418
0.00166538
-0.00125199
0.0027807
-0.00238309
0.00429258
-0.00427472
0.00606657
-0.00719463
0.00775492
-0.0113113
0.00884542
-0.0165545
0.00878912
-0.0225259
0.00720545
-0.0284741
0.00411191
-0.0333798
-0.0362312
2.34907e-12
-7.6153e-13
9.00267e-12
-2.26424e-12
3.16024e-11
-8.05268e-12
1.07963e-10
-2.84949e-11
3.60171e-10
-9.87629e-11
1.17251e-09
-3.34651e-10
3.72079e-09
-1.10743e-09
1.14959e-08
-3.57539e-09
3.45356e-08
-1.12495e-08
1.00737e-07
-3.44533e-08
2.84855e-07
-1.02577e-07
7.79495e-07
-2.96464e-07
2.06023e-06
-8.30479e-07
5.248e-06
-2.25102e-06
1.28527e-05
-5.8927e-06
3.01804e-05
-1.48674e-05
6.77388e-05
-3.60706e-05
0.000144805
-8.39397e-05
0.000293613
-0.000186836
0.000561997
-0.000396533
0.00100975
-0.000799698
0.00169162
-0.0015267
0.00262121
-0.00274767
0.0037198
-0.00464137
0.00477561
-0.00732519
0.00546928
-0.0107614
0.00545232
-0.0146939
0.0044786
-0.0186239
0.00255448
-0.0218686
-0.0237431
1.35419e-12
-4.60864e-13
5.18727e-12
-1.37006e-12
1.82031e-11
-4.87064e-12
6.21692e-11
-1.72296e-11
2.07352e-10
-5.97001e-11
6.74918e-10
-2.02242e-10
2.14158e-09
-6.69159e-10
6.61677e-09
-2.16026e-09
1.98801e-08
-6.79715e-09
5.8001e-08
-2.08199e-08
1.64065e-07
-6.20011e-08
4.49168e-07
-1.79259e-07
1.1879e-06
-5.02409e-07
3.02828e-06
-1.36269e-06
7.42362e-06
-3.5702e-06
1.74525e-05
-9.01694e-06
3.92267e-05
-2.19036e-05
8.39946e-05
-5.1047e-05
0.000170645
-0.00011382
0.000327372
-0.000242055
0.00058974
-0.000489296
0.000990945
-0.000936577
0.00154065
-0.00169057
0.00219438
-0.00286488
0.00282808
-0.00453676
0.00325075
-0.00668742
0.00325064
-0.00915954
0.00267548
-0.0116382
0.00152622
-0.0136879
-0.0148682
7.53865e-13
-2.68111e-13
2.88758e-12
-7.96886e-13
1.01295e-11
-2.83273e-12
3.45853e-11
-1.00172e-11
1.15324e-10
-3.4698e-11
3.75308e-10
-1.17516e-10
1.19078e-09
-3.88756e-10
3.67906e-09
-1.25491e-09
1.10546e-08
-3.94851e-09
3.22583e-08
-1.20955e-08
9.12747e-08
-3.60275e-08
2.49992e-07
-1.04197e-07
6.61513e-07
-2.92164e-07
1.68758e-06
-7.92906e-07
4.14062e-06
-2.07895e-06
9.74476e-06
-5.25547e-06
2.19305e-05
-1.27806e-05
4.70298e-05
-2.98251e-05
9.5715e-05
-6.66045e-05
0.000183998
-0.000141899
0.000332233
-0.000287428
0.000559726
-0.000551451
0.000872773
-0.000997953
0.00124708
-0.00169586
0.00161261
-0.00269337
0.0018596
-0.00398177
0.00186462
-0.00546848
0.00153758
-0.00696356
0.000877458
-0.00820194
-0.00891395
4.06119e-13
-1.50147e-13
1.55517e-12
-4.46884e-13
5.45345e-12
-1.58732e-12
1.86136e-11
-5.6113e-12
6.20514e-11
-1.94311e-11
2.01901e-10
-6.57929e-11
6.40516e-10
-2.1761e-10
1.97888e-09
-7.02368e-10
5.94636e-09
-2.20989e-09
1.73545e-08
-6.77002e-09
4.9117e-08
-2.01683e-08
1.34576e-07
-5.83455e-08
3.56283e-07
-1.63662e-07
9.09488e-07
-4.44396e-07
2.23327e-06
-1.16595e-06
5.26092e-06
-2.94988e-06
1.18532e-05
-7.18081e-06
2.54532e-05
-1.6777e-05
5.18832e-05
-3.75171e-05
9.99166e-05
-8.00554e-05
0.000180782
-0.000162449
0.000305268
-0.000312297
0.000477204
-0.000566409
0.00068373
-0.000964809
0.00088667
-0.00153612
0.0010253
-0.00227661
0.0010305
-0.00313387
0.000851153
-0.0039982
0.000485972
-0.00471523
-0.00512715
2.12106e-13
-8.12964e-14
8.11319e-13
-2.41695e-13
2.8442e-12
-8.58634e-13
9.70489e-12
-3.03469e-12
3.2344e-11
-1.05052e-11
1.05218e-10
-3.55602e-11
3.3375e-10
-1.17591e-10
1.03106e-09
-3.79489e-10
3.09831e-09
-1.19393e-09
9.04345e-09
-3.65772e-09
2.56002e-08
-1.08979e-08
7.01644e-08
-3.15338e-08
1.85837e-07
-8.84832e-08
4.74653e-07
-2.40369e-07
1.16633e-06
-6.31014e-07
2.74985e-06
-1.59762e-06
6.20183e-06
-3.8924e-06
1.33333e-05
-9.10338e-06
2.72155e-05
-2.03815e-05
5.24936e-05
-4.35505e-05
9.51455e-05
-8.85099e-05
0.000160978
-0.000170447
0.000252188
-0.000309719
0.000362166
-0.000528628
0.000470796
-0.000843416
0.000545672
-0.0012526
0.000549528
-0.00172762
0.000454524
-0.0022076
0.000259639
-0.0026063
-0.00283526
1.07349e-13
-4.23313e-14
4.10443e-13
-1.26314e-13
1.43878e-12
-4.49204e-13
4.90825e-12
-1.58721e-12
1.63535e-11
-5.49279e-12
5.31871e-11
-1.85874e-11
1.68682e-10
-6.14512e-11
5.21067e-10
-1.98283e-10
1.56577e-09
-6.23778e-10
4.57056e-09
-1.91099e-09
1.29405e-08
-5.69407e-09
3.54761e-08
-1.6479e-08
9.39961e-08
-4.62523e-08
2.40194e-07
-1.25694e-07
5.90566e-07
-3.30132e-07
1.3934e-06
-8.36352e-07
3.14532e-06
-2.03919e-06
6.76905e-06
-4.77337e-06
1.3833e-05
-1.0698e-05
2.67171e-05
-2.2886e-05
4.84981e-05
-4.65737e-05
8.21913e-05
-8.98194e-05
0.000128993
-0.000163469
0.000185603
-0.000279476
0.000241759
-0.000446673
0.00028075
-0.00066453
0.000283198
-0.000918015
0.000234507
-0.0011746
0.000134014
-0.00138796
-0.00151047
5.27804e-14
-2.11363e-14
2.01954e-13
-6.39512e-14
7.07026e-13
-2.27352e-13
2.41075e-12
-8.03902e-13
8.03029e-12
-2.78189e-12
2.61109e-11
-9.41141e-12
8.2796e-11
-3.11073e-11
2.55732e-10
-1.00354e-10
7.68423e-10
-3.15667e-10
2.24313e-09
-9.67026e-10
6.35163e-09
-2.8815e-09
1.74164e-08
-8.34026e-09
4.61598e-08
-2.34138e-08
1.18002e-07
-6.36481e-08
2.9028e-07
-1.67239e-07
6.85322e-07
-4.23899e-07
1.54813e-06
-1.0342e-06
3.33465e-06
-2.42268e-06
6.82144e-06
-5.4344e-06
1.31899e-05
-1.16371e-05
2.39732e-05
-2.37082e-05
4.06844e-05
-4.57778e-05
6.39466e-05
-8.34235e-05
9.21558e-05
-0.000142822
0.000120236
-0.000228591
0.000139849
-0.000340567
0.000141256
-0.000471094
0.000117077
-0.000603404
6.69289e-05
-0.000713522
-0.000776741
2.50551e-14
-9.96448e-15
9.63888e-14
-3.14068e-14
3.37647e-13
-1.11743e-13
1.1513e-12
-3.95063e-13
3.83422e-12
-1.36673e-12
1.24641e-11
-4.62287e-12
3.95145e-11
-1.52764e-11
1.2203e-10
-4.9272e-11
3.66648e-10
-1.54964e-10
1.07029e-09
-4.74685e-10
3.03082e-09
-1.41444e-09
8.31186e-09
-4.09425e-09
2.20345e-08
-1.14956e-08
5.63469e-08
-3.1257e-08
1.38669e-07
-8.21563e-08
3.27554e-07
-2.08328e-07
7.40401e-07
-5.08528e-07
1.59598e-06
-1.192e-06
3.2675e-06
-2.67574e-06
6.32397e-06
-5.73448e-06
1.15061e-05
-1.16935e-05
1.9549e-05
-2.26013e-05
3.07638e-05
-4.12315e-05
4.43915e-05
-7.06678e-05
5.79947e-05
-0.000113235
6.75404e-05
-0.000168898
6.82921e-05
-0.000233877
5.6643e-05
-0.000299817
3.23893e-05
-0.000354732
-0.000386257
1.18441e-14
-4.6828e-15
4.47761e-14
-1.4314e-14
1.56891e-13
-5.30874e-14
5.35237e-13
-1.88444e-13
1.7819e-12
-6.52466e-13
5.79143e-12
-2.20581e-12
1.83563e-11
-7.28764e-12
5.66794e-11
-2.35006e-11
1.70278e-10
-7.38987e-11
4.97037e-10
-2.2634e-10
1.40753e-09
-6.74401e-10
3.86043e-09
-1.95217e-09
1.02356e-08
-5.4817e-09
2.61811e-08
-1.49075e-08
6.44529e-08
-3.91927e-08
1.52309e-07
-9.94158e-08
3.44453e-07
-2.42773e-07
7.4293e-07
-5.69349e-07
1.52207e-06
-1.27879e-06
2.94809e-06
-2.74244e-06
5.3684e-06
-5.59636e-06
9.12926e-06
-1.08254e-05
1.43804e-05
-1.97655e-05
2.07715e-05
-3.39066e-05
2.71652e-05
-5.43795e-05
3.16682e-05
-8.11842e-05
3.20469e-05
-0.000112512
2.65947e-05
-0.000144329
1.521e-05
-0.000170839
-0.000186056
4.71344e-15
-1.87339e-15
2.01719e-14
-6.67124e-15
7.09559e-14
-2.44433e-14
2.42326e-13
-8.72533e-14
8.07026e-13
-3.02766e-13
2.62212e-12
-1.02369e-12
8.30924e-12
-3.38171e-12
2.56516e-11
-1.09027e-11
7.70521e-11
-3.42772e-11
2.24893e-10
-1.0497e-10
6.36844e-10
-3.12739e-10
1.74674e-09
-9.05249e-10
4.63182e-09
-2.54203e-09
1.18496e-08
-6.91376e-09
2.91786e-08
-1.81798e-08
6.89744e-08
-4.6126e-08
1.5605e-07
-1.12675e-07
3.36732e-07
-2.64346e-07
6.90246e-07
-5.94006e-07
1.33774e-06
-1.27454e-06
2.4376e-06
-2.60239e-06
4.14821e-06
-5.03709e-06
6.53909e-06
-9.20297e-06
9.45257e-06
-1.57978e-05
1.23722e-05
-2.53541e-05
1.44341e-05
-3.78781e-05
1.46157e-05
-5.25281e-05
1.21338e-05
-6.74165e-05
6.94027e-06
-7.98249e-05
-8.69466e-05
2.16904e-15
-6.66712e-16
8.755e-15
-2.66695e-15
3.11269e-14
-1.09632e-14
1.06814e-13
-3.93649e-14
3.56325e-13
-1.36545e-13
1.15786e-12
-4.62669e-13
3.66867e-12
-1.5282e-12
1.13232e-11
-4.92576e-12
3.40062e-11
-1.54828e-11
9.92416e-11
-4.74057e-11
2.81008e-10
-1.41218e-10
7.70737e-10
-4.08737e-10
2.04385e-09
-1.14775e-09
5.22933e-09
-3.12175e-09
1.2879e-08
-8.20949e-09
3.04512e-08
-2.08326e-08
6.89138e-08
-5.09003e-08
1.48758e-07
-1.1945e-07
3.05052e-07
-2.68504e-07
5.9148e-07
-5.76342e-07
1.07831e-06
-1.17729e-06
1.83598e-06
-2.27977e-06
2.89574e-06
-4.16724e-06
4.1883e-06
-7.15699e-06
5.48519e-06
-1.14921e-05
6.40296e-06
-1.71777e-05
6.48637e-06
-2.38327e-05
5.38628e-06
-3.05989e-05
3.08098e-06
-3.6239e-05
-3.94755e-05
9.57667e-16
-1.58799e-16
3.53652e-15
-9.89773e-16
1.32955e-14
-4.65184e-15
4.59027e-14
-1.72513e-14
1.53566e-13
-6.0174e-14
4.99131e-13
-2.0371e-13
1.58119e-12
-6.73042e-13
4.87941e-12
-2.16937e-12
1.46516e-11
-6.81783e-12
4.27513e-11
-2.08708e-11
1.21038e-10
-6.21619e-11
3.31956e-10
-1.79897e-10
8.80272e-10
-5.05122e-10
2.25232e-09
-1.37384e-09
5.54757e-09
-3.61301e-09
1.31186e-08
-9.16918e-09
2.96944e-08
-2.24061e-08
6.41138e-08
-5.25909e-08
1.31513e-07
-1.18242e-07
2.55077e-07
-2.53873e-07
4.65181e-07
-5.18737e-07
7.9232e-07
-1.00482e-06
1.25012e-06
-1.83733e-06
1.80882e-06
-3.15655e-06
2.36988e-06
-5.07027e-06
2.76748e-06
-7.58144e-06
2.80434e-06
-1.05221e-05
2.32905e-06
-1.35126e-05
1.33221e-06
-1.60056e-05
-1.74359e-05
2.80212e-16
-1.53589e-16
1.53824e-15
-4.46125e-16
5.37534e-15
-1.95652e-15
1.92158e-14
-7.33424e-15
6.46297e-14
-2.56486e-14
2.10107e-13
-8.72505e-14
6.65967e-13
-2.89176e-13
2.05455e-12
-9.3253e-13
6.16793e-12
-2.92992e-12
1.79938e-11
-8.96678e-12
5.09362e-11
-2.67011e-11
1.3968e-10
-7.72604e-11
3.70372e-10
-2.16908e-10
9.4763e-10
-5.89904e-10
2.3341e-09
-1.55131e-09
5.5199e-09
-3.93698e-09
1.24957e-08
-9.62101e-09
2.69834e-08
-2.25841e-08
5.53587e-08
-5.07829e-08
1.07391e-07
-1.0905e-07
1.95888e-07
-2.22859e-07
3.33716e-07
-4.3177e-07
5.26646e-07
-7.89643e-07
7.62177e-07
-1.35686e-06
9.98838e-07
-2.17991e-06
1.16669e-06
-3.26028e-06
1.18242e-06
-4.52576e-06
9.8206e-07
-5.81287e-06
5.61702e-07
-6.88575e-06
-7.50121e-06
1.76622e-17
-3.83383e-16
5.48795e-16
5.53043e-17
2.13184e-15
-8.16755e-16
7.71452e-15
-2.82795e-15
2.64647e-14
-1.06656e-14
8.63943e-14
-3.64173e-14
2.7406e-13
-1.21252e-13
8.45985e-13
-3.91604e-13
2.53917e-12
-1.22968e-12
7.40579e-12
-3.76306e-12
2.096e-11
-1.12027e-11
5.74685e-11
-3.24086e-11
1.52363e-10
-9.09708e-11
3.89798e-10
-2.47372e-10
9.60059e-10
-6.50464e-10
2.2704e-09
-1.65068e-09
5.13969e-09
-4.03373e-09
1.10992e-08
-9.4687e-09
2.27722e-08
-2.1292e-08
4.41794e-08
-4.57241e-08
8.05919e-08
-9.34489e-08
1.37306e-07
-1.8106e-07
2.16701e-07
-3.3115e-07
3.13639e-07
-5.69056e-07
4.11069e-07
-9.14298e-07
4.802e-07
-1.36756e-06
4.86692e-07
-1.89854e-06
4.04208e-07
-2.43861e-06
2.31168e-07
-2.88873e-06
-3.14687e-06
1.2349e-16
-4.01849e-16
3.02713e-16
4.34787e-17
7.80849e-16
-3.12858e-16
3.06221e-15
-1.09848e-15
1.055e-14
-4.3406e-15
3.46137e-14
-1.47918e-14
1.10202e-13
-4.95106e-14
3.40595e-13
-1.60633e-13
1.02294e-12
-5.04428e-13
2.98291e-12
-1.54374e-12
8.44032e-12
-4.59469e-12
2.31371e-11
-1.32897e-11
6.1331e-11
-3.72963e-11
1.56883e-10
-1.01399e-10
3.86352e-10
-2.66586e-10
9.13581e-10
-6.76426e-10
2.06801e-09
-1.6528e-09
4.46564e-09
-3.87945e-09
9.16181e-09
-8.72309e-09
1.77738e-08
-1.87317e-08
3.24216e-08
-3.82812e-08
5.52346e-08
-7.41673e-08
8.71679e-08
-1.35641e-07
1.26154e-07
-2.33075e-07
1.6534e-07
-3.74463e-07
1.93143e-07
-5.60095e-07
1.95743e-07
-7.7756e-07
1.62551e-07
-9.98718e-07
9.2951e-08
-1.18301e-06
-1.28867e-06
-1.8963e-16
-1.1173e-16
1.46584e-16
-1.56833e-16
2.68756e-16
-1.74231e-16
1.03983e-15
-4.94066e-16
4.04376e-15
-1.50539e-15
1.35396e-14
-5.94837e-15
4.34001e-14
-1.9776e-14
1.34266e-13
-6.42831e-14
4.03412e-13
-2.02532e-13
1.17653e-12
-6.19809e-13
3.32854e-12
-1.84391e-12
9.12214e-12
-5.33226e-12
2.41751e-11
-1.49602e-11
6.18264e-11
-4.06627e-11
1.52231e-10
-1.06883e-10
3.59912e-10
-2.71149e-10
8.14589e-10
-6.62423e-10
1.75878e-09
-1.55459e-09
3.60788e-09
-3.49506e-09
6.9983e-09
-7.50414e-09
1.27639e-08
-1.53338e-08
2.17415e-08
-2.97037e-08
3.43052e-08
-5.43151e-08
4.96401e-08
-9.33157e-08
6.50507e-08
-1.49901e-07
7.59806e-08
-2.24187e-07
7.69927e-08
-3.11202e-07
6.39262e-08
-3.99678e-07
3.65483e-08
-4.73385e-07
-5.15635e-07
2.15713e-16
-3.76517e-18
7.73995e-17
-1.38668e-16
1.33435e-17
-2.01444e-16
3.29609e-16
-3.15429e-16
1.50204e-15
-6.96191e-16
5.12366e-15
-2.18555e-15
1.66458e-14
-7.76443e-15
5.17613e-14
-2.51839e-14
1.55778e-13
-7.93998e-14
4.54627e-13
-2.43588e-13
1.28631e-12
-7.24483e-13
3.52445e-12
-2.09466e-12
9.3379e-12
-5.87551e-12
2.38749e-11
-1.59655e-11
5.87711e-11
-4.19546e-11
1.38918e-10
-1.06407e-10
3.14346e-10
-2.59893e-10
6.7856e-10
-6.09788e-10
1.39167e-09
-1.37063e-09
2.69884e-09
-2.94219e-09
4.92111e-09
-6.01063e-09
8.38023e-09
-1.16407e-08
1.32192e-08
-2.12804e-08
1.91232e-08
-3.65513e-08
2.50542e-08
-5.87015e-08
2.92579e-08
-8.77752e-08
2.96412e-08
-1.21824e-07
2.46052e-08
-1.56434e-07
1.40647e-08
-1.85259e-07
-2.01776e-07
9.70758e-17
1.52782e-17
1.07495e-16
-2.57174e-16
-6.06689e-18
-1.80606e-16
2.07962e-16
-1.32571e-16
5.78662e-16
-3.39393e-16
1.88528e-15
-7.21561e-16
5.94286e-15
-2.85039e-15
1.923e-14
-9.54151e-15
5.89833e-14
-3.03485e-14
1.72305e-13
-9.36873e-14
4.87376e-13
-2.78863e-13
1.33519e-12
-8.06214e-13
3.53673e-12
-2.26101e-12
9.03999e-12
-6.14208e-12
2.22464e-11
-1.61351e-11
5.25691e-11
-4.09101e-11
1.1892e-10
-9.9891e-11
2.56633e-10
-2.34306e-10
5.26175e-10
-5.26501e-10
1.02009e-09
-1.12985e-09
1.85943e-09
-2.30747e-09
3.16533e-09
-4.46738e-09
4.99125e-09
-8.16411e-09
7.21785e-09
-1.4018e-08
9.45345e-09
-2.25058e-08
1.10364e-08
-3.36435e-08
1.11779e-08
-4.6683e-08
9.27627e-09
-5.99335e-08
5.30127e-09
-7.09648e-08
-7.72843e-08
-8.87204e-17
2.74914e-17
-7.27536e-17
-1.38043e-16
1.83105e-16
-7.49501e-17
9.31112e-17
-5.37805e-17
1.96238e-16
4.92958e-17
5.02053e-16
-2.87538e-16
2.04763e-15
-9.30423e-16
6.99747e-15
-3.35995e-15
2.17447e-14
-1.13952e-14
6.39325e-14
-3.51597e-14
1.81049e-13
-1.05138e-13
4.96235e-13
-3.04076e-13
1.31431e-12
-8.5304e-13
3.35835e-12
-2.31653e-12
8.26167e-12
-6.08391e-12
1.95158e-11
-1.54202e-11
4.41328e-11
-3.76388e-11
9.52059e-11
-8.82552e-11
1.95129e-10
-1.98244e-10
3.78148e-10
-4.25267e-10
6.89007e-10
-8.68181e-10
1.17239e-09
-1.68018e-09
1.84785e-09
-3.06924e-09
2.671e-09
-5.26779e-09
3.49691e-09
-8.45412e-09
4.08102e-09
-1.26337e-08
4.13193e-09
-1.75251e-08
3.42792e-09
-2.24937e-08
1.95854e-09
-2.66286e-08
-2.89965e-08
-7.00833e-17
1.08203e-16
-1.61723e-17
-3.97191e-17
9.74256e-17
-7.28773e-17
1.3088e-16
-9.1388e-17
1.28623e-16
-4.20578e-18
1.44562e-16
-1.23234e-16
6.36241e-16
-1.48531e-16
2.38818e-15
-1.42398e-15
7.68388e-15
-4.18083e-15
2.3144e-14
-1.29687e-14
6.60072e-14
-3.89612e-14
1.81005e-13
-1.12511e-13
4.79511e-13
-3.15694e-13
1.22466e-12
-8.57374e-13
3.01179e-12
-2.25063e-12
7.11198e-12
-5.70229e-12
1.60765e-11
-1.39126e-11
3.46665e-11
-3.26089e-11
7.10197e-11
-7.32172e-11
1.37568e-10
-1.56996e-10
2.50535e-10
-3.20362e-10
4.26084e-10
-6.19701e-10
6.71213e-10
-1.13149e-09
9.69714e-10
-1.94105e-09
1.26898e-09
-3.11372e-09
1.48032e-09
-4.65125e-09
1.4982e-09
-6.44988e-09
1.2425e-09
-8.27605e-09
7.09718e-10
-9.79516e-09
-1.06648e-08
-4.30931e-17
6.30291e-18
-1.08895e-16
-6.99482e-17
-5.19585e-17
2.67778e-16
1.2606e-16
6.45864e-17
9.11373e-17
1.428e-17
1.24338e-16
-1.84519e-17
1.82992e-16
-4.50761e-19
7.044e-16
-4.53068e-16
2.64802e-15
-1.46519e-15
8.07703e-15
-4.45598e-15
2.3383e-14
-1.41108e-14
6.47583e-14
-4.06999e-14
1.71772e-13
-1.14649e-13
4.38545e-13
-3.11527e-13
1.07857e-12
-8.1733e-13
2.54566e-12
-2.06994e-12
5.75157e-12
-5.04787e-12
1.23967e-11
-1.18261e-11
2.53837e-11
-2.65409e-11
4.91434e-11
-5.68821e-11
8.94487e-11
-1.16013e-10
1.52037e-10
-2.24294e-10
2.39361e-10
-4.09304e-10
3.45609e-10
-7.01774e-10
4.52029e-10
-1.12517e-09
5.27063e-10
-1.68001e-09
5.33198e-10
-2.32876e-09
4.42031e-10
-2.98712e-09
2.52418e-10
-3.53453e-09
-3.84781e-09
-1.74987e-16
-3.60449e-16
-1.05841e-16
-1.40176e-16
1.02378e-17
8.10425e-17
1.05063e-16
1.23957e-16
1.30784e-16
1.11051e-16
2.86605e-17
7.42528e-17
-1.02851e-16
-1.32033e-16
-8.25179e-18
-2.39913e-16
6.41889e-16
-3.59276e-16
2.65329e-15
-1.41708e-15
8.22269e-15
-4.8471e-15
2.27298e-14
-1.43871e-14
6.03252e-14
-4.08226e-14
1.54321e-13
-1.11075e-13
3.79479e-13
-2.91575e-13
8.95303e-13
-7.3803e-13
2.02202e-12
-1.79876e-12
4.35583e-12
-4.21213e-12
8.91435e-12
-9.44837e-12
1.72484e-11
-2.02386e-11
3.13751e-11
-4.12544e-11
5.32942e-11
-7.97119e-11
8.38491e-11
-1.45375e-10
1.20991e-10
-2.49103e-10
1.58154e-10
-3.99168e-10
1.8431e-10
-5.9571e-10
1.86367e-10
-8.25387e-10
1.54439e-10
-1.05835e-09
8.81654e-11
-1.25195e-09
-1.36271e-09
1.95062e-17
-1.7357e-16
9.68767e-17
4.67688e-17
1.27422e-16
-2.74624e-16
4.04843e-17
-1.24452e-16
7.24019e-17
3.0973e-17
-2.47288e-17
-1.03736e-16
-2.68744e-16
-1.72791e-16
-1.07963e-16
-1.87828e-16
9.43772e-17
7.00355e-17
7.32528e-16
-4.71138e-16
2.7384e-15
-1.66708e-15
7.71438e-15
-5.0019e-15
2.07127e-14
-1.41601e-14
5.3387e-14
-3.88496e-14
1.31356e-13
-1.02013e-13
3.0955e-13
-2.58469e-13
6.98828e-13
-6.2973e-13
1.50482e-12
-1.47414e-12
3.07758e-12
-3.30524e-12
5.95089e-12
-7.07539e-12
1.08179e-11
-1.44138e-11
1.83621e-11
-2.78323e-11
2.88689e-11
-5.0726e-11
4.1628e-11
-8.68638e-11
5.43797e-11
-1.39107e-10
6.33374e-11
-2.07488e-10
6.40114e-11
-2.8735e-10
5.30224e-11
-3.68308e-10
3.02599e-11
-4.35557e-10
-4.74015e-10
6.92317e-18
-1.83529e-16
6.47829e-17
-1.42564e-16
9.08811e-17
-3.70536e-16
1.19277e-16
-2.60032e-16
6.04955e-17
-1.96127e-16
-4.20068e-17
-1.00448e-16
-1.3947e-16
1.13913e-16
-1.32927e-16
1.53935e-16
-1.10847e-16
-6.09006e-17
2.1323e-16
-1.28771e-17
7.22191e-16
-3.98877e-16
2.45612e-15
-1.50002e-15
6.79602e-15
-4.58852e-15
1.79827e-14
-1.31063e-14
4.46787e-14
-3.5023e-14
1.05278e-13
-8.87489e-14
2.37651e-13
-2.16548e-13
5.11359e-13
-5.07171e-13
1.04489e-12
-1.1365e-12
2.0193e-12
-2.43162e-12
3.66814e-12
-4.9507e-12
6.22162e-12
-9.55272e-12
9.77432e-12
-1.73983e-11
1.40833e-11
-2.97724e-11
1.83851e-11
-4.76477e-11
2.14006e-11
-7.10288e-11
2.16165e-11
-9.83179e-11
1.78975e-11
-1.25965e-10
1.0211e-11
-1.48919e-10
-1.62041e-10
-1.62022e-16
-1.45924e-16
1.81047e-16
-4.67527e-16
1.45333e-16
-1.67628e-16
1.99366e-16
-1.68332e-16
1.4372e-16
-2.21089e-16
4.21015e-17
-5.12966e-17
-1.4674e-16
-2.39082e-17
-1.64415e-16
2.75975e-16
1.13683e-17
8.33122e-17
-2.09302e-17
3.56356e-17
-2.16436e-18
1.57538e-16
7.15079e-16
-4.34833e-16
2.09656e-15
-1.51509e-15
5.81803e-15
-4.38578e-15
1.49446e-14
-1.16923e-14
3.51593e-14
-2.99064e-14
7.94133e-14
-7.31556e-14
1.70931e-13
-1.71461e-13
3.4904e-13
-3.84264e-13
6.74282e-13
-8.2192e-13
1.22387e-12
-1.67218e-12
2.07415e-12
-3.22449e-12
3.2559e-12
-5.86859e-12
4.68743e-12
-1.00354e-11
6.11472e-12
-1.60493e-11
7.11315e-12
-2.39101e-11
7.18109e-12
-3.3079e-11
5.94274e-12
-4.23621e-11
3.38947e-12
-5.00652e-11
-5.44671e-11
-1.47141e-16
-6.75254e-17
-1.21936e-16
-4.61101e-16
1.45471e-16
-8.04638e-17
2.08349e-16
-1.07726e-16
1.78908e-16
-3.65624e-17
3.30746e-17
-2.44095e-16
1.30642e-17
-2.27945e-16
-5.12115e-17
1.82138e-16
-9.0908e-17
1.06448e-16
-1.68595e-16
6.56334e-18
-1.84892e-16
3.89064e-17
7.62633e-17
-8.2738e-17
4.94196e-16
-3.81647e-16
1.95007e-15
-1.38234e-15
4.8981e-15
-3.54967e-15
1.15059e-14
-9.69376e-15
2.60525e-14
-2.41617e-14
5.62803e-14
-5.70199e-14
1.14854e-13
-1.27918e-13
2.21542e-13
-2.73551e-13
4.01904e-13
-5.55683e-13
6.80584e-13
-1.07088e-12
1.06743e-12
-1.94785e-12
1.53561e-12
-3.3282e-12
2.00174e-12
-5.31886e-12
2.32695e-12
-7.91881e-12
2.34776e-12
-1.09492e-11
1.94188e-12
-1.40155e-11
1.10728e-12
-1.65586e-11
-1.8011e-11
-6.014e-17
1.25249e-16
-1.39787e-16
-5.59787e-17
1.71334e-16
-9.31636e-17
2.1899e-16
-1.96337e-16
9.26416e-17
-2.11599e-17
7.85478e-17
-1.57746e-16
1.44546e-16
-1.35348e-16
-7.98558e-18
2.93029e-17
-1.1591e-16
-3.79654e-17
-1.29517e-16
-1.10546e-16
-1.62671e-16
7.00404e-19
-1.76457e-17
-4.19217e-17
1.20768e-16
-5.43036e-17
4.37955e-16
-2.11294e-16
1.43667e-15
-1.03442e-15
3.67714e-15
-2.96207e-15
8.38856e-15
-7.7609e-15
1.81723e-14
-1.86444e-14
3.71076e-14
-4.19946e-14
7.1713e-14
-8.95103e-14
1.30159e-13
-1.81814e-13
2.19973e-13
-3.50021e-13
3.44561e-13
-6.36366e-13
4.95204e-13
-1.08637e-12
6.45076e-13
-1.7349e-12
7.49505e-13
-2.58151e-12
7.55759e-13
-3.56712e-12
6.24883e-13
-4.56404e-12
3.56304e-13
-5.39023e-12
-5.86209e-12
-3.05564e-17
-2.27168e-16
-1.46937e-16
-2.80871e-17
-2.60982e-17
-6.22284e-17
2.42942e-16
-1.43819e-16
1.46816e-16
-1.67156e-16
1.79117e-16
-2.39199e-16
1.51471e-16
-1.98038e-16
-1.57193e-16
-1.81735e-16
-1.18861e-16
-1.80962e-16
-1.32906e-16
-1.45412e-16
-1.74871e-16
-4.83523e-17
-9.92398e-18
-5.09451e-17
7.6104e-18
-9.21743e-17
3.93602e-17
1.90862e-16
4.20014e-16
-5.909e-17
1.02072e-15
-8.43092e-16
2.55408e-15
-2.36362e-15
5.60665e-15
-5.73248e-15
1.17869e-14
-1.33535e-14
2.28055e-14
-2.86082e-14
4.14477e-14
-5.84879e-14
7.01649e-14
-1.12675e-13
1.09503e-13
-2.04709e-13
1.5741e-13
-3.4927e-13
2.04741e-13
-5.56949e-13
2.37852e-13
-8.28323e-13
2.39724e-13
-1.14422e-12
1.98127e-13
-1.46352e-12
1.1296e-13
-1.72775e-12
-1.87878e-12
-9.44203e-19
-6.45676e-17
-5.09397e-17
-9.9648e-17
1.11206e-16
-1.1225e-16
1.22819e-16
5.78728e-18
5.29503e-17
-1.77721e-16
7.72185e-17
-1.74895e-16
1.80181e-16
-1.25238e-16
-3.22533e-17
-2.00787e-16
-6.13936e-17
-3.59673e-17
5.89314e-17
-1.47552e-16
-9.87452e-17
2.12762e-17
-1.0468e-16
-8.72124e-17
-2.37251e-17
-6.47077e-17
1.11457e-17
1.28307e-16
1.29457e-16
1.81408e-17
2.48081e-16
-1.364e-16
7.78431e-16
-6.27971e-16
1.776e-15
-1.58263e-15
3.45446e-15
-4.07056e-15
7.1048e-15
-8.9878e-15
1.29749e-14
-1.83964e-14
2.20506e-14
-3.5645e-14
3.42565e-14
-6.47659e-14
4.92955e-14
-1.10539e-13
6.41377e-14
-1.76255e-13
7.45045e-14
-2.61778e-13
7.48815e-14
-3.61546e-13
6.17998e-14
-4.62105e-13
3.52523e-14
-5.45524e-13
-5.93098e-13
6.12335e-17
-1.64706e-17
-4.70632e-17
-1.00503e-16
1.0755e-16
-8.76285e-17
1.43069e-16
1.1959e-17
2.85701e-16
-1.74848e-16
3.18263e-16
-1.5337e-16
-1.02753e-16
1.32587e-16
-1.18458e-16
-2.96248e-18
-2.34524e-16
-1.38705e-17
-1.32641e-16
-1.31972e-16
-7.75348e-17
-2.17379e-17
-9.60963e-18
1.26762e-16
-9.01542e-17
-4.62971e-17
-1.21573e-16
2.283e-17
1.14147e-17
1.30868e-17
1.84853e-16
-3.00008e-17
1.65609e-16
-2.42089e-16
5.44847e-16
-4.46538e-16
1.06791e-15
-1.23297e-15
2.14052e-15
-2.70606e-15
3.95503e-15
-5.60484e-15
6.83775e-15
-1.11237e-14
1.05125e-14
-1.97862e-14
1.50519e-14
-3.40557e-14
1.9922e-14
-5.50249e-14
2.29026e-14
-8.13877e-14
2.31221e-14
-1.12533e-13
1.91446e-14
-1.43717e-13
1.10179e-14
-1.69636e-13
-1.84388e-13
-5.10208e-17
-5.14227e-17
-8.75309e-17
-1.56919e-16
1.60381e-16
-1.52473e-17
1.68036e-16
-5.7082e-17
1.66167e-16
-4.50914e-17
2.84314e-17
-1.53116e-16
-3.00672e-17
-3.15379e-17
-4.14629e-17
-3.2865e-16
5.7135e-17
-2.16148e-16
-1.47447e-16
-7.8823e-17
-9.36692e-17
3.22226e-17
-5.52149e-17
1.8256e-16
7.97644e-17
2.95348e-17
-1.14669e-16
1.05663e-16
-1.40264e-18
1.61083e-17
8.1292e-17
5.1701e-17
-4.48108e-17
6.62386e-17
4.39286e-17
-1.91327e-16
2.44727e-16
-3.83066e-16
6.49214e-16
-6.42167e-16
1.26702e-15
-1.51157e-15
1.98963e-15
-3.31624e-15
3.25339e-15
-5.88356e-15
4.59137e-15
-1.02075e-14
5.87956e-15
-1.67487e-14
7.04552e-15
-2.49187e-14
7.13431e-15
-3.44374e-14
5.70703e-15
-4.40107e-14
3.34603e-15
-5.18752e-14
-5.62777e-14
-1.44555e-16
-1.27993e-17
-7.11884e-17
-1.17504e-16
1.09354e-16
-7.92057e-17
1.05371e-16
-1.64634e-16
1.07566e-16
-1.35611e-16
2.40457e-17
-2.30628e-16
6.17263e-17
-3.67336e-16
9.41482e-17
-4.59042e-16
-1.01527e-16
-1.54408e-16
-1.22343e-16
1.08036e-16
-1.2554e-16
-4.38373e-17
-5.57861e-18
-3.57796e-17
-7.00594e-18
4.7007e-17
-3.36825e-17
2.43044e-16
5.33742e-17
9.9811e-18
5.4702e-17
1.19385e-16
2.75948e-17
-1.5226e-17
-1.16028e-16
-9.22459e-17
-1.544e-17
-2.15683e-16
7.35508e-17
-2.4024e-16
3.78358e-16
-3.13339e-16
4.78173e-16
-8.26117e-16
1.03072e-15
-1.87159e-15
1.54613e-15
-3.04173e-15
1.82339e-15
-4.78232e-15
1.97444e-15
-7.35687e-15
2.06888e-15
-1.01397e-14
1.78681e-15
-1.30709e-14
1.04612e-15
-1.54364e-14
-1.69379e-14
-1.38317e-17
-3.20387e-16
-9.6724e-18
2.73742e-17
-2.7845e-17
-1.86198e-16
-1.14641e-17
-1.95248e-16
-8.01183e-17
-2.22044e-16
2.09767e-16
5.18309e-17
7.30391e-17
-1.40577e-16
-1.41242e-17
-2.73283e-16
-4.05667e-17
-1.40195e-17
2.06276e-16
-8.29162e-18
1.33815e-16
-2.70938e-16
-1.21474e-16
-1.60741e-16
-1.26857e-16
2.8954e-17
-2.36577e-18
2.68979e-17
5.77496e-17
1.99173e-17
-1.61396e-16
1.05407e-17
-2.33878e-16
-2.82036e-16
-1.79783e-17
5.54913e-17
1.52311e-17
-6.76937e-17
8.7198e-18
-1.09349e-16
1.73585e-16
1.49032e-17
3.01447e-16
-3.68249e-16
3.64702e-16
-5.26143e-16
3.92825e-16
-1.02318e-15
5.26405e-16
-1.48091e-15
6.69211e-16
-2.03361e-15
5.21037e-16
-2.72283e-15
5.43959e-16
-3.69434e-15
2.1717e-16
-4.50036e-15
-4.95832e-15
6.04142e-17
-2.02847e-16
-1.36874e-17
-5.57097e-18
-9.69362e-17
-1.94609e-16
-8.22332e-17
-9.20307e-17
-4.45711e-17
-9.84858e-17
4.7638e-17
-5.97129e-17
1.20766e-16
-7.07835e-17
1.42656e-16
-1.43241e-16
2.59548e-17
-1.69961e-18
1.13731e-17
3.2053e-17
-1.7405e-17
-1.44638e-16
-4.30256e-17
-2.50856e-17
5.11947e-17
7.50446e-17
-1.14274e-16
-1.33708e-16
1.17642e-16
-7.34174e-17
-8.61197e-17
-2.75075e-17
-1.45956e-16
-2.95276e-16
-1.898e-16
-7.53248e-17
2.0251e-16
9.02499e-17
1.60596e-16
3.75643e-17
-9.02612e-17
-3.07276e-17
1.31171e-16
-2.18219e-16
1.64982e-17
-2.36904e-16
7.32147e-17
-4.83025e-16
1.76639e-16
-6.17159e-16
1.88096e-16
-4.31374e-16
1.24595e-16
-8.33779e-16
2.10441e-16
-1.02896e-15
1.91003e-16
-1.50932e-15
-1.43892e-15
-4.59376e-17
-1.81511e-16
1.19003e-17
2.79723e-17
-1.86399e-17
-1.9468e-17
5.79682e-17
-6.0794e-17
1.35611e-16
-4.01188e-17
1.35835e-17
-1.91532e-16
3.47615e-17
-1.87949e-16
7.15553e-17
-1.54922e-17
-2.03177e-17
1.5619e-18
7.98254e-17
4.19286e-17
-4.58797e-17
-8.52099e-17
-6.79025e-17
-9.95251e-17
1.41856e-16
-5.12978e-17
-8.61254e-17
1.61904e-16
-5.589e-17
-6.87338e-17
-8.52563e-18
-1.91148e-16
-4.81034e-17
6.35883e-18
-1.75386e-16
1.63032e-16
-8.73663e-17
6.96271e-17
8.64977e-18
9.17419e-17
-4.83266e-17
-4.45096e-17
1.39121e-17
-1.91504e-16
2.07143e-17
-3.78107e-16
-6.75879e-18
-2.38131e-16
7.7139e-17
-2.70087e-16
1.90338e-16
-1.43308e-16
1.33651e-16
-1.67585e-16
-6.08805e-17
-2.93462e-16
1.7154e-17
-4.49849e-16
-3.28144e-16
-9.94285e-17
4.28134e-17
6.06377e-17
3.40055e-17
1.06416e-16
3.40064e-17
4.62754e-17
-8.47543e-17
-1.20645e-17
-7.85909e-17
1.17671e-16
-2.37196e-16
3.19328e-17
-1.93266e-16
1.45275e-18
2.00223e-16
1.24153e-16
-4.9913e-17
1.01658e-16
-6.31351e-17
2.80471e-17
-1.20769e-16
-1.21782e-16
-4.05247e-17
-4.07538e-17
-4.16838e-18
-1.39653e-17
-1.66576e-16
8.14045e-18
3.73358e-17
-1.06979e-16
-2.42093e-16
-1.22137e-16
-1.68759e-17
-4.59625e-17
-3.97321e-17
1.01191e-16
-1.91684e-16
-1.22037e-16
-4.93293e-17
-1.82737e-16
-9.80745e-17
-1.21099e-16
-1.15857e-16
7.11638e-17
-2.05083e-16
4.7852e-17
-1.1621e-16
1.2734e-16
2.60758e-17
2.63471e-16
-1.00149e-16
-4.55698e-17
-3.39759e-17
2.54543e-17
-1.75186e-16
5.05608e-17
-7.04529e-17
-1.31798e-16
-1.53121e-16
1.03876e-16
-7.97804e-17
-6.49368e-17
5.14955e-17
6.627e-17
5.36986e-17
-8.85238e-18
4.98007e-18
-1.57121e-18
1.97524e-17
-1.25287e-16
1.13398e-16
-1.24121e-16
9.40636e-17
1.20571e-16
1.04203e-16
-1.14165e-16
1.79529e-17
-6.97243e-17
-5.22669e-17
-1.58296e-16
-8.14501e-17
8.74699e-17
-1.27915e-17
3.85969e-17
6.90033e-17
-1.27742e-16
-4.31656e-17
5.21778e-17
-2.85511e-16
-6.42707e-17
-1.22706e-16
1.09139e-16
-1.33087e-16
-5.68152e-17
3.59074e-17
-5.63601e-17
-1.81055e-17
1.00291e-16
-1.20548e-16
-1.17421e-16
2.92831e-18
8.24977e-17
-9.7358e-17
-2.34217e-16
5.93034e-17
-1.4151e-16
2.66754e-16
-2.05969e-17
1.27613e-16
-2.75628e-16
-5.8802e-17
2.0203e-17
-6.22295e-18
-8.22847e-17
5.48619e-17
1.46611e-16
1.39991e-18
8.36288e-17
-3.61909e-17
3.2971e-17
1.40956e-16
-3.94936e-18
1.36482e-16
9.59929e-17
1.50156e-16
4.72831e-17
2.31556e-17
8.51853e-17
1.63988e-16
1.24391e-16
-3.04059e-18
3.44686e-17
-4.90714e-17
-4.23496e-17
-1.0909e-16
-3.21775e-17
-2.02071e-16
7.12656e-17
-7.46982e-17
-2.52102e-17
-1.23102e-16
1.85455e-17
-6.52674e-17
-1.6385e-16
5.94592e-17
-1.08098e-16
-1.11794e-16
-8.93484e-18
-4.9478e-17
-5.65747e-17
6.74571e-17
-1.53553e-16
4.41304e-17
-2.4235e-17
-8.81901e-17
-4.07927e-17
2.07807e-16
-6.73012e-17
-2.21191e-17
-9.91104e-17
-3.57661e-17
3.60714e-18
-5.35664e-17
1.80023e-16
2.17958e-17
1.05016e-16
-5.02767e-17
7.14729e-17
6.01562e-17
-1.0948e-17
-5.50192e-18
-1.41289e-17
3.23081e-17
9.30719e-18
1.61334e-16
1.73413e-16
-1.33733e-16
7.01478e-17
-1.3121e-16
1.06922e-16
-1.08414e-17
4.58369e-18
6.70509e-17
1.47911e-16
-1.92341e-17
3.58498e-17
8.77947e-17
2.28161e-16
2.12158e-17
-2.28353e-17
9.58598e-18
-9.24016e-17
5.36811e-17
-2.86833e-18
2.62176e-18
5.5502e-18
8.71857e-17
-2.54577e-16
-6.41109e-17
-2.57376e-16
-8.59732e-17
-1.42092e-16
-1.52486e-17
-1.43198e-16
-2.33653e-17
-1.81324e-16
8.87372e-18
-8.18501e-17
-1.93121e-16
-1.24637e-17
-1.87734e-16
-5.18549e-17
4.55479e-17
-6.7059e-18
-4.4381e-17
-5.69142e-18
-1.33513e-16
-6.25645e-17
-2.14925e-17
-1.34679e-16
4.10614e-17
-9.99967e-18
1.45101e-16
2.45175e-17
1.83238e-16
-3.43699e-17
2.43484e-16
1.02842e-16
1.78551e-16
-2.77332e-16
3.236e-17
-1.91543e-16
7.41786e-17
1.47362e-17
-1.58913e-17
-2.19428e-17
2.13324e-16
-3.80919e-17
2.59042e-17
-2.11017e-17
1.27961e-16
-2.81351e-17
2.67558e-17
-4.48533e-17
7.47231e-19
6.47126e-17
1.05137e-16
1.04952e-16
9.17866e-17
2.2206e-17
-5.01563e-17
5.46169e-17
-1.13804e-16
-1.9626e-17
-1.77329e-16
1.08113e-17
-1.9404e-16
-4.91172e-18
-2.1466e-16
-5.50861e-17
-1.5195e-16
-9.06832e-17
-1.36457e-16
-6.81481e-17
-5.37919e-17
-7.78319e-17
5.1914e-17
5.31601e-17
3.43908e-17
-1.35458e-16
4.81307e-17
-1.81594e-16
7.26604e-17
-1.31273e-16
-4.38579e-16
-5.5765e-18
-1.63333e-16
8.55337e-17
7.43085e-17
3.78784e-17
1.29826e-16
2.81157e-17
1.42998e-16
1.3057e-16
-3.24167e-17
1.53422e-16
-6.10913e-17
1.56376e-16
-3.51851e-16
1.06132e-16
-2.52659e-16
6.08174e-17
-2.69222e-16
-2.00054e-16
2.88402e-17
8.19597e-17
1.36064e-17
-7.38925e-17
-1.20556e-16
4.24922e-16
-4.39842e-17
1.16212e-16
8.37016e-17
3.12495e-18
-5.30109e-17
1.37734e-16
-4.80505e-17
3.33664e-17
-7.01325e-17
-2.00157e-16
-8.22753e-17
-7.41472e-17
5.37452e-17
-2.09517e-16
1.65123e-16
3.21608e-17
3.81407e-17
-1.00017e-16
9.14298e-17
-8.09506e-17
-5.44661e-17
-1.05569e-16
-6.63045e-17
-6.49687e-17
-7.42182e-17
-7.90816e-17
-3.57355e-17
-1.01019e-16
-6.5187e-17
1.22819e-16
-7.59298e-17
-2.74663e-17
-1.02214e-16
-3.68535e-16
-5.18089e-18
6.41569e-17
-1.01521e-16
1.93533e-16
-1.19192e-17
2.1626e-16
4.89761e-17
3.0945e-16
9.91032e-17
5.46539e-17
2.11615e-16
-7.73674e-17
1.88985e-17
-8.21476e-17
-9.38001e-17
-2.40953e-16
-2.11123e-18
-4.44804e-16
-2.46701e-16
-1.60617e-16
1.35949e-16
-7.97418e-17
-9.59315e-18
1.14055e-16
2.63873e-16
3.90798e-17
9.14716e-17
1.13468e-16
7.11808e-17
1.53618e-17
5.65163e-17
4.2833e-18
-1.13752e-16
8.68663e-17
-3.7008e-16
-6.87945e-17
-2.15648e-16
-1.19141e-16
-1.51526e-17
9.34507e-17
-1.03669e-16
6.62636e-17
-6.55374e-17
-1.4182e-17
-2.00707e-16
-1.27633e-17
-1.82247e-16
-9.21971e-18
-7.75156e-17
-6.68939e-18
-9.66332e-17
-8.25068e-17
-3.47111e-16
-2.09193e-16
-1.38274e-16
-9.48653e-17
-2.48282e-17
-8.98743e-17
-1.34988e-16
1.64835e-18
4.24244e-17
9.12558e-17
-1.90116e-17
-3.81224e-17
1.98176e-17
-5.25895e-18
-8.06216e-17
6.82781e-17
8.08792e-17
4.1637e-17
-2.75314e-16
-2.43045e-17
-5.27811e-17
9.98439e-17
-5.87341e-17
1.57494e-17
-4.37049e-16
-1.9037e-16
-1.10367e-16
-6.78411e-17
-1.12513e-16
-9.98297e-17
-2.21424e-17
-1.49965e-16
-3.84268e-17
3.65261e-17
-8.2831e-17
4.26136e-17
-9.5951e-17
-1.58166e-19
3.28286e-18
1.43628e-16
8.04211e-17
1.64937e-16
-2.5611e-17
8.67101e-18
1.03217e-17
6.6423e-17
-6.56855e-17
7.76961e-17
1.21379e-16
1.00609e-16
1.29632e-16
1.63795e-16
-6.54106e-17
-1.1991e-16
-1.70387e-16
1.33429e-16
-2.41912e-17
8.70307e-17
6.78006e-17
-1.04609e-16
-3.64997e-17
-2.48583e-16
-4.15354e-17
-1.3125e-16
-3.02879e-17
-4.47011e-17
4.0981e-17
1.84813e-16
2.90015e-17
4.23392e-17
4.04013e-17
-1.11591e-16
6.1164e-17
-6.40757e-17
-5.79045e-17
-1.35628e-16
-5.017e-17
-2.49794e-16
-8.21602e-17
-2.05167e-16
-6.34305e-17
-1.25908e-16
7.14433e-17
-3.70865e-16
-2.12364e-16
2.44952e-16
-1.05436e-16
1.59317e-16
-1.06563e-16
-2.49906e-16
-2.37641e-17
-9.06837e-17
7.78565e-17
-4.30348e-17
1.43373e-16
-2.86221e-17
-5.59679e-18
4.19685e-17
1.60377e-16
7.01156e-18
6.45472e-17
2.13494e-17
-3.86194e-17
-1.48503e-17
5.11713e-17
-1.06108e-16
5.01257e-17
7.93664e-17
1.63977e-16
-1.55407e-16
2.30726e-16
-1.03854e-16
-2.59824e-16
-4.39018e-18
9.63155e-17
-2.74841e-18
2.03211e-16
-6.84962e-17
1.07841e-16
-4.3136e-18
-1.807e-17
-5.88021e-17
6.41433e-17
7.60069e-17
1.266e-16
1.6332e-17
1.16682e-16
-8.4449e-17
3.09162e-16
-5.8872e-17
1.84851e-16
-3.24534e-17
-6.07365e-17
-5.38696e-17
-1.75518e-16
-5.76351e-17
2.37664e-17
-1.52694e-16
-4.69937e-17
4.47398e-17
4.25608e-18
2.14919e-16
-6.46943e-17
-1.75158e-16
-6.5371e-17
5.09823e-17
-8.39123e-18
-6.53158e-17
1.58237e-16
1.36359e-16
-1.12775e-16
-2.31438e-17
-6.8508e-17
6.17481e-17
-6.02571e-17
-7.5535e-17
-4.95533e-18
-1.68862e-16
2.12959e-18
-5.03496e-17
7.55696e-17
2.01497e-17
1.12356e-16
-8.03438e-17
3.86355e-17
-2.00314e-16
-6.16873e-17
1.53448e-16
-7.52864e-17
-8.03477e-17
-5.76061e-17
-1.88088e-16
-6.2186e-17
3.30213e-18
-3.03105e-17
-1.48705e-17
-3.19997e-17
1.26917e-16
-2.88266e-17
1.68042e-16
1.17236e-16
2.85418e-17
5.68345e-17
8.03472e-17
-7.32754e-17
-6.00343e-17
1.22802e-16
1.56517e-17
-2.22227e-16
3.03683e-16
-1.40182e-16
-5.45994e-17
-8.09903e-17
-1.83055e-16
-1.18345e-16
-9.25197e-17
-1.10005e-16
-1.78377e-16
-2.48575e-17
-5.18673e-17
9.28982e-17
-2.15971e-16
2.32051e-17
-1.86211e-17
-4.55326e-17
-2.09108e-17
8.29853e-17
-2.29403e-17
2.15585e-17
-1.9523e-17
-9.50773e-17
-1.25216e-16
6.79484e-17
-4.96002e-17
1.23293e-16
-3.62375e-17
3.27232e-17
-1.08006e-16
4.09415e-17
-1.19824e-17
-2.31415e-17
2.03287e-16
-8.06608e-17
1.79798e-16
-4.07578e-17
2.31286e-17
-5.73275e-17
1.97419e-16
-1.22276e-16
-1.11095e-16
1.36976e-16
-1.29382e-16
-7.75958e-18
-1.7193e-16
9.94115e-17
-9.48749e-17
1.06637e-16
-3.24977e-18
1.56627e-16
1.92059e-17
1.35295e-16
3.68306e-17
5.64919e-17
-8.79984e-17
-7.63368e-17
-3.13701e-18
-3.60199e-17
-8.16475e-17
5.87258e-17
-1.26652e-16
3.13472e-18
-1.13891e-16
-1.30162e-16
-7.07025e-17
-1.73431e-18
-4.6513e-17
-1.2868e-16
-3.93305e-17
3.39373e-17
9.71531e-17
-4.04247e-17
1.12608e-16
-1.08703e-16
1.34923e-16
-2.13242e-17
9.21675e-17
-7.38235e-17
1.6886e-16
7.08884e-17
-3.24706e-16
-4.072e-17
2.20785e-17
-5.83689e-17
8.46074e-17
5.59049e-18
-9.09263e-18
-4.91666e-17
-1.06445e-16
1.54713e-17
-1.79179e-16
5.07074e-17
-1.80491e-17
-2.81348e-17
-5.97552e-18
-1.7747e-17
-1.95778e-16
1.15361e-16
-1.66676e-16
7.13482e-17
3.0162e-16
-5.89713e-17
-2.26397e-16
-6.97226e-17
-7.63832e-17
-1.84883e-17
-6.20437e-17
-2.71239e-18
3.39058e-18
-1.02005e-16
6.97824e-17
4.66709e-17
2.30882e-16
5.62755e-17
-1.14583e-16
-8.04488e-17
-1.89102e-17
-2.44233e-16
-1.41606e-16
-1.14452e-16
1.305e-17
-8.82064e-17
-7.28634e-17
-1.01457e-16
1.01432e-16
-3.75754e-17
8.55963e-17
6.69006e-17
3.54554e-17
9.27241e-17
5.48497e-17
1.05502e-16
-8.75438e-17
9.64392e-17
-2.1688e-16
1.07654e-16
-1.24411e-16
-5.92774e-17
1.02275e-16
-1.14958e-16
-3.23114e-17
-1.51104e-16
-1.06024e-16
-5.12679e-18
-3.89227e-17
1.03017e-16
-3.43986e-17
1.53181e-17
6.06173e-17
-1.7361e-16
8.54759e-17
-9.62817e-17
3.38272e-18
-1.13793e-16
6.40084e-17
-1.25805e-16
5.0243e-18
-1.5009e-16
5.65378e-17
-1.26023e-16
-3.1604e-17
-1.33065e-16
-3.82451e-17
-3.66957e-17
2.3291e-18
-2.4247e-16
-1.6028e-17
-7.75595e-17
-5.09764e-17
-2.36995e-17
-6.48636e-17
3.24456e-16
2.34953e-17
-1.23739e-17
-3.78749e-17
1.37728e-16
-1.60463e-16
1.13718e-16
-1.6462e-16
6.28663e-17
-5.12534e-17
1.49944e-16
5.41352e-17
9.90203e-17
-1.69199e-17
1.91823e-17
-7.45774e-17
-8.17034e-17
-1.37865e-17
6.85429e-17
1.77455e-16
-1.36723e-16
-1.40204e-16
-1.19624e-16
-4.63628e-18
-8.47884e-17
-3.00214e-17
7.70318e-17
7.36528e-17
2.84234e-17
-1.97357e-16
5.48116e-17
1.17213e-16
-2.53986e-16
3.96643e-17
-1.90275e-16
-1.33564e-16
2.91748e-17
-2.99352e-17
8.39821e-17
-5.00595e-17
5.6777e-17
-1.92684e-16
1.52542e-17
-3.41389e-17
-1.12569e-17
1.2243e-16
-8.07446e-17
-1.53538e-16
1.94434e-17
-1.85632e-16
-5.75407e-17
-2.01318e-16
-1.43031e-16
-6.6602e-17
5.61645e-18
-7.28897e-18
1.38941e-16
1.47654e-16
9.12281e-17
1.82751e-16
9.20354e-17
1.25535e-16
-3.07277e-17
1.58276e-16
-1.47599e-16
6.48306e-17
-1.25036e-16
1.45419e-16
-1.47886e-16
2.68774e-16
-7.50282e-17
1.5239e-16
2.80666e-17
-2.85989e-17
5.77664e-17
8.03343e-17
9.55737e-17
5.53314e-17
9.1494e-17
-9.29858e-17
7.666e-18
-1.47818e-16
-7.24028e-17
5.85388e-18
1.55147e-16
1.68373e-16
6.7607e-17
5.76556e-17
-3.73057e-17
-1.25661e-17
1.48546e-17
-2.00117e-16
-1.8241e-17
-1.01257e-16
-1.08458e-16
-2.01918e-17
-1.75589e-17
7.04325e-17
-2.64436e-17
1.19408e-16
-1.03764e-16
-3.87648e-17
-2.18182e-17
2.93526e-17
3.73878e-17
3.26145e-17
-9.25576e-17
5.99972e-17
2.82964e-17
3.06183e-17
-1.46618e-16
-7.54714e-17
-5.19163e-17
2.25508e-17
1.65462e-17
1.02881e-17
5.31297e-17
-6.59998e-17
-1.42876e-17
7.37817e-17
4.20484e-17
-2.67243e-17
4.47441e-17
-1.58572e-16
7.02781e-17
-1.24157e-16
1.59173e-16
-8.78181e-17
3.02068e-16
-2.06193e-16
1.1385e-16
-6.02681e-17
1.49712e-16
1.19607e-16
8.31551e-17
7.43012e-17
6.17912e-17
-7.8046e-17
7.49689e-17
3.16934e-17
-1.05741e-16
6.06813e-17
-1.64931e-16
-1.12548e-16
-3.33046e-17
3.54566e-17
1.13554e-16
1.55545e-16
4.66212e-17
6.95742e-17
-3.90417e-16
5.95473e-17
-2.32776e-16
1.06807e-16
-3.19386e-17
1.27158e-16
-2.51162e-17
2.09254e-16
2.28452e-16
1.79731e-16
2.74273e-16
2.69605e-16
3.55152e-17
1.77682e-16
1.26146e-16
-1.08652e-16
1.5208e-16
3.36695e-17
4.65541e-18
4.4793e-18
-9.32388e-17
-3.00582e-17
-8.38788e-17
-1.02217e-16
5.77087e-17
-6.49827e-18
3.20674e-18
-4.88403e-17
7.01894e-17
9.91595e-17
-7.65922e-17
-6.00021e-19
-9.35784e-17
8.90749e-17
-1.5087e-16
1.4352e-16
-1.37094e-16
5.68527e-17
-1.6306e-16
1.52743e-16
-9.83352e-17
-1.4262e-17
2.04085e-17
1.30357e-17
1.56293e-16
2.8865e-16
-3.48104e-17
-2.27687e-17
4.07429e-18
-8.8391e-17
1.97559e-16
-1.70529e-16
-6.50419e-17
1.39626e-16
6.926e-17
7.75341e-17
8.46863e-18
-1.88238e-16
-2.76153e-18
-1.6434e-16
1.42247e-16
2.96244e-17
4.2963e-16
7.41567e-17
2.24545e-16
5.35825e-17
3.78515e-16
-9.0746e-19
2.98973e-16
-1.24567e-17
1.06799e-17
3.60629e-17
2.03256e-16
1.21331e-16
1.47825e-16
-5.14693e-17
1.15618e-16
-9.53154e-17
6.97061e-17
4.37941e-17
2.00453e-16
3.67019e-17
2.19156e-16
3.60569e-17
1.02012e-16
8.5227e-18
-1.66583e-16
1.12915e-16
6.31416e-17
6.90208e-18
-7.5385e-17
-7.88532e-17
-8.02218e-17
-1.31378e-16
3.73775e-17
-2.35596e-16
-7.3088e-17
-2.34513e-16
2.35887e-16
-5.42605e-17
1.1608e-16
-3.48856e-17
4.98258e-17
-6.37582e-17
2.73063e-16
1.27057e-16
2.50393e-17
8.47031e-17
-1.71489e-16
3.31342e-16
-3.30892e-17
-1.16681e-16
5.10633e-17
1.02701e-16
-9.39391e-17
6.782e-17
2.88323e-17
4.32437e-18
6.95918e-17
1.7523e-16
6.87625e-18
4.2999e-16
9.30541e-17
3.16732e-16
-6.38597e-17
1.20659e-16
-3.81993e-17
2.21833e-16
3.27501e-17
4.03719e-17
-2.56366e-17
5.32906e-17
3.13771e-17
9.39771e-17
-3.6222e-17
-5.33838e-17
1.84864e-16
-5.06179e-18
2.4916e-17
2.43201e-16
-5.8125e-17
1.91391e-16
-7.58204e-17
1.72889e-16
-9.44718e-18
9.84349e-17
9.0496e-17
5.37609e-17
-5.1523e-17
1.61997e-16
-1.79509e-16
8.24996e-17
-1.00182e-16
9.56461e-17
-1.01609e-16
1.46098e-16
-1.58346e-16
1.01727e-16
-7.01401e-17
3.2474e-16
4.27666e-17
1.97609e-17
9.3267e-17
1.83869e-16
1.94277e-16
-2.96605e-17
-3.02112e-17
-3.85363e-17
3.69408e-17
-1.40222e-16
-8.63684e-17
3.47883e-17
1.94801e-16
1.40315e-16
-1.55516e-16
2.98644e-17
-3.5084e-18
-1.69538e-16
7.253e-17
-1.10491e-16
4.15206e-18
8.6843e-18
1.58344e-16
-1.05328e-17
3.56156e-17
-6.8596e-17
2.52371e-16
-4.30699e-17
8.61746e-17
1.88706e-18
-1.04889e-16
-2.61646e-17
2.06087e-17
-1.51805e-17
3.69244e-17
9.32489e-17
-1.53235e-17
3.25013e-18
1.23311e-16
2.2802e-17
4.70759e-17
5.15253e-17
7.93013e-17
-1.01726e-16
3.11523e-16
1.01752e-16
1.17421e-16
5.50252e-17
8.31703e-17
5.5162e-17
2.12761e-16
-1.02378e-16
1.09018e-16
-1.18964e-16
3.44348e-17
-2.39967e-17
1.55507e-16
-1.2388e-16
2.80335e-16
2.78804e-17
1.00794e-16
7.81627e-17
-2.562e-17
4.45459e-17
2.31277e-17
2.23877e-16
6.42454e-17
-2.48136e-17
5.35707e-17
1.29474e-16
-1.44888e-16
-4.55512e-18
-6.15423e-18
7.52824e-17
3.97368e-17
4.38198e-17
-9.63334e-18
3.337e-17
2.87844e-17
-1.49507e-16
9.63583e-17
-2.82182e-17
-1.41412e-18
-1.46469e-16
-1.15058e-16
2.30727e-16
1.41714e-17
4.94463e-17
1.01666e-17
-2.146e-17
9.10216e-17
3.92738e-17
9.5063e-18
1.84578e-16
7.59658e-17
1.75143e-16
-1.92136e-17
6.05163e-17
-8.8643e-17
3.54836e-18
3.29479e-17
7.17905e-17
2.24289e-17
1.99421e-16
-4.16767e-18
-6.32942e-17
-4.1471e-17
-2.33296e-17
-2.12843e-17
8.03671e-17
-1.52351e-16
6.95055e-17
-9.45747e-17
5.92878e-18
-1.43666e-16
2.91154e-17
-1.41845e-16
2.05546e-16
9.48663e-17
7.41261e-17
-5.2017e-17
1.74233e-17
-2.14095e-17
4.38325e-17
2.76035e-16
-1.59737e-16
1.89136e-16
-6.89492e-18
8.78406e-17
1.23296e-17
3.63704e-18
-3.79424e-18
1.4623e-17
4.15597e-17
1.52694e-16
-8.6147e-17
-2.74741e-17
-1.75854e-16
5.33838e-17
-5.52598e-17
-6.07248e-17
1.32827e-16
-8.95982e-17
3.44184e-17
2.14009e-16
-3.97217e-17
1.47659e-17
-1.11511e-17
1.1448e-16
4.43571e-17
1.239e-16
1.31603e-16
2.02491e-16
5.76717e-17
1.49054e-16
-3.85358e-17
-2.32928e-17
4.13727e-17
3.07771e-17
1.85929e-17
1.03752e-16
-1.48728e-17
9.57686e-17
2.72163e-17
1.16249e-16
-1.0049e-16
6.85625e-17
-1.90632e-16
3.48861e-17
-1.17711e-16
1.12294e-16
-1.5738e-17
2.07756e-16
-6.53015e-17
1.53219e-16
-6.6321e-17
8.76759e-17
2.20554e-18
4.6114e-17
2.3243e-17
1.44884e-16
1.07868e-16
-5.39141e-17
-1.83587e-17
1.29796e-17
1.35956e-17
3.75991e-17
-6.10698e-17
7.3498e-18
-1.05565e-17
-1.02488e-18
-1.09841e-16
-2.47249e-17
2.30877e-17
-1.08121e-17
2.32589e-17
-2.41329e-17
1.9571e-16
-1.29935e-17
1.13991e-16
-4.58694e-17
7.99749e-17
-2.97632e-17
1.02171e-16
1.11415e-16
-2.10666e-17
-3.71945e-17
1.46689e-16
3.07486e-17
1.45364e-16
-2.15453e-18
5.80401e-17
9.35355e-17
6.75559e-17
6.73518e-17
-1.01184e-16
2.43379e-18
-2.05256e-17
-6.47947e-17
1.20905e-17
-1.19975e-17
-7.69915e-17
3.75672e-17
6.83182e-17
6.71688e-17
1.06466e-16
-1.02319e-16
-1.31326e-16
-7.37133e-17
-2.91911e-17
-1.32019e-16
3.66758e-16
-1.83777e-16
5.59594e-17
-5.8621e-17
4.44676e-17
-1.6324e-16
2.39583e-16
-7.9691e-17
3.20704e-16
3.56423e-16
-1.53893e-16
-2.34511e-16
-7.09236e-17
-1.75935e-16
-3.7735e-17
2.61564e-17
6.86755e-20
1.07354e-16
5.29545e-17
2.05022e-16
3.46585e-17
1.26251e-16
-3.81367e-17
9.37037e-17
-9.4389e-17
8.03732e-17
-4.58765e-17
1.80372e-16
1.75154e-16
2.1348e-16
-3.56497e-18
1.80463e-16
2.12762e-17
7.21577e-17
-7.57169e-17
-4.35602e-17
6.19495e-17
-6.52702e-17
-3.16669e-17
4.84017e-17
1.38867e-17
1.05294e-16
7.83192e-17
1.37237e-16
4.30592e-17
1.7647e-17
1.80878e-17
-6.23479e-17
-7.73366e-17
-1.03163e-16
3.50962e-17
-2.84804e-18
1.10301e-16
-8.61683e-17
-4.65057e-17
7.99422e-17
-8.32212e-17
-1.29935e-16
-2.12361e-16
1.3077e-16
1.4604e-18
6.65001e-18
-5.08246e-18
5.77198e-17
-1.50743e-16
2.30807e-16
-9.59073e-17
1.88973e-17
3.29582e-16
-1.3518e-16
-1.9542e-16
-1.22864e-16
7.71199e-18
1.37211e-16
1.35018e-16
-5.02869e-17
1.57143e-16
3.85759e-18
2.22849e-16
-2.46595e-17
-9.31955e-17
-3.8861e-18
1.13549e-16
-1.56992e-17
2.23122e-16
3.95591e-17
4.97578e-17
-4.58492e-17
1.92768e-16
-1.34022e-17
-7.25421e-18
-7.83611e-18
9.78395e-17
1.82734e-17
7.07555e-17
1.49144e-16
-2.81967e-16
-3.47358e-18
1.27909e-16
7.93179e-17
1.04544e-16
4.4239e-17
9.88793e-17
-6.43885e-17
-2.56166e-17
-1.70321e-17
2.24405e-17
-3.66739e-17
-2.13981e-16
-2.23368e-16
2.53701e-16
-1.69708e-16
-1.1461e-16
7.76901e-17
1.27422e-17
1.77616e-16
2.31789e-17
-3.41318e-17
9.99521e-18
-8.06404e-17
-6.81653e-17
-7.38473e-17
1.3853e-16
6.17373e-17
2.01736e-16
6.38019e-17
1.38952e-16
1.65888e-16
1.36245e-16
-2.17016e-18
-2.55523e-17
2.4273e-17
6.61963e-17
1.55535e-17
-2.38784e-17
5.76801e-17
-5.00373e-17
1.26728e-16
5.31027e-17
5.41291e-17
-1.86119e-17
1.05029e-16
4.73148e-17
-1.05957e-16
-5.78859e-17
2.00906e-17
-1.72701e-17
3.26966e-17
-5.36704e-17
-1.79177e-16
4.49084e-17
7.59593e-17
-2.67057e-17
5.8144e-17
4.75507e-17
-2.37225e-17
-8.60201e-17
-9.55675e-17
-5.04472e-17
-2.31386e-16
-2.34895e-17
-1.35504e-16
7.01262e-17
-2.06213e-16
4.59654e-17
-1.34738e-16
7.94249e-17
-1.35726e-16
7.86606e-18
-3.58981e-17
-1.17653e-16
1.12433e-16
-6.99572e-17
-1.69286e-16
1.47519e-16
-8.26963e-17
3.18776e-17
-3.74513e-18
-1.6337e-16
-2.05467e-17
-1.5651e-16
1.79636e-16
-2.25886e-17
-7.39409e-19
7.51667e-17
3.21256e-16
2.23773e-16
7.28466e-17
1.70271e-16
2.52419e-17
2.32726e-16
-4.81241e-17
2.82185e-18
8.23685e-17
1.09129e-16
-3.70371e-17
2.5027e-16
-1.02659e-16
1.52965e-16
-6.71001e-18
9.44722e-17
9.00335e-17
-7.44561e-17
-9.54138e-18
4.34002e-17
3.41245e-17
-1.06383e-16
-1.78076e-16
1.07769e-16
-1.52381e-16
8.81301e-17
-9.61918e-17
2.00455e-17
8.95136e-17
1.87715e-16
8.49775e-17
-1.02948e-16
3.03136e-17
-2.24538e-16
1.29132e-17
-1.37225e-16
-7.53982e-19
-1.28936e-16
3.64575e-17
-8.49217e-17
1.1544e-16
-9.88149e-17
2.7041e-17
-1.08636e-16
-1.49407e-16
1.72104e-16
-2.60344e-17
-8.8536e-17
2.14021e-16
3.4161e-17
-1.07515e-16
-5.30077e-17
1.89191e-17
6.16587e-17
-1.05207e-16
-7.74088e-18
1.85094e-17
1.95776e-17
5.73352e-17
1.69607e-16
2.17194e-16
-5.34654e-18
6.8875e-17
9.3721e-17
6.35483e-17
4.5799e-17
-3.18656e-17
-6.66542e-17
-7.67041e-17
-1.37957e-16
6.85007e-19
3.69486e-17
9.92021e-17
3.23903e-17
2.32532e-16
-9.14271e-17
1.97407e-16
-7.72884e-17
1.59947e-16
4.9574e-17
1.10753e-16
-5.19026e-17
1.18781e-16
-1.02989e-17
-1.29294e-16
-1.37421e-16
1.67322e-16
-7.3328e-17
1.09842e-16
-7.33779e-17
-5.07253e-17
-4.34891e-17
-1.2371e-16
5.71118e-17
3.05371e-17
1.73184e-16
6.14067e-17
7.60912e-17
-1.59432e-16
1.78655e-16
-1.33846e-16
5.74088e-17
-5.17674e-17
-3.45386e-17
-4.57817e-17
-9.46368e-17
-1.18063e-16
1.08042e-16
-1.96796e-17
-4.54466e-17
-1.82608e-17
-3.19575e-17
1.09951e-16
-3.48932e-17
6.91123e-17
1.09499e-16
1.98e-16
1.31337e-16
-3.03759e-17
2.73463e-16
5.01112e-17
2.09228e-16
-8.206e-17
1.33821e-16
3.07927e-17
1.96932e-16
1.0613e-16
-4.68059e-17
6.82262e-17
-1.1005e-16
1.77353e-17
7.05547e-17
-4.924e-17
1.84808e-16
8.31638e-18
2.2995e-16
-2.79705e-17
4.36244e-17
-1.22332e-16
1.29998e-16
-7.78074e-17
-8.17147e-17
-9.22426e-17
2.04808e-17
-1.69002e-16
1.02245e-16
-1.50346e-16
1.63338e-16
-1.04799e-16
-3.41553e-17
3.53696e-17
6.28257e-17
1.05154e-16
1.8587e-16
-3.84487e-17
6.78811e-17
1.37563e-16
1.057e-17
2.25285e-16
1.32184e-16
-3.25329e-17
7.54145e-17
4.17628e-18
-2.42594e-17
-7.90928e-17
8.16658e-17
1.45986e-16
-1.68697e-16
1.08871e-16
4.92101e-17
1.48289e-17
9.65738e-18
2.21686e-17
-2.2172e-16
-7.00741e-18
2.4098e-16
-5.05829e-17
2.36168e-16
8.46776e-17
-1.20911e-17
9.6144e-17
-7.79977e-17
1.42199e-16
-1.28595e-16
1.74323e-16
1.16222e-16
-2.50768e-17
6.58882e-17
3.38478e-17
2.35558e-17
2.39648e-16
-9.99701e-18
8.57586e-17
-1.65681e-16
7.69557e-17
-4.91636e-17
1.93458e-17
-7.49692e-17
-2.19738e-17
1.02718e-17
8.48816e-18
-2.95831e-17
1.11296e-16
2.99769e-17
-1.03596e-16
-7.76665e-17
-5.44287e-17
-8.10233e-17
-1.4629e-16
-5.77705e-17
1.31021e-16
4.17525e-17
-3.5536e-17
6.11117e-17
-6.72585e-17
-1.273e-18
-7.03248e-17
1.08297e-16
9.8213e-17
6.69255e-17
-8.09605e-17
-2.05985e-17
-7.97682e-17
-2.06616e-17
-1.85919e-17
3.18041e-17
-1.202e-16
-5.17931e-17
5.7644e-17
-7.61611e-18
-5.02344e-17
1.39553e-16
2.49498e-17
2.04706e-16
1.95319e-16
-1.00455e-16
1.49972e-16
-1.10796e-16
-6.49741e-17
4.3349e-17
-5.21366e-17
-1.20641e-16
2.00315e-17
-3.40729e-17
9.8382e-17
4.38438e-17
2.64501e-17
-6.0258e-18
8.21882e-17
-8.804e-17
-1.03768e-17
-1.44298e-16
-5.22214e-17
-8.48623e-17
-7.32577e-17
-8.42074e-17
-4.9176e-17
-1.59831e-16
-1.03309e-16
-1.84495e-16
-1.31712e-16
1.42424e-16
-1.15566e-16
-4.93391e-17
-6.78445e-17
-2.73025e-17
-5.75817e-17
-5.62737e-17
-7.66128e-17
-4.73954e-17
-3.55979e-17
-1.8569e-17
-3.91626e-18
-2.25322e-17
6.9781e-17
-4.93157e-17
1.43734e-16
1.49792e-16
1.16042e-16
-3.73918e-17
-1.34111e-16
-1.44111e-16
-1.26741e-16
-1.34239e-16
3.5136e-17
-2.68071e-17
1.9453e-16
2.80018e-17
1.68698e-16
1.96245e-16
8.68286e-17
1.93504e-16
7.1838e-17
5.25315e-17
7.56046e-17
4.50281e-17
-1.72196e-16
-6.27304e-17
9.98484e-18
-1.40614e-16
-1.60483e-16
1.22262e-17
-3.23875e-17
8.52629e-18
1.2658e-16
4.28887e-17
-1.14349e-16
1.18558e-16
-1.95288e-16
5.48094e-17
-1.19531e-16
-6.11068e-17
-1.36593e-16
-1.12645e-16
-1.35751e-16
-1.25586e-17
-1.73005e-16
-1.17507e-16
-1.91437e-16
-4.69906e-17
-6.86e-17
-1.06907e-16
-8.64444e-17
1.92179e-17
-2.41245e-16
-9.69003e-17
-8.87762e-17
-3.32211e-17
-2.81236e-17
-1.12575e-18
-1.81205e-16
-6.60386e-17
-8.95726e-17
7.16749e-17
-1.16139e-16
1.10739e-16
-6.21088e-17
2.26083e-17
-1.00251e-16
-9.36694e-17
-1.28693e-16
8.25842e-17
-2.63721e-16
2.69855e-16
-1.27365e-16
-6.77355e-17
2.1518e-17
-9.40306e-17
-6.82768e-17
1.85071e-17
3.75405e-16
1.62478e-16
2.28208e-18
2.06607e-16
1.34876e-16
-9.57961e-17
1.0603e-16
2.51536e-17
1.11419e-16
-2.59114e-16
-3.96206e-17
-2.06777e-16
-8.00753e-17
-1.61866e-17
-2.04648e-17
-3.02204e-16
4.64402e-17
-2.85554e-16
-9.41799e-17
-2.68766e-16
-6.03702e-17
-4.58604e-16
-5.86635e-17
-1.17444e-16
-9.15382e-17
-5.85638e-17
-5.04481e-17
-1.32934e-16
-1.37328e-17
-2.79667e-16
8.61616e-17
-4.84887e-16
-1.64044e-16
-1.78686e-16
-1.93707e-17
-1.62355e-16
-8.99066e-17
-1.02707e-16
-1.0923e-16
-2.88541e-16
-7.58989e-17
-1.01392e-16
8.89461e-17
2.71096e-17
8.84114e-17
-1.48471e-16
-3.8542e-18
-6.42147e-17
-3.76192e-17
-3.86476e-18
-5.98513e-18
-1.67212e-16
2.21718e-16
-3.65068e-17
2.73238e-16
-1.6583e-16
2.53312e-16
-1.77515e-16
2.43359e-16
4.23595e-17
-1.22315e-16
-9.13413e-17
-1.88969e-16
-1.24934e-16
-1.53028e-17
-1.09974e-16
-1.84094e-16
-4.14416e-17
-4.33501e-16
-2.95343e-17
-8.90386e-17
-6.14431e-18
-1.37623e-16
8.03626e-17
-1.90077e-16
1.80183e-17
-2.88013e-16
-1.22662e-16
-6.01467e-16
-1.73945e-16
-3.46677e-16
-2.6769e-17
-3.75643e-16
6.80755e-17
-3.2786e-16
-1.11284e-16
-3.2259e-16
-1.21002e-16
-4.83469e-16
-6.36749e-17
-4.24033e-16
-6.07289e-17
-2.22464e-16
-1.07454e-16
-2.57007e-16
4.56996e-17
-1.57476e-16
-2.14962e-17
-1.82372e-16
-1.93843e-18
-5.80499e-17
1.6203e-16
-7.11891e-17
7.02109e-17
-2.43187e-16
-3.87331e-17
-1.47234e-16
-1.36238e-16
-3.64864e-17
1.05187e-16
1.23537e-16
7.70985e-17
9.98336e-17
7.91577e-17
-2.80524e-16
2.57241e-16
-1.20723e-16
1.93536e-16
-2.4361e-16
-9.90483e-17
-1.30979e-16
-1.46383e-17
-1.66083e-16
-1.03149e-16
7.46178e-17
-2.48668e-16
-2.34194e-17
-2.54158e-16
-7.93969e-17
-9.4069e-17
4.06434e-17
-5.96162e-16
1.32803e-18
-2.3749e-16
8.14744e-17
-4.58916e-16
-1.77843e-16
-5.72355e-16
-1.18903e-16
-2.94976e-16
2.76905e-17
-6.15825e-16
-9.42731e-17
-6.57177e-16
-1.56771e-16
-5.10268e-16
4.84458e-17
-6.31371e-16
5.44057e-17
-1.10796e-16
5.13699e-17
-2.46754e-16
-6.64234e-17
-1.89783e-16
8.5598e-17
-2.00354e-16
2.10925e-17
-2.71977e-16
8.17944e-17
-2.46526e-16
9.16613e-17
-2.46179e-16
-4.69765e-17
-3.11712e-17
7.44079e-17
1.30541e-17
5.21433e-17
4.64677e-17
6.8745e-17
4.34001e-16
1.42517e-16
9.99841e-17
-2.78534e-17
-1.41789e-17
3.25047e-16
-9.56079e-17
1.16624e-16
-2.78264e-17
-2.42398e-16
-7.9013e-17
-7.16056e-17
-1.27611e-16
1.05031e-17
-2.6634e-17
-3.15525e-16
-1.40263e-16
-2.1083e-16
5.76585e-19
-3.07233e-16
-2.07936e-16
-3.46246e-16
-2.20886e-16
-2.4529e-16
-2.11451e-17
-5.32094e-16
9.53932e-17
-3.9117e-16
1.96525e-17
-5.20011e-16
-7.96499e-17
-6.46025e-16
1.12199e-16
-5.08707e-16
6.64254e-18
-6.30542e-16
-1.57191e-16
-3.18906e-16
-1.30022e-16
-3.93192e-16
-9.47338e-17
-1.92688e-16
-2.05179e-18
-2.60971e-16
5.90374e-17
-2.1104e-16
5.46071e-17
-1.42778e-16
6.56494e-17
-2.74525e-16
1.14662e-16
-1.91888e-16
5.36056e-17
-4.79415e-17
7.40879e-17
8.05984e-17
-5.84503e-18
2.3621e-16
-1.4516e-16
5.06741e-16
8.70968e-17
1.95736e-16
6.51443e-17
3.02239e-16
1.00677e-16
-7.6891e-17
2.10656e-16
2.09719e-17
3.04829e-16
3.39248e-17
1.60992e-16
1.79533e-17
6.01102e-17
-1.42826e-16
-2.74354e-16
-1.46387e-16
-4.67442e-16
-1.0143e-16
-1.67226e-16
-1.88023e-16
-4.00922e-16
-1.80082e-16
-2.77993e-16
-4.93199e-17
-2.92273e-16
1.48104e-17
-3.12697e-16
-1.2146e-16
-2.58946e-16
-6.75543e-17
-3.9311e-16
8.64387e-17
-3.75762e-16
-8.51997e-17
-3.23367e-16
6.77894e-17
-2.42598e-16
1.24692e-16
-9.33909e-17
1.4796e-18
-3.40587e-17
5.98662e-17
-1.34264e-16
7.49334e-17
-1.10041e-16
1.64548e-18
-1.36919e-17
8.61516e-17
-4.64972e-17
2.73397e-16
-8.81181e-17
2.53657e-16
-1.40111e-16
2.06131e-16
2.58483e-17
3.79657e-17
6.85729e-17
-4.0461e-17
-1.57587e-17
1.21882e-16
1.63282e-16
7.32511e-17
6.20785e-18
2.28162e-16
9.68906e-17
3.10744e-17
-1.33779e-16
-4.5698e-17
-1.43306e-17
-1.38386e-17
-1.19834e-16
-9.53798e-17
-2.25462e-16
-1.24807e-16
-1.72141e-16
-3.91109e-16
-1.93319e-16
-2.16128e-16
-1.65877e-16
-1.88867e-16
-1.64821e-16
-1.72969e-16
1.86821e-17
-1.39865e-16
1.26193e-17
-2.08286e-16
-9.75125e-17
-4.33421e-17
3.27007e-17
-1.83428e-16
1.11254e-16
-3.40175e-16
1.24335e-16
-1.01154e-16
1.08131e-16
-1.77749e-16
7.01254e-17
-1.01757e-17
1.33874e-17
-5.16387e-17
7.4652e-17
-1.08118e-16
-7.15971e-18
5.0073e-17
-3.66862e-17
1.32417e-16
6.59388e-17
-1.93572e-18
2.35283e-16
3.28433e-17
1.98803e-16
-1.27451e-16
1.04652e-16
-7.22834e-18
8.81582e-17
-3.72623e-17
-7.92107e-17
-3.83899e-17
2.6249e-16
1.00632e-16
5.36163e-17
7.66027e-17
5.81444e-17
2.35948e-16
5.03132e-17
-2.91525e-17
-5.57775e-17
-2.72856e-19
-7.44269e-17
-1.45176e-16
-3.79396e-17
-1.0136e-16
-9.15469e-17
-1.13993e-16
-2.92957e-16
-5.98355e-17
-1.81784e-16
-9.54891e-17
3.24449e-17
-1.27759e-16
-2.17715e-16
-8.52853e-17
1.09811e-16
-5.65405e-17
-1.82997e-16
-1.64109e-16
-6.41868e-17
-1.38488e-17
-1.07043e-16
7.02948e-17
-1.00368e-16
-8.99571e-17
-4.43808e-17
1.41489e-16
-7.81565e-17
1.81566e-16
5.65197e-17
1.40678e-16
-1.14545e-16
6.04016e-17
-5.51868e-17
1.22442e-17
-2.61185e-17
7.38135e-17
-1.09874e-16
8.49185e-17
6.35399e-17
9.60331e-17
1.12365e-16
2.99569e-16
-1.25396e-16
3.21447e-16
4.82473e-17
7.32146e-17
-1.5671e-16
-5.38825e-17
-2.04051e-16
1.69467e-18
-6.04225e-17
-5.36459e-18
-6.20748e-17
3.03933e-17
2.69735e-16
-2.58871e-17
5.34181e-17
9.17928e-17
8.44096e-19
1.07765e-16
-4.67171e-17
-6.55799e-18
-5.1701e-17
5.82673e-17
-1.12417e-16
-8.71006e-17
-1.37007e-16
-2.10003e-16
-7.22159e-17
-3.11937e-18
-9.9572e-17
-2.35589e-17
-7.13891e-17
-2.30959e-17
1.49842e-17
-3.69639e-17
-7.93816e-17
-9.26106e-17
1.25106e-16
-2.27916e-16
1.51747e-16
-1.96946e-16
-1.15527e-17
-1.92599e-16
6.53535e-17
-9.94312e-17
3.68454e-18
-1.8473e-16
9.08422e-18
-4.479e-17
1.40147e-16
-6.87297e-17
4.99923e-17
-1.1574e-16
-3.23981e-17
-1.30217e-16
1.04417e-16
-1.42165e-17
2.56901e-16
6.47194e-17
2.45324e-16
1.66798e-16
6.43928e-17
-4.15824e-17
-2.18221e-17
7.61653e-17
9.48279e-17
-2.43381e-16
1.1119e-16
8.52859e-17
9.58773e-17
-7.85368e-18
1.27195e-16
2.66695e-16
2.0262e-17
-1.34991e-16
-7.84501e-17
-5.17654e-17
4.98626e-17
-4.39475e-17
-2.23777e-16
-1.49449e-16
-1.38084e-16
-2.20704e-16
-1.37544e-16
-2.08729e-17
-3.45718e-16
-1.73934e-16
-5.70721e-17
-5.82413e-17
-4.5667e-17
-6.48075e-17
-8.99935e-17
-3.20609e-17
1.95022e-18
-3.54689e-17
-2.09618e-16
3.37352e-17
-3.9398e-17
1.53237e-16
-2.18364e-16
4.0152e-17
-1.45543e-16
7.26929e-17
-1.09069e-16
9.49745e-17
-3.87221e-16
-1.04898e-16
-2.39441e-16
7.65847e-17
-2.0788e-16
1.51206e-16
-1.87189e-16
1.45745e-16
-3.33343e-17
3.18633e-17
-1.8891e-16
3.69346e-17
-1.52375e-16
2.57338e-16
8.09984e-17
1.08717e-16
-3.09525e-16
1.29908e-16
-6.35263e-17
1.56454e-16
-2.12129e-16
4.5319e-17
-1.89515e-16
-2.62306e-17
1.45041e-16
-5.18289e-17
-9.64607e-18
7.70684e-17
3.73211e-17
-3.11736e-17
-9.16145e-17
-9.32003e-17
-1.74572e-16
-8.3519e-17
-6.51471e-17
-1.8262e-16
-2.30574e-16
1.00922e-16
-2.17923e-17
-3.06042e-16
-5.27784e-17
-6.47703e-17
3.6425e-17
-1.9346e-16
-9.8919e-17
-7.89398e-17
-1.63189e-16
2.65344e-17
-1.38938e-17
-1.92581e-16
3.36228e-17
-2.34847e-17
1.24595e-16
-2.08148e-16
1.00463e-16
-2.03151e-16
7.09534e-17
-1.65488e-16
-4.69907e-17
-2.78981e-16
6.6766e-17
-2.72168e-16
6.36811e-17
2.18539e-17
-5.26132e-17
-1.73655e-16
6.93048e-17
-2.53781e-16
1.47378e-16
-1.89828e-16
1.91853e-16
-1.59847e-16
3.0415e-16
-1.09123e-16
6.46307e-17
-2.68867e-16
-1.1069e-17
-3.00654e-16
1.51958e-17
-7.70731e-17
1.69525e-16
-4.49112e-16
1.25081e-16
1.08976e-17
1.3818e-17
-4.90642e-17
-2.13494e-17
-2.82769e-17
1.68747e-16
1.99992e-18
2.83852e-16
7.92457e-17
-5.90076e-17
-3.89444e-17
-2.53175e-16
-1.50489e-16
-1.63293e-16
-8.70451e-17
-4.69883e-17
-9.83929e-17
-1.59299e-16
5.07945e-17
-2.24057e-16
-1.96672e-16
-8.69753e-17
-2.10547e-16
-1.01241e-16
-7.89229e-17
-4.42268e-16
4.17991e-18
-1.36112e-16
2.26074e-17
-1.62863e-16
8.64598e-17
-3.64383e-16
3.57204e-17
-1.86769e-16
6.88839e-17
-8.32617e-17
5.69256e-17
-3.1733e-16
6.58395e-17
-1.01199e-16
1.02279e-16
-1.84553e-16
1.57592e-16
-4.34205e-16
-9.83158e-17
-2.45666e-16
1.24847e-16
-2.60348e-16
3.65336e-16
-2.14804e-16
-3.67329e-17
-2.13592e-16
-5.59824e-17
-1.90551e-16
4.59221e-17
-1.43903e-16
2.13883e-16
-3.09125e-16
2.16357e-16
-2.94643e-16
2.94405e-17
-1.06266e-17
6.38653e-17
-1.65759e-16
-1.52728e-16
-1.13071e-16
-6.33459e-17
6.63456e-17
-4.95336e-18
-1.62047e-16
-2.30209e-16
-1.62259e-16
-2.17532e-16
4.50199e-17
4.23982e-17
-3.63136e-17
-4.41276e-17
7.17122e-17
-2.163e-16
-1.14369e-16
-2.72612e-16
-2.13273e-16
-4.32788e-16
-7.77177e-17
-5.0148e-16
-2.24046e-17
-1.61236e-16
1.0911e-16
-3.78128e-16
1.40875e-16
-1.70133e-16
5.9951e-17
-5.35069e-16
-9.00956e-17
-1.79439e-16
-1.22263e-17
-5.05304e-16
3.69095e-17
-2.89505e-16
4.49212e-17
-8.88489e-17
1.44217e-16
-1.97791e-16
1.8994e-16
-2.06931e-16
6.30527e-17
-2.64829e-18
1.63728e-16
-1.7729e-16
2.0285e-16
1.03635e-16
-2.59391e-17
-3.19899e-16
4.58278e-17
-1.02612e-16
1.74478e-16
-1.0163e-16
1.34956e-16
-4.42855e-16
1.1905e-16
-5.17262e-17
3.34532e-17
-4.12212e-17
-5.73352e-17
-7.23072e-17
8.45904e-17
-1.5489e-17
-2.3112e-17
-7.65468e-17
-2.74659e-16
-1.05422e-16
-1.24304e-16
4.20031e-17
1.15855e-17
2.48738e-17
-1.56064e-16
-2.15569e-16
-1.30915e-16
-2.1249e-16
-3.56913e-16
-3.54129e-17
-4.90815e-16
-1.46544e-16
-4.27214e-16
-1.61269e-16
-2.30094e-16
-1.53183e-17
-4.73854e-16
1.43198e-16
-1.82747e-16
1.98363e-16
-3.54167e-16
2.13724e-16
-4.65628e-17
4.82715e-17
-2.00035e-16
-9.24033e-17
-2.6956e-16
7.83013e-17
-1.2299e-16
1.6754e-16
1.06318e-16
1.45275e-16
-1.26464e-16
3.57013e-16
3.79923e-17
9.73879e-17
2.74006e-17
2.24153e-17
4.62194e-18
1.09624e-16
-6.13899e-17
7.59136e-17
1.42672e-16
2.20593e-16
2.6988e-19
1.89622e-16
-1.96728e-16
9.86617e-17
-2.01878e-16
6.78731e-17
-1.25127e-16
-2.87887e-17
-9.89093e-17
8.84026e-20
3.56604e-17
7.94602e-17
6.01145e-17
-2.02792e-16
-1.32557e-16
1.08587e-16
-2.24069e-16
-2.86235e-17
-9.86089e-17
-1.42406e-16
-6.92339e-17
-4.73207e-17
-6.66128e-17
-2.45189e-16
-1.3322e-16
-3.17724e-16
-1.32022e-16
-1.37971e-16
-2.80007e-17
-4.295e-16
5.03563e-17
-2.24443e-16
4.2912e-17
-2.68911e-16
1.41302e-16
-1.08738e-16
1.32136e-16
1.16033e-16
9.14581e-17
6.88056e-17
4.4283e-17
-1.73432e-16
3.17681e-17
-8.75721e-17
2.10914e-16
-1.37035e-17
2.08209e-16
-1.6668e-17
1.97043e-16
2.268e-17
9.87726e-17
1.13387e-16
1.38488e-16
2.32551e-17
1.56482e-16
-4.43928e-19
-3.26463e-17
1.86739e-16
1.23744e-17
8.00514e-17
8.7678e-17
2.81908e-17
1.10866e-16
-9.12318e-17
1.3652e-16
-8.03437e-17
1.74966e-16
-2.00189e-17
7.35181e-17
2.27838e-16
4.54094e-17
-7.62663e-18
-4.49282e-17
-1.59417e-16
-3.38811e-17
-9.30347e-17
8.4725e-18
-1.89468e-16
-7.04603e-17
-1.92673e-16
-2.10438e-16
-2.30121e-16
-2.11268e-16
-9.36593e-17
6.5508e-17
-7.82519e-17
-8.43207e-17
-3.28966e-18
-1.51069e-16
1.39325e-16
-4.52664e-17
1.08538e-16
-5.53004e-17
1.88545e-16
9.81986e-17
7.11323e-17
3.11566e-17
1.27769e-16
2.30869e-16
6.77827e-17
2.24851e-16
6.4049e-17
5.40709e-17
-3.14177e-17
1.69522e-16
2.36131e-16
2.19876e-17
3.81408e-16
1.57056e-16
1.75049e-16
-4.92679e-17
5.24148e-17
-2.462e-17
7.5688e-17
5.55345e-17
5.1441e-17
-1.41193e-16
1.32517e-16
2.8737e-17
1.73708e-16
-4.80727e-17
2.65405e-16
-1.41206e-16
5.12393e-17
-1.5132e-17
-3.4457e-17
-7.95448e-17
6.02793e-17
-1.78876e-16
-2.60891e-16
-1.00089e-16
1.06113e-16
-1.24839e-16
4.49652e-17
-1.04517e-16
-5.9417e-17
-1.41851e-16
6.40985e-17
-2.19254e-16
-5.48972e-17
-2.24604e-16
1.17364e-16
-5.94254e-17
1.99147e-16
3.91242e-17
-5.34512e-17
1.06989e-16
7.84063e-17
1.64343e-16
3.77107e-17
1.65524e-17
8.54154e-17
1.98113e-16
4.15191e-17
-6.0069e-17
-4.03389e-17
-8.92305e-17
1.60771e-16
1.44503e-16
1.43594e-16
1.54534e-16
1.01273e-16
2.03848e-16
2.15854e-16
1.83644e-16
2.96667e-16
1.17192e-16
1.39247e-16
9.99595e-17
-4.98781e-17
6.46601e-17
8.18587e-17
8.39886e-17
2.95494e-17
3.46591e-17
-2.27433e-16
1.26122e-17
-1.89787e-17
1.61595e-16
-1.53165e-16
1.63984e-16
-3.15762e-16
-8.25479e-17
6.90651e-17
1.2336e-16
-1.8772e-16
-5.3303e-17
-1.70212e-16
-3.31703e-16
-1.82963e-16
1.23257e-16
-1.10402e-16
-1.71405e-16
-1.85127e-16
-4.26055e-16
-1.97223e-16
1.0609e-16
-1.34804e-16
-9.79778e-17
-9.03987e-17
2.32245e-16
-5.28242e-17
2.19567e-16
3.12972e-17
-2.16604e-17
5.70225e-17
1.28774e-16
1.48379e-16
1.25971e-16
2.41683e-16
1.63229e-16
4.99167e-17
-2.01179e-17
-1.23616e-16
-5.73454e-17
-7.86717e-17
-9.56277e-17
5.66047e-17
-1.1725e-16
2.25019e-16
7.51628e-17
3.15277e-16
1.4142e-16
1.79952e-16
3.275e-16
3.41318e-17
1.45577e-16
1.04354e-16
1.69014e-16
8.13525e-17
1.52681e-16
2.14824e-17
-8.04172e-17
-5.50115e-17
-2.93416e-16
8.72022e-18
-2.27821e-16
6.79594e-17
-1.51922e-16
2.38277e-16
-1.87479e-16
1.11711e-16
2.50271e-17
-2.7183e-17
-1.47318e-16
4.7824e-17
-2.7216e-16
-3.12525e-16
-2.49801e-16
2.49444e-17
-1.2012e-16
-1.24077e-16
1.12322e-16
7.99683e-18
-1.55977e-16
9.73298e-17
-1.1157e-16
-1.04532e-16
-1.73902e-16
1.91919e-16
-3.49755e-17
1.28394e-16
-7.72046e-17
6.34485e-17
-5.04982e-17
3.17879e-17
3.97376e-17
1.37094e-16
1.48604e-16
-1.32396e-16
5.6858e-17
1.97592e-16
5.02233e-17
-1.308e-16
1.42676e-16
-2.63826e-17
1.7219e-16
-1.03974e-17
1.96583e-16
1.69913e-16
1.68062e-16
2.48331e-16
2.22065e-16
1.59701e-16
1.02198e-16
1.38474e-17
-1.11834e-18
1.63727e-16
-4.6805e-17
1.58542e-16
-3.96771e-17
5.75939e-17
-1.37282e-17
-2.19239e-16
1.01404e-16
-1.43392e-16
1.59935e-16
-1.41995e-16
1.28694e-16
-7.99499e-17
-8.88238e-17
-1.21734e-16
-8.41391e-17
5.70879e-18
-3.79497e-17
-1.85486e-16
-1.49993e-16
-1.49945e-16
-2.69625e-17
-9.67356e-17
-1.559e-16
2.91984e-17
-1.46872e-16
-1.10855e-16
-1.26933e-16
1.51336e-17
1.02739e-16
8.07651e-17
1.6605e-17
2.83649e-17
1.25857e-16
2.25992e-16
2.54175e-16
1.53279e-16
1.9689e-16
5.00833e-17
-5.9787e-19
-4.51637e-17
-1.4641e-16
-1.00791e-16
5.58849e-17
2.27333e-16
2.44581e-16
-2.7639e-18
-1.25431e-16
-2.05753e-16
)
;

boundaryField
{
    outerWall
    {
        type            calculated;
        value           uniform 0;
    }
    axis
    {
        type            symmetryPlane;
        value           uniform 0;
    }
    nozzle
    {
        type            calculated;
        value           nonuniform List<scalar> 5(0.268911 0.268918 0.268918 0.268918 0.268911);
    }
    back
    {
        type            empty;
    }
    front
    {
        type            empty;
    }
}


// ************************************************************************* //
