/*--------------------------------*- C++ -*----------------------------------*\
| =========                 |                                                 |
| \\      /  F ield         | OpenFOAM: The Open Source CFD Toolbox           |
|  \\    /   O peration     | Version:  2412                                  |
|   \\  /    A nd           | Website:  www.openfoam.com                      |
|    \\/     M anipulation  |                                                 |
\*---------------------------------------------------------------------------*/
FoamFile
{
    version     2.0;
    format      ascii;
    arch        "LSB;label=32;scalar=64";
    class       volScalarField;
    location    "0.000185";
    object      p;
}
// * * * * * * * * * * * * * * * * * * * * * * * * * * * * * * * * * * * * * //

dimensions      [1 -1 -2 0 0 0 0];

internalField   nonuniform List<scalar> 
3725
(
7.11405e+06
7.11267e+06
7.10987e+06
7.10565e+06
7.1001e+06
7.09338e+06
7.08555e+06
7.07661e+06
7.06651e+06
7.05505e+06
7.04188e+06
7.02642e+06
7.0078e+06
6.98474e+06
6.95554e+06
6.91803e+06
6.8697e+06
6.80772e+06
6.7293e+06
6.63218e+06
6.51502e+06
6.37791e+06
6.22276e+06
6.05373e+06
5.87741e+06
5.70299e+06
5.54196e+06
5.40678e+06
5.30905e+06
5.25793e+06
7.11649e+06
7.11519e+06
7.11251e+06
7.10841e+06
7.10296e+06
7.09627e+06
7.08838e+06
7.07931e+06
7.06898e+06
7.05725e+06
7.04378e+06
7.028e+06
7.00906e+06
6.9857e+06
6.95623e+06
6.91849e+06
6.86998e+06
6.80789e+06
6.72942e+06
6.63231e+06
6.51524e+06
6.37828e+06
6.22338e+06
6.05469e+06
5.87881e+06
5.70489e+06
5.5444e+06
5.40974e+06
5.31245e+06
5.26152e+06
7.12129e+06
7.12013e+06
7.11768e+06
7.11385e+06
7.10861e+06
7.10199e+06
7.09402e+06
7.08469e+06
7.07396e+06
7.06169e+06
7.04761e+06
7.03121e+06
7.01164e+06
6.98769e+06
6.95768e+06
6.9195e+06
6.87063e+06
6.80829e+06
6.72971e+06
6.63263e+06
6.51573e+06
6.37907e+06
6.22464e+06
6.05663e+06
5.88163e+06
5.70873e+06
5.54931e+06
5.41568e+06
5.31923e+06
5.26873e+06
7.12826e+06
7.12731e+06
7.12523e+06
7.12181e+06
7.11691e+06
7.11046e+06
7.10241e+06
7.09275e+06
7.08145e+06
7.06844e+06
7.05349e+06
7.03617e+06
7.01568e+06
6.99084e+06
6.96002e+06
6.92116e+06
6.87176e+06
6.80904e+06
6.73029e+06
6.63324e+06
6.51657e+06
6.38036e+06
6.22663e+06
6.05963e+06
5.88593e+06
5.71456e+06
5.55673e+06
5.42464e+06
5.32941e+06
5.27956e+06
7.13715e+06
7.13647e+06
7.13489e+06
7.13205e+06
7.12767e+06
7.12151e+06
7.11346e+06
7.10345e+06
7.0915e+06
7.07757e+06
7.06154e+06
7.04302e+06
7.02132e+06
6.99532e+06
6.96344e+06
6.92368e+06
6.87354e+06
6.81031e+06
6.73131e+06
6.63427e+06
6.51789e+06
6.38228e+06
6.22947e+06
6.06377e+06
5.89178e+06
5.72243e+06
5.56674e+06
5.43664e+06
5.34302e+06
5.29403e+06
7.14761e+06
7.14729e+06
7.14635e+06
7.14429e+06
7.14062e+06
7.13495e+06
7.12702e+06
7.11674e+06
7.10411e+06
7.08917e+06
7.07188e+06
7.05195e+06
7.0288e+06
7.00137e+06
6.96819e+06
6.92728e+06
6.87621e+06
6.81232e+06
6.73296e+06
6.63591e+06
6.51987e+06
6.38498e+06
6.23331e+06
6.06921e+06
5.8993e+06
5.73243e+06
5.57937e+06
5.45173e+06
5.36003e+06
5.31211e+06
7.15926e+06
7.15939e+06
7.15924e+06
7.15817e+06
7.15546e+06
7.15052e+06
7.14293e+06
7.13251e+06
7.11926e+06
7.10329e+06
7.08465e+06
7.06316e+06
7.03834e+06
7.00926e+06
6.97455e+06
6.93226e+06
6.88006e+06
6.81533e+06
6.73551e+06
6.63839e+06
6.52271e+06
6.38865e+06
6.23833e+06
6.0761e+06
5.90861e+06
5.74462e+06
5.59465e+06
5.46988e+06
5.38042e+06
5.33372e+06
7.17167e+06
7.17232e+06
7.17315e+06
7.17331e+06
7.17185e+06
7.16794e+06
7.16095e+06
7.15062e+06
7.1369e+06
7.11997e+06
7.09996e+06
7.07682e+06
7.05019e+06
7.01929e+06
6.98281e+06
6.93893e+06
6.8854e+06
6.81967e+06
6.73925e+06
6.64197e+06
6.52664e+06
6.39352e+06
6.24473e+06
6.08465e+06
5.91987e+06
5.75909e+06
5.61256e+06
5.491e+06
5.40403e+06
5.35868e+06
7.18438e+06
7.18566e+06
7.18765e+06
7.1893e+06
7.18941e+06
7.18684e+06
7.1808e+06
7.17084e+06
7.15691e+06
7.13917e+06
7.11787e+06
7.09307e+06
7.06458e+06
7.03171e+06
6.9933e+06
6.94763e+06
6.89257e+06
6.82567e+06
6.74455e+06
6.64696e+06
6.53197e+06
6.39983e+06
6.25274e+06
6.09502e+06
5.93323e+06
5.77591e+06
5.63306e+06
5.51493e+06
5.4306e+06
5.38667e+06
7.19697e+06
7.19898e+06
7.20231e+06
7.20572e+06
7.2077e+06
7.20686e+06
7.20213e+06
7.19291e+06
7.17907e+06
7.16078e+06
7.13836e+06
7.112e+06
7.08165e+06
7.04676e+06
7.00629e+06
6.95869e+06
6.90193e+06
6.83366e+06
6.75149e+06
6.65368e+06
6.53898e+06
6.40787e+06
6.26256e+06
6.10738e+06
5.94877e+06
5.7951e+06
5.65605e+06
5.54141e+06
5.45974e+06
5.41721e+06
7.20904e+06
7.21187e+06
7.21672e+06
7.22213e+06
7.22631e+06
7.22756e+06
7.22454e+06
7.21647e+06
7.20311e+06
7.18461e+06
7.16133e+06
7.13361e+06
7.1015e+06
7.06461e+06
7.02205e+06
6.97242e+06
6.91381e+06
6.84404e+06
6.76088e+06
6.66252e+06
6.54803e+06
6.41791e+06
6.27444e+06
6.12188e+06
5.96655e+06
5.8166e+06
5.68133e+06
5.57006e+06
5.49091e+06
5.44966e+06
7.22027e+06
7.22399e+06
7.2305e+06
7.23812e+06
7.2448e+06
7.2485e+06
7.24761e+06
7.24112e+06
7.22867e+06
7.21036e+06
7.1866e+06
7.15779e+06
7.12411e+06
7.08533e+06
7.04072e+06
6.98903e+06
6.92851e+06
6.85711e+06
6.77276e+06
6.6738e+06
6.55944e+06
6.43026e+06
6.28859e+06
6.13865e+06
5.98659e+06
5.84027e+06
5.70861e+06
5.60041e+06
5.52343e+06
5.48317e+06
7.23038e+06
7.23504e+06
7.24332e+06
7.25334e+06
7.26275e+06
7.26923e+06
7.27086e+06
7.2664e+06
7.25532e+06
7.23766e+06
7.21384e+06
7.1843e+06
7.14934e+06
7.10888e+06
7.06235e+06
7.00865e+06
6.9462e+06
6.87311e+06
6.78749e+06
6.68782e+06
6.57353e+06
6.44522e+06
6.30528e+06
6.15786e+06
6.00894e+06
5.86602e+06
5.73755e+06
5.63181e+06
5.55641e+06
5.51661e+06
7.23917e+06
7.24481e+06
7.25493e+06
7.26746e+06
7.2798e+06
7.28932e+06
7.29381e+06
7.29179e+06
7.28255e+06
7.26604e+06
7.24262e+06
7.21279e+06
7.17692e+06
7.13508e+06
7.08685e+06
7.03129e+06
6.96699e+06
6.89223e+06
6.80531e+06
6.70492e+06
6.5906e+06
6.46307e+06
6.32476e+06
6.17974e+06
6.03371e+06
5.89375e+06
5.76778e+06
5.66356e+06
5.58874e+06
5.54856e+06
7.24651e+06
7.25313e+06
7.26513e+06
7.28024e+06
7.29561e+06
7.30836e+06
7.316e+06
7.31679e+06
7.30983e+06
7.29495e+06
7.27242e+06
7.24277e+06
7.20644e+06
7.16361e+06
7.11399e+06
7.05681e+06
6.99082e+06
6.9145e+06
6.82634e+06
6.72522e+06
6.61089e+06
6.48408e+06
6.34731e+06
6.20452e+06
6.06106e+06
5.92344e+06
5.79896e+06
5.69481e+06
5.61893e+06
5.57663e+06
7.25234e+06
7.25994e+06
7.2738e+06
7.29149e+06
7.30995e+06
7.32603e+06
7.33701e+06
7.3409e+06
7.33661e+06
7.32378e+06
7.30263e+06
7.27365e+06
7.23735e+06
7.19397e+06
7.14335e+06
7.08487e+06
7.01745e+06
6.93977e+06
6.85051e+06
6.74875e+06
6.63432e+06
6.50839e+06
6.37317e+06
6.23247e+06
6.09117e+06
5.9551e+06
5.83081e+06
5.72476e+06
5.64588e+06
5.60001e+06
7.25667e+06
7.26522e+06
7.28088e+06
7.30109e+06
7.32259e+06
7.34204e+06
7.35645e+06
7.36365e+06
7.36231e+06
7.35192e+06
7.33259e+06
7.30477e+06
7.26898e+06
7.22554e+06
7.17438e+06
7.115e+06
7.04649e+06
6.96773e+06
6.8776e+06
6.77541e+06
6.6612e+06
6.53616e+06
6.40259e+06
6.26386e+06
6.1243e+06
5.98888e+06
5.86306e+06
5.75194e+06
5.66392e+06
5.60633e+06
7.25957e+06
7.269e+06
7.28637e+06
7.30899e+06
7.33344e+06
7.35617e+06
7.37404e+06
7.38463e+06
7.38643e+06
7.37876e+06
7.36162e+06
7.33541e+06
7.30061e+06
7.25759e+06
7.20636e+06
7.14653e+06
7.07735e+06
6.99788e+06
6.90724e+06
6.80496e+06
6.69129e+06
6.56747e+06
6.43576e+06
6.29904e+06
6.16097e+06
6.02541e+06
5.89686e+06
5.78044e+06
5.6855e+06
5.61496e+06
7.26114e+06
7.27139e+06
7.29033e+06
7.31519e+06
7.34241e+06
7.36829e+06
7.38952e+06
7.40349e+06
7.4085e+06
7.40375e+06
7.38909e+06
7.36483e+06
7.33145e+06
7.28932e+06
7.23849e+06
7.17869e+06
7.10931e+06
7.02959e+06
6.93889e+06
6.83697e+06
6.7243e+06
6.60216e+06
6.4726e+06
6.33826e+06
6.20157e+06
6.06457e+06
5.92864e+06
5.79575e+06
5.66788e+06
5.55294e+06
7.26154e+06
7.27251e+06
7.29288e+06
7.31976e+06
7.34952e+06
7.37834e+06
7.40274e+06
7.41996e+06
7.42816e+06
7.42638e+06
7.41437e+06
7.39235e+06
7.36074e+06
7.3199e+06
7.26993e+06
7.21064e+06
7.14155e+06
7.06211e+06
6.97189e+06
6.87092e+06
6.75986e+06
6.64007e+06
6.51342e+06
6.38197e+06
6.24764e+06
6.11033e+06
5.97245e+06
5.83096e+06
5.68559e+06
5.5311e+06
7.26101e+06
7.27255e+06
7.29402e+06
7.3225e+06
7.3543e+06
7.3855e+06
7.41251e+06
7.43247e+06
7.44342e+06
7.44428e+06
7.43471e+06
7.41484e+06
7.38505e+06
7.34567e+06
7.29683e+06
7.2384e+06
7.17003e+06
7.09133e+06
7.0021e+06
6.9026e+06
6.79366e+06
6.67671e+06
6.55347e+06
6.42545e+06
6.29249e+06
6.15479e+06
6.00541e+06
5.84099e+06
5.61284e+06
5.23392e+06
7.26001e+06
7.27199e+06
7.29432e+06
7.32406e+06
7.35746e+06
7.39056e+06
7.41969e+06
7.4419e+06
7.45514e+06
7.45826e+06
7.45083e+06
7.43292e+06
7.40484e+06
7.36692e+06
7.3193e+06
7.26189e+06
7.19447e+06
7.11679e+06
7.02885e+06
6.93112e+06
6.8246e+06
6.7108e+06
6.59131e+06
6.46746e+06
6.33916e+06
6.20603e+06
6.05658e+06
5.88788e+06
5.66188e+06
5.34729e+06
7.2586e+06
7.27094e+06
7.294e+06
7.32482e+06
7.35961e+06
7.39437e+06
7.42537e+06
7.44961e+06
7.46496e+06
7.4702e+06
7.46483e+06
7.44885e+06
7.42254e+06
7.38618e+06
7.33994e+06
7.2838e+06
7.21762e+06
7.14132e+06
7.05509e+06
6.95962e+06
6.8561e+06
6.74609e+06
6.63114e+06
6.51231e+06
6.38894e+06
6.25934e+06
6.10866e+06
5.9368e+06
5.66279e+06
5.34482e+06
7.25687e+06
7.26951e+06
7.29317e+06
7.32488e+06
7.36083e+06
7.39699e+06
7.42961e+06
7.45563e+06
7.47287e+06
7.48004e+06
7.47659e+06
7.46248e+06
7.43791e+06
7.40318e+06
7.35846e+06
7.30378e+06
7.23912e+06
7.16456e+06
7.08048e+06
6.98778e+06
6.88781e+06
6.78224e+06
6.67262e+06
6.55979e+06
6.44285e+06
6.31946e+06
6.1781e+06
6.01561e+06
5.77598e+06
5.44838e+06
7.25493e+06
7.26781e+06
7.29194e+06
7.32435e+06
7.36123e+06
7.39853e+06
7.43248e+06
7.45999e+06
7.47886e+06
7.48775e+06
7.48605e+06
7.47367e+06
7.45081e+06
7.41772e+06
7.3746e+06
7.32155e+06
7.25867e+06
7.18619e+06
7.1047e+06
7.01527e+06
6.91942e+06
6.8189e+06
6.7153e+06
6.60938e+06
6.50014e+06
6.38504e+06
6.25301e+06
6.09933e+06
5.86273e+06
5.43991e+06
4.41965e+06
4.36196e+06
4.11286e+06
3.86363e+06
3.62458e+06
3.39071e+06
3.16392e+06
2.94642e+06
2.73892e+06
2.5412e+06
2.35258e+06
2.17204e+06
1.9984e+06
1.83035e+06
1.66659e+06
1.50589e+06
1.34715e+06
1.18942e+06
1.03205e+06
874439
716388
557853
398520
239367
79978.6
4.77397e+06
4.45404e+06
4.17048e+06
3.9005e+06
3.64326e+06
3.40051e+06
3.16932e+06
2.94911e+06
2.74037e+06
2.542e+06
2.35301e+06
2.17227e+06
1.99851e+06
1.8304e+06
1.66661e+06
1.50589e+06
1.34715e+06
1.18942e+06
1.03205e+06
874442
716393
557860
398526
239371
79979.8
4.60984e+06
4.39333e+06
4.13814e+06
3.87588e+06
3.62722e+06
3.39065e+06
3.1636e+06
2.94614e+06
2.73872e+06
2.54107e+06
2.35248e+06
2.17197e+06
1.99833e+06
1.83029e+06
1.66654e+06
1.50584e+06
1.34711e+06
1.1894e+06
1.03204e+06
874443
716399
557868
398533
239376
79981.8
4.82817e+06
4.47573e+06
4.1832e+06
3.90922e+06
3.64784e+06
3.40279e+06
3.17054e+06
2.94983e+06
2.74078e+06
2.54223e+06
2.35313e+06
2.17231e+06
1.99851e+06
1.83037e+06
1.66657e+06
1.50585e+06
1.34712e+06
1.1894e+06
1.03205e+06
874448
716407
557878
398542
239383
79983.9
4.44754e+06
4.39288e+06
4.128e+06
3.87277e+06
3.6303e+06
3.39404e+06
3.16581e+06
2.94754e+06
2.73959e+06
2.54159e+06
2.35278e+06
2.17212e+06
1.99839e+06
1.8303e+06
1.66652e+06
1.50582e+06
1.3471e+06
1.18939e+06
1.03204e+06
874449
716411
557883
398547
239386
79985.1
7.25262e+06
7.26569e+06
7.2902e+06
7.32318e+06
7.36084e+06
7.39913e+06
7.43426e+06
7.46314e+06
7.48353e+06
7.49407e+06
7.49411e+06
7.48353e+06
7.46248e+06
7.43122e+06
7.38998e+06
7.33894e+06
7.27833e+06
7.20858e+06
7.13048e+06
7.0453e+06
6.9547e+06
6.86053e+06
6.76441e+06
6.66716e+06
6.5682e+06
6.46532e+06
6.35363e+06
6.22987e+06
6.08982e+06
5.9295e+06
7.25004e+06
7.26321e+06
7.28794e+06
7.32128e+06
7.35944e+06
7.39838e+06
7.43436e+06
7.46428e+06
7.4859e+06
7.49784e+06
7.49944e+06
7.49055e+06
7.47131e+06
7.442e+06
7.4029e+06
7.35429e+06
7.29657e+06
7.23035e+06
7.15665e+06
7.07691e+06
6.9929e+06
6.90652e+06
6.81941e+06
6.73248e+06
6.6455e+06
6.55685e+06
6.46328e+06
6.36255e+06
6.25466e+06
6.14462e+06
7.24765e+06
7.26082e+06
7.28557e+06
7.31897e+06
7.35725e+06
7.39642e+06
7.43277e+06
7.46324e+06
7.4856e+06
7.49848e+06
7.50122e+06
7.49368e+06
7.47601e+06
7.44853e+06
7.41159e+06
7.36559e+06
7.31107e+06
7.24886e+06
7.18011e+06
7.10639e+06
7.02951e+06
6.95135e+06
6.87355e+06
6.7971e+06
6.72217e+06
6.64808e+06
6.57399e+06
6.50009e+06
6.43356e+06
6.3748e+06
7.24561e+06
7.25868e+06
7.28325e+06
7.31642e+06
7.35446e+06
7.39344e+06
7.4297e+06
7.46023e+06
7.48284e+06
7.4962e+06
7.49967e+06
7.49314e+06
7.47679e+06
7.45101e+06
7.41625e+06
7.37303e+06
7.32206e+06
7.2643e+06
7.201e+06
7.13376e+06
7.06434e+06
6.99455e+06
6.92596e+06
6.8596e+06
6.79588e+06
6.73456e+06
6.67549e+06
6.61878e+06
6.56888e+06
6.52998e+06
7.24409e+06
7.25696e+06
7.28114e+06
7.31379e+06
7.35124e+06
7.38962e+06
7.42534e+06
7.45546e+06
7.47786e+06
7.49125e+06
7.49505e+06
7.4892e+06
7.47396e+06
7.4498e+06
7.41727e+06
7.37705e+06
7.32997e+06
7.27708e+06
7.21968e+06
7.15925e+06
7.09745e+06
7.0359e+06
6.97607e+06
6.91898e+06
6.86516e+06
6.81472e+06
6.76791e+06
6.72527e+06
6.69086e+06
6.66726e+06
7.24322e+06
7.25578e+06
7.27939e+06
7.31123e+06
7.34774e+06
7.3851e+06
7.41985e+06
7.44911e+06
7.47085e+06
7.48387e+06
7.48766e+06
7.48223e+06
7.46795e+06
7.44538e+06
7.41521e+06
7.37824e+06
7.33542e+06
7.28783e+06
7.23667e+06
7.18327e+06
7.12904e+06
7.07539e+06
7.02359e+06
6.97462e+06
6.92908e+06
6.88728e+06
6.84967e+06
6.81687e+06
6.79156e+06
6.77527e+06
7.24312e+06
7.25527e+06
7.27809e+06
7.30884e+06
7.34405e+06
7.38003e+06
7.41337e+06
7.44136e+06
7.46206e+06
7.47435e+06
7.47783e+06
7.47264e+06
7.45925e+06
7.43834e+06
7.41074e+06
7.37737e+06
7.3392e+06
7.29727e+06
7.25262e+06
7.20633e+06
7.1595e+06
7.1132e+06
7.06852e+06
7.02633e+06
6.98729e+06
6.95188e+06
6.92069e+06
6.89443e+06
6.87496e+06
6.86337e+06
7.24387e+06
7.25551e+06
7.27734e+06
7.30671e+06
7.34028e+06
7.37448e+06
7.40604e+06
7.43237e+06
7.45168e+06
7.46296e+06
7.46595e+06
7.46091e+06
7.44845e+06
7.42939e+06
7.40467e+06
7.37526e+06
7.34214e+06
7.3062e+06
7.26825e+06
7.22902e+06
7.18925e+06
7.14965e+06
7.11105e+06
7.07422e+06
7.03987e+06
7.00869e+06
6.98146e+06
6.95902e+06
6.9428e+06
6.93365e+06
7.24556e+06
7.25656e+06
7.27719e+06
7.3049e+06
7.33649e+06
7.36854e+06
7.39795e+06
7.4223e+06
7.43993e+06
7.45001e+06
7.45243e+06
7.44757e+06
7.43621e+06
7.41928e+06
7.39783e+06
7.37282e+06
7.34513e+06
7.31545e+06
7.28426e+06
7.25192e+06
7.21874e+06
7.18507e+06
7.15145e+06
7.11856e+06
7.08719e+06
7.05827e+06
7.03285e+06
7.01205e+06
6.9972e+06
6.98914e+06
7.2482e+06
7.25847e+06
7.27768e+06
7.30344e+06
7.33271e+06
7.36227e+06
7.38922e+06
7.41129e+06
7.42705e+06
7.43585e+06
7.43771e+06
7.43321e+06
7.42323e+06
7.40884e+06
7.39109e+06
7.37091e+06
7.349e+06
7.32576e+06
7.3013e+06
7.27555e+06
7.24837e+06
7.21977e+06
7.19001e+06
7.15969e+06
7.12973e+06
7.10133e+06
7.07594e+06
7.05506e+06
7.04015e+06
7.03224e+06
7.25181e+06
7.26122e+06
7.27881e+06
7.30234e+06
7.32897e+06
7.35572e+06
7.37992e+06
7.39953e+06
7.41333e+06
7.42085e+06
7.42233e+06
7.41847e+06
7.41028e+06
7.39888e+06
7.3853e+06
7.37036e+06
7.3545e+06
7.33778e+06
7.3199e+06
7.30031e+06
7.27848e+06
7.25403e+06
7.227e+06
7.19796e+06
7.16799e+06
7.13865e+06
7.11184e+06
7.08952e+06
7.07351e+06
7.06508e+06
7.25635e+06
7.2648e+06
7.28057e+06
7.30161e+06
7.32531e+06
7.34897e+06
7.37021e+06
7.38725e+06
7.39908e+06
7.40548e+06
7.40685e+06
7.40402e+06
7.3981e+06
7.39019e+06
7.38126e+06
7.37189e+06
7.36226e+06
7.35203e+06
7.34043e+06
7.32648e+06
7.30922e+06
7.28797e+06
7.26259e+06
7.23365e+06
7.20247e+06
7.17099e+06
7.1416e+06
7.11683e+06
7.09894e+06
7.08953e+06
7.26177e+06
7.26916e+06
7.28293e+06
7.30124e+06
7.32177e+06
7.34214e+06
7.36029e+06
7.37474e+06
7.38472e+06
7.39026e+06
7.3919e+06
7.3906e+06
7.38746e+06
7.38354e+06
7.37964e+06
7.37611e+06
7.37276e+06
7.36883e+06
7.36309e+06
7.35414e+06
7.34063e+06
7.32162e+06
7.29686e+06
7.267e+06
7.2336e+06
7.19902e+06
7.16621e+06
7.13826e+06
7.11792e+06
7.10722e+06
7.26798e+06
7.27423e+06
7.28585e+06
7.30124e+06
7.31843e+06
7.33538e+06
7.35041e+06
7.36236e+06
7.37076e+06
7.37579e+06
7.37817e+06
7.37891e+06
7.37907e+06
7.3796e+06
7.38105e+06
7.38349e+06
7.38631e+06
7.38833e+06
7.3879e+06
7.38319e+06
7.37256e+06
7.35485e+06
7.32979e+06
7.29814e+06
7.26173e+06
7.22336e+06
7.18651e+06
7.15487e+06
7.13173e+06
7.11953e+06
7.2749e+06
7.27994e+06
7.28931e+06
7.30167e+06
7.31542e+06
7.32895e+06
7.34094e+06
7.35061e+06
7.35775e+06
7.36273e+06
7.36638e+06
7.36969e+06
7.37364e+06
7.37897e+06
7.38596e+06
7.39432e+06
7.40303e+06
7.41049e+06
7.41466e+06
7.41336e+06
7.40471e+06
7.38745e+06
7.36128e+06
7.32714e+06
7.28714e+06
7.24449e+06
7.20321e+06
7.16756e+06
7.14141e+06
7.12759e+06
7.28243e+06
7.28624e+06
7.29332e+06
7.30263e+06
7.31296e+06
7.32316e+06
7.33234e+06
7.34004e+06
7.34636e+06
7.35181e+06
7.35725e+06
7.36363e+06
7.37176e+06
7.38213e+06
7.39467e+06
7.40871e+06
7.42284e+06
7.43507e+06
7.443e+06
7.44423e+06
7.43669e+06
7.41907e+06
7.39114e+06
7.35398e+06
7.30999e+06
7.26276e+06
7.21683e+06
7.17704e+06
7.14779e+06
7.13232e+06
7.29052e+06
7.29312e+06
7.29794e+06
7.30428e+06
7.31136e+06
7.31847e+06
7.32516e+06
7.33134e+06
7.33733e+06
7.34378e+06
7.35152e+06
7.36138e+06
7.37395e+06
7.3894e+06
7.40731e+06
7.4266e+06
7.44549e+06
7.46165e+06
7.47245e+06
7.47529e+06
7.46803e+06
7.44937e+06
7.41915e+06
7.3786e+06
7.33036e+06
7.2784e+06
7.22778e+06
7.18388e+06
7.15159e+06
7.13451e+06
7.2992e+06
7.30064e+06
7.30333e+06
7.30691e+06
7.31101e+06
7.31542e+06
7.32009e+06
7.32525e+06
7.33145e+06
7.3394e+06
7.34987e+06
7.36348e+06
7.38056e+06
7.40093e+06
7.4238e+06
7.44769e+06
7.47052e+06
7.48968e+06
7.50238e+06
7.50594e+06
7.49822e+06
7.47794e+06
7.44502e+06
7.40081e+06
7.34819e+06
7.29155e+06
7.23639e+06
7.18858e+06
7.15341e+06
7.1348e+06
7.3086e+06
7.309e+06
7.30978e+06
7.31092e+06
7.31249e+06
7.31469e+06
7.31787e+06
7.32258e+06
7.32952e+06
7.3394e+06
7.35288e+06
7.37034e+06
7.39179e+06
7.41669e+06
7.44388e+06
7.47155e+06
7.49735e+06
7.51851e+06
7.53215e+06
7.5356e+06
7.52674e+06
7.50436e+06
7.46841e+06
7.42039e+06
7.36346e+06
7.30237e+06
7.243e+06
7.19158e+06
7.15375e+06
7.13372e+06
7.31904e+06
7.31856e+06
7.31775e+06
7.3169e+06
7.31646e+06
7.31705e+06
7.31936e+06
7.32418e+06
7.3323e+06
7.34442e+06
7.36102e+06
7.3822e+06
7.40763e+06
7.43643e+06
7.4671e+06
7.49757e+06
7.5253e+06
7.54743e+06
7.56108e+06
7.56364e+06
7.55306e+06
7.52816e+06
7.48899e+06
7.43719e+06
7.37622e+06
7.31109e+06
7.24792e+06
7.19323e+06
7.15299e+06
7.13169e+06
7.33108e+06
7.32992e+06
7.3279e+06
7.32558e+06
7.32376e+06
7.32337e+06
7.3254e+06
7.33083e+06
7.34048e+06
7.35496e+06
7.37455e+06
7.39907e+06
7.42786e+06
7.45971e+06
7.49286e+06
7.52504e+06
7.5536e+06
7.57569e+06
7.58849e+06
7.58946e+06
7.57665e+06
7.54895e+06
7.50651e+06
7.45119e+06
7.38662e+06
7.31792e+06
7.25139e+06
7.19382e+06
7.15151e+06
7.12911e+06
7.34554e+06
7.34393e+06
7.34112e+06
7.33789e+06
7.33531e+06
7.33456e+06
7.33686e+06
7.34325e+06
7.35459e+06
7.37134e+06
7.39355e+06
7.42079e+06
7.45208e+06
7.48597e+06
7.52046e+06
7.55319e+06
7.5815e+06
7.60258e+06
7.61372e+06
7.61252e+06
7.5971e+06
7.56646e+06
7.5209e+06
7.46245e+06
7.39476e+06
7.32299e+06
7.25362e+06
7.19365e+06
7.14963e+06
7.12633e+06
7.36354e+06
7.3617e+06
7.35851e+06
7.35491e+06
7.35214e+06
7.35156e+06
7.3545e+06
7.36205e+06
7.37501e+06
7.39368e+06
7.4179e+06
7.44698e+06
7.47974e+06
7.51449e+06
7.54913e+06
7.58126e+06
7.60826e+06
7.62745e+06
7.63625e+06
7.63239e+06
7.61413e+06
7.58058e+06
7.53219e+06
7.47101e+06
7.40068e+06
7.32644e+06
7.25479e+06
7.193e+06
7.14766e+06
7.12368e+06
7.38644e+06
7.38456e+06
7.38134e+06
7.37781e+06
7.37529e+06
7.37524e+06
7.37901e+06
7.38768e+06
7.40193e+06
7.42193e+06
7.4473e+06
7.47718e+06
7.5102e+06
7.54456e+06
7.57814e+06
7.60853e+06
7.63324e+06
7.64976e+06
7.65565e+06
7.64882e+06
7.62763e+06
7.59132e+06
7.54041e+06
7.47694e+06
7.40453e+06
7.32841e+06
7.2552e+06
7.19214e+06
7.14589e+06
7.12145e+06
7.41576e+06
7.41398e+06
7.41099e+06
7.40782e+06
7.40582e+06
7.40643e+06
7.41097e+06
7.42045e+06
7.43541e+06
7.45588e+06
7.48135e+06
7.51082e+06
7.54282e+06
7.57551e+06
7.60681e+06
7.63442e+06
7.65598e+06
7.66915e+06
7.67172e+06
7.66169e+06
7.63758e+06
7.59872e+06
7.54566e+06
7.48039e+06
7.40646e+06
7.32919e+06
7.25504e+06
7.19131e+06
7.14459e+06
7.11995e+06
7.45303e+06
7.45145e+06
7.44881e+06
7.44612e+06
7.44466e+06
7.44581e+06
7.4508e+06
7.4605e+06
7.47535e+06
7.49526e+06
7.51962e+06
7.54737e+06
7.57702e+06
7.60678e+06
7.63467e+06
7.65854e+06
7.6762e+06
7.68549e+06
7.68439e+06
7.67106e+06
7.64411e+06
7.60297e+06
7.54815e+06
7.48159e+06
7.40677e+06
7.32899e+06
7.25455e+06
7.19077e+06
7.14412e+06
7.11954e+06
7.49971e+06
7.49832e+06
7.49602e+06
7.49371e+06
7.4926e+06
7.49392e+06
7.49875e+06
7.50787e+06
7.5216e+06
7.53975e+06
7.56171e+06
7.5864e+06
7.61241e+06
7.63805e+06
7.66147e+06
7.68074e+06
7.69387e+06
7.69887e+06
7.69387e+06
7.67719e+06
7.64755e+06
7.60438e+06
7.5482e+06
7.48086e+06
7.40581e+06
7.32811e+06
7.25415e+06
7.19096e+06
7.14477e+06
7.12043e+06
7.55696e+06
7.55568e+06
7.55354e+06
7.55135e+06
7.55016e+06
7.55106e+06
7.55495e+06
7.56251e+06
7.57396e+06
7.58911e+06
7.60736e+06
7.6277e+06
7.64883e+06
7.66925e+06
7.6873e+06
7.70124e+06
7.70929e+06
7.70965e+06
7.70061e+06
7.68058e+06
7.64836e+06
7.60343e+06
7.54631e+06
7.47872e+06
7.40404e+06
7.32707e+06
7.25434e+06
7.19228e+06
7.14687e+06
7.12297e+06
7.62544e+06
7.62414e+06
7.6219e+06
7.61941e+06
7.61757e+06
7.61727e+06
7.61931e+06
7.62425e+06
7.63226e+06
7.64317e+06
7.65646e+06
7.67126e+06
7.68644e+06
7.70069e+06
7.71258e+06
7.72056e+06
7.72309e+06
7.71855e+06
7.70533e+06
7.68195e+06
7.64728e+06
7.60087e+06
7.54318e+06
7.4758e+06
7.40209e+06
7.32654e+06
7.25566e+06
7.19518e+06
7.15095e+06
7.12771e+06
7.70525e+06
7.70376e+06
7.70108e+06
7.69779e+06
7.69463e+06
7.69232e+06
7.69157e+06
7.69285e+06
7.69632e+06
7.70189e+06
7.70913e+06
7.71738e+06
7.72569e+06
7.73298e+06
7.73807e+06
7.73963e+06
7.73628e+06
7.72659e+06
7.70908e+06
7.68237e+06
7.64536e+06
7.59768e+06
7.53974e+06
7.47295e+06
7.40088e+06
7.3275e+06
7.25871e+06
7.20023e+06
7.15773e+06
7.1354e+06
7.79577e+06
7.79392e+06
7.79046e+06
7.78586e+06
7.78071e+06
7.77564e+06
7.77126e+06
7.76798e+06
7.76598e+06
7.7653e+06
7.76565e+06
7.76657e+06
7.76732e+06
7.76707e+06
7.76487e+06
7.75965e+06
7.75017e+06
7.73514e+06
7.71324e+06
7.68318e+06
7.64394e+06
7.59516e+06
7.53704e+06
7.47161e+06
7.40136e+06
7.33068e+06
7.26442e+06
7.2086e+06
7.16819e+06
7.14699e+06
7.8957e+06
7.89333e+06
7.88879e+06
7.88244e+06
7.87476e+06
7.86631e+06
7.85764e+06
7.84912e+06
7.84102e+06
7.83347e+06
7.82637e+06
7.81945e+06
7.81224e+06
7.8041e+06
7.79434e+06
7.78211e+06
7.76633e+06
7.74584e+06
7.71947e+06
7.68603e+06
7.64456e+06
7.59475e+06
7.53692e+06
7.47298e+06
7.40497e+06
7.33708e+06
7.27425e+06
7.22157e+06
7.18358e+06
7.16368e+06
8.00309e+06
8.00009e+06
7.99424e+06
7.98582e+06
7.97526e+06
7.96306e+06
7.94971e+06
7.93559e+06
7.92107e+06
7.90638e+06
7.89162e+06
7.87669e+06
7.86141e+06
7.84531e+06
7.82793e+06
7.80862e+06
7.78647e+06
7.76049e+06
7.72959e+06
7.69274e+06
7.64908e+06
7.59823e+06
7.54112e+06
7.47854e+06
7.41319e+06
7.3488e+06
7.28979e+06
7.24065e+06
7.20538e+06
7.18695e+06
8.11549e+06
8.1118e+06
8.10452e+06
8.09391e+06
8.08035e+06
8.0643e+06
8.0462e+06
8.02647e+06
8.00558e+06
7.98388e+06
7.96161e+06
7.93886e+06
7.91569e+06
7.89185e+06
7.86702e+06
7.84077e+06
7.81233e+06
7.78089e+06
7.74549e+06
7.70524e+06
7.65938e+06
7.60785e+06
7.55112e+06
7.49035e+06
7.42806e+06
7.3676e+06
7.31281e+06
7.26758e+06
7.23531e+06
7.2185e+06
8.23008e+06
8.2257e+06
8.21703e+06
8.2043e+06
8.18788e+06
8.16816e+06
8.14555e+06
8.12057e+06
8.09376e+06
8.0655e+06
8.03628e+06
8.00626e+06
7.97571e+06
7.9446e+06
7.91273e+06
7.87988e+06
7.84542e+06
7.8087e+06
7.76892e+06
7.72535e+06
7.67744e+06
7.62522e+06
7.56909e+06
7.51047e+06
7.45159e+06
7.39543e+06
7.34523e+06
7.30424e+06
7.2752e+06
7.26015e+06
8.34392e+06
8.33893e+06
8.32902e+06
8.31443e+06
8.2955e+06
8.27256e+06
8.24601e+06
8.21647e+06
8.18448e+06
8.15052e+06
8.11518e+06
8.07879e+06
8.04166e+06
8.00401e+06
7.96581e+06
7.9269e+06
7.88685e+06
7.84523e+06
7.8013e+06
7.75459e+06
7.70495e+06
7.65211e+06
7.59693e+06
7.54077e+06
7.48567e+06
7.43417e+06
7.38891e+06
7.35244e+06
7.32686e+06
7.31368e+06
8.45417e+06
8.44869e+06
8.43781e+06
8.42177e+06
8.40084e+06
8.37533e+06
8.34569e+06
8.31254e+06
8.27636e+06
8.23783e+06
8.19749e+06
8.15583e+06
8.11322e+06
8.07002e+06
8.02641e+06
7.98224e+06
7.9372e+06
7.89125e+06
7.84354e+06
7.79422e+06
7.74297e+06
7.68998e+06
7.63613e+06
7.58281e+06
7.5319e+06
7.48542e+06
7.44545e+06
7.41377e+06
7.39182e+06
7.3806e+06
8.55826e+06
8.55246e+06
8.54095e+06
8.52394e+06
8.50167e+06
8.4744e+06
8.44263e+06
8.40698e+06
8.36785e+06
8.326e+06
8.28195e+06
8.23632e+06
8.18958e+06
8.14202e+06
8.09404e+06
8.04553e+06
7.99649e+06
7.94667e+06
7.89607e+06
7.84468e+06
7.79236e+06
7.73967e+06
7.68763e+06
7.63766e+06
7.59136e+06
7.55031e+06
7.51592e+06
7.48928e+06
7.47114e+06
7.46196e+06
8.65405e+06
8.64812e+06
8.63634e+06
8.61887e+06
8.59595e+06
8.56782e+06
8.53501e+06
8.49797e+06
8.45717e+06
8.41336e+06
8.36704e+06
8.31884e+06
8.26936e+06
8.2188e+06
8.16759e+06
8.11588e+06
8.06366e+06
8.01115e+06
7.95856e+06
7.90569e+06
7.85297e+06
7.80125e+06
7.75169e+06
7.70567e+06
7.6645e+06
7.62927e+06
7.60078e+06
7.57937e+06
7.56517e+06
7.55809e+06
8.73994e+06
8.73405e+06
8.72234e+06
8.70492e+06
8.68203e+06
8.65393e+06
8.62107e+06
8.58382e+06
8.54256e+06
8.49817e+06
8.45104e+06
8.40165e+06
8.3507e+06
8.29854e+06
8.24542e+06
8.1915e+06
8.13766e+06
8.08363e+06
8.02967e+06
7.9762e+06
7.92397e+06
7.87408e+06
7.82781e+06
7.78643e+06
7.75094e+06
7.72195e+06
7.6996e+06
7.68361e+06
7.67344e+06
7.6685e+06
8.81485e+06
8.80915e+06
8.79783e+06
8.78092e+06
8.75873e+06
8.73146e+06
8.6994e+06
8.66292e+06
8.6225e+06
8.57863e+06
8.53204e+06
8.48283e+06
8.43158e+06
8.37903e+06
8.32547e+06
8.27115e+06
8.21646e+06
8.16174e+06
8.10751e+06
8.05451e+06
8.00384e+06
7.95679e+06
7.91471e+06
7.87872e+06
7.84948e+06
7.82713e+06
7.81116e+06
7.8007e+06
7.79459e+06
7.79181e+06
8.8783e+06
8.87293e+06
8.86225e+06
8.84624e+06
8.82527e+06
8.79946e+06
8.769e+06
8.73413e+06
8.69559e+06
8.65307e+06
8.6081e+06
8.5603e+06
8.51035e+06
8.45869e+06
8.40569e+06
8.35175e+06
8.29736e+06
8.24311e+06
8.18978e+06
8.13846e+06
8.0905e+06
8.04739e+06
8.01045e+06
7.98061e+06
7.95819e+06
7.94279e+06
7.93338e+06
7.92849e+06
7.92642e+06
7.92578e+06
8.93031e+06
8.92537e+06
8.91554e+06
8.90083e+06
8.88143e+06
8.85747e+06
8.82917e+06
8.79677e+06
8.76055e+06
8.72081e+06
8.67806e+06
8.63253e+06
8.58463e+06
8.53475e+06
8.4833e+06
8.43078e+06
8.37779e+06
8.32516e+06
8.27395e+06
8.22555e+06
8.18153e+06
8.14345e+06
8.11257e+06
8.08962e+06
8.07449e+06
8.06631e+06
8.06354e+06
8.06417e+06
8.06606e+06
8.06749e+06
8.97156e+06
8.96711e+06
8.95823e+06
8.94498e+06
8.92742e+06
8.90567e+06
8.87989e+06
8.85023e+06
8.81692e+06
8.78021e+06
8.74038e+06
8.69771e+06
8.65252e+06
8.60517e+06
8.55611e+06
8.5059e+06
8.45532e+06
8.40542e+06
8.35754e+06
8.31327e+06
8.27434e+06
8.24232e+06
8.21837e+06
8.20291e+06
8.19544e+06
8.19463e+06
8.19846e+06
8.20446e+06
8.21016e+06
8.21356e+06
9.00298e+06
8.99903e+06
8.99116e+06
8.97936e+06
8.96372e+06
8.94427e+06
8.92112e+06
8.89436e+06
8.86416e+06
8.83068e+06
8.7941e+06
8.75465e+06
8.71261e+06
8.66832e+06
8.62228e+06
8.57515e+06
8.52787e+06
8.48171e+06
8.43824e+06
8.39922e+06
8.36644e+06
8.34141e+06
8.32509e+06
8.31757e+06
8.31796e+06
8.32451e+06
8.33475e+06
8.34588e+06
8.35516e+06
8.3604e+06
9.02557e+06
9.02211e+06
9.01519e+06
9.00483e+06
8.99103e+06
8.97381e+06
8.95323e+06
8.92936e+06
8.90224e+06
8.872e+06
8.83874e+06
8.80265e+06
8.76397e+06
8.72307e+06
8.6805e+06
8.63705e+06
8.59382e+06
8.55229e+06
8.51419e+06
8.48139e+06
8.45566e+06
8.43837e+06
8.43019e+06
8.43086e+06
8.43912e+06
8.45281e+06
8.46915e+06
8.48506e+06
8.4976e+06
8.5045e+06
9.04043e+06
9.03741e+06
9.03137e+06
9.0223e+06
9.0102e+06
8.99505e+06
8.97687e+06
8.95566e+06
8.93145e+06
8.90428e+06
8.87423e+06
8.84145e+06
8.80617e+06
8.76882e+06
8.73002e+06
8.69071e+06
8.65215e+06
8.61599e+06
8.58408e+06
8.55829e+06
8.5403e+06
8.53126e+06
8.5315e+06
8.54038e+06
8.55631e+06
8.57676e+06
8.59873e+06
8.61893e+06
8.63435e+06
8.64269e+06
9.04864e+06
9.04601e+06
9.04073e+06
9.0328e+06
9.02217e+06
9.00884e+06
8.99278e+06
8.97394e+06
8.95233e+06
8.92795e+06
8.90086e+06
8.8712e+06
8.83924e+06
8.80548e+06
8.77064e+06
8.73581e+06
8.70243e+06
8.67224e+06
8.64715e+06
8.62898e+06
8.6192e+06
8.61867e+06
8.62735e+06
8.64425e+06
8.66741e+06
8.69407e+06
8.72104e+06
8.74496e+06
8.76281e+06
8.77235e+06
9.05124e+06
9.04892e+06
9.04429e+06
9.0373e+06
9.02791e+06
9.0161e+06
9.00181e+06
8.98499e+06
8.96561e+06
8.94366e+06
8.91921e+06
8.89241e+06
8.86362e+06
8.8334e+06
8.80264e+06
8.77258e+06
8.74478e+06
8.72106e+06
8.70327e+06
8.69309e+06
8.69176e+06
8.69976e+06
8.71666e+06
8.74112e+06
8.77089e+06
8.80303e+06
8.83426e+06
8.86124e+06
8.88104e+06
8.89151e+06
9.04913e+06
9.04708e+06
9.04294e+06
9.0367e+06
9.0283e+06
9.0177e+06
9.00485e+06
8.98967e+06
8.97212e+06
8.95222e+06
8.93005e+06
8.90585e+06
8.88005e+06
8.85335e+06
8.82679e+06
8.80174e+06
8.77985e+06
8.76295e+06
8.75277e+06
8.75079e+06
8.7579e+06
8.77418e+06
8.79882e+06
8.83019e+06
8.86579e+06
8.90255e+06
8.9372e+06
8.96652e+06
8.98775e+06
8.99888e+06
9.04311e+06
9.04125e+06
9.0375e+06
9.03181e+06
9.02416e+06
9.01448e+06
9.00271e+06
8.9888e+06
8.97273e+06
8.95452e+06
8.93433e+06
8.91249e+06
8.88956e+06
8.86638e+06
8.84414e+06
8.82433e+06
8.80865e+06
8.79882e+06
8.79642e+06
8.80261e+06
8.81793e+06
8.84203e+06
8.87375e+06
8.91119e+06
8.95166e+06
8.9921e+06
9.02928e+06
9.06019e+06
9.08233e+06
9.09386e+06
9.03384e+06
9.0321e+06
9.0286e+06
9.02331e+06
9.01617e+06
9.00714e+06
8.99617e+06
8.98321e+06
8.96828e+06
8.95148e+06
8.93304e+06
8.91342e+06
8.89332e+06
8.87375e+06
8.85601e+06
8.84168e+06
8.83243e+06
8.82983e+06
8.83521e+06
8.84938e+06
8.87247e+06
8.90372e+06
8.94169e+06
8.98422e+06
9.02852e+06
9.07162e+06
9.11042e+06
9.14221e+06
9.16475e+06
9.17641e+06
9.0218e+06
9.02015e+06
9.0168e+06
9.01174e+06
9.00493e+06
8.99634e+06
8.9859e+06
8.97364e+06
8.95962e+06
8.94402e+06
8.92722e+06
8.90979e+06
8.89261e+06
8.87682e+06
8.86383e+06
8.85523e+06
8.85258e+06
8.85727e+06
8.87029e+06
8.89207e+06
8.9223e+06
8.95988e+06
9.00311e+06
9.04965e+06
9.0967e+06
9.14143e+06
9.18097e+06
9.21293e+06
9.2354e+06
9.24697e+06
9.00739e+06
9.00576e+06
9.00249e+06
8.99755e+06
8.99091e+06
8.98256e+06
8.97249e+06
8.96075e+06
8.94751e+06
8.93306e+06
8.91791e+06
8.90279e+06
8.88874e+06
8.87701e+06
8.86906e+06
8.86643e+06
8.87052e+06
8.88244e+06
8.90279e+06
8.93163e+06
8.96825e+06
9.01121e+06
9.05861e+06
9.10803e+06
9.15674e+06
9.20212e+06
9.24157e+06
9.27308e+06
9.29504e+06
9.30629e+06
8.99085e+06
8.98923e+06
8.98596e+06
8.98105e+06
8.97447e+06
8.96625e+06
8.95645e+06
8.94518e+06
8.93272e+06
8.91949e+06
8.90615e+06
8.89361e+06
8.88301e+06
8.8757e+06
8.87312e+06
8.87667e+06
8.88754e+06
8.9065e+06
8.93376e+06
8.96898e+06
9.01108e+06
9.05838e+06
9.10882e+06
9.16e+06
9.20931e+06
9.25441e+06
9.29304e+06
9.32355e+06
9.34462e+06
9.35539e+06
8.97235e+06
8.97071e+06
8.96741e+06
8.96247e+06
8.9559e+06
8.94778e+06
8.93823e+06
8.92749e+06
8.91594e+06
8.90417e+06
8.89297e+06
8.88339e+06
8.87668e+06
8.8742e+06
8.8773e+06
8.8872e+06
8.90479e+06
8.93047e+06
8.96405e+06
9.00483e+06
9.05144e+06
9.10197e+06
9.15432e+06
9.20618e+06
9.25511e+06
9.2991e+06
9.33627e+06
9.36531e+06
9.38523e+06
9.39536e+06
8.95198e+06
8.95031e+06
8.94697e+06
8.94199e+06
8.93545e+06
8.92748e+06
8.9183e+06
8.90827e+06
8.89791e+06
8.88796e+06
8.87935e+06
8.87324e+06
8.87091e+06
8.87368e+06
8.88274e+06
8.89905e+06
8.92317e+06
8.95511e+06
8.9943e+06
9.03972e+06
9.08977e+06
9.14243e+06
9.1956e+06
9.2471e+06
9.29479e+06
9.33699e+06
9.37216e+06
9.3994e+06
9.41792e+06
9.42731e+06
8.92978e+06
8.92808e+06
8.92472e+06
8.91976e+06
8.91335e+06
8.90568e+06
8.89709e+06
8.8881e+06
8.87935e+06
8.87172e+06
8.86627e+06
8.8642e+06
8.86676e+06
8.87515e+06
8.89035e+06
8.913e+06
8.9433e+06
8.98089e+06
9.02488e+06
9.07395e+06
9.12637e+06
9.18005e+06
9.23304e+06
9.28327e+06
9.32896e+06
9.36881e+06
9.4016e+06
9.42676e+06
9.44374e+06
9.45233e+06
8.90576e+06
8.90408e+06
8.90077e+06
8.89595e+06
8.88984e+06
8.88274e+06
8.87511e+06
8.86761e+06
8.86102e+06
8.85633e+06
8.85466e+06
8.8572e+06
8.86512e+06
8.87942e+06
8.9008e+06
8.92956e+06
8.96555e+06
9.00807e+06
9.05594e+06
9.10761e+06
9.16131e+06
9.21497e+06
9.26684e+06
9.31505e+06
9.35817e+06
9.39523e+06
9.42534e+06
9.44824e+06
9.46365e+06
9.47138e+06
8.87998e+06
8.87836e+06
8.87523e+06
8.87076e+06
8.86524e+06
8.8591e+06
8.85292e+06
8.84749e+06
8.84371e+06
8.84263e+06
8.84538e+06
8.85308e+06
8.86672e+06
8.88706e+06
8.9145e+06
8.94899e+06
8.99003e+06
9.03661e+06
9.08738e+06
9.14059e+06
9.19453e+06
9.24721e+06
9.29713e+06
9.34272e+06
9.38287e+06
9.41682e+06
9.44407e+06
9.46469e+06
9.47849e+06
9.48535e+06
8.85254e+06
8.85109e+06
8.84832e+06
8.84448e+06
8.83996e+06
8.83528e+06
8.83116e+06
8.82848e+06
8.82822e+06
8.83142e+06
8.83918e+06
8.85248e+06
8.87207e+06
8.89844e+06
8.93163e+06
8.97127e+06
9.01657e+06
9.06625e+06
9.11888e+06
9.17261e+06
9.22585e+06
9.27669e+06
9.32401e+06
9.36648e+06
9.40339e+06
9.43405e+06
9.45841e+06
9.47679e+06
9.48895e+06
9.49497e+06
8.82368e+06
8.82252e+06
8.82038e+06
8.81756e+06
8.81451e+06
8.81192e+06
8.81055e+06
8.81134e+06
8.8153e+06
8.82343e+06
8.83669e+06
8.85587e+06
8.88147e+06
8.91363e+06
8.95208e+06
8.99615e+06
9.0448e+06
9.0966e+06
9.15002e+06
9.20328e+06
9.25497e+06
9.3033e+06
9.34746e+06
9.38652e+06
9.41998e+06
9.44733e+06
9.46893e+06
9.48508e+06
9.49564e+06
9.50086e+06
8.79383e+06
8.79313e+06
8.79192e+06
8.79056e+06
8.78958e+06
8.78976e+06
8.79186e+06
8.79684e+06
8.80569e+06
8.81927e+06
8.83835e+06
8.86352e+06
8.89495e+06
8.93246e+06
8.9755e+06
9.02314e+06
9.07414e+06
9.12706e+06
9.18029e+06
9.23218e+06
9.28154e+06
9.32685e+06
9.3675e+06
9.40303e+06
9.4328e+06
9.45705e+06
9.47611e+06
9.49002e+06
9.49907e+06
9.50353e+06
8.76369e+06
8.76362e+06
8.76369e+06
8.7643e+06
8.766e+06
8.76962e+06
8.77589e+06
8.78571e+06
8.79997e+06
8.81937e+06
8.84443e+06
8.87544e+06
8.9123e+06
8.95454e+06
9.00134e+06
9.05157e+06
9.10393e+06
9.15695e+06
9.20903e+06
9.25887e+06
9.30529e+06
9.34709e+06
9.38416e+06
9.41592e+06
9.44238e+06
9.46366e+06
9.48006e+06
9.49195e+06
9.49965e+06
9.50343e+06
8.73423e+06
8.73498e+06
8.73669e+06
8.73975e+06
8.74474e+06
8.75241e+06
8.76342e+06
8.77861e+06
8.79863e+06
8.82398e+06
8.85491e+06
8.89141e+06
8.9331e+06
8.97925e+06
9.02886e+06
9.08069e+06
9.13338e+06
9.18554e+06
9.23573e+06
9.28279e+06
9.32583e+06
9.36409e+06
9.39743e+06
9.4256e+06
9.44873e+06
9.46711e+06
9.48115e+06
9.49123e+06
9.49772e+06
9.5009e+06
8.70678e+06
8.7085e+06
8.71217e+06
8.71811e+06
8.72687e+06
8.73906e+06
8.75525e+06
8.77606e+06
8.80195e+06
8.83314e+06
8.86958e+06
8.91097e+06
8.95668e+06
9.0058e+06
9.0572e+06
9.1096e+06
9.16169e+06
9.21214e+06
9.25976e+06
9.30365e+06
9.343e+06
9.37764e+06
9.40725e+06
9.43194e+06
9.45197e+06
9.46772e+06
9.47964e+06
9.48813e+06
9.49358e+06
9.49623e+06
8.68296e+06
8.68579e+06
8.69162e+06
8.70075e+06
8.71357e+06
8.73054e+06
8.75206e+06
8.77852e+06
8.81009e+06
8.84665e+06
8.88797e+06
8.93346e+06
8.98225e+06
9.0333e+06
9.08545e+06
9.13745e+06
9.18807e+06
9.23608e+06
9.28064e+06
9.32101e+06
9.35672e+06
9.38758e+06
9.41362e+06
9.43507e+06
9.45228e+06
9.46569e+06
9.47575e+06
9.48287e+06
9.48742e+06
9.48962e+06
8.66466e+06
8.66865e+06
8.67673e+06
8.68914e+06
8.7061e+06
8.72779e+06
8.75449e+06
8.78626e+06
8.82298e+06
8.86421e+06
8.90952e+06
8.95807e+06
9.00887e+06
9.06079e+06
9.11268e+06
9.16338e+06
9.21174e+06
9.25685e+06
9.298e+06
9.33467e+06
9.36664e+06
9.3939e+06
9.41661e+06
9.43512e+06
9.44982e+06
9.46118e+06
9.46964e+06
9.4756e+06
9.47938e+06
9.48122e+06
8.65391e+06
8.65901e+06
8.66928e+06
8.68482e+06
8.70565e+06
8.7317e+06
8.76304e+06
8.79946e+06
8.8404e+06
8.88535e+06
8.93355e+06
8.98402e+06
9.03566e+06
9.08738e+06
9.13806e+06
9.18664e+06
9.23218e+06
9.27396e+06
9.31146e+06
9.34442e+06
9.37276e+06
9.39664e+06
9.41632e+06
9.4322e+06
9.44472e+06
9.45432e+06
9.46143e+06
9.46642e+06
9.46958e+06
9.4711e+06
8.6527e+06
8.65881e+06
8.67101e+06
8.68923e+06
8.71338e+06
8.74309e+06
8.77822e+06
8.81815e+06
8.86221e+06
8.9096e+06
8.95939e+06
9.0105e+06
9.06184e+06
9.11231e+06
9.1609e+06
9.20669e+06
9.24893e+06
9.2871e+06
9.32089e+06
9.35021e+06
9.37513e+06
9.39591e+06
9.41288e+06
9.42647e+06
9.43711e+06
9.44523e+06
9.45123e+06
9.45542e+06
9.45807e+06
9.45935e+06
8.66287e+06
8.66976e+06
8.68343e+06
8.70374e+06
8.7303e+06
8.76263e+06
8.80028e+06
8.84243e+06
8.88813e+06
8.9365e+06
8.98657e+06
9.03697e+06
9.08683e+06
9.13507e+06
9.18077e+06
9.2232e+06
9.2618e+06
9.29622e+06
9.32632e+06
9.35216e+06
9.37391e+06
9.39189e+06
9.40648e+06
9.41809e+06
9.42715e+06
9.43405e+06
9.43913e+06
9.44269e+06
9.44493e+06
9.44602e+06
8.68586e+06
8.69322e+06
8.70777e+06
8.7292e+06
8.75723e+06
8.79078e+06
8.82952e+06
8.87226e+06
8.91809e+06
8.96592e+06
9.01464e+06
9.06313e+06
9.11038e+06
9.15544e+06
9.19757e+06
9.23618e+06
9.27089e+06
9.3015e+06
9.32801e+06
9.35056e+06
9.3694e+06
9.38489e+06
9.3974e+06
9.40733e+06
9.41506e+06
9.42095e+06
9.4253e+06
9.42834e+06
9.43027e+06
9.43121e+06
8.72247e+06
8.72996e+06
8.74473e+06
8.76638e+06
8.79436e+06
8.82784e+06
8.86599e+06
8.90775e+06
8.95204e+06
8.99775e+06
9.04374e+06
9.08899e+06
9.13254e+06
9.17361e+06
9.21158e+06
9.24601e+06
9.27665e+06
9.30345e+06
9.32647e+06
9.34594e+06
9.36212e+06
9.37538e+06
9.38607e+06
9.39456e+06
9.40118e+06
9.40624e+06
9.40998e+06
9.41262e+06
9.41429e+06
9.4151e+06
8.77285e+06
8.78009e+06
8.79435e+06
8.81518e+06
8.84193e+06
8.8738e+06
8.90982e+06
8.94895e+06
8.99009e+06
9.03214e+06
9.07406e+06
9.11489e+06
9.15381e+06
9.19017e+06
9.22348e+06
9.25344e+06
9.2799e+06
9.30289e+06
9.32254e+06
9.33909e+06
9.35282e+06
9.36405e+06
9.37312e+06
9.38035e+06
9.38601e+06
9.39036e+06
9.39359e+06
9.39588e+06
9.39734e+06
9.39806e+06
8.83638e+06
8.84303e+06
8.8561e+06
8.87514e+06
8.8995e+06
8.92836e+06
8.9608e+06
8.9958e+06
9.03234e+06
9.06941e+06
9.10608e+06
9.14151e+06
9.17502e+06
9.20609e+06
9.23435e+06
9.25961e+06
9.2818e+06
9.30099e+06
9.31734e+06
9.33109e+06
9.3425e+06
9.35185e+06
9.35944e+06
9.3655e+06
9.37029e+06
9.37399e+06
9.37677e+06
9.37875e+06
9.38002e+06
9.38065e+06
8.91171e+06
8.91747e+06
8.92877e+06
8.9452e+06
8.96614e+06
8.99086e+06
9.0185e+06
9.04817e+06
9.07896e+06
9.10999e+06
9.14049e+06
9.16976e+06
9.19728e+06
9.22263e+06
9.24556e+06
9.26595e+06
9.28379e+06
9.29919e+06
9.31228e+06
9.32329e+06
9.33245e+06
9.33999e+06
9.34613e+06
9.35109e+06
9.35503e+06
9.3581e+06
9.36043e+06
9.3621e+06
9.36318e+06
9.36371e+06
8.99677e+06
9.00142e+06
9.01053e+06
9.02374e+06
9.04054e+06
9.06029e+06
9.08228e+06
9.10577e+06
9.13001e+06
9.1543e+06
9.17802e+06
9.20066e+06
9.22181e+06
9.24119e+06
9.25863e+06
9.27406e+06
9.28752e+06
9.29911e+06
9.30896e+06
9.31726e+06
9.32417e+06
9.32989e+06
9.33459e+06
9.3384e+06
9.34147e+06
9.34388e+06
9.34573e+06
9.34706e+06
9.34793e+06
9.34836e+06
9.08897e+06
9.09239e+06
9.09906e+06
9.10872e+06
9.12096e+06
9.1353e+06
9.15119e+06
9.16807e+06
9.18539e+06
9.20262e+06
9.21933e+06
9.23516e+06
9.24983e+06
9.26317e+06
9.27509e+06
9.28557e+06
9.29466e+06
9.30245e+06
9.30906e+06
9.31463e+06
9.31928e+06
9.32314e+06
9.32633e+06
9.32895e+06
9.33107e+06
9.33276e+06
9.33406e+06
9.33501e+06
9.33564e+06
9.33595e+06
9.18539e+06
9.18753e+06
9.19173e+06
9.19777e+06
9.2054e+06
9.21428e+06
9.22405e+06
9.23432e+06
9.24475e+06
9.255e+06
9.26481e+06
9.27396e+06
9.2823e+06
9.28975e+06
9.29629e+06
9.30194e+06
9.30675e+06
9.31081e+06
9.3142e+06
9.31702e+06
9.31937e+06
9.32131e+06
9.32293e+06
9.32426e+06
9.32535e+06
9.32624e+06
9.32693e+06
9.32744e+06
9.32778e+06
9.32795e+06
9.28299e+06
9.28394e+06
9.28578e+06
9.28842e+06
9.29169e+06
9.29542e+06
9.29942e+06
9.30349e+06
9.30747e+06
9.31118e+06
9.31453e+06
9.31742e+06
9.31984e+06
9.32176e+06
9.32323e+06
9.3243e+06
9.32502e+06
9.32548e+06
9.32573e+06
9.32585e+06
9.32588e+06
9.32586e+06
9.32583e+06
9.32581e+06
9.32579e+06
9.32579e+06
9.3258e+06
9.32582e+06
9.32583e+06
9.32584e+06
9.37889e+06
9.37879e+06
9.37857e+06
9.37819e+06
9.37762e+06
9.37681e+06
9.37573e+06
9.37433e+06
9.37259e+06
9.37052e+06
9.36814e+06
9.36547e+06
9.36258e+06
9.35954e+06
9.35642e+06
9.3533e+06
9.35025e+06
9.34734e+06
9.34461e+06
9.34212e+06
9.33988e+06
9.33792e+06
9.33623e+06
9.3348e+06
9.33362e+06
9.33268e+06
9.33196e+06
9.33143e+06
9.33109e+06
9.33093e+06
9.47055e+06
9.46959e+06
9.46767e+06
9.46483e+06
9.46112e+06
9.45659e+06
9.45132e+06
9.4454e+06
9.43895e+06
9.43207e+06
9.42489e+06
9.41756e+06
9.41018e+06
9.40289e+06
9.39581e+06
9.38903e+06
9.38264e+06
9.3767e+06
9.37126e+06
9.36635e+06
9.36197e+06
9.35814e+06
9.35482e+06
9.35201e+06
9.34966e+06
9.34777e+06
9.34629e+06
9.3452e+06
9.34449e+06
9.34414e+06
9.55589e+06
9.55428e+06
9.5511e+06
9.54642e+06
9.54034e+06
9.53301e+06
9.52458e+06
9.51523e+06
9.50517e+06
9.49459e+06
9.4837e+06
9.4727e+06
9.46177e+06
9.45108e+06
9.44078e+06
9.43099e+06
9.42179e+06
9.41328e+06
9.40548e+06
9.39843e+06
9.39214e+06
9.38659e+06
9.38177e+06
9.37764e+06
9.37419e+06
9.37137e+06
9.36916e+06
9.36753e+06
9.36645e+06
9.36591e+06
9.63341e+06
9.63137e+06
9.62735e+06
9.62145e+06
9.6138e+06
9.60459e+06
9.59403e+06
9.58236e+06
9.56983e+06
9.55669e+06
9.5432e+06
9.5296e+06
9.51611e+06
9.50293e+06
9.49022e+06
9.47812e+06
9.46675e+06
9.45619e+06
9.44648e+06
9.43767e+06
9.42975e+06
9.42274e+06
9.4166e+06
9.41132e+06
9.40686e+06
9.40321e+06
9.40033e+06
9.39819e+06
9.39677e+06
9.39607e+06
9.70218e+06
9.69992e+06
9.69545e+06
9.68889e+06
9.6804e+06
9.67017e+06
9.65845e+06
9.64548e+06
9.63156e+06
9.61695e+06
9.60193e+06
9.58676e+06
9.57168e+06
9.5569e+06
9.54261e+06
9.52896e+06
9.51608e+06
9.50405e+06
9.49293e+06
9.48278e+06
9.47362e+06
9.46544e+06
9.45824e+06
9.45201e+06
9.44673e+06
9.44237e+06
9.43891e+06
9.43634e+06
9.43463e+06
9.43378e+06
9.76181e+06
9.7595e+06
9.75492e+06
9.74819e+06
9.73947e+06
9.72895e+06
9.71689e+06
9.70352e+06
9.68913e+06
9.674e+06
9.6584e+06
9.64259e+06
9.62682e+06
9.61129e+06
9.59621e+06
9.58173e+06
9.56799e+06
9.55508e+06
9.54309e+06
9.53207e+06
9.52205e+06
9.51306e+06
9.5051e+06
9.49817e+06
9.49226e+06
9.48737e+06
9.48347e+06
9.48056e+06
9.47863e+06
9.47766e+06
9.8124e+06
9.81015e+06
9.80572e+06
9.79919e+06
9.79073e+06
9.7805e+06
9.76874e+06
9.75568e+06
9.74158e+06
9.72671e+06
9.71131e+06
9.69564e+06
9.67993e+06
9.66439e+06
9.64921e+06
9.63455e+06
9.62055e+06
9.60732e+06
9.59495e+06
9.58351e+06
9.57305e+06
9.5636e+06
9.55519e+06
9.54783e+06
9.54153e+06
9.53628e+06
9.53209e+06
9.52895e+06
9.52686e+06
9.52582e+06
9.85438e+06
9.8523e+06
9.84818e+06
9.84212e+06
9.83425e+06
9.82472e+06
9.81372e+06
9.80148e+06
9.78822e+06
9.77416e+06
9.75955e+06
9.74461e+06
9.72955e+06
9.71457e+06
9.69986e+06
9.68556e+06
9.67181e+06
9.65874e+06
9.64644e+06
9.635e+06
9.62447e+06
9.6149e+06
9.60634e+06
9.59881e+06
9.59233e+06
9.58691e+06
9.58257e+06
9.57932e+06
9.57714e+06
9.57606e+06
9.88845e+06
9.88659e+06
9.8829e+06
9.87746e+06
9.87037e+06
9.86178e+06
9.85184e+06
9.84072e+06
9.82864e+06
9.81577e+06
9.80233e+06
9.78852e+06
9.77451e+06
9.7605e+06
9.74664e+06
9.7331e+06
9.71999e+06
9.70745e+06
9.69558e+06
9.68446e+06
9.67417e+06
9.66477e+06
9.65631e+06
9.64883e+06
9.64237e+06
9.63696e+06
9.6326e+06
9.62932e+06
9.62713e+06
9.62604e+06
9.91546e+06
9.91383e+06
9.91061e+06
9.90585e+06
9.89963e+06
9.89207e+06
9.8833e+06
9.87346e+06
9.86271e+06
9.8512e+06
9.83913e+06
9.82664e+06
9.81391e+06
9.80109e+06
9.78833e+06
9.77578e+06
9.76357e+06
9.7518e+06
9.74059e+06
9.73003e+06
9.7202e+06
9.71117e+06
9.70301e+06
9.69576e+06
9.68947e+06
9.68418e+06
9.67991e+06
9.6767e+06
9.67454e+06
9.67346e+06
9.93629e+06
9.93489e+06
9.93212e+06
9.92803e+06
9.92266e+06
9.91612e+06
9.9085e+06
9.89992e+06
9.8905e+06
9.88037e+06
9.86967e+06
9.85855e+06
9.84714e+06
9.83558e+06
9.82401e+06
9.81255e+06
9.80132e+06
9.79044e+06
9.78001e+06
9.77013e+06
9.76088e+06
9.75235e+06
9.74459e+06
9.73768e+06
9.73166e+06
9.72658e+06
9.72247e+06
9.71937e+06
9.71728e+06
9.71624e+06
9.95179e+06
9.9506e+06
9.94823e+06
9.94472e+06
9.94012e+06
9.93448e+06
9.9279e+06
9.92044e+06
9.91222e+06
9.90334e+06
9.89391e+06
9.88404e+06
9.87386e+06
9.86349e+06
9.85304e+06
9.84262e+06
9.83236e+06
9.82235e+06
9.81271e+06
9.80352e+06
9.79488e+06
9.78687e+06
9.77956e+06
9.77302e+06
9.7673e+06
9.76246e+06
9.75854e+06
9.75557e+06
9.75358e+06
9.75258e+06
9.96272e+06
9.96169e+06
9.95964e+06
9.9566e+06
9.95261e+06
9.9477e+06
9.94195e+06
9.93541e+06
9.92817e+06
9.9203e+06
9.91191e+06
9.90308e+06
9.89392e+06
9.88453e+06
9.87502e+06
9.8655e+06
9.85606e+06
9.84681e+06
9.83785e+06
9.82928e+06
9.82118e+06
9.81364e+06
9.80673e+06
9.80053e+06
9.7951e+06
9.79049e+06
9.78675e+06
9.78391e+06
9.782e+06
9.78105e+06
9.96965e+06
9.96874e+06
9.96691e+06
9.9642e+06
9.96063e+06
9.95623e+06
9.95106e+06
9.94517e+06
9.93861e+06
9.93146e+06
9.9238e+06
9.91571e+06
9.90728e+06
9.8986e+06
9.88976e+06
9.88088e+06
9.87204e+06
9.86334e+06
9.85489e+06
9.84677e+06
9.83907e+06
9.83188e+06
9.82529e+06
9.81935e+06
9.81413e+06
9.8097e+06
9.8061e+06
9.80336e+06
9.80152e+06
9.8006e+06
9.97302e+06
9.97216e+06
9.97045e+06
9.9679e+06
9.96455e+06
9.96041e+06
9.95554e+06
9.94997e+06
9.94377e+06
9.93699e+06
9.92971e+06
9.922e+06
9.91394e+06
9.90563e+06
9.89715e+06
9.8886e+06
9.88007e+06
9.87167e+06
9.86348e+06
9.8556e+06
9.84812e+06
9.84112e+06
9.83469e+06
9.82889e+06
9.8238e+06
9.81946e+06
9.81593e+06
9.81325e+06
9.81145e+06
9.81054e+06
)
;

boundaryField
{
    outerWall
    {
        type            zeroGradient;
    }
    axis
    {
        type            symmetryPlane;
    }
    nozzle
    {
        type            fixedValue;
        value           uniform 0;
    }
    back
    {
        type            empty;
    }
    front
    {
        type            empty;
    }
}


// ************************************************************************* //
