/*--------------------------------*- C++ -*----------------------------------*\
| =========                 |                                                 |
| \\      /  F ield         | OpenFOAM: The Open Source CFD Toolbox           |
|  \\    /   O peration     | Version:  2412                                  |
|   \\  /    A nd           | Website:  www.openfoam.com                      |
|    \\/     M anipulation  |                                                 |
\*---------------------------------------------------------------------------*/
FoamFile
{
    version     2.0;
    format      ascii;
    arch        "LSB;label=32;scalar=64";
    class       surfaceScalarField;
    location    "0.00013";
    object      phi;
}
// * * * * * * * * * * * * * * * * * * * * * * * * * * * * * * * * * * * * * //

dimensions      [1 0 -1 0 0 0 0];

oriented        oriented;

internalField   nonuniform List<scalar> 
7275
(
-0.00267224
-0.00345951
-0.00505793
-0.00335581
-0.00687574
-0.00316118
-0.00772993
-0.0029135
-0.00735649
-0.00259049
-0.0054982
-0.00217653
-0.00213194
-0.00177759
0.00221665
-0.0013831
0.00772733
-0.00107723
0.0138435
-0.00081911
0.019973
-0.000628384
0.0256371
-0.000493254
0.0304988
-0.000393632
0.0343647
-0.00030163
0.0371776
-0.000196215
0.0389774
-5.59574e-05
0.0398686
0.000130344
0.0399618
0.0003846
0.0393708
0.000707956
0.0381823
0.00110539
0.0364541
0.0015783
0.0342173
0.00212257
0.0314826
0.00272772
0.028247
0.00337993
0.024516
0.00404774
0.0203093
0.00469701
0.0156699
0.00528832
0.010668
0.00578148
0.00540326
0.00613698
0.00632341
-0.00263905
-0.00689246
-0.00497235
-0.00671054
-0.00673148
-0.00631631
-0.00755203
-0.00580542
-0.0071277
-0.00516174
-0.00527267
-0.0043453
-0.00198502
-0.00351174
0.00238896
-0.0027878
0.00787349
-0.00216321
0.0139528
-0.00165236
0.0200512
-0.00127555
0.0256972
-0.00100869
0.0305522
-0.000807844
0.0344265
-0.000624726
0.0372607
-0.000413999
0.0390911
-0.000131493
0.0400152
0.000249185
0.0401457
0.0007607
0.0395972
0.00141077
0.0384498
0.00221613
0.0367606
0.00317412
0.0345604
0.00427557
0.0318475
0.00551031
0.028617
0.0068404
0.0248741
0.00820053
0.0206368
0.00952369
0.0159432
0.0107339
0.0108649
0.011745
0.00550651
0.0124747
0.0128578
-0.00252021
-0.0103186
-0.00476582
-0.0100257
-0.00640634
-0.00945641
-0.00713311
-0.00865846
-0.00676325
-0.00758668
-0.00487279
-0.00647657
-0.00158294
-0.00530151
0.00273868
-0.00420344
0.00816244
-0.0032673
0.0141689
-0.00251491
0.0202061
-0.00196028
0.0258087
-0.00156072
0.0306582
-0.00127021
0.034554
-0.000995269
0.0374258
-0.000669936
0.0393118
-0.000241636
0.0403061
0.000333384
0.0405196
0.00111168
0.0400531
0.00210645
0.0389913
0.00333418
0.0373857
0.0047985
0.0352468
0.00649856
0.0325789
0.00839783
0.029369
0.0104467
0.0256089
0.0125508
0.0213082
0.0146046
0.0165034
0.0164884
0.0112688
0.0180666
0.0057184
0.0192084
0.019809
-0.00238802
-0.0136788
-0.00449484
-0.0132858
-0.00599079
-0.0125399
-0.00661853
-0.0114418
-0.00606378
-0.0100639
-0.0041455
-0.00859593
-0.000877216
-0.00699895
0.00327267
-0.0055988
0.00859019
-0.00439059
0.0144806
-0.00341401
0.0204265
-0.00269976
0.0259864
-0.00218767
0.0308205
-0.00179589
0.0347398
-0.00142734
0.0376747
-0.000989876
0.0396515
-0.000411417
0.0407519
0.000370537
0.0410838
0.00143013
0.0407482
0.00278177
0.0398178
0.00445785
0.0383339
0.00646557
0.0363104
0.00879722
0.0337161
0.0114279
0.0305331
0.0142642
0.0267489
0.0171807
0.0223535
0.020048
0.0173779
0.0226892
0.0119005
0.0249104
0.00605024
0.026523
0.0273734
-0.0021921
-0.0169592
-0.00409524
-0.0164757
-0.0054337
-0.0155189
-0.00588121
-0.0141511
-0.00524817
-0.012477
-0.00334068
-0.0106068
-0.000237069
-0.00872412
0.00394545
-0.00702147
0.00914085
-0.00555355
0.0148969
-0.00437938
0.0207277
-0.00351463
0.0262054
-0.00288482
0.0310336
-0.00241735
0.0349898
-0.00194553
0.0380131
-0.00139922
0.0401069
-0.000658061
0.0413536
0.000333192
0.0418555
0.00169065
0.041697
0.00342421
0.0409488
0.00557689
0.0396439
0.00816481
0.0377653
0.0111942
0.0352806
0.0146202
0.0321576
0.0183173
0.028344
0.0221529
0.0238198
0.0259439
0.0186081
0.0294552
0.0127916
0.0324239
0.00651938
0.0345891
0.0357357
-0.00192463
-0.0201446
-0.00357166
-0.0195597
-0.004664
-0.0184088
-0.00496145
-0.016732
-0.00421717
-0.0148058
-0.0022938
-0.0125815
0.000680742
-0.0104198
0.00477601
-0.00845888
0.00980553
-0.00675904
0.0153825
-0.00541187
0.0210765
-0.00442369
0.0264885
-0.00370015
0.0312996
-0.00314385
0.035314
-0.00258057
0.0384407
-0.00191232
0.0406846
-0.00100312
0.0421182
0.000198846
0.0428374
0.00186849
0.0429116
0.00400724
0.0424051
0.00666688
0.041335
0.00988007
0.0396658
0.0136663
0.0373395
0.0179669
0.0342946
0.0226265
0.0304528
0.0275008
0.025768
0.0323527
0.0202504
0.036879
0.0139861
0.0407328
0.00715024
0.0435616
0.0450684
-0.00162383
-0.0231763
-0.00297694
-0.0224858
-0.0038163
-0.0211528
-0.00385705
-0.0192664
-0.00299755
-0.0170122
-0.0010701
-0.0144975
0.00177736
-0.0121071
0.00573343
-0.0099092
0.0105686
-0.00802373
0.0159434
-0.00653082
0.0214836
-0.00544617
0.026808
-0.00463905
0.0316106
-0.00400123
0.0356966
-0.00335322
0.038957
-0.00255787
0.0414023
-0.00148914
0.0430615
-2.02189e-05
0.0440452
0.00194076
0.0444121
0.00449616
0.0442201
0.00768466
0.0434482
0.0115783
0.0420464
0.0161842
0.0399396
0.0214311
0.0370124
0.0271693
0.0331514
0.0332228
0.0282775
0.0393009
0.0223793
0.0450229
0.0155433
0.0499405
0.00797654
0.053581
0.0555367
-0.00125318
-0.0260188
-0.00225932
-0.0252176
-0.00278703
-0.0237343
-0.00263764
-0.0216365
-0.00165818
-0.0191011
0.000176728
-0.0163893
0.00299217
-0.0137923
0.00679141
-0.0113964
0.0114092
-0.00936717
0.0165743
-0.00776708
0.0219416
-0.00659437
0.0271746
-0.00572054
0.0319773
-0.00501188
0.0361479
-0.00428133
0.0395776
-0.00336855
0.042234
-0.0021172
0.0441792
-0.000412146
0.0454917
0.00186659
0.0462218
0.00484956
0.0464032
0.008598
0.0460164
0.0131941
0.0449672
0.0186777
0.043146
0.0249525
0.0403887
0.031887
0.0365314
0.0392755
0.0314476
0.046774
0.0250918
0.0539155
0.0175431
0.0601283
0.00904467
0.0647804
0.0673108
-0.000832065
-0.0286031
-0.00143125
-0.0277492
-0.00163856
-0.0260941
-0.00124149
-0.0238343
-0.000223686
-0.021098
0.00160961
-0.0182457
0.00433386
-0.0154615
0.00793726
-0.0129282
0.0123084
-0.010799
0.0172398
-0.00912877
0.0224355
-0.00789502
0.0275804
-0.00696563
0.0323941
-0.00619649
0.0366699
-0.00538796
0.0402748
-0.0043461
0.0432135
-0.00294807
0.0454914
-0.000999502
0.047178
0.0015968
0.0483402
0.00501146
0.048989
0.00932905
0.0490707
0.0146535
0.0484698
0.021051
0.0470242
0.0284276
0.0445111
0.0366751
0.0407012
0.0455673
0.0354018
0.0547123
0.0285136
0.0635502
0.0200921
0.0713616
0.010419
0.0772988
0.0805883
-0.000346172
-0.0308924
-0.000539862
-0.0299761
-0.000356365
-0.0282411
0.000164192
-0.0258403
0.00131897
-0.0230122
0.0031591
-0.0200295
0.00575543
-0.0171304
0.00913752
-0.0145201
0.0132494
-0.0123387
0.0179382
-0.0106318
0.0229567
-0.0093609
0.0280237
-0.00839667
0.032851
-0.00756416
0.0372464
-0.00668833
0.0410916
-0.00555131
0.0443201
-0.00398141
0.0469723
-0.00180894
0.0491083
0.00108543
0.0507894
0.00491033
0.0519856
0.00979932
0.0526446
0.0158411
0.0525982
0.0231801
0.0516414
0.0317105
0.0494754
0.0413791
0.0457873
0.0519522
0.0402929
0.0630048
0.0328082
0.0738835
0.0233359
0.0836967
0.0121913
0.0913017
0.0956309
0.000132498
-0.0328283
0.000389178
-0.0318917
0.00088207
-0.0301132
0.00171147
-0.0276633
0.00297829
-0.02478
0.00478162
-0.0217436
0.00722328
-0.0188117
0.0103679
-0.0161863
0.014212
-0.0140005
0.0186571
-0.0122914
0.0235011
-0.0110061
0.0284876
-0.0100184
0.0333608
-0.00915078
0.0378989
-0.00820613
0.0419698
-0.00696715
0.0455474
-0.00527134
0.0486438
-0.00290453
0.0512855
0.000276629
0.0535462
0.00449108
0.0553991
0.00988932
0.0567379
0.0166334
0.0573911
0.0248853
0.057061
0.0346114
0.0553824
0.0457876
0.0519362
0.0582198
0.046311
0.0714785
0.0381922
0.0848278
0.0274775
0.0971871
0.0144966
0.107007
0.11282
0.000661846
-0.034378
0.00139012
-0.0334435
0.00225228
-0.0316738
0.00331932
-0.0292461
0.00467547
-0.0263955
0.00642694
-0.0233974
0.00870051
-0.0205137
0.011602
-0.017938
0.0151775
-0.015795
0.019384
-0.0141199
0.0240616
-0.0128437
0.0289827
-0.0118488
0.0338979
-0.0109542
0.0385937
-0.00995722
0.0429475
-0.00865066
0.0468948
-0.00683729
0.0504602
-0.00431125
0.053677
-0.000878311
0.0566091
0.00364235
0.0592051
0.00949361
0.0613656
0.0168627
0.0628558
0.0259854
0.0633328
0.0368864
0.0623351
0.0496244
0.0593165
0.0640833
0.0536951
0.0798816
0.0449578
0.0962366
0.0328074
0.111884
0.0175399
0.124716
0.132741
0.00119455
-0.0354855
0.00239705
-0.034588
0.0036269
-0.0328918
0.00492137
-0.0305692
0.00635667
-0.0278494
0.00804811
-0.0249871
0.0101509
-0.0222372
0.0128114
-0.0197778
0.0161256
-0.0177272
0.0201062
-0.0161263
0.0246265
-0.0148794
0.0294927
-0.0138964
0.0344678
-0.0129919
0.0393405
-0.011962
0.0439792
-0.0106063
0.0483307
-0.00871722
0.0524092
-0.00607789
0.0562616
-0.00248139
0.0599284
0.00227643
0.0633794
0.0084798
0.0664832
0.0163791
0.0689989
0.026244
0.0704938
0.0382553
0.0704331
0.0525463
0.0681192
0.0691631
0.0627453
0.0878549
0.0535028
0.107872
0.0397519
0.127822
0.0216436
0.144845
0.156314
0.00170552
-0.036116
0.00336349
-0.0352941
0.00494604
-0.0337414
0.00645856
-0.0316139
0.00796567
-0.0291241
0.00959625
-0.0264987
0.0115368
-0.0239743
0.0139686
-0.0216993
0.0170406
-0.0197969
0.0208049
-0.0183029
0.025185
-0.0171167
0.0300093
-0.0161656
0.0350563
-0.0152726
0.0401144
-0.01423
0.0450565
-0.0128576
0.0498308
-0.0109382
0.0544609
-0.00825408
0.0589947
-0.00457789
0.0634453
0.000307074
0.0678556
0.00671543
0.0720517
0.0149886
0.0757627
0.0254314
0.0785436
0.0383756
0.0797591
0.054127
0.0785518
0.0729613
0.0738344
0.0948872
0.0643731
0.119341
0.0489501
0.144962
0.027327
0.167959
0.185006
0.00217573
-0.0362614
0.00424939
-0.0355473
0.00615699
-0.0342078
0.00786949
-0.0323596
0.00944671
-0.0302003
0.0110275
-0.0279137
0.0128111
-0.025692
0.0150428
-0.023689
0.0178987
-0.02199
0.021468
-0.0206365
0.0257268
-0.0195484
0.0305237
-0.0186545
0.0356471
-0.0177931
0.0408994
-0.0167702
0.0461518
-0.0154179
0.0513601
-0.0135237
0.0565538
-0.0108714
0.0617941
-0.00722227
0.0671152
-0.0023189
0.0725431
0.00412476
0.0779507
0.0125024
0.0830784
0.023249
0.0874426
0.0368703
0.0903604
0.0538568
0.0908227
0.0748307
0.0874141
0.100243
0.0783142
0.129984
0.0613855
0.163061
0.0354714
0.194753
0.221196
0.0025824
-0.0359319
0.00501789
-0.035355
0.00721103
-0.0342906
0.00909998
-0.0327934
0.0107397
-0.0310514
0.0122776
-0.0291942
0.0139417
-0.0273673
0.0160043
-0.025711
0.0186751
-0.0242728
0.0220797
-0.0231023
0.0262382
-0.0221537
0.0310159
-0.0213436
0.03623
-0.0205532
0.0416733
-0.0195767
0.0472334
-0.0182921
0.0528725
-0.016486
0.0586337
-0.0139552
0.0645939
-0.0104571
0.0708197
-0.00572928
0.0773148
0.000495686
0.0840577
0.00871274
0.090785
0.0194497
0.0970714
0.0333331
0.102214
0.0511451
0.105105
0.0739492
0.103998
0.102872
0.0963136
0.138695
0.0785246
0.181424
0.0474035
0.226095
0.268621
0.00291157
-0.0351603
0.00564372
-0.034746
0.00805734
-0.0339892
0.0100947
-0.0329135
0.0117949
-0.0316587
0.0133104
-0.0303072
0.0148926
-0.0289592
0.0168081
-0.0276974
0.0193347
-0.0265974
0.0226201
-0.0256683
0.0267036
-0.024897
0.0314838
-0.0242125
0.0367736
-0.0235135
0.0424081
-0.0226407
0.0482657
-0.0214744
0.0543188
-0.0198242
0.0606272
-0.0175106
0.0672933
-0.0143002
0.0744167
-0.00993435
0.0820299
-0.00409243
0.0901542
0.00364218
0.0986741
0.0138454
0.107221
0.0274048
0.115176
0.0453753
0.121467
0.0693151
0.124116
0.101296
0.119719
0.143577
0.10318
0.197915
0.0665736
0.262238
0.334482
0.00314972
-0.0340023
0.00609451
-0.0337634
0.0086699
-0.0333361
0.0108167
-0.0327256
0.012568
-0.032005
0.0140764
-0.0312127
0.0156021
-0.0304032
0.0174335
-0.0296034
0.019865
-0.0289028
0.0230618
-0.0282643
0.0270941
-0.0277197
0.031887
-0.02721
0.0372747
-0.0266568
0.0430846
-0.0259272
0.0492064
-0.024929
0.0556345
-0.0235113
0.0624651
-0.0215368
0.069788
-0.0187364
0.0777708
-0.0149404
0.0865117
-0.0098042
0.0960266
-0.00290596
0.106411
0.00627606
0.117491
0.0187922
0.128877
0.0359265
0.139706
0.059788
0.147999
0.0936271
0.149228
0.142292
0.135057
0.211408
0.0913241
0.3048
0.424319
0.00328228
-0.0325316
0.00635029
-0.0324741
0.00902854
-0.0323865
0.0112413
-0.0322486
0.0130274
-0.0320811
0.0145518
-0.0318864
0.0160465
-0.0316345
0.0178467
-0.0313654
0.0202139
-0.031094
0.0233728
-0.0308208
0.0273922
-0.0305557
0.0322107
-0.0302669
0.03769
-0.0299186
0.043655
-0.0293806
0.0500209
-0.0286219
0.0567904
-0.0275173
0.0640413
-0.0259492
0.0719611
-0.0237338
0.0807151
-0.0206933
0.0904784
-0.0165432
0.101411
-0.0109141
0.113601
-0.00323855
0.127353
0.00727888
0.142703
0.0222636
0.159377
0.0440734
0.176605
0.0765897
0.191622
0.126688
0.197116
0.204612
0.152404
0.347631
0.574426
0.00331666
-0.0308502
0.00641435
-0.0309599
0.00911755
-0.0311944
0.0113553
-0.0315213
0.0131644
-0.0318994
0.0146879
-0.0322796
0.0162031
-0.032624
0.0180038
-0.0329006
0.0203719
-0.0331054
0.023528
-0.0332403
0.0275631
-0.0333112
0.0324316
-0.0333045
0.0379848
-0.033202
0.0440918
-0.0329337
0.0506559
-0.0324757
0.0576936
-0.0317579
0.0653107
-0.0306989
0.0737036
-0.0291851
0.0830984
-0.0270862
0.0937251
-0.0241732
0.105865
-0.0201948
0.119852
-0.0146921
0.136074
-0.00687192
0.155365
0.00442037
0.178281
0.0218058
0.204816
0.0498551
0.230709
0.0997342
0.248002
0.185445
0.197867
0.395141
0.769057
0.00260416
-0.0294258
0.00504409
-0.0296579
0.00717806
-0.0301248
0.00894525
-0.0307887
0.0103818
-0.0315736
0.0116205
-0.0324058
0.0128526
-0.0332034
0.0143224
-0.0339229
0.0162451
-0.0345233
0.0187972
-0.0350101
0.0220571
-0.0353839
0.0259948
-0.0356423
0.0304986
-0.0357811
0.0354634
-0.0357701
0.0408224
-0.0356018
0.0465945
-0.0352455
0.052876
-0.0346561
0.0598447
-0.0337865
0.067673
-0.0325175
0.0766247
-0.0307538
0.0869971
-0.0283282
0.0991654
-0.0249069
0.113814
-0.0200094
0.131984
-0.0128117
0.155723
-0.00161657
0.188646
0.0165474
0.239309
0.0479622
0.320276
0.102641
0.493526
0.219283
0.429781
0.829342
0.00251071
-0.0279807
0.00487579
-0.0283267
0.00694673
-0.0289919
0.00867501
-0.0299593
0.0100954
-0.0311127
0.0113371
-0.0323569
0.0125997
-0.0335893
0.0141038
-0.034732
0.016071
-0.0357365
0.0186651
-0.0365869
0.0219675
-0.0372872
0.0259495
-0.0378406
0.0305031
-0.0382562
0.0355271
-0.0385422
0.0409552
-0.0387023
0.0468118
-0.0387492
0.053205
-0.0386801
0.0602984
-0.0384891
0.068321
-0.0381405
0.077533
-0.0376129
0.0882551
-0.0368485
0.100983
-0.035729
0.116523
-0.034104
0.136179
-0.0316189
0.162377
-0.0276131
0.199194
-0.0207931
0.254865
-0.008981
0.344299
0.0111651
0.513773
0.0469206
0.111039
0.8286
0.00237961
-0.0265691
0.00462884
-0.0270125
0.00660714
-0.0278428
0.00826981
-0.0290655
0.00965695
-0.0305388
0.0109006
-0.0321498
0.0121925
-0.0337762
0.0137464
-0.0353185
0.0157665
-0.0367115
0.0184148
-0.0379285
0.0217686
-0.0389691
0.0258008
-0.0398427
0.0304049
-0.0405687
0.0354696
-0.0411784
0.0409398
-0.0417051
0.0468394
-0.0421912
0.0532781
-0.0426767
0.0604293
-0.0432044
0.0685198
-0.043811
0.0778169
-0.0445589
0.0886678
-0.0455183
0.101602
-0.0467889
0.117463
-0.0485537
0.13776
-0.0511025
0.165303
-0.0550212
0.205337
-0.0614262
0.26784
-0.0728338
0.368838
-0.0919668
0.535641
-0.122853
-0.182828
0.825495
0.00221737
-0.025241
0.00431405
-0.0257579
0.00617599
-0.0267255
0.00774883
-0.0281437
0.00908658
-0.0298814
0.0103217
-0.0318027
0.0116412
-0.0337723
0.0132468
-0.0356745
0.0153291
-0.0374306
0.0180411
-0.0390035
0.0214551
-0.0403868
0.0255395
-0.0415936
0.030186
-0.0426526
0.03528
-0.0436122
0.0407642
-0.0445322
0.0466632
-0.0454837
0.0530859
-0.0465463
0.0602057
-0.0478107
0.068244
-0.0493801
0.0774621
-0.0513992
0.0881951
-0.0540615
0.10094
-0.0576628
0.116497
-0.0627036
0.136247
-0.0700447
0.162641
-0.0812941
0.199943
-0.0993337
0.256232
-0.130468
0.34674
-0.184598
0.519541
-0.298624
-0.505795
0.838514
0.00203139
-0.0240412
0.00394858
-0.0246032
0.00567223
-0.0256828
0.00713149
-0.02723
0.00840418
-0.0291753
0.00961936
-0.0313427
0.0109605
-0.0335949
0.0126166
-0.035806
0.0147635
-0.0378864
0.0175432
-0.0397907
0.0210209
-0.0415064
0.0251577
-0.0430472
0.0298401
-0.0444499
0.0349474
-0.0457748
0.0404191
-0.0471055
0.0462767
-0.0485378
0.0526247
-0.050186
0.0596306
-0.0521841
0.0675026
-0.0546938
0.076481
-0.0579332
0.0868614
-0.0622005
0.0990621
-0.0679493
0.113737
-0.075929
0.131985
-0.0874372
0.155795
-0.104929
0.188871
-0.132945
0.240171
-0.183011
0.322662
-0.269067
0.502333
-0.481046
0.850844
-0.857892
0.800539
0.0260158
0.808248
-0.0111742
0.813886
-0.00960837
0.814883
-0.0053948
0.812647
-0.0025216
0.808764
-0.00115089
0.804085
-0.000542473
0.799032
-0.000263259
0.793848
-0.000131241
0.7887
-6.75573e-05
0.783711
-3.58534e-05
0.778983
-1.92338e-05
0.774594
-1.01868e-05
0.770604
-4.91081e-06
0.767051
-1.87164e-06
0.763955
-1.72014e-07
0.761314
5.22847e-07
0.759113
7.9492e-07
0.757325
7.42496e-07
0.755912
5.65034e-07
0.754827
3.7192e-07
0.754032
2.30255e-07
0.753498
1.34694e-07
0.75319
7.37612e-08
4.51328e-08
0.858616
-0.00705709
0.847179
-0.0032965
0.834567
-0.00102088
0.824956
-0.000213218
0.817557
0.000105742
0.811194
0.000171645
0.80531
0.000118564
0.799662
6.83619e-05
0.794182
3.51858e-05
0.788884
1.584e-05
0.783819
5.70632e-06
0.779052
1.053e-06
0.774643
-1.61946e-07
0.770643
3.6477e-07
0.767085
1.16075e-06
0.763985
1.70165e-06
0.761343
1.82902e-06
0.759142
1.66585e-06
0.757353
1.28772e-06
0.75594
8.64364e-07
0.754855
4.98331e-07
0.754061
2.49035e-07
0.753526
1.01608e-07
0.753219
3.33844e-08
1.4452e-08
0.820771
-0.00529725
0.818922
-0.00496208
0.817712
-0.00380706
0.815552
-0.00245932
0.812431
-0.00152819
0.808457
-0.000883524
0.803862
-0.000502965
0.7989
-0.000281617
0.793782
-0.000157218
0.788675
-8.80269e-05
0.783711
-4.97602e-05
0.778996
-2.81615e-05
0.774615
-1.55407e-05
0.770629
-8.00102e-06
0.767078
-3.39839e-06
0.763982
-6.34442e-07
0.761341
4.96173e-07
0.75914
9.62967e-07
0.757353
8.99327e-07
0.755939
6.15096e-07
0.754855
3.26328e-07
0.754061
1.25003e-07
0.753526
1.2645e-08
0.753219
-2.64853e-08
-2.86491e-08
0.866203
-0.0361081
0.851751
0.00588907
0.836924
0.00696836
0.826146
0.0038753
0.818102
0.00173871
0.811482
0.000697253
0.805465
0.000293933
0.799747
0.00012553
0.794229
5.29753e-05
0.78891
2.15509e-05
0.783835
7.89773e-06
0.779063
2.3378e-06
0.774651
4.96607e-07
0.770648
1.96757e-07
0.767088
5.00942e-07
0.763987
8.51594e-07
0.761343
9.41363e-07
0.759141
8.59001e-07
0.757353
6.35764e-07
0.755939
3.64906e-07
0.754855
1.43377e-07
0.75406
6.45803e-09
0.753526
-6.15329e-08
0.753219
-6.80809e-08
-5.43323e-08
0.811866
0.814231
0.817195
0.816651
0.813625
0.809289
0.804367
0.799184
0.793932
0.788747
0.783739
0.779001
0.774606
0.770612
0.767057
0.763957
0.761314
0.759113
0.757324
0.755911
0.754826
0.754032
0.753497
0.75319
0.00227228
-0.0227554
0.00441723
-0.0233456
0.00635386
-0.0245112
0.00801886
-0.0261515
0.0095132
-0.0282681
0.0110014
-0.0306473
0.0127132
-0.0331609
0.0148691
-0.0356756
0.0176694
-0.0380944
0.0212764
-0.0403635
0.025759
-0.0424639
0.0310548
-0.0444083
0.0370073
-0.0462398
0.0434554
-0.0480315
0.0503119
-0.049887
0.0575966
-0.0519295
0.0654303
-0.0543076
0.0740084
-0.0571997
0.0835658
-0.0608256
0.0943589
-0.0654741
0.106675
-0.0715363
0.120874
-0.0795867
0.137446
-0.0905203
0.15704
-0.105783
0.180326
-0.127803
0.207519
-0.160597
0.23425
-0.211048
0.252326
-0.289269
0.200894
-0.432509
-0.66053
0.00192624
-0.0217716
0.00374127
-0.0223747
0.00537585
-0.023561
0.00682139
-0.0252413
0.00815827
-0.0274162
0.00956786
-0.0298998
0.0112754
-0.0325636
0.0134827
-0.0352737
0.0163662
-0.0379328
0.020068
-0.0404833
0.0246394
-0.0429022
0.0299989
-0.0452006
0.0359715
-0.0474257
0.0423816
-0.0496599
0.0491265
-0.0520175
0.0562131
-0.0546431
0.0637436
-0.0577074
0.0718884
-0.0614182
0.0808413
-0.0660332
0.090794
-0.0718811
0.101921
-0.0793974
0.114385
-0.0891953
0.128338
-0.102177
0.143864
-0.119713
0.16079
-0.14393
0.178241
-0.178077
0.193397
-0.227028
0.198964
-0.29638
0.153992
-0.389685
-0.509122
0.00157725
-0.0211194
0.00305305
-0.0217212
0.0043802
-0.0228922
0.00559578
-0.024565
0.00674023
-0.0266783
0.00804822
-0.0291808
0.00972519
-0.0318842
0.0119582
-0.0346794
0.0149008
-0.037471
0.0186762
-0.0402028
0.0233155
-0.0428515
0.0287158
-0.0454281
0.0346809
-0.0479829
0.0410162
-0.050604
0.0476042
-0.053412
0.0544328
-0.0565619
0.0615834
-0.0602366
0.0691971
-0.064658
0.077425
-0.0701007
0.0863934
-0.0769042
0.0961706
-0.0855054
0.106747
-0.0964898
0.117995
-0.110666
0.129559
-0.129167
0.140565
-0.153567
0.149005
-0.185918
0.150321
-0.22848
0.136124
-0.282964
0.0920614
-0.346917
-0.418682
0.0012257
-0.0208171
0.0023719
-0.0213978
0.00339473
-0.0225246
0.00434877
-0.0241391
0.00531849
-0.0261407
0.00650422
-0.0285647
0.00812591
-0.0312088
0.0103574
-0.0339838
0.013331
-0.0367987
0.0171517
-0.0396038
0.0218309
-0.0423789
0.0272424
-0.0451377
0.0331671
-0.0479339
0.0393909
-0.0508592
0.0457795
-0.0540375
0.0523004
-0.0576233
0.0590136
-0.0618043
0.0660303
-0.0668017
0.0734614
-0.0728877
0.0813755
-0.0803896
0.0897541
-0.089713
0.0984578
-0.101372
0.107173
-0.116027
0.115298
-0.134521
0.121717
-0.157884
0.124434
-0.187231
0.120012
-0.223319
0.103309
-0.266098
0.0666111
-0.31049
-0.352594
0.000884286
-0.0208678
0.00171495
-0.0214077
0.00245899
-0.0224615
0.00315106
-0.0239791
0.00395349
-0.0258503
0.00499317
-0.028106
0.00653842
-0.0306198
0.00874308
-0.0332812
0.0117188
-0.036017
0.0155542
-0.0387882
0.0202412
-0.0415808
0.0256298
-0.044414
0.0314782
-0.0473465
0.0375531
-0.0504729
0.043703
-0.053917
0.0498774
-0.057828
0.0561139
-0.0623881
0.0624963
-0.0678075
0.0691022
-0.0743407
0.0759539
-0.082286
0.0829714
-0.0919971
0.0899323
-0.103894
0.0964209
-0.118473
0.101739
-0.136298
0.104763
-0.157947
0.103736
-0.183858
0.096077
-0.2139
0.0782836
-0.24705
0.0472464
-0.278572
-0.304671
0.000570905
-0.0212572
0.00109992
-0.0217409
0.00157768
-0.0226982
0.00205239
-0.0240964
0.00267673
-0.0258275
0.00355662
-0.027836
0.00501653
-0.0301851
0.00717388
-0.0326572
0.0101257
-0.0352264
0.0139463
-0.0378656
0.0186084
-0.0405706
0.0239386
-0.0433688
0.0296736
-0.0463256
0.035563
-0.0495388
0.0414398
-0.0531298
0.0472381
-0.0572401
0.0529741
-0.0620365
0.0587096
-0.0677136
0.0644956
-0.0744962
0.0703225
-0.0826429
0.0760732
-0.0924458
0.0814843
-0.104227
0.0861056
-0.118326
0.0892445
-0.135072
0.0898879
-0.154705
0.0866228
-0.177222
0.0776429
-0.202049
0.0608447
-0.227812
0.0351388
-0.250744
-0.267579
0.000290895
-0.0219507
0.000548866
-0.0223802
0.000771813
-0.023226
0.00102793
-0.0244622
0.00147659
-0.0260389
0.00222715
-0.0278331
0.00360205
-0.029951
0.00570031
-0.0321778
0.00860804
-0.0345142
0.0123883
-0.0369408
0.0169955
-0.0394658
0.0222335
-0.0421275
0.0278193
-0.0450001
0.0334892
-0.0481851
0.0390638
-0.0518004
0.044464
-0.0559776
0.0496897
-0.0608642
0.0547848
-0.0666333
0.0597812
-0.0734746
0.0646508
-0.0816023
0.0692608
-0.0912444
0.0733395
-0.102631
0.0764493
-0.115971
0.0779585
-0.131409
0.0770142
-0.148955
0.0725373
-0.168347
0.063315
-0.188833
0.0481622
-0.209019
0.0268823
-0.226085
-0.237458
4.70758e-05
-0.0229039
7.25556e-05
-0.0232825
8.30158e-05
-0.0240246
0.000141625
-0.0251076
0.000389079
-0.0264747
0.00107471
-0.0281064
0.0023259
-0.0299085
0.00436087
-0.031888
0.00721215
-0.0339477
0.0109334
-0.0361022
0.015461
-0.0383739
0.0205768
-0.0408138
0.0259816
-0.0435066
0.0314022
-0.046558
0.0366513
-0.0500821
0.0416395
-0.0541989
0.0463566
-0.0590365
0.0508314
-0.0647403
0.0550854
-0.0714665
0.0590826
-0.0793824
0.0626905
-0.0886567
0.0656524
-0.0994396
0.0675711
-0.111836
0.0679016
-0.125861
0.0659568
-0.141375
0.0609424
-0.157989
0.0520706
-0.17492
0.0387291
-0.190908
0.0210935
-0.203885
-0.21191
-0.000135557
-0.0240596
-0.000298129
-0.0243921
-0.000469241
-0.0250444
-0.00057656
-0.0259818
-0.000465617
-0.0271799
2.31233e-05
-0.0285802
0.00119919
-0.0301218
0.00317959
-0.0318278
0.00597208
-0.0335751
0.00962382
-0.0354165
0.014054
-0.0373825
0.0190238
-0.0395365
0.0242212
-0.0419739
0.0293686
-0.0448045
0.0342751
-0.0481382
0.0388458
-0.0520829
0.043064
-0.0567478
0.0469493
-0.0622483
0.0505183
-0.0687099
0.0537354
-0.0762548
0.0564797
-0.0849991
0.0585231
-0.0950285
0.0595227
-0.10637
0.0590269
-0.118953
0.0564993
-0.132557
0.0513701
-0.146743
0.0431434
-0.160773
0.0315433
-0.173574
0.0168798
-0.183632
-0.18952
-0.000313428
-0.0253741
-0.000647364
-0.0256706
-0.000984304
-0.0262436
-0.0012338
-0.0270629
-0.00126013
-0.0280942
-0.000867692
-0.0292801
0.000253893
-0.0305768
0.00217721
-0.0319862
0.00491136
-0.0334162
0.0084897
-0.0349241
0.0128115
-0.0365534
0.0176178
-0.0383801
0.0225884
-0.0405099
0.0274454
-0.0430559
0.0319993
-0.0461232
0.0361544
-0.0498074
0.0398902
-0.0541989
0.0432241
-0.059386
0.0461705
-0.0654636
0.0487005
-0.072515
0.0507114
-0.0806121
0.0520104
-0.0897904
0.0523129
-0.100023
0.0512564
-0.111188
0.0484321
-0.123027
0.0434396
-0.135102
0.0359773
-0.146756
0.0259573
-0.157102
0.0137161
-0.165025
-0.169487
-0.000472056
-0.0268141
-0.000962556
-0.0270787
-0.0014461
-0.0275842
-0.00183115
-0.0282981
-0.0019544
-0.0291929
-0.00161529
-0.0301882
-0.0005471
-0.0312473
0.00135616
-0.0323461
0.0040416
-0.0334687
0.00754897
-0.0346403
0.0117574
-0.0359213
0.0163891
-0.037401
0.0211198
-0.0391946
0.0256764
-0.0414172
0.0298748
-0.0441681
0.0336226
-0.0475306
0.0368994
-0.0515768
0.0397237
-0.0563716
0.0421113
-0.0619797
0.0440437
-0.0684539
0.0454392
-0.0758295
0.0461419
-0.0841052
0.0459234
-0.0932196
0.0445006
-0.103024
0.0415683
-0.113252
0.0368502
-0.123496
0.030171
-0.133187
0.0215418
-0.141609
0.011279
-0.147929
-0.151395
-0.000613823
-0.0283485
-0.00123998
-0.0285867
-0.0018436
-0.0290383
-0.0023194
-0.0296738
-0.00252548
-0.0304259
-0.00222953
-0.0312475
-0.00119244
-0.0320735
0.000713243
-0.032902
0.00336405
-0.0337168
0.00680834
-0.0345589
0.0109031
-0.0354952
0.0153541
-0.036627
0.0198378
-0.0380774
0.0240903
-0.0399613
0.0279367
-0.0423713
0.0312912
-0.0453785
0.0341371
-0.0490376
0.036496
-0.0533928
0.0383878
-0.0584816
0.039806
-0.0643326
0.0406904
-0.0709523
0.0409201
-0.078314
0.0403178
-0.0863361
0.0386677
-0.0948607
0.0357465
-0.103633
0.0313669
-0.112289
0.0254344
-0.120347
0.0180072
-0.127232
0.00936424
-0.132319
-0.135059
-0.000743103
-0.0299516
-0.00148718
-0.0301694
-0.00219156
-0.0305762
-0.00275161
-0.0311381
-0.00301656
-0.0317478
-0.00273729
-0.0324266
-0.0016667
-0.0330507
0.000247416
-0.0335975
0.00287501
-0.0341271
0.00626585
-0.0346558
0.0102491
-0.035263
0.014517
-0.0360609
0.0187514
-0.0371785
0.0227012
-0.0387285
0.0262043
-0.0407959
0.0291841
-0.0434391
0.0316304
-0.0466968
0.0335685
-0.0505945
0.0350259
-0.0551475
0.0360062
-0.0603637
0.0364699
-0.0662286
0.036328
-0.072699
0.0354471
-0.0796838
0.033667
-0.087028
0.0308274
-0.0944988
0.0268047
-0.101778
0.0215544
-0.108467
0.0151535
-0.114107
0.00783879
-0.118225
-0.120415
-0.000861669
-0.0316027
-0.00171186
-0.0318031
-0.00250426
-0.0321666
-0.00312633
-0.0326554
-0.00337705
-0.0331725
-0.00308064
-0.0336749
-0.00199955
-0.0340924
-4.84324e-05
-0.0344101
0.00256504
-0.0346608
0.00591281
-0.0348963
0.00978746
-0.035197
0.0138716
-0.0356856
0.0178575
-0.036494
0.0215102
-0.0377305
0.0246823
-0.0394712
0.0273094
-0.0417621
0.0293888
-0.0446269
0.0309512
-0.0480744
0.0320313
-0.0521026
0.0326422
-0.056701
0.0327633
-0.0618417
0.0323324
-0.0674709
0.0312532
-0.0734955
0.0294097
-0.0797705
0.02669
-0.0860895
0.0230149
-0.092182
0.0183707
-0.0977204
0.0128378
-0.102341
0.0066127
-0.105683
-0.107444
-0.000972585
-0.0332835
-0.00191823
-0.0334674
-0.00277916
-0.0337922
-0.00343664
-0.0342064
-0.00368773
-0.0346269
-0.00335656
-0.0349601
-0.00218911
-0.0351988
-0.000189811
-0.035289
0.00242309
-0.0352749
0.00573634
-0.0352394
0.00950417
-0.0352608
0.0134047
-0.0354709
0.0171447
-0.0360021
0.0205079
-0.036956
0.0233641
-0.0383986
0.0256619
-0.0403637
0.0274076
-0.0428612
0.0286376
-0.0458851
0.029393
-0.0494196
0.0296959
-0.0534397
0.0295408
-0.0579085
0.0288882
-0.0627664
0.0276714
-0.0679231
0.0258096
-0.0732473
0.0232268
-0.0785604
0.0198752
-0.083636
0.0157589
-0.0882081
0.0109544
-0.0919898
0.00562243
-0.0947041
-0.0961262
-0.00107614
-0.0349808
-0.00210529
-0.035148
-0.00301468
-0.0354398
-0.00368405
-0.0357736
-0.00390124
-0.0360926
-0.00346267
-0.0362842
-0.00222262
-0.0363248
-0.000200732
-0.0361561
0.00243693
-0.0359246
0.00572108
-0.0356428
0.00938141
-0.0354141
0.0130976
-0.0353801
0.0165951
-0.0356704
0.0196778
-0.0363784
0.0222341
-0.0375591
0.0242267
-0.0392341
0.025671
-0.0414006
0.0266094
-0.0440403
0.0270877
-0.0471257
0.0271366
-0.0506219
0.0267617
-0.054485
0.0259418
-0.0586537
0.0246336
-0.0630432
0.0227831
-0.0675374
0.0203413
-0.0719841
0.0172819
-0.0761969
0.0136191
-0.0799614
0.00942208
-0.0830523
0.00482087
-0.0852573
-0.0864069
-0.00116217
-0.0366951
-0.00226711
-0.0368333
-0.00321012
-0.0370929
-0.00387133
-0.037331
-0.00401817
-0.0375496
-0.00349011
-0.0375853
-0.00217199
-0.0373884
-8.72212e-05
-0.0370465
0.00259243
-0.0365804
0.00585022
-0.0360688
0.00939949
-0.0356186
0.0129297
-0.0353751
0.0161875
-0.0354621
0.018999
-0.035963
0.0212718
-0.036921
0.0229827
-0.0383459
0.0241562
-0.0402233
0.0248402
-0.0425246
0.0250844
-0.0452131
0.0249256
-0.0482469
0.0243782
-0.0515773
0.0234348
-0.0551442
0.0220702
-0.0588694
0.0202505
-0.0626515
0.0179462
-0.0663632
0.0151458
-0.0698518
0.0118688
-0.0729466
0.0081757
-0.0754711
0.00417158
-0.0772626
-0.0781929
-0.00124201
-0.038417
-0.00239968
-0.038529
-0.0033805
-0.038714
-0.00399078
-0.0388793
-0.00404691
-0.0389656
-0.003417
-0.0388233
-0.00197031
-0.0384319
0.000157074
-0.0378894
0.00288123
-0.0372059
0.00610741
-0.0364834
0.00953843
-0.0358401
0.0128792
-0.0354211
0.0158997
-0.0353414
0.0184489
-0.0356731
0.020454
-0.0364473
0.0219055
-0.0376623
0.0228366
-0.0392937
0.0232996
-0.0413039
0.0233474
-0.0436495
0.0230204
-0.0462837
0.0223398
-0.0491557
0.0213083
-0.0522072
0.0199137
-0.0553673
0.018137
-0.0585487
0.0159628
-0.0616453
0.0133893
-0.0645337
0.0104383
-0.0670781
0.00716211
-0.0691414
0.00364531
-0.0705986
-0.0713528
-0.00131355
-0.0401355
-0.00250791
-0.0402279
-0.00347542
-0.0403232
-0.00400899
-0.040401
-0.00397952
-0.0403042
-0.00320343
-0.0399984
-0.0016278
-0.0394251
0.000532061
-0.038645
0.00329254
-0.0377723
0.00647626
-0.03686
0.00977882
-0.0360513
0.0129251
-0.0354887
0.0157097
-0.0352765
0.0180051
-0.0354742
0.0197574
-0.0361009
0.0209704
-0.037144
0.0216848
-0.03857
0.0219565
-0.0403346
0.0218402
-0.0423891
0.0213784
-0.0446839
0.0205969
-0.0471676
0.019505
-0.0497846
0.0181002
-0.0524715
0.0163741
-0.0551532
0.0143208
-0.057742
0.0119448
-0.0601383
0.00926869
-0.0622351
0.00633707
-0.0639256
0.00321821
-0.0651143
-0.0657277
-0.00135748
-0.0418558
-0.00258878
-0.0418934
-0.0034997
-0.0419345
-0.00396263
-0.041853
-0.00380915
-0.0415736
-0.0028823
-0.0410923
-0.00118413
-0.0403134
0.00102182
-0.0393264
0.00381423
-0.0382626
0.00694067
-0.0371794
0.0101022
-0.036232
0.0130478
-0.0355557
0.0155973
-0.0352421
0.0176466
-0.0353375
0.01916
-0.035849
0.0201537
-0.0367539
0.0206745
-0.0380111
0.0207809
-0.0395708
0.020528
-0.0413812
0.0199591
-0.043391
0.0191026
-0.0455497
0.0179724
-0.0478049
0.016572
-0.0500999
0.0149005
-0.0523707
0.0129585
-0.0545447
0.0107544
-0.0565418
0.00831008
-0.0582776
0.00566371
-0.0596693
0.00287055
-0.0606438
-0.0611452
-0.00138362
-0.0435641
-0.00259534
-0.0435545
-0.00349133
-0.0434634
-0.00383462
-0.0432532
-0.00351077
-0.042786
-0.00244395
-0.0420701
-0.000621478
-0.041094
0.00162462
-0.0399125
0.00443538
-0.0386631
0.00748516
-0.0374297
0.0104915
-0.0363697
0.0132293
-0.0356071
0.0155442
-0.0352197
0.0173548
-0.0352404
0.0186425
-0.0356645
0.0194343
-0.03646
0.0197821
-0.0375797
0.0197455
-0.0389699
0.0193793
-0.0405767
0.0187263
-0.0423489
0.0178155
-0.0442373
0.0166637
-0.0461933
0.0152784
-0.0481664
0.0136633
-0.0501018
0.0118233
-0.0519396
0.0097689
-0.0536152
0.00752075
-0.055062
0.0051115
-0.0562158
0.0025862
-0.0570203
-0.0574331
-0.00137921
-0.0452522
-0.00257598
-0.0451651
-0.00334364
-0.0449731
-0.0035821
-0.0445564
-0.00308294
-0.0439221
-0.00186384
-0.0429303
-4.45293e-05
-0.0417418
0.00233696
-0.0403913
0.00514377
-0.0389665
0.00809473
-0.0376057
0.0109309
-0.0364583
0.0134536
-0.0356348
0.0155344
-0.0351981
0.0171135
-0.0351676
0.0181881
-0.0355272
0.0187942
-0.0362372
0.0189873
-0.0372451
0.0188271
-0.0384949
0.0183669
-0.0399321
0.0176481
-0.0415063
0.0166995
-0.0431704
0.0155388
-0.0448797
0.014176
-0.0465892
0.0126176
-0.048252
0.0108708
-0.0498183
0.00894742
-0.0512361
0.00686629
-0.0524525
0.00465547
-0.0534173
0.00235193
-0.0540876
-0.0544305
-0.00134545
-0.0468991
-0.00244508
-0.0467469
-0.00313981
-0.0463832
-0.00318649
-0.0458015
-0.00256543
-0.0448798
-0.00116789
-0.0437087
0.000707696
-0.0422813
0.00315256
-0.0407508
0.00592599
-0.0391721
0.0087549
-0.037708
0.0114056
-0.0364977
0.0137066
-0.0356364
0.0155542
-0.0351718
0.0169094
-0.0351096
0.017783
-0.0354235
0.0182184
-0.0360669
0.0182732
-0.0369838
0.0180061
-0.0381167
0.017468
-0.0394117
0.0166984
-0.04082
0.0157246
-0.0422973
0.0145645
-0.0438026
0.0132291
-0.0452959
0.0117264
-0.0467369
0.010065
-0.0480842
0.00825674
-0.0492952
0.00631889
-0.0503279
0.00427549
-0.051143
0.0021572
-0.0517072
-0.0519951
-0.00125112
-0.0484949
-0.00226154
-0.0482432
-0.00278535
-0.0477313
-0.00270764
-0.0468755
-0.00188131
-0.0457645
-0.000407845
-0.0443363
0.00157603
-0.0427175
0.00405851
-0.0409953
0.00676798
-0.0392845
0.00945154
-0.0377419
0.0119025
-0.0364926
0.0139759
-0.0356146
0.0155925
-0.0351403
0.0167317
-0.0350624
0.0174163
-0.0353454
0.0176949
-0.035937
0.0176261
-0.0367788
0.0172665
-0.0378133
0.0166641
-0.0389879
0.0158554
-0.040256
0.0148663
-0.0415764
0.0137135
-0.0429117
0.0124086
-0.0442265
0.01096
-0.0454861
0.00937675
-0.0466556
0.00767032
-0.0477002
0.00585636
-0.048586
0.00395559
-0.049282
0.00199361
-0.049762
-0.0500064
-0.00112015
-0.0499954
-0.00197532
-0.0496368
-0.0023399
-0.0489439
-0.00202999
-0.0479077
-0.0010545
-0.0464876
0.000458546
-0.0448302
0.00255983
-0.0430212
0.00504152
-0.0411292
0.00765522
-0.0393126
0.010171
-0.0377172
0.0124091
-0.0364512
0.0142509
-0.0355756
0.0156399
-0.035107
0.0165719
-0.0350261
0.0170793
-0.0352893
0.0172146
-0.0358401
0.0170355
-0.036619
0.0165959
-0.0375693
0.0159404
-0.0386404
0.0151022
-0.0397887
0.0141049
-0.0409758
0.0129644
-0.042168
0.0116914
-0.0433339
0.0102947
-0.0444436
0.00878304
-0.0454675
0.00716724
-0.0463768
0.00546138
-0.0471442
0.00368334
-0.0477446
0.00185471
-0.0481575
-0.0483672
-0.000923051
-0.0513685
-0.00156345
-0.0509281
-0.00171558
-0.0500336
-0.00125795
-0.048728
-0.000180424
-0.0470871
0.00148122
-0.0452162
0.00364448
-0.0431977
0.00608598
-0.0411639
0.00857306
-0.0392693
0.0109003
-0.0376464
0.0129145
-0.036385
0.0145227
-0.0355283
0.015689
-0.035078
0.0164234
-0.0350038
0.0167658
-0.0352552
0.0167703
-0.0357732
0.0164931
-0.036498
0.0159846
-0.0373747
0.0152852
-0.0383555
0.014425
-0.0393995
0.0134253
-0.0404719
0.0123001
-0.041542
0.0110597
-0.0425822
0.00971221
-0.0435665
0.00826613
-0.0444699
0.0067314
-0.0452681
0.00512056
-0.0459388
0.00344912
-0.0464617
0.00173542
-0.0468202
-0.047002
-0.000660341
-0.0525849
-0.00105494
-0.0520343
-0.000970182
-0.050948
-0.000338006
-0.0494106
0.000850605
-0.0475495
0.0026334
-0.0454564
0.00481262
-0.0432589
0.00717546
-0.0411145
0.00950698
-0.039171
0.0116272
-0.0375449
0.0134092
-0.0363071
0.014784
-0.0354834
0.0157343
-0.0350611
0.0162816
-0.0350003
0.016471
-0.0352455
0.016357
-0.0357359
0.0159928
-0.0364129
0.0154249
-0.037224
0.0146895
-0.0381243
0.0138135
-0.0390763
0.0128152
-0.0400482
0.0117074
-0.0410127
0.0104993
-0.0419453
0.0091983
-0.0428232
0.00781232
-0.0436252
0.0063504
-0.0443309
0.00482369
-0.0449215
0.00324565
-0.0453806
0.00163196
-0.0456947
-0.0458537
-0.000346873
-0.0535742
-0.000466746
-0.052916
-0.000171426
-0.0516701
0.000648407
-0.0499381
0.00203789
-0.0478534
0.00389308
-0.0455592
0.00604533
-0.0432203
0.00829322
-0.0409993
0.0104429
-0.039036
0.0123405
-0.0374297
0.0138849
-0.0362324
0.0150292
-0.0354527
0.0157718
-0.0350654
0.0161434
-0.0350222
0.016192
-0.035264
0.015971
-0.03573
0.0155301
-0.0363633
0.0149112
-0.0371144
0.0141465
-0.0379418
0.0132592
-0.0388112
0.0122654
-0.0396939
0.0111761
-0.0405656
0.00999935
-0.0414045
0.00874199
-0.042191
0.00741108
-0.0429065
0.00601479
-0.0435339
0.00456297
-0.0440573
0.00306736
-0.044463
0.00154142
-0.0447401
-0.0448801
-1.21963e-05
-0.0542828
0.000185294
-0.053552
0.000767633
-0.0521661
0.00182636
-0.0502545
0.00334999
-0.047983
0.00523651
-0.0455361
0.0073225
-0.0430992
0.00942253
-0.0408386
0.0113677
-0.0388845
0.0130307
-0.037319
0.0143353
-0.036176
0.0152542
-0.0354485
0.015799
-0.0351
0.0160069
-0.0350761
0.0159269
-0.0353156
0.01561
-0.0357585
0.0151016
-0.0363506
0.0144391
-0.0370458
0.0136505
-0.037806
0.0127558
-0.0386001
0.0117685
-0.0394024
0.0106981
-0.0401913
0.00955154
-0.0409477
0.00833484
-0.0416542
0.00705434
-0.0422948
0.00571731
-0.0428548
0.00433247
-0.0433208
0.00291003
-0.0436813
0.00146163
-0.043927
-0.0440511
0.000388642
-0.0546655
0.000959351
-0.0538759
0.00185048
-0.0523822
0.00312427
-0.0503377
0.00475444
-0.0479389
0.00663763
-0.0453972
0.00862262
-0.0429128
0.0105467
-0.040653
0.012269
-0.0387371
0.0136896
-0.0372314
0.0147555
-0.0361535
0.0154567
-0.0354831
0.0158151
-0.0351746
0.0158717
-0.0351694
0.015675
-0.0354058
0.0152725
-0.0358255
0.0147051
-0.0363775
0.0140055
-0.0370194
0.0131976
-0.0377166
0.0122983
-0.0384411
0.0113188
-0.0391701
0.0102672
-0.0398843
0.00914924
-0.0405668
0.00797027
-0.0412024
0.00673584
-0.0417772
0.00545242
-0.0422785
0.00412764
-0.0426947
0.00277044
-0.0430161
0.0013909
-0.0432349
-0.0433453
0.000837124
-0.0546548
0.00181092
-0.0538316
0.00302059
-0.0522794
0.00450124
-0.0501689
0.00621576
-0.0477163
0.00806668
-0.0451495
0.00992244
-0.0426763
0.011649
-0.0404612
0.013136
-0.0386131
0.014311
-0.0371844
0.0151429
-0.0361797
0.0156361
-0.0355683
0.0158202
-0.0352985
0.0157381
-0.0353095
0.0154362
-0.0355402
0.0149578
-0.0359353
0.014339
-0.0364474
0.0136078
-0.0370377
0.0127844
-0.037675
0.0118826
-0.0383345
0.0109117
-0.0389957
0.00987834
-0.0396416
0.00878728
-0.0402573
0.00764313
-0.0408293
0.00645074
-0.0413455
0.00521577
-0.0417947
0.00394497
-0.0421671
0.00264611
-0.0424543
0.00132797
-0.0426496
-0.042748
0.00130914
-0.0541927
0.00270184
-0.0533694
0.0042335
-0.0518211
0.00591193
-0.0497254
0.00769262
-0.047306
0.00948955
-0.0447949
0.0111967
-0.0423993
0.0127125
-0.0402774
0.0139587
-0.0385281
0.0148902
-0.0371932
0.0154961
-0.0362679
0.0157931
-0.0357153
0.0158159
-0.0354808
0.0156076
-0.0355035
0.0152115
-0.0357249
0.014666
-0.036093
0.0140024
-0.0365644
0.0132443
-0.0371039
0.0124083
-0.0376837
0.0115055
-0.0382816
0.0105436
-0.0388795
0.00952757
-0.0394623
0.00846154
-0.0400168
0.00734934
-0.040531
0.00619517
-0.0409944
0.00500401
-0.041397
0.00378172
-0.0417303
0.00253511
-0.0419871
0.0012718
-0.0421616
-0.0422495
0.00178277
-0.0532348
0.00359277
-0.0524496
0.0054398
-0.0509752
0.00730467
-0.0489844
0.00913778
-0.0466941
0.0108679
-0.0443281
0.0124176
-0.0420834
0.0137192
-0.040108
0.0147274
-0.0384915
0.0154236
-0.0372681
0.0158154
-0.0364283
0.0159297
-0.0359334
0.0158048
-0.0357296
0.0154824
-0.0357587
0.0150021
-0.0359661
0.0143974
-0.036304
0.0136948
-0.0367332
0.0129137
-0.037222
0.0120673
-0.0377459
0.0111646
-0.0382849
0.0102114
-0.0388231
0.00921169
-0.039347
0.00816869
-0.0398449
0.00708562
-0.0403061
0.0059661
-0.0407213
0.00481441
-0.0410817
0.00363571
-0.0413798
0.00243591
-0.0416093
0.00122163
-0.0417651
-0.0418435
0.00223486
-0.0517549
0.00444179
-0.051047
0.0065862
-0.0497179
0.00862331
-0.0479244
0.0104997
-0.0458626
0.0121597
-0.0437348
0.0135544
-0.0417191
0.0146498
-0.0399484
0.0154319
-0.0385026
0.0159077
-0.0374116
0.0161013
-0.0366655
0.0160485
-0.0362286
0.0157898
-0.0360515
0.0153651
-0.0360817
0.0148099
-0.0362702
0.0141529
-0.0365743
0.0134161
-0.0369592
0.012615
-0.037397
0.01176
-0.0378657
0.0108578
-0.0383478
0.00991285
-0.0388291
0.00892808
-0.0392975
0.00790604
-0.0397425
0.00684934
-0.0401546
0.00576103
-0.0405253
0.00464485
-0.040847
0.00350522
-0.041113
0.00234731
-0.0413176
0.00117683
-0.0414566
-0.0415265
0.00264256
-0.0497489
0.00520724
-0.0491544
0.00761931
-0.0480374
0.00981081
-0.046528
0.011725
-0.0447898
0.0133203
-0.042992
0.0145738
-0.0412843
0.0154822
-0.0397798
0.0160603
-0.0385478
0.0163378
-0.0376153
0.0163539
-0.0369761
0.0161518
-0.0366011
0.015774
-0.0364495
0.0152585
-0.0364773
0.014637
-0.0366429
0.0139338
-0.0369099
0.0131667
-0.0372484
0.0123479
-0.0376342
0.0114852
-0.0380482
0.0105835
-0.0384747
0.00964597
-0.0389012
0.00867463
-0.0393167
0.0076714
-0.0397117
0.00663834
-0.0400777
0.00557801
-0.0404071
0.00449356
-0.0406929
0.00338884
-0.0409292
0.0022683
-0.0411111
0.00113691
-0.0412345
-0.0412966
0.0029852
-0.0472375
0.00585106
-0.0467862
0.00848938
-0.0459368
0.0108127
-0.0447855
0.012761
-0.0434539
0.0143041
-0.0420688
0.0154403
-0.0407442
0.0161918
-0.0395684
0.0165975
-0.0385975
0.0167064
-0.0378565
0.0165707
-0.0373444
0.0162403
-0.0370422
0.0157595
-0.0369206
0.015165
-0.0369466
0.0144853
-0.037088
0.0137411
-0.0373163
0.0129469
-0.037607
0.012112
-0.0379401
0.0112421
-0.0382993
0.0103406
-0.0386711
0.0094093
-0.0390441
0.00844969
-0.0394086
0.00746302
-0.0397559
0.0064509
-0.0400782
0.00541538
-0.0403686
0.00435914
-0.0406209
0.00328545
-0.0408295
0.00219811
-0.0409901
0.00110143
-0.0410992
-0.041154
0.00324569
-0.0442671
0.00634138
-0.0439796
0.00915401
-0.043437
0.0115813
-0.0426977
0.0135602
-0.0418358
0.015068
-0.0409303
0.0161182
-0.0400538
0.0167513
-0.0392653
0.0170247
-0.0386054
0.0170019
-0.0380953
0.0167456
-0.0377396
0.0163115
-0.0375304
0.015746
-0.0374516
0.0150853
-0.0374833
0.0143558
-0.0376046
0.0135758
-0.037796
0.0127573
-0.0380397
0.0119075
-0.0383206
0.0110304
-0.0386255
0.0101281
-0.0389432
0.00920176
-0.0392638
0.00825197
-0.0395786
0.00727957
-0.0398798
0.00628567
-0.0401602
0.00527191
-0.0404134
0.00424048
-0.0406337
0.00319413
-0.0408162
0.00213613
-0.0409568
0.0010701
-0.0410524
-0.0411004
0.00341208
-0.0409084
0.00665557
-0.0407945
0.00958218
-0.0405779
0.0120803
-0.0402789
0.014084
-0.0399238
0.0155745
-0.0395416
0.0165735
-0.0391617
0.0171322
-0.0388106
0.0173191
-0.0385098
0.0172075
-0.0382745
0.016867
-0.0381131
0.016358
-0.0380275
0.0157291
-0.0380151
0.015017
-0.0380698
0.0142473
-0.038183
0.0134374
-0.0383454
0.0125976
-0.0385473
0.011734
-0.0387792
0.0108496
-0.039032
0.00994565
-0.0392971
0.00902259
-0.0395667
0.00808061
-0.0398331
0.00712005
-0.0400894
0.00614165
-0.0403291
0.00514662
-0.0405464
0.00413672
-0.0407361
0.00311422
-0.0408935
0.00208183
-0.041015
0.00104264
-0.0410976
-0.0411392
0.00347874
-0.0372529
0.00678244
-0.0373104
0.00975735
-0.0374174
0.0122881
-0.0375592
0.0143071
-0.0377176
0.0157957
-0.0378746
0.0167775
-0.0380171
0.0173067
-0.0381383
0.0174556
-0.0382381
0.0173013
-0.0383219
0.0169172
-0.0383982
0.0163662
-0.0384766
0.015699
-0.0385656
0.0149533
-0.0386718
0.0141555
-0.0387993
0.0133229
-0.0389495
0.0124659
-0.0391217
0.0115903
-0.0393131
0.0106988
-0.0395197
0.00979238
-0.0397363
0.0088711
-0.0399576
0.00793488
-0.0401777
0.00698375
-0.0403907
0.00601811
-0.0405911
0.00503883
-0.0407737
0.00404726
-0.0409337
0.00304519
-0.0410669
0.00203488
-0.04117
0.00101889
-0.0412402
-0.0412755
0.0034468
-0.0334071
0.00672321
-0.0336226
0.00967907
-0.0340298
0.0122008
-0.0345849
0.0142204
-0.0352323
0.0157168
-0.0359138
0.0167101
-0.0365777
0.0172511
-0.0371854
0.0174088
-0.0377139
0.0172586
-0.0381554
0.0168732
-0.0385142
0.0163162
-0.0388027
0.0156392
-0.0390375
0.0148813
-0.0392352
0.0140705
-0.0394109
0.0132253
-0.0395766
0.0123574
-0.0397406
0.0114731
-0.0399079
0.0105758
-0.0400803
0.00966672
-0.0402572
0.0087461
-0.0404365
0.00781385
-0.0406147
0.0068699
-0.0407877
0.00591441
-0.0409512
0.00494798
-0.0411008
0.00397159
-0.0412325
0.00298669
-0.0413425
0.00199503
-0.0414278
0.000998694
-0.0414861
-0.0415154
0.00332388
-0.0294851
0.00649119
-0.0298355
0.00936294
-0.0305012
0.0118321
-0.0314173
0.013832
-0.0325005
0.0153381
-0.0336612
0.0163631
-0.0348166
0.016949
-0.0359002
0.0171563
-0.0368664
0.0170535
-0.0376918
0.0167083
-0.0383722
0.0161823
-0.0389176
0.0155267
-0.0393474
0.0147815
-0.0396849
0.0139765
-0.0399532
0.0131323
-0.040173
0.0122626
-0.0403613
0.0113754
-0.0405307
0.0104755
-0.0406895
0.00956506
-0.0408426
0.00864504
-0.0409918
0.00771571
-0.0411371
0.00677715
-0.0412768
0.00582953
-0.0414082
0.0048733
-0.0415285
0.00390918
-0.0416344
0.00293827
-0.0417232
0.00196198
-0.0417921
0.00098194
-0.0418393
-0.041863
0.0031232
-0.0256003
0.00611021
-0.0260555
0.00883884
-0.0269245
0.0112126
-0.0281302
0.013168
-0.0295721
0.0146768
-0.0311401
0.0157426
-0.0327295
0.0163955
-0.0342515
0.0166833
-0.0356408
0.0166636
-0.0368574
0.0163959
-0.0378852
0.0159363
-0.0387272
0.0153337
-0.0394001
0.0146284
-0.0399285
0.0138513
-0.0403402
0.0130253
-0.0406618
0.0121665
-0.0409169
0.0112854
-0.0411249
0.0103888
-0.0413006
0.00948053
-0.0414546
0.00856277
-0.0415937
0.00763663
-0.0417216
0.00670271
-0.0418399
0.00576144
-0.0419485
0.00481329
-0.0420463
0.00385893
-0.0421318
0.00289922
-0.042203
0.00193528
-0.0422582
0.000968384
-0.0422959
-0.0423148
0.002862
-0.0218573
0.0056119
-0.0223837
0.00814777
-0.0233932
0.0103865
-0.0248051
0.0122696
-0.0265123
0.0137659
-0.0283956
0.0148701
-0.0303376
0.0155988
-0.0322352
0.0159856
-0.0340075
0.0160741
-0.0355991
0.0159131
-0.0369802
0.0155505
-0.0381433
0.015031
-0.0390978
0.0143928
-0.0398646
0.0136675
-0.0404708
0.0128798
-0.0409455
0.0120481
-0.0413165
0.0111856
-0.0416079
0.0103015
-0.0418402
0.00940177
-0.0420291
0.00849038
-0.0421864
0.00756972
-0.0423204
0.00664129
-0.0424363
0.00570611
-0.0425372
0.00476498
-0.0426245
0.00381868
-0.0426985
0.00286802
-0.0427589
0.00191397
-0.0428051
0.00095758
-0.0428364
-0.042852
0.00255967
-0.0183452
0.00503237
-0.0189088
0.00733763
-0.0199949
0.00940726
-0.0215258
0.0111896
-0.0233976
0.0126522
-0.0254916
0.0137816
-0.0276881
0.0145821
-0.0298773
0.0150724
-0.0319684
0.0152816
-0.0338936
0.0152457
-0.03561
0.015003
-0.0370973
0.0145912
-0.0383544
0.0140453
-0.0393941
0.0133956
-0.0402388
0.0126676
-0.0409152
0.0118816
-0.0414516
0.0110532
-0.0418748
0.010194
-0.0422089
0.00931238
-0.0424737
0.0084144
-0.0426855
0.00750407
-0.0428566
0.00658421
-0.0429963
0.00565676
-0.043111
0.00472316
-0.0432053
0.00378455
-0.0432817
0.00284195
-0.0433419
0.00189632
-0.0433866
0.000948663
-0.0434164
-0.0434311
0.00223579
-0.015133
0.00440853
-0.0157025
0.00645859
-0.0168053
0.00833297
-0.0183721
0.00998811
-0.0203091
0.011392
-0.0225067
0.0125256
-0.0248509
0.0133823
-0.0272335
0.0139676
-0.0295596
0.0142966
-0.0317538
0.0143921
-0.033762
0.0142816
-0.0355515
0.0139946
-0.0371089
0.0135608
-0.0384362
0.0130078
-0.0395471
0.0123602
-0.0404626
0.0116392
-0.0412079
0.0108621
-0.0418086
0.0100427
-0.0422898
0.00919163
-0.0426738
0.00831697
-0.04298
0.00742466
-0.0432244
0.00651906
-0.0434196
0.00560335
-0.0435754
0.0046799
-0.0436992
0.00375051
-0.0437963
0.00281663
-0.0438705
0.0018795
-0.0439243
0.000940264
-0.0439594
-0.0439766
0.0019084
-0.0122668
0.0037749
-0.0128159
0.00555858
-0.0138842
0.00722079
-0.0154143
0.00872666
-0.0173265
0.0100467
-0.0195263
0.0111583
-0.0219123
0.0120474
-0.024384
0.0127083
-0.0268491
0.013144
-0.0292293
0.013365
-0.0314632
0.0133877
-0.0335077
0.0132328
-0.0353372
0.0129233
-0.036942
0.0124824
-0.0383249
0.0119328
-0.0394983
0.0112947
-0.0404807
0.0105863
-0.0412939
0.00982272
-0.041961
0.00901638
-0.0425042
0.0081773
-0.0429439
0.00731325
-0.0432981
0.00643025
-0.0435821
0.00553289
-0.0438086
0.00462468
-0.0439875
0.00370835
-0.0441266
0.00278607
-0.0442318
0.00185959
-0.0443073
0.000930436
-0.0443561
-0.04438
0.00159274
-0.00977013
0.00316098
-0.0102787
0.00467958
-0.0112728
0.00612256
-0.0127079
0.00746357
-0.014521
0.00867702
-0.0166354
0.00973971
-0.0189662
0.0106326
-0.0214259
0.0113423
-0.0239302
0.0118619
-0.0264029
0.0121916
-0.0287796
0.0123376
-0.0310102
0.0123117
-0.0330593
0.0121295
-0.0349057
0.011809
-0.036541
0.011369
-0.0379671
0.0108281
-0.0391941
0.0102037
-0.040237
0.00951127
-0.0411143
0.00876437
-0.0418456
0.00797436
-0.0424501
0.0071506
-0.0429461
0.00630066
-0.0433498
0.0054306
-0.0436752
0.00454521
-0.0439344
0.00364832
-0.0441369
0.00274298
-0.0442905
0.00183175
-0.0444009
0.000916776
-0.0444723
-0.0445072
0.00130042
-0.00764567
0.00258972
-0.00810022
0.00385514
-0.00899295
0.00508119
-0.0102918
0.00624939
-0.0119503
0.00733885
-0.0139103
0.00832777
-0.0161051
0.00919523
-0.018463
0.00992312
-0.0209116
0.0104978
-0.0233814
0.0109114
-0.0258096
0.0111616
-0.028143
0.011252
-0.0303394
0.0111909
-0.0323687
0.0109904
-0.034212
0.0106648
-0.0358609
0.0102295
-0.0373157
0.0097002
-0.0385833
0.00909168
-0.0396755
0.00841756
-0.0406068
0.00768992
-0.0413935
0.00691918
-0.0420517
0.00611413
-0.0425968
0.00528212
-0.0430432
0.00442921
-0.0434033
0.00356038
-0.0436878
0.00267978
-0.0439052
0.00179089
-0.0440624
0.000896722
-0.0441646
-0.0442147
0.00103923
-0.00587869
0.00207682
-0.00627205
0.0031091
-0.00704823
0.0041287
-0.00818616
0.00512388
-0.00965449
0.0060787
-0.0114124
0.00697413
-0.0134109
0.00778972
-0.015595
0.00850559
-0.017906
0.00910425
-0.0202846
0.00957223
-0.0226735
0.00990101
-0.0250205
0.0100873
-0.0272805
0.010133
-0.0294173
0.010044
-0.0314041
0.00982976
-0.0332233
0.00950193
-0.0348658
0.00907332
-0.0363298
0.00855711
-0.0376193
0.0079661
-0.0387424
0.00731225
-0.0397103
0.00660637
-0.0405353
0.00585806
-0.0412306
0.00507559
-0.0418087
0.00426612
-0.0422815
0.00343573
-0.0426591
0.00258964
-0.0429506
0.00173237
-0.043163
0.000867928
-0.0433016
-0.0433699
0.00081327
-0.00444138
0.00163103
-0.00477181
0.00245563
-0.00542684
0.00328559
-0.00639439
0.00411458
-0.00765562
0.00493133
-0.00918464
0.0057203
-0.0109485
0.00646312
-0.0129079
0.00714033
-0.0150183
0.00773318
-0.017232
0.00822532
-0.0195001
0.00860404
-0.021775
0.00886107
-0.0240125
0.00899278
-0.0261737
0.00899994
-0.0282268
0.00888708
-0.0301474
0.00866166
-0.0319184
0.0083332
-0.03353
0.00791245
-0.0349782
0.00741058
-0.0362642
0.0068387
-0.0373929
0.00620734
-0.0383717
0.00552627
-0.0392097
0.00480433
-0.0399167
0.00404941
-0.0405021
0.0032685
-0.040975
0.0024678
-0.0413433
0.00165285
-0.0416135
0.00082868
-0.0417908
-0.0418785
0.000623534
-0.00329735
0.00125496
-0.00356734
0.0019002
-0.00410495
0.00256161
-0.00490489
0.00323691
-0.00595799
0.00391886
-0.00725023
0.00459561
-0.00876198
0.00525174
-0.0104676
0.0058697
-0.0123358
0.00643139
-0.0143307
0.00691976
-0.016413
0.00732005
-0.018542
0.00762085
-0.0206774
0.00781461
-0.0227813
0.00789783
-0.0248201
0.00787073
-0.0267651
0.0077368
-0.0285938
0.00750205
-0.0302895
0.00717438
-0.0318415
0.00676279
-0.0332441
0.0062769
-0.0344957
0.00572635
-0.0355983
0.00512053
-0.0365559
0.00446833
-0.0373743
0.003778
-0.03806
0.00305714
-0.0386195
0.0023127
-0.0390589
0.0015511
-0.0393834
0.000778301
-0.0395974
-0.0397035
0.000468572
-0.00240589
0.000946418
-0.00262079
0.00144115
-0.0030506
0.00195731
-0.00369472
0.00249539
-0.00455083
0.00305135
-0.00561367
0.00361678
-0.00687381
0.00417954
-0.00831674
0.00472478
-0.00992255
0.00523633
-0.0116661
0.00569794
-0.0135178
0.0060946
-0.015445
0.0064135
-0.0174133
0.00664474
-0.0193885
0.00678177
-0.0213377
0.00682144
-0.0232313
0.00676376
-0.0250436
0.00661146
-0.0267536
0.00636952
-0.028345
0.00604453
-0.0298065
0.00564418
-0.0311305
0.00517677
-0.0323135
0.00465082
-0.0333546
0.00407481
-0.0342549
0.00345692
-0.0350172
0.00280498
-0.0356449
0.00212644
-0.0361415
0.00142831
-0.0365106
0.000717335
-0.0367549
-0.0368765
0.000345279
-0.0017255
0.000699846
-0.00189236
0.00107167
-0.00222754
0.00146624
-0.00273332
0.00188572
-0.00341182
0.00232847
-0.00426365
0.00278897
-0.0052866
0.00325819
-0.00647451
0.00372433
-0.00781647
0.00417373
-0.00929656
0.004592
-0.0108941
0.00496506
-0.0125845
0.00528008
-0.01434
0.00552623
-0.0161313
0.00569523
-0.0179291
0.00578159
-0.0197049
0.00578263
-0.0214325
0.00569834
-0.0230887
0.005531
-0.024654
0.0052848
-0.0261126
0.00496538
-0.0274526
0.0045794
-0.0286654
0.00413419
-0.0297455
0.00363738
-0.0306897
0.00309675
-0.0314968
0.00251999
-0.0321669
0.00191465
-0.0327007
0.0012881
-0.0330996
0.000647535
-0.0333647
-0.0334969
0.000249586
-0.00121662
0.000507647
-0.00134316
0.000781658
-0.0015984
0.00107721
-0.00198615
0.0013973
-0.00251098
0.00174188
-0.00317699
0.00210772
-0.00398663
0.0024885
-0.00493943
0.0028753
-0.00603114
0.00325722
-0.00725307
0.00362218
-0.00859206
0.0039578
-0.0100307
0.00425219
-0.0115481
0.00449466
-0.0131208
0.00467631
-0.0147235
0.00479036
-0.0163309
0.00483239
-0.0179181
0.0048003
-0.0194621
0.00469416
-0.020942
0.00451603
-0.0223398
0.00426958
-0.0236403
0.00395975
-0.0248314
0.00359246
-0.0259038
0.00317431
-0.0268506
0.00271231
-0.027667
0.00221369
-0.0283499
0.0016858
-0.0288973
0.00113601
-0.0293084
0.000571637
-0.0295826
-0.0297196
0.000177054
-0.000843496
0.000361354
-0.000937304
0.000559429
-0.00112729
0.00077643
-0.00141781
0.00101559
-0.00181441
0.00127782
-0.00232293
0.00156153
-0.00294834
0.0018626
-0.0036937
0.00217463
-0.00455918
0.00248931
-0.00554141
0.00279699
-0.00663306
0.00308735
-0.00782287
0.00335001
-0.00909596
0.00357516
-0.0104344
0.00375411
-0.0118179
0.00387969
-0.013225
0.00394654
-0.0146337
0.00395123
-0.0160223
0.00389226
-0.0173704
0.00376995
-0.0186594
0.00358627
-0.0198726
0.00334456
-0.0209959
0.00304933
-0.0220174
0.00270598
-0.0229274
0.00232057
-0.0237184
0.00189963
-0.0243846
0.00145
-0.0249218
0.000978728
-0.0253269
0.000492986
-0.025598
-0.0257338
0.00012331
-0.000575158
0.000252515
-0.000643204
0.000393014
-0.000781563
0.000549247
-0.000994462
0.000724292
-0.00128753
0.000919537
-0.00166702
0.00113448
-0.00213895
0.00136665
-0.00270817
0.00161167
-0.00337751
0.00186352
-0.00414708
0.00211481
-0.00501378
0.00235731
-0.00597112
0.00258241
-0.00700925
0.0027816
-0.00811524
0.00294698
-0.00927363
0.00307164
-0.010467
0.00314997
-0.0116769
0.00317785
-0.0128841
0.00315281
-0.01407
0.00307394
-0.0152166
0.00294187
-0.0163072
0.00275859
-0.0173271
0.00252732
-0.0182629
0.00225225
-0.0191034
0.00193843
-0.0198393
0.0015915
-0.0204631
0.00121761
-0.0209686
0.000823229
-0.0213515
0.000415073
-0.0216084
-0.0217374
8.43465e-05
-0.000385803
0.000173296
-0.000434137
0.000271124
-0.000532792
0.000381466
-0.000685523
0.000507024
-0.000897447
0.000649325
-0.00117448
0.000808524
-0.00152265
0.000983298
-0.00194739
0.00117084
-0.00245282
0.00136693
-0.0030411
0.00156618
-0.00371191
0.00176228
-0.00446219
0.00194837
-0.00528597
0.00211744
-0.00617453
0.00226267
-0.00711658
0.00237784
-0.00809874
0.0024576
-0.00910606
0.0024977
-0.0101226
0.00249516
-0.0111319
0.00244834
-0.0121179
0.00235691
-0.0130649
0.00222182
-0.0139583
0.00204518
-0.014785
0.00183012
-0.015533
0.00158066
-0.0161923
0.00130152
-0.0167542
0.000998006
-0.0172119
0.000675848
-0.0175597
0.000341095
-0.0177938
-0.0179115
5.66865e-05
-0.000254636
0.000116843
-0.000288279
0.000183733
-0.000357204
0.000260209
-0.00046454
0.000348512
-0.000614621
0.000450093
-0.000812593
0.000565446
-0.00106392
0.000693999
-0.00137385
0.000834055
-0.00174683
0.000982813
-0.00218596
0.00113646
-0.0026926
0.00129036
-0.00326592
0.00143924
-0.00390279
0.00157756
-0.00459769
0.00169972
-0.00534283
0.00180041
-0.00612834
0.00187483
-0.00694269
0.00191899
-0.00777305
0.00192982
-0.00860579
0.00190531
-0.00942695
0.00184456
-0.0102227
0.00174777
-0.0109796
0.00161618
-0.0116853
0.00145202
-0.0123282
0.00125838
-0.0128983
0.00103907
-0.0133868
0.000798502
-0.0137863
0.000541595
-0.0140909
0.000273597
-0.0142965
-0.0144
3.74453e-05
-0.000165407
7.74268e-05
-0.00018837
0.000122356
-0.000235584
0.000174391
-0.000309528
0.000235309
-0.000413686
0.000306369
-0.000552278
0.000388193
-0.00072992
0.000480657
-0.000951231
0.000582818
-0.00122041
0.000692897
-0.0015408
0.000808304
-0.00191452
0.000925733
-0.00234211
0.00104131
-0.00282231
0.00115078
-0.00335193
0.00124973
-0.00392587
0.00133382
-0.00453719
0.00139901
-0.00517731
0.00144176
-0.00583634
0.00145918
-0.00650337
0.00144921
-0.00716688
0.00141065
-0.00781514
0.00134323
-0.00843651
0.00124758
-0.00901982
0.00112519
-0.00955464
0.000978341
-0.0100315
0.000810021
-0.010442
0.000623805
-0.010779
0.000423747
-0.0110369
0.00021426
-0.0112112
-0.0112991
2.43208e-05
-0.000105772
5.0444e-05
-0.000121151
8.01003e-05
-0.000152881
0.000114873
-0.000202848
0.000156114
-0.000273732
0.000204855
-0.000368837
0.000261711
-0.000491859
0.000326795
-0.00064662
0.000399647
-0.000836759
0.000479192
-0.00106541
0.000563735
-0.00133489
0.000651002
-0.00164642
0.000738224
-0.00199988
0.000822257
-0.00239367
0.000899746
-0.00282465
0.000967282
-0.00328814
0.00102159
-0.00377802
0.0010597
-0.00428691
0.00107909
-0.0048064
0.00107782
-0.00532735
0.00105464
-0.0058402
0.001009
-0.00633525
0.000941116
-0.00680298
0.000851936
-0.0072343
0.000743093
-0.00762083
0.00061685
-0.00795505
0.00047601
-0.00823048
0.000323823
-0.0084418
0.000163879
-0.00858497
-0.00865723
1.55373e-05
-6.66019e-05
3.23229e-05
-7.6713e-05
5.15668e-05
-9.76453e-05
7.4397e-05
-0.000130783
0.000101809
-0.000178115
0.000134606
-0.000242127
0.00017333
-0.000325654
0.000218196
-0.000431707
0.000269027
-0.000563252
0.000325213
-0.000722984
0.000385687
-0.000913084
0.000448935
-0.00113499
0.000513038
-0.00138921
0.000575744
-0.00167514
0.00063458
-0.00199097
0.000686964
-0.00233371
0.000730346
-0.00269913
0.000762339
-0.00308192
0.000780849
-0.00347581
0.000784189
-0.0038738
0.000771167
-0.00426837
0.000741149
-0.00465175
0.000694093
-0.00501613
0.000630553
-0.00535397
0.000551662
-0.00565815
0.000459086
-0.00592223
0.000354959
-0.00614059
0.000241812
-0.00630857
0.000122479
-0.00642259
-0.00648021
9.7665e-06
-4.13052e-05
2.03773e-05
-4.78351e-05
3.26575e-05
-6.13977e-05
4.73902e-05
-8.29785e-05
6.52867e-05
-0.000114006
8.6947e-05
-0.000156288
0.000112814
-0.000211922
0.000143123
-0.000283183
0.000177852
-0.000372377
0.00021668
-0.000481681
0.000258963
-0.000612973
0.000303723
-0.000767646
0.000349668
-0.000946453
0.000395234
-0.00114936
0.00043865
-0.00137546
0.000478024
-0.0016229
0.000511434
-0.00188888
0.000537037
-0.00216968
0.000553168
-0.0024608
0.000558434
-0.00275702
0.000551794
-0.00305264
0.000532622
-0.00334163
0.000500743
-0.00361783
0.000456451
-0.00387518
0.000400502
-0.00410792
0.00033409
-0.00431074
0.000258798
-0.00447897
0.00017654
-0.0046087
8.94906e-05
-0.00469691
-0.00474154
6.0425e-06
-2.52369e-05
1.26433e-05
-2.93813e-05
2.03525e-05
-3.80162e-05
2.97006e-05
-5.18242e-05
4.11817e-05
-7.18019e-05
5.52292e-05
-9.92252e-05
7.2185e-05
-0.000135597
9.22635e-05
-0.000182576
0.000115514
-0.000241885
0.000141788
-0.000315202
0.000170712
-0.000404037
0.000201675
-0.000509605
0.000233832
-0.000632695
0.000266124
-0.000773556
0.000297319
-0.000931807
0.000326069
-0.00110638
0.000350974
-0.00129547
0.000370656
-0.00149658
0.00038384
-0.00170653
0.000389427
-0.00192158
0.000386561
-0.00213752
0.000374682
-0.00234981
0.000353565
-0.00255377
0.00032334
-0.0027447
0.000284495
-0.00291807
0.000237863
-0.00306969
0.000184587
-0.00319582
0.000126079
-0.0032933
6.39605e-05
-0.0033597
-0.00339332
3.68087e-06
-1.51947e-05
7.72322e-06
-1.77808e-05
1.24859e-05
-2.31856e-05
1.83202e-05
-3.18695e-05
2.55608e-05
-4.45101e-05
3.45112e-05
-6.19834e-05
4.54237e-05
-8.53352e-05
5.8475e-05
-0.000115738
7.37388e-05
-0.000154436
9.11604e-05
-0.00020267
0.000110535
-0.000261598
0.000131491
-0.000332203
0.000153492
-0.000415195
0.00017584
-0.000510926
0.0001977
-0.000619311
0.000218136
-0.00073977
0.000236157
-0.000871195
0.000250766
-0.00101194
0.000261019
-0.00115985
0.000266082
-0.00131228
0.000265281
-0.00146623
0.000258151
-0.0016184
0.000244467
-0.0017653
0.000224263
-0.00190341
0.000197845
-0.00202931
0.000165778
-0.00213978
0.000128868
-0.00223192
8.8129e-05
-0.00230329
4.47414e-05
-0.00235197
-0.00237664
2.2084e-06
-9.01732e-06
4.64619e-06
-1.06047e-05
7.5427e-06
-1.3932e-05
1.11256e-05
-1.93026e-05
1.56163e-05
-2.7166e-05
2.12215e-05
-3.81088e-05
2.81206e-05
-5.28397e-05
3.64493e-05
-7.21649e-05
4.62812e-05
-9.69542e-05
5.76089e-05
-0.000128096
7.03263e-05
-0.000166442
8.42166e-05
-0.000212743
9.89458e-05
-0.000267587
0.000114066
-0.000331326
0.000129024
-0.00040402
0.00014319
-0.000485385
0.000155878
-0.000574763
0.000166387
-0.000671106
0.00017404
-0.000772977
0.000178224
-0.000878582
0.000178432
-0.000985818
0.000174296
-0.00109234
0.000165617
-0.00119565
0.000152382
-0.00129318
0.000134772
-0.0013824
0.000113164
-0.00146093
8.81126e-05
-0.00152659
6.03285e-05
-0.00157756
3.06493e-05
-0.00161237
-0.00163003
1.30537e-06
-5.27597e-06
2.75354e-06
-6.23475e-06
4.48824e-06
-8.25026e-06
6.65403e-06
-1.15179e-05
9.39416e-06
-1.63292e-05
1.28458e-05
-2.3068e-05
1.71325e-05
-3.22026e-05
2.23534e-05
-4.42734e-05
2.8571e-05
-5.98722e-05
3.5798e-05
-7.9615e-05
4.39843e-05
-0.000104106
5.30072e-05
-0.000133898
6.26649e-05
-0.000169444
7.26758e-05
-0.000211049
8.26841e-05
-0.000258828
9.22725e-05
-0.000312666
0.000100981
-0.000372188
0.000108328
-0.000436743
0.000113842
-0.000505403
0.000117087
-0.00057697
0.000117693
-0.000650015
0.000115382
-0.000722918
0.000109992
-0.000793926
0.00010149
-0.000861221
8.99794e-05
-0.000922992
7.57042e-05
-0.000977514
5.90374e-05
-0.00102322
4.04668e-05
-0.00105875
2.05727e-05
-0.00108306
-0.0010954
7.60408e-07
-3.0442e-06
1.6081e-06
-3.61431e-06
2.63148e-06
-4.81609e-06
3.92056e-06
-6.77285e-06
5.56611e-06
-9.6696e-06
7.65707e-06
-1.37519e-05
1.02759e-05
-1.93226e-05
1.34923e-05
-2.6735e-05
1.73547e-05
-3.63817e-05
2.18816e-05
-4.86781e-05
2.70527e-05
-6.40404e-05
3.28011e-05
-8.28589e-05
3.90078e-05
-0.000105467
4.55002e-05
-0.000132108
5.20538e-05
-0.000162904
5.83994e-05
-0.000197826
6.42344e-05
-0.00023667
6.9238e-05
-0.000279046
7.30887e-05
-0.000324364
7.54851e-05
-0.000371847
7.61661e-05
-0.000420546
7.49301e-05
-0.000469367
7.16515e-05
-0.000517111
6.62923e-05
-0.000562524
5.89102e-05
-0.000604342
4.96589e-05
-0.000641354
3.87841e-05
-0.000672449
2.66129e-05
-0.00069667
1.35383e-05
-0.000713259
-0.000721687
4.36663e-07
-1.73259e-06
9.25739e-07
-2.06643e-06
1.52064e-06
-2.77206e-06
2.27638e-06
-3.92576e-06
3.24933e-06
-5.64258e-06
4.49587e-06
-8.07642e-06
6.06973e-06
-1.14188e-05
8.01802e-06
-1.58958e-05
1.03761e-05
-2.17616e-05
1.31617e-05
-2.92894e-05
1.63691e-05
-3.87578e-05
1.99632e-05
-5.04338e-05
2.38759e-05
-6.45531e-05
2.80035e-05
-8.12982e-05
3.22073e-05
-0.000100776
3.63176e-05
-0.000122996
4.014e-05
-0.000147855
4.34648e-05
-0.000175124
4.6079e-05
-0.000204439
4.77795e-05
-0.000235306
4.83871e-05
-0.000267108
4.77601e-05
-0.000299124
4.58057e-05
-0.000330555
4.24899e-05
-0.000360554
3.78421e-05
-0.000388261
3.19577e-05
-0.000412847
2.4995e-05
-0.000433546
1.71687e-05
-0.000449697
8.73933e-06
-0.000460772
-0.000466403
2.4726e-07
-9.72905e-07
5.25463e-07
-1.1655e-06
8.66328e-07
-1.57364e-06
1.30288e-06
-2.24361e-06
1.86946e-06
-3.24561e-06
2.60107e-06
-4.6742e-06
3.53186e-06
-6.64812e-06
4.69278e-06
-9.30884e-06
6.10839e-06
-1.28175e-05
7.7932e-06
-1.73494e-05
9.74768e-06
-2.30862e-05
1.19545e-05
-3.02057e-05
1.43755e-05
-3.88689e-05
1.69498e-05
-4.9206e-05
1.95936e-05
-6.13012e-05
2.22019e-05
-7.51786e-05
2.46525e-05
-9.07897e-05
2.68115e-05
-0.000108004
2.85409e-05
-0.000126601
2.9707e-05
-0.000146275
3.01903e-05
-0.000166632
2.98937e-05
-0.000187209
2.87519e-05
-0.000207483
2.67369e-05
-0.000226896
2.38628e-05
-0.000244877
2.01874e-05
-0.000260871
1.58108e-05
-0.000274365
1.08709e-05
-0.000284909
5.53685e-06
-0.000292148
-0.000295831
1.38099e-07
-5.39139e-07
2.94167e-07
-6.48635e-07
4.86729e-07
-8.81263e-07
7.35268e-07
-1.2646e-06
1.06033e-06
-1.84071e-06
1.48323e-06
-2.66659e-06
2.02517e-06
-3.81442e-06
2.70593e-06
-5.37103e-06
3.54195e-06
-7.43637e-06
4.54402e-06
-1.01205e-05
5.71477e-06
-1.35392e-05
7.04617e-06
-1.78076e-05
8.51745e-06
-2.30325e-05
1.00936e-05
-2.93031e-05
1.17249e-05
-3.66817e-05
1.33479e-05
-4.51938e-05
1.48871e-05
-5.48192e-05
1.62588e-05
-6.54858e-05
1.73757e-05
-7.70642e-05
1.81517e-05
-8.93667e-05
1.85088e-05
-0.000102149
1.83828e-05
-0.000115119
1.77287e-05
-0.000127941
1.65255e-05
-0.000140257
1.47791e-05
-0.000151696
1.25238e-05
-0.000161894
9.82146e-06
-0.000170514
6.75921e-06
-0.00017726
3.44461e-06
-0.000181896
-0.000184257
7.60971e-08
-2.94908e-07
1.62466e-07
-3.56278e-07
2.6975e-07
-4.86981e-07
4.09255e-07
-7.03167e-07
5.93061e-07
-1.02958e-06
8.33888e-07
-1.49998e-06
1.14465e-06
-2.15745e-06
1.53767e-06
-3.05425e-06
2.0236e-06
-4.25116e-06
2.60996e-06
-5.81587e-06
3.29966e-06
-7.82049e-06
4.08935e-06
-1.03378e-05
4.96801e-06
-1.34368e-05
5.91595e-06
-1.71766e-05
6.90425e-06
-2.16009e-05
7.89515e-06
-2.67314e-05
8.8431e-06
-3.25618e-05
9.69683e-06
-3.90535e-05
1.0402e-05
-4.61318e-05
1.09046e-05
-5.36844e-05
1.11549e-05
-6.15626e-05
1.11113e-05
-6.95847e-05
1.07438e-05
-7.75419e-05
1.00375e-05
-8.52071e-05
8.99421e-06
-9.23446e-05
7.6339e-06
-9.8722e-05
5.99423e-06
-0.000104122
4.129e-06
-0.000108355
2.10535e-06
-0.000111266
-0.00011275
4.13811e-08
-1.59266e-07
8.85433e-08
-1.93186e-07
1.47508e-07
-2.65598e-07
2.24732e-07
-3.85804e-07
3.27195e-07
-5.68116e-07
4.62357e-07
-8.32187e-07
6.37921e-07
-1.20327e-06
8.61401e-07
-1.71225e-06
1.13948e-06
-2.3954e-06
1.4772e-06
-3.29353e-06
1.87699e-06
-4.45061e-06
2.33769e-06
-5.91168e-06
2.85365e-06
-7.72006e-06
3.41399e-06
-9.91398e-06
4.00222e-06
-1.25228e-05
4.59629e-06
-1.5563e-05
5.1692e-06
-1.90343e-05
5.69012e-06
-2.29169e-05
6.12598e-06
-2.71683e-05
6.44354e-06
-3.17229e-05
6.61177e-06
-3.64916e-05
6.60433e-06
-4.1364e-05
6.40186e-06
-4.6212e-05
5.99406e-06
-5.08952e-05
5.38108e-06
-5.52666e-05
4.57425e-06
-5.91807e-05
3.59608e-06
-6.25007e-05
2.47923e-06
-6.51063e-05
1.2648e-06
-6.69005e-05
-6.78151e-05
2.22127e-08
-8.49393e-08
4.76308e-08
-1.03433e-07
7.96097e-08
-1.43004e-07
1.21778e-07
-2.08923e-07
1.78106e-07
-3.09334e-07
2.52893e-07
-4.55487e-07
3.50645e-07
-6.61931e-07
4.75848e-07
-9.46615e-07
6.32597e-07
-1.33078e-06
8.24126e-07
-1.83857e-06
1.05224e-06
-2.49628e-06
1.31674e-06
-3.33117e-06
1.61479e-06
-4.36988e-06
1.94051e-06
-5.63643e-06
2.28467e-06
-7.14987e-06
2.63462e-06
-8.9219e-06
2.97465e-06
-1.09544e-05
3.28654e-06
-1.32375e-05
3.55056e-06
-1.57477e-05
3.74665e-06
-1.84472e-05
3.85584e-06
-2.12836e-05
3.86183e-06
-2.41912e-05
3.7524e-06
-2.70929e-05
3.52074e-06
-2.99033e-05
3.16635e-06
-3.25328e-05
2.69557e-06
-3.48918e-05
2.12159e-06
-3.68961e-05
1.46389e-06
-3.84711e-05
7.47191e-07
-3.95566e-05
-4.01103e-05
1.17726e-08
-4.4744e-08
2.52967e-08
-5.46933e-08
4.24148e-08
-7.60291e-08
6.5136e-08
-1.11691e-07
9.56825e-08
-1.66242e-07
1.3649e-07
-2.46017e-07
1.9015e-07
-3.59264e-07
2.59285e-07
-5.16233e-07
3.46347e-07
-7.29152e-07
4.53347e-07
-1.01205e-06
5.81533e-07
-1.38035e-06
7.31026e-07
-1.85024e-06
9.0048e-07
-2.43775e-06
1.08677e-06
-3.15758e-06
1.28481e-06
-4.02176e-06
1.48749e-06
-5.03818e-06
1.68579e-06
-6.20908e-06
1.86917e-06
-7.52973e-06
2.02606e-06
-8.98741e-06
2.14456e-06
-1.05607e-05
2.21333e-06
-1.22195e-05
2.22247e-06
-1.39252e-05
2.16446e-06
-1.56322e-05
2.03492e-06
-1.72897e-05
1.83324e-06
-1.88439e-05
1.56288e-06
-2.0241e-05
1.23145e-06
-2.14298e-05
8.50374e-07
-2.23652e-05
4.34252e-07
-2.30104e-05
-2.33396e-05
6.16187e-09
-2.32859e-08
1.32675e-08
-2.85688e-08
2.23139e-08
-3.99223e-08
3.43974e-08
-5.89614e-08
5.07427e-08
-8.8203e-08
7.27082e-08
-1.3116e-07
1.01758e-07
-1.92433e-07
1.39397e-07
-2.77782e-07
1.87062e-07
-3.9413e-07
2.45969e-07
-5.49485e-07
3.16932e-07
-7.52738e-07
4.00153e-07
-1.01331e-06
4.95014e-07
-1.34065e-06
5.99893e-07
-1.74358e-06
7.12033e-07
-2.22949e-06
8.27493e-07
-2.80346e-06
9.41205e-07
-3.46741e-06
1.04716e-06
-4.21922e-06
1.13868e-06
-5.05214e-06
1.20886e-06
-5.95426e-06
1.25103e-06
-6.90846e-06
1.2593e-06
-7.89258e-06
1.22914e-06
-8.88014e-06
1.15781e-06
-9.84139e-06
1.04478e-06
-1.07446e-05
8.91914e-07
-1.1558e-05
7.03522e-07
-1.22512e-05
4.86185e-07
-1.27972e-05
2.48389e-07
-1.31742e-05
-1.33667e-05
3.18586e-09
-1.19749e-08
6.87321e-09
-1.47443e-08
1.15942e-08
-2.07085e-08
1.79385e-08
-3.07419e-08
2.65712e-08
-4.62121e-08
3.82379e-08
-6.90377e-08
5.37526e-08
-1.01747e-07
7.39632e-08
-1.47524e-07
9.96941e-08
-2.10227e-07
1.31664e-07
-2.94351e-07
1.70381e-07
-4.04932e-07
2.16028e-07
-5.47357e-07
2.68338e-07
-7.27093e-07
3.26484e-07
-9.49313e-07
3.88998e-07
-1.21845e-06
4.53731e-07
-1.53768e-06
5.17879e-07
-1.90842e-06
5.7807e-07
-2.3298e-06
6.30529e-07
-2.79831e-06
6.71301e-07
-3.30744e-06
6.96538e-07
-3.84763e-06
7.02812e-07
-4.40635e-06
6.87435e-07
-4.96847e-06
6.48747e-07
-5.51688e-06
5.86341e-07
-6.03326e-06
5.01205e-07
-6.49905e-06
3.95744e-07
-6.89658e-06
2.73689e-07
-7.21007e-06
1.39888e-07
-7.42667e-06
-7.53732e-06
1.62746e-09
-6.0864e-09
3.51784e-09
-7.52006e-09
5.95134e-09
-1.06139e-08
9.24068e-09
-1.58344e-08
1.37419e-08
-2.39144e-08
1.98582e-08
-3.58864e-08
2.80347e-08
-5.31187e-08
3.87412e-08
-7.73459e-08
5.24422e-08
-1.10683e-07
6.95519e-08
-1.55615e-07
9.03785e-08
-2.14945e-07
1.15057e-07
-2.91702e-07
1.43483e-07
-3.8899e-07
1.75242e-07
-5.09786e-07
2.09565e-07
-6.56687e-07
2.45301e-07
-8.31625e-07
2.80919e-07
-1.03556e-06
3.1456e-07
-1.26819e-06
3.44121e-07
-1.52773e-06
3.67379e-07
-1.81066e-06
3.82152e-07
-2.11175e-06
3.86475e-07
-2.42402e-06
3.78791e-07
-2.73897e-06
3.58112e-07
-3.04692e-06
3.24157e-07
-3.33744e-06
2.77439e-07
-3.59994e-06
2.19277e-07
-3.82427e-06
1.51755e-07
-4.00137e-06
7.75982e-08
-4.12383e-06
-4.18641e-06
8.21591e-10
-3.05803e-09
1.77923e-09
-3.79112e-09
3.01849e-09
-5.37622e-09
4.70302e-09
-8.05894e-09
7.02069e-09
-1.22262e-08
1.01864e-08
-1.8426e-08
1.44399e-08
-2.73882e-08
2.00372e-08
-4.00436e-08
2.72352e-08
-5.75349e-08
3.62681e-08
-8.12132e-08
4.73168e-08
-1.12616e-07
6.04729e-08
-1.53416e-07
7.57e-08
-2.05347e-07
9.27963e-08
-2.70089e-07
1.11365e-07
-3.49134e-07
1.30798e-07
-4.43624e-07
1.50273e-07
-5.54178e-07
1.68781e-07
-6.80728e-07
1.85168e-07
-8.22371e-07
1.98205e-07
-9.77263e-07
2.06675e-07
-1.14256e-06
2.09474e-07
-1.31445e-06
2.05712e-07
-1.48822e-06
1.94816e-07
-1.65849e-06
1.76603e-07
-1.81942e-06
1.51333e-07
-1.96506e-06
1.19721e-07
-2.08969e-06
8.29119e-08
-2.18818e-06
4.24135e-08
-2.25633e-06
-2.29117e-06
4.09972e-10
-1.51914e-09
8.89442e-10
-1.8895e-09
1.51308e-09
-2.69183e-09
2.36536e-09
-4.05366e-09
3.54413e-09
-6.17659e-09
5.16227e-09
-9.34733e-09
7.34697e-09
-1.39498e-08
1.02356e-08
-2.04765e-08
1.39679e-08
-2.95355e-08
1.86735e-08
-4.18509e-08
2.44562e-08
-5.82521e-08
3.13739e-08
-7.96495e-08
3.94179e-08
-1.06994e-07
4.84917e-08
-1.41218e-07
5.83938e-08
-1.83162e-07
6.88073e-08
-2.33485e-07
7.92979e-08
-2.92569e-07
8.93253e-08
-3.60427e-07
9.82669e-08
-4.36618e-07
1.05453e-07
-5.2018e-07
1.10217e-07
-6.09599e-07
1.11946e-07
-7.02816e-07
1.10143e-07
-7.97271e-07
1.04482e-07
-8.90011e-07
9.48482e-08
-9.77821e-07
8.13712e-08
-1.05741e-06
6.44323e-08
-1.1256e-06
4.46512e-08
-1.17954e-06
2.28503e-08
-1.21689e-06
-1.236e-06
2.02252e-10
-7.46299e-10
4.39566e-10
-9.31202e-10
7.49752e-10
-1.33251e-09
1.17587e-09
-2.01558e-09
1.76819e-09
-3.08404e-09
2.5852e-09
-4.68593e-09
3.69341e-09
-7.02044e-09
5.16542e-09
-1.03444e-08
7.07594e-09
-1.49771e-08
9.49558e-09
-2.13006e-08
1.24823e-08
-2.97561e-08
1.60714e-08
-4.0831e-08
2.02633e-08
-5.50387e-08
2.50131e-08
-7.28882e-08
3.022e-08
-9.48439e-08
3.57213e-08
-1.21278e-07
4.12907e-08
-1.52419e-07
4.66434e-08
-1.88299e-07
5.14481e-08
-2.28706e-07
5.5346e-08
-2.73148e-07
5.79762e-08
-3.2083e-07
5.90057e-08
-3.70657e-07
5.81615e-08
-4.21256e-07
5.526e-08
-4.71033e-07
5.02331e-08
-5.18245e-07
4.31438e-08
-5.61099e-07
3.41926e-08
-5.9786e-07
2.37103e-08
-6.26966e-07
1.21383e-08
-6.47136e-07
-6.57457e-07
9.86643e-11
-3.62629e-10
2.14801e-10
-4.53875e-10
3.67322e-10
-6.52272e-10
5.77902e-10
-9.90876e-10
8.72025e-10
-1.52229e-09
1.2796e-09
-2.32192e-09
1.83492e-09
-3.49176e-09
2.57579e-09
-5.16399e-09
3.54155e-09
-7.50376e-09
4.76997e-09
-1.07101e-08
6.29283e-09
-1.50141e-08
8.1306e-09
-2.06729e-08
1.02863e-08
-2.79595e-08
1.27393e-08
-3.71471e-08
1.54401e-08
-4.84878e-08
1.83063e-08
-6.21882e-08
2.12215e-08
-7.83803e-08
2.40378e-08
-9.70937e-08
2.65815e-08
-1.18229e-07
2.8663e-08
-1.41539e-07
3.00903e-08
-1.66611e-07
3.06849e-08
-1.92871e-07
3.0299e-08
-2.19594e-07
2.88317e-08
-2.45933e-07
2.62433e-08
-2.70956e-07
2.25641e-08
-2.937e-07
1.78978e-08
-3.13234e-07
1.24184e-08
-3.28714e-07
6.35989e-09
-3.39447e-07
-3.44942e-07
4.76031e-11
-1.74311e-10
1.03809e-10
-2.18828e-10
1.77965e-10
-3.15793e-10
2.80844e-10
-4.81717e-10
4.25206e-10
-7.42958e-10
6.26141e-10
-1.13745e-09
9.01097e-10
-1.71673e-09
1.26948e-09
-2.54792e-09
1.75169e-09
-3.71535e-09
2.36761e-09
-5.32121e-09
3.13431e-09
-7.48484e-09
4.06337e-09
-1.034e-08
5.15761e-09
-1.40297e-08
6.40791e-09
-1.86983e-08
7.79021e-09
-2.44804e-08
9.26338e-09
-3.14884e-08
1.07685e-08
-3.97967e-08
1.22296e-08
-4.94271e-08
1.35569e-08
-6.03344e-08
1.46519e-08
-7.2395e-08
1.54137e-08
-8.53989e-08
1.57481e-08
-9.90496e-08
1.55763e-08
-1.12969e-07
1.4844e-08
-1.26713e-07
1.35285e-08
-1.39791e-07
1.1644e-08
-1.51694e-07
9.24351e-09
-1.61928e-07
6.4174e-09
-1.70046e-07
3.28773e-09
-1.75678e-07
-1.78562e-07
2.27199e-11
-8.29031e-11
4.96262e-11
-1.04381e-10
8.52832e-11
-1.51241e-10
1.34982e-10
-2.31632e-10
2.05033e-10
-3.58597e-10
3.02954e-10
-5.50983e-10
4.37503e-10
-8.345e-10
6.18504e-10
-1.2428e-09
8.56393e-10
-1.81837e-09
1.16145e-09
-2.61299e-09
1.54271e-09
-3.68747e-09
2.00653e-09
-5.1104e-09
2.55497e-09
-6.9556e-09
3.1841e-09
-9.29814e-09
3.88241e-09
-1.22089e-08
4.62965e-09
-1.57478e-08
5.39632e-09
-1.9956e-08
6.14404e-09
-2.48477e-08
6.82706e-09
-3.04029e-08
7.39469e-09
-3.65609e-08
7.79487e-09
-4.32161e-08
7.97856e-09
-5.02173e-08
7.90445e-09
-5.73703e-08
7.54361e-09
-6.44453e-08
6.88347e-09
-7.11876e-08
5.93056e-09
-7.73323e-08
4.71166e-09
-8.26211e-08
3.27297e-09
-8.68196e-08
1.67736e-09
-8.97344e-08
-9.12277e-08
1.07287e-11
-3.90191e-11
2.34714e-11
-4.92674e-11
4.04309e-11
-7.16648e-11
6.41758e-11
-1.10183e-10
9.77888e-11
-1.71201e-10
1.44968e-10
-2.63966e-10
2.10055e-10
-4.01148e-10
2.97957e-10
-5.99406e-10
4.13934e-10
-8.79875e-10
5.63232e-10
-1.26845e-09
7.50536e-10
-1.7957e-09
9.79266e-10
-2.49632e-09
1.25075e-09
-3.40788e-09
1.56336e-09
-4.5689e-09
1.91167e-09
-6.01608e-09
2.28583e-09
-7.78086e-09
2.67128e-09
-9.88545e-09
3.04886e-09
-1.23386e-08
3.39555e-09
-1.51317e-08
3.68568e-09
-1.82354e-08
3.89272e-09
-2.15973e-08
3.9915e-09
-2.51412e-08
3.96066e-09
-2.87687e-08
3.78508e-09
-3.23627e-08
3.45792e-09
-3.57927e-08
2.98212e-09
-3.89227e-08
2.37101e-09
-4.16194e-08
1.64793e-09
-4.37619e-08
8.44825e-10
-4.52502e-08
-4.60129e-08
5.0132e-12
-1.81766e-11
1.09847e-11
-2.30142e-11
1.89654e-11
-3.36037e-11
3.01874e-11
-5.18588e-11
4.61396e-11
-8.08618e-11
6.86189e-11
-1.25096e-10
9.97502e-11
-1.90731e-10
1.41953e-10
-2.85911e-10
1.97843e-10
-4.2102e-10
2.70058e-10
-6.08841e-10
3.60991e-10
-8.64548e-10
4.72442e-10
-1.20545e-09
6.05209e-10
-1.65043e-09
7.58642e-10
-2.21895e-09
9.30221e-10
-2.92973e-09
1.11522e-09
-3.79904e-09
1.30654e-09
-4.83861e-09
1.49475e-09
-6.05358e-09
1.6684e-09
-7.44036e-09
1.81468e-09
-8.98494e-09
1.92022e-09
-1.06616e-08
1.97231e-09
-1.24326e-08
1.96005e-09
-1.42487e-08
1.87566e-09
-1.60509e-08
1.71549e-09
-1.77733e-08
1.48083e-09
-1.93469e-08
1.17824e-09
-2.0704e-08
8.19349e-10
-2.17831e-08
4.20179e-10
-2.25331e-08
-2.29175e-08
2.31873e-12
-8.38171e-12
5.08768e-12
-1.06407e-11
8.8039e-12
-1.55945e-11
1.40516e-11
-2.41539e-11
2.15407e-11
-3.77916e-11
3.21343e-11
-5.86551e-11
4.68601e-11
-8.97129e-11
6.6896e-11
-1.34901e-10
9.35252e-11
-1.99257e-10
1.28056e-10
-2.89015e-10
1.71692e-10
-4.11611e-10
2.25362e-10
-5.75573e-10
2.89522e-10
-7.90253e-10
3.63927e-10
-1.06537e-09
4.47425e-10
-1.41033e-09
5.37776e-10
-1.83341e-09
6.3156e-10
-2.34072e-09
7.24186e-10
-2.93513e-09
8.10049e-10
-3.61523e-09
8.82815e-10
-4.37443e-09
9.35862e-10
-5.20029e-09
9.62833e-10
-6.07428e-09
9.5826e-10
-6.97207e-09
9.18183e-10
-7.86437e-09
8.407e-10
-8.71833e-09
7.26361e-10
-9.49942e-09
5.78348e-10
-1.01737e-08
4.02389e-10
-1.07103e-08
2.06417e-10
-1.10834e-08
-1.12747e-08
1.06163e-12
-3.82643e-12
2.33282e-12
-4.87047e-12
4.0452e-12
-7.16335e-12
6.47354e-12
-1.11348e-11
9.95219e-12
-1.74795e-11
1.4891e-11
-2.72147e-11
2.17813e-11
-4.1753e-11
3.11888e-11
-6.29729e-11
4.37361e-11
-9.32901e-11
6.00626e-11
-1.35708e-10
8.07643e-11
-1.93826e-10
1.06313e-10
-2.71793e-10
1.36959e-10
-3.74182e-10
1.72618e-10
-5.05777e-10
2.12771e-10
-6.71247e-10
2.56367e-10
-8.7474e-10
3.01781e-10
-1.11938e-09
3.46805e-10
-1.40673e-09
3.88726e-10
-1.73626e-09
4.24457e-10
-2.10493e-09
4.50754e-10
-2.50677e-09
4.64484e-10
-2.93281e-09
4.62936e-10
-3.3712e-09
4.44127e-10
-3.80755e-09
4.07081e-10
-4.22571e-09
3.52026e-10
-4.60862e-09
2.80484e-10
-4.93947e-09
1.95245e-10
-5.20293e-09
1.00186e-10
-5.38623e-09
-5.48027e-09
4.81148e-13
-1.72949e-12
1.05921e-12
-2.20742e-12
1.8405e-12
-3.25758e-12
2.95216e-12
-5.08102e-12
4.55128e-12
-8.00207e-12
6.82953e-12
-1.24973e-11
1.00193e-11
-1.92304e-11
1.43889e-11
-2.90886e-11
2.02367e-11
-4.32162e-11
2.7871e-11
-6.30441e-11
3.75831e-11
-9.02918e-11
4.96088e-11
-1.26954e-10
6.40801e-11
-1.7524e-10
8.09738e-11
-2.37474e-10
1.00058e-10
-3.15941e-10
1.20847e-10
-4.12692e-10
1.42577e-10
-5.29296e-10
1.64199e-10
-6.66583e-10
1.84415e-10
-8.24382e-10
2.0174e-10
-1.00128e-09
2.14603e-10
-1.19448e-09
2.21481e-10
-1.39969e-09
2.21047e-10
-1.61118e-09
2.12321e-10
-1.82199e-09
1.94812e-10
-2.02427e-09
1.68607e-10
-2.20969e-09
1.34431e-10
-2.37006e-09
9.36216e-11
-2.49784e-09
4.80542e-11
-2.5868e-09
-2.63244e-09
2.16101e-13
-7.7397e-13
4.75826e-13
-9.90571e-13
8.2861e-13
-1.46681e-12
1.33275e-12
-2.29527e-12
2.06005e-12
-3.62638e-12
3.10054e-12
-5.68083e-12
4.5618e-12
-8.7666e-12
6.56972e-12
-1.32979e-11
9.26612e-12
-1.98117e-11
1.27975e-11
-2.89804e-11
1.73044e-11
-4.16166e-11
2.29024e-11
-5.86679e-11
2.96604e-11
-8.11882e-11
3.75733e-11
-1.10292e-10
4.65406e-11
-1.47085e-10
5.63405e-11
-1.92565e-10
6.66171e-11
-2.4751e-10
7.68784e-11
-3.12351e-10
8.65104e-11
-3.8704e-10
9.48075e-11
-4.70941e-10
1.01019e-10
-5.62743e-10
1.04412e-10
-6.60419e-10
1.04346e-10
-7.61243e-10
1.00345e-10
-8.61887e-10
9.21608e-11
-9.58574e-10
7.98293e-11
-1.0473e-09
6.36892e-11
-1.1241e-09
4.43758e-11
-1.18533e-09
2.27834e-11
-1.22798e-09
-1.24988e-09
9.62302e-14
-3.42885e-13
2.11754e-13
-4.39637e-13
3.69382e-13
-6.53554e-13
5.95882e-13
-1.02663e-12
9.23656e-13
-1.6268e-12
1.39373e-12
-2.55625e-12
2.05617e-12
-3.95582e-12
2.96936e-12
-6.01664e-12
4.19987e-12
-8.98844e-12
5.81594e-12
-1.31828e-11
7.88501e-12
-1.89799e-11
1.04629e-11
-2.68242e-11
1.35841e-11
-3.72124e-11
1.72507e-11
-5.06731e-11
2.14175e-11
-6.77326e-11
2.59852e-11
-8.88715e-11
3.07903e-11
-1.1447e-10
3.56042e-11
-1.44745e-10
4.014e-11
-1.79692e-10
4.40663e-11
-2.19026e-10
4.70283e-11
-2.62142e-10
4.86782e-11
-3.08093e-10
4.87102e-11
-3.55597e-10
4.6895e-11
-4.0308e-10
4.31119e-11
-4.48749e-10
3.73731e-11
-4.90701e-10
2.98355e-11
-5.27043e-10
2.07975e-11
-5.56041e-10
1.06808e-11
-5.76246e-10
-5.8662e-10
4.22823e-14
-1.50333e-13
9.3209e-14
-1.92963e-13
1.63216e-13
-2.88099e-13
2.63676e-13
-4.54188e-13
4.10135e-13
-7.22387e-13
6.20389e-13
-1.13784e-12
9.17645e-13
-1.76567e-12
1.32921e-12
-2.69334e-12
1.88473e-12
-4.03382e-12
2.61703e-12
-5.93136e-12
3.55748e-12
-8.56118e-12
4.73232e-12
-1.21287e-11
6.15948e-12
-1.68661e-11
7.83999e-12
-2.30194e-11
9.75562e-12
-3.08371e-11
1.18619e-11
-4.05474e-11
1.40846e-11
-5.23323e-11
1.63186e-11
-6.63003e-11
1.84308e-11
-8.24554e-11
2.02678e-11
-1.00674e-10
2.16635e-11
-1.20678e-10
2.24548e-11
-1.42031e-10
2.24982e-11
-1.64139e-10
2.16835e-11
-1.86265e-10
1.99532e-11
-2.07571e-10
1.73104e-11
-2.27161e-10
1.3827e-11
-2.44145e-10
9.6425e-12
-2.57705e-10
4.95359e-12
-2.67159e-10
-2.72014e-10
1.832e-14
-6.45758e-14
4.07523e-14
-8.35448e-14
7.1492e-14
-1.25413e-13
1.1594e-13
-1.98169e-13
1.80523e-13
-3.16448e-13
2.73677e-13
-4.99639e-13
4.0639e-13
-7.77438e-13
5.90258e-13
-1.18894e-12
8.39209e-13
-1.78476e-12
1.16783e-12
-2.63052e-12
1.59151e-12
-3.80641e-12
2.12256e-12
-5.4052e-12
2.76892e-12
-7.53336e-12
3.53277e-12
-1.0304e-11
4.40641e-12
-1.38325e-11
5.36918e-12
-1.82245e-11
6.38767e-12
-2.35665e-11
7.41475e-12
-2.99109e-11
8.38947e-12
-3.72629e-11
9.24099e-12
-4.55682e-11
9.89227e-12
-5.47028e-11
1.0268e-11
-6.44685e-11
1.03001e-11
-7.45927e-11
9.93792e-12
-8.4738e-11
9.15311e-12
-9.45176e-11
7.94689e-12
-1.03518e-10
6.3515e-12
-1.11326e-10
4.43134e-12
-1.17565e-10
2.27672e-12
-1.21916e-10
-1.24151e-10
7.90546e-15
-2.67223e-14
1.78503e-14
-3.49916e-14
3.12178e-14
-5.28866e-14
5.08384e-14
-8.39268e-14
7.95287e-14
-1.34247e-13
1.20692e-13
-2.12154e-13
1.79696e-13
-3.31194e-13
2.61703e-13
-5.07936e-13
3.73138e-13
-7.63934e-13
5.21204e-13
-1.12857e-12
7.12033e-13
-1.6365e-12
9.51701e-13
-2.32888e-12
1.24434e-12
-3.25207e-12
1.5913e-12
-4.45711e-12
1.9895e-12
-5.99489e-12
2.42945e-12
-7.91243e-12
2.89638e-12
-1.02492e-11
3.36863e-12
-1.30295e-11
3.8181e-12
-1.62572e-11
4.21261e-12
-1.99087e-11
4.51625e-12
-2.39311e-11
4.69403e-12
-2.82368e-11
4.71464e-12
-3.27066e-11
4.55395e-12
-3.71905e-11
4.19824e-12
-4.15165e-11
3.64766e-12
-4.55014e-11
2.9173e-12
-4.89607e-11
2.0359e-12
-5.17261e-11
1.04662e-12
-5.36554e-11
-5.46466e-11
3.58368e-15
-9.56097e-15
8.07895e-15
-1.29923e-14
1.41042e-14
-1.92748e-14
2.30396e-14
-3.05191e-14
3.61447e-14
-4.91204e-14
5.53258e-14
-7.75684e-14
8.26629e-14
-1.21533e-13
1.20681e-13
-1.86633e-13
1.72597e-13
-2.81195e-13
2.41794e-13
-4.16208e-13
3.31296e-13
-6.04778e-13
4.44177e-13
-8.61348e-13
5.82437e-13
-1.20503e-12
7.46756e-13
-1.65363e-12
9.35554e-13
-2.22742e-12
1.14514e-12
-2.94396e-12
1.36789e-12
-3.81789e-12
1.59432e-12
-4.85995e-12
1.81028e-12
-6.07078e-12
2.001e-12
-7.44181e-12
2.14875e-12
-8.95428e-12
2.23656e-12
-1.05749e-11
2.24935e-12
-1.22589e-11
2.17503e-12
-1.39491e-11
2.00723e-12
-1.55814e-11
1.74512e-12
-1.70857e-11
1.39662e-12
-1.83924e-11
9.75294e-13
-1.9437e-11
5.01335e-13
-2.01663e-11
-2.0541e-11
2.05591e-15
4.15559e-15
7.77029e-15
1.30217e-14
2.01872e-14
3.12492e-14
4.68613e-14
6.86776e-14
9.86282e-14
1.38451e-13
1.90172e-13
2.55783e-13
3.35772e-13
4.31849e-13
5.42264e-13
6.64654e-13
7.96108e-13
9.29344e-13
1.05713e-12
1.17027e-12
1.25856e-12
1.31183e-12
1.32039e-12
1.27838e-12
1.18064e-12
1.02739e-12
8.22598e-13
5.74644e-13
2.95255e-13
)
;

boundaryField
{
    outerWall
    {
        type            calculated;
        value           uniform 0;
    }
    axis
    {
        type            symmetryPlane;
        value           uniform 0;
    }
    nozzle
    {
        type            calculated;
        value           nonuniform List<scalar> 5(0.753091 0.75312 0.75312 0.75312 0.753091);
    }
    back
    {
        type            empty;
    }
    front
    {
        type            empty;
    }
}


// ************************************************************************* //
