/*--------------------------------*- C++ -*----------------------------------*\
| =========                 |                                                 |
| \\      /  F ield         | OpenFOAM: The Open Source CFD Toolbox           |
|  \\    /   O peration     | Version:  2412                                  |
|   \\  /    A nd           | Website:  www.openfoam.com                      |
|    \\/     M anipulation  |                                                 |
\*---------------------------------------------------------------------------*/
FoamFile
{
    version     2.0;
    format      ascii;
    arch        "LSB;label=32;scalar=64";
    class       volScalarField;
    location    "4e-05";
    object      p;
}
// * * * * * * * * * * * * * * * * * * * * * * * * * * * * * * * * * * * * * //

dimensions      [1 -1 -2 0 0 0 0];

internalField   nonuniform List<scalar> 
3725
(
1e+07
1e+07
1e+07
1e+07
1e+07
1e+07
1e+07
1e+07
1e+07
1e+07
1e+07
1e+07
1e+07
1e+07
1e+07
1e+07
1e+07
1e+07
1e+07
1e+07
1e+07
1e+07
1e+07
1e+07
1e+07
1e+07
1e+07
9.99999e+06
9.99999e+06
9.99999e+06
1e+07
1e+07
1e+07
1e+07
1e+07
1e+07
1e+07
1e+07
1e+07
1e+07
1e+07
1e+07
1e+07
1e+07
1e+07
1e+07
1e+07
1e+07
1e+07
1e+07
1e+07
1e+07
1e+07
1e+07
1e+07
9.99999e+06
9.99999e+06
9.99999e+06
9.99998e+06
9.99998e+06
1e+07
1e+07
1e+07
1e+07
1e+07
1e+07
1e+07
1e+07
1e+07
1e+07
1e+07
1e+07
1e+07
1e+07
1e+07
1e+07
1e+07
1e+07
1e+07
1e+07
1e+07
1e+07
1e+07
1e+07
9.99999e+06
9.99999e+06
9.99998e+06
9.99997e+06
9.99996e+06
9.99995e+06
1e+07
1e+07
1e+07
1e+07
1e+07
1e+07
1e+07
1e+07
1e+07
1e+07
1e+07
1e+07
1e+07
1e+07
1e+07
1e+07
1e+07
1e+07
1e+07
1e+07
1e+07
1e+07
1e+07
9.99999e+06
9.99998e+06
9.99997e+06
9.99994e+06
9.99992e+06
9.9999e+06
9.99988e+06
1e+07
1e+07
1e+07
1e+07
1e+07
1e+07
1e+07
1e+07
1e+07
1e+07
1e+07
1e+07
1e+07
1e+07
1e+07
1e+07
1e+07
1e+07
1e+07
1e+07
1e+07
9.99999e+06
9.99999e+06
9.99998e+06
9.99995e+06
9.99991e+06
9.99986e+06
9.9998e+06
9.99974e+06
9.9997e+06
1e+07
1e+07
1e+07
1e+07
1e+07
1e+07
1e+07
1e+07
1e+07
1e+07
1e+07
1e+07
1e+07
1e+07
1e+07
1e+07
1e+07
1e+07
1e+07
1e+07
9.99999e+06
9.99999e+06
9.99997e+06
9.99994e+06
9.99988e+06
9.99979e+06
9.99966e+06
9.99951e+06
9.99936e+06
9.99927e+06
1e+07
1e+07
1e+07
1e+07
1e+07
1e+07
1e+07
1e+07
1e+07
1e+07
1e+07
1e+07
1e+07
1e+07
1e+07
1e+07
1e+07
1e+07
1e+07
1e+07
9.99999e+06
9.99997e+06
9.99993e+06
9.99986e+06
9.99973e+06
9.99951e+06
9.99921e+06
9.99884e+06
9.99848e+06
9.99825e+06
1e+07
1e+07
1e+07
1e+07
1e+07
1e+07
1e+07
1e+07
1e+07
1e+07
1e+07
1e+07
1e+07
1e+07
1e+07
1e+07
1e+07
1e+07
1e+07
9.99999e+06
9.99997e+06
9.99993e+06
9.99985e+06
9.99969e+06
9.99938e+06
9.99889e+06
9.99818e+06
9.99733e+06
9.9965e+06
9.99597e+06
1e+07
1e+07
1e+07
1e+07
1e+07
1e+07
1e+07
1e+07
1e+07
1e+07
1e+07
1e+07
1e+07
1e+07
1e+07
1e+07
1e+07
1e+07
9.99999e+06
9.99998e+06
9.99994e+06
9.99986e+06
9.99968e+06
9.99931e+06
9.99865e+06
9.99755e+06
9.99598e+06
9.99407e+06
9.99221e+06
9.99099e+06
1e+07
1e+07
1e+07
1e+07
1e+07
1e+07
1e+07
1e+07
1e+07
1e+07
1e+07
1e+07
1e+07
1e+07
1e+07
1e+07
1e+07
9.99999e+06
9.99998e+06
9.99995e+06
9.99988e+06
9.9997e+06
9.99932e+06
9.99855e+06
9.99714e+06
9.9948e+06
9.99142e+06
9.98729e+06
9.98324e+06
9.98057e+06
1e+07
1e+07
1e+07
1e+07
1e+07
1e+07
1e+07
1e+07
1e+07
1e+07
1e+07
1e+07
1e+07
1e+07
1e+07
1e+07
1e+07
9.99999e+06
9.99996e+06
9.9999e+06
9.99975e+06
9.9994e+06
9.99863e+06
9.99706e+06
9.99417e+06
9.98935e+06
9.98236e+06
9.97375e+06
9.96525e+06
9.95959e+06
1e+07
1e+07
1e+07
1e+07
1e+07
1e+07
1e+07
1e+07
1e+07
1e+07
1e+07
1e+07
1e+07
1e+07
1e+07
1e+07
9.99999e+06
9.99998e+06
9.99993e+06
9.99981e+06
9.99952e+06
9.99883e+06
9.99733e+06
9.99427e+06
9.98858e+06
9.97906e+06
9.96515e+06
9.9479e+06
9.93076e+06
9.91919e+06
1e+07
1e+07
1e+07
1e+07
1e+07
1e+07
1e+07
1e+07
1e+07
1e+07
1e+07
1e+07
1e+07
1e+07
1e+07
9.99999e+06
9.99998e+06
9.99995e+06
9.99987e+06
9.99966e+06
9.99911e+06
9.99784e+06
9.99504e+06
9.98932e+06
9.9786e+06
9.96057e+06
9.93402e+06
9.90089e+06
9.86772e+06
9.84495e+06
1e+07
1e+07
1e+07
1e+07
1e+07
1e+07
1e+07
1e+07
1e+07
1e+07
1e+07
1e+07
1e+07
1e+07
1e+07
9.99999e+06
9.99997e+06
9.99992e+06
9.99978e+06
9.9994e+06
9.99844e+06
9.99619e+06
9.9912e+06
9.98097e+06
9.96171e+06
9.92907e+06
9.88066e+06
9.81983e+06
9.75841e+06
9.71537e+06
1e+07
1e+07
1e+07
1e+07
1e+07
1e+07
1e+07
1e+07
1e+07
1e+07
1e+07
1e+07
1e+07
1e+07
1e+07
9.99999e+06
9.99996e+06
9.99987e+06
9.99963e+06
9.99899e+06
9.99739e+06
9.99359e+06
9.98516e+06
9.96774e+06
9.93479e+06
9.87855e+06
9.79445e+06
9.68795e+06
9.57945e+06
9.50141e+06
1e+07
1e+07
1e+07
1e+07
1e+07
1e+07
1e+07
1e+07
1e+07
1e+07
1e+07
1e+07
1e+07
1e+07
9.99999e+06
9.99998e+06
9.99993e+06
9.99979e+06
9.99941e+06
9.9984e+06
9.99586e+06
9.98979e+06
9.97626e+06
9.94817e+06
9.8947e+06
9.80279e+06
9.66404e+06
9.48682e+06
9.3045e+06
9.16892e+06
1e+07
1e+07
1e+07
1e+07
1e+07
1e+07
1e+07
1e+07
1e+07
1e+07
1e+07
1e+07
1e+07
1e+07
9.99999e+06
9.99997e+06
9.9999e+06
9.99969e+06
9.99913e+06
9.99762e+06
9.9938e+06
9.98465e+06
9.96415e+06
9.92138e+06
9.83943e+06
9.69749e+06
9.48097e+06
9.20143e+06
8.91059e+06
8.68438e+06
1e+07
1e+07
1e+07
1e+07
1e+07
1e+07
1e+07
1e+07
1e+07
1e+07
1e+07
1e+07
1e+07
1e+07
9.99999e+06
9.99995e+06
9.99986e+06
9.99957e+06
9.99878e+06
9.99665e+06
9.99125e+06
9.97829e+06
9.94907e+06
9.88784e+06
9.76975e+06
9.56358e+06
9.24535e+06
8.82854e+06
8.38865e+06
8.02699e+06
1e+07
1e+07
1e+07
1e+07
1e+07
1e+07
1e+07
1e+07
1e+07
1e+07
1e+07
1e+07
1e+07
9.99999e+06
9.99998e+06
9.99994e+06
9.99981e+06
9.99944e+06
9.99839e+06
9.99559e+06
9.98843e+06
9.97118e+06
9.93215e+06
9.84994e+06
9.69043e+06
9.40972e+06
8.97103e+06
8.38542e+06
7.75297e+06
7.18553e+06
1e+07
1e+07
1e+07
1e+07
1e+07
1e+07
1e+07
1e+07
1e+07
1e+07
1e+07
1e+07
1e+07
9.99999e+06
9.99998e+06
9.99993e+06
9.99977e+06
9.99931e+06
9.99802e+06
9.99455e+06
9.98568e+06
9.96422e+06
9.91547e+06
9.81232e+06
9.61101e+06
9.25385e+06
8.68873e+06
7.91681e+06
7.05703e+06
6.26651e+06
1e+07
1e+07
1e+07
1e+07
1e+07
1e+07
1e+07
1e+07
1e+07
1e+07
1e+07
1e+07
1e+07
9.99999e+06
9.99997e+06
9.99992e+06
9.99974e+06
9.99922e+06
9.99775e+06
9.9938e+06
9.98368e+06
9.95916e+06
9.9033e+06
9.78467e+06
9.55193e+06
9.13569e+06
8.46612e+06
7.51555e+06
6.30566e+06
4.92636e+06
1e+07
1e+07
1e+07
1e+07
1e+07
1e+07
1e+07
1e+07
1e+07
1e+07
1e+07
1e+07
1e+07
9.99999e+06
9.99997e+06
9.99991e+06
9.99972e+06
9.99917e+06
9.9976e+06
9.99337e+06
9.98252e+06
9.95619e+06
9.89614e+06
9.76839e+06
9.51719e+06
9.06648e+06
8.33812e+06
7.29703e+06
5.97834e+06
4.50973e+06
1e+07
1e+07
1e+07
1e+07
1e+07
1e+07
1e+07
1e+07
1e+07
1e+07
1e+07
1e+07
1e+07
9.99999e+06
9.99997e+06
9.99991e+06
9.99972e+06
9.99915e+06
9.99754e+06
9.99321e+06
9.98211e+06
9.95515e+06
9.89364e+06
9.76269e+06
9.50499e+06
9.04217e+06
8.29316e+06
7.22058e+06
5.86302e+06
4.34673e+06
1e+07
1e+07
1e+07
1e+07
1e+07
1e+07
1e+07
1e+07
1e+07
1e+07
1e+07
1e+07
1e+07
9.99999e+06
9.99997e+06
9.99991e+06
9.99972e+06
9.99917e+06
9.9976e+06
9.99337e+06
9.98252e+06
9.9562e+06
9.89615e+06
9.76841e+06
9.51722e+06
9.06654e+06
8.33822e+06
7.29714e+06
5.97841e+06
4.50965e+06
1e+07
1e+07
1e+07
1e+07
1e+07
1e+07
1e+07
1e+07
1e+07
1e+07
1e+07
1e+07
1e+07
9.99999e+06
9.99997e+06
9.99992e+06
9.99974e+06
9.99922e+06
9.99775e+06
9.99381e+06
9.98369e+06
9.95917e+06
9.90331e+06
9.7847e+06
9.552e+06
9.13582e+06
8.46631e+06
7.51577e+06
6.30561e+06
4.9256e+06
2.98669e+06
2.12879e+06
1.52642e+06
1.10379e+06
796354
560348
376515
239318
145003
86168.7
52504.9
34200.8
24236
18570.3
15148.9
12981.2
11563.6
10581
9805.17
9056.93
8336.61
7228.03
7057.1
5111.26
-1939.3
2.92008e+06
2.09921e+06
1.51261e+06
1.09792e+06
793959
559375
376121
239157
144937
86140.6
52493.2
34196.1
24234.2
18569.6
15148.6
12981.1
11563.4
10580.9
9805.01
9056.7
8336.42
7227.91
7057.06
5111.26
-1939.32
2.88691e+06
2.08627e+06
1.50708e+06
1.09566e+06
793025
558978
375950
239083
144904
86126.8
52487.8
34194.4
24233.9
18569.8
15148.9
12981.3
11563.6
10580.9
9804.93
9056.6
8336.33
7227.86
7057.03
5111.25
-1939.31
2.92004e+06
2.09917e+06
1.51257e+06
1.0979e+06
793938
559358
376108
239149
144932
86139.2
52493.4
34197.1
24235.4
18570.6
15149.3
12981.4
11563.4
10580.6
9804.65
9056.33
8336.11
7227.71
7056.96
5111.22
-1939.32
2.98652e+06
2.12868e+06
1.52635e+06
1.10374e+06
796318
560320
376494
239304
144996
86166.3
52505.3
34202.4
24237.9
18571.8
15149.9
12981.7
11563.5
10580.6
9804.6
9056.33
8336.12
7227.72
7056.94
5111.21
-1939.3
1e+07
1e+07
1e+07
1e+07
1e+07
1e+07
1e+07
1e+07
1e+07
1e+07
1e+07
1e+07
1e+07
9.99999e+06
9.99998e+06
9.99993e+06
9.99977e+06
9.99931e+06
9.99802e+06
9.99456e+06
9.98569e+06
9.96426e+06
9.91557e+06
9.81254e+06
9.61147e+06
9.25479e+06
8.6905e+06
7.92001e+06
7.06239e+06
6.27499e+06
1e+07
1e+07
1e+07
1e+07
1e+07
1e+07
1e+07
1e+07
1e+07
1e+07
1e+07
1e+07
1e+07
9.99999e+06
9.99998e+06
9.99994e+06
9.99981e+06
9.99944e+06
9.9984e+06
9.99561e+06
9.98848e+06
9.9713e+06
9.93245e+06
9.8506e+06
9.69183e+06
9.41245e+06
8.97596e+06
8.39351e+06
7.76477e+06
7.20108e+06
1e+07
1e+07
1e+07
1e+07
1e+07
1e+07
1e+07
1e+07
1e+07
1e+07
1e+07
1e+07
1e+07
1e+07
9.99999e+06
9.99995e+06
9.99986e+06
9.99958e+06
9.99879e+06
9.99668e+06
9.99133e+06
9.97848e+06
9.94953e+06
9.88884e+06
9.77185e+06
9.56763e+06
9.25252e+06
8.83999e+06
8.40484e+06
8.04756e+06
1e+07
1e+07
1e+07
1e+07
1e+07
1e+07
1e+07
1e+07
1e+07
1e+07
1e+07
1e+07
1e+07
1e+07
9.99999e+06
9.99997e+06
9.9999e+06
9.9997e+06
9.99914e+06
9.99765e+06
9.99388e+06
9.98487e+06
9.96467e+06
9.92253e+06
9.84182e+06
9.70205e+06
9.48895e+06
9.21393e+06
8.92791e+06
8.70574e+06
1e+07
1e+07
1e+07
1e+07
1e+07
1e+07
1e+07
1e+07
1e+07
1e+07
1e+07
1e+07
1e+07
1e+07
9.99999e+06
9.99998e+06
9.99993e+06
9.9998e+06
9.99943e+06
9.99844e+06
9.99594e+06
9.99001e+06
9.97676e+06
9.94928e+06
9.89698e+06
9.8071e+06
9.67149e+06
9.49833e+06
9.32027e+06
9.18803e+06
1e+07
1e+07
1e+07
1e+07
1e+07
1e+07
1e+07
1e+07
1e+07
1e+07
1e+07
1e+07
1e+07
1e+07
1e+07
9.99999e+06
9.99996e+06
9.99987e+06
9.99964e+06
9.99902e+06
9.99746e+06
9.99377e+06
9.98558e+06
9.96868e+06
9.93669e+06
9.88212e+06
9.80055e+06
9.69729e+06
9.59214e+06
9.51659e+06
1e+07
1e+07
1e+07
1e+07
1e+07
1e+07
1e+07
1e+07
1e+07
1e+07
1e+07
1e+07
1e+07
1e+07
1e+07
9.99999e+06
9.99997e+06
9.99992e+06
9.99978e+06
9.99942e+06
9.9985e+06
9.99633e+06
9.99153e+06
9.98167e+06
9.96314e+06
9.93173e+06
9.88517e+06
9.82668e+06
9.76765e+06
9.72633e+06
1e+07
1e+07
1e+07
1e+07
1e+07
1e+07
1e+07
1e+07
1e+07
1e+07
1e+07
1e+07
1e+07
1e+07
1e+07
1e+07
9.99999e+06
9.99996e+06
9.99988e+06
9.99967e+06
9.99915e+06
9.99794e+06
9.99527e+06
9.9898e+06
9.97958e+06
9.96238e+06
9.93707e+06
9.90551e+06
9.87391e+06
9.85224e+06
1e+07
1e+07
1e+07
1e+07
1e+07
1e+07
1e+07
1e+07
1e+07
1e+07
1e+07
1e+07
1e+07
1e+07
1e+07
1e+07
9.99999e+06
9.99998e+06
9.99993e+06
9.99982e+06
9.99955e+06
9.9989e+06
9.99748e+06
9.99459e+06
9.98921e+06
9.98021e+06
9.96707e+06
9.95079e+06
9.93461e+06
9.9237e+06
1e+07
1e+07
1e+07
1e+07
1e+07
1e+07
1e+07
1e+07
1e+07
1e+07
1e+07
1e+07
1e+07
1e+07
1e+07
1e+07
1e+07
9.99999e+06
9.99997e+06
9.99991e+06
9.99977e+06
9.99944e+06
9.99871e+06
9.99725e+06
9.99454e+06
9.99004e+06
9.9835e+06
9.97544e+06
9.9675e+06
9.96222e+06
1e+07
1e+07
1e+07
1e+07
1e+07
1e+07
1e+07
1e+07
1e+07
1e+07
1e+07
1e+07
1e+07
1e+07
1e+07
1e+07
1e+07
9.99999e+06
9.99998e+06
9.99995e+06
9.99988e+06
9.99972e+06
9.99937e+06
9.99866e+06
9.99735e+06
9.99518e+06
9.99206e+06
9.98823e+06
9.98448e+06
9.98201e+06
1e+07
1e+07
1e+07
1e+07
1e+07
1e+07
1e+07
1e+07
1e+07
1e+07
1e+07
1e+07
1e+07
1e+07
1e+07
1e+07
1e+07
1e+07
9.99999e+06
9.99998e+06
9.99995e+06
9.99987e+06
9.9997e+06
9.99937e+06
9.99876e+06
9.99776e+06
9.99632e+06
9.99457e+06
9.99286e+06
9.99175e+06
1e+07
1e+07
1e+07
1e+07
1e+07
1e+07
1e+07
1e+07
1e+07
1e+07
1e+07
1e+07
1e+07
1e+07
1e+07
1e+07
1e+07
1e+07
1e+07
9.99999e+06
9.99998e+06
9.99994e+06
9.99987e+06
9.99971e+06
9.99944e+06
9.99899e+06
9.99835e+06
9.99758e+06
9.99683e+06
9.99634e+06
1e+07
1e+07
1e+07
1e+07
1e+07
1e+07
1e+07
1e+07
1e+07
1e+07
1e+07
1e+07
1e+07
1e+07
1e+07
1e+07
1e+07
1e+07
1e+07
1e+07
9.99999e+06
9.99997e+06
9.99994e+06
9.99988e+06
9.99976e+06
9.99956e+06
9.99929e+06
9.99896e+06
9.99864e+06
9.99843e+06
1e+07
1e+07
1e+07
1e+07
1e+07
1e+07
1e+07
1e+07
1e+07
1e+07
1e+07
1e+07
1e+07
1e+07
1e+07
1e+07
1e+07
1e+07
1e+07
1e+07
1e+07
9.99999e+06
9.99997e+06
9.99995e+06
9.9999e+06
9.99982e+06
9.9997e+06
9.99956e+06
9.99943e+06
9.99935e+06
1e+07
1e+07
1e+07
1e+07
1e+07
1e+07
1e+07
1e+07
1e+07
1e+07
1e+07
1e+07
1e+07
1e+07
1e+07
1e+07
1e+07
1e+07
1e+07
1e+07
1e+07
1e+07
9.99999e+06
9.99998e+06
9.99996e+06
9.99993e+06
9.99988e+06
9.99982e+06
9.99977e+06
9.99974e+06
1e+07
1e+07
1e+07
1e+07
1e+07
1e+07
1e+07
1e+07
1e+07
1e+07
1e+07
1e+07
1e+07
1e+07
1e+07
1e+07
1e+07
1e+07
1e+07
1e+07
1e+07
1e+07
1e+07
9.99999e+06
9.99998e+06
9.99997e+06
9.99995e+06
9.99993e+06
9.99991e+06
9.9999e+06
1e+07
1e+07
1e+07
1e+07
1e+07
1e+07
1e+07
1e+07
1e+07
1e+07
1e+07
1e+07
1e+07
1e+07
1e+07
1e+07
1e+07
1e+07
1e+07
1e+07
1e+07
1e+07
1e+07
1e+07
9.99999e+06
9.99999e+06
9.99998e+06
9.99997e+06
9.99997e+06
9.99996e+06
1e+07
1e+07
1e+07
1e+07
1e+07
1e+07
1e+07
1e+07
1e+07
1e+07
1e+07
1e+07
1e+07
1e+07
1e+07
1e+07
1e+07
1e+07
1e+07
1e+07
1e+07
1e+07
1e+07
1e+07
1e+07
1e+07
9.99999e+06
9.99999e+06
9.99999e+06
9.99999e+06
1e+07
1e+07
1e+07
1e+07
1e+07
1e+07
1e+07
1e+07
1e+07
1e+07
1e+07
1e+07
1e+07
1e+07
1e+07
1e+07
1e+07
1e+07
1e+07
1e+07
1e+07
1e+07
1e+07
1e+07
1e+07
1e+07
1e+07
1e+07
1e+07
9.99999e+06
1e+07
1e+07
1e+07
1e+07
1e+07
1e+07
1e+07
1e+07
1e+07
1e+07
1e+07
1e+07
1e+07
1e+07
1e+07
1e+07
1e+07
1e+07
1e+07
1e+07
1e+07
1e+07
1e+07
1e+07
1e+07
1e+07
1e+07
1e+07
1e+07
1e+07
1e+07
1e+07
1e+07
1e+07
1e+07
1e+07
1e+07
1e+07
1e+07
1e+07
1e+07
1e+07
1e+07
1e+07
1e+07
1e+07
1e+07
1e+07
1e+07
1e+07
1e+07
1e+07
1e+07
1e+07
1e+07
1e+07
1e+07
1e+07
1e+07
1e+07
1e+07
1e+07
1e+07
1e+07
1e+07
1e+07
1e+07
1e+07
1e+07
1e+07
1e+07
1e+07
1e+07
1e+07
1e+07
1e+07
1e+07
1e+07
1e+07
1e+07
1e+07
1e+07
1e+07
1e+07
1e+07
1e+07
1e+07
1e+07
1e+07
1e+07
1e+07
1e+07
1e+07
1e+07
1e+07
1e+07
1e+07
1e+07
1e+07
1e+07
1e+07
1e+07
1e+07
1e+07
1e+07
1e+07
1e+07
1e+07
1e+07
1e+07
1e+07
1e+07
1e+07
1e+07
1e+07
1e+07
1e+07
1e+07
1e+07
1e+07
1e+07
1e+07
1e+07
1e+07
1e+07
1e+07
1e+07
1e+07
1e+07
1e+07
1e+07
1e+07
1e+07
1e+07
1e+07
1e+07
1e+07
1e+07
1e+07
1e+07
1e+07
1e+07
1e+07
1e+07
1e+07
1e+07
1e+07
1e+07
1e+07
1e+07
1e+07
1e+07
1e+07
1e+07
1e+07
1e+07
1e+07
1e+07
1e+07
1e+07
1e+07
1e+07
1e+07
1e+07
1e+07
1e+07
1e+07
1e+07
1e+07
1e+07
1e+07
1e+07
1e+07
1e+07
1e+07
1e+07
1e+07
1e+07
1e+07
1e+07
1e+07
1e+07
1e+07
1e+07
1e+07
1e+07
1e+07
1e+07
1e+07
1e+07
1e+07
1e+07
1e+07
1e+07
1e+07
1e+07
1e+07
1e+07
1e+07
1e+07
1e+07
1e+07
1e+07
1e+07
1e+07
1e+07
1e+07
1e+07
1e+07
1e+07
1e+07
1e+07
1e+07
1e+07
1e+07
1e+07
1e+07
1e+07
1e+07
1e+07
1e+07
1e+07
1e+07
1e+07
1e+07
1e+07
1e+07
1e+07
1e+07
1e+07
1e+07
1e+07
1e+07
1e+07
1e+07
1e+07
1e+07
1e+07
1e+07
1e+07
1e+07
1e+07
1e+07
1e+07
1e+07
1e+07
1e+07
1e+07
1e+07
1e+07
1e+07
1e+07
1e+07
1e+07
1e+07
1e+07
1e+07
1e+07
1e+07
1e+07
1e+07
1e+07
1e+07
1e+07
1e+07
1e+07
1e+07
1e+07
1e+07
1e+07
1e+07
1e+07
1e+07
1e+07
1e+07
1e+07
1e+07
1e+07
1e+07
1e+07
1e+07
1e+07
1e+07
1e+07
1e+07
1e+07
1e+07
1e+07
1e+07
1e+07
1e+07
1e+07
1e+07
1e+07
1e+07
1e+07
1e+07
1e+07
1e+07
1e+07
1e+07
1e+07
1e+07
1e+07
1e+07
1e+07
1e+07
1e+07
1e+07
1e+07
1e+07
1e+07
1e+07
1e+07
1e+07
1e+07
1e+07
1e+07
1e+07
1e+07
1e+07
1e+07
1e+07
1e+07
1e+07
1e+07
1e+07
1e+07
1e+07
1e+07
1e+07
1e+07
1e+07
1e+07
1e+07
1e+07
1e+07
1e+07
1e+07
1e+07
1e+07
1e+07
1e+07
1e+07
1e+07
1e+07
1e+07
1e+07
1e+07
1e+07
1e+07
1e+07
1e+07
1e+07
1e+07
1e+07
1e+07
1e+07
1e+07
1e+07
1e+07
1e+07
1e+07
1e+07
1e+07
1e+07
1e+07
1e+07
1e+07
1e+07
1e+07
1e+07
1e+07
1e+07
1e+07
1e+07
1e+07
1e+07
1e+07
1e+07
1e+07
1e+07
1e+07
1e+07
1e+07
1e+07
1e+07
1e+07
1e+07
1e+07
1e+07
1e+07
1e+07
1e+07
1e+07
1e+07
1e+07
1e+07
1e+07
1e+07
1e+07
1e+07
1e+07
1e+07
1e+07
1e+07
1e+07
1e+07
1e+07
1e+07
1e+07
1e+07
1e+07
1e+07
1e+07
1e+07
1e+07
1e+07
1e+07
1e+07
1e+07
1e+07
1e+07
1e+07
1e+07
1e+07
1e+07
1e+07
1e+07
1e+07
1e+07
1e+07
1e+07
1e+07
1e+07
1e+07
1e+07
1e+07
1e+07
1e+07
1e+07
1e+07
1e+07
1e+07
1e+07
1e+07
1e+07
1e+07
1e+07
1e+07
1e+07
1e+07
1e+07
1e+07
1e+07
1e+07
1e+07
1e+07
1e+07
1e+07
1e+07
1e+07
1e+07
1e+07
1e+07
1e+07
1e+07
1e+07
1e+07
1e+07
1e+07
1e+07
1e+07
1e+07
1e+07
1e+07
1e+07
1e+07
1e+07
1e+07
1e+07
1e+07
1e+07
1e+07
1e+07
1e+07
1e+07
1e+07
1e+07
1e+07
1e+07
1e+07
1e+07
1e+07
1e+07
1e+07
1e+07
1e+07
1e+07
1e+07
1e+07
1e+07
1e+07
1e+07
1e+07
1e+07
1e+07
1e+07
1e+07
1e+07
1e+07
1e+07
1e+07
1e+07
1e+07
1e+07
1e+07
1e+07
1e+07
1e+07
1e+07
1e+07
1e+07
1e+07
1e+07
1e+07
1e+07
1e+07
1e+07
1e+07
1e+07
1e+07
1e+07
1e+07
1e+07
1e+07
1e+07
1e+07
1e+07
1e+07
1e+07
1e+07
1e+07
1e+07
1e+07
1e+07
1e+07
1e+07
1e+07
1e+07
1e+07
1e+07
1e+07
1e+07
1e+07
1e+07
1e+07
1e+07
1e+07
1e+07
1e+07
1e+07
1e+07
1e+07
1e+07
1e+07
1e+07
1e+07
1e+07
1e+07
1e+07
1e+07
1e+07
1e+07
1e+07
1e+07
1e+07
1e+07
1e+07
1e+07
1e+07
1e+07
1e+07
1e+07
1e+07
1e+07
1e+07
1e+07
1e+07
1e+07
1e+07
1e+07
1e+07
1e+07
1e+07
1e+07
1e+07
1e+07
1e+07
1e+07
1e+07
1e+07
1e+07
1e+07
1e+07
1e+07
1e+07
1e+07
1e+07
1e+07
1e+07
1e+07
1e+07
1e+07
1e+07
1e+07
1e+07
1e+07
1e+07
1e+07
1e+07
1e+07
1e+07
1e+07
1e+07
1e+07
1e+07
1e+07
1e+07
1e+07
1e+07
1e+07
1e+07
1e+07
1e+07
1e+07
1e+07
1e+07
1e+07
1e+07
1e+07
1e+07
1e+07
1e+07
1e+07
1e+07
1e+07
1e+07
1e+07
1e+07
1e+07
1e+07
1e+07
1e+07
1e+07
1e+07
1e+07
1e+07
1e+07
1e+07
1e+07
1e+07
1e+07
1e+07
1e+07
1e+07
1e+07
1e+07
1e+07
1e+07
1e+07
1e+07
1e+07
1e+07
1e+07
1e+07
1e+07
1e+07
1e+07
1e+07
1e+07
1e+07
1e+07
1e+07
1e+07
1e+07
1e+07
1e+07
1e+07
1e+07
1e+07
1e+07
1e+07
1e+07
1e+07
1e+07
1e+07
1e+07
1e+07
1e+07
1e+07
1e+07
1e+07
1e+07
1e+07
1e+07
1e+07
1e+07
1e+07
1e+07
1e+07
1e+07
1e+07
1e+07
1e+07
1e+07
1e+07
1e+07
1e+07
1e+07
1e+07
1e+07
1e+07
1e+07
1e+07
1e+07
1e+07
1e+07
1e+07
1e+07
1e+07
1e+07
1e+07
1e+07
1e+07
1e+07
1e+07
1e+07
1e+07
1e+07
1e+07
1e+07
1e+07
1e+07
1e+07
1e+07
1e+07
1e+07
1e+07
1e+07
1e+07
1e+07
1e+07
1e+07
1e+07
1e+07
1e+07
1e+07
1e+07
1e+07
1e+07
1e+07
1e+07
1e+07
1e+07
1e+07
1e+07
1e+07
1e+07
1e+07
1e+07
1e+07
1e+07
1e+07
1e+07
1e+07
1e+07
1e+07
1e+07
1e+07
1e+07
1e+07
1e+07
1e+07
1e+07
1e+07
1e+07
1e+07
1e+07
1e+07
1e+07
1e+07
1e+07
1e+07
1e+07
1e+07
1e+07
1e+07
1e+07
1e+07
1e+07
1e+07
1e+07
1e+07
1e+07
1e+07
1e+07
1e+07
1e+07
1e+07
1e+07
1e+07
1e+07
1e+07
1e+07
1e+07
1e+07
1e+07
1e+07
1e+07
1e+07
1e+07
1e+07
1e+07
1e+07
1e+07
1e+07
1e+07
1e+07
1e+07
1e+07
1e+07
1e+07
1e+07
1e+07
1e+07
1e+07
1e+07
1e+07
1e+07
1e+07
1e+07
1e+07
1e+07
1e+07
1e+07
1e+07
1e+07
1e+07
1e+07
1e+07
1e+07
1e+07
1e+07
1e+07
1e+07
1e+07
1e+07
1e+07
1e+07
1e+07
1e+07
1e+07
1e+07
1e+07
1e+07
1e+07
1e+07
1e+07
1e+07
1e+07
1e+07
1e+07
1e+07
1e+07
1e+07
1e+07
1e+07
1e+07
1e+07
1e+07
1e+07
1e+07
1e+07
1e+07
1e+07
1e+07
1e+07
1e+07
1e+07
1e+07
1e+07
1e+07
1e+07
1e+07
1e+07
1e+07
1e+07
1e+07
1e+07
1e+07
1e+07
1e+07
1e+07
1e+07
1e+07
1e+07
1e+07
1e+07
1e+07
1e+07
1e+07
1e+07
1e+07
1e+07
1e+07
1e+07
1e+07
1e+07
1e+07
1e+07
1e+07
1e+07
1e+07
1e+07
1e+07
1e+07
1e+07
1e+07
1e+07
1e+07
1e+07
1e+07
1e+07
1e+07
1e+07
1e+07
1e+07
1e+07
1e+07
1e+07
1e+07
1e+07
1e+07
1e+07
1e+07
1e+07
1e+07
1e+07
1e+07
1e+07
1e+07
1e+07
1e+07
1e+07
1e+07
1e+07
1e+07
1e+07
1e+07
1e+07
1e+07
1e+07
1e+07
1e+07
1e+07
1e+07
1e+07
1e+07
1e+07
1e+07
1e+07
1e+07
1e+07
1e+07
1e+07
1e+07
1e+07
1e+07
1e+07
1e+07
1e+07
1e+07
1e+07
1e+07
1e+07
1e+07
1e+07
1e+07
1e+07
1e+07
1e+07
1e+07
1e+07
1e+07
1e+07
1e+07
1e+07
1e+07
1e+07
1e+07
1e+07
1e+07
1e+07
1e+07
1e+07
1e+07
1e+07
1e+07
1e+07
1e+07
1e+07
1e+07
1e+07
1e+07
1e+07
1e+07
1e+07
1e+07
1e+07
1e+07
1e+07
1e+07
1e+07
1e+07
1e+07
1e+07
1e+07
1e+07
1e+07
1e+07
1e+07
1e+07
1e+07
1e+07
1e+07
1e+07
1e+07
1e+07
1e+07
1e+07
1e+07
1e+07
1e+07
1e+07
1e+07
1e+07
1e+07
1e+07
1e+07
1e+07
1e+07
1e+07
1e+07
1e+07
1e+07
1e+07
1e+07
1e+07
1e+07
1e+07
1e+07
1e+07
1e+07
1e+07
1e+07
1e+07
1e+07
1e+07
1e+07
1e+07
1e+07
1e+07
1e+07
1e+07
1e+07
1e+07
1e+07
1e+07
1e+07
1e+07
1e+07
1e+07
1e+07
1e+07
1e+07
1e+07
1e+07
1e+07
1e+07
1e+07
1e+07
1e+07
1e+07
1e+07
1e+07
1e+07
1e+07
1e+07
1e+07
1e+07
1e+07
1e+07
1e+07
1e+07
1e+07
1e+07
1e+07
1e+07
1e+07
1e+07
1e+07
1e+07
1e+07
1e+07
1e+07
1e+07
1e+07
1e+07
1e+07
1e+07
1e+07
1e+07
1e+07
1e+07
1e+07
1e+07
1e+07
1e+07
1e+07
1e+07
1e+07
1e+07
1e+07
1e+07
1e+07
1e+07
1e+07
1e+07
1e+07
1e+07
1e+07
1e+07
1e+07
1e+07
1e+07
1e+07
1e+07
1e+07
1e+07
1e+07
1e+07
1e+07
1e+07
1e+07
1e+07
1e+07
1e+07
1e+07
1e+07
1e+07
1e+07
1e+07
1e+07
1e+07
1e+07
1e+07
1e+07
1e+07
1e+07
1e+07
1e+07
1e+07
1e+07
1e+07
1e+07
1e+07
1e+07
1e+07
1e+07
1e+07
1e+07
1e+07
1e+07
1e+07
1e+07
1e+07
1e+07
1e+07
1e+07
1e+07
1e+07
1e+07
1e+07
1e+07
1e+07
1e+07
1e+07
1e+07
1e+07
1e+07
1e+07
1e+07
1e+07
1e+07
1e+07
1e+07
1e+07
1e+07
1e+07
1e+07
1e+07
1e+07
1e+07
1e+07
1e+07
1e+07
1e+07
1e+07
1e+07
1e+07
1e+07
1e+07
1e+07
1e+07
1e+07
1e+07
1e+07
1e+07
1e+07
1e+07
1e+07
1e+07
1e+07
1e+07
1e+07
1e+07
1e+07
1e+07
1e+07
1e+07
1e+07
1e+07
1e+07
1e+07
1e+07
1e+07
1e+07
1e+07
1e+07
1e+07
1e+07
1e+07
1e+07
1e+07
1e+07
1e+07
1e+07
1e+07
1e+07
1e+07
1e+07
1e+07
1e+07
1e+07
1e+07
1e+07
1e+07
1e+07
1e+07
1e+07
1e+07
1e+07
1e+07
1e+07
1e+07
1e+07
1e+07
1e+07
1e+07
1e+07
1e+07
1e+07
1e+07
1e+07
1e+07
1e+07
1e+07
1e+07
1e+07
1e+07
1e+07
1e+07
1e+07
1e+07
1e+07
1e+07
1e+07
1e+07
1e+07
1e+07
1e+07
1e+07
1e+07
1e+07
1e+07
1e+07
1e+07
1e+07
1e+07
1e+07
1e+07
1e+07
1e+07
1e+07
1e+07
1e+07
1e+07
1e+07
1e+07
1e+07
1e+07
1e+07
1e+07
1e+07
1e+07
1e+07
1e+07
1e+07
1e+07
1e+07
1e+07
1e+07
1e+07
1e+07
1e+07
1e+07
1e+07
1e+07
1e+07
1e+07
1e+07
1e+07
1e+07
1e+07
1e+07
1e+07
1e+07
1e+07
1e+07
1e+07
1e+07
1e+07
1e+07
1e+07
1e+07
1e+07
1e+07
1e+07
1e+07
1e+07
1e+07
1e+07
1e+07
1e+07
1e+07
1e+07
1e+07
1e+07
1e+07
1e+07
1e+07
1e+07
1e+07
1e+07
1e+07
1e+07
1e+07
1e+07
1e+07
1e+07
1e+07
1e+07
1e+07
1e+07
1e+07
1e+07
1e+07
1e+07
1e+07
1e+07
1e+07
1e+07
1e+07
1e+07
1e+07
1e+07
1e+07
1e+07
1e+07
1e+07
1e+07
1e+07
1e+07
1e+07
1e+07
1e+07
1e+07
1e+07
1e+07
1e+07
1e+07
1e+07
1e+07
1e+07
1e+07
1e+07
1e+07
1e+07
1e+07
1e+07
1e+07
1e+07
1e+07
1e+07
1e+07
1e+07
1e+07
1e+07
1e+07
1e+07
1e+07
1e+07
1e+07
1e+07
1e+07
1e+07
1e+07
1e+07
1e+07
1e+07
1e+07
1e+07
1e+07
1e+07
1e+07
1e+07
1e+07
1e+07
1e+07
1e+07
1e+07
1e+07
1e+07
1e+07
1e+07
1e+07
1e+07
1e+07
1e+07
1e+07
1e+07
1e+07
1e+07
1e+07
1e+07
1e+07
1e+07
1e+07
1e+07
1e+07
1e+07
1e+07
1e+07
1e+07
1e+07
1e+07
1e+07
1e+07
1e+07
1e+07
1e+07
1e+07
1e+07
1e+07
1e+07
1e+07
1e+07
1e+07
1e+07
1e+07
1e+07
1e+07
1e+07
1e+07
1e+07
1e+07
1e+07
1e+07
1e+07
1e+07
1e+07
1e+07
1e+07
1e+07
1e+07
1e+07
1e+07
1e+07
1e+07
1e+07
1e+07
1e+07
1e+07
1e+07
1e+07
1e+07
1e+07
1e+07
1e+07
1e+07
1e+07
1e+07
1e+07
1e+07
1e+07
1e+07
1e+07
1e+07
1e+07
1e+07
1e+07
1e+07
1e+07
1e+07
1e+07
1e+07
1e+07
1e+07
1e+07
1e+07
1e+07
1e+07
1e+07
1e+07
1e+07
1e+07
1e+07
1e+07
1e+07
1e+07
1e+07
1e+07
1e+07
1e+07
1e+07
1e+07
1e+07
1e+07
1e+07
1e+07
1e+07
1e+07
1e+07
1e+07
1e+07
1e+07
1e+07
1e+07
1e+07
1e+07
1e+07
1e+07
1e+07
1e+07
1e+07
1e+07
1e+07
1e+07
1e+07
1e+07
1e+07
1e+07
1e+07
1e+07
1e+07
1e+07
1e+07
1e+07
1e+07
1e+07
1e+07
1e+07
1e+07
1e+07
1e+07
1e+07
1e+07
1e+07
1e+07
1e+07
1e+07
1e+07
1e+07
1e+07
1e+07
1e+07
1e+07
1e+07
1e+07
1e+07
1e+07
1e+07
1e+07
1e+07
1e+07
1e+07
1e+07
1e+07
1e+07
1e+07
1e+07
1e+07
1e+07
1e+07
1e+07
1e+07
1e+07
1e+07
1e+07
1e+07
1e+07
1e+07
1e+07
1e+07
1e+07
1e+07
1e+07
1e+07
1e+07
1e+07
1e+07
1e+07
1e+07
1e+07
1e+07
1e+07
1e+07
1e+07
1e+07
1e+07
1e+07
1e+07
1e+07
1e+07
1e+07
1e+07
1e+07
1e+07
1e+07
1e+07
1e+07
1e+07
1e+07
1e+07
1e+07
1e+07
1e+07
1e+07
1e+07
1e+07
1e+07
1e+07
1e+07
1e+07
1e+07
1e+07
1e+07
1e+07
1e+07
1e+07
1e+07
1e+07
1e+07
1e+07
1e+07
1e+07
1e+07
1e+07
1e+07
1e+07
1e+07
1e+07
1e+07
1e+07
1e+07
1e+07
1e+07
1e+07
1e+07
1e+07
1e+07
1e+07
1e+07
1e+07
1e+07
1e+07
1e+07
1e+07
1e+07
1e+07
1e+07
1e+07
1e+07
1e+07
1e+07
1e+07
1e+07
1e+07
1e+07
1e+07
1e+07
1e+07
1e+07
1e+07
1e+07
1e+07
1e+07
1e+07
1e+07
1e+07
1e+07
1e+07
1e+07
1e+07
1e+07
1e+07
1e+07
1e+07
1e+07
1e+07
1e+07
1e+07
1e+07
1e+07
1e+07
1e+07
1e+07
1e+07
1e+07
1e+07
1e+07
1e+07
1e+07
1e+07
1e+07
1e+07
1e+07
1e+07
1e+07
1e+07
1e+07
1e+07
1e+07
1e+07
1e+07
1e+07
1e+07
1e+07
1e+07
1e+07
1e+07
1e+07
1e+07
1e+07
1e+07
1e+07
1e+07
1e+07
1e+07
1e+07
1e+07
1e+07
1e+07
1e+07
1e+07
1e+07
1e+07
1e+07
1e+07
1e+07
1e+07
1e+07
1e+07
1e+07
1e+07
1e+07
1e+07
1e+07
1e+07
1e+07
1e+07
1e+07
1e+07
1e+07
1e+07
1e+07
1e+07
1e+07
1e+07
1e+07
1e+07
1e+07
1e+07
1e+07
1e+07
1e+07
1e+07
1e+07
1e+07
1e+07
1e+07
1e+07
1e+07
1e+07
1e+07
1e+07
1e+07
1e+07
1e+07
1e+07
1e+07
1e+07
1e+07
1e+07
1e+07
1e+07
1e+07
1e+07
1e+07
1e+07
1e+07
1e+07
1e+07
1e+07
1e+07
1e+07
1e+07
1e+07
1e+07
1e+07
1e+07
1e+07
1e+07
1e+07
1e+07
1e+07
1e+07
1e+07
1e+07
1e+07
1e+07
1e+07
1e+07
1e+07
1e+07
1e+07
1e+07
1e+07
1e+07
1e+07
1e+07
1e+07
1e+07
1e+07
1e+07
1e+07
1e+07
1e+07
1e+07
1e+07
1e+07
1e+07
1e+07
1e+07
1e+07
1e+07
1e+07
1e+07
1e+07
1e+07
1e+07
1e+07
1e+07
1e+07
1e+07
1e+07
1e+07
1e+07
1e+07
1e+07
1e+07
1e+07
1e+07
1e+07
1e+07
1e+07
1e+07
1e+07
1e+07
1e+07
1e+07
1e+07
1e+07
1e+07
1e+07
1e+07
1e+07
1e+07
1e+07
1e+07
1e+07
1e+07
1e+07
1e+07
1e+07
1e+07
1e+07
1e+07
1e+07
1e+07
1e+07
1e+07
1e+07
1e+07
1e+07
1e+07
1e+07
1e+07
1e+07
1e+07
1e+07
1e+07
1e+07
1e+07
1e+07
1e+07
1e+07
1e+07
1e+07
1e+07
1e+07
1e+07
1e+07
1e+07
1e+07
1e+07
1e+07
1e+07
1e+07
1e+07
1e+07
1e+07
1e+07
1e+07
1e+07
1e+07
1e+07
1e+07
1e+07
1e+07
1e+07
1e+07
1e+07
1e+07
1e+07
1e+07
1e+07
1e+07
1e+07
1e+07
1e+07
1e+07
1e+07
1e+07
1e+07
1e+07
1e+07
1e+07
1e+07
1e+07
1e+07
1e+07
1e+07
1e+07
1e+07
1e+07
1e+07
1e+07
1e+07
1e+07
1e+07
1e+07
1e+07
1e+07
1e+07
1e+07
1e+07
1e+07
1e+07
1e+07
1e+07
1e+07
1e+07
1e+07
1e+07
1e+07
1e+07
1e+07
1e+07
1e+07
1e+07
1e+07
1e+07
1e+07
1e+07
1e+07
1e+07
1e+07
1e+07
1e+07
1e+07
1e+07
1e+07
1e+07
1e+07
1e+07
1e+07
1e+07
1e+07
1e+07
1e+07
1e+07
1e+07
1e+07
1e+07
1e+07
1e+07
1e+07
1e+07
1e+07
1e+07
1e+07
1e+07
1e+07
1e+07
1e+07
1e+07
1e+07
1e+07
1e+07
1e+07
1e+07
1e+07
1e+07
1e+07
1e+07
1e+07
1e+07
1e+07
1e+07
1e+07
1e+07
1e+07
1e+07
1e+07
1e+07
1e+07
1e+07
1e+07
1e+07
1e+07
1e+07
1e+07
1e+07
1e+07
1e+07
1e+07
1e+07
1e+07
1e+07
1e+07
1e+07
1e+07
1e+07
1e+07
1e+07
1e+07
1e+07
1e+07
1e+07
1e+07
1e+07
1e+07
1e+07
1e+07
1e+07
1e+07
1e+07
1e+07
1e+07
1e+07
1e+07
1e+07
1e+07
1e+07
1e+07
1e+07
1e+07
1e+07
1e+07
1e+07
1e+07
1e+07
1e+07
1e+07
1e+07
1e+07
1e+07
1e+07
1e+07
1e+07
1e+07
1e+07
1e+07
1e+07
1e+07
1e+07
1e+07
1e+07
1e+07
1e+07
1e+07
1e+07
1e+07
1e+07
1e+07
1e+07
1e+07
1e+07
1e+07
1e+07
1e+07
1e+07
1e+07
1e+07
1e+07
1e+07
1e+07
1e+07
1e+07
1e+07
1e+07
1e+07
1e+07
1e+07
1e+07
1e+07
1e+07
1e+07
1e+07
1e+07
1e+07
1e+07
1e+07
1e+07
1e+07
1e+07
1e+07
1e+07
1e+07
1e+07
1e+07
1e+07
1e+07
1e+07
1e+07
1e+07
1e+07
1e+07
1e+07
1e+07
1e+07
1e+07
1e+07
1e+07
1e+07
1e+07
1e+07
1e+07
1e+07
1e+07
1e+07
1e+07
1e+07
1e+07
1e+07
1e+07
1e+07
1e+07
1e+07
1e+07
1e+07
1e+07
1e+07
1e+07
1e+07
1e+07
1e+07
1e+07
1e+07
1e+07
1e+07
1e+07
1e+07
1e+07
1e+07
1e+07
1e+07
1e+07
1e+07
1e+07
1e+07
1e+07
1e+07
1e+07
1e+07
1e+07
1e+07
1e+07
1e+07
1e+07
1e+07
1e+07
1e+07
1e+07
1e+07
1e+07
1e+07
1e+07
)
;

boundaryField
{
    outerWall
    {
        type            zeroGradient;
    }
    axis
    {
        type            symmetryPlane;
    }
    nozzle
    {
        type            fixedValue;
        value           uniform 0;
    }
    back
    {
        type            empty;
    }
    front
    {
        type            empty;
    }
}


// ************************************************************************* //
