/*--------------------------------*- C++ -*----------------------------------*\
| =========                 |                                                 |
| \\      /  F ield         | OpenFOAM: The Open Source CFD Toolbox           |
|  \\    /   O peration     | Version:  2412                                  |
|   \\  /    A nd           | Website:  www.openfoam.com                      |
|    \\/     M anipulation  |                                                 |
\*---------------------------------------------------------------------------*/
FoamFile
{
    version     2.0;
    format      ascii;
    arch        "LSB;label=32;scalar=64";
    class       volScalarField;
    location    "4e-05";
    object      rho;
}
// * * * * * * * * * * * * * * * * * * * * * * * * * * * * * * * * * * * * * //

dimensions      [1 -3 0 0 0 0 0];

internalField   nonuniform List<scalar> 
3725
(
1004.49
1004.49
1004.49
1004.49
1004.49
1004.49
1004.49
1004.49
1004.49
1004.49
1004.49
1004.49
1004.49
1004.49
1004.49
1004.49
1004.49
1004.49
1004.49
1004.49
1004.49
1004.49
1004.49
1004.49
1004.49
1004.49
1004.49
1004.49
1004.49
1004.49
1004.49
1004.49
1004.49
1004.49
1004.49
1004.49
1004.49
1004.49
1004.49
1004.49
1004.49
1004.49
1004.49
1004.49
1004.49
1004.49
1004.49
1004.49
1004.49
1004.49
1004.49
1004.49
1004.49
1004.49
1004.49
1004.49
1004.49
1004.49
1004.49
1004.49
1004.49
1004.49
1004.49
1004.49
1004.49
1004.49
1004.49
1004.49
1004.49
1004.49
1004.49
1004.49
1004.49
1004.49
1004.49
1004.49
1004.49
1004.49
1004.49
1004.49
1004.49
1004.49
1004.49
1004.49
1004.49
1004.49
1004.49
1004.49
1004.49
1004.49
1004.49
1004.49
1004.49
1004.49
1004.49
1004.49
1004.49
1004.49
1004.49
1004.49
1004.49
1004.49
1004.49
1004.49
1004.49
1004.49
1004.49
1004.49
1004.49
1004.49
1004.49
1004.49
1004.49
1004.49
1004.49
1004.49
1004.49
1004.49
1004.49
1004.49
1004.49
1004.49
1004.49
1004.49
1004.49
1004.49
1004.49
1004.49
1004.49
1004.49
1004.49
1004.49
1004.49
1004.49
1004.49
1004.49
1004.49
1004.49
1004.49
1004.49
1004.49
1004.49
1004.49
1004.49
1004.49
1004.49
1004.49
1004.49
1004.49
1004.49
1004.49
1004.49
1004.49
1004.49
1004.49
1004.49
1004.49
1004.49
1004.49
1004.49
1004.49
1004.49
1004.49
1004.49
1004.49
1004.49
1004.49
1004.49
1004.49
1004.49
1004.49
1004.49
1004.49
1004.49
1004.49
1004.49
1004.49
1004.49
1004.49
1004.49
1004.49
1004.49
1004.49
1004.49
1004.49
1004.49
1004.49
1004.49
1004.49
1004.49
1004.49
1004.49
1004.49
1004.49
1004.49
1004.49
1004.49
1004.49
1004.49
1004.49
1004.49
1004.49
1004.49
1004.49
1004.49
1004.49
1004.49
1004.49
1004.49
1004.49
1004.49
1004.49
1004.49
1004.49
1004.49
1004.49
1004.49
1004.49
1004.49
1004.49
1004.49
1004.49
1004.49
1004.49
1004.49
1004.49
1004.49
1004.49
1004.49
1004.49
1004.49
1004.49
1004.49
1004.49
1004.49
1004.49
1004.49
1004.49
1004.49
1004.49
1004.49
1004.49
1004.49
1004.49
1004.49
1004.49
1004.49
1004.49
1004.49
1004.49
1004.49
1004.49
1004.49
1004.49
1004.49
1004.49
1004.49
1004.49
1004.49
1004.49
1004.49
1004.49
1004.49
1004.49
1004.49
1004.49
1004.49
1004.49
1004.49
1004.49
1004.49
1004.49
1004.49
1004.49
1004.49
1004.49
1004.49
1004.49
1004.49
1004.49
1004.49
1004.49
1004.49
1004.49
1004.49
1004.49
1004.49
1004.49
1004.49
1004.49
1004.49
1004.49
1004.49
1004.49
1004.49
1004.49
1004.49
1004.49
1004.49
1004.49
1004.49
1004.49
1004.49
1004.49
1004.49
1004.49
1004.49
1004.49
1004.49
1004.49
1004.49
1004.49
1004.49
1004.49
1004.49
1004.49
1004.49
1004.49
1004.49
1004.49
1004.49
1004.49
1004.49
1004.49
1004.49
1004.49
1004.49
1004.48
1004.48
1004.48
1004.49
1004.49
1004.49
1004.49
1004.49
1004.49
1004.49
1004.49
1004.49
1004.49
1004.49
1004.49
1004.49
1004.49
1004.49
1004.49
1004.49
1004.49
1004.49
1004.49
1004.49
1004.49
1004.49
1004.49
1004.49
1004.49
1004.48
1004.47
1004.46
1004.46
1004.49
1004.49
1004.49
1004.49
1004.49
1004.49
1004.49
1004.49
1004.49
1004.49
1004.49
1004.49
1004.49
1004.49
1004.49
1004.49
1004.49
1004.49
1004.49
1004.49
1004.49
1004.49
1004.49
1004.49
1004.48
1004.48
1004.46
1004.45
1004.43
1004.42
1004.49
1004.49
1004.49
1004.49
1004.49
1004.49
1004.49
1004.49
1004.49
1004.49
1004.49
1004.49
1004.49
1004.49
1004.49
1004.49
1004.49
1004.49
1004.49
1004.49
1004.49
1004.49
1004.49
1004.49
1004.48
1004.46
1004.44
1004.41
1004.38
1004.37
1004.49
1004.49
1004.49
1004.49
1004.49
1004.49
1004.49
1004.49
1004.49
1004.49
1004.49
1004.49
1004.49
1004.49
1004.49
1004.49
1004.49
1004.49
1004.49
1004.49
1004.49
1004.49
1004.49
1004.48
1004.46
1004.44
1004.4
1004.35
1004.3
1004.27
1004.49
1004.49
1004.49
1004.49
1004.49
1004.49
1004.49
1004.49
1004.49
1004.49
1004.49
1004.49
1004.49
1004.49
1004.49
1004.49
1004.49
1004.49
1004.49
1004.49
1004.49
1004.49
1004.48
1004.47
1004.45
1004.41
1004.34
1004.26
1004.18
1004.12
1004.49
1004.49
1004.49
1004.49
1004.49
1004.49
1004.49
1004.49
1004.49
1004.49
1004.49
1004.49
1004.49
1004.49
1004.49
1004.49
1004.49
1004.49
1004.49
1004.49
1004.49
1004.49
1004.48
1004.46
1004.42
1004.36
1004.26
1004.13
1004
1003.9
1004.49
1004.49
1004.49
1004.49
1004.49
1004.49
1004.49
1004.49
1004.49
1004.49
1004.49
1004.49
1004.49
1004.49
1004.49
1004.49
1004.49
1004.49
1004.49
1004.49
1004.49
1004.48
1004.47
1004.44
1004.39
1004.3
1004.15
1003.96
1003.76
1003.6
1004.49
1004.49
1004.49
1004.49
1004.49
1004.49
1004.49
1004.49
1004.49
1004.49
1004.49
1004.49
1004.49
1004.49
1004.49
1004.49
1004.49
1004.49
1004.49
1004.49
1004.49
1004.48
1004.46
1004.43
1004.35
1004.23
1004.03
1003.76
1003.47
1003.22
1004.49
1004.49
1004.49
1004.49
1004.49
1004.49
1004.49
1004.49
1004.49
1004.49
1004.49
1004.49
1004.49
1004.49
1004.49
1004.49
1004.49
1004.49
1004.49
1004.49
1004.49
1004.48
1004.46
1004.41
1004.32
1004.16
1003.9
1003.55
1003.16
1002.8
1004.49
1004.49
1004.49
1004.49
1004.49
1004.49
1004.49
1004.49
1004.49
1004.49
1004.49
1004.49
1004.49
1004.49
1004.49
1004.49
1004.49
1004.49
1004.49
1004.49
1004.49
1004.48
1004.45
1004.4
1004.29
1004.1
1003.8
1003.37
1002.82
1002.19
1004.49
1004.49
1004.49
1004.49
1004.49
1004.49
1004.49
1004.49
1004.49
1004.49
1004.49
1004.49
1004.49
1004.49
1004.49
1004.49
1004.49
1004.49
1004.49
1004.49
1004.49
1004.47
1004.45
1004.39
1004.28
1004.07
1003.74
1003.27
1002.67
1002
1004.49
1004.49
1004.49
1004.49
1004.49
1004.49
1004.49
1004.49
1004.49
1004.49
1004.49
1004.49
1004.49
1004.49
1004.49
1004.49
1004.49
1004.49
1004.49
1004.49
1004.49
1004.47
1004.45
1004.39
1004.27
1004.06
1003.72
1003.23
1002.62
1001.93
1004.49
1004.49
1004.49
1004.49
1004.49
1004.49
1004.49
1004.49
1004.49
1004.49
1004.49
1004.49
1004.49
1004.49
1004.49
1004.49
1004.49
1004.49
1004.49
1004.49
1004.49
1004.47
1004.45
1004.39
1004.28
1004.07
1003.74
1003.27
1002.67
1002
1004.49
1004.49
1004.49
1004.49
1004.49
1004.49
1004.49
1004.49
1004.49
1004.49
1004.49
1004.49
1004.49
1004.49
1004.49
1004.49
1004.49
1004.49
1004.49
1004.49
1004.49
1004.48
1004.45
1004.4
1004.29
1004.1
1003.8
1003.37
1002.82
1002.19
1001.31
1000.92
1000.65
1000.46
1000.32
1000.21
1000.13
1000.06
1000.02
999.994
999.978
999.97
999.966
999.963
999.961
999.96
999.96
999.959
999.959
999.959
999.958
999.958
999.958
999.957
999.954
1001.28
1000.91
1000.64
1000.45
1000.32
1000.21
1000.13
1000.06
1000.02
999.994
999.978
999.97
999.966
999.963
999.961
999.96
999.96
999.959
999.959
999.959
999.958
999.958
999.958
999.957
999.954
1001.27
1000.9
1000.64
1000.45
1000.31
1000.21
1000.13
1000.06
1000.02
999.994
999.978
999.97
999.966
999.963
999.961
999.96
999.96
999.959
999.959
999.959
999.958
999.958
999.958
999.957
999.954
1001.28
1000.91
1000.64
1000.45
1000.32
1000.21
1000.13
1000.06
1000.02
999.994
999.978
999.97
999.966
999.963
999.961
999.96
999.96
999.959
999.959
999.959
999.958
999.958
999.958
999.957
999.954
1001.31
1000.92
1000.65
1000.46
1000.32
1000.21
1000.13
1000.06
1000.02
999.994
999.978
999.97
999.966
999.963
999.961
999.96
999.96
999.959
999.959
999.959
999.958
999.958
999.958
999.957
999.954
1004.49
1004.49
1004.49
1004.49
1004.49
1004.49
1004.49
1004.49
1004.49
1004.49
1004.49
1004.49
1004.49
1004.49
1004.49
1004.49
1004.49
1004.49
1004.49
1004.49
1004.49
1004.48
1004.46
1004.41
1004.32
1004.16
1003.9
1003.55
1003.16
1002.8
1004.49
1004.49
1004.49
1004.49
1004.49
1004.49
1004.49
1004.49
1004.49
1004.49
1004.49
1004.49
1004.49
1004.49
1004.49
1004.49
1004.49
1004.49
1004.49
1004.49
1004.49
1004.48
1004.46
1004.43
1004.35
1004.23
1004.03
1003.77
1003.48
1003.22
1004.49
1004.49
1004.49
1004.49
1004.49
1004.49
1004.49
1004.49
1004.49
1004.49
1004.49
1004.49
1004.49
1004.49
1004.49
1004.49
1004.49
1004.49
1004.49
1004.49
1004.49
1004.48
1004.47
1004.44
1004.39
1004.3
1004.16
1003.97
1003.77
1003.61
1004.49
1004.49
1004.49
1004.49
1004.49
1004.49
1004.49
1004.49
1004.49
1004.49
1004.49
1004.49
1004.49
1004.49
1004.49
1004.49
1004.49
1004.49
1004.49
1004.49
1004.49
1004.49
1004.48
1004.46
1004.42
1004.36
1004.26
1004.14
1004.01
1003.91
1004.49
1004.49
1004.49
1004.49
1004.49
1004.49
1004.49
1004.49
1004.49
1004.49
1004.49
1004.49
1004.49
1004.49
1004.49
1004.49
1004.49
1004.49
1004.49
1004.49
1004.49
1004.49
1004.48
1004.47
1004.45
1004.41
1004.35
1004.27
1004.19
1004.13
1004.49
1004.49
1004.49
1004.49
1004.49
1004.49
1004.49
1004.49
1004.49
1004.49
1004.49
1004.49
1004.49
1004.49
1004.49
1004.49
1004.49
1004.49
1004.49
1004.49
1004.49
1004.49
1004.49
1004.48
1004.47
1004.44
1004.4
1004.36
1004.31
1004.28
1004.49
1004.49
1004.49
1004.49
1004.49
1004.49
1004.49
1004.49
1004.49
1004.49
1004.49
1004.49
1004.49
1004.49
1004.49
1004.49
1004.49
1004.49
1004.49
1004.49
1004.49
1004.49
1004.49
1004.49
1004.48
1004.46
1004.44
1004.42
1004.39
1004.37
1004.49
1004.49
1004.49
1004.49
1004.49
1004.49
1004.49
1004.49
1004.49
1004.49
1004.49
1004.49
1004.49
1004.49
1004.49
1004.49
1004.49
1004.49
1004.49
1004.49
1004.49
1004.49
1004.49
1004.49
1004.49
1004.48
1004.47
1004.45
1004.44
1004.43
1004.49
1004.49
1004.49
1004.49
1004.49
1004.49
1004.49
1004.49
1004.49
1004.49
1004.49
1004.49
1004.49
1004.49
1004.49
1004.49
1004.49
1004.49
1004.49
1004.49
1004.49
1004.49
1004.49
1004.49
1004.49
1004.49
1004.48
1004.47
1004.46
1004.46
1004.49
1004.49
1004.49
1004.49
1004.49
1004.49
1004.49
1004.49
1004.49
1004.49
1004.49
1004.49
1004.49
1004.49
1004.49
1004.49
1004.49
1004.49
1004.49
1004.49
1004.49
1004.49
1004.49
1004.49
1004.49
1004.49
1004.49
1004.48
1004.48
1004.48
1004.49
1004.49
1004.49
1004.49
1004.49
1004.49
1004.49
1004.49
1004.49
1004.49
1004.49
1004.49
1004.49
1004.49
1004.49
1004.49
1004.49
1004.49
1004.49
1004.49
1004.49
1004.49
1004.49
1004.49
1004.49
1004.49
1004.49
1004.49
1004.49
1004.49
1004.49
1004.49
1004.49
1004.49
1004.49
1004.49
1004.49
1004.49
1004.49
1004.49
1004.49
1004.49
1004.49
1004.49
1004.49
1004.49
1004.49
1004.49
1004.49
1004.49
1004.49
1004.49
1004.49
1004.49
1004.49
1004.49
1004.49
1004.49
1004.49
1004.49
1004.49
1004.49
1004.49
1004.49
1004.49
1004.49
1004.49
1004.49
1004.49
1004.49
1004.49
1004.49
1004.49
1004.49
1004.49
1004.49
1004.49
1004.49
1004.49
1004.49
1004.49
1004.49
1004.49
1004.49
1004.49
1004.49
1004.49
1004.49
1004.49
1004.49
1004.49
1004.49
1004.49
1004.49
1004.49
1004.49
1004.49
1004.49
1004.49
1004.49
1004.49
1004.49
1004.49
1004.49
1004.49
1004.49
1004.49
1004.49
1004.49
1004.49
1004.49
1004.49
1004.49
1004.49
1004.49
1004.49
1004.49
1004.49
1004.49
1004.49
1004.49
1004.49
1004.49
1004.49
1004.49
1004.49
1004.49
1004.49
1004.49
1004.49
1004.49
1004.49
1004.49
1004.49
1004.49
1004.49
1004.49
1004.49
1004.49
1004.49
1004.49
1004.49
1004.49
1004.49
1004.49
1004.49
1004.49
1004.49
1004.49
1004.49
1004.49
1004.49
1004.49
1004.49
1004.49
1004.49
1004.49
1004.49
1004.49
1004.49
1004.49
1004.49
1004.49
1004.49
1004.49
1004.49
1004.49
1004.49
1004.49
1004.49
1004.49
1004.49
1004.49
1004.49
1004.49
1004.49
1004.49
1004.49
1004.49
1004.49
1004.49
1004.49
1004.49
1004.49
1004.49
1004.49
1004.49
1004.49
1004.49
1004.49
1004.49
1004.49
1004.49
1004.49
1004.49
1004.49
1004.49
1004.49
1004.49
1004.49
1004.49
1004.49
1004.49
1004.49
1004.49
1004.49
1004.49
1004.49
1004.49
1004.49
1004.49
1004.49
1004.49
1004.49
1004.49
1004.49
1004.49
1004.49
1004.49
1004.49
1004.49
1004.49
1004.49
1004.49
1004.49
1004.49
1004.49
1004.49
1004.49
1004.49
1004.49
1004.49
1004.49
1004.49
1004.49
1004.49
1004.49
1004.49
1004.49
1004.49
1004.49
1004.49
1004.49
1004.49
1004.49
1004.49
1004.49
1004.49
1004.49
1004.49
1004.49
1004.49
1004.49
1004.49
1004.49
1004.49
1004.49
1004.49
1004.49
1004.49
1004.49
1004.49
1004.49
1004.49
1004.49
1004.49
1004.49
1004.49
1004.49
1004.49
1004.49
1004.49
1004.49
1004.49
1004.49
1004.49
1004.49
1004.49
1004.49
1004.49
1004.49
1004.49
1004.49
1004.49
1004.49
1004.49
1004.49
1004.49
1004.49
1004.49
1004.49
1004.49
1004.49
1004.49
1004.49
1004.49
1004.49
1004.49
1004.49
1004.49
1004.49
1004.49
1004.49
1004.49
1004.49
1004.49
1004.49
1004.49
1004.49
1004.49
1004.49
1004.49
1004.49
1004.49
1004.49
1004.49
1004.49
1004.49
1004.49
1004.49
1004.49
1004.49
1004.49
1004.49
1004.49
1004.49
1004.49
1004.49
1004.49
1004.49
1004.49
1004.49
1004.49
1004.49
1004.49
1004.49
1004.49
1004.49
1004.49
1004.49
1004.49
1004.49
1004.49
1004.49
1004.49
1004.49
1004.49
1004.49
1004.49
1004.49
1004.49
1004.49
1004.49
1004.49
1004.49
1004.49
1004.49
1004.49
1004.49
1004.49
1004.49
1004.49
1004.49
1004.49
1004.49
1004.49
1004.49
1004.49
1004.49
1004.49
1004.49
1004.49
1004.49
1004.49
1004.49
1004.49
1004.49
1004.49
1004.49
1004.49
1004.49
1004.49
1004.49
1004.49
1004.49
1004.49
1004.49
1004.49
1004.49
1004.49
1004.49
1004.49
1004.49
1004.49
1004.49
1004.49
1004.49
1004.49
1004.49
1004.49
1004.49
1004.49
1004.49
1004.49
1004.49
1004.49
1004.49
1004.49
1004.49
1004.49
1004.49
1004.49
1004.49
1004.49
1004.49
1004.49
1004.49
1004.49
1004.49
1004.49
1004.49
1004.49
1004.49
1004.49
1004.49
1004.49
1004.49
1004.49
1004.49
1004.49
1004.49
1004.49
1004.49
1004.49
1004.49
1004.49
1004.49
1004.49
1004.49
1004.49
1004.49
1004.49
1004.49
1004.49
1004.49
1004.49
1004.49
1004.49
1004.49
1004.49
1004.49
1004.49
1004.49
1004.49
1004.49
1004.49
1004.49
1004.49
1004.49
1004.49
1004.49
1004.49
1004.49
1004.49
1004.49
1004.49
1004.49
1004.49
1004.49
1004.49
1004.49
1004.49
1004.49
1004.49
1004.49
1004.49
1004.49
1004.49
1004.49
1004.49
1004.49
1004.49
1004.49
1004.49
1004.49
1004.49
1004.49
1004.49
1004.49
1004.49
1004.49
1004.49
1004.49
1004.49
1004.49
1004.49
1004.49
1004.49
1004.49
1004.49
1004.49
1004.49
1004.49
1004.49
1004.49
1004.49
1004.49
1004.49
1004.49
1004.49
1004.49
1004.49
1004.49
1004.49
1004.49
1004.49
1004.49
1004.49
1004.49
1004.49
1004.49
1004.49
1004.49
1004.49
1004.49
1004.49
1004.49
1004.49
1004.49
1004.49
1004.49
1004.49
1004.49
1004.49
1004.49
1004.49
1004.49
1004.49
1004.49
1004.49
1004.49
1004.49
1004.49
1004.49
1004.49
1004.49
1004.49
1004.49
1004.49
1004.49
1004.49
1004.49
1004.49
1004.49
1004.49
1004.49
1004.49
1004.49
1004.49
1004.49
1004.49
1004.49
1004.49
1004.49
1004.49
1004.49
1004.49
1004.49
1004.49
1004.49
1004.49
1004.49
1004.49
1004.49
1004.49
1004.49
1004.49
1004.49
1004.49
1004.49
1004.49
1004.49
1004.49
1004.49
1004.49
1004.49
1004.49
1004.49
1004.49
1004.49
1004.49
1004.49
1004.49
1004.49
1004.49
1004.49
1004.49
1004.49
1004.49
1004.49
1004.49
1004.49
1004.49
1004.49
1004.49
1004.49
1004.49
1004.49
1004.49
1004.49
1004.49
1004.49
1004.49
1004.49
1004.49
1004.49
1004.49
1004.49
1004.49
1004.49
1004.49
1004.49
1004.49
1004.49
1004.49
1004.49
1004.49
1004.49
1004.49
1004.49
1004.49
1004.49
1004.49
1004.49
1004.49
1004.49
1004.49
1004.49
1004.49
1004.49
1004.49
1004.49
1004.49
1004.49
1004.49
1004.49
1004.49
1004.49
1004.49
1004.49
1004.49
1004.49
1004.49
1004.49
1004.49
1004.49
1004.49
1004.49
1004.49
1004.49
1004.49
1004.49
1004.49
1004.49
1004.49
1004.49
1004.49
1004.49
1004.49
1004.49
1004.49
1004.49
1004.49
1004.49
1004.49
1004.49
1004.49
1004.49
1004.49
1004.49
1004.49
1004.49
1004.49
1004.49
1004.49
1004.49
1004.49
1004.49
1004.49
1004.49
1004.49
1004.49
1004.49
1004.49
1004.49
1004.49
1004.49
1004.49
1004.49
1004.49
1004.49
1004.49
1004.49
1004.49
1004.49
1004.49
1004.49
1004.49
1004.49
1004.49
1004.49
1004.49
1004.49
1004.49
1004.49
1004.49
1004.49
1004.49
1004.49
1004.49
1004.49
1004.49
1004.49
1004.49
1004.49
1004.49
1004.49
1004.49
1004.49
1004.49
1004.49
1004.49
1004.49
1004.49
1004.49
1004.49
1004.49
1004.49
1004.49
1004.49
1004.49
1004.49
1004.49
1004.49
1004.49
1004.49
1004.49
1004.49
1004.49
1004.49
1004.49
1004.49
1004.49
1004.49
1004.49
1004.49
1004.49
1004.49
1004.49
1004.49
1004.49
1004.49
1004.49
1004.49
1004.49
1004.49
1004.49
1004.49
1004.49
1004.49
1004.49
1004.49
1004.49
1004.49
1004.49
1004.49
1004.49
1004.49
1004.49
1004.49
1004.49
1004.49
1004.49
1004.49
1004.49
1004.49
1004.49
1004.49
1004.49
1004.49
1004.49
1004.49
1004.49
1004.49
1004.49
1004.49
1004.49
1004.49
1004.49
1004.49
1004.49
1004.49
1004.49
1004.49
1004.49
1004.49
1004.49
1004.49
1004.49
1004.49
1004.49
1004.49
1004.49
1004.49
1004.49
1004.49
1004.49
1004.49
1004.49
1004.49
1004.49
1004.49
1004.49
1004.49
1004.49
1004.49
1004.49
1004.49
1004.49
1004.49
1004.49
1004.49
1004.49
1004.49
1004.49
1004.49
1004.49
1004.49
1004.49
1004.49
1004.49
1004.49
1004.49
1004.49
1004.49
1004.49
1004.49
1004.49
1004.49
1004.49
1004.49
1004.49
1004.49
1004.49
1004.49
1004.49
1004.49
1004.49
1004.49
1004.49
1004.49
1004.49
1004.49
1004.49
1004.49
1004.49
1004.49
1004.49
1004.49
1004.49
1004.49
1004.49
1004.49
1004.49
1004.49
1004.49
1004.49
1004.49
1004.49
1004.49
1004.49
1004.49
1004.49
1004.49
1004.49
1004.49
1004.49
1004.49
1004.49
1004.49
1004.49
1004.49
1004.49
1004.49
1004.49
1004.49
1004.49
1004.49
1004.49
1004.49
1004.49
1004.49
1004.49
1004.49
1004.49
1004.49
1004.49
1004.49
1004.49
1004.49
1004.49
1004.49
1004.49
1004.49
1004.49
1004.49
1004.49
1004.49
1004.49
1004.49
1004.49
1004.49
1004.49
1004.49
1004.49
1004.49
1004.49
1004.49
1004.49
1004.49
1004.49
1004.49
1004.49
1004.49
1004.49
1004.49
1004.49
1004.49
1004.49
1004.49
1004.49
1004.49
1004.49
1004.49
1004.49
1004.49
1004.49
1004.49
1004.49
1004.49
1004.49
1004.49
1004.49
1004.49
1004.49
1004.49
1004.49
1004.49
1004.49
1004.49
1004.49
1004.49
1004.49
1004.49
1004.49
1004.49
1004.49
1004.49
1004.49
1004.49
1004.49
1004.49
1004.49
1004.49
1004.49
1004.49
1004.49
1004.49
1004.49
1004.49
1004.49
1004.49
1004.49
1004.49
1004.49
1004.49
1004.49
1004.49
1004.49
1004.49
1004.49
1004.49
1004.49
1004.49
1004.49
1004.49
1004.49
1004.49
1004.49
1004.49
1004.49
1004.49
1004.49
1004.49
1004.49
1004.49
1004.49
1004.49
1004.49
1004.49
1004.49
1004.49
1004.49
1004.49
1004.49
1004.49
1004.49
1004.49
1004.49
1004.49
1004.49
1004.49
1004.49
1004.49
1004.49
1004.49
1004.49
1004.49
1004.49
1004.49
1004.49
1004.49
1004.49
1004.49
1004.49
1004.49
1004.49
1004.49
1004.49
1004.49
1004.49
1004.49
1004.49
1004.49
1004.49
1004.49
1004.49
1004.49
1004.49
1004.49
1004.49
1004.49
1004.49
1004.49
1004.49
1004.49
1004.49
1004.49
1004.49
1004.49
1004.49
1004.49
1004.49
1004.49
1004.49
1004.49
1004.49
1004.49
1004.49
1004.49
1004.49
1004.49
1004.49
1004.49
1004.49
1004.49
1004.49
1004.49
1004.49
1004.49
1004.49
1004.49
1004.49
1004.49
1004.49
1004.49
1004.49
1004.49
1004.49
1004.49
1004.49
1004.49
1004.49
1004.49
1004.49
1004.49
1004.49
1004.49
1004.49
1004.49
1004.49
1004.49
1004.49
1004.49
1004.49
1004.49
1004.49
1004.49
1004.49
1004.49
1004.49
1004.49
1004.49
1004.49
1004.49
1004.49
1004.49
1004.49
1004.49
1004.49
1004.49
1004.49
1004.49
1004.49
1004.49
1004.49
1004.49
1004.49
1004.49
1004.49
1004.49
1004.49
1004.49
1004.49
1004.49
1004.49
1004.49
1004.49
1004.49
1004.49
1004.49
1004.49
1004.49
1004.49
1004.49
1004.49
1004.49
1004.49
1004.49
1004.49
1004.49
1004.49
1004.49
1004.49
1004.49
1004.49
1004.49
1004.49
1004.49
1004.49
1004.49
1004.49
1004.49
1004.49
1004.49
1004.49
1004.49
1004.49
1004.49
1004.49
1004.49
1004.49
1004.49
1004.49
1004.49
1004.49
1004.49
1004.49
1004.49
1004.49
1004.49
1004.49
1004.49
1004.49
1004.49
1004.49
1004.49
1004.49
1004.49
1004.49
1004.49
1004.49
1004.49
1004.49
1004.49
1004.49
1004.49
1004.49
1004.49
1004.49
1004.49
1004.49
1004.49
1004.49
1004.49
1004.49
1004.49
1004.49
1004.49
1004.49
1004.49
1004.49
1004.49
1004.49
1004.49
1004.49
1004.49
1004.49
1004.49
1004.49
1004.49
1004.49
1004.49
1004.49
1004.49
1004.49
1004.49
1004.49
1004.49
1004.49
1004.49
1004.49
1004.49
1004.49
1004.49
1004.49
1004.49
1004.49
1004.49
1004.49
1004.49
1004.49
1004.49
1004.49
1004.49
1004.49
1004.49
1004.49
1004.49
1004.49
1004.49
1004.49
1004.49
1004.49
1004.49
1004.49
1004.49
1004.49
1004.49
1004.49
1004.49
1004.49
1004.49
1004.49
1004.49
1004.49
1004.49
1004.49
1004.49
1004.49
1004.49
1004.49
1004.49
1004.49
1004.49
1004.49
1004.49
1004.49
1004.49
1004.49
1004.49
1004.49
1004.49
1004.49
1004.49
1004.49
1004.49
1004.49
1004.49
1004.49
1004.49
1004.49
1004.49
1004.49
1004.49
1004.49
1004.49
1004.49
1004.49
1004.49
1004.49
1004.49
1004.49
1004.49
1004.49
1004.49
1004.49
1004.49
1004.49
1004.49
1004.49
1004.49
1004.49
1004.49
1004.49
1004.49
1004.49
1004.49
1004.49
1004.49
1004.49
1004.49
1004.49
1004.49
1004.49
1004.49
1004.49
1004.49
1004.49
1004.49
1004.49
1004.49
1004.49
1004.49
1004.49
1004.49
1004.49
1004.49
1004.49
1004.49
1004.49
1004.49
1004.49
1004.49
1004.49
1004.49
1004.49
1004.49
1004.49
1004.49
1004.49
1004.49
1004.49
1004.49
1004.49
1004.49
1004.49
1004.49
1004.49
1004.49
1004.49
1004.49
1004.49
1004.49
1004.49
1004.49
1004.49
1004.49
1004.49
1004.49
1004.49
1004.49
1004.49
1004.49
1004.49
1004.49
1004.49
1004.49
1004.49
1004.49
1004.49
1004.49
1004.49
1004.49
1004.49
1004.49
1004.49
1004.49
1004.49
1004.49
1004.49
1004.49
1004.49
1004.49
1004.49
1004.49
1004.49
1004.49
1004.49
1004.49
1004.49
1004.49
1004.49
1004.49
1004.49
1004.49
1004.49
1004.49
1004.49
1004.49
1004.49
1004.49
1004.49
1004.49
1004.49
1004.49
1004.49
1004.49
1004.49
1004.49
1004.49
1004.49
1004.49
1004.49
1004.49
1004.49
1004.49
1004.49
1004.49
1004.49
1004.49
1004.49
1004.49
1004.49
1004.49
1004.49
1004.49
1004.49
1004.49
1004.49
1004.49
1004.49
1004.49
1004.49
1004.49
1004.49
1004.49
1004.49
1004.49
1004.49
1004.49
1004.49
1004.49
1004.49
1004.49
1004.49
1004.49
1004.49
1004.49
1004.49
1004.49
1004.49
1004.49
1004.49
1004.49
1004.49
1004.49
1004.49
1004.49
1004.49
1004.49
1004.49
1004.49
1004.49
1004.49
1004.49
1004.49
1004.49
1004.49
1004.49
1004.49
1004.49
1004.49
1004.49
1004.49
1004.49
1004.49
1004.49
1004.49
1004.49
1004.49
1004.49
1004.49
1004.49
1004.49
1004.49
1004.49
1004.49
1004.49
1004.49
1004.49
1004.49
1004.49
1004.49
1004.49
1004.49
1004.49
1004.49
1004.49
1004.49
1004.49
1004.49
1004.49
1004.49
1004.49
1004.49
1004.49
1004.49
1004.49
1004.49
1004.49
1004.49
1004.49
1004.49
1004.49
1004.49
1004.49
1004.49
1004.49
1004.49
1004.49
1004.49
1004.49
1004.49
1004.49
1004.49
1004.49
1004.49
1004.49
1004.49
1004.49
1004.49
1004.49
1004.49
1004.49
1004.49
1004.49
1004.49
1004.49
1004.49
1004.49
1004.49
1004.49
1004.49
1004.49
1004.49
1004.49
1004.49
1004.49
1004.49
1004.49
1004.49
1004.49
1004.49
1004.49
1004.49
1004.49
1004.49
1004.49
1004.49
1004.49
1004.49
1004.49
1004.49
1004.49
1004.49
1004.49
1004.49
1004.49
1004.49
1004.49
1004.49
1004.49
1004.49
1004.49
1004.49
1004.49
1004.49
1004.49
1004.49
1004.49
1004.49
1004.49
1004.49
1004.49
1004.49
1004.49
1004.49
1004.49
1004.49
1004.49
1004.49
1004.49
1004.49
1004.49
1004.49
1004.49
1004.49
1004.49
1004.49
1004.49
1004.49
1004.49
1004.49
1004.49
1004.49
1004.49
1004.49
1004.49
1004.49
1004.49
1004.49
1004.49
1004.49
1004.49
1004.49
1004.49
1004.49
1004.49
1004.49
1004.49
1004.49
1004.49
1004.49
1004.49
1004.49
1004.49
1004.49
1004.49
1004.49
1004.49
1004.49
1004.49
1004.49
1004.49
1004.49
1004.49
1004.49
1004.49
1004.49
1004.49
1004.49
1004.49
1004.49
1004.49
1004.49
1004.49
1004.49
1004.49
1004.49
1004.49
1004.49
1004.49
1004.49
1004.49
1004.49
1004.49
1004.49
1004.49
1004.49
1004.49
1004.49
1004.49
1004.49
1004.49
1004.49
1004.49
1004.49
1004.49
1004.49
1004.49
1004.49
1004.49
1004.49
1004.49
1004.49
1004.49
1004.49
1004.49
1004.49
1004.49
1004.49
1004.49
1004.49
1004.49
1004.49
1004.49
1004.49
1004.49
1004.49
1004.49
1004.49
1004.49
1004.49
1004.49
1004.49
1004.49
1004.49
1004.49
1004.49
1004.49
1004.49
1004.49
1004.49
1004.49
1004.49
1004.49
1004.49
1004.49
1004.49
1004.49
1004.49
1004.49
1004.49
1004.49
1004.49
1004.49
1004.49
1004.49
1004.49
1004.49
1004.49
1004.49
1004.49
1004.49
1004.49
1004.49
1004.49
1004.49
1004.49
1004.49
1004.49
1004.49
1004.49
1004.49
1004.49
1004.49
1004.49
1004.49
1004.49
1004.49
1004.49
1004.49
1004.49
1004.49
1004.49
1004.49
1004.49
1004.49
1004.49
1004.49
1004.49
1004.49
1004.49
1004.49
1004.49
1004.49
1004.49
1004.49
1004.49
1004.49
1004.49
1004.49
1004.49
1004.49
1004.49
1004.49
1004.49
1004.49
1004.49
1004.49
1004.49
1004.49
1004.49
1004.49
1004.49
1004.49
1004.49
1004.49
1004.49
1004.49
1004.49
1004.49
1004.49
1004.49
1004.49
1004.49
1004.49
1004.49
1004.49
1004.49
1004.49
1004.49
1004.49
1004.49
1004.49
1004.49
1004.49
1004.49
1004.49
1004.49
1004.49
1004.49
1004.49
1004.49
1004.49
1004.49
1004.49
1004.49
1004.49
1004.49
1004.49
1004.49
1004.49
1004.49
1004.49
1004.49
1004.49
1004.49
1004.49
1004.49
1004.49
1004.49
1004.49
1004.49
1004.49
1004.49
1004.49
1004.49
1004.49
1004.49
1004.49
1004.49
1004.49
1004.49
1004.49
1004.49
1004.49
1004.49
1004.49
1004.49
1004.49
1004.49
1004.49
1004.49
1004.49
1004.49
1004.49
1004.49
1004.49
1004.49
1004.49
1004.49
1004.49
1004.49
1004.49
1004.49
1004.49
1004.49
1004.49
1004.49
1004.49
1004.49
1004.49
1004.49
1004.49
1004.49
1004.49
1004.49
1004.49
1004.49
1004.49
1004.49
1004.49
1004.49
1004.49
1004.49
1004.49
1004.49
1004.49
1004.49
1004.49
1004.49
1004.49
1004.49
1004.49
1004.49
1004.49
1004.49
1004.49
1004.49
1004.49
1004.49
1004.49
1004.49
1004.49
1004.49
1004.49
1004.49
1004.49
1004.49
1004.49
1004.49
1004.49
1004.49
1004.49
1004.49
1004.49
1004.49
1004.49
1004.49
1004.49
1004.49
1004.49
1004.49
1004.49
1004.49
1004.49
1004.49
1004.49
1004.49
1004.49
1004.49
1004.49
1004.49
1004.49
1004.49
1004.49
1004.49
1004.49
1004.49
1004.49
1004.49
1004.49
1004.49
1004.49
1004.49
1004.49
1004.49
1004.49
1004.49
1004.49
1004.49
1004.49
1004.49
1004.49
1004.49
1004.49
1004.49
1004.49
1004.49
1004.49
1004.49
1004.49
1004.49
1004.49
1004.49
1004.49
1004.49
1004.49
1004.49
1004.49
1004.49
1004.49
1004.49
1004.49
1004.49
1004.49
1004.49
1004.49
1004.49
1004.49
1004.49
1004.49
1004.49
1004.49
1004.49
1004.49
1004.49
1004.49
1004.49
1004.49
1004.49
1004.49
1004.49
1004.49
1004.49
1004.49
1004.49
1004.49
1004.49
1004.49
1004.49
1004.49
1004.49
1004.49
1004.49
1004.49
1004.49
1004.49
1004.49
1004.49
1004.49
1004.49
1004.49
1004.49
1004.49
1004.49
1004.49
1004.49
1004.49
1004.49
1004.49
1004.49
1004.49
1004.49
1004.49
1004.49
1004.49
1004.49
1004.49
1004.49
1004.49
1004.49
1004.49
1004.49
1004.49
1004.49
1004.49
1004.49
1004.49
1004.49
1004.49
1004.49
1004.49
1004.49
1004.49
1004.49
1004.49
1004.49
1004.49
1004.49
1004.49
1004.49
1004.49
1004.49
1004.49
1004.49
1004.49
1004.49
1004.49
1004.49
1004.49
1004.49
1004.49
1004.49
1004.49
1004.49
1004.49
1004.49
1004.49
1004.49
1004.49
1004.49
1004.49
1004.49
1004.49
1004.49
1004.49
1004.49
1004.49
1004.49
1004.49
1004.49
1004.49
1004.49
1004.49
1004.49
1004.49
1004.49
1004.49
1004.49
1004.49
1004.49
1004.49
1004.49
1004.49
1004.49
1004.49
1004.49
1004.49
1004.49
1004.49
1004.49
1004.49
1004.49
1004.49
1004.49
1004.49
1004.49
1004.49
1004.49
1004.49
1004.49
1004.49
1004.49
1004.49
1004.49
1004.49
1004.49
1004.49
1004.49
1004.49
1004.49
1004.49
1004.49
1004.49
1004.49
1004.49
1004.49
1004.49
1004.49
1004.49
1004.49
1004.49
1004.49
1004.49
1004.49
1004.49
1004.49
1004.49
1004.49
1004.49
1004.49
1004.49
1004.49
1004.49
1004.49
1004.49
1004.49
1004.49
1004.49
1004.49
1004.49
1004.49
1004.49
1004.49
1004.49
1004.49
1004.49
1004.49
1004.49
1004.49
1004.49
1004.49
1004.49
1004.49
1004.49
1004.49
1004.49
1004.49
1004.49
1004.49
1004.49
1004.49
1004.49
1004.49
1004.49
1004.49
1004.49
1004.49
1004.49
1004.49
1004.49
1004.49
1004.49
1004.49
1004.49
1004.49
1004.49
1004.49
1004.49
1004.49
1004.49
1004.49
1004.49
1004.49
1004.49
1004.49
1004.49
1004.49
1004.49
1004.49
1004.49
1004.49
1004.49
1004.49
1004.49
1004.49
1004.49
1004.49
1004.49
1004.49
1004.49
1004.49
1004.49
1004.49
1004.49
1004.49
1004.49
1004.49
1004.49
1004.49
1004.49
1004.49
1004.49
1004.49
1004.49
1004.49
1004.49
1004.49
1004.49
1004.49
1004.49
1004.49
1004.49
1004.49
1004.49
1004.49
1004.49
1004.49
1004.49
1004.49
1004.49
1004.49
1004.49
1004.49
1004.49
1004.49
1004.49
1004.49
1004.49
1004.49
1004.49
1004.49
1004.49
1004.49
1004.49
1004.49
1004.49
1004.49
1004.49
1004.49
1004.49
1004.49
1004.49
1004.49
1004.49
1004.49
1004.49
1004.49
1004.49
1004.49
1004.49
1004.49
1004.49
1004.49
1004.49
1004.49
1004.49
1004.49
1004.49
1004.49
1004.49
1004.49
1004.49
1004.49
1004.49
1004.49
1004.49
1004.49
1004.49
1004.49
1004.49
1004.49
1004.49
1004.49
1004.49
1004.49
1004.49
1004.49
1004.49
1004.49
1004.49
1004.49
1004.49
1004.49
1004.49
1004.49
1004.49
1004.49
1004.49
1004.49
1004.49
1004.49
1004.49
1004.49
1004.49
1004.49
1004.49
1004.49
1004.49
1004.49
1004.49
1004.49
1004.49
1004.49
1004.49
1004.49
1004.49
1004.49
1004.49
1004.49
1004.49
1004.49
1004.49
1004.49
1004.49
1004.49
1004.49
1004.49
1004.49
1004.49
1004.49
1004.49
1004.49
1004.49
1004.49
1004.49
1004.49
1004.49
1004.49
1004.49
1004.49
1004.49
1004.49
1004.49
1004.49
1004.49
1004.49
1004.49
1004.49
1004.49
1004.49
1004.49
1004.49
1004.49
1004.49
1004.49
1004.49
1004.49
1004.49
1004.49
1004.49
1004.49
1004.49
1004.49
1004.49
1004.49
1004.49
1004.49
1004.49
1004.49
1004.49
1004.49
1004.49
1004.49
1004.49
1004.49
1004.49
1004.49
1004.49
1004.49
1004.49
1004.49
1004.49
1004.49
1004.49
1004.49
1004.49
1004.49
1004.49
1004.49
1004.49
1004.49
1004.49
1004.49
1004.49
1004.49
1004.49
1004.49
1004.49
1004.49
1004.49
1004.49
1004.49
1004.49
1004.49
1004.49
1004.49
1004.49
1004.49
1004.49
1004.49
1004.49
1004.49
1004.49
1004.49
1004.49
1004.49
1004.49
1004.49
1004.49
1004.49
1004.49
1004.49
1004.49
1004.49
1004.49
1004.49
1004.49
1004.49
1004.49
1004.49
1004.49
1004.49
1004.49
1004.49
1004.49
1004.49
1004.49
1004.49
1004.49
1004.49
1004.49
1004.49
1004.49
1004.49
1004.49
1004.49
1004.49
1004.49
1004.49
1004.49
1004.49
1004.49
1004.49
1004.49
1004.49
1004.49
1004.49
1004.49
1004.49
1004.49
1004.49
1004.49
1004.49
1004.49
1004.49
1004.49
1004.49
1004.49
1004.49
1004.49
1004.49
1004.49
1004.49
1004.49
1004.49
1004.49
1004.49
1004.49
1004.49
1004.49
1004.49
1004.49
1004.49
1004.49
1004.49
1004.49
1004.49
1004.49
1004.49
1004.49
1004.49
1004.49
1004.49
1004.49
1004.49
1004.49
1004.49
1004.49
1004.49
1004.49
1004.49
1004.49
1004.49
1004.49
1004.49
1004.49
1004.49
1004.49
1004.49
1004.49
1004.49
1004.49
1004.49
1004.49
1004.49
1004.49
1004.49
1004.49
1004.49
1004.49
1004.49
1004.49
1004.49
1004.49
1004.49
1004.49
1004.49
1004.49
1004.49
1004.49
1004.49
1004.49
1004.49
1004.49
1004.49
1004.49
)
;

boundaryField
{
    outerWall
    {
        type            calculated;
        value           nonuniform List<scalar> 
225
(
1004.49
1004.49
1004.49
1004.49
1004.49
1004.49
1004.49
1004.49
1004.49
1004.49
1004.49
1004.49
1004.49
1004.49
1004.49
1004.49
1004.49
1004.49
1004.49
1004.49
1004.49
1004.49
1004.49
1004.49
1004.49
1004.49
1004.49
1004.49
1004.49
1004.49
1004.49
1004.49
1004.49
1004.49
1004.49
1004.49
1004.49
1004.49
1004.49
1004.49
1004.48
1004.46
1004.42
1004.37
1004.27
1004.12
1003.9
1003.6
1003.22
1002.8
1001.31
1000.92
1000.65
1000.46
1000.32
1000.21
1000.13
1000.06
1000.02
999.994
999.978
999.97
999.966
999.963
999.961
999.96
999.96
999.959
999.959
999.959
999.958
999.958
999.958
999.957
999.954
1001.31
1000.92
1000.65
1000.46
1000.32
1000.21
1000.13
1000.06
1000.02
999.994
999.978
999.97
999.966
999.963
999.961
999.96
999.96
999.959
999.959
999.959
999.958
999.958
999.958
999.957
999.954
1002.8
1003.22
1003.61
1003.91
1004.13
1004.28
1004.37
1004.43
1004.46
1004.48
1004.49
1004.49
1004.49
1004.49
1004.49
1004.49
1004.49
1004.49
1004.49
1004.49
1004.49
1004.49
1004.49
1004.49
1004.49
1004.49
1004.49
1004.49
1004.49
1004.49
1004.49
1004.49
1004.49
1004.49
1004.49
1004.49
1004.49
1004.49
1004.49
1004.49
1004.49
1004.49
1004.49
1004.49
1004.49
1004.49
1004.49
1004.49
1004.49
1004.49
1004.49
1004.49
1004.49
1004.49
1004.49
1004.49
1004.49
1004.49
1004.49
1004.49
1004.49
1004.49
1004.49
1004.49
1004.49
1004.49
1004.49
1004.49
1004.49
1004.49
1004.49
1004.49
1004.49
1004.49
1004.49
1004.49
1004.49
1004.49
1004.49
1004.49
1004.49
1004.49
1004.49
1004.49
1004.49
1004.49
1004.49
1004.49
1004.49
1004.49
1004.49
1004.49
1004.49
1004.49
1004.49
1004.49
1004.49
1004.49
1004.49
1004.49
1004.49
1004.49
1004.49
1004.49
1004.49
1004.49
1004.49
1004.49
1004.49
1004.49
1004.49
1004.49
1004.49
1004.49
1004.49
1004.49
1004.49
1004.49
1004.49
1004.49
1004.49
1004.49
1004.49
1004.49
1004.49
)
;
    }
    axis
    {
        type            symmetryPlane;
    }
    nozzle
    {
        type            calculated;
        value           uniform 999.955;
    }
    back
    {
        type            empty;
    }
    front
    {
        type            empty;
    }
}


// ************************************************************************* //
