/*--------------------------------*- C++ -*----------------------------------*\
| =========                 |                                                 |
| \\      /  F ield         | OpenFOAM: The Open Source CFD Toolbox           |
|  \\    /   O peration     | Version:  2412                                  |
|   \\  /    A nd           | Website:  www.openfoam.com                      |
|    \\/     M anipulation  |                                                 |
\*---------------------------------------------------------------------------*/
FoamFile
{
    version     2.0;
    format      ascii;
    arch        "LSB;label=32;scalar=64";
    class       surfaceScalarField;
    location    "0.000145";
    object      phi;
}
// * * * * * * * * * * * * * * * * * * * * * * * * * * * * * * * * * * * * * //

dimensions      [1 0 -1 0 0 0 0];

oriented        oriented;

internalField   nonuniform List<scalar> 
7275
(
-0.000798909
-0.00241728
-0.00161981
-0.00241985
-0.00250237
-0.00241604
-0.00346941
-0.00242063
-0.00454205
-0.0024228
-0.00573364
-0.00240672
-0.00699865
-0.00238239
-0.00827502
-0.00227976
-0.00931808
-0.0021894
-0.00991563
-0.00197796
-0.0097356
-0.00166561
-0.00848641
-0.00124689
-0.00594937
-0.00075546
-0.00200722
-0.000178338
0.00280511
0.00055448
0.00842897
0.00127898
0.0145256
0.00207451
0.0205317
0.00292347
0.0259172
0.00381687
0.0302593
0.00475096
0.033259
0.00572093
0.0347434
0.0067172
0.0346537
0.00772396
0.0330214
0.00872381
0.0299525
0.00968361
0.0256096
0.0105688
0.0201955
0.0113423
0.0139448
0.011967
0.007119
0.0124074
0.0126354
-0.000798748
-0.00484124
-0.00162079
-0.00484648
-0.00250205
-0.00484176
-0.00346846
-0.00484899
-0.00453582
-0.00485464
-0.00571312
-0.00482189
-0.00698021
-0.00474296
-0.00818582
-0.0045997
-0.00921438
-0.00434836
-0.00977299
-0.00394382
-0.00953362
-0.00333155
-0.00820712
-0.00251483
-0.00558683
-0.00154238
-0.00164967
-0.000301172
0.00321371
0.00106057
0.00888223
0.00252348
0.015007
0.00410774
0.0210365
0.00579137
0.0264452
0.00756082
0.0308061
0.00941558
0.0338196
0.0113422
0.0353119
0.0133215
0.0352137
0.0153324
0.0335551
0.0173317
0.030443
0.0192518
0.0260388
0.0210263
0.0205421
0.0225832
0.014189
0.023844
0.00724533
0.0247346
0.0251962
-0.000796814
-0.00728101
-0.00162328
-0.00728474
-0.00250178
-0.00728648
-0.00345564
-0.00730237
-0.0045424
-0.00727215
-0.00569325
-0.00725131
-0.00689957
-0.00712815
-0.00802171
-0.00694131
-0.00896935
-0.00650118
-0.00943544
-0.00589244
-0.00907813
-0.00498872
-0.00759778
-0.00380353
-0.00494272
-0.0022638
-0.000854431
-0.000499179
0.00403792
0.00153999
0.00977355
0.00370887
0.0159577
0.00605175
0.0220393
0.00854145
0.0274913
0.0111621
0.0318918
0.0139071
0.0349361
0.0167637
0.0364347
0.0197144
0.0363213
0.0227149
0.0346212
0.025706
0.0314302
0.0285928
0.0269037
0.0312736
0.0212414
0.0336366
0.0146822
0.0355583
0.00750077
0.0369206
0.0376286
-0.000797488
-0.00974295
-0.00162765
-0.00974359
-0.00250212
-0.0097586
-0.00346245
-0.0097657
-0.00450027
-0.00974079
-0.00560694
-0.00970501
-0.00674763
-0.00952781
-0.00783797
-0.00922253
-0.00861421
-0.0086945
-0.00888638
-0.00786628
-0.008373
-0.00662174
-0.00678033
-0.00503601
-0.00392269
-0.00302957
0.000228017
-0.000704627
0.00525445
0.00194207
0.0110986
0.00479226
0.0173667
0.00786116
0.0235185
0.0111194
0.0290392
0.0145454
0.0334999
0.0181418
0.036588
0.0218958
0.0381157
0.0257828
0.0379875
0.0297677
0.0362246
0.0337521
0.0329204
0.0376146
0.028216
0.0412319
0.0223067
0.0444423
0.015436
0.0470693
0.00789209
0.0489413
0.049918
-0.000802457
-0.0122325
-0.00162825
-0.0122395
-0.00250819
-0.0122551
-0.00346052
-0.0122567
-0.0044691
-0.0122396
-0.00554942
-0.0121561
-0.0065908
-0.0119555
-0.00751918
-0.0115399
-0.00811803
-0.0108878
-0.00822362
-0.00978406
-0.00745479
-0.00826869
-0.00564986
-0.00627351
-0.00255215
-0.00387039
0.00168941
-0.000908032
0.00685961
0.00226469
0.012828
0.00574473
0.0192065
0.00948272
0.0254571
0.0134571
0.0310681
0.0176393
0.0356125
0.0220367
0.0387717
0.0266427
0.0403317
0.0314464
0.0401975
0.0363972
0.0383778
0.0413724
0.034934
0.0462469
0.0299989
0.0508526
0.0237619
0.0549769
0.0164705
0.0583803
0.00843086
0.0608228
0.0621045
-0.000804161
-0.0147621
-0.00163398
-0.0147718
-0.00250617
-0.0147941
-0.00345017
-0.0147783
-0.00442574
-0.0147701
-0.00543877
-0.0146342
-0.00638072
-0.0143857
-0.00711882
-0.0138872
-0.00755635
-0.0130226
-0.00737895
-0.0117196
-0.00633368
-0.0099143
-0.00425138
-0.00752988
-0.000896298
-0.00469317
0.00348229
-0.00121102
0.00881717
0.00246464
0.0149376
0.00652063
0.0214456
0.0108665
0.0278174
0.0154912
0.0335456
0.0203677
0.0382033
0.025508
0.0414611
0.030919
0.0430894
0.0366085
0.0429731
0.0425171
0.0410955
0.048505
0.0374967
0.0544415
0.0322873
0.0601161
0.0256444
0.0652561
0.0178175
0.0695441
0.00913575
0.0726505
0.0742935
-0.000809127
-0.017336
-0.00164436
-0.0173456
-0.00252245
-0.0173659
-0.00342625
-0.0173624
-0.00436578
-0.017329
-0.00529013
-0.0171452
-0.00608938
-0.0168356
-0.0066378
-0.0162285
-0.00681785
-0.0151545
-0.00634635
-0.0136479
-0.00501992
-0.0115328
-0.0026221
-0.00882712
0.000952001
-0.00548911
0.00555776
-0.00165101
0.0110989
0.00250444
0.0174
0.00706787
0.0240544
0.0119606
0.0305671
0.0171602
0.0364424
0.0226557
0.0412537
0.0284689
0.0446447
0.0346449
0.0463753
0.0411929
0.0463168
0.0480494
0.0444061
0.0550914
0.0406526
0.062169
0.035136
0.0690301
0.0280118
0.0753334
0.0195263
0.0806646
0.0100359
0.0845733
0.0866637
-0.000816881
-0.0199576
-0.00165728
-0.0199659
-0.00252599
-0.0199885
-0.00340917
-0.019987
-0.00429799
-0.0199187
-0.00510645
-0.0196956
-0.0057378
-0.019304
-0.00610703
-0.0185193
-0.00593412
-0.0173356
-0.00515723
-0.0155397
-0.00346767
-0.0131669
-0.00073702
-0.0101431
0.00308822
-0.00634936
0.00791217
-0.00220418
0.0136734
0.00234924
0.0201578
0.00735143
0.0269792
0.0127056
0.0336688
0.0183871
0.0397278
0.0244258
0.0447229
0.0308524
0.0483052
0.037732
0.0502016
0.045114
0.0502527
0.0529288
0.0483529
0.0610819
0.0444663
0.0694098
0.0386257
0.07762
0.0309494
0.0852931
0.0216706
0.0918937
0.0111756
0.0968061
0.0994744
-0.000831181
-0.0226264
-0.00166708
-0.0226461
-0.00253169
-0.0226558
-0.00337699
-0.0226618
-0.00420405
-0.0225346
-0.00486932
-0.0222876
-0.00533517
-0.021756
-0.00539972
-0.020852
-0.00496095
-0.0194451
-0.00380128
-0.0174445
-0.00176445
-0.0147978
0.00128963
-0.0114038
0.00541567
-0.00738103
0.0104963
-0.00291956
0.0164842
0.00196859
0.0231754
0.00731182
0.0301946
0.0130305
0.0370762
0.0191183
0.0433536
0.0256099
0.0485944
0.032571
0.0524292
0.040104
0.05457
0.0482898
0.0548119
0.0570817
0.0529974
0.0664208
0.0490283
0.0761411
0.0428695
0.0859156
0.0345792
0.095238
0.0243574
0.103425
0.012621
0.109631
0.113077
-0.000836451
-0.025357
-0.00168847
-0.0253675
-0.00251942
-0.0253924
-0.0033463
-0.025354
-0.0040481
-0.0252201
-0.00459224
-0.0248705
-0.00483299
-0.0242186
-0.00462654
-0.0231592
-0.00383627
-0.0215428
-0.00230098
-0.0193193
0.000138882
-0.0164441
0.00353065
-0.0127248
0.00792041
-0.00852018
0.0132653
-0.00382353
0.0195044
0.00130258
0.0264037
0.00690759
0.0336243
0.012894
0.0407385
0.0192794
0.0472902
0.0261266
0.0528349
0.0335517
0.057012
0.0416684
0.0594938
0.0506343
0.0600385
0.0604198
0.0584204
0.071032
0.0544588
0.0823179
0.0480213
0.09393
0.0390712
0.105272
0.0277411
0.115484
0.0144708
0.123403
0.127939
-0.000847915
-0.0281471
-0.00168825
-0.0281578
-0.0025089
-0.0281667
-0.00326575
-0.0280969
-0.00390225
-0.0278876
-0.00427863
-0.0274574
-0.00427981
-0.0266721
-0.0037674
-0.0254444
-0.00260294
-0.0236397
-0.000670938
-0.0212145
0.00210692
-0.0180103
0.0058802
-0.0141775
0.0105726
-0.00981405
0.0161839
-0.00494759
0.0226531
0.000343993
0.0297804
0.00607936
0.0372353
0.012232
0.0446143
0.0188122
0.0514777
0.0259219
0.0574145
0.0337016
0.0620275
0.0423403
0.0649902
0.0520292
0.0659846
0.0628297
0.0647211
0.0748024
0.0609112
0.0878505
0.0542857
0.101635
0.0446611
0.115477
0.032044
0.12832
0.0168738
0.13856
0.144685
-0.000855129
-0.0310001
-0.00168748
-0.031008
-0.0024879
-0.0309756
-0.00317611
-0.0308664
-0.00367074
-0.0305823
-0.00385486
-0.0300372
-0.00358596
-0.0291122
-0.00276135
-0.0276852
-0.00122865
-0.0256971
0.00105146
-0.0230432
0.00424429
-0.019661
0.00833039
-0.0157263
0.013314
-0.0112683
0.0192014
-0.00632394
0.0258958
-0.000963434
0.0332468
0.00480278
0.0409499
0.0110017
0.0486309
0.0176596
0.0558817
0.0249116
0.0622877
0.0329483
0.0674697
0.0420048
0.0710594
0.0523593
0.0727007
0.0641565
0.0720131
0.077563
0.0685745
0.0925789
0.0619296
0.108925
0.0516741
0.125877
0.0375885
0.142187
0.0200583
0.155635
0.164172
-0.000853591
-0.0339178
-0.00167789
-0.0339056
-0.00242515
-0.0338329
-0.00302473
-0.0336551
-0.00336968
-0.0332757
-0.00334101
-0.0325907
-0.00280488
-0.0314988
-0.00163665
-0.0298886
0.00026255
-0.027725
0.00291572
-0.0248373
0.00644822
-0.0213751
0.010838
-0.0173866
0.0161044
-0.0129037
0.0222406
-0.0079663
0.0291663
-0.00263814
0.0367485
0.00303346
0.0447149
0.00915963
0.0527337
0.0157706
0.0604323
0.0230343
0.067412
0.0311991
0.0732899
0.0405585
0.0777074
0.0514595
0.0802363
0.0642074
0.0804186
0.0790767
0.0776723
0.0962445
0.0712954
0.115579
0.0605571
0.136392
0.0448501
0.157305
0.0243843
0.175272
0.18761
-0.000839527
-0.0368955
-0.00163825
-0.0368473
-0.00232018
-0.0367223
-0.00280999
-0.0364497
-0.00298657
-0.0359478
-0.00271342
-0.0351107
-0.00187939
-0.0338359
-0.000379588
-0.0320612
0.00181855
-0.0296206
0.0048436
-0.0266667
0.00868741
-0.0231548
0.0133636
-0.0191669
0.0188919
-0.0147379
0.0252577
-0.00990192
0.0323985
-0.00471876
0.0402116
0.000769789
0.0484616
0.00667361
0.0568531
0.0131109
0.065055
0.0202443
0.0727131
0.0283684
0.0794489
0.0378665
0.0848932
0.0491668
0.0886124
0.0627262
0.0900515
0.0790119
0.088454
0.0984504
0.08281
0.121191
0.0719213
0.146746
0.0545388
0.173785
0.0304287
0.198239
0.216775
-0.000814024
-0.0399156
-0.00156478
-0.0398235
-0.00216231
-0.0396263
-0.00252081
-0.03923
-0.00250612
-0.0385806
-0.00198947
-0.0375668
-0.000866784
-0.036109
0.000921483
-0.0340822
0.00347467
-0.0315362
0.00680414
-0.0285139
0.0109311
-0.025001
0.0158645
-0.0210752
0.0216191
-0.0167803
0.0281924
-0.0121491
0.0355498
-0.00723512
0.0435552
-0.00203514
0.0520909
0.00353427
0.0609023
0.00964508
0.0696787
0.0164906
0.0780971
0.0244036
0.0858414
0.0338136
0.0925655
0.0452685
0.0978177
0.059414
0.100995
0.0769338
0.101175
0.0986181
0.0969877
0.125088
0.0865951
0.156343
0.0677459
0.191465
0.0391754
0.225393
0.254409
-0.000768236
-0.0429531
-0.00144787
-0.0428113
-0.00193764
-0.0425207
-0.0021372
-0.0419758
-0.00190807
-0.0411516
-0.00115211
-0.039926
0.000246228
-0.0382515
0.00233425
-0.0360635
0.00517591
-0.0334358
0.00877267
-0.0303742
0.0131433
-0.0269123
0.0182881
-0.0231146
0.0242338
-0.0190466
0.0309746
-0.0147092
0.0385017
-0.0101659
0.0467368
-0.00537171
0.0555634
-0.000254515
0.0647936
0.00537037
0.0741789
0.0117494
0.0834544
0.0192342
0.0923584
0.0282904
0.100586
0.0395887
0.107758
0.0539302
0.11326
0.0722986
0.116052
0.0959513
0.114408
0.126225
0.10566
0.164073
0.0860455
0.209678
0.0520031
0.257776
0.304617
-0.000690656
-0.0459753
-0.00127286
-0.0457735
-0.00163729
-0.0453642
-0.00165893
-0.0446565
-0.00122388
-0.0436198
-0.000171965
-0.0421906
0.00144566
-0.0402822
0.00379614
-0.0379964
0.00689138
-0.0353096
0.0107207
-0.0322519
0.0152875
-0.0288933
0.0205982
-0.0252975
0.026672
-0.0215253
0.0335456
-0.0175847
0.0412209
-0.0135092
0.0496609
-0.00923777
0.0587732
-0.00468245
0.0684316
0.000293819
0.0784494
0.00603438
0.0886363
0.0128334
0.0987871
0.0212452
0.108757
0.0319303
0.11824
0.0459241
0.126722
0.0644893
0.133192
0.0894199
0.135674
0.123049
0.130637
0.167898
0.112724
0.225982
0.0730126
0.295602
0.37559
-0.000578241
-0.0489344
-0.00103358
-0.0486608
-0.00124536
-0.0481133
-0.00108078
-0.0472289
-0.000395755
-0.0459763
0.000824
-0.0442985
0.00271804
-0.042275
0.00530581
-0.0398689
0.00861334
-0.0371524
0.0126143
-0.0341407
0.0173145
-0.0309452
0.0227315
-0.0276252
0.0289004
-0.0242322
0.0358607
-0.0207606
0.0436398
-0.0172316
0.0522435
-0.0135847
0.0616496
-0.00974111
0.0717174
-0.00547793
0.0823523
-0.000602712
0.0934404
0.00526163
0.104934
0.0126251
0.116765
0.0222053
0.128879
0.0351056
0.141012
0.0528645
0.152387
0.0778265
0.160987
0.113596
0.161961
0.16554
0.146454
0.239684
0.0991305
0.340811
0.472416
-0.000430636
-0.0517691
-0.000723643
-0.0514204
-0.000746052
-0.0507268
-0.000353726
-0.0496548
0.000493726
-0.0481675
0.00195771
-0.0463442
0.00406041
-0.0441591
0.00684618
-0.041673
0.0102956
-0.0389497
0.0144137
-0.0360548
0.0191922
-0.0330821
0.0246539
-0.0300961
0.0308595
-0.0271525
0.0378573
-0.0242124
0.0457108
-0.0213093
0.054451
-0.0183721
0.0640573
-0.0153118
0.0745137
-0.0119565
0.0857415
-0.00809976
0.0976974
-0.00341279
0.110471
0.00251438
0.124191
0.0104137
0.139133
0.0213039
0.155512
0.0368531
0.173268
0.0597193
0.191757
0.0941157
0.208118
0.147638
0.21506
0.230755
0.167187
0.386351
0.637027
-0.000234742
-0.0544223
-0.000329967
-0.0539907
-0.000128559
-0.0531489
0.00042678
-0.05189
0.00151579
-0.0502396
0.00317266
-0.048236
0.00545816
-0.0459334
0.00838015
-0.0434008
0.0119257
-0.0407266
0.0160905
-0.0379991
0.0208805
-0.0353071
0.0263335
-0.0327123
0.0325087
-0.0302564
0.039502
-0.0279147
0.0473783
-0.0256892
0.0561948
-0.0235229
0.0659714
-0.0213333
0.0767178
-0.0189922
0.0884395
-0.016333
0.101178
-0.0130808
0.115092
-0.00891711
0.130551
-0.0032671
0.148193
0.00468351
0.168809
0.0164939
0.193234
0.0348321
0.221667
0.0645717
0.249213
0.118407
0.268148
0.209651
0.213766
0.438162
0.847932
-1.83838e-05
-0.0563587
7.43946e-05
-0.0558686
0.000383341
-0.0549152
0.00100655
-0.0535298
0.00201839
-0.0517494
0.00347295
-0.0496378
0.00539217
-0.0472657
0.0077884
-0.044737
0.0106462
-0.0421409
0.0139652
-0.0395843
0.017759
-0.0371514
0.0220696
-0.0349004
0.0269581
-0.0328633
0.0325083
-0.0310231
0.0387878
-0.0293671
0.0458541
-0.0278478
0.0537408
-0.0263949
0.0624834
-0.0249277
0.0720859
-0.0232856
0.0826655
-0.0213239
0.0944444
-0.0188135
0.107859
-0.01534
0.123662
-0.0103752
0.143194
-0.00289709
0.168726
0.00886649
0.20432
0.0280179
0.259508
0.0617838
0.347013
0.120287
0.534806
0.248081
0.484549
0.895506
0.000149764
-0.0580871
0.000412664
-0.0575509
0.000880776
-0.0565
0.00164981
-0.0550074
0.00278358
-0.05312
0.00432706
-0.0509276
0.00630642
-0.048527
0.0087201
-0.046033
0.0115667
-0.043557
0.0148428
-0.0412009
0.0185723
-0.0390529
0.0228075
-0.0371653
0.0276215
-0.0355636
0.033108
-0.0342396
0.0393397
-0.0331649
0.046383
-0.0323068
0.0542854
-0.0316144
0.0630725
-0.0310318
0.0728064
-0.0304738
0.0836056
-0.0298711
0.0957232
-0.0291157
0.109705
-0.0280368
0.126479
-0.0264529
0.147611
-0.0239324
0.175765
-0.0197659
0.215425
-0.012652
0.276111
-0.000405251
0.37267
0.021793
0.557449
0.0609099
0.13284
0.906291
0.000338399
-0.0595658
0.000783988
-0.058996
0.00142035
-0.0578705
0.00233127
-0.0562971
0.00357608
-0.0543381
0.00519466
-0.0521057
0.0072071
-0.0497169
0.00961519
-0.0472995
0.0124159
-0.0449754
0.0156173
-0.0428494
0.0192516
-0.041007
0.0233851
-0.0394988
0.0281023
-0.0383439
0.0334954
-0.0375346
0.0396504
-0.0370456
0.0466352
-0.0368507
0.0545001
-0.0369208
0.0632796
-0.0372336
0.0730334
-0.0377687
0.0838875
-0.0385421
0.0961228
-0.0395896
0.110311
-0.0409874
0.127439
-0.0429236
0.149274
-0.0457099
0.179017
-0.0500218
0.222403
-0.0570779
0.290211
-0.0697201
0.400615
-0.0905758
0.585263
-0.126153
-0.197773
0.912946
0.000542369
-0.0607555
0.00117857
-0.060164
0.00199016
-0.0589981
0.00303906
-0.0573761
0.00438401
-0.0553915
0.00605825
-0.0531663
0.00808013
-0.0508355
0.0104537
-0.0485371
0.0131813
-0.0463993
0.0162807
-0.0445298
0.0197946
-0.0430099
0.0238004
-0.0418888
0.0283937
-0.0411826
0.0336711
-0.0408831
0.0397198
-0.0409703
0.0466086
-0.0414272
0.0543857
-0.0422461
0.0630825
-0.0434392
0.0727493
-0.0450458
0.0835022
-0.0471665
0.0956056
-0.0499743
0.109588
-0.0537706
0.126384
-0.0590971
0.147604
-0.0669022
0.17601
-0.0789641
0.21622
-0.0983474
0.277131
-0.132165
0.374788
-0.190212
0.562695
-0.316503
-0.550451
0.912435
0.000756094
-0.0616219
0.00158754
-0.0610215
0.00257584
-0.0598563
0.0037562
-0.0582233
0.00518946
-0.0562675
0.00690133
-0.0541024
0.00891063
-0.0518802
0.0112252
-0.0497445
0.013855
-0.0478273
0.0168272
-0.0462374
0.0201971
-0.045053
0.0240531
-0.0443217
0.0285001
-0.0440588
0.0336375
-0.044256
0.0395523
-0.0449011
0.0463096
-0.0459861
0.0539504
-0.0475242
0.0624946
-0.0495596
0.0719722
-0.0521846
0.0824697
-0.0555745
0.0942027
-0.0600188
0.107605
-0.0659999
0.123447
-0.0743401
0.143028
-0.0864723
0.168621
-0.105106
0.204271
-0.135062
0.259831
-0.189252
0.348312
-0.280645
0.540392
-0.510971
0.910434
-0.923292
0.860292
0.033253
0.874025
-0.0160668
0.885446
-0.0140541
0.890609
-0.0080848
0.891134
-0.00374073
0.889307
-0.00167994
0.886284
-0.000773082
0.882564
-0.000363277
0.87837
-0.000173694
0.873812
-8.48572e-05
0.868952
-4.25407e-05
0.863836
-2.18491e-05
0.858514
-1.16827e-05
0.853044
-6.52035e-06
0.847495
-3.82668e-06
0.841954
-2.28934e-06
0.836521
-1.31612e-06
0.831308
-5.87296e-07
0.826437
-7.56428e-08
0.822035
3.08228e-07
0.818226
5.29231e-07
0.815124
5.97504e-07
0.812829
5.36866e-07
0.811416
3.66219e-07
1.49904e-07
0.946847
-0.00939383
0.932865
-0.00445417
0.91728
-0.00112142
0.906243
1.76935e-05
0.898719
0.000560904
0.893031
0.00049803
0.88814
0.000320154
0.883505
0.000187485
0.878859
0.000104118
0.874076
5.55018e-05
0.869102
2.83903e-05
0.863929
1.36507e-05
0.858578
5.87447e-06
0.853093
1.94219e-06
0.847537
2.18809e-08
0.841993
-5.30102e-07
0.836557
-5.89721e-07
0.831343
-3.37111e-07
0.826472
9.19973e-08
0.82207
4.67165e-07
0.81826
7.20538e-07
0.815159
8.07574e-07
0.812863
7.19305e-07
0.811451
4.86896e-07
1.78666e-07
0.900242
0.00127416
0.894326
-0.000864641
0.892836
-0.00226571
0.891961
-0.00203181
0.890852
-0.00154188
0.888806
-0.0009588
0.885899
-0.000566061
0.882327
-0.000321806
0.878243
-0.000178554
0.873754
-9.77821e-05
0.868934
-5.3688e-05
0.863842
-2.99215e-05
0.858533
-1.71407e-05
0.85307
-1.03196e-05
0.847525
-6.48291e-06
0.841987
-4.07452e-06
0.836555
-2.53485e-06
0.831342
-1.41151e-06
0.826471
-5.09384e-07
0.822069
7.58933e-08
0.81826
4.71798e-07
0.815158
6.28769e-07
0.812863
5.89212e-07
0.811451
4.05532e-07
1.30396e-07
0.953357
-0.041776
0.937229
0.0128488
0.919518
0.0127687
0.907233
0.00730521
0.89912
0.00334605
0.893232
0.00142054
0.888247
0.00062344
0.883563
0.000279677
0.87889
0.000126968
0.874092
5.81285e-05
0.86911
2.63768e-05
0.863934
1.15704e-05
0.858581
4.65793e-06
0.853095
1.33696e-06
0.847539
-1.36824e-07
0.841994
-4.95799e-07
0.836559
-5.65454e-07
0.831344
-4.07771e-07
0.826473
-1.71712e-07
0.82207
5.61466e-08
0.818261
2.32693e-07
0.815158
3.1187e-07
0.812863
2.85802e-07
0.81145
1.92466e-07
4.12239e-08
0.866646
0.877112
0.887222
0.891589
0.891716
0.889633
0.886464
0.882663
0.878424
0.873841
0.868967
0.863844
0.858519
0.853047
0.847498
0.841957
0.836523
0.83131
0.826439
0.822036
0.818226
0.815124
0.812828
0.811415
0.00126243
-0.0622127
0.00259669
-0.0616285
0.00408432
-0.0605158
0.00575674
-0.0589422
0.00767461
-0.0571018
0.00986671
-0.0550939
0.012359
-0.0530848
0.0151684
-0.0512184
0.0183199
-0.0496282
0.0218632
-0.0484215
0.0258855
-0.0476741
0.0305146
-0.0474326
0.0358934
-0.0477129
0.0421519
-0.04851
0.0493944
-0.0498202
0.057694
-0.0516496
0.0670853
-0.0540334
0.0775669
-0.0570501
0.0891345
-0.0608452
0.101833
-0.0656661
0.115828
-0.0719048
0.131475
-0.0801823
0.149365
-0.0914899
0.170324
-0.107427
0.195179
-0.130659
0.224299
-0.165518
0.252626
-0.21948
0.272286
-0.302692
0.216646
-0.458128
-0.709745
0.00159406
-0.0622067
0.00323501
-0.0616744
0.00496669
-0.0606661
0.00682438
-0.059248
0.00883175
-0.0576051
0.0110269
-0.0558506
0.0134357
-0.0541392
0.0160846
-0.0526125
0.0190134
-0.0514004
0.0222895
-0.050607
0.0260191
-0.0503061
0.0303471
-0.0505446
0.0354263
-0.0513404
0.0413887
-0.0526957
0.0483293
-0.0546133
0.056306
-0.0571148
0.0653265
-0.0602515
0.0753495
-0.0641265
0.0863102
-0.0689195
0.0981644
-0.0749203
0.110939
-0.082571
0.124764
-0.0925397
0.139852
-0.105834
0.156421
-0.123987
0.174431
-0.149356
0.193095
-0.185495
0.209492
-0.237728
0.216502
-0.311995
0.168564
-0.412824
-0.544063
0.00189822
-0.0616011
0.00381363
-0.0611505
0.00576281
-0.0603011
0.00777778
-0.0591277
0.00984232
-0.0577528
0.0120162
-0.0563486
0.0143171
-0.0550122
0.0167834
-0.0538907
0.0194691
-0.0531038
0.0224587
-0.0527502
0.0258761
-0.0529018
0.0298816
-0.053606
0.034637
-0.0548852
0.0402732
-0.0567492
0.0468756
-0.0592094
0.054482
-0.0622987
0.0630706
-0.066081
0.0725548
-0.0706734
0.0828044
-0.0762717
0.0936834
-0.0831792
0.105085
-0.0918419
0.116936
-0.102903
0.129139
-0.117275
0.14142
-0.136241
0.152965
-0.161566
0.161718
-0.195527
0.162798
-0.240608
0.147298
-0.298707
0.0997092
-0.367753
-0.447057
0.00215379
-0.0604227
0.00429877
-0.06008
0.00642626
-0.0594368
0.00855108
-0.0585711
0.010659
-0.057547
0.0127877
-0.0565593
0.0149656
-0.0556667
0.0172379
-0.0550062
0.0196719
-0.0546843
0.0223677
-0.0547927
0.0254648
-0.0553997
0.0291371
-0.0565536
0.0335541
-0.0582825
0.0388439
-0.0606036
0.0450823
-0.063538
0.0522852
-0.0671256
0.0604005
-0.0714403
0.0692964
-0.076603
0.0787785
-0.0828106
0.0886258
-0.0903566
0.0986172
-0.0996564
0.108522
-0.11128
0.118031
-0.125986
0.126599
-0.14475
0.133163
-0.168762
0.135709
-0.199309
0.130651
-0.237289
0.112608
-0.282793
0.0728949
-0.33044
-0.376714
0.0023464
-0.0587313
0.00466369
-0.0585169
0.00692332
-0.0581162
0.00911301
-0.057593
0.0112418
-0.0569927
0.0133029
-0.0564565
0.0153495
-0.0560635
0.0174252
-0.0559045
0.0196092
-0.0560774
0.0220151
-0.0566634
0.0247946
-0.0577256
0.0281336
-0.0593128
0.0322075
-0.0614581
0.0371417
-0.0641862
0.0430009
-0.0675269
0.0497822
-0.0715255
0.0574032
-0.0762604
0.0656898
-0.0818507
0.0743907
-0.0884823
0.083213
-0.0964231
0.0918473
-0.106036
0.0999564
-0.117795
0.107108
-0.132282
0.112649
-0.15018
0.115503
-0.172197
0.113917
-0.198903
0.105205
-0.230247
0.085631
-0.26526
0.051751
-0.298856
-0.327393
0.00246804
-0.0566181
0.00488904
-0.0565395
0.00722285
-0.0564008
0.00944223
-0.0562414
0.0115553
-0.0560965
0.0135326
-0.0560275
0.0154453
-0.0561678
0.0173282
-0.0565301
0.0192723
-0.0572139
0.0214011
-0.0582836
0.0238754
-0.059796
0.0268906
-0.0617991
0.0306267
-0.0643292
0.0352062
-0.0674175
0.0406831
-0.0711006
0.0470387
-0.0754291
0.0541621
-0.0804797
0.0618433
-0.0863671
0.0697833
-0.0932585
0.0776331
-0.101386
0.0850225
-0.111052
0.0915523
-0.122625
0.0967415
-0.136524
0.0999338
-0.153178
0.100173
-0.172936
0.0960712
-0.195899
0.0857858
-0.221541
0.0670862
-0.248502
0.0387704
-0.272724
-0.290929
0.0025121
-0.0541946
0.00496828
-0.054253
0.00731496
-0.0543727
0.00951385
-0.0545699
0.011571
-0.0548785
0.0134659
-0.0552899
0.0152392
-0.0559511
0.0169382
-0.0568355
0.0186581
-0.0580281
0.020529
-0.059575
0.0227176
-0.0615252
0.0254267
-0.0639235
0.0288393
-0.0668077
0.0330743
-0.0702127
0.0381772
-0.0741804
0.0441146
-0.078765
0.0507534
-0.0840392
0.0578525
-0.0901105
0.0650763
-0.0971237
0.0720361
-0.105273
0.0783247
-0.114796
0.0835171
-0.125964
0.0871332
-0.139054
0.0885744
-0.154297
0.0870522
-0.171794
0.0815389
-0.191366
0.0708344
-0.212296
0.0537055
-0.233189
0.0299498
-0.251018
-0.263147
0.00248047
-0.0515878
0.00489988
-0.0517727
0.00719845
-0.052129
0.00934201
-0.0526634
0.0113017
-0.0533747
0.0131131
-0.0542763
0.0147308
-0.055391
0.0162572
-0.0567902
0.0177703
-0.0584667
0.019406
-0.0604689
0.0213334
-0.0628335
0.0237601
-0.0656005
0.0268705
-0.0688058
0.0307799
-0.0724859
0.035526
-0.0766855
0.0410635
-0.0814603
0.0472428
-0.0868798
0.0537971
-0.0930395
0.0603652
-0.100065
0.0665331
-0.10811
0.0718768
-0.117356
0.075971
-0.127986
0.0783661
-0.140162
0.0785486
-0.153971
0.0759038
-0.169352
0.0697106
-0.185982
0.0592324
-0.203109
0.0438695
-0.219471
0.0238436
-0.23287
-0.241295
0.00237721
-0.0489269
0.00468641
-0.0492119
0.00688072
-0.0497754
0.00891603
-0.0505986
0.0107791
-0.0516791
0.0124523
-0.0529877
0.0139368
-0.0545277
0.0152972
-0.0563813
0.0166216
-0.0584978
0.0180457
-0.0609152
0.0197382
-0.0636574
0.0219098
-0.0667571
0.0247447
-0.0702455
0.0283535
-0.0741576
0.0327672
-0.0785387
0.0379317
-0.0834447
0.0436845
-0.0889417
0.0497405
-0.0951121
0.0557212
-0.102065
0.0612002
-0.109918
0.0657522
-0.118801
0.0689677
-0.128826
0.0704431
-0.140066
0.0697564
-0.152508
0.0664502
-0.165993
0.0600453
-0.180138
0.050125
-0.194238
0.036468
-0.207222
0.0194578
-0.217499
-0.223591
0.00220858
-0.0463292
0.00436014
-0.0466958
0.00640299
-0.0474204
0.00829972
-0.0484788
0.0100105
-0.0498415
0.0115389
-0.0514936
0.0128938
-0.0534088
0.0140844
-0.0556141
0.0152358
-0.0581164
0.0164697
-0.0608898
0.0179531
-0.0639578
0.019898
-0.0673424
0.0224869
-0.0710675
0.0258242
-0.0751637
0.0299351
-0.0796752
0.0347587
-0.0846565
0.0401225
-0.0901703
0.0457309
-0.0962885
0.0511943
-0.103103
0.0560847
-0.110704
0.0599858
-0.119177
0.0625144
-0.128579
0.0633179
-0.138915
0.0620611
-0.150105
0.0584182
-0.161939
0.0520918
-0.174025
0.0428794
-0.185734
0.0307757
-0.19619
0.0162066
-0.204238
-0.208809
0.00199919
-0.0439039
0.00395165
-0.0443316
0.0057986
-0.0451628
0.00750244
-0.0463803
0.00904965
-0.0479627
0.0104219
-0.0498728
0.0116225
-0.052074
0.0126573
-0.054539
0.0136459
-0.0573462
0.0147079
-0.0604012
0.0160056
-0.0637281
0.0177516
-0.0673363
0.0201247
-0.0712408
0.0232217
-0.0754654
0.0270617
-0.0800516
0.0315789
-0.085052
0.0365939
-0.0905256
0.0418052
-0.0965372
0.0468183
-0.103162
0.0512118
-0.110471
0.054586
-0.118512
0.0565887
-0.127301
0.0569182
-0.136794
0.0553152
-0.14687
0.0515592
-0.157294
0.0454848
-0.167692
0.0370288
-0.177522
0.0263032
-0.186076
0.0137236
-0.192511
-0.196055
0.00175858
-0.0417347
0.00346502
-0.0421911
0.00508889
-0.0430947
0.00660092
-0.0444211
0.00795817
-0.0461251
0.00914611
-0.0481938
0.0101741
-0.0505835
0.0110749
-0.0532428
0.0118938
-0.0562279
0.0127995
-0.0594915
0.0139312
-0.0629965
0.0155037
-0.0667546
0.0176904
-0.0707696
0.020578
-0.0750573
0.0241793
-0.0796556
0.0284247
-0.084615
0.0331302
-0.0899914
0.0379915
-0.0958449
0.0426154
-0.102237
0.0465922
-0.109224
0.0495443
-0.116826
0.0511522
-0.125026
0.0511614
-0.133749
0.0493765
-0.142848
0.0456583
-0.152082
0.0399342
-0.161106
0.0322295
-0.169458
0.0227145
-0.176573
0.0117736
-0.181824
-0.184654
0.00149646
-0.0398814
0.00295537
-0.0403551
0.004327
-0.0412748
0.00560154
-0.0426505
0.00675891
-0.0444161
0.00776231
-0.0465499
0.00860734
-0.049019
0.00936701
-0.0518056
0.0100294
-0.0548512
0.0107904
-0.0582315
0.0117726
-0.061824
0.0131941
-0.065649
0.0152214
-0.0696962
0.0179291
-0.0739726
0.0213225
-0.0785127
0.0253287
-0.0833655
0.029761
-0.0885847
0.0343138
-0.0942271
0.0386017
-0.100346
0.0422292
-0.106985
0.0448443
-0.114144
0.0461608
-0.121785
0.0459661
-0.129809
0.0441172
-0.138055
0.0405358
-0.146288
0.0352129
-0.154194
0.0282277
-0.16138
0.0197752
-0.167395
0.0102021
-0.171766
-0.174086
0.00122382
-0.0383825
0.00241586
-0.0388542
0.00355198
-0.0397753
0.00458124
-0.041121
0.00551827
-0.042891
0.00632575
-0.045017
0.00699254
-0.0474803
0.00757941
-0.0502957
0.00812945
-0.0533457
0.00873134
-0.0566938
0.00957828
-0.0603046
0.0108678
-0.0641048
0.0127606
-0.0680995
0.0153152
-0.0722836
0.0185287
-0.0766891
0.0223251
-0.0813643
0.0265158
-0.0863622
0.0307959
-0.0917382
0.0347908
-0.0975417
0.0381231
-0.103805
0.0404683
-0.110518
0.0415721
-0.117622
0.0412592
-0.125007
0.0394284
-0.132506
0.0360459
-0.139891
0.0311454
-0.14688
0.0248366
-0.15314
0.0173204
-0.158303
0.00890531
-0.162009
-0.163954
0.000956576
-0.0372623
0.0018867
-0.0377129
0.00276742
-0.0385979
0.00357701
-0.0398928
0.00428967
-0.0415958
0.00489316
-0.043657
0.00538306
-0.0460577
0.00577933
-0.0487875
0.00620781
-0.0517947
0.00667595
-0.0550068
0.00739963
-0.0585521
0.008574
-0.0622344
0.0103547
-0.0660896
0.0127804
-0.0700972
0.0158387
-0.0742885
0.0194506
-0.0787124
0.0234257
-0.0834224
0.027462
-0.0884743
0.0311972
-0.093917
0.0342759
-0.0997738
0.0364014
-0.106029
0.0373504
-0.112612
0.0369798
-0.119404
0.0352215
-0.126237
0.0320741
-0.132894
0.0275983
-0.13912
0.0219192
-0.14463
0.015233
-0.149123
0.00781257
-0.152316
-0.153978
0.000701329
-0.0365193
0.00138032
-0.0369345
0.00202136
-0.0377615
0.00259907
-0.0389666
0.00309769
-0.0405661
0.00350482
-0.042522
0.0038083
-0.0448031
0.00405779
-0.0474018
0.00431022
-0.050255
0.0047163
-0.0533475
0.00528915
-0.0566371
0.00636378
-0.0601602
0.0080518
-0.0637941
0.01037
-0.0675454
0.0132945
-0.0714451
0.016743
-0.0755452
0.0205236
-0.0799015
0.0243378
-0.0845719
0.0278374
-0.0896064
0.0306931
-0.0950246
0.0326346
-0.100805
0.0334687
-0.106871
0.0330806
-0.1131
0.0314284
-0.119324
0.0285333
-0.125341
0.0244722
-0.130918
0.0193759
-0.135807
0.0134299
-0.139758
0.00687509
-0.142544
-0.143987
0.000462762
-0.0361328
0.000911929
-0.0365063
0.0013257
-0.0372565
0.00168194
-0.0383613
0.00197764
-0.0398258
0.00218813
-0.0416345
0.00230497
-0.0437629
0.00240278
-0.0461832
0.00252008
-0.0488426
0.0027812
-0.0517217
0.00330435
-0.054753
0.00428096
-0.0579981
0.00589816
-0.0613528
0.00812849
-0.0647731
0.0109376
-0.0683109
0.0142401
-0.0720213
0.0178421
-0.0759635
0.0214496
-0.0801993
0.024731
-0.0847808
0.0273836
-0.0897272
0.0291646
-0.0950118
0.0299095
-0.100558
0.029528
-0.106239
0.0279992
-0.111894
0.0253597
-0.117331
0.0216951
-0.122338
0.0171355
-0.126697
0.0118529
-0.130197
0.00605931
-0.132651
-0.133915
0.000246988
-0.036067
0.000481537
-0.036396
0.000688016
-0.037067
0.000845122
-0.0380701
0.000934453
-0.0393843
0.000956392
-0.0410251
0.000911917
-0.04297
0.000835832
-0.0451666
0.000828393
-0.0475955
0.00100909
-0.0502372
0.001486
-0.0529922
0.00236809
-0.0558546
0.0039367
-0.0588955
0.00609608
-0.0619231
0.00880544
-0.0650414
0.0119761
-0.068308
0.0154114
-0.0717864
0.0188224
-0.0755433
0.0218968
-0.0796343
0.0243584
-0.0840791
0.0259933
-0.0888484
0.0266632
-0.093866
0.0263001
-0.0990078
0.0248995
-0.104117
0.0225086
-0.109014
0.0192165
-0.113505
0.0151483
-0.117397
0.0104615
-0.120507
0.00534225
-0.122678
-0.123794
5.47144e-05
-0.036277
9.83124e-05
-0.0365709
0.000111213
-0.0371611
0.000100609
-0.0380539
3.25727e-05
-0.0392292
-0.000102082
-0.0406947
-0.000292209
-0.042423
-0.000483425
-0.0444079
-0.000620502
-0.0465735
-0.000587038
-0.0489256
-0.000187159
-0.0514045
0.000698921
-0.0539237
0.00220043
-0.0564794
0.00430591
-0.0591209
0.0069291
-0.0617812
0.00997941
-0.0645662
0.0132564
-0.0675461
0.0164777
-0.0707938
0.0193514
-0.0743683
0.0216286
-0.0782902
0.0231249
-0.0825304
0.0237256
-0.0870129
0.0233832
-0.0916188
0.0221067
-0.0961981
0.0199498
-0.100582
0.0170018
-0.104594
0.0133806
-0.10806
0.00922845
-0.110821
0.00470846
-0.112744
-0.11373
-9.98673e-05
-0.0367088
-0.000212483
-0.0369676
-0.000351024
-0.0374874
-0.000532102
-0.0382741
-0.000775227
-0.0393088
-0.00107173
-0.0406139
-0.00140527
-0.0421466
-0.00174247
-0.0438992
-0.0019899
-0.0458162
-0.00201553
-0.0478918
-0.00167238
-0.050032
-0.000803133
-0.0521732
0.000702924
-0.0542813
0.00277905
-0.0564862
0.00532993
-0.0586548
0.00826967
-0.0609371
0.0113946
-0.0634016
0.01443
-0.0661264
0.0171065
-0.0691736
0.0192029
-0.0725644
0.0205626
-0.076271
0.0210945
-0.0802183
0.0207689
-0.0842941
0.0196058
-0.088356
0.0176631
-0.0922471
0.0150279
-0.0958058
0.0118095
-0.0988762
0.00813523
-0.101318
0.00414751
-0.103016
-0.103885
-0.000244289
-0.0373141
-0.000501364
-0.0375433
-0.000789157
-0.0379996
-0.00111831
-0.0386968
-0.00150084
-0.0396136
-0.00194526
-0.0407611
-0.00240397
-0.0421262
-0.00284865
-0.0436568
-0.00316121
-0.0453445
-0.00323762
-0.0471168
-0.00292107
-0.0489013
-0.0020403
-0.0506651
-0.000512646
-0.0523691
0.00153411
-0.0540385
0.00401999
-0.0557481
0.0068565
-0.0575308
0.00983357
-0.0594826
0.0126855
-0.0616893
0.0151665
-0.0642154
0.0170836
-0.0670822
0.0183063
-0.0702629
0.0187665
-0.0736854
0.0184499
-0.0772431
0.0173855
-0.0808035
0.0156339
-0.0842214
0.0132784
-0.0873494
0.010419
-0.0900477
0.00716916
-0.0921922
0.00365235
-0.0936818
-0.0944442
-0.000371125
-0.0380593
-0.000760443
-0.0382606
-0.00117308
-0.0386729
-0.00163998
-0.0392833
-0.00214394
-0.0401149
-0.00271154
-0.0411166
-0.00328692
-0.0423243
-0.00381685
-0.0436568
-0.00419222
-0.0451121
-0.00429417
-0.0465799
-0.00394085
-0.0480397
-0.00301832
-0.04942
-0.00151501
-0.0506718
0.000557419
-0.0519008
0.00299704
-0.0531285
0.00573833
-0.0544239
0.00857039
-0.0558826
0.0112404
-0.0575935
0.0135274
-0.0596215
0.0152658
-0.0619871
0.0163507
-0.0646638
0.0167346
-0.0675833
0.0164172
-0.0706446
0.0154351
-0.0737259
0.0138497
-0.0766933
0.0117401
-0.0794139
0.00919721
-0.0817624
0.00632081
-0.0836289
0.00321774
-0.0849252
-0.0855885
-0.000485987
-0.0389123
-0.000985818
-0.0390966
-0.00152378
-0.0394622
-0.00209465
-0.040022
-0.00273515
-0.0407502
-0.00338841
-0.0416676
-0.00405968
-0.0427087
-0.00465371
-0.0438618
-0.00506297
-0.0450872
-0.00513436
-0.0462773
-0.00471942
-0.0474258
-0.00377404
-0.0483941
-0.00221638
-0.0492602
-0.000130076
-0.0500348
0.00225413
-0.0508155
0.0049038
-0.0516573
0.00759216
-0.0526578
0.0100814
-0.0539102
0.012176
-0.0554778
0.013737
-0.0573788
0.0146834
-0.0595868
0.0149863
-0.0620365
0.0146584
-0.0646335
0.0137415
-0.0672655
0.0122977
-0.0698114
0.0104009
-0.0721511
0.00813325
-0.0741736
0.00558214
-0.075782
0.00283939
-0.0768993
-0.0774709
-0.000586823
-0.0398504
-0.00119456
-0.0400169
-0.00182962
-0.0403574
-0.00252356
-0.0408533
-0.00324654
-0.0415274
-0.00400962
-0.0423376
-0.00473752
-0.0432611
-0.00536208
-0.0442396
-0.00575895
-0.045246
-0.00577083
-0.046175
-0.0053127
-0.0469798
-0.00428326
-0.0475959
-0.00268146
-0.0480787
-0.000579538
-0.0484519
0.00177184
-0.0488124
0.00433269
-0.0492411
0.00687738
-0.0498296
0.00918686
-0.0506724
0.0110912
-0.0518285
0.0124769
-0.0533127
0.0132851
-0.0550976
0.0135037
-0.0571208
0.0131561
-0.0592944
0.0122887
-0.061515
0.0109627
-0.063674
0.00924742
-0.0656642
0.00721615
-0.0673875
0.00494524
-0.0687592
0.00251313
-0.0697125
-0.0702003
-0.000681779
-0.0408515
-0.00138217
-0.0410069
-0.0021217
-0.0413197
-0.00288738
-0.0417929
-0.0037051
-0.0423923
-0.00454225
-0.0431106
-0.00531738
-0.0439288
-0.00594343
-0.0447511
-0.00629816
-0.0455417
-0.00623681
-0.0462155
-0.00568318
-0.0466961
-0.00455492
-0.0469835
-0.00288787
-0.0471135
-0.000797117
-0.0470907
0.00152726
-0.0470933
0.0039984
-0.0471597
0.00639798
-0.0473906
0.00852863
-0.0478799
0.0102455
-0.0486808
0.0114592
-0.0498031
0.012131
-0.051218
0.0122635
-0.0528651
0.0118887
-0.0546624
0.0110567
-0.0565158
0.00982727
-0.0583279
0.00826445
-0.0600038
0.00643386
-0.0614578
0.00440169
-0.0626164
0.00223464
-0.063422
-0.0638343
-0.000770247
-0.0419019
-0.00155393
-0.0420544
-0.00237536
-0.0423467
-0.00324336
-0.0427805
-0.00412822
-0.0433353
-0.00498383
-0.0439924
-0.00578949
-0.0446664
-0.00639766
-0.0453456
-0.00668342
-0.0459298
-0.00652052
-0.0463504
-0.0058545
-0.0465267
-0.00462176
-0.0465061
-0.00291522
-0.0462749
-0.000804148
-0.0459564
0.00149125
-0.0456316
0.00386956
-0.0453821
0.00612166
-0.0453125
0.00807435
-0.0455077
0.00960734
-0.0460126
0.0106535
-0.0468314
0.0111921
-0.0479326
0.0112384
-0.0492576
0.0108313
-0.0507297
0.0100229
-0.0522635
0.00887116
-0.0537717
0.00743511
-0.0551715
0.00577308
-0.0563882
0.00394228
-0.0573587
0.00199918
-0.0580339
-0.0583794
-0.000851141
-0.0429962
-0.00171808
-0.0431448
-0.0026184
-0.043422
-0.00356414
-0.0438133
-0.00450043
-0.0443357
-0.0054076
-0.0449025
-0.00616772
-0.0454921
-0.00671362
-0.0459977
-0.00691174
-0.0463626
-0.00664292
-0.0465181
-0.00584333
-0.0464235
-0.00451932
-0.0461038
-0.00273034
-0.0455731
-0.000590991
-0.0449867
0.00163736
-0.0443722
0.00391342
-0.0438662
0.00601436
-0.043554
0.00778991
-0.043514
0.00914316
-0.0437819
0.0100273
-0.044355
0.0104376
-0.0451988
0.0103993
-0.0462558
0.00995657
-0.0474544
0.00916257
-0.0487167
0.00807273
-0.0499653
0.00674115
-0.0511279
0.00521956
-0.05214
0.00355723
-0.0529481
0.00180179
-0.0535105
-0.0537983
-0.000931443
-0.0441271
-0.00188116
-0.0442683
-0.00285738
-0.0445322
-0.00383764
-0.0449094
-0.00481107
-0.0453732
-0.00571612
-0.0458512
-0.00648621
-0.0462949
-0.00695183
-0.0466603
-0.00702597
-0.0468068
-0.0066073
-0.0467105
-0.00566187
-0.0463466
-0.00422329
-0.0457493
-0.00237039
-0.0449705
-0.000278737
-0.0441108
0.0019313
-0.0432808
0.0040967
-0.0425674
0.00604216
-0.0420682
0.00764149
-0.0418489
0.00881976
-0.0419351
0.00954854
-0.0423168
0.00983624
-0.0429563
0.00971652
-0.0437968
0.00923697
-0.0447711
0.00845053
-0.0458085
0.00740973
-0.0468403
0.00616393
-0.0478035
0.00475874
-0.0486432
0.00323652
-0.0493139
0.00163734
-0.0497807
-0.0500195
-0.00100922
-0.0452922
-0.00203338
-0.045425
-0.0030754
-0.0456728
-0.00410364
-0.0460311
-0.00512019
-0.0464065
-0.00600101
-0.0468157
-0.00666466
-0.0471369
-0.00704103
-0.0472845
-0.00697775
-0.0472172
-0.00640547
-0.0468849
-0.00532131
-0.0462553
-0.00377917
-0.0454037
-0.00187981
-0.0444012
0.000197358
-0.0433244
0.00234448
-0.0423132
0.00438756
-0.0414437
0.00617296
-0.0408085
0.00759727
-0.0404605
0.00860592
-0.0404146
0.00918654
-0.0406537
0.00935864
-0.0411366
0.0091619
-0.0418073
0.00864589
-0.0426023
0.00786235
-0.0434574
0.00686052
-0.0443119
0.00568515
-0.045111
0.00437632
-0.0458081
0.00297034
-0.0463648
0.00150085
-0.0467523
-0.0469504
-0.00108361
-0.0464912
-0.00217552
-0.046614
-0.00327314
-0.0468393
-0.00434742
-0.0471553
-0.00534857
-0.0474588
-0.00619325
-0.0477618
-0.00678144
-0.0479321
-0.00700457
-0.0478841
-0.00676211
-0.0475935
-0.00604212
-0.04699
-0.00482922
-0.0461207
-0.00319998
-0.0450401
-0.00126563
-0.0438352
0.000780702
-0.0425888
0.00284738
-0.0414375
0.00475669
-0.0404582
0.00637764
-0.0397324
0.00762864
-0.0392999
0.0084736
-0.039165
0.008914
-0.0393033
0.00897807
-0.0396708
0.00870966
-0.0402118
0.00815888
-0.0408667
0.00737545
-0.0415771
0.00640499
-0.0422892
0.00528778
-0.0429557
0.00405892
-0.0435369
0.00274944
-0.0440008
0.00138761
-0.0443234
-0.0444882
-0.00115322
-0.0477242
-0.00230477
-0.0478339
-0.00344334
-0.0480291
-0.0045324
-0.0482861
-0.00549395
-0.048516
-0.00626544
-0.0486774
-0.00676163
-0.0486485
-0.00683478
-0.0484173
-0.00644943
-0.0478637
-0.00554902
-0.0470369
-0.00420398
-0.0459307
-0.00250325
-0.0446377
-0.000571671
-0.043248
0.00144509
-0.0418832
0.00341357
-0.0406293
0.00517791
-0.0395814
0.00663073
-0.0388044
0.0077109
-0.0383248
0.00839877
-0.0381364
0.00870734
-0.0382085
0.00867145
-0.0384943
0.00833738
-0.0389391
0.00775449
-0.0394868
0.00696981
-0.0400841
0.00602519
-0.0406836
0.00495654
-0.0412443
0.0037945
-0.0417327
0.00256554
-0.042122
0.00129338
-0.0423924
-0.0425304
-0.00121614
-0.0489902
-0.00241829
-0.0490809
-0.00358354
-0.0492349
-0.00466832
-0.0494104
-0.00558731
-0.0495398
-0.00627013
-0.0495335
-0.00659847
-0.0493186
-0.00653416
-0.0488244
-0.00594513
-0.0480631
-0.00492268
-0.0469617
-0.00347671
-0.0456503
-0.00172196
-0.0441835
0.00020378
-0.042657
0.00216851
-0.0411887
0.00401932
-0.0398718
0.00562853
-0.0387915
0.00691074
-0.0379965
0.00782355
-0.0375002
0.00836159
-0.0372869
0.00854714
-0.03732
0.00841967
-0.037551
0.00802626
-0.0379261
0.00741459
-0.0383929
0.00662844
-0.0389029
0.00570573
-0.0394142
0.00467829
-0.0398914
0.00357266
-0.0403061
0.00241142
-0.040636
0.00121445
-0.0408648
-0.0409814
-0.00126892
-0.0502845
-0.00251012
-0.0503473
-0.00368673
-0.0504452
-0.0047439
-0.0505137
-0.0055981
-0.0505075
-0.00616626
-0.050309
-0.00634476
-0.049882
-0.00606425
-0.0491567
-0.00535283
-0.0481113
-0.00416203
-0.0468087
-0.00262294
-0.0452938
-0.000845492
-0.0436614
0.00104974
-0.0420349
0.00292825
-0.0404996
0.00464378
-0.0391558
0.00608943
-0.0380741
0.00720012
-0.0372882
0.00795021
-0.0367992
0.00834639
-0.0365827
0.00841807
-0.0365976
0.00820748
-0.0367939
0.00776123
-0.0371197
0.00712446
-0.037526
0.00633737
-0.0379689
0.00543392
-0.0384113
0.00444206
-0.0388228
0.00338471
-0.0391792
0.00228105
-0.039462
0.00114776
-0.0396578
-0.0397573
-0.00130645
-0.0515979
-0.00257037
-0.0516203
-0.00373899
-0.0516431
-0.00474209
-0.051581
-0.00550282
-0.0514012
-0.00592392
-0.0509973
-0.00593699
-0.0503256
-0.00549208
-0.0493473
-0.00459777
-0.0480572
-0.00329929
-0.0465365
-0.00170048
-0.0448443
8.52627e-05
-0.0430967
0.00193448
-0.0413869
0.00370361
-0.0398181
0.00526904
-0.0384782
0.00654496
-0.0374211
0.00748505
-0.0366658
0.00807834
-0.0362021
0.00834133
-0.0359983
0.00830851
-0.0360096
0.00802324
-0.0361859
0.00753061
-0.0364773
0.00687258
-0.0368382
0.00608554
-0.0372292
0.00519959
-0.0376176
0.00423906
-0.0379771
0.00322362
-0.0382873
0.00216953
-0.0385326
0.00109076
-0.0387021
-0.0387882
-0.00132149
-0.0529168
-0.00258594
-0.0528818
-0.00371911
-0.0528072
-0.00464223
-0.0525921
-0.00527858
-0.0522056
-0.00553942
-0.0515715
-0.00537641
-0.0506343
-0.0047612
-0.0494014
-0.0037194
-0.0478859
-0.00233207
-0.0461466
-0.000673571
-0.0443271
0.0010694
-0.042475
0.00283859
-0.0407195
0.00447678
-0.0391501
0.00588012
-0.0378408
0.00698271
-0.0368292
0.00775513
-0.0361208
0.00819884
-0.0356952
0.00833795
-0.0355148
0.00821011
-0.0355325
0.00785848
-0.0356986
0.00732571
-0.0359659
0.00665022
-0.0362924
0.00586449
-0.0366428
0.00499488
-0.0369882
0.00406242
-0.0373062
0.00308387
-0.0375793
0.00207299
-0.0377946
0.00104151
-0.037943
-0.0380181
-0.00131049
-0.0542144
-0.00254021
-0.0541139
-0.00360701
-0.0539123
-0.00442437
-0.0535181
-0.00491654
-0.0528985
-0.00500346
-0.0520126
-0.00466527
-0.0507988
-0.00389272
-0.0493136
-0.00273656
-0.0475816
-0.00125705
-0.0456845
0.000361637
-0.0437234
0.00208031
-0.0418167
0.00374318
-0.0400463
0.00523238
-0.0385052
0.00646489
-0.0372489
0.00739331
-0.0362991
0.00800299
-0.0356489
0.00830555
-0.0352697
0.00833057
-0.0351192
0.00811722
-0.0351491
0.00770728
-0.0353112
0.00714032
-0.0355612
0.00645098
-0.0358608
0.00566787
-0.0361785
0.00481385
-0.0364891
0.0039069
-0.0367731
0.00296125
-0.037016
0.00198847
-0.0372068
0.000998431
-0.037338
-0.0374043
-0.0012599
-0.0554574
-0.00241013
-0.0552888
-0.00338715
-0.0549197
-0.00407172
-0.0543287
-0.00440217
-0.053461
-0.00431089
-0.0523052
-0.00380532
-0.0508198
-0.00289457
-0.0490863
-0.00165018
-0.0471585
-0.000168212
-0.0451188
0.00145869
-0.0430792
0.00309981
-0.0411351
0.00463156
-0.0393832
0.00595749
-0.0378954
0.00701395
-0.0367098
0.00777013
-0.0358336
0.00822392
-0.035249
0.00839479
-0.0349204
0.00831586
-0.0348026
0.00802635
-0.0348475
0.00756574
-0.0350089
0.00697016
-0.0352456
0.0062703
-0.0355232
0.00549108
-0.0358136
0.00465211
-0.036095
0.00376861
-0.0363507
0.00285258
-0.0365684
0.00191376
-0.0367388
0.000960408
-0.0368557
-0.0369147
-0.00116292
-0.0566008
-0.00220143
-0.0563501
-0.00304262
-0.0558048
-0.00357251
-0.0549916
-0.00372396
-0.0538779
-0.00346391
-0.0524263
-0.00280504
-0.0506964
-0.00177263
-0.0487319
-0.000479888
-0.0466262
0.00100212
-0.0444864
0.00257764
-0.0423935
0.00410878
-0.0404519
0.00548925
-0.0387477
0.00664181
-0.0373339
0.0075205
-0.0362324
0.00810902
-0.0354373
0.00841542
-0.0349215
0.00846488
-0.0346446
0.0082923
-0.0345597
0.00793567
-0.0346199
0.00743162
-0.0347815
0.00681246
-0.035007
0.00610509
-0.0352654
0.00533089
-0.0355322
0.00450648
-0.0357884
0.00364468
-0.0360198
0.00275554
-0.0362158
0.00184718
-0.0363688
0.000926567
-0.0364736
-0.0365264
-0.00101195
-0.0575861
-0.00190952
-0.0572347
-0.00256072
-0.056539
-0.00290828
-0.0554816
-0.00289519
-0.0541041
-0.00247397
-0.0523668
-0.00168399
-0.0504189
-0.000554132
-0.0482585
0.00073599
-0.0460255
0.00220594
-0.0438068
0.00369509
-0.0416957
0.00509042
-0.0397905
0.00630432
-0.0381582
0.0072776
-0.0368343
0.0079802
-0.0358258
0.00840801
-0.0351151
0.00857692
-0.0346683
0.00851581
-0.0344414
0.00825973
-0.0343874
0.00784464
-0.0344612
0.00730377
-0.0346226
0.0066656
-0.0348373
0.0059533
-0.0350781
0.00518502
-0.0353235
0.00437472
-0.0355572
0.00353305
-0.035767
0.00266838
-0.0359441
0.0017875
-0.0360819
0.000896277
-0.0361761
-0.0362235
-0.000818561
-0.058331
-0.00151423
-0.0578862
-0.00197362
-0.0570406
-0.00212046
-0.0557653
-0.00192789
-0.0541117
-0.00135587
-0.0521586
-0.000460261
-0.0500005
0.000673731
-0.047697
0.0020109
-0.0453656
0.00342043
-0.0431041
0.0047917
-0.041014
0.00603069
-0.039174
0.00706757
-0.0376328
0.00785977
-0.03641
0.00839105
-0.0354987
0.0086671
-0.0348725
0.00870944
-0.0344917
0.00854875
-0.0343109
0.00821907
-0.0342842
0.00775361
-0.0343689
0.00718191
-0.0345283
0.00652869
-0.0347319
0.00581365
-0.0349556
0.00505197
-0.0351809
0.00425522
-0.0353939
0.00343222
-0.0355841
0.00258988
-0.0357441
0.00173387
-0.0358683
0.000869071
-0.035953
-0.0359956
-0.000568245
-0.0587634
-0.00101226
-0.0582535
-0.00125644
-0.0572307
-0.00120518
-0.0557776
-0.00082391
-0.0539259
-0.000138061
-0.0517887
0.000828163
-0.0494655
0.00201215
-0.0470523
0.00331141
-0.0446647
0.00462286
-0.0424095
0.00585085
-0.0403755
0.00691843
-0.0386247
0.00777261
-0.037189
0.00838575
-0.0360733
0.00875313
-0.0352597
0.00888794
-0.0347144
0.0088152
-0.0343945
0.00856584
-0.0342543
0.00817198
-0.0342499
0.00766354
-0.0343418
0.00706634
-0.0344969
0.00640146
-0.0346882
0.00568539
-0.0348948
0.00493071
-0.0351007
0.00414689
-0.0352941
0.00334114
-0.035466
0.00251915
-0.0356102
0.00168561
-0.0357219
0.000844623
-0.035798
-0.0358362
-0.000266531
-0.0588116
-0.000444049
-0.0582304
-0.000402519
-0.0571043
-0.000166474
-0.0554994
0.000371827
-0.0535086
0.00118347
-0.0512385
0.00221283
-0.0488091
0.00338468
-0.0463423
0.00460848
-0.0439562
0.00579302
-0.0417519
0.00685872
-0.0398053
0.00774541
-0.038163
0.00841583
-0.0368423
0.00885534
-0.0358356
0.00906844
-0.0351162
0.00907356
-0.0346456
0.00889739
-0.0343795
0.00856992
-0.0342731
0.0081206
-0.0342853
0.00757581
-0.0343802
0.00695769
-0.0345281
0.00628395
-0.0347056
0.00556818
-0.0348945
0.00482063
-0.0350813
0.00404897
-0.0352557
0.00325906
-0.0354103
0.00245553
-0.0355396
0.00164226
-0.0356397
0.000822671
-0.0357078
-0.035742
4.42721e-05
-0.0583952
0.000174499
-0.0577782
0.00046364
-0.0565865
0.000957652
-0.0549006
0.0016697
-0.0528284
0.00257788
-0.0504969
0.00363073
-0.0480408
0.00475685
-0.0455911
0.00587629
-0.0432646
0.00691294
-0.0411543
0.00780412
-0.0393236
0.00850616
-0.0378055
0.00899619
-0.0366053
0.00927049
-0.0357058
0.00934057
-0.0350747
0.00922808
-0.0346707
0.00895997
-0.0344498
0.00856431
-0.0343697
0.0080674
-0.0343922
0.00749204
-0.0344854
0.00685687
-0.0346231
0.00617647
-0.034785
0.00546188
-0.0349555
0.00472132
-0.0351231
0.00396095
-0.0352789
0.00318545
-0.0354167
0.00239855
-0.0355318
0.00160347
-0.0356208
0.000803048
-0.0356814
-0.0357117
0.000394907
-0.0574604
0.000853736
-0.056834
0.00142788
-0.0556285
0.00214598
-0.0539324
0.00300895
-0.0518649
0.0039899
-0.0495631
0.00503949
-0.0471678
0.00609484
-0.044811
0.0070901
-0.0426042
0.00796623
-0.0406307
0.00867798
-0.0389428
0.00919747
-0.0375625
0.00951464
-0.0364861
0.00963472
-0.0356902
0.0095742
-0.0351397
0.0093564
-0.0347932
0.00900735
-0.0346085
0.00855259
-0.0345466
0.00801505
-0.0345732
0.00741403
-0.03466
0.0067649
-0.0347843
0.00607948
-0.0349287
0.00536655
-0.0350798
0.00463262
-0.0352277
0.00388251
-0.0353651
0.00311993
-0.0354864
0.0023479
-0.0355877
0.001569
-0.035666
0.000785602
-0.0357193
-0.035746
0.000754106
-0.0559578
0.00154557
-0.0553538
0.00240215
-0.0541944
0.0033345
-0.0525703
0.00433278
-0.0506027
0.00536761
-0.0484285
0.00639501
-0.0461861
0.00736407
-0.0440008
0.00822524
-0.0419753
0.00893737
-0.0401825
0.00947251
-0.0386646
0.00981745
-0.0374355
0.00997333
-0.0364858
0.00995241
-0.0357901
0.00977463
-0.0353129
0.00946374
-0.0350151
0.00904412
-0.0348581
0.00853842
-0.0348069
0.00796627
-0.0348315
0.00734362
-0.0349074
0.00668294
-0.0350152
0.00599358
-0.0351401
0.00528241
-0.0352706
0.00455446
-0.0353984
0.00381346
-0.0355171
0.0030623
-0.0356221
0.00230333
-0.0357098
0.00153867
-0.0357777
0.000770261
-0.0358239
-0.035847
0.00110115
-0.0538682
0.00221199
-0.0533193
0.00333607
-0.0522675
0.00446634
-0.0507986
0.00558351
-0.0490263
0.00665755
-0.0470778
0.00765193
-0.0450796
0.00852917
-0.0431444
0.00925659
-0.0413621
0.00981077
-0.0397945
0.01018
-0.0384753
0.0103643
-0.0374128
0.0103743
-0.0365957
0.0102278
-0.035999
0.0099469
-0.0355902
0.00955505
-0.0353346
0.00907458
-0.0351987
0.00852529
-0.0351523
0.00792362
-0.0351701
0.00728261
-0.0352314
0.00661212
-0.0353201
0.00591942
-0.0354236
0.00520976
-0.0355325
0.00448694
-0.0356396
0.00375376
-0.0357394
0.00301241
-0.035828
0.00226474
-0.0359022
0.0015124
-0.0359597
0.00075696
-0.0359989
-0.0360185
0.00141665
-0.0512048
0.00281665
-0.0507407
0.00418083
-0.0498527
0.00548588
-0.0486147
0.00670448
-0.0471248
0.00780714
-0.0454917
0.00876522
-0.0438222
0.00955455
-0.0422106
0.0101585
-0.040731
0.0105699
-0.0394334
0.0107915
-0.0383439
0.0108349
-0.0374673
0.0107182
-0.0367929
0.0104637
-0.0362992
0.0100948
-0.0359591
0.00963416
-0.0357437
0.00910219
-0.0356259
0.00851599
-0.0355814
0.00788927
-0.0355898
0.00723252
-0.0356346
0.00655346
-0.0357026
0.00585764
-0.0357838
0.00514896
-0.0358703
0.00443021
-0.0359563
0.00370344
-0.036037
0.00297026
-0.0361091
0.00223205
-0.0361697
0.00149011
-0.0362169
0.000745671
-0.0362492
-0.0362653
0.00168333
-0.0480144
0.00332719
-0.047659
0.00489281
-0.0469792
0.00634311
-0.0460328
0.00764433
-0.0448955
0.00876792
-0.0436509
0.00969261
-0.0423805
0.010406
-0.0411559
0.0109052
-0.0400327
0.011197
-0.0390479
0.0112961
-0.0382204
0.0112233
-0.0375534
0.0110028
-0.0370382
0.01066
-0.0366586
0.0102194
-0.0363941
0.00970272
-0.0362235
0.00912861
-0.0361268
0.008512
-0.0360861
0.00786438
-0.0360863
0.00719423
-0.0361154
0.00650759
-0.0361634
0.00580864
-0.0362228
0.00510025
-0.0362874
0.0043844
-0.0363526
0.00366255
-0.0364146
0.00293584
-0.0364704
0.00220527
-0.0365177
0.0014718
-0.0365547
0.000736384
-0.03658
-0.0365927
0.00188765
-0.0443752
0.00371808
-0.0441435
0.00543733
-0.0437009
0.00699782
-0.0430856
0.00836102
-0.0423475
0.00949943
-0.0415414
0.0103977
-0.0407201
0.0110526
-0.0399297
0.0114722
-0.0392057
0.0116734
-0.0385712
0.0116802
-0.038038
0.0115201
-0.0376076
0.0112218
-0.0372742
0.0108128
-0.0370272
0.0103182
-0.0368537
0.0097591
-0.0367405
0.00915279
-0.0366751
0.00851261
-0.0366465
0.00784845
-0.0366454
0.00716736
-0.0366641
0.00647419
-0.0366964
0.00577217
-0.0367372
0.00506341
-0.0367825
0.00434934
-0.0368288
0.00363096
-0.0368735
0.00290906
-0.0369141
0.00218432
-0.0369488
0.00145742
-0.0369761
0.000729073
-0.036995
-0.0370044
0.0020209
-0.0403915
0.00397279
-0.0402891
0.0057917
-0.0400941
0.00742321
-0.039825
0.00882582
-0.039505
0.00997294
-0.0391593
0.0108533
-0.0388116
0.0114699
-0.0384816
0.0118377
-0.0381843
0.0119807
-0.0379284
0.0119283
-0.0377177
0.0117124
-0.0375516
0.0113644
-0.0374265
0.0109132
-0.0373373
0.010384
-0.037278
0.0097974
-0.0372431
0.00916995
-0.0372274
0.00851397
-0.0372269
0.00783841
-0.0372379
0.00714949
-0.0372574
0.00645137
-0.0372831
0.00574676
-0.0373128
0.00503734
-0.0373446
0.0043242
-0.0373767
0.00360807
-0.0374075
0.00288947
-0.0374356
0.00216889
-0.0374597
0.00144679
-0.0374788
0.000723649
-0.0374919
-0.0374985
0.00207991
-0.0361864
0.00408521
-0.0362088
0.00594721
-0.0362536
0.00760838
-0.0363207
0.00902607
-0.0364088
0.0101744
-0.0365158
0.0110443
-0.0366378
0.011642
-0.0367701
0.0119857
-0.0369073
0.0121025
-0.0370442
0.0120244
-0.0371759
0.0117848
-0.0372984
0.0114163
-0.0374088
0.0109479
-0.0375059
0.0104047
-0.0375897
0.00980702
-0.0376608
0.00917093
-0.0377209
0.00850831
-0.0377718
0.0078278
-0.0378155
0.00713534
-0.0378538
0.00643491
-0.037888
0.00572907
-0.037919
0.00501942
-0.0379475
0.00430696
-0.0379736
0.00359232
-0.0379971
0.00287595
-0.0380177
0.00215819
-0.0380349
0.00143939
-0.0380484
0.000719868
-0.0380576
-0.0380621
0.00206716
-0.0318919
0.00405983
-0.0320259
0.00590951
-0.032286
0.007559
-0.0326566
0.0089662
-0.0331163
0.0101059
-0.0336397
0.0109698
-0.0341997
0.0115643
-0.0347702
0.0119079
-0.035328
0.0120276
-0.0358542
0.0119546
-0.036335
0.0117219
-0.0367617
0.011361
-0.0371306
0.0109003
-0.0374419
0.0103643
-0.037699
0.00977309
-0.0379076
0.00914226
-0.0380743
0.0084838
-0.038206
0.00780641
-0.0383093
0.00711627
-0.0383902
0.00641761
-0.0384538
0.00571322
-0.0385042
0.00500492
-0.0385445
0.00429388
-0.038577
0.00358086
-0.0386033
0.00286634
-0.0386245
0.0021507
-0.038641
0.00143425
-0.0386533
0.000717251
-0.0386614
-0.0386653
0.00199019
-0.0276389
0.00391068
-0.0278648
0.00569726
-0.0283026
0.00729604
-0.0289261
0.00866698
-0.0296988
0.00978572
-0.0305782
0.0106434
-0.0315197
0.0112449
-0.0324802
0.0116065
-0.0334219
0.011752
-0.0343141
0.01171
-0.035134
0.0115105
-0.0358675
0.0111826
-0.0365078
0.010753
-0.0370546
0.0102449
-0.0375124
0.00967778
-0.037889
0.00906711
-0.038194
0.00842497
-0.038438
0.00776045
-0.0386312
0.00708025
-0.038783
0.00638915
-0.0389015
0.00569051
-0.0389938
0.00498665
-0.0390655
0.00427914
-0.0391212
0.00356904
-0.0391641
0.00285711
-0.0391969
0.00214386
-0.0392214
0.00142971
-0.0392388
0.000714986
-0.03925
-0.0392553
0.00186041
-0.0235473
0.00365924
-0.0238409
0.00533954
-0.024411
0.00685301
-0.0252248
0.00816301
-0.0262372
0.00924625
-0.0273951
0.0100928
-0.0286422
0.010705
-0.0299244
0.0110948
-0.031193
0.0112817
-0.0324078
0.0112892
-0.0335384
0.011143
-0.0345644
0.0108688
-0.0354749
0.0104903
-0.0362668
0.010029
-0.0369433
0.00950288
-0.037512
0.00892729
-0.0379836
0.00831437
-0.0383698
0.00767369
-0.0386828
0.00701258
-0.0389344
0.00633656
-0.039135
0.00564973
-0.0392942
0.00495509
-0.0394196
0.00425481
-0.0395178
0.0035505
-0.0395938
0.00284329
-0.0396519
0.00213404
-0.0396951
0.0014234
-0.0397257
0.000711898
-0.0397452
-0.0397546
0.0016916
-0.0197173
0.00333166
-0.0200535
0.00487221
-0.0207077
0.006272
-0.0216449
0.00749885
-0.0228168
0.008531
-0.024166
0.00935749
-0.0256313
0.00997733
-0.0271526
0.0103979
-0.0286748
0.0106329
-0.0301516
0.0107003
-0.0315463
0.0106204
-0.0328328
0.0104143
-0.0339952
0.0101021
-0.0350261
0.00970253
-0.0359256
0.00923231
-0.036699
0.00870575
-0.0373556
0.00813485
-0.0379068
0.00752947
-0.0383649
0.00689758
-0.0387423
0.00624546
-0.0390507
0.005578
-0.0393009
0.00489901
-0.0395023
0.00421141
-0.039663
0.00351739
-0.0397896
0.0028187
-0.0398876
0.00211664
-0.0399612
0.00141228
-0.0400138
0.000706479
-0.0400476
-0.040064
0.00149826
-0.016225
0.00295565
-0.0165799
0.0043338
-0.0172721
0.00559911
-0.0182677
0.00672446
-0.0195199
0.00769022
-0.0209724
0.00848471
-0.0225646
0.00910389
-0.0242357
0.00955044
-0.0259286
0.00983241
-0.027594
0.00996179
-0.0291912
0.00995317
-0.0306895
0.00982242
-0.0320679
0.00958567
-0.0333145
0.00925849
-0.0344247
0.00885538
-0.0354002
0.00838938
-0.0362469
0.00787195
-0.036974
0.00731294
-0.0375924
0.00672065
-0.0381137
0.00610196
-0.0385495
0.00546253
-0.0389107
0.00480694
-0.0392075
0.00413887
-0.0394487
0.00346128
-0.039642
0.00277654
-0.0397937
0.00208657
-0.0399092
0.00139295
-0.0399923
0.000697024
-0.0400462
-0.0400725
0.0012942
-0.0131199
0.00255779
-0.0134726
0.00376172
-0.0141623
0.00487992
-0.0151589
0.00589045
-0.0164199
0.00677631
-0.0178945
0.00752576
-0.0195265
0.00813236
-0.0212588
0.00859472
-0.0230367
0.00891574
-0.0248107
0.00910179
-0.0265387
0.00916188
-0.0281871
0.00910678
-0.0297309
0.00894828
-0.0311533
0.00869846
-0.032445
0.00836924
-0.033603
0.00797192
-0.0346289
0.00751693
-0.0355284
0.00701369
-0.0363092
0.00647052
-0.036981
0.00589464
-0.0375538
0.00529225
-0.0380377
0.00466857
-0.0384424
0.00402801
-0.0387768
0.00337424
-0.0390488
0.00271034
-0.0392651
0.00203888
-0.0394315
0.00136208
-0.0395524
0.000681865
-0.0396312
-0.0396699
0.00109141
-0.0104252
0.00216135
-0.0107593
0.00318911
-0.0114144
0.00415554
-0.0123652
0.00504369
-0.0135762
0.00583934
-0.0150037
0.00653139
-0.0165994
0.00711198
-0.0183126
0.00757661
-0.0200939
0.00792398
-0.0218968
0.00815568
-0.0236803
0.00827575
-0.0254096
0.00829025
-0.0270571
0.00820672
-0.0286025
0.00803368
-0.0300318
0.00778021
-0.0313371
0.00745551
-0.0325155
0.00706859
-0.033568
0.00662799
-0.0344988
0.00614167
-0.0353141
0.00561683
-0.0360214
0.00505992
-0.0366289
0.00447663
-0.0371449
0.00387191
-0.0375773
0.00325008
-0.0379335
0.00261486
-0.03822
0.00196951
-0.0384424
0.00131689
-0.0386052
0.000659585
-0.0387119
-0.0387645
0.000899379
-0.00814093
0.00178487
-0.00844473
0.00264281
-0.00904214
0.00345997
-0.00991337
0.00422389
-0.0110302
0.00492318
-0.0123576
0.00554784
-0.0138561
0.00608952
-0.0154835
0.00654182
-0.0171972
0.00690041
-0.0189561
0.00716317
-0.0207224
0.00733011
-0.0224624
0.00740324
-0.0241476
0.00738628
-0.0257551
0.00728438
-0.0272675
0.00710374
-0.0286727
0.00685125
-0.0299632
0.00653419
-0.0311356
0.00615991
-0.0321898
0.00573557
-0.033128
0.00526804
-0.0339545
0.00476368
-0.0346748
0.00422837
-0.0352948
0.00366741
-0.0358209
0.00308558
-0.036259
0.00248717
-0.0366148
0.00187603
-0.0368933
0.00125567
-0.0370984
0.000629304
-0.0372334
-0.0373002
0.000724803
-0.00624805
0.00144164
-0.00651464
0.00214236
-0.00704041
0.00281857
-0.0078108
0.00346164
-0.00880485
0.00406284
-0.00999616
0.0046136
-0.0113542
0.0051058
-0.0128456
0.00553219
-0.0144358
0.00588665
-0.0160902
0.00616455
-0.0177755
0.00636293
-0.0194611
0.00648064
-0.0211194
0.00651821
-0.0227265
0.00647782
-0.0242629
0.00636297
-0.0257135
0.00617825
-0.0270668
0.00592907
-0.0283154
0.00562129
-0.0294551
0.00526106
-0.0304841
0.00485453
-0.0314032
0.00440771
-0.0322144
0.00392635
-0.0329212
0.00341587
-0.0335273
0.0028813
-0.034037
0.00232732
-0.0344544
0.00175826
-0.0347834
0.00117818
-0.035027
0.000590868
-0.035188
-0.035268
0.000571667
-0.00471365
0.00113967
-0.00494022
0.00169996
-0.00538835
0.00224781
-0.00604812
0.0027777
-0.00690503
0.00328325
-0.00794041
0.00375748
-0.0091321
0.00419302
-0.0104552
0.00458257
-0.0118831
0.00491927
-0.013388
0.0051971
-0.0149422
0.00541124
-0.0165191
0.00555829
-0.0180932
0.00563641
-0.0196418
0.00564533
-0.0211447
0.00558623
-0.0225847
0.00546159
-0.023948
0.00527495
-0.0252237
0.00503062
-0.0264041
0.00473351
-0.0274841
0.00438885
-0.0284606
0.00400202
-0.0293326
0.0035784
-0.0301004
0.00312325
-0.0307653
0.00264166
-0.0313292
0.00213849
-0.0317945
0.00161838
-0.0321633
0.00108576
-0.0324379
0.000544921
-0.03262
-0.0327106
0.00044158
-0.00349612
0.000882398
-0.00368312
0.00132122
-0.00405405
0.00175596
-0.00460277
0.00218345
-0.00532009
0.0025993
-0.0061938
0.00299809
-0.00720896
0.00337353
-0.00834812
0.00371885
-0.00959179
0.0040272
-0.0109189
0.0042921
-0.0123076
0.00450777
-0.0137355
0.00466952
-0.0151807
0.00477392
-0.0166224
0.00481892
-0.018041
0.00480387
-0.0194191
0.00472944
-0.0207415
0.00459749
-0.0219954
0.00441082
-0.0231702
0.00417306
-0.024258
0.00388838
-0.0252527
0.00356135
-0.0261504
0.00319678
-0.0269484
0.00279956
-0.0276455
0.0023746
-0.0282414
0.00192675
-0.0287363
0.00146075
-0.0291308
0.000981271
-0.0294258
0.000492855
-0.029622
-0.0297198
0.00033427
-0.00254986
0.00066955
-0.00270006
0.00100637
-0.00299887
0.00134441
-0.00344299
0.00168216
-0.00402729
0.00201686
-0.00474463
0.00234447
-0.0055858
0.00265991
-0.00653949
0.00295729
-0.00759236
0.0032303
-0.00872929
0.00347265
-0.00993369
0.00367835
-0.0111879
0.00384216
-0.0124738
0.00395977
-0.0137732
0.00402802
-0.0150683
0.00404497
-0.0163426
0.00400991
-0.0175806
0.00392329
-0.0187686
0.00378659
-0.0198947
0.00360221
-0.020949
0.00337324
-0.0219231
0.00310338
-0.0228106
0.00279671
-0.0236066
0.0024576
-0.0243075
0.00209059
-0.0249108
0.00170032
-0.0254149
0.00129146
-0.0258188
0.00086869
-0.026122
0.000436654
-0.0263241
-0.0264252
0.00024812
-0.0018291
0.000498177
-0.00194673
0.000751677
-0.0021814
0.00100933
-0.00253181
0.00127077
-0.00299573
0.00153442
-0.00356969
0.00179747
-0.00424879
0.00205596
-0.00502641
0.00230506
-0.00589415
0.00253931
-0.0068418
0.00275301
-0.0078575
0.0029405
-0.00892792
0.00309655
-0.0100387
0.00321654
-0.0111747
0.00329678
-0.0123205
0.00333454
-0.0134612
0.00332816
-0.0145822
0.00327705
-0.0156698
0.00318163
-0.0167118
0.00304323
-0.0176971
0.00286396
-0.0186162
0.00264661
-0.019461
0.00239451
-0.0202249
0.0021114
-0.0209024
0.00180133
-0.0214893
0.00146855
-0.0219825
0.0011175
-0.0223794
0.000752672
-0.0226784
0.000378638
-0.0228783
-0.0229784
0.000180695
-0.00129078
0.000363665
-0.00138071
0.000550827
-0.00156064
0.000743421
-0.00183055
0.000941769
-0.00219008
0.00114513
-0.00263827
0.00135164
-0.00317316
0.0015584
-0.00379154
0.0017616
-0.00448872
0.00195677
-0.00525833
0.00213901
-0.00609238
0.00230331
-0.00698133
0.00244483
-0.00791423
0.0025591
-0.00887912
0.00264229
-0.00986328
0.00269134
-0.0108537
0.00270405
-0.0118372
0.00267914
-0.0128013
0.00261624
-0.013734
0.00251583
-0.0146241
0.00237919
-0.0154617
0.00220831
-0.0162377
0.00200576
-0.0169446
0.00177462
-0.0175758
0.00151838
-0.0181257
0.00124081
-0.0185902
0.00094594
-0.0189655
0.000637963
-0.0192492
0.000321187
-0.0194394
-0.0195347
0.000129173
-0.000896316
0.00026059
-0.000963534
0.000396211
-0.00109839
0.000537456
-0.00130159
0.000685002
-0.00157389
0.000838652
-0.00191583
0.000997274
-0.00232736
0.00115882
-0.00280753
0.00132044
-0.00335423
0.00147859
-0.00396394
0.00162929
-0.00463167
0.00176832
-0.00535093
0.00189143
-0.00611382
0.0019946
-0.00691121
0.00207418
-0.00773297
0.0021271
-0.00856833
0.00215094
-0.0094061
0.00214405
-0.0102351
0.00210554
-0.0110442
0.00203528
-0.0118231
0.00193391
-0.0125617
0.00180272
-0.0132513
0.00164362
-0.0138836
0.00145906
-0.0144516
0.00125191
-0.0149492
0.00102543
-0.0153713
0.000783162
-0.0157138
0.000528867
-0.0159734
0.00026647
-0.0161478
-0.0162354
9.06883e-05
-0.000612594
0.000183384
-0.000661757
0.000279878
-0.000760658
0.000381552
-0.000910336
0.000489215
-0.0011121
0.000602992
-0.00136726
0.000722264
-0.00167685
0.000845659
-0.0020413
0.00097111
-0.00246014
0.00109595
-0.00293185
0.00121706
-0.00345361
0.00133101
-0.00402128
0.00143429
-0.00462943
0.00152342
-0.00527138
0.00159516
-0.00593938
0.00164665
-0.00662486
0.0016755
-0.0073186
0.00167994
-0.00801108
0.00165879
-0.00869265
0.00161155
-0.00935387
0.00153836
-0.00998562
0.00143999
-0.0105794
0.00131778
-0.0111272
0.00117359
-0.0116221
0.00100974
-0.0120578
0.000828943
-0.0124289
0.000634215
-0.0127311
0.000428825
-0.0129608
0.000216228
-0.0131154
-0.0131931
6.25592e-05
-0.00041219
0.000126798
-0.00044741
0.00019424
-0.000518451
0.000266108
-0.000626428
0.000343203
-0.000772812
0.000425815
-0.000959219
0.00051366
-0.00118716
0.000605868
-0.00145778
0.000701004
-0.0017716
0.000797124
-0.00212832
0.000891867
-0.00252664
0.000982577
-0.00296413
0.00106643
-0.00343723
0.00114057
-0.00394128
0.00120225
-0.00447057
0.00124895
-0.0050185
0.0012785
-0.00557777
0.00128915
-0.00614058
0.00127965
-0.00669884
0.00124928
-0.00724438
0.00119787
-0.00776918
0.0011258
-0.00826551
0.00103395
-0.00872612
0.000923702
-0.00914435
0.000796864
-0.00951422
0.000655617
-0.00983053
0.000502464
-0.0100889
0.000340159
-0.0102858
0.000171646
-0.0104185
-0.0104853
4.24211e-05
-0.000273115
8.61794e-05
-0.000297849
0.000132502
-0.000347871
0.000182406
-0.000424218
0.000236606
-0.000528298
0.000295449
-0.000661721
0.000358859
-0.000826106
0.000426317
-0.00102287
0.000496866
-0.00125301
0.000569135
-0.00151694
0.000641401
-0.00181429
0.000711666
-0.00214382
0.000777748
-0.00250336
0.000837384
-0.00288977
0.000888337
-0.00329899
0.000928498
-0.00372614
0.000955981
-0.00416561
0.000969206
-0.00461124
0.000966963
-0.00505647
0.00094846
-0.00549452
0.00091335
-0.0059186
0.000861738
-0.00632203
0.000794176
-0.00669842
0.000711643
-0.00704181
0.000615506
-0.00734678
0.000507479
-0.00760852
0.000389575
-0.00782295
0.000264048
-0.00798674
0.000133335
-0.00809735
-0.00815307
2.82885e-05
-0.00017825
5.7599e-05
-0.000195291
8.88794e-05
-0.000229842
0.000122934
-0.000282792
0.00016036
-0.000355366
0.000201496
-0.000449004
0.000246382
-0.000565212
0.000294732
-0.000705402
0.000345932
-0.000870728
0.000399048
-0.00106193
0.000452863
-0.00127918
0.000505916
-0.00152199
0.000556577
-0.00178914
0.000603111
-0.00207863
0.000643761
-0.00238768
0.000676829
-0.00271278
0.000700753
-0.00304977
0.000714177
-0.00339392
0.000716016
-0.00374009
0.000705498
-0.00408286
0.000682199
-0.00441666
0.000646062
-0.00473594
0.000597398
-0.00503531
0.000536875
-0.00530965
0.0004655
-0.00555424
0.000384585
-0.00576488
0.000295704
-0.00593791
0.000200653
-0.00607036
0.000101393
-0.00615995
-0.00620513
1.85587e-05
-0.00011462
3.78723e-05
-0.000126146
5.8647e-05
-0.000149572
8.14943e-05
-0.000185617
0.000106888
-0.000235281
0.000135127
-0.00029976
0.000166301
-0.000380342
0.000200274
-0.000478288
0.000236669
-0.000594705
0.000274869
-0.000730426
0.000314037
-0.000885891
0.000353139
-0.00106105
0.00039099
-0.00125531
0.000426301
-0.00146745
0.000457735
-0.00169565
0.000483972
-0.00193745
0.000503766
-0.00218986
0.000516007
-0.00244937
0.000519772
-0.00271206
0.000514368
-0.00297373
0.000499365
-0.00322996
0.000474618
-0.00347631
0.000440276
-0.00370837
0.000396781
-0.00392191
0.000344853
-0.00411299
0.000285469
-0.00427806
0.000219831
-0.00441401
0.000149333
-0.00451829
7.55099e-05
-0.00458892
-0.00462457
1.1983e-05
-7.26364e-05
2.45071e-05
-8.02937e-05
3.80823e-05
-9.58954e-05
5.31583e-05
-0.000119994
7.00956e-05
-0.000153367
8.9139e-05
-0.000196958
0.000110395
-0.000251804
0.000133811
-0.000318951
0.000159168
-0.000399363
0.000186072
-0.000493828
0.000213964
-0.000602872
0.000242131
-0.000726675
0.000269735
-0.00086501
0.000295843
-0.0010172
0.000319469
-0.00118207
0.000339617
-0.00135799
0.000355328
-0.00154284
0.000365726
-0.0017341
0.000370061
-0.00192886
0.000367745
-0.00212394
0.000358386
-0.00231598
0.000341806
-0.00250149
0.000318052
-0.00267701
0.000287403
-0.00283915
0.000250363
-0.00298474
0.000207642
-0.00311087
0.000160135
-0.003215
0.000108896
-0.00329502
5.50981e-05
-0.0033493
-0.00337672
7.61776e-06
-4.53751e-05
1.56129e-05
-5.03752e-05
2.4344e-05
-6.0587e-05
3.41319e-05
-7.642e-05
4.52415e-05
-9.84547e-05
5.78635e-05
-0.000127404
7.20981e-05
-0.000164066
8.794e-05
-0.000209262
0.000105268
-0.000263777
0.00012384
-0.000328289
0.000143291
-0.000403305
0.000163143
-0.000489095
0.000182817
-0.000585643
0.000201656
-0.0006926
0.000218953
-0.000809261
0.000233977
-0.000934552
0.000246012
-0.00106703
0.000254389
-0.00120492
0.000258522
-0.00134612
0.000257937
-0.00148831
0.000252297
-0.00162897
0.000241425
-0.00176546
0.000225312
-0.00189513
0.000204127
-0.00201535
0.000178212
-0.00212365
0.00014807
-0.00221773
0.000114355
-0.00229558
7.78432e-05
-0.00235551
3.94104e-05
-0.00239621
-0.00241679
4.7696e-06
-2.79487e-05
9.79613e-06
-3.11594e-05
1.53252e-05
-3.77318e-05
2.15799e-05
-4.79595e-05
2.87489e-05
-6.22616e-05
3.69748e-05
-8.11584e-05
4.63424e-05
-0.000105239
5.6868e-05
-0.000135124
6.849e-05
-0.00017142
8.10636e-05
-0.000214672
9.43583e-05
-0.00026532
0.00010806
-0.000323644
0.00012178
-0.000389728
0.000135067
-0.000463424
0.000147423
-0.000544323
0.000158329
-0.000631744
0.000167263
-0.00072473
0.000173731
-0.000822057
0.00017729
-0.000922259
0.000177571
-0.00102366
0.000174301
-0.00112444
0.000167322
-0.00122265
0.000156599
-0.00131631
0.000142228
-0.00140345
0.000124434
-0.00148218
0.000103568
-0.00155076
8.00945e-05
-0.00160762
5.45748e-05
-0.00165147
2.76464e-05
-0.00168129
-0.00169637
2.94226e-06
-1.69783e-05
6.05549e-06
-1.90066e-05
9.50415e-06
-2.31681e-05
1.34395e-05
-2.96672e-05
1.79924e-05
-3.87977e-05
2.32658e-05
-5.09274e-05
2.93267e-05
-6.64781e-05
3.61983e-05
-8.59006e-05
4.38532e-05
-0.000109646
5.22081e-05
-0.000138131
6.11209e-05
-0.00017171
7.03907e-05
-0.000210635
7.97615e-05
-0.000255024
8.89298e-05
-0.000304839
9.75557e-05
-0.000359857
0.000105277
-0.00041966
0.000111724
-0.000483627
0.000116543
-0.000550939
0.000119406
-0.000620589
0.000120038
-0.000691409
0.000118227
-0.0007621
0.000113841
-0.000831268
0.000106836
-0.000897472
9.72631e-05
-0.000959268
8.52674e-05
-0.00101526
7.10879e-05
-0.00106415
5.50479e-05
-0.00110477
3.75437e-05
-0.00113614
1.90295e-05
-0.0011575
-0.00116831
1.78881e-06
-1.01747e-05
3.68902e-06
-1.1436e-05
5.80838e-06
-1.40294e-05
8.24718e-06
-1.80938e-05
1.1094e-05
-2.38294e-05
1.44208e-05
-3.14895e-05
1.82778e-05
-4.13672e-05
2.2688e-05
-5.37802e-05
2.76422e-05
-6.90519e-05
3.30943e-05
-8.74902e-05
3.89591e-05
-0.000109364
4.51108e-05
-0.00013488
5.13847e-05
-0.000164158
5.75813e-05
-0.000197211
6.34731e-05
-0.00023393
6.88134e-05
-0.000274065
7.33477e-05
-0.000317224
7.6826e-05
-0.00036287
7.9016e-05
-0.000410328
7.97166e-05
-0.0004588
7.87696e-05
-0.000507385
7.60707e-05
-0.000555104
7.15771e-05
-0.000600937
6.53125e-05
-0.00064385
5.7369e-05
-0.000682839
4.79057e-05
-0.000716959
3.7143e-05
-0.000745364
2.5355e-05
-0.000767334
1.28585e-05
-0.000782305
-0.00078989
1.07219e-06
-6.01658e-06
2.21552e-06
-6.7889e-06
3.49919e-06
-8.38035e-06
4.98831e-06
-1.08828e-05
6.74143e-06
-1.44298e-05
8.80758e-06
-1.91912e-05
1.12229e-05
-2.53654e-05
1.40068e-05
-3.31703e-05
1.71589e-05
-4.28311e-05
2.0655e-05
-5.45665e-05
2.44452e-05
-6.85736e-05
2.84526e-05
-8.50112e-05
3.25735e-05
-0.000103984
3.66793e-05
-0.000125526
4.06209e-05
-0.000149588
4.42343e-05
-0.00017603
4.73474e-05
-0.000204609
4.97889e-05
-0.00023498
5.13972e-05
-0.000266701
5.203e-05
-0.000299237
5.15726e-05
-0.000331977
4.99464e-05
-0.000364251
4.71142e-05
-0.000395351
4.30852e-05
-0.000424555
3.7916e-05
-0.000451157
3.17103e-05
-0.000474487
2.46158e-05
-0.000493945
1.6818e-05
-0.000509016
8.53349e-06
-0.000519296
-0.000524507
6.3377e-07
-3.51139e-06
1.31213e-06
-3.97727e-06
2.07866e-06
-4.93926e-06
2.97481e-06
-6.45693e-06
4.03847e-06
-8.6172e-06
5.3022e-06
-1.15314e-05
6.79109e-06
-1.53307e-05
8.52038e-06
-2.0161e-05
1.04929e-05
-2.61747e-05
1.2697e-05
-3.35227e-05
1.51042e-05
-4.23444e-05
1.76684e-05
-5.27564e-05
2.03257e-05
-6.48418e-05
2.29948e-05
-7.86388e-05
2.55801e-05
-9.41318e-05
2.79745e-05
-0.000111243
3.00644e-05
-0.000129826
3.17349e-05
-0.000149666
3.28762e-05
-0.000170477
3.33902e-05
-0.000191909
3.31961e-05
-0.000213557
3.22366e-05
-0.00023497
3.04822e-05
-0.000255669
2.79344e-05
-0.00027516
2.46272e-05
-0.000292957
2.0627e-05
-0.000308598
1.60306e-05
-0.000321665
1.09616e-05
-0.0003318
5.56469e-06
-0.00033872
-0.000342229
3.69549e-07
-2.02307e-06
7.66545e-07
-2.30002e-06
1.21795e-06
-2.87305e-06
1.74964e-06
-3.77998e-06
2.38567e-06
-5.07622e-06
3.14716e-06
-6.83319e-06
4.05103e-06
-9.13584e-06
5.10845e-06
-1.20793e-05
6.32318e-06
-1.57645e-05
7.68999e-06
-2.02927e-05
9.19322e-06
-2.57595e-05
1.08059e-05
-3.22474e-05
1.24891e-05
-3.98184e-05
1.41928e-05
-4.8507e-05
1.58566e-05
-5.83127e-05
1.74121e-05
-6.91948e-05
1.87856e-05
-8.10679e-05
1.99019e-05
-9.37993e-05
2.0688e-05
-0.000107209
2.10777e-05
-0.000121073
2.10157e-05
-0.000135126
2.04615e-05
-0.000149072
1.93929e-05
-0.000162593
1.78081e-05
-0.000175359
1.57269e-05
-0.000187042
1.31911e-05
-0.00019733
1.02631e-05
-0.000205939
7.02342e-06
-0.000212625
3.56719e-06
-0.000217194
-0.000219513
2.12625e-07
-1.15092e-06
4.41858e-07
-1.31322e-06
7.04086e-07
-1.64971e-06
1.01519e-06
-2.18392e-06
1.39014e-06
-2.95051e-06
1.84235e-06
-3.99437e-06
2.38293e-06
-5.36932e-06
3.0197e-06
-7.13618e-06
3.75614e-06
-9.36021e-06
4.59028e-06
-1.21078e-05
5.51376e-06
-1.54427e-05
6.51108e-06
-1.94214e-05
7.5592e-06
-2.40882e-05
8.62762e-06
-2.94706e-05
9.67903e-06
-3.55743e-05
1.06705e-05
-4.23794e-05
1.15554e-05
-4.9837e-05
1.22851e-05
-5.78671e-05
1.28122e-05
-6.63584e-05
1.30931e-05
-7.51695e-05
1.30909e-05
-8.41314e-05
1.27777e-05
-9.3053e-05
1.21374e-05
-0.000101727
1.11673e-05
-0.000109937
9.87858e-06
-0.000117468
8.29713e-06
-0.000124112
6.46234e-06
-0.00012968
4.4258e-06
-0.000134009
2.24889e-06
-0.000136971
-0.000138474
1.20747e-07
-6.46654e-07
2.51379e-07
-7.40456e-07
4.01693e-07
-9.35306e-07
5.81268e-07
-1.24558e-06
7.99247e-07
-1.69255e-06
1.06399e-06
-2.30392e-06
1.38262e-06
-3.11311e-06
1.7604e-06
-4.15825e-06
2.20012e-06
-5.48062e-06
2.70132e-06
-7.1228e-06
3.2597e-06
-9.12624e-06
3.86654e-06
-1.15285e-05
4.50842e-06
-1.43602e-05
5.16712e-06
-1.76416e-05
5.81999e-06
-2.13801e-05
6.44059e-06
-2.55665e-05
6.99977e-06
-3.01737e-05
7.46698e-06
-3.51545e-05
7.81197e-06
-4.04411e-05
8.00657e-06
-4.59461e-05
8.02656e-06
-5.15636e-05
7.85344e-06
-5.71726e-05
7.47598e-06
-6.26405e-05
6.89134e-06
-6.78287e-05
6.10585e-06
-7.25974e-05
5.13512e-06
-7.68122e-05
4.00368e-06
-8.03498e-05
2.74399e-06
-8.31036e-05
1.39493e-06
-8.49887e-05
-8.59464e-05
6.76971e-08
-3.58914e-07
1.41185e-07
-4.12394e-07
2.26228e-07
-5.23696e-07
3.28509e-07
-7.01453e-07
4.53518e-07
-9.58484e-07
6.06367e-07
-1.31157e-06
7.91514e-07
-1.78111e-06
1.01241e-06
-2.39053e-06
1.27109e-06
-3.16546e-06
1.56771e-06
-4.13259e-06
1.90016e-06
-5.31832e-06
2.26363e-06
-6.74698e-06
2.65044e-06
-8.43899e-06
3.0499e-06
-1.04088e-05
3.44848e-06
-1.26628e-05
3.83019e-06
-1.51976e-05
4.17717e-06
-1.79984e-05
4.4705e-06
-2.10379e-05
4.69127e-06
-2.42757e-05
4.82164e-06
-2.76586e-05
4.84611e-06
-3.11214e-05
4.75262e-06
-3.45888e-05
4.53355e-06
-3.79778e-05
4.18658e-06
-4.12007e-05
3.71509e-06
-4.41691e-05
3.12842e-06
-4.67972e-05
2.44154e-06
-4.90061e-05
1.67453e-06
-5.07275e-05
8.51629e-07
-5.19068e-05
-5.25062e-05
3.74805e-08
-1.96829e-07
7.83019e-08
-2.26918e-07
1.25803e-07
-2.89653e-07
1.83303e-07
-3.90133e-07
2.54046e-07
-5.35952e-07
3.41098e-07
-7.3711e-07
4.47196e-07
-1.00582e-06
5.74537e-07
-1.35624e-06
7.24527e-07
-1.80396e-06
8.97508e-07
-2.36541e-06
1.09248e-06
-3.05703e-06
1.30688e-06
-3.89424e-06
1.53636e-06
-4.89027e-06
1.77476e-06
-6.05492e-06
2.01415e-06
-7.39327e-06
2.245e-06
-8.90447e-06
2.45655e-06
-1.05807e-05
2.63732e-06
-1.24065e-05
2.77566e-06
-1.43581e-05
2.86052e-06
-1.64037e-05
2.88216e-06
-1.85039e-05
2.83289e-06
-2.06127e-05
2.7077e-06
-2.26788e-05
2.50482e-06
-2.4648e-05
2.22603e-06
-2.64652e-05
1.87679e-06
-2.80767e-05
1.46612e-06
-2.9433e-05
1.00623e-06
-3.04911e-05
5.11955e-07
-3.12166e-05
-3.15855e-05
2.04968e-08
-1.06674e-07
4.28929e-08
-1.23384e-07
6.90938e-08
-1.58286e-07
1.01008e-07
-2.14344e-07
1.40521e-07
-2.95984e-07
1.89444e-07
-4.09064e-07
2.49422e-07
-5.60783e-07
3.2182e-07
-7.59534e-07
4.0757e-07
-1.01465e-06
5.07006e-07
-1.33605e-06
6.19696e-07
-1.73378e-06
7.44285e-07
-2.21738e-06
8.78378e-07
-2.79523e-06
1.01847e-06
-3.47376e-06
1.15999e-06
-4.25667e-06
1.29734e-06
-5.14414e-06
1.42417e-06
-6.13219e-06
1.53359e-06
-7.21216e-06
1.61859e-06
-8.37039e-06
1.67243e-06
-9.58816e-06
1.68911e-06
-1.0842e-05
1.66381e-06
-1.21042e-05
1.59334e-06
-1.33439e-05
1.47643e-06
-1.45279e-05
1.31398e-06
-1.56225e-05
1.10913e-06
-1.65948e-05
8.67234e-07
-1.74141e-05
5.95594e-07
-1.8054e-05
3.0315e-07
-1.8493e-05
-1.87163e-05
1.10743e-08
-5.71457e-08
2.32129e-08
-6.63083e-08
3.74877e-08
-8.54801e-08
5.498e-08
-1.16355e-07
7.67696e-08
-1.61476e-07
1.03907e-07
-2.24218e-07
1.37365e-07
-3.08757e-07
1.77972e-07
-4.19989e-07
2.26325e-07
-5.63403e-07
2.82689e-07
-7.44885e-07
3.46899e-07
-9.7045e-07
4.18257e-07
-1.2459e-06
4.95462e-07
-1.57641e-06
5.76558e-07
-1.96609e-06
6.58936e-07
-2.41746e-06
7.39381e-07
-2.93104e-06
8.14185e-07
-3.50486e-06
8.79302e-07
-4.13419e-06
9.30566e-07
-4.81126e-06
9.63939e-07
-5.52525e-06
9.75792e-07
-6.2624e-06
9.63179e-07
-7.00635e-06
9.24093e-07
-7.73866e-06
8.57674e-07
-8.43952e-06
7.64356e-07
-9.08861e-06
6.45927e-07
-9.66601e-06
5.05499e-07
-1.01532e-05
3.47385e-07
-1.0534e-05
1.76882e-07
-1.07955e-05
-1.09286e-05
5.91278e-09
-3.02657e-08
1.24137e-08
-3.52277e-08
2.00974e-08
-4.56279e-08
2.95678e-08
-6.2421e-08
4.1434e-08
-8.7044e-08
5.6296e-08
-1.21414e-07
7.47191e-08
-1.67915e-07
9.71957e-08
-2.29358e-07
1.24096e-07
-3.08919e-07
1.55611e-07
-4.10031e-07
1.91692e-07
-5.36235e-07
2.31989e-07
-6.90988e-07
2.75806e-07
-8.77427e-07
3.22067e-07
-1.0981e-06
3.6931e-07
-1.35467e-06
4.15711e-07
-1.64765e-06
4.59142e-07
-1.97612e-06
4.9726e-07
-2.33753e-06
5.27633e-07
-2.72755e-06
5.47883e-07
-3.14001e-06
5.55853e-07
-3.56697e-06
5.49769e-07
-3.9989e-06
5.28402e-07
-4.42501e-06
4.91189e-07
-4.83361e-06
4.38329e-07
-5.21267e-06
3.7082e-07
-5.55035e-06
2.9045e-07
-5.83562e-06
1.99723e-07
-6.05881e-06
1.01733e-07
-6.21216e-06
-6.29023e-06
3.12039e-09
-1.58503e-08
6.56148e-09
-1.8505e-08
1.06486e-08
-2.40781e-08
1.57144e-08
-3.31002e-08
2.20975e-08
-4.63718e-08
3.01356e-08
-6.49656e-08
4.01516e-08
-9.02216e-08
5.24327e-08
-1.2373e-07
6.72029e-08
-1.673e-07
8.45903e-08
-2.22901e-07
1.04591e-07
-2.92583e-07
1.27036e-07
-3.78369e-07
1.51558e-07
-4.82121e-07
1.77575e-07
-6.05384e-07
2.04278e-07
-7.49221e-07
2.30648e-07
-9.14037e-07
2.55483e-07
-1.09943e-06
2.77446e-07
-1.30405e-06
2.95139e-07
-1.52551e-06
3.07185e-07
-1.76036e-06
3.12322e-07
-2.00408e-06
3.09502e-07
-2.25121e-06
2.97987e-07
-2.49552e-06
2.77418e-07
-2.73023e-06
2.47881e-07
-2.94833e-06
2.09925e-07
-3.14289e-06
1.64563e-07
-3.30744e-06
1.13226e-07
-3.43629e-06
5.76945e-08
-3.52489e-06
-3.57001e-06
1.62803e-09
-8.20961e-09
3.42864e-09
-9.6129e-09
5.57748e-09
-1.25638e-08
8.25534e-09
-1.73526e-08
1.16479e-08
-2.44194e-08
1.59424e-08
-3.43555e-08
2.13203e-08
-4.79036e-08
2.79462e-08
-6.59501e-08
3.59525e-08
-8.95092e-08
4.54211e-08
-1.19694e-07
5.63628e-08
-1.57671e-07
6.86973e-08
-2.04605e-07
8.22353e-08
-2.61581e-07
9.6665e-08
-3.29517e-07
1.11547e-07
-4.09069e-07
1.2632e-07
-5.00527e-07
1.40312e-07
-6.03729e-07
1.52775e-07
-7.17977e-07
1.62916e-07
-8.4198e-07
1.6995e-07
-9.73822e-07
1.7315e-07
-1.11098e-06
1.71908e-07
-1.25037e-06
1.65788e-07
-1.38844e-06
1.54569e-07
-1.52133e-06
1.38283e-07
-1.645e-06
1.17228e-07
-1.75547e-06
9.197e-08
-1.84901e-06
6.33152e-08
-1.92232e-06
3.22736e-08
-1.97276e-06
-1.99845e-06
8.39958e-10
-4.20582e-09
1.7716e-09
-4.93892e-09
2.88858e-09
-6.48291e-09
4.28784e-09
-8.9947e-09
6.06985e-09
-1.27126e-08
8.33693e-09
-1.79582e-08
1.11896e-08
-2.51374e-08
1.47206e-08
-3.47369e-08
1.90065e-08
-4.73172e-08
2.40976e-08
-6.34974e-08
3.00067e-08
-8.39322e-08
3.66972e-08
-1.0928e-07
4.40727e-08
-1.40162e-07
5.1969e-08
-1.77113e-07
6.01505e-08
-2.20527e-07
6.83113e-08
-2.70599e-07
7.60837e-08
-3.27273e-07
8.30522e-08
-3.90194e-07
8.87751e-08
-4.58673e-07
9.28104e-08
-5.31666e-07
9.47474e-08
-6.07779e-07
9.42383e-08
-6.85296e-07
9.10297e-08
-7.62231e-07
8.49893e-08
-8.36404e-07
7.61257e-08
-9.05538e-07
6.45987e-08
-9.67374e-07
5.07191e-08
-1.01979e-06
3.49361e-08
-1.0609e-06
1.78139e-08
-1.0892e-06
-1.10362e-06
4.28685e-10
-2.13094e-09
9.0549e-10
-2.50938e-09
1.47972e-09
-3.30765e-09
2.20273e-09
-4.60934e-09
3.12816e-09
-6.54176e-09
4.3112e-09
-9.27744e-09
5.80672e-09
-1.30349e-08
7.66611e-09
-1.80777e-08
9.93286e-09
-2.4711e-08
1.2637e-08
-3.3274e-08
1.5789e-08
-4.41281e-08
1.93727e-08
-5.76397e-08
2.334e-08
-7.41584e-08
2.76056e-08
-9.39895e-08
3.20447e-08
-1.17364e-07
3.64933e-08
-1.44407e-07
4.07521e-08
-1.75105e-07
4.45943e-08
-2.09281e-07
4.77766e-08
-2.46573e-07
5.00544e-08
-2.8642e-07
5.11982e-08
-3.28064e-07
5.10125e-08
-3.70563e-07
4.93526e-08
-4.12821e-07
4.61406e-08
-4.5363e-07
4.13766e-08
-4.91721e-07
3.51449e-08
-5.25834e-07
2.76144e-08
-5.54776e-07
1.90314e-08
-5.77496e-07
9.70722e-09
-5.93145e-07
-6.01124e-07
2.16598e-10
-1.06661e-09
4.58167e-10
-1.25942e-09
7.50377e-10
-1.66674e-09
1.12012e-09
-2.33244e-09
1.5957e-09
-3.32352e-09
2.20651e-09
-4.73108e-09
2.98212e-09
-6.671e-09
3.95062e-09
-9.28375e-09
5.13628e-09
-1.27328e-08
6.55661e-09
-1.72009e-08
8.2189e-09
-2.28842e-08
1.01166e-08
-2.9983e-08
1.2226e-08
-3.86904e-08
1.45034e-08
-4.91771e-08
1.68835e-08
-6.15755e-08
1.92793e-08
-7.59617e-08
2.15842e-08
-9.2338e-08
2.36759e-08
-1.10618e-07
2.54222e-08
-1.30614e-07
2.66893e-08
-1.52029e-07
2.73509e-08
-1.74457e-07
2.72983e-08
-1.97391e-07
2.64503e-08
-2.20236e-07
2.47617e-08
-2.42331e-07
2.22302e-08
-2.62984e-07
1.88998e-08
-2.815e-07
1.48609e-08
-2.97226e-07
1.02473e-08
-3.0958e-07
5.2284e-09
-3.18094e-07
-3.22436e-07
1.08651e-10
-5.24549e-10
2.30158e-10
-6.20953e-10
3.77776e-10
-8.24883e-10
5.65472e-10
-1.15889e-09
8.0806e-10
-1.65747e-09
1.12106e-09
-2.36771e-09
1.52027e-09
-3.34972e-09
2.02086e-09
-4.67668e-09
2.63626e-09
-6.43418e-09
3.37645e-09
-8.71846e-09
4.24622e-09
-1.16334e-08
5.24316e-09
-1.52858e-08
6.35574e-09
-1.97795e-08
7.56177e-09
-2.52075e-08
8.82741e-09
-3.16433e-08
1.0107e-08
-3.91311e-08
1.13439e-08
-4.76769e-08
1.24728e-08
-5.72394e-08
1.34224e-08
-6.77234e-08
1.41203e-08
-7.89754e-08
1.44974e-08
-9.07832e-08
1.4494e-08
-1.02879e-07
1.40649e-08
-1.14947e-07
1.31843e-08
-1.26636e-07
1.18497e-08
-1.37576e-07
1.00837e-08
-1.47395e-07
7.93457e-09
-1.55742e-07
5.47408e-09
-1.62303e-07
2.79388e-09
-1.66827e-07
-1.69136e-07
5.47346e-11
-2.47158e-10
1.16116e-10
-2.93237e-10
1.91019e-10
-3.9083e-10
2.86731e-10
-5.5097e-10
4.11038e-10
-7.90575e-10
5.72177e-10
-1.13279e-09
7.78608e-10
-1.60728e-09
1.03859e-09
-2.25027e-09
1.35953e-09
-3.10433e-09
1.74715e-09
-4.21754e-09
2.2045e-09
-5.64204e-09
2.73084e-09
-7.43182e-09
3.32061e-09
-9.63967e-09
3.96255e-09
-1.23134e-08
4.63903e-09
-1.54912e-08
5.32597e-09
-1.91972e-08
5.9932e-09
-2.34362e-08
6.60557e-09
-2.81895e-08
7.12457e-09
-3.3411e-08
7.51065e-09
-3.90254e-08
7.72599e-09
-4.4927e-08
7.73753e-09
-5.09818e-08
7.52002e-09
-5.70313e-08
7.05869e-09
-6.28982e-08
6.35143e-09
-6.83949e-08
5.40996e-09
-7.3333e-08
4.26007e-09
-7.75336e-08
2.94058e-09
-8.0838e-08
1.5013e-09
-8.31173e-08
-8.42804e-08
2.8987e-11
-9.77767e-11
6.15897e-11
-1.16195e-10
1.0156e-10
-1.55237e-10
1.529e-10
-2.19386e-10
2.19918e-10
-3.1553e-10
3.07216e-10
-4.53106e-10
4.19571e-10
-6.44237e-10
5.61707e-10
-9.03777e-10
7.37938e-10
-1.24922e-09
9.517e-10
-1.70039e-09
1.20498e-09
-2.27888e-09
1.4977e-09
-3.00712e-09
1.82707e-09
-3.90715e-09
2.18709e-09
-4.99906e-09
2.56813e-09
-6.29911e-09
2.9568e-09
-7.81773e-09
3.33617e-09
-9.55749e-09
3.68634e-09
-1.15112e-08
3.98534e-09
-1.36604e-08
4.21045e-09
-1.59742e-08
4.33979e-09
-1.84093e-08
4.35409e-09
-2.09104e-08
4.23847e-09
-2.34117e-08
3.98402e-09
-2.58396e-08
3.58911e-09
-2.81161e-08
3.06009e-09
-3.01626e-08
2.41151e-09
-3.19044e-08
1.6655e-09
-3.32751e-08
8.50597e-10
-3.42208e-08
-3.47035e-08
1.87026e-11
3.97909e-11
6.57485e-11
9.92358e-11
1.43138e-10
2.00559e-10
2.7475e-10
3.68957e-10
4.86189e-10
6.28897e-10
7.98582e-10
9.95371e-10
1.21757e-09
1.46129e-09
1.72014e-09
1.98516e-09
2.24486e-09
2.48567e-09
2.69252e-09
2.84971e-09
2.94207e-09
2.95615e-09
2.88144e-09
2.71157e-09
2.44518e-09
2.08645e-09
1.64526e-09
1.13681e-09
5.8074e-10
)
;

boundaryField
{
    outerWall
    {
        type            calculated;
        value           uniform 0;
    }
    axis
    {
        type            symmetryPlane;
        value           uniform 0;
    }
    nozzle
    {
        type            calculated;
        value           nonuniform List<scalar> 5(0.810934 0.810969 0.810968 0.810968 0.810933);
    }
    back
    {
        type            empty;
    }
    front
    {
        type            empty;
    }
}


// ************************************************************************* //
