/*--------------------------------*- C++ -*----------------------------------*\
| =========                 |                                                 |
| \\      /  F ield         | OpenFOAM: The Open Source CFD Toolbox           |
|  \\    /   O peration     | Version:  2412                                  |
|   \\  /    A nd           | Website:  www.openfoam.com                      |
|    \\/     M anipulation  |                                                 |
\*---------------------------------------------------------------------------*/
FoamFile
{
    version     2.0;
    format      ascii;
    arch        "LSB;label=32;scalar=64";
    class       surfaceScalarField;
    location    "2.5e-05";
    object      phi;
}
// * * * * * * * * * * * * * * * * * * * * * * * * * * * * * * * * * * * * * //

dimensions      [1 0 -1 0 0 0 0];

oriented        oriented;

internalField   nonuniform List<scalar> 
7275
(
-1.33253e-16
1.12607e-17
-1.70332e-16
1.23226e-16
-5.09438e-17
-8.65832e-18
-1.10271e-17
1.44525e-16
1.09638e-16
-2.73046e-16
8.92991e-17
9.3042e-17
4.03804e-17
-3.62379e-17
-1.64608e-18
-5.71804e-17
-3.54586e-17
2.14954e-17
-2.74708e-17
4.67114e-17
7.52679e-17
8.90158e-18
1.91128e-17
5.61612e-18
2.91778e-17
8.19739e-17
4.77484e-17
8.40799e-17
-1.85221e-17
-2.68793e-17
7.52843e-17
4.70422e-17
1.029e-16
1.17678e-16
1.11503e-16
-8.41726e-17
-4.11596e-17
-6.82913e-17
-2.92576e-17
-2.74134e-17
5.85843e-18
1.75287e-16
1.26885e-16
9.64754e-17
2.05633e-16
4.3251e-16
7.82182e-16
1.63881e-15
1.74436e-15
5.32783e-15
3.66393e-15
1.43548e-14
6.42708e-15
3.34033e-14
8.42723e-15
6.70341e-14
6.749e-15
1.11808e-13
1.49902e-13
1.57381e-16
-4.9946e-17
-1.10716e-16
1.86383e-16
-6.7852e-17
3.00184e-17
9.49868e-17
3.70605e-17
-7.61443e-17
-2.7169e-17
7.30561e-17
1.18703e-16
5.82111e-17
-4.82463e-17
-1.95205e-18
-9.96428e-17
-6.81654e-17
1.15983e-17
-7.77998e-17
-1.88395e-17
5.5334e-17
-4.59603e-17
6.89348e-17
-4.74022e-17
5.63919e-17
-3.16616e-18
5.08101e-17
2.88126e-17
-2.03756e-17
-1.26724e-16
3.31449e-17
1.11449e-16
1.53104e-17
2.23294e-16
9.82895e-17
-5.04195e-17
-3.24019e-17
-3.57458e-17
-1.12851e-16
-4.96317e-17
2.45335e-16
2.74967e-16
3.72354e-16
8.02626e-16
1.1161e-15
2.3226e-15
2.4275e-15
7.75233e-15
6.18857e-15
2.28707e-14
1.29136e-14
6.06974e-14
2.26049e-14
1.42274e-13
2.94547e-14
2.8852e-13
2.38696e-14
4.86763e-13
6.56146e-13
-1.27703e-16
-6.06397e-17
-9.88145e-17
1.12263e-16
4.30314e-17
4.21314e-17
-1.16544e-17
3.14214e-17
1.3753e-17
5.63157e-17
-2.74473e-18
2.02836e-16
-8.13444e-17
1.58445e-16
-3.60537e-17
8.55673e-17
-7.75204e-17
1.36028e-16
1.52489e-17
4.11855e-17
5.03126e-17
1.28779e-16
5.29451e-18
3.40674e-17
1.67513e-16
1.96237e-16
6.98545e-17
2.56604e-17
6.58652e-17
1.23992e-17
-1.83549e-17
8.97576e-17
-1.60126e-17
3.37288e-16
7.7135e-17
-3.17105e-17
9.48691e-17
-3.19599e-17
2.59857e-17
-8.11521e-17
3.64923e-16
6.90892e-16
1.17844e-15
2.56917e-15
3.80941e-15
9.46546e-15
1.02152e-14
3.01939e-14
2.48898e-14
8.87585e-14
5.30501e-14
2.36181e-13
9.31303e-14
5.61586e-13
1.23589e-13
1.15403e-12
1.01446e-13
1.97181e-12
2.68499e-12
-1.54311e-16
-2.91589e-17
-5.36946e-17
4.41118e-17
5.57331e-18
1.6362e-16
-8.20109e-17
-4.16861e-17
-2.84214e-17
4.9285e-17
2.4622e-17
-5.88462e-18
-2.47574e-17
5.81415e-17
4.26346e-17
-7.97527e-18
-1.05585e-16
1.24735e-16
7.89492e-18
1.42713e-16
7.73485e-17
1.84337e-16
3.41223e-17
-1.79499e-18
4.44497e-17
8.96096e-17
1.10292e-16
1.17024e-16
1.09209e-16
7.68902e-17
6.55476e-17
4.36461e-17
-3.59777e-17
1.01377e-16
5.02296e-18
1.14263e-16
7.22247e-17
1.07264e-16
3.48751e-16
6.72799e-16
1.45476e-15
2.64468e-15
4.89241e-15
1.02507e-14
1.46704e-14
3.56195e-14
4.02036e-14
1.13058e-13
9.88878e-14
3.33117e-13
2.12722e-13
8.96963e-13
3.80121e-13
2.16262e-12
5.12817e-13
4.51121e-12
4.27808e-13
7.81629e-12
1.07644e-11
-1.82334e-16
1.18515e-16
-1.28549e-16
-1.32697e-16
-7.42401e-17
1.51077e-16
-3.05821e-17
5.52387e-17
1.78588e-17
5.70506e-17
4.77423e-17
8.13427e-17
-9.31421e-17
6.07237e-17
6.92061e-19
1.80184e-16
-4.74262e-17
9.82766e-17
5.70041e-17
1.24276e-16
-6.41658e-17
1.63518e-16
1.43545e-16
2.0093e-16
1.1383e-16
3.73409e-17
5.48725e-17
1.12339e-16
2.76563e-18
9.03383e-17
1.06939e-16
5.51531e-17
6.28527e-17
-1.08369e-16
5.02776e-17
1.40043e-16
3.53627e-16
4.81337e-16
1.41963e-15
2.52248e-15
5.55592e-15
1.00511e-14
1.84572e-14
3.71573e-14
5.56164e-14
1.27314e-13
1.54107e-13
4.08801e-13
3.84051e-13
1.21901e-12
8.38032e-13
3.32724e-12
1.52279e-12
8.14376e-12
2.09114e-12
1.72684e-11
1.77679e-12
3.03772e-11
4.23655e-11
7.92498e-18
-6.52066e-17
-7.73188e-17
3.66765e-18
-1.71437e-16
1.22464e-16
3.38708e-17
1.39411e-16
6.60976e-17
8.06403e-17
-6.13424e-17
7.11996e-17
1.00232e-17
8.87476e-17
2.36545e-17
1.7426e-16
6.62939e-18
3.47113e-17
2.22961e-17
2.20496e-16
8.84806e-18
3.48786e-16
4.60083e-17
3.09914e-16
8.2583e-17
9.86972e-17
8.42561e-17
9.11403e-18
7.92876e-17
1.74715e-17
2.73877e-17
-3.17166e-18
-3.04266e-17
-4.10613e-17
2.89579e-16
5.30525e-16
1.48429e-15
2.05902e-15
5.78799e-15
8.84335e-15
2.05836e-14
3.49724e-14
6.75788e-14
1.28153e-13
2.06028e-13
4.43149e-13
5.76807e-13
1.43966e-12
1.45786e-12
4.34947e-12
3.23241e-12
1.20457e-11
5.98206e-12
2.99631e-11
8.37656e-12
6.46692e-11
7.25872e-12
1.15665e-10
1.63603e-10
1.22891e-17
-2.01731e-16
-2.72826e-17
-2.43431e-16
-1.03715e-16
6.09531e-17
1.8176e-17
8.1732e-17
8.88939e-17
1.0016e-16
4.4277e-17
-2.80914e-19
2.0517e-19
2.05204e-17
-5.00102e-17
8.45345e-17
2.37208e-17
1.41296e-16
4.56788e-17
2.78674e-16
2.77417e-18
1.16819e-16
4.80868e-17
1.73844e-16
3.34917e-17
7.34782e-17
-4.76741e-18
-1.17646e-16
-7.72684e-18
-7.28361e-17
-2.73931e-17
-1.02885e-17
1.48728e-16
1.16355e-16
1.26425e-15
1.6156e-15
5.4665e-15
7.18231e-15
2.07185e-14
2.96605e-14
7.29362e-14
1.1566e-13
2.41182e-13
4.2823e-13
7.43193e-13
1.49857e-12
2.10872e-12
4.93149e-12
5.40993e-12
1.51095e-11
1.21997e-11
4.25039e-11
2.30236e-11
1.07567e-10
3.2932e-11
2.36645e-10
2.91614e-11
4.31058e-10
6.19487e-10
4.54136e-17
4.76022e-17
6.89956e-17
-1.71692e-16
7.58276e-17
1.23057e-16
-5.31694e-18
6.16425e-17
-4.80317e-17
-6.12204e-18
-3.85849e-18
-1.89789e-17
1.37557e-16
1.02343e-16
5.01759e-17
-2.23822e-18
1.2836e-16
3.39694e-17
6.73975e-17
4.83517e-17
-9.30104e-17
-3.59645e-17
-1.63466e-16
-8.69108e-17
-2.53174e-17
3.43899e-17
-4.38272e-17
-7.71538e-17
-4.74901e-17
-1.62344e-16
2.79701e-16
2.69027e-17
1.07001e-15
1.05954e-15
4.61684e-15
5.07442e-15
1.86853e-14
2.29686e-14
7.04301e-14
9.44311e-14
2.50432e-13
3.70871e-13
8.37145e-13
1.38665e-12
2.61285e-12
4.91524e-12
7.52006e-12
1.64014e-11
1.96024e-11
5.10181e-11
4.50038e-11
1.45924e-10
8.67239e-11
3.76185e-10
1.26969e-10
8.44982e-10
1.15145e-10
1.57059e-09
2.29832e-09
3.02233e-16
-7.00773e-17
1.59672e-17
6.36642e-17
-1.24034e-16
-6.13913e-17
-6.97191e-17
3.53469e-17
3.58975e-17
1.10232e-16
4.93832e-17
5.37895e-17
6.21563e-17
-1.2048e-17
6.7035e-17
1.28996e-16
4.97555e-17
7.96892e-18
2.76309e-18
-2.21121e-17
-5.69643e-17
1.16703e-16
-5.98737e-17
-1.065e-17
-1.33779e-16
3.94102e-17
3.96767e-17
3.55213e-17
2.6292e-16
6.98183e-17
6.98529e-16
5.28274e-16
3.43714e-15
3.39233e-15
1.54156e-14
1.59275e-14
6.14012e-14
6.96649e-14
2.32346e-13
2.88972e-13
8.34176e-13
1.14684e-12
2.82414e-12
4.34146e-12
8.93834e-12
1.56027e-11
2.61212e-11
5.28446e-11
6.92502e-11
1.67067e-10
1.62057e-10
4.86459e-10
3.19351e-10
1.27926e-09
4.79671e-10
2.93931e-09
4.46659e-10
5.58784e-09
8.34825e-09
4.0103e-17
-2.82945e-17
3.91561e-17
6.27155e-17
-7.57854e-17
-1.33351e-16
1.00744e-17
-1.07081e-16
9.45095e-18
-5.37766e-17
-8.16651e-18
5.14656e-17
6.03631e-17
5.3208e-18
1.08621e-16
9.25113e-18
3.61385e-17
-8.566e-17
1.52751e-17
-9.12716e-17
-1.18705e-16
-6.56219e-17
-7.1389e-17
-5.27946e-17
-5.71645e-17
-7.57308e-17
-2.18022e-17
-6.00897e-17
4.35111e-16
2.80277e-16
2.50201e-15
2.04144e-15
1.13562e-14
1.01419e-14
4.8227e-14
4.64812e-14
1.93708e-13
2.02928e-13
7.41046e-13
8.50105e-13
2.69362e-12
3.41487e-12
9.24499e-12
1.31054e-11
2.9697e-11
4.77979e-11
8.82109e-11
1.64495e-10
2.38123e-10
5.29211e-10
5.68779e-10
1.5709e-09
1.14813e-09
4.22099e-09
1.77389e-09
9.94202e-09
1.70109e-09
1.93847e-08
2.96632e-08
4.67191e-17
-1.04886e-16
1.3532e-16
-1.72686e-16
1.01497e-17
-3.25706e-16
-1.74555e-17
-2.09595e-16
2.70672e-17
-2.31673e-16
2.18266e-17
-8.21875e-17
-3.9432e-17
-3.84942e-17
-4.09611e-17
-4.35928e-17
8.85463e-17
-7.74524e-17
5.92519e-17
-1.76907e-16
-3.90513e-17
-7.24253e-17
-1.22183e-16
-4.77074e-17
4.61455e-18
-3.34874e-17
2.80727e-16
8.38111e-17
1.48584e-15
1.11375e-15
7.55502e-15
5.7545e-15
3.43466e-14
2.80823e-14
1.45494e-13
1.2839e-13
5.89445e-13
5.65388e-13
2.28282e-12
2.39638e-12
8.41094e-12
9.75729e-12
2.92934e-11
3.80012e-11
9.56065e-11
1.40819e-10
2.88992e-10
4.93061e-10
7.95439e-10
1.61655e-09
1.94239e-09
4.89997e-09
4.02413e-09
1.34787e-08
6.41549e-09
3.26261e-08
6.35884e-09
6.54643e-08
1.03024e-07
2.903e-17
-4.93167e-17
6.00817e-17
-1.13297e-16
3.9898e-17
-4.36447e-16
2.39025e-17
-2.60624e-16
4.70315e-17
-1.39646e-16
5.35243e-18
-3.18107e-16
-2.22381e-17
-1.29027e-16
-5.74887e-17
-1.46968e-16
1.08641e-16
-6.49991e-17
1.07909e-16
-7.73005e-17
-5.88854e-17
-7.87418e-17
-3.20051e-17
-1.89612e-16
7.76759e-17
-3.77084e-17
7.59379e-16
5.05519e-16
4.66204e-15
3.15326e-15
2.20081e-14
1.52869e-14
9.8516e-14
7.2978e-14
4.20834e-13
3.36605e-13
1.72569e-12
1.49962e-12
6.77314e-12
6.44392e-12
2.5321e-11
2.66288e-11
8.95858e-11
1.05375e-10
2.97439e-10
3.97276e-10
9.16185e-10
1.41735e-09
2.57531e-09
4.74372e-09
6.44101e-09
1.47117e-08
1.37254e-08
4.15251e-08
2.26588e-08
1.03595e-07
2.3307e-08
2.14796e-07
3.49396e-07
2.95775e-17
6.73931e-17
-7.37125e-17
7.20631e-17
-2.35879e-17
-1.62508e-16
8.89931e-17
-2.32934e-16
1.10088e-17
-9.04205e-17
-1.91169e-17
-2.2732e-16
7.36908e-17
-7.90944e-17
-1.29211e-17
-1.40446e-16
1.46989e-16
4.46342e-17
9.35842e-17
5.70382e-17
-7.14174e-17
-1.53108e-16
9.1059e-18
-1.80768e-16
3.09278e-16
3.17076e-17
2.47724e-15
1.31583e-15
1.29265e-14
7.31967e-15
5.99865e-14
3.71763e-14
2.69524e-13
1.78595e-13
1.1652e-12
8.3394e-13
4.84219e-12
3.76727e-12
1.9283e-11
1.64338e-11
7.32265e-11
6.90123e-11
2.63516e-10
2.77868e-10
8.91302e-10
1.06749e-09
2.80225e-09
3.88739e-09
8.05925e-09
1.33091e-08
2.06914e-08
4.23302e-08
4.5473e-08
1.22946e-07
7.80763e-08
3.17206e-07
8.38011e-08
6.83187e-07
1.15635e-06
4.14252e-18
-9.26967e-17
-2.19171e-17
-1.62721e-17
3.79953e-17
-2.18728e-17
-4.77721e-17
-4.33986e-17
1.66648e-17
-1.65128e-18
6.22597e-17
-1.16996e-16
1.39312e-16
-3.37402e-17
5.82542e-17
-1.59679e-16
7.44628e-17
-5.43832e-17
-5.37432e-17
-1.75052e-16
-4.69217e-17
-3.22113e-16
1.30181e-16
-8.63534e-17
1.10916e-15
3.97925e-16
6.63096e-15
2.97795e-15
3.29182e-14
1.65367e-14
1.54696e-13
8.41115e-14
7.01819e-13
4.09929e-13
3.07355e-12
1.9399e-12
1.29608e-11
8.89606e-12
5.24317e-11
3.94438e-11
2.02516e-10
1.68576e-10
7.42359e-10
6.9174e-10
2.5622e-09
2.71303e-09
8.23799e-09
1.01061e-08
2.42946e-08
3.54821e-08
6.41966e-08
1.16069e-07
1.45934e-07
3.48108e-07
2.61792e-07
9.32642e-07
2.94839e-07
2.10008e-06
3.72922e-06
1.10997e-17
-3.56312e-17
3.06108e-17
-1.41005e-16
4.10682e-17
2.54802e-17
-3.89122e-17
-8.83105e-17
-1.27283e-16
-2.22266e-16
5.12621e-17
-2.42797e-16
1.08749e-16
-1.93292e-16
4.37139e-17
-3.31471e-16
3.32439e-17
-2.52585e-16
-5.26848e-17
-2.74054e-16
-3.34683e-17
-1.68433e-16
4.00031e-16
1.2079e-16
3.01846e-15
1.2131e-15
1.61327e-14
6.60382e-15
7.92143e-14
3.48005e-14
3.75881e-13
1.76568e-13
1.72802e-12
8.72237e-13
7.67923e-12
4.19096e-12
3.28977e-11
1.95397e-11
1.3537e-10
8.81919e-11
5.32615e-10
3.8425e-10
1.99219e-09
1.61006e-09
7.03038e-09
6.46131e-09
2.31703e-08
2.46833e-08
7.02618e-08
8.91444e-08
1.91732e-07
3.00982e-07
4.52668e-07
9.36253e-07
8.53719e-07
2.61801e-06
1.01872e-06
6.21613e-06
1.17232e-05
-8.14275e-17
9.50298e-17
-2.89994e-17
-7.9142e-17
-6.53869e-17
4.81103e-17
2.41998e-17
-3.81519e-17
-4.65132e-17
-1.20111e-16
6.82204e-17
-2.07856e-16
-8.22182e-18
-2.08161e-16
5.50599e-17
-3.20052e-16
2.3867e-17
-2.13599e-16
1.11034e-17
-2.44674e-16
2.16496e-16
-5.80746e-17
1.17319e-15
1.51961e-16
6.87618e-15
2.16687e-15
3.59798e-14
1.24322e-14
1.78201e-13
6.56464e-14
8.56339e-13
3.38097e-13
3.99387e-12
1.69668e-12
1.8031e-11
8.28849e-12
7.85762e-11
3.93509e-11
3.29378e-10
1.81109e-10
1.3224e-09
8.06065e-10
5.05727e-09
3.45686e-09
1.82907e-08
1.42342e-08
6.19613e-08
5.59436e-08
1.93825e-07
2.08648e-07
5.48287e-07
7.30416e-07
1.35018e-06
2.37045e-06
2.68992e-06
6.96464e-06
3.42562e-06
1.76227e-05
3.58006e-05
1.06229e-17
1.16183e-16
-3.13846e-17
-3.90606e-17
-7.10528e-17
1.75087e-16
-8.49708e-17
-1.60476e-16
-7.27156e-17
-1.94628e-16
-3.25684e-17
-1.44423e-16
4.15556e-18
-1.97139e-16
1.1506e-16
-1.16707e-16
3.59648e-17
-1.82759e-16
9.40031e-17
-1.54448e-16
3.11846e-16
5.26884e-18
2.48164e-15
5.83577e-16
1.42347e-14
3.71929e-15
7.4043e-14
2.04934e-14
3.71285e-13
1.10748e-13
1.81039e-12
5.79316e-13
8.57682e-12
2.95551e-12
3.93848e-11
1.47011e-11
1.74834e-10
7.11752e-11
7.47823e-10
3.34648e-10
3.06981e-09
1.52492e-09
1.20321e-08
6.71127e-09
4.4729e-08
2.84488e-08
1.563e-07
1.15477e-07
5.06613e-07
4.46955e-07
1.49408e-06
1.63147e-06
3.86652e-06
5.56628e-06
8.2181e-06
1.73412e-05
1.14135e-05
4.74756e-05
0.000106748
2.32026e-17
-3.03152e-16
-1.36684e-16
-5.38442e-17
-1.15777e-16
-3.57853e-17
-2.04688e-16
-9.67011e-17
-1.1369e-16
-2.11022e-16
-3.73465e-17
-1.43119e-16
4.78046e-17
-1.48983e-16
3.38049e-17
-6.48201e-17
7.34947e-17
-1.17878e-16
2.32795e-16
4.09966e-18
7.72414e-16
1.28152e-16
4.77121e-15
9.15332e-16
2.6609e-14
5.17461e-15
1.39306e-13
2.99937e-14
7.08076e-13
1.62584e-13
3.50584e-12
8.62112e-13
1.6884e-11
4.47404e-12
7.89396e-11
2.26711e-11
3.57433e-10
1.12054e-10
1.56268e-09
5.39068e-10
6.57292e-09
2.52064e-09
2.64741e-08
1.14178e-08
1.01495e-07
5.00264e-08
3.67322e-07
2.10768e-07
1.23972e-06
8.52411e-07
3.834e-06
3.27061e-06
1.04943e-05
1.18699e-05
2.39352e-05
3.97506e-05
3.6194e-05
0.000120353
0.000306507
4.60651e-17
-1.63e-16
-1.26144e-16
-8.32867e-17
-1.37468e-16
-1.76758e-16
-1.7534e-16
1.80664e-17
-5.82038e-17
-2.24449e-17
4.24117e-17
-8.9071e-17
1.99558e-16
-1.99401e-16
4.51456e-17
-1.95471e-16
-5.62896e-17
-1.40531e-16
2.5705e-16
-7.58105e-17
1.36369e-15
1.19433e-16
8.10949e-15
1.0188e-15
4.46349e-14
6.38552e-15
2.36346e-13
3.62782e-14
1.21728e-12
1.9855e-13
6.11583e-12
1.06827e-12
2.99371e-11
5.63015e-12
1.4253e-10
2.90226e-11
6.5866e-10
1.46263e-10
2.94671e-09
7.19373e-10
1.27246e-08
3.45153e-09
5.2819e-08
1.61065e-08
2.09713e-07
7.31349e-08
7.90656e-07
3.21166e-07
2.8018e-06
1.36751e-06
9.19614e-06
5.56311e-06
2.71592e-05
2.17596e-05
6.89166e-05
7.94126e-05
0.000119314
0.000279344
0.0008743
8.38871e-17
-1.42115e-16
-6.04e-17
-9.15951e-17
-1.56556e-16
-2.17172e-16
-1.52455e-16
-7.39632e-17
1.32314e-17
-5.06825e-17
2.58818e-17
-1.38799e-16
-1.37382e-17
-2.24255e-16
5.65545e-17
-1.55946e-16
5.64319e-17
-2.14139e-16
2.74306e-16
-7.07754e-17
2.10199e-15
1.90576e-16
1.21484e-14
9.08188e-16
6.69126e-14
5.73555e-15
3.5675e-13
3.40694e-14
1.85855e-12
1.88599e-13
9.45907e-12
1.02537e-12
4.69781e-11
5.46843e-12
2.27353e-10
2.85694e-11
1.07054e-09
1.46227e-10
4.894e-09
7.32211e-10
2.16768e-08
3.58961e-09
9.27144e-08
1.71855e-08
3.81709e-07
8.06217e-08
1.50365e-06
3.68446e-07
5.62794e-06
1.65882e-06
1.97468e-05
7.23569e-06
6.31663e-05
3.16905e-05
0.000176445
0.000131919
0.000331208
0.000587213
0.0022851
-1.77497e-16
-6.83289e-17
-8.0946e-17
-1.88073e-16
-1.41298e-16
-6.37193e-17
-1.01151e-16
-3.40351e-17
-9.43282e-18
2.46041e-17
-4.10796e-18
-1.13254e-16
4.08961e-17
-1.1001e-16
1.29788e-16
-1.23502e-16
2.93327e-17
-3.9637e-16
1.7382e-16
-5.34295e-17
2.14392e-15
1.43612e-16
1.24368e-14
5.97357e-16
6.85647e-14
4.22188e-15
3.68591e-13
2.40133e-14
1.93545e-12
1.34559e-13
9.93727e-12
7.35403e-13
4.98525e-11
3.93652e-12
2.44079e-10
2.064e-11
1.16508e-09
1.05986e-10
5.41335e-09
5.32174e-10
2.44611e-08
2.61276e-09
1.07257e-07
1.25076e-08
4.56348e-07
5.84289e-08
1.87752e-06
2.64868e-07
7.49629e-06
1.16739e-06
2.88458e-05
4.94445e-06
0.000109053
2.00382e-05
0.000396008
7.67143e-05
0.00149733
0.000267711
0.000896544
0.00524262
-3.04298e-18
-5.45738e-17
1.38126e-18
-1.72493e-17
-1.53301e-16
1.5091e-17
-5.9981e-17
-4.1381e-17
2.28955e-17
-1.72085e-16
-1.64659e-17
-4.60537e-17
-3.39291e-17
1.68594e-17
8.14339e-18
-4.16831e-17
1.51114e-16
-1.17153e-16
4.50856e-16
1.77878e-17
2.34694e-15
5.11746e-17
1.40678e-14
3.17503e-16
7.82204e-14
1.59301e-15
4.21594e-13
8.67693e-15
2.22194e-12
4.89223e-14
1.14556e-11
2.66882e-13
5.77357e-11
1.43018e-12
2.84126e-10
7.50653e-12
1.36397e-09
3.85661e-11
6.37751e-09
1.93628e-10
2.90184e-08
9.49433e-10
1.28204e-07
4.53352e-09
5.49759e-07
2.10637e-08
2.27964e-06
9.47349e-08
9.15245e-06
4.11216e-07
3.53106e-05
1.70841e-06
0.000131603
6.66879e-06
0.000465545
2.45359e-05
0.00158867
7.64091e-05
0.000227683
0.00502023
1.79774e-16
1.17229e-16
-6.94167e-18
-1.4007e-16
-1.70842e-16
6.76828e-17
-2.20892e-16
-1.74014e-18
-4.90662e-18
-1.38768e-17
-6.19382e-17
1.22693e-16
4.00388e-17
1.36168e-17
1.08127e-16
-1.04178e-17
9.16833e-17
-8.84517e-18
4.75334e-16
2.44494e-17
2.44829e-15
-2.20704e-16
1.46334e-14
-2.07322e-16
8.17204e-14
-1.12312e-15
4.40788e-13
-8.79245e-15
2.32598e-12
-4.9142e-14
1.20079e-11
-2.68436e-13
6.06042e-11
-1.43747e-12
2.98696e-10
-7.54073e-12
1.43624e-09
-3.87195e-11
6.72697e-09
-1.94291e-10
3.06621e-08
-9.52152e-10
1.35701e-07
-4.54394e-09
5.82762e-07
-2.10999e-08
2.41912e-06
-9.48405e-08
9.71001e-06
-4.1142e-07
3.74023e-05
-1.70812e-06
0.000138548
-6.66353e-06
0.000485837
-2.45001e-05
0.0016173
-7.62687e-05
-0.000227042
0.00495926
3.79313e-17
1.46354e-16
-2.95168e-17
5.6246e-18
-1.69713e-16
1.05158e-17
-1.1479e-16
1.085e-16
-1.87029e-17
-5.42893e-17
-7.19e-17
-8.20667e-17
1.34279e-16
7.93979e-17
2.06444e-17
-1.10138e-16
1.19579e-16
-6.1339e-17
4.45779e-16
9.92249e-17
2.3672e-15
-1.52414e-17
1.4052e-14
-6.4416e-16
7.81606e-14
-4.16815e-15
4.21449e-13
-2.42782e-14
2.2213e-12
-1.3506e-13
1.14531e-11
-7.36989e-13
5.77239e-11
-3.94277e-12
2.84074e-10
-2.06703e-11
1.36375e-09
-1.0613e-10
6.37666e-09
-5.32834e-10
2.90154e-08
-2.61569e-09
1.28194e-07
-1.25201e-08
5.49737e-07
-5.84791e-08
2.27964e-06
-2.65055e-07
9.15278e-06
-1.16798e-06
3.53132e-05
-4.94572e-06
0.000131614
-2.00362e-05
0.000465589
-7.66794e-05
0.00158872
-0.000267454
-0.000894978
0.00501982
-9.9663e-17
-3.18367e-17
6.07622e-18
-1.40783e-16
-1.42093e-16
-1.34071e-16
-1.82661e-16
-6.05724e-17
-6.009e-18
1.31448e-16
-1.58596e-17
4.841e-17
-1.51614e-17
3.90433e-17
4.08926e-17
-7.48584e-17
2.18929e-16
1.86674e-16
4.23862e-16
-4.24864e-17
2.17718e-15
-9.85068e-17
1.24135e-14
-1.09938e-15
6.84603e-14
-5.9848e-15
3.68375e-13
-3.3968e-14
1.93443e-12
-1.88864e-13
9.9323e-12
-1.02615e-12
4.98296e-11
-5.47228e-12
2.43976e-10
-2.85898e-11
1.16463e-09
-1.46335e-10
5.41153e-09
-7.32773e-10
2.44541e-08
-3.5925e-09
1.07232e-07
-1.72001e-08
4.56278e-07
-8.06935e-08
1.8774e-06
-3.68787e-07
7.49664e-06
-1.66035e-06
2.88511e-05
-7.24199e-06
0.000109086
-3.17102e-05
0.000396173
-0.000131959
0.00149755
-0.00058672
0.00524158
-0.00228099
0.00946831
6.70922e-05
0.0169332
2.07798e-05
0.0290482
5.37304e-06
0.047383
7.84313e-07
0.0731582
-6.70262e-07
0.106497
-1.21548e-06
0.145631
-1.35879e-06
0.186513
-1.23387e-06
0.223532
-9.0045e-07
0.251507
-4.5557e-07
0.267822
-2.9468e-08
0.273517
2.63001e-07
0.27257
3.9102e-07
0.269635
3.26979e-07
0.267669
1.99321e-07
0.267337
9.9369e-08
0.267872
5.44156e-08
0.268437
5.24398e-08
0.268712
6.98193e-08
0.268741
8.57965e-08
0.268683
9.00022e-08
0.268647
9.10428e-08
0.268656
7.96254e-08
0.268679
8.23008e-08
5.94828e-08
0.00940047
2.90112e-05
0.0169137
9.44748e-06
0.0290425
2.33191e-06
0.0473812
1.33226e-08
0.0731576
-7.88043e-07
0.106497
-1.06748e-06
0.145632
-1.04455e-06
0.186514
-7.84825e-07
0.223533
-3.6859e-07
0.251508
1.01225e-08
0.267823
4.20172e-07
0.273518
5.82738e-07
0.272572
5.30564e-07
0.269636
3.48234e-07
0.267671
1.46152e-07
0.267338
2.25573e-08
0.267874
-3.34929e-08
0.268439
-3.97772e-08
0.268714
-1.37275e-08
0.268743
7.04003e-09
0.268685
1.23807e-08
0.26865
1.73881e-08
0.268659
1.80667e-08
0.268682
2.43844e-08
1.83514e-08
0.00937809
-2.92973e-05
0.0169061
-1.01019e-05
0.0290399
-3.35402e-06
0.0473803
-1.36266e-06
0.0731574
-7.76491e-07
0.106497
-5.61689e-07
0.145632
-3.52522e-07
0.186514
-6.05382e-08
0.223534
2.77764e-07
0.251509
5.56252e-07
0.267824
7.02458e-07
0.273518
6.8331e-07
0.272571
5.17122e-07
0.269636
2.76702e-07
0.267671
5.98341e-08
0.267338
-7.51054e-08
0.267874
-1.11057e-07
0.268439
-9.93115e-08
0.268714
-7.77258e-08
0.268743
-6.33177e-08
0.268685
-5.47502e-08
0.26865
-4.84852e-08
0.268659
-3.99044e-08
0.268682
-3.79814e-08
-3.11226e-08
0.0094001
-6.72224e-05
0.0169133
-2.12272e-05
0.0290421
-6.09259e-06
0.047381
-1.77811e-06
0.0731576
-4.59829e-07
0.106497
-2.68662e-08
0.145632
2.35884e-07
0.186515
4.50522e-07
0.223534
6.1887e-07
0.251509
6.93052e-07
0.267824
6.30166e-07
0.273518
4.66933e-07
0.272571
2.64957e-07
0.269636
7.53333e-08
0.267671
-6.99214e-08
0.267338
-1.51289e-07
0.267874
-1.53489e-07
0.268439
-1.39511e-07
0.268714
-1.26756e-07
0.268743
-1.22218e-07
0.268685
-1.16908e-07
0.26865
-1.08495e-07
0.268659
-8.9965e-08
0.268682
-8.67888e-08
-6.74983e-08
0.00946758
0.0169326
0.0290476
0.0473825
0.0731581
0.106498
0.145632
0.186515
0.223533
0.251508
0.267823
0.273516
0.27257
0.269634
0.267669
0.267336
0.267872
0.268437
0.268712
0.268741
0.268683
0.268647
0.268656
0.268679
-1.60467e-16
2.4304e-17
1.20349e-17
4.09244e-17
-1.92108e-16
-3.34465e-17
-5.654e-17
1.54774e-16
-1.92627e-17
1.26101e-16
-1.18139e-16
2.5672e-16
4.80386e-17
2.25629e-17
1.37837e-16
2.30378e-16
2.63948e-16
1.55792e-16
3.47955e-16
3.56686e-17
1.98467e-15
-1.24326e-16
1.22543e-14
-8.77215e-16
6.73002e-14
-6.4742e-15
3.59534e-13
-3.61895e-14
1.87315e-12
-1.98432e-13
9.53238e-12
-1.06691e-12
4.73394e-11
-5.621e-12
2.29084e-10
-2.89694e-11
1.07857e-09
-1.45962e-10
4.9301e-09
-7.177e-10
2.18329e-08
-3.44241e-09
9.33619e-08
-1.60578e-08
3.84264e-07
-7.2879e-08
1.51314e-06
-3.19857e-07
5.66047e-06
-1.36085e-06
1.98467e-05
-5.53044e-06
6.34228e-05
-2.1604e-05
0.000176925
-7.87579e-05
0.000331716
-0.000276826
-0.00086627
-1.60208e-17
1.41841e-16
-2.1976e-17
1.10278e-16
-1.41784e-16
1.54724e-16
-1.13663e-16
1.43941e-16
-4.28747e-17
4.80803e-17
4.22708e-18
3.53526e-17
-2.99863e-17
-1.82164e-17
1.43853e-16
1.46014e-16
1.62153e-16
2.18237e-17
3.02034e-16
-5.17587e-17
1.31532e-15
-3.08993e-16
8.13705e-15
-8.91564e-16
4.47271e-14
-5.22145e-15
2.36621e-13
-2.98202e-14
1.21917e-12
-1.61313e-13
6.12429e-12
-8.55423e-13
2.99719e-11
-4.43792e-12
1.42657e-10
-2.24786e-11
6.59046e-10
-1.11049e-10
2.94739e-09
-5.33952e-10
1.27223e-08
-2.49519e-09
5.27841e-08
-1.12948e-08
2.09456e-07
-4.94495e-08
7.89183e-07
-2.08158e-07
2.79459e-06
-8.41031e-07
9.16584e-06
-3.22352e-06
2.70523e-05
-1.16855e-05
6.86083e-05
-3.90899e-05
0.000118742
-0.000118209
-0.000300667
-2.7499e-16
2.96346e-17
-2.20862e-16
8.57291e-17
-1.33116e-16
1.02054e-16
-1.96402e-16
1.20189e-16
-1.17016e-16
2.22391e-16
-5.74494e-17
2.87621e-16
1.67184e-16
3.5109e-16
1.01864e-16
1.47982e-16
1.11007e-16
1.83658e-16
2.26569e-16
1.48352e-18
8.19994e-16
-2.53803e-16
4.75405e-15
-7.46763e-16
2.63446e-14
-3.7812e-15
1.38359e-13
-2.06396e-14
7.03485e-13
-1.09125e-13
3.48164e-12
-5.6969e-13
1.67613e-11
-2.90576e-12
7.83325e-11
-1.44444e-11
3.54518e-10
-6.98895e-11
1.54913e-09
-3.28384e-10
6.51223e-09
-1.49528e-09
2.62132e-08
-6.57571e-09
1.00425e-07
-2.78504e-08
3.63176e-07
-1.12945e-07
1.22473e-06
-4.36719e-07
3.7843e-06
-1.59244e-06
1.03485e-05
-5.42715e-06
2.3577e-05
-1.68895e-05
3.56079e-05
-4.6189e-05
-0.000103761
-1.82042e-16
9.5403e-17
9.81495e-18
8.45024e-17
-6.07724e-17
1.97071e-17
-1.52353e-16
1.05662e-16
-7.44776e-17
1.88651e-16
-4.60133e-17
2.63963e-16
-2.5982e-17
2.55568e-16
6.7227e-17
1.04263e-16
7.35688e-17
2.33033e-16
1.51896e-16
7.90547e-17
4.28332e-16
-1.55189e-16
2.54867e-15
-3.79631e-16
1.38856e-14
-2.36097e-15
7.27046e-14
-1.23248e-14
3.65205e-13
-6.40832e-14
1.78079e-12
-3.29154e-13
8.43243e-12
-1.65119e-12
3.87025e-11
-8.06118e-12
1.71714e-10
-3.82456e-11
7.34059e-10
-1.75899e-10
3.01147e-09
-7.823e-10
1.17958e-08
-3.35233e-09
4.38201e-08
-1.37923e-08
1.53012e-07
-5.41597e-08
4.95575e-07
-2.01808e-07
1.46037e-06
-7.05793e-07
3.77627e-06
-2.28826e-06
8.01963e-06
-6.71634e-06
1.11292e-05
-1.69763e-05
-3.44513e-05
-1.0355e-16
7.72731e-17
-3.14387e-18
7.48316e-17
3.30947e-17
7.78834e-17
-9.76141e-17
3.90562e-17
-9.94038e-17
5.46978e-17
-3.37547e-17
8.43417e-17
-1.14376e-17
1.07371e-16
3.59441e-17
7.0647e-17
-7.13712e-17
1.57905e-16
2.37374e-17
-3.39062e-17
2.29754e-16
2.8744e-17
1.18604e-15
-2.1064e-16
6.61329e-15
-1.08891e-15
3.49149e-14
-6.46089e-15
1.73378e-13
-3.34668e-14
8.33615e-13
-1.70083e-13
3.88618e-12
-8.39629e-13
1.75355e-11
-4.03193e-12
7.63748e-11
-1.87867e-11
3.19968e-10
-8.47355e-11
1.28385e-09
-3.68931e-10
4.90672e-09
-1.54473e-09
1.77344e-08
-6.19433e-09
6.00342e-08
-2.36443e-08
1.87658e-07
-8.53197e-08
5.30426e-07
-2.87817e-07
1.30511e-06
-8.94491e-07
2.59765e-06
-2.4989e-06
3.3046e-06
-5.9277e-06
-1.11695e-05
-1.53881e-16
1.70596e-16
1.09268e-17
-2.98806e-18
-3.14211e-17
-3.00524e-18
-6.56386e-17
1.17568e-17
-7.14932e-17
-5.68075e-17
-4.0176e-17
6.69865e-17
-3.45909e-17
-7.16925e-17
1.28115e-16
-5.52063e-18
-7.58444e-17
-1.1083e-16
-7.6736e-17
-1.40535e-16
1.31468e-16
-2.20541e-16
5.06911e-16
-2.80117e-16
2.83247e-15
-6.7328e-16
1.54396e-14
-3.14824e-15
7.62837e-14
-1.59358e-14
3.61971e-13
-8.0248e-14
1.66327e-12
-3.90135e-13
7.38789e-12
-1.84549e-12
3.1633e-11
-8.45846e-12
1.30096e-10
-3.74798e-11
5.11574e-10
-1.60077e-10
1.91236e-09
-6.56425e-10
6.74447e-09
-2.57271e-09
2.22136e-08
-9.57646e-09
6.73154e-08
-3.35968e-08
1.83561e-07
-1.09816e-07
4.33054e-07
-3.29086e-07
8.16031e-07
-8.80929e-07
9.7294e-07
-1.98192e-06
-3.5165e-06
-7.61721e-17
2.07142e-16
-8.27399e-17
9.88398e-17
-9.9643e-17
6.81529e-17
6.09832e-18
1.34029e-16
3.56298e-17
5.446e-17
-6.96258e-17
1.54047e-17
-5.34306e-17
-5.54906e-17
-2.84545e-17
-1.03895e-16
-1.33258e-16
-2.27218e-16
-1.65553e-16
3.54749e-18
3.92661e-17
-7.12781e-17
1.76499e-16
-1.47018e-16
1.11871e-15
-3.00216e-16
6.48553e-15
-1.24184e-15
3.13311e-14
-6.89218e-15
1.47286e-13
-3.50085e-14
6.68077e-13
-1.68273e-13
2.92432e-12
-7.84342e-13
1.23257e-11
-3.54151e-12
4.98373e-11
-1.54399e-11
1.92396e-10
-6.48006e-11
7.04881e-10
-2.60753e-10
2.43147e-09
-1.00111e-09
7.81307e-09
-3.64328e-09
2.30272e-08
-1.24649e-08
6.08075e-08
-3.96176e-08
1.38131e-07
-1.14984e-07
2.47586e-07
-2.96435e-07
2.78602e-07
-6.37965e-07
-1.07905e-06
-2.71456e-16
-1.99464e-17
-1.20823e-16
6.57485e-17
-8.03272e-17
-1.83539e-18
-1.58515e-16
1.12151e-16
-8.61042e-17
1.06617e-16
-9.02136e-17
-1.09014e-17
-4.24015e-17
1.12559e-16
5.09231e-17
1.10164e-16
-3.85448e-17
9.04223e-19
-2.91041e-17
-1.21992e-16
-5.36673e-17
-1.8731e-16
1.51212e-16
2.8299e-17
4.21377e-16
-9.48893e-18
2.48625e-15
-2.67566e-16
1.21149e-14
-2.62427e-15
5.6497e-14
-1.42216e-14
2.53667e-13
-6.8141e-14
1.09615e-12
-3.12879e-13
4.55339e-12
-1.39333e-12
1.81249e-11
-5.98524e-12
6.87968e-11
-2.47207e-11
2.47456e-10
-9.77722e-11
8.36561e-10
-3.68408e-10
2.62876e-09
-1.3136e-09
7.55611e-09
-4.39388e-09
1.93881e-08
-1.36183e-08
4.25813e-08
-3.84142e-08
7.30566e-08
-9.57686e-08
7.83558e-08
-1.98434e-07
-3.2258e-07
-2.60546e-16
-1.12676e-16
-3.11757e-17
-8.75295e-17
-3.13004e-17
-1.2347e-16
-7.16583e-17
-1.82727e-16
-1.40305e-16
-8.21344e-17
-1.30099e-16
-2.04155e-16
-8.4027e-17
2.87749e-17
3.26619e-17
6.94948e-17
-1.69052e-16
3.19284e-17
-6.8612e-17
-5.50162e-17
1.04629e-16
-1.21168e-18
1.41487e-16
1.57111e-17
1.1437e-16
-4.35583e-17
9.05162e-16
5.02495e-17
4.32394e-15
-1.07916e-15
2.06117e-14
-5.32867e-15
9.16433e-14
-2.58237e-14
3.91386e-13
-1.18004e-13
1.60447e-12
-5.19192e-13
6.29472e-12
-2.20028e-12
2.35224e-11
-8.95458e-12
8.31872e-11
-3.48584e-11
2.76073e-10
-1.29111e-10
8.49978e-10
-4.51844e-10
2.38803e-09
-1.48064e-09
5.96943e-09
-4.48561e-09
1.2713e-08
-1.23319e-08
2.09729e-08
-2.9832e-08
2.1558e-08
-5.9823e-08
-9.40955e-08
-1.18044e-16
-1.33115e-16
-1.2467e-16
-2.89729e-17
-6.73593e-17
6.82042e-17
2.81498e-17
1.73141e-16
-1.07284e-16
2.7401e-17
-4.03485e-17
2.9036e-17
-1.32938e-16
-4.54001e-17
-2.06884e-17
4.42036e-18
-9.13902e-17
-2.15184e-17
-1.29031e-16
-7.25103e-17
6.54237e-17
6.11479e-17
1.21133e-16
-1.29325e-17
1.06592e-16
5.50744e-18
2.8456e-16
-4.93794e-17
1.44635e-15
-3.83373e-16
7.05298e-15
-1.84249e-15
3.16394e-14
-9.04894e-15
1.33728e-13
-4.20616e-14
5.41752e-13
-1.84323e-13
2.09733e-12
-7.71565e-13
7.72497e-12
-3.09766e-12
2.68945e-11
-1.18838e-11
8.77439e-11
-4.33246e-11
2.65119e-10
-1.49038e-10
7.29416e-10
-4.79268e-10
1.78033e-09
-1.42199e-09
3.68643e-09
-3.81898e-09
5.87354e-09
-8.99034e-09
5.81813e-09
-1.75202e-08
-2.67977e-08
-1.58678e-16
-1.71006e-16
-3.54517e-17
-1.1128e-16
-2.38025e-17
5.43985e-17
-8.38348e-17
-3.95822e-18
-9.43085e-17
1.45365e-16
-4.95744e-17
6.38017e-17
-5.60536e-17
4.8304e-17
-8.3004e-17
5.97852e-18
-1.72199e-16
-1.27003e-16
-8.97278e-18
-3.98861e-17
1.36463e-16
1.25393e-16
1.17307e-16
-1.22641e-16
5.4396e-18
-1.84333e-16
1.42893e-17
-1.20903e-16
4.64121e-16
-1.81099e-16
2.34492e-15
-5.06591e-16
1.03774e-14
-2.99749e-15
4.38304e-14
-1.4406e-14
1.7599e-13
-6.24747e-14
6.72923e-13
-2.59261e-13
2.44573e-12
-1.02811e-12
8.39132e-12
-3.89138e-12
2.69463e-11
-1.39801e-11
8.00132e-11
-4.73325e-11
2.15914e-10
-1.49585e-10
5.15519e-10
-4.35383e-10
1.04013e-09
-1.14446e-09
1.60616e-09
-2.62837e-09
1.5394e-09
-4.99454e-09
-7.45893e-09
-7.31025e-17
-1.14924e-17
2.90155e-17
6.90676e-17
-3.71476e-17
2.05874e-16
-7.76929e-18
-7.8925e-17
-9.22188e-17
7.92312e-17
-1.21432e-16
1.72908e-16
-1.7106e-16
1.66316e-16
-1.12065e-16
-2.93986e-17
-7.47891e-17
1.39859e-16
-1.66599e-17
4.95978e-17
-6.09772e-17
6.01535e-17
1.23591e-16
7.14729e-18
1.21625e-16
-9.8647e-17
1.83014e-16
1.1536e-16
2.26812e-16
-1.46612e-17
7.20583e-16
-1.05996e-16
3.23742e-15
-9.30168e-16
1.37613e-14
-4.57613e-15
5.51249e-14
-2.02597e-14
2.08548e-13
-8.37787e-14
7.4863e-13
-3.2854e-13
2.53396e-12
-1.22845e-12
8.01776e-12
-4.35315e-12
2.34249e-11
-1.45218e-11
6.2083e-11
-4.51579e-11
1.45234e-10
-1.2912e-10
2.86082e-10
-3.32745e-10
4.295e-10
-7.47115e-10
3.99747e-10
-1.38817e-09
-2.0307e-09
-1.4668e-16
1.26134e-16
-9.56684e-17
2.51977e-16
-8.47026e-17
2.33052e-16
-2.20735e-17
1.54687e-16
-6.70716e-17
2.15465e-16
-2.92613e-17
3.11917e-17
-8.06796e-17
6.32509e-17
5.49971e-17
3.01596e-17
-1.49464e-16
8.36961e-17
-5.46653e-17
1.06164e-16
-4.5429e-17
-3.99659e-18
4.04771e-17
3.57467e-17
5.22298e-17
1.76284e-17
8.37197e-17
9.66704e-17
2.12399e-16
1.06803e-17
3.22231e-16
1.93318e-17
9.74442e-16
-1.48667e-16
4.00939e-15
-1.32338e-15
1.66268e-14
-6.29884e-15
6.25837e-14
-2.58626e-14
2.22096e-13
-1.01505e-13
7.42307e-13
-3.74878e-13
2.3167e-12
-1.31172e-12
6.66673e-12
-4.31601e-12
1.73737e-11
-1.32203e-11
3.98759e-11
-3.71793e-11
7.68154e-11
-9.40637e-11
1.12417e-10
-2.06872e-10
1.01904e-10
-3.76709e-10
-5.41228e-10
-2.86674e-17
7.97046e-17
1.42858e-17
8.68166e-18
-5.3741e-17
-1.26619e-17
-2.13111e-16
2.91279e-16
-2.96741e-16
1.24204e-16
-8.36685e-17
1.38444e-16
-7.78428e-17
1.68163e-16
-3.2535e-17
6.13932e-17
-3.63005e-17
1.07435e-16
3.17914e-17
1.62908e-16
-1.04399e-16
-8.21041e-17
6.97205e-17
-3.13122e-17
9.02894e-17
-8.19382e-17
8.25623e-17
1.39818e-16
1.44279e-16
4.89215e-17
4.93889e-17
6.33511e-17
2.3482e-16
9.64226e-17
1.09832e-15
-2.18137e-16
4.84067e-15
-1.76898e-15
1.81898e-14
-7.61789e-15
6.40416e-14
-3.01734e-14
2.11371e-13
-1.10849e-13
6.51211e-13
-3.83418e-13
1.84782e-12
-1.24543e-12
4.7399e-12
-3.76161e-12
1.06865e-11
-1.04155e-11
2.01621e-11
-2.59022e-11
2.88294e-11
-5.58895e-11
2.55192e-11
-9.99374e-11
-1.41323e-10
-8.33489e-17
1.79714e-17
-3.51481e-17
1.54418e-16
-6.4184e-17
1.61674e-16
-9.86253e-18
1.21461e-16
-8.75227e-17
1.17412e-16
6.43387e-17
9.68744e-17
-8.20968e-17
-6.44968e-17
-1.17681e-16
-3.88717e-18
-8.43027e-17
1.41817e-16
-1.37102e-16
5.49451e-17
-1.48038e-16
-1.28807e-17
1.29154e-16
-1.05691e-17
2.42995e-16
-1.03974e-16
9.16079e-17
1.425e-16
1.09152e-16
1.15663e-16
6.25208e-17
3.13413e-17
5.49794e-17
1.84662e-17
1.98595e-16
2.41337e-17
1.22119e-15
-4.38975e-16
5.10546e-15
-2.09148e-15
1.79181e-14
-8.61595e-15
5.85616e-14
-3.16714e-14
1.78296e-13
-1.08764e-13
4.99529e-13
-3.49478e-13
1.26247e-12
-1.04179e-12
2.79903e-12
-2.84354e-12
5.17895e-12
-6.95872e-12
7.25008e-12
-1.47529e-11
6.28057e-12
-2.59475e-11
-3.61807e-11
-6.53613e-17
-1.3431e-17
-4.11989e-17
2.33349e-16
-1.11543e-16
1.28413e-16
9.75241e-18
1.48203e-16
-1.0716e-16
1.68599e-16
-7.0004e-17
2.09861e-16
-2.01617e-16
-8.35267e-17
-4.16253e-17
3.84944e-17
-1.14993e-16
6.8085e-17
-5.53883e-17
2.09429e-17
-5.58452e-18
1.86729e-16
8.31201e-17
5.36318e-18
1.42048e-16
2.70316e-17
1.38425e-16
3.40008e-17
1.49401e-16
3.66769e-18
4.46819e-17
-1.98475e-16
-3.00657e-17
-3.8567e-17
-4.66597e-17
5.45494e-17
3.44785e-16
3.03946e-17
1.32468e-15
-6.07678e-16
4.80967e-15
-2.1852e-15
1.56883e-14
-8.68935e-15
4.75337e-14
-2.99484e-14
1.31783e-13
-9.54019e-14
3.28585e-13
-2.81286e-13
7.17442e-13
-7.57613e-13
1.30306e-12
-1.82641e-12
1.78927e-12
-3.80969e-12
1.51989e-12
-6.59971e-12
-9.08807e-12
1.13071e-16
1.71997e-16
1.48054e-16
1.61427e-16
7.73894e-17
-1.72384e-16
-9.81845e-17
-1.28313e-17
-6.36879e-17
-1.1656e-16
-2.96819e-16
1.12069e-16
-2.59344e-16
-2.13322e-16
-1.32769e-18
8.07955e-17
-1.39833e-16
5.19837e-17
-1.19574e-16
1.19093e-16
-1.0809e-16
2.52973e-17
-9.05765e-17
1.23891e-16
1.98407e-16
1.12714e-16
8.89759e-17
1.52074e-16
1.39506e-16
-6.12658e-17
1.67327e-16
-1.50378e-16
1.30662e-16
-1.9616e-16
-3.61652e-17
-8.1388e-17
-6.16226e-17
-1.62737e-18
3.04201e-16
-1.24087e-16
1.24004e-15
-3.97488e-16
4.05457e-15
-2.15847e-15
1.23338e-14
-7.94853e-15
3.39921e-14
-2.51618e-14
8.35738e-14
-7.40546e-14
1.79957e-13
-1.97196e-13
3.21379e-13
-4.68679e-13
4.33686e-13
-9.63274e-13
3.61788e-13
-1.6459e-12
-2.24106e-12
-8.35893e-17
1.77207e-16
-9.13354e-17
2.66571e-17
-5.47666e-17
1.6147e-16
-5.63263e-17
1.26792e-16
-8.34985e-18
6.11176e-17
-1.4987e-16
1.16544e-16
-7.02136e-17
2.54543e-17
8.00789e-17
3.00323e-16
-1.37681e-16
-2.04521e-17
-1.25288e-16
-2.93199e-18
1.47008e-17
-2.96364e-17
-6.98213e-17
5.92536e-17
1.56905e-16
-5.93137e-17
1.58509e-17
-5.59496e-17
4.67655e-17
-1.0197e-16
1.65247e-16
-1.47726e-16
1.10226e-16
-2.37703e-16
-8.58167e-17
-1.73122e-17
5.08574e-17
-7.01244e-17
1.50526e-16
-4.65743e-17
2.54707e-16
-1.6542e-17
1.02497e-15
-4.46287e-16
3.00688e-15
-1.91677e-15
8.54729e-15
-6.32203e-15
2.08087e-14
-1.88267e-14
4.41998e-14
-5.01002e-14
7.76874e-14
-1.1772e-13
1.03288e-13
-2.38616e-13
8.4827e-14
-4.0272e-13
-5.42684e-13
1.53453e-16
1.54793e-16
6.32988e-17
2.15972e-16
-3.8327e-17
1.84208e-16
-1.73304e-17
2.75602e-17
-1.55972e-16
6.86217e-17
-1.38507e-16
1.12816e-17
-1.32433e-16
1.38105e-16
-7.76196e-18
6.79514e-18
-1.72815e-16
8.23601e-17
-1.82432e-16
1.78867e-16
-7.40001e-17
1.84688e-16
-6.37113e-17
1.15574e-16
1.03799e-16
1.43215e-16
1.6585e-17
-1.07927e-16
5.36808e-17
-5.08235e-17
1.37073e-16
-1.46199e-16
1.8244e-16
-8.88058e-17
-5.76413e-17
-1.24232e-16
5.01221e-17
-5.46018e-17
9.63294e-17
-1.09359e-16
-1.52321e-17
3.31183e-17
2.90071e-16
-4.54239e-18
6.91435e-16
-3.94084e-16
2.14141e-15
-1.32885e-15
4.94472e-15
-4.52163e-15
1.05957e-14
-1.21444e-14
1.83747e-14
-2.8797e-14
2.40968e-14
-5.78128e-14
1.95051e-14
-9.64687e-14
-1.28969e-13
-1.0633e-16
1.7625e-16
-1.71463e-17
9.63917e-17
-7.18372e-17
1.70969e-16
-1.36883e-16
2.62273e-17
-3.60522e-17
9.10554e-17
-2.24431e-16
4.54479e-17
-1.37283e-16
1.39042e-16
-1.00021e-16
-9.27709e-17
-6.31037e-17
7.53765e-17
-1.95606e-16
1.67377e-16
-7.15013e-19
2.80651e-16
-6.11316e-17
-5.41653e-17
9.81203e-17
1.66707e-16
9.24567e-19
-1.54375e-16
9.84476e-17
-1.00124e-16
1.29743e-16
-8.86859e-17
1.31373e-16
-2.34281e-16
2.41205e-17
-1.24419e-16
-3.91711e-17
-1.31471e-16
1.5517e-16
1.29485e-17
7.32904e-17
-2.84798e-18
6.4674e-17
-8.65909e-17
2.01816e-16
-4.58962e-17
3.76333e-16
-1.95742e-16
1.06998e-15
-8.51651e-16
2.46317e-15
-2.85111e-15
4.12083e-15
-6.72092e-15
5.49023e-15
-1.34758e-14
4.40435e-15
-2.26066e-14
-2.9907e-14
-1.59605e-17
1.26998e-16
8.40115e-18
-3.23139e-17
-1.16842e-16
4.3343e-17
-1.34636e-16
-3.79748e-17
-1.17347e-16
-2.36897e-17
-2.43929e-16
4.94054e-17
-9.59434e-17
2.36307e-16
3.72332e-17
9.81386e-17
4.22907e-17
-5.32801e-17
-1.50444e-16
6.34507e-17
-1.97246e-16
1.50861e-16
-1.58536e-16
-5.93451e-17
8.39407e-17
1.17649e-16
-1.07558e-17
3.87725e-17
1.86999e-17
-9.16326e-17
1.39603e-16
2.81434e-17
1.69463e-16
-6.29136e-18
3.99767e-17
-1.197e-16
8.57302e-17
3.89574e-17
1.6667e-16
-8.60746e-18
5.122e-17
-5.31812e-17
8.45484e-17
-1.14448e-16
7.66186e-17
-9.23353e-17
2.4202e-17
-1.64234e-16
1.05546e-16
-1.99347e-16
5.33366e-16
-6.32208e-16
9.19812e-16
-1.42707e-15
1.23901e-15
-2.92876e-15
9.3567e-16
-5.00248e-15
-6.72385e-15
3.90907e-18
1.57185e-17
-7.281e-17
6.09868e-17
-1.84107e-16
-3.70694e-17
-1.12758e-16
5.67254e-17
3.31443e-17
7.22788e-17
-9.58421e-17
4.74404e-17
-2.39967e-16
5.60584e-17
-1.03248e-16
8.03007e-17
8.62335e-17
5.31598e-17
-4.21451e-17
3.13101e-17
-2.07547e-16
-2.80341e-17
-6.03512e-17
3.04795e-16
2.28463e-17
3.30651e-16
-8.37813e-17
-1.3338e-17
3.8705e-17
4.10084e-17
4.70984e-17
-3.04295e-17
1.1149e-16
2.82346e-17
9.23906e-17
-5.5032e-17
9.26665e-17
3.53078e-17
1.15486e-16
5.89474e-17
1.08415e-17
-1.07995e-16
2.12521e-17
-1.15753e-16
9.19056e-17
-7.59977e-17
-6.87199e-20
-1.57669e-16
-8.07022e-17
-1.836e-16
9.72564e-17
-9.33473e-17
2.17692e-16
-2.21488e-16
1.38946e-16
-4.78565e-16
2.06218e-16
-8.59005e-16
-1.32736e-15
-3.36981e-17
-4.71297e-17
6.36155e-17
-6.72308e-17
-1.50067e-16
-1.32267e-16
-4.10839e-17
7.18109e-17
1.90632e-17
1.0944e-16
-2.2649e-16
6.21075e-17
-1.80084e-16
2.84436e-17
-1.03842e-16
7.62759e-17
1.75554e-17
1.22917e-16
-1.80632e-17
8.70976e-17
-1.0867e-16
-2.31743e-17
-2.53396e-17
2.76553e-16
-1.14976e-16
1.50824e-16
1.04443e-17
9.68411e-17
-4.19141e-17
1.28302e-16
9.15863e-17
7.95686e-17
1.6879e-16
2.67679e-17
-9.32513e-19
-5.85529e-18
1.13374e-16
-2.43743e-18
9.90527e-17
-1.00517e-16
-3.21325e-17
-8.95734e-17
-1.32609e-17
-3.53932e-17
2.16592e-17
3.68699e-17
3.60727e-17
-8.32248e-17
-9.45079e-17
-6.15654e-17
-5.68326e-17
1.77769e-16
7.60815e-17
6.36302e-17
4.01263e-17
-4.57921e-19
1.77699e-17
3.4434e-17
-1.34135e-16
-6.9584e-17
-2.8604e-16
5.44319e-17
2.48868e-17
-1.10365e-17
-1.40974e-16
-4.23843e-17
-9.60812e-17
-1.37649e-16
-7.7832e-17
-1.54526e-16
1.83358e-16
-1.39739e-16
2.01835e-16
-1.57882e-17
2.4598e-16
2.72845e-18
2.11037e-16
-8.58145e-17
6.11124e-17
-8.16228e-17
1.89768e-16
-1.86248e-17
1.13321e-16
-5.45127e-17
4.97916e-18
-1.92229e-16
-3.51602e-17
-1.0042e-17
2.11029e-16
1.13031e-16
7.47368e-17
9.15657e-17
7.18085e-17
3.86099e-17
1.4112e-16
9.90616e-17
2.41885e-16
7.95149e-17
2.22002e-16
4.24134e-17
5.9167e-17
5.03855e-17
4.91731e-17
-6.2393e-17
3.51162e-17
3.22383e-17
-2.10535e-16
4.80526e-17
-1.97685e-16
6.14788e-17
6.27144e-17
-5.95478e-17
-8.76559e-17
-1.05735e-16
-3.79809e-17
-9.11838e-17
1.05986e-16
8.5656e-17
7.30194e-17
-1.11457e-16
4.1466e-17
-1.02305e-16
-2.35755e-17
-7.79338e-17
5.78078e-17
7.5693e-18
-7.38715e-18
-1.24153e-16
-1.8787e-16
2.60878e-16
-1.67663e-16
3.14663e-16
-9.00733e-17
3.05312e-16
4.48007e-17
1.75466e-16
-6.35359e-17
7.11243e-17
-7.43443e-17
2.94463e-16
-7.43444e-17
9.59998e-17
-7.2672e-17
1.34882e-16
-5.28017e-17
1.80072e-17
-2.46008e-17
3.11325e-16
6.4282e-17
6.12401e-17
1.0802e-16
1.35207e-16
1.46002e-16
1.63596e-16
3.77207e-17
1.99701e-16
-2.29808e-17
1.98893e-16
-4.93115e-17
1.93168e-16
-7.95715e-17
1.69938e-16
-8.98459e-17
1.91575e-16
5.36225e-17
-4.61675e-17
8.73568e-17
-6.23477e-17
6.59257e-17
4.81444e-17
-4.25365e-17
-1.26583e-16
2.9105e-17
8.87426e-18
-3.71751e-17
3.92921e-17
1.31999e-17
-1.85063e-16
-2.73555e-16
3.74486e-17
-1.02911e-16
-3.12824e-17
-1.76446e-16
-2.02575e-17
-6.27636e-17
7.36601e-17
-8.66403e-17
-2.79897e-17
-6.18611e-18
-7.04414e-17
2.12864e-17
-1.26861e-16
3.62347e-17
-2.10448e-16
-2.4059e-17
-1.07007e-16
-1.24887e-16
-1.25231e-16
1.69936e-16
-1.46719e-17
8.46131e-17
1.58861e-17
-6.7834e-17
-2.92672e-17
-7.11021e-17
-8.98532e-17
5.11532e-17
1.89827e-17
5.68385e-17
8.56657e-17
-4.97579e-17
3.85774e-17
1.33753e-16
1.53326e-16
1.40068e-16
1.11064e-16
-8.31018e-17
1.40558e-17
1.97869e-16
-5.61359e-17
-5.21604e-17
-2.52982e-16
1.07963e-16
3.27568e-17
4.17652e-17
8.77641e-17
-1.95807e-17
8.67846e-17
-1.25432e-16
4.13765e-18
-6.36171e-17
-1.17797e-16
-3.15508e-17
-1.75319e-16
1.6273e-17
1.22829e-16
2.69259e-17
-2.95979e-16
3.81196e-17
-1.31683e-16
-5.65844e-18
-2.23251e-16
-4.4317e-17
-2.072e-16
1.00297e-16
-6.42923e-17
-3.36477e-17
8.71226e-17
-3.01039e-17
9.99993e-17
-9.31319e-17
5.8237e-17
-1.75129e-16
-3.41531e-17
-5.49606e-17
-2.36966e-17
-8.55469e-17
-1.21611e-16
-1.93239e-16
4.38006e-17
-8.29878e-17
-5.40318e-17
1.65544e-18
1.48137e-16
-3.61872e-17
-2.34486e-18
7.43435e-17
9.76947e-17
1.94212e-16
-5.71582e-17
1.04304e-16
8.90258e-18
2.83556e-17
-1.34804e-16
1.05583e-16
-1.59799e-16
-4.94486e-17
-1.96214e-16
-8.59387e-17
-1.19015e-16
-2.55031e-16
-1.51272e-16
-2.27572e-17
-1.23758e-16
9.07271e-17
-1.36057e-17
4.92409e-18
-1.59827e-16
-4.20595e-17
1.81551e-16
6.7785e-17
5.60739e-17
3.43742e-17
1.35623e-17
2.82715e-17
2.95785e-17
-8.93909e-17
4.59195e-17
-2.23522e-16
1.11896e-17
-2.20367e-16
8.94998e-17
-1.28352e-16
2.16509e-16
-7.68263e-17
5.26781e-17
-1.84785e-17
-1.84611e-16
2.00254e-17
-2.0354e-16
-1.39959e-17
-1.3792e-16
-7.77668e-18
1.49552e-17
-3.31352e-17
-6.76395e-17
-1.56912e-16
-1.66354e-16
1.78621e-17
-2.61648e-17
-7.81439e-17
-1.90338e-17
4.8881e-17
-7.11608e-17
-2.02985e-17
8.38109e-17
1.01696e-16
1.19365e-16
1.22095e-16
7.86449e-17
-5.51548e-17
-3.1954e-17
-6.39453e-17
9.11589e-17
1.19312e-16
-4.54894e-17
-1.15493e-16
-3.13165e-17
-6.33359e-18
-1.34597e-16
-1.84612e-16
5.18036e-17
4.09033e-17
1.86562e-17
8.44218e-17
8.58362e-17
3.49052e-17
1.02013e-16
2.37715e-16
-1.13826e-16
1.14987e-16
-9.98506e-17
-6.19637e-19
1.75786e-16
-4.14489e-17
6.22823e-17
-7.54395e-17
-7.62407e-17
1.71605e-16
-6.04235e-17
8.99452e-17
-8.26458e-17
1.42334e-16
3.3029e-17
3.23366e-17
-1.52838e-16
-1.05587e-16
-3.89936e-18
-1.61566e-16
-6.81153e-17
-1.7494e-16
-1.22632e-16
-5.80582e-17
-2.32416e-17
1.17231e-17
-1.1926e-16
-1.99739e-16
-1.335e-16
-8.54827e-17
2.35236e-17
-4.43196e-17
-1.04911e-16
6.97295e-17
4.42725e-18
1.03855e-16
4.59738e-17
6.79835e-17
1.73003e-16
1.06179e-16
-8.59692e-18
6.77995e-17
-5.16497e-17
-1.48806e-17
-1.1367e-18
-3.90159e-17
-5.3712e-18
-7.89235e-17
-6.901e-17
-4.30961e-17
-4.63408e-17
8.91274e-17
-4.25052e-18
9.86818e-17
2.42475e-17
1.02385e-16
1.35192e-16
-4.79924e-17
6.0759e-17
-4.70652e-17
6.28891e-17
2.01753e-17
1.41153e-17
5.74796e-17
-1.0108e-16
3.69458e-17
-2.39847e-17
4.63482e-18
9.33411e-17
-3.20135e-17
1.67771e-16
-8.17359e-17
1.15812e-16
2.94107e-17
7.33221e-17
-1.75879e-16
-1.59716e-16
-1.11411e-16
-2.09651e-16
-1.25253e-16
-1.38276e-16
-1.61658e-17
-5.22461e-17
6.71734e-17
-9.96709e-17
-1.3886e-16
-9.35654e-17
-7.86702e-17
-6.50298e-17
1.12623e-16
-1.34939e-17
-6.38572e-17
1.63616e-17
8.69301e-17
2.23919e-16
1.08359e-16
1.45439e-16
7.2575e-17
-1.35123e-17
8.56582e-17
-2.11578e-17
3.33464e-17
-4.94806e-17
3.62522e-17
-4.42434e-17
5.92961e-17
-1.15057e-16
1.25469e-16
-1.23619e-16
6.16546e-17
1.45323e-16
2.49021e-16
8.89631e-17
1.84214e-16
1.53538e-16
1.92361e-16
2.18851e-17
3.24078e-17
-5.13569e-17
4.79231e-17
-6.68533e-17
-2.87853e-17
1.08271e-16
-6.66986e-17
-1.11214e-16
-1.69282e-16
1.18801e-17
-5.34439e-17
2.41469e-16
1.66238e-16
6.26953e-17
1.04122e-16
6.93483e-18
8.80394e-17
5.08173e-21
-6.13698e-17
-6.18708e-18
-1.36398e-16
3.156e-17
-8.82027e-17
2.77e-17
-1.22396e-16
8.38545e-17
-1.13751e-16
4.00369e-18
1.07632e-17
2.42219e-17
-1.13134e-17
6.21467e-17
-4.74535e-17
-3.41455e-17
9.12474e-17
4.91522e-18
1.60207e-16
3.77074e-17
5.54557e-17
1.9607e-16
-2.79008e-17
1.10017e-16
2.94232e-17
1.24644e-16
-6.46214e-17
1.66113e-17
-5.24549e-17
1.66451e-16
8.82111e-17
7.03952e-17
-3.12078e-17
7.58083e-17
9.89907e-17
2.05953e-16
5.09619e-17
1.34582e-16
1.78859e-18
1.44506e-16
-1.44816e-17
2.22043e-17
7.22688e-17
-6.76708e-17
5.71322e-17
-2.16754e-17
9.12801e-17
-9.51611e-17
-1.3276e-16
4.37188e-18
-2.39573e-17
1.30644e-17
8.12601e-17
7.75286e-17
1.39037e-16
1.38127e-16
8.14826e-17
5.49536e-17
1.34834e-17
-6.93806e-17
-7.76683e-17
-1.75497e-16
-2.06269e-16
-1.71253e-16
-1.0367e-16
-1.79687e-17
5.52657e-17
-4.05814e-17
-1.68035e-17
-1.98127e-17
-1.00528e-16
-1.3832e-16
-1.45435e-16
1.93465e-17
-5.57317e-17
9.66465e-17
-1.17428e-16
1.14886e-16
-4.51588e-17
4.25666e-17
1.74806e-16
2.09637e-21
1.19874e-16
1.29152e-17
-8.04457e-18
4.01671e-17
-2.84912e-18
-3.20799e-17
-1.28904e-16
5.01386e-17
-1.21489e-16
-6.19409e-17
1.69047e-16
2.33656e-17
2.58184e-16
4.93353e-17
1.69866e-16
4.14717e-17
-8.65182e-18
-5.01667e-18
-8.58972e-18
3.70425e-17
-6.1883e-18
-4.78268e-18
-5.89935e-17
2.58016e-17
4.91222e-17
-8.99806e-17
1.15649e-16
-1.17823e-16
1.09826e-16
-2.24887e-16
2.5981e-17
-1.34458e-16
5.83168e-17
4.51489e-17
-3.47516e-18
-9.87251e-17
-2.04415e-16
-1.63367e-16
-7.70992e-17
-1.97226e-16
-6.92256e-17
3.34915e-17
-1.08881e-16
-5.15668e-17
-1.65342e-16
-6.8474e-17
-2.82173e-17
-9.22401e-17
-1.26336e-17
-8.20892e-17
3.6768e-17
-1.379e-16
1.59062e-16
-6.02976e-17
7.81021e-17
-1.7307e-16
1.4684e-17
-5.4705e-17
-5.19602e-17
9.03161e-17
4.83437e-17
-4.04942e-17
2.19609e-17
3.17358e-17
-1.19e-17
-1.91966e-17
1.49981e-16
2.24698e-16
5.37929e-17
2.22526e-16
-2.9967e-17
1.59128e-16
-2.11647e-17
7.34035e-17
-3.52625e-18
9.64551e-17
-2.03606e-17
1.21871e-16
-1.66054e-17
2.50334e-17
3.9924e-17
1.12486e-17
3.81169e-17
-1.1294e-17
-1.40095e-16
5.7745e-17
-2.4237e-16
6.83945e-17
-3.15009e-16
1.4766e-16
-2.3039e-16
3.24867e-17
-2.35766e-16
-5.89175e-17
-7.85153e-17
-1.37565e-16
1.34557e-16
-7.57646e-17
8.14272e-17
-1.13439e-16
-1.63272e-17
-1.05325e-17
2.82627e-17
-1.39135e-16
6.37886e-17
-7.58607e-17
-1.37652e-17
4.22193e-18
1.56027e-17
2.77762e-17
-5.05857e-18
3.12511e-17
-5.72559e-17
8.77415e-17
-9.1138e-17
1.46152e-16
-3.02412e-17
8.73989e-18
-1.59662e-16
2.70197e-18
-1.50056e-16
6.2199e-17
-2.19278e-17
1.38653e-16
-1.9314e-17
1.16458e-16
5.95442e-17
6.01085e-17
-7.60008e-17
1.10873e-17
1.66692e-16
-4.28557e-17
1.16621e-16
4.33529e-18
1.05701e-16
-5.00292e-17
1.09777e-16
-7.88515e-17
-6.65919e-18
6.55852e-17
1.00537e-16
3.97613e-17
-1.29855e-16
-1.07052e-16
1.11527e-16
-3.41936e-16
1.16659e-16
-2.19107e-16
1.70446e-16
-1.21819e-16
1.32273e-16
-1.65349e-16
2.74134e-17
-1.83946e-17
-1.47694e-16
-2.31456e-17
-8.47085e-17
1.98112e-16
-2.59528e-17
1.36438e-16
-1.13634e-16
4.60155e-18
-1.71771e-16
2.58375e-16
-4.15543e-17
-4.87421e-17
-1.64297e-18
-5.88456e-17
1.15336e-17
-4.07639e-17
-5.1245e-18
-1.02507e-16
1.64559e-16
9.14899e-17
1.94975e-17
4.54854e-17
5.99637e-19
-2.12646e-16
7.36958e-17
-1.07823e-16
1.22668e-16
-7.01366e-17
1.74815e-16
4.71333e-17
7.80387e-17
1.15841e-17
1.00739e-16
5.05374e-17
-1.0886e-17
2.73308e-17
-3.93533e-17
8.93493e-17
-4.42204e-17
1.8874e-18
-4.45137e-17
2.70699e-17
-4.35711e-17
-5.36019e-18
4.28244e-17
1.7691e-16
2.17148e-18
-4.002e-17
1.84608e-16
-5.66116e-17
-1.52368e-16
1.70118e-16
-5.9087e-17
1.8769e-16
6.14812e-19
1.56253e-16
-5.45079e-19
1.26088e-17
-1.34576e-16
-2.32821e-17
-1.83603e-16
-5.34543e-17
1.75527e-16
-5.74763e-17
1.02157e-16
-1.54578e-16
7.22048e-17
-1.95077e-16
8.78211e-17
-1.09692e-16
1.54851e-17
-5.80409e-17
4.70466e-17
1.47618e-16
-1.44309e-16
4.60645e-17
1.33736e-16
5.60583e-17
1.992e-16
-2.31721e-17
3.79102e-17
1.66687e-17
-1.66439e-16
9.00212e-17
-7.35196e-17
1.4519e-16
-3.58635e-17
5.9431e-17
3.44417e-18
1.84341e-16
9.23468e-18
9.78731e-17
8.33313e-19
8.42446e-17
-7.56698e-17
-7.89936e-17
-1.17167e-16
-6.08125e-17
-1.23072e-17
-9.39818e-17
-2.31204e-17
-1.05014e-17
4.04357e-17
2.04751e-17
5.34913e-17
-5.12359e-17
-1.49243e-16
-5.40191e-17
-6.57316e-17
4.70368e-18
1.43676e-16
6.27544e-17
1.83223e-16
-1.52532e-16
1.02996e-16
-1.96118e-17
3.69636e-17
-8.62336e-17
9.14415e-17
-4.74446e-17
-2.45524e-17
1.02921e-16
-1.01971e-16
3.99785e-17
-1.22909e-16
-2.61162e-17
-2.16696e-16
1.91324e-17
-9.83193e-17
7.68376e-17
1.71723e-17
7.35104e-17
1.29078e-16
1.26451e-16
-3.35102e-18
1.14246e-16
-1.66595e-17
1.1465e-16
-1.27555e-16
3.82333e-17
2.58405e-17
-2.31236e-17
1.66216e-16
4.95252e-17
2.21897e-16
-4.47204e-19
1.94105e-16
-1.65684e-16
8.62996e-17
3.68997e-17
3.05739e-17
-7.55549e-17
1.28461e-18
-1.29058e-16
1.30352e-17
-2.27495e-17
-8.65722e-17
-2.28121e-16
-5.0386e-17
-1.0724e-16
-2.36171e-17
-5.57804e-17
1.48479e-17
-4.19334e-17
-8.71634e-17
-6.12921e-17
-2.73305e-16
-1.24832e-16
2.17983e-17
-5.23581e-17
7.11261e-17
2.32951e-16
-7.7559e-17
1.22147e-16
-1.44109e-16
1.30427e-16
-1.924e-16
1.10242e-16
-1.55712e-16
-1.1431e-16
-2.45694e-17
-1.19058e-16
-9.92531e-17
-1.153e-16
-4.06758e-17
-1.3921e-16
8.28798e-17
-3.812e-17
5.46042e-17
4.65353e-18
9.31563e-17
2.87152e-17
2.45984e-16
-3.77795e-18
1.67127e-16
-6.34693e-17
7.04707e-17
-1.41443e-16
7.66014e-17
-1.64404e-17
1.63342e-16
1.37931e-16
1.57643e-16
1.11592e-16
7.83447e-17
2.28022e-16
-1.93272e-17
1.37771e-16
-4.17491e-17
3.73459e-17
-1.90274e-16
4.01031e-17
-2.84206e-16
-5.38775e-17
-3.5442e-17
-5.59403e-17
-9.60631e-17
-5.2752e-17
-2.46618e-17
8.86682e-18
-2.82381e-17
-4.48523e-17
-1.35886e-17
-7.57818e-17
-4.03673e-17
-1.21968e-16
-1.72447e-16
-7.59919e-17
2.21856e-16
8.22771e-17
1.50278e-16
6.31893e-17
9.82229e-17
-1.53113e-16
1.45999e-16
-1.008e-16
1.00737e-16
8.01455e-17
-9.38263e-17
-1.59598e-16
-5.16976e-17
3.13399e-17
3.58547e-17
2.17272e-17
-9.77081e-17
4.29305e-17
-1.1629e-16
2.29808e-18
-2.73926e-18
1.36046e-16
3.16138e-18
2.39517e-16
6.35669e-17
3.56788e-17
1.912e-17
-2.7243e-17
-5.11334e-17
9.46337e-17
-2.8214e-18
2.20359e-16
2.46715e-17
7.33282e-19
7.96743e-17
-1.23195e-16
1.97998e-16
-4.46869e-17
-2.23055e-17
-1.83079e-16
-1.27138e-17
-7.34107e-17
7.42353e-17
-5.43699e-17
-5.67477e-17
-1.98109e-16
4.38273e-17
-1.12528e-16
5.66295e-18
-1.41329e-16
-3.89431e-17
-1.15153e-16
-4.96271e-17
-1.06946e-16
-1.48956e-16
3.51832e-17
-1.46563e-16
-3.73449e-17
-1.98192e-16
8.34952e-17
-2.15993e-16
9.02803e-17
-2.20467e-17
1.72271e-16
-2.41012e-17
2.3738e-16
1.3499e-16
-5.3529e-17
8.61512e-17
-1.32579e-17
-6.9135e-18
-1.60983e-16
6.761e-17
-4.62776e-17
6.55119e-18
-1.12158e-16
-3.93843e-17
3.64474e-17
2.22593e-16
-5.69965e-17
1.23639e-16
-4.85725e-17
1.09987e-16
4.82003e-17
2.22999e-17
1.42958e-16
3.12983e-17
-6.85055e-17
-7.42123e-17
-4.14553e-17
3.69966e-17
-4.49614e-18
5.84567e-17
1.07386e-16
8.27697e-17
9.17674e-17
-1.65093e-16
3.02285e-17
-2.61126e-16
1.81733e-17
6.00838e-17
4.81538e-17
-1.78803e-17
-1.55581e-17
-2.67928e-16
-1.10875e-17
-1.77788e-16
3.38791e-19
-2.55034e-16
1.66543e-17
-1.39948e-16
-2.87968e-17
-3.02539e-16
-1.95042e-16
8.23425e-17
-8.79131e-17
-6.07057e-17
-4.07282e-16
1.14665e-16
-1.0738e-16
2.49717e-16
-9.05759e-17
1.7705e-16
-7.43295e-17
7.04426e-17
-3.51297e-16
6.78127e-17
-1.60446e-16
-7.15758e-17
-2.17052e-16
-2.5691e-17
-6.9543e-17
-9.18467e-17
-2.5769e-17
-1.18138e-16
1.08432e-16
-2.27031e-17
1.96972e-16
3.97643e-17
-4.77119e-17
-7.73517e-17
6.10327e-17
3.91603e-17
2.91405e-17
1.08715e-16
5.11798e-17
-4.22481e-17
7.85489e-17
-7.37384e-17
-2.18262e-17
-6.41531e-17
-8.62839e-17
3.71996e-17
6.18652e-17
1.3374e-16
2.39182e-17
9.01809e-17
-1.2798e-16
4.76237e-17
-1.64459e-17
2.74042e-17
-5.47063e-17
-1.11308e-16
-2.34425e-16
-1.14473e-17
-1.9963e-16
-5.21905e-17
-7.68845e-17
-3.28525e-17
-3.63705e-17
-7.38253e-17
-1.6893e-16
6.28541e-17
1.26696e-17
-2.07143e-16
-8.01161e-17
-2.16934e-16
3.88924e-17
-2.38176e-16
1.29903e-16
-1.66065e-16
1.05503e-16
-1.54267e-16
9.16245e-17
-3.7027e-16
6.3374e-17
-2.92783e-16
6.49216e-17
-3.70198e-16
-4.6919e-17
-1.05093e-16
-4.42212e-18
-6.10045e-18
-3.63399e-17
4.05566e-17
-8.64026e-17
5.6432e-17
-4.50609e-17
7.43063e-17
-3.50738e-17
1.45581e-16
5.5303e-17
5.53138e-17
4.96058e-17
1.37242e-16
-2.86844e-18
3.39947e-17
-2.55913e-17
3.46367e-17
-7.11116e-17
-1.97504e-16
-6.88204e-18
-2.23022e-17
2.26311e-17
1.8222e-17
4.75535e-17
-1.39643e-16
-1.47249e-17
-2.83984e-16
1.09985e-18
-4.15292e-17
-5.7342e-17
-3.96664e-17
6.32082e-18
-1.4754e-16
1.1122e-17
2.77945e-17
2.27159e-17
8.68516e-17
1.91339e-17
8.97193e-17
1.42244e-16
3.01991e-17
-3.96258e-16
9.14436e-17
-1.1109e-16
-6.17902e-18
-2.80104e-16
3.69024e-17
-3.10527e-16
-2.65808e-17
-2.34417e-16
1.95192e-16
-1.05016e-16
6.61528e-17
-2.3084e-16
6.71344e-17
-2.3768e-16
5.99539e-17
-6.22168e-17
1.48974e-16
-8.80165e-17
5.14606e-17
-2.07737e-16
-6.9258e-17
-1.41556e-16
-4.16047e-17
2.67447e-18
-5.69584e-17
3.4726e-17
6.86084e-17
3.02672e-17
-5.89975e-17
-1.61434e-17
-1.84339e-16
-2.25825e-16
-2.01174e-17
-1.2523e-18
-3.23437e-17
-1.02413e-16
1.43561e-17
-1.04816e-17
4.19899e-17
8.15239e-17
2.1695e-16
-1.08394e-16
4.18427e-17
-2.70767e-16
-8.87661e-17
-2.18687e-16
-3.91415e-17
-1.92941e-16
7.75185e-17
6.78265e-17
-9.71409e-18
7.00216e-18
1.39503e-17
-9.27325e-17
5.00596e-17
-8.16728e-17
-1.65416e-16
-3.1641e-17
-2.46647e-16
-2.93779e-17
-1.79906e-16
-3.70208e-17
-3.5771e-16
4.80287e-17
-2.63525e-16
1.32327e-16
-2.43412e-16
8.64837e-17
-1.01263e-16
1.00799e-16
-1.1957e-16
1.47369e-16
-2.24932e-16
7.61778e-17
-9.8533e-17
2.67507e-17
-1.03471e-16
1.24815e-17
-8.28466e-17
-8.96329e-18
-5.57803e-17
8.97124e-17
-2.89028e-17
-6.62318e-17
-1.15814e-16
8.70411e-17
-9.2713e-17
-8.64286e-17
-8.1683e-17
-1.7754e-16
-2.5413e-16
-1.06891e-16
-7.71373e-17
1.44174e-16
6.31227e-17
1.0354e-16
-1.00893e-16
-1.15856e-16
-3.49642e-17
9.43318e-17
-8.20061e-17
2.46954e-17
-1.84099e-16
-4.68853e-17
-2.82436e-16
5.58918e-17
-2.02019e-16
-6.91803e-17
2.35297e-17
3.24806e-17
1.84853e-17
4.60573e-17
-3.27744e-17
9.59013e-17
-2.50383e-16
-1.47717e-16
-3.77189e-17
-2.5439e-16
-1.46859e-17
-6.05165e-17
4.59238e-17
-3.59239e-17
1.6726e-16
-9.4589e-17
1.73807e-16
-2.05847e-16
5.64306e-17
-3.2102e-16
7.63051e-17
-2.42645e-16
8.96187e-17
-1.2171e-16
4.38048e-17
-1.76926e-16
1.12256e-16
-1.05473e-16
1.61165e-17
-1.34516e-16
-5.52098e-17
-1.58032e-16
9.59594e-17
-1.49901e-16
-5.70961e-17
-4.11762e-17
-2.13269e-17
-9.73542e-17
-4.15641e-17
-2.12005e-16
-3.38206e-17
-2.60773e-17
-1.04304e-16
9.7944e-17
-4.97864e-17
9.12366e-17
7.57385e-17
-3.27808e-17
-5.0908e-17
-1.56925e-17
5.87682e-17
-1.03795e-16
-4.21764e-17
-2.41674e-16
-8.55827e-17
-1.54249e-16
1.03936e-16
-1.08619e-16
3.86288e-17
-2.82623e-17
5.21487e-17
7.53292e-17
-5.13712e-17
-1.01163e-16
1.68662e-17
-2.32446e-16
-8.66921e-17
-4.86259e-17
6.90561e-18
1.94455e-17
6.95245e-17
1.38988e-16
1.89619e-17
1.01394e-16
-7.48749e-17
6.77783e-18
-7.78366e-17
1.25739e-16
-3.11771e-16
9.10076e-17
-3.15297e-16
3.96468e-17
7.2765e-17
1.06986e-16
-1.10196e-16
1.35293e-16
-9.4076e-17
5.23717e-17
-1.48151e-16
-3.03733e-17
-1.19465e-16
5.0349e-17
-8.26401e-17
-5.88314e-17
-2.67599e-16
-1.63225e-18
-2.48142e-17
1.20867e-17
-5.44292e-17
-3.62229e-17
-3.63521e-17
-5.75461e-17
-8.38057e-17
3.33452e-17
-1.39423e-16
-5.48159e-18
-4.89414e-19
-1.52038e-16
-9.72201e-17
2.74966e-17
-7.79604e-17
-1.68957e-17
-8.87935e-17
-4.68474e-17
-5.45687e-17
8.97831e-17
4.594e-17
1.89339e-16
-8.12809e-17
-1.03724e-16
-1.75497e-17
-2.80392e-17
-7.44654e-17
6.6744e-17
-2.80879e-17
-7.13809e-17
-1.25369e-16
-8.6301e-17
-4.06353e-17
-1.03451e-16
8.27811e-17
8.80584e-17
9.24916e-17
1.0234e-16
-4.22778e-17
-7.29115e-17
4.49071e-17
-1.42286e-16
1.8454e-16
-2.15411e-16
1.23532e-16
3.09783e-17
1.12125e-16
-1.5835e-16
6.09648e-17
-1.71115e-16
-9.5073e-18
-1.84996e-16
-4.85173e-17
1.09407e-17
5.84814e-17
-6.19196e-17
9.20353e-17
-1.42629e-16
4.00868e-17
-1.09062e-16
-1.60207e-16
-1.22697e-17
-3.58155e-17
1.05924e-16
-9.03546e-17
-4.58513e-17
4.52019e-17
-2.32843e-17
9.32442e-18
7.01676e-17
-1.28611e-16
-8.89981e-17
4.10194e-17
3.9305e-17
-5.34288e-17
-1.56736e-16
-5.79345e-17
-1.90349e-16
1.11055e-16
-1.50982e-17
1.29734e-16
-5.92694e-17
-8.14071e-17
5.82951e-17
-3.69235e-17
-4.22147e-17
7.42652e-17
1.74961e-16
8.53729e-17
6.65955e-17
8.67526e-17
3.10995e-17
1.2916e-16
6.83062e-17
1.40618e-16
8.63634e-17
2.3888e-16
-1.86308e-17
1.48602e-17
4.21801e-17
8.029e-17
2.05347e-16
-1.46395e-16
5.45963e-17
-7.12805e-17
7.8556e-17
-1.39884e-16
2.79663e-17
-2.43482e-16
1.19857e-16
-1.0337e-16
-2.84066e-17
-1.05267e-16
3.94707e-17
-9.67683e-18
-3.62887e-18
-6.84766e-17
-8.64837e-17
-1.37932e-16
9.4407e-17
-3.9332e-18
-2.07525e-17
3.85364e-17
-9.95111e-17
-4.32833e-17
3.88531e-17
-1.0662e-16
-1.67745e-17
2.62638e-16
-6.35967e-17
-7.19472e-18
-8.36706e-17
-5.93382e-17
5.44923e-17
1.42818e-17
7.82639e-17
-2.05715e-17
3.01778e-17
-8.34981e-17
6.65968e-17
3.37905e-17
-2.61315e-17
5.89849e-17
7.52531e-18
7.86132e-17
4.08213e-17
7.89093e-17
-1.20769e-16
-9.23826e-17
1.11834e-16
-6.61729e-17
1.74702e-16
1.01392e-16
1.05074e-16
-2.17419e-17
3.01714e-16
-1.07762e-16
1.50525e-16
4.63857e-17
2.09557e-16
8.91684e-17
1.71161e-16
5.65197e-17
-2.70389e-17
1.24302e-16
1.64104e-17
1.05765e-16
3.48878e-17
9.22611e-17
-1.62433e-16
2.18923e-17
-2.3484e-16
5.06192e-17
-1.49264e-16
-1.62396e-17
-7.69717e-17
2.21378e-17
-1.43251e-16
5.49258e-17
-6.97673e-17
-1.3432e-16
-7.091e-17
-1.02329e-16
-7.36229e-18
1.16818e-16
1.75791e-17
-4.10412e-17
5.92353e-17
-9.5826e-17
-6.18316e-17
-5.28393e-17
-1.2517e-16
3.60008e-17
-4.13493e-17
1.03282e-16
2.75418e-18
1.04176e-16
6.1911e-19
1.97734e-16
2.98195e-17
1.58314e-17
-1.07598e-16
-7.75076e-17
-6.37117e-17
-6.73386e-18
2.62373e-17
-1.6705e-17
6.12282e-18
2.15363e-16
1.73459e-18
8.46364e-17
5.47525e-17
2.24922e-16
-7.07175e-17
2.63855e-16
-1.81146e-16
1.47516e-16
8.23509e-17
2.29008e-16
1.55299e-16
2.33246e-16
4.75683e-17
9.86999e-17
7.93806e-17
2.99377e-17
-1.37201e-17
-1.94824e-16
5.40959e-17
-1.08912e-16
4.44881e-17
-1.75192e-16
5.53164e-17
-1.59899e-16
-8.86988e-18
-1.05934e-16
-1.15268e-17
-6.87041e-18
-1.81618e-17
7.6343e-17
3.44073e-17
-3.66464e-17
-5.14582e-17
2.69454e-18
3.85802e-18
2.79071e-17
-1.43492e-16
-2.91249e-16
-7.05342e-17
1.9654e-17
5.3921e-17
4.3046e-17
5.69056e-17
1.08975e-16
5.97302e-18
9.5591e-17
1.21686e-16
-3.15947e-17
8.32488e-17
-2.13224e-17
6.21639e-18
-1.32335e-16
1.68335e-17
-1.36543e-16
-7.4788e-18
-2.71732e-16
-2.26211e-16
5.25154e-17
2.04657e-16
1.03856e-16
1.10144e-16
4.31533e-17
3.99605e-16
-1.87633e-16
2.42797e-17
-6.41881e-17
9.56867e-17
6.50027e-17
3.28908e-16
1.57429e-17
1.36507e-16
-6.1597e-17
-1.00764e-16
3.0511e-17
4.63943e-17
8.49967e-17
-1.79089e-17
9.74624e-17
3.29141e-17
6.18161e-17
-1.1845e-16
7.86478e-17
-5.09977e-17
-3.51671e-17
-4.95603e-17
2.32881e-17
-7.65892e-17
2.23319e-17
-7.8438e-17
1.25257e-17
-1.3758e-16
-2.18644e-17
-1.03481e-16
-3.75683e-18
-6.3518e-17
-1.3101e-17
-2.54946e-16
-7.33385e-17
-6.42853e-17
-2.16029e-17
1.3277e-16
-6.00874e-17
2.07147e-16
2.36756e-17
2.54579e-16
6.41909e-17
2.13849e-17
1.22051e-16
-8.75177e-17
-4.45686e-18
-3.31528e-16
-1.75884e-16
-3.66074e-16
-1.1386e-16
-3.03652e-16
-5.25097e-17
-8.68411e-17
2.29773e-16
6.11729e-18
2.18647e-16
6.42816e-17
3.3857e-16
-1.51372e-17
2.06299e-16
4.97686e-17
2.18191e-16
6.19116e-17
7.46218e-18
-4.5719e-17
-7.50473e-17
1.68494e-17
-2.73514e-16
-9.13938e-17
-1.79488e-16
-2.27001e-17
3.59164e-17
3.25906e-17
-1.32446e-16
1.25437e-16
-5.91e-17
1.0025e-16
-1.15933e-16
5.57353e-17
-8.48203e-17
5.22535e-17
-1.60067e-16
-6.15049e-17
-4.02516e-17
-3.34953e-17
-7.78251e-17
-1.91655e-17
-3.20427e-17
3.22457e-17
1.7154e-17
-8.67036e-17
-1.68396e-16
5.01633e-17
3.92914e-17
1.09802e-16
-4.79945e-17
-8.0814e-17
5.782e-17
-9.40001e-19
5.80254e-17
2.83982e-17
9.97046e-17
-2.00629e-17
-1.81723e-16
-9.51792e-17
-4.52803e-17
2.81988e-17
-1.71677e-16
6.57652e-17
-2.62096e-16
-1.29906e-17
-2.85843e-17
-6.1714e-17
1.09537e-17
7.74782e-17
-2.9795e-17
3.14732e-17
-6.95345e-18
4.90912e-17
-1.44974e-16
2.41533e-16
-6.48681e-17
2.50193e-16
-8.03579e-17
1.15176e-16
4.11005e-17
7.05008e-17
-6.62731e-18
-4.78073e-17
3.46363e-17
1.09686e-16
-1.36114e-17
9.40687e-17
1.2439e-16
-2.78088e-18
1.60501e-16
5.21495e-17
5.89393e-18
-5.92893e-17
-5.42757e-17
3.1736e-18
7.05878e-18
1.9423e-16
2.22424e-17
-7.06906e-18
5.28764e-17
-4.42139e-17
-1.34584e-17
-3.26643e-17
-2.29479e-17
-3.45123e-17
2.73532e-17
8.32822e-17
7.71144e-17
3.65467e-17
7.97294e-17
-6.53778e-17
1.12275e-18
-1.43469e-16
-1.54309e-16
-1.73539e-16
-4.19986e-17
-2.51633e-16
-1.3316e-16
-2.0657e-16
-2.39069e-17
-1.18602e-16
8.55306e-17
-2.66771e-16
-1.4614e-16
2.41724e-16
-1.01591e-19
1.98402e-16
1.28786e-17
-7.35058e-17
-4.55878e-17
-1.60187e-17
8.41717e-17
-1.10614e-16
3.08255e-16
-5.70102e-17
5.63406e-17
-7.13077e-17
1.93973e-16
-1.46624e-17
1.29508e-16
1.74089e-17
-2.64141e-17
4.72298e-17
2.54202e-18
-4.28675e-17
7.82994e-17
1.29988e-16
1.01425e-16
1.69126e-19
8.85093e-17
-9.41575e-17
-2.99918e-18
8.91435e-17
6.56481e-17
6.28381e-17
1.83261e-16
-5.31205e-17
1.37793e-16
4.51843e-17
6.93152e-17
-2.09886e-17
9.90436e-17
1.01566e-16
1.50357e-16
3.06729e-17
1.37952e-16
-5.20665e-17
2.04195e-16
-1.13509e-16
1.76425e-16
-6.67962e-17
1.67383e-17
-7.97693e-17
-2.92524e-17
-4.41444e-17
1.78943e-17
-1.40554e-16
-5.00563e-17
2.76855e-17
4.72365e-17
1.2468e-16
-1.20145e-16
-1.85277e-16
7.12333e-17
1.75708e-16
5.05284e-17
9.42517e-17
8.85278e-17
9.10865e-17
3.08069e-17
1.55608e-16
-1.5042e-16
7.13265e-17
-8.13831e-17
3.32249e-17
-1.18854e-16
7.29695e-17
-4.15787e-17
3.47895e-17
6.88175e-17
6.43014e-18
7.3297e-17
-9.19335e-17
-7.90605e-18
-1.19209e-16
-1.45262e-17
1.66019e-16
5.07303e-17
-8.20801e-18
1.3775e-16
-6.66645e-18
7.49007e-17
2.26692e-17
3.27378e-17
6.24524e-17
-1.53651e-17
1.64794e-16
-7.02771e-18
1.62811e-16
2.12555e-17
7.27046e-17
7.95125e-17
2.15518e-17
-4.16502e-17
-4.67751e-17
2.40477e-17
2.30155e-17
-6.61983e-17
1.05054e-16
-1.2012e-16
-3.2219e-17
-1.03873e-16
-1.55052e-16
-1.40208e-16
-1.12318e-16
-1.49064e-16
-1.74034e-16
1.10022e-17
-1.99313e-18
8.69109e-17
-1.78331e-16
1.14342e-17
3.03961e-17
2.84392e-17
8.53722e-17
1.07468e-16
2.98869e-17
3.06679e-17
3.9739e-17
3.34359e-17
-1.68386e-16
3.65446e-17
-8.58823e-17
2.81649e-16
-1.57525e-16
1.17851e-16
-2.18167e-16
8.42112e-17
-3.61324e-17
6.92527e-17
1.53109e-16
-2.89827e-17
1.68821e-16
6.9606e-17
6.69712e-17
3.55683e-17
1.0288e-16
-8.13864e-17
6.74894e-17
4.49112e-17
1.11343e-17
-1.42858e-16
-3.06775e-17
4.66958e-18
4.51897e-17
1.23845e-16
2.46785e-17
1.64828e-16
-3.61142e-17
1.21618e-16
3.36311e-17
4.90759e-17
-1.85511e-17
-1.18399e-16
5.3521e-17
2.58783e-18
-1.05709e-16
9.40082e-17
-1.94197e-16
-2.95279e-18
-1.30452e-16
-1.29958e-16
-9.62471e-17
-7.49904e-17
-1.05118e-16
-1.84288e-16
-1.838e-17
-8.95877e-18
7.16807e-17
-2.32792e-16
-3.20652e-17
-8.52912e-17
2.05156e-16
1.04603e-16
2.58326e-16
4.98211e-17
9.59942e-17
7.51014e-17
-2.31077e-16
-4.11911e-17
6.64294e-18
-1.26481e-16
7.14808e-17
-1.54609e-16
2.81164e-17
-1.46676e-16
-7.28429e-17
-1.15479e-17
-6.93653e-17
3.59218e-17
6.00644e-17
-7.58221e-17
9.23355e-17
2.42058e-17
-6.33033e-17
1.14349e-16
-1.47596e-16
2.38164e-16
6.7908e-17
5.72668e-17
-1.14907e-16
1.83258e-17
-5.34127e-17
3.87482e-17
-1.39735e-16
-2.83967e-17
-3.41862e-17
-1.06372e-16
3.7143e-17
1.33686e-17
1.28352e-16
6.89497e-17
-1.3552e-16
-7.25146e-17
3.21223e-17
-2.92997e-16
5.13778e-18
-9.35814e-17
-1.58571e-16
-5.9433e-17
-3.18199e-17
-9.98681e-17
5.21969e-17
-4.64108e-17
9.82318e-17
-1.60648e-17
3.81471e-17
5.69735e-17
1.08492e-17
1.37619e-16
-5.89582e-17
1.82508e-16
-9.57085e-17
1.2929e-16
-5.0961e-17
-6.11053e-17
1.12301e-16
-8.87196e-17
-7.76896e-17
-1.40573e-16
-2.15773e-16
4.09578e-18
-1.13019e-16
2.0664e-16
-3.86837e-17
2.28326e-16
4.49418e-17
-1.36238e-17
3.76066e-17
-2.94753e-17
2.43285e-17
1.31293e-17
3.26519e-17
-3.33281e-17
1.36317e-16
1.77598e-17
3.39704e-17
-1.49353e-16
6.97364e-17
-7.12981e-17
6.58935e-17
-7.01561e-17
4.72657e-17
-1.82642e-16
5.57685e-18
-1.67129e-16
-2.62571e-17
-7.71625e-17
-7.94687e-17
2.83141e-16
2.6485e-17
9.00729e-17
-2.87322e-17
1.9505e-16
-1.25923e-16
1.37968e-16
-1.99745e-16
4.80923e-17
-7.00442e-17
1.67197e-16
-5.6941e-18
6.17518e-17
-6.73533e-17
7.93793e-17
-3.14326e-17
-8.66543e-17
1.00646e-16
8.35718e-17
6.49873e-17
-5.42453e-17
-1.11592e-16
-8.81473e-17
6.17933e-17
-5.07884e-17
-3.0712e-19
8.61267e-17
4.6946e-17
-5.14756e-18
-1.6257e-16
-6.29322e-17
5.56197e-17
-1.86901e-16
1.43e-16
-2.29311e-16
9.36305e-17
-8.9648e-18
8.16098e-17
1.68005e-17
6.87978e-17
3.25984e-17
-1.34589e-16
3.51391e-17
1.61379e-17
6.13301e-17
1.09417e-16
-4.70889e-17
-1.49387e-16
1.08914e-16
-8.88559e-17
4.78219e-17
-3.05989e-17
1.46015e-17
-6.55246e-17
-2.31544e-18
-3.35611e-17
1.07863e-16
9.54951e-17
6.25253e-17
1.44544e-16
9.02202e-17
8.46355e-17
-2.26585e-17
1.72314e-16
-1.62178e-16
1.39238e-16
-1.92171e-16
1.46411e-16
-1.5243e-16
2.22252e-16
-1.2071e-16
1.59579e-16
-6.34147e-17
8.14198e-17
4.75251e-17
5.57152e-18
1.94412e-16
6.21852e-17
-3.62742e-17
-6.03174e-17
-3.51068e-17
-1.42515e-16
2.1585e-17
6.03631e-18
1.69286e-16
1.30722e-16
3.00557e-17
6.09588e-17
-3.01953e-17
-3.36615e-17
-1.17205e-17
-1.09437e-16
2.17554e-17
-1.85056e-16
-8.1765e-17
-2.76748e-17
1.27024e-17
-6.55685e-18
7.5442e-17
6.48866e-17
-1.01119e-16
-4.48981e-17
-1.04906e-17
-1.08678e-17
4.73126e-18
1.20339e-16
-9.30871e-17
1.77765e-16
-4.22411e-17
-4.90358e-17
-1.17254e-16
2.42034e-17
-1.23364e-16
1.08382e-16
2.4922e-17
8.96912e-17
-4.26405e-17
-4.09081e-17
-6.14605e-17
9.67578e-17
-4.46825e-17
-3.39371e-17
6.6219e-17
-1.74458e-16
1.30123e-16
-1.48908e-16
1.83372e-16
-1.42774e-16
2.18959e-16
-1.80215e-16
7.21459e-17
-1.21445e-16
1.53101e-16
8.22881e-17
1.19692e-16
1.15728e-16
8.2152e-18
-6.64618e-17
7.42718e-17
5.01997e-18
4.86297e-18
-4.72092e-17
-1.31022e-16
-8.33309e-17
-9.02794e-18
1.14243e-17
7.23088e-17
1.29691e-16
2.5638e-17
8.86296e-17
-3.10182e-16
9.40261e-17
-1.7544e-16
-1.86403e-18
-7.91568e-17
1.44117e-16
9.15664e-17
2.26979e-16
1.20513e-16
2.72543e-16
9.54343e-17
2.98226e-16
2.79082e-17
7.32091e-17
1.21522e-16
-1.08941e-16
2.01581e-16
9.5674e-18
-5.88521e-17
-1.99562e-16
-1.15448e-17
-8.22206e-17
4.18557e-18
-1.44493e-16
9.23575e-17
-3.51578e-17
7.47061e-17
-6.31322e-17
1.38511e-16
-2.63118e-17
-7.07122e-17
-4.1003e-17
-1.2409e-16
1.24254e-16
-2.19551e-16
1.22662e-16
-1.7074e-16
1.02462e-16
-1.37034e-16
9.9038e-17
-9.42208e-17
-9.59222e-18
-1.31219e-17
6.39301e-17
1.73993e-16
2.19383e-16
-1.60962e-16
-7.51174e-19
-1.11702e-16
-4.58797e-18
7.45249e-17
-8.4742e-17
-1.16299e-16
1.42938e-16
4.25546e-18
9.39356e-17
1.36509e-17
-1.56822e-16
-2.67913e-17
-1.67524e-16
1.02584e-16
4.0154e-18
3.57963e-16
4.1345e-17
1.06075e-16
-3.42857e-17
2.6432e-16
-3.58389e-18
2.8427e-16
-5.27534e-17
1.08244e-18
-1.08288e-17
1.28996e-16
1.73587e-16
9.26759e-17
2.4209e-17
1.09791e-16
-8.20805e-17
2.32032e-17
3.54457e-17
1.52816e-16
8.91585e-17
1.38912e-16
7.95138e-17
2.46711e-17
9.3598e-17
-1.8305e-16
1.54664e-16
1.48824e-17
1.40494e-17
-1.33575e-16
-9.57565e-17
-1.67308e-16
-1.32471e-16
-1.06694e-17
-2.19169e-16
-9.73779e-17
-1.76885e-16
1.66437e-16
-6.85597e-17
1.27964e-16
-8.52882e-17
1.41874e-16
-7.20848e-17
2.95039e-16
1.6265e-16
1.38645e-17
-2.18801e-17
-7.79559e-17
7.54821e-17
1.77224e-17
-7.89374e-17
1.26818e-16
-2.14486e-17
2.49094e-17
-1.3232e-19
-3.83699e-17
-3.99858e-17
-1.20026e-17
1.77176e-16
-4.43944e-17
2.58327e-16
3.81728e-17
1.66772e-16
-6.32668e-17
4.36909e-17
-9.46847e-17
1.59401e-16
-2.16852e-18
1.71889e-17
-1.49045e-17
-4.0176e-17
8.44249e-17
1.41125e-16
-1.91602e-19
-1.3387e-17
1.54391e-16
-1.86216e-17
4.03545e-17
1.68607e-16
-9.13957e-17
1.51846e-16
-1.61696e-17
8.76531e-17
6.23813e-17
8.44698e-17
6.41753e-17
8.50626e-17
-1.58706e-17
6.88157e-17
-1.1259e-16
-1.34305e-16
-1.37109e-16
7.88818e-17
-8.10809e-17
1.23295e-16
-1.5033e-16
8.94124e-17
-3.49115e-17
3.48054e-16
2.58889e-17
2.65016e-16
2.21547e-18
1.65694e-16
2.51479e-16
3.77032e-17
-8.97143e-17
-7.80866e-18
-2.27874e-16
-6.59795e-17
-1.54893e-16
9.73248e-17
-4.88733e-17
1.28954e-16
-2.15378e-16
3.27075e-17
-7.90391e-17
-1.20962e-16
-6.32415e-18
-1.27892e-16
-1.12118e-16
-4.81158e-17
4.78765e-17
-1.85184e-18
8.14969e-17
-5.91358e-17
1.03425e-16
-1.21612e-17
9.95872e-17
-4.59609e-17
-7.83598e-17
-8.72384e-18
-4.11371e-17
4.58181e-17
3.53243e-17
1.57737e-16
5.53995e-17
-1.11415e-17
7.58527e-17
-9.70285e-18
2.28504e-18
1.67628e-17
1.57154e-16
1.78819e-18
2.11303e-16
1.24319e-16
8.77927e-17
3.68128e-17
-4.09132e-17
-2.71179e-17
1.02289e-16
-1.32201e-16
4.39715e-17
-1.31919e-16
-3.3797e-17
-6.38816e-17
1.07438e-16
-2.30727e-17
1.36271e-16
-1.01458e-16
-8.19823e-17
2.75746e-17
-7.46152e-17
1.31161e-17
-1.96037e-17
1.34453e-16
1.62679e-17
-2.92569e-17
1.94172e-17
1.59685e-16
-1.05597e-17
1.47417e-16
6.79911e-17
7.0258e-17
5.95437e-17
5.00942e-17
-1.81539e-17
-2.15465e-17
-6.72252e-17
-1.81307e-16
1.19697e-16
-3.48469e-17
-2.70358e-17
-1.74595e-16
-1.02401e-16
1.24866e-16
-5.14984e-17
1.25755e-16
-6.75781e-17
1.95081e-17
1.09536e-16
-7.87448e-17
6.65613e-17
1.4507e-16
9.66738e-17
1.19086e-16
1.04124e-17
6.14425e-17
-1.39314e-17
-8.71445e-18
7.53859e-17
1.70576e-16
-3.32284e-18
1.67838e-16
7.80538e-18
-2.97247e-17
4.89599e-17
-3.51034e-17
-7.5995e-17
3.4227e-17
-1.83102e-16
2.24492e-17
-1.00879e-16
-8.19844e-18
-8.57688e-17
3.44039e-17
-3.23361e-17
1.33217e-16
-4.73488e-17
-2.43565e-17
-2.75336e-17
1.3723e-17
-1.75377e-17
3.08217e-17
1.57967e-16
-8.00507e-17
9.80799e-17
6.53016e-17
1.03397e-16
2.25734e-17
6.31548e-17
4.51951e-18
7.9169e-17
5.07704e-17
2.10462e-16
-2.98354e-17
8.11576e-18
-1.32735e-16
7.27131e-17
-4.16028e-17
-5.88638e-17
1.6693e-16
-8.74869e-17
-5.49505e-18
1.3753e-16
-1.03823e-16
1.28581e-16
-9.01349e-17
1.64188e-16
9.14185e-17
-9.22339e-18
2.06131e-16
1.54182e-16
4.35372e-17
8.01042e-17
-5.8796e-19
-5.53333e-17
4.8226e-17
6.2053e-17
1.49713e-17
5.96553e-17
-2.10672e-17
1.27162e-16
3.60865e-17
3.27346e-17
-1.44381e-18
7.3216e-17
-1.51567e-16
7.39463e-17
-1.65852e-16
8.52877e-17
2.34665e-18
1.61485e-16
-3.69336e-17
1.60707e-16
-1.16299e-16
8.34733e-17
-8.90038e-17
-1.3564e-17
-2.53479e-18
9.67308e-17
1.75375e-17
-5.23454e-17
-2.0849e-17
-4.1184e-17
-3.49307e-17
7.32961e-17
-9.49362e-17
1.00672e-16
3.07846e-17
-1.71217e-18
-4.73901e-17
-5.93001e-17
1.21133e-16
-4.76779e-17
5.559e-17
-4.35437e-17
1.53545e-16
-5.08042e-17
6.26605e-17
5.89948e-17
1.0702e-16
-3.23081e-17
1.10101e-16
4.72073e-17
5.96158e-17
-6.64082e-17
1.47181e-16
1.87202e-18
1.10698e-16
2.8474e-17
8.51925e-17
1.2448e-16
4.9013e-17
9.47909e-17
-1.14494e-16
3.74972e-17
7.31074e-17
-7.68727e-18
7.04629e-17
-3.10249e-17
-1.13833e-17
4.97306e-17
8.54786e-17
8.36421e-17
5.50302e-17
-1.04697e-16
-9.69954e-17
-7.10027e-17
-3.68097e-17
-1.16973e-16
2.67645e-16
-1.76403e-16
1.06621e-16
-7.10561e-17
8.55088e-17
-1.3891e-16
1.40013e-16
-1.14855e-16
2.42554e-16
1.56549e-16
-7.43687e-17
-2.71636e-16
-9.55986e-17
-1.11963e-16
1.11281e-17
-7.18453e-17
5.91709e-17
1.25898e-16
1.20417e-16
2.1947e-16
-1.9581e-17
4.81977e-17
-1.02674e-16
3.41627e-17
-5.78242e-17
6.49569e-17
-2.45216e-17
1.40288e-16
2.0389e-16
2.04665e-16
1.38468e-17
1.74431e-16
-7.06614e-17
1.60963e-17
-8.65336e-17
5.09167e-18
1.75682e-17
-6.5008e-17
-6.65917e-18
7.3603e-17
4.84642e-17
1.48243e-16
1.29676e-16
1.46233e-16
9.1348e-17
8.13249e-18
4.56573e-17
-5.59597e-17
-3.91116e-17
-4.00534e-17
3.42671e-17
6.30485e-17
2.11357e-17
-5.24364e-17
-3.79673e-17
3.23793e-17
-1.607e-17
-1.4616e-16
-1.82361e-16
1.292e-16
-1.63467e-16
1.03319e-16
-3.27072e-17
8.48754e-17
-1.2766e-16
1.35443e-16
-1.65077e-16
1.1406e-16
2.34783e-16
-7.79158e-17
-2.73194e-16
-5.41187e-17
4.39739e-17
2.14422e-16
3.17977e-17
2.25661e-17
-4.75655e-18
7.56222e-17
1.06033e-16
-7.54965e-17
-1.34506e-16
-8.48899e-17
-8.82867e-17
1.85143e-17
6.7184e-17
7.84116e-17
-3.59639e-17
2.45712e-17
1.45484e-16
8.32083e-18
7.37387e-17
-8.18473e-17
5.63182e-17
-6.58431e-17
6.54517e-17
8.19724e-17
-1.2841e-16
3.42354e-17
2.06936e-16
1.26183e-16
2.00314e-16
6.93707e-17
1.36444e-16
-3.55808e-17
7.49801e-18
4.60375e-17
3.92676e-18
-2.62515e-17
-7.33474e-17
-7.58332e-17
1.94623e-16
-7.31028e-17
7.47524e-18
2.36131e-17
4.57221e-17
1.52641e-16
-1.14405e-17
-1.00807e-16
-1.43246e-17
-1.31287e-16
1.15996e-17
-1.21456e-16
1.24135e-16
-1.0775e-16
1.76415e-16
-5.12509e-17
1.61495e-16
1.88025e-16
9.26679e-17
1.3383e-17
2.4261e-17
-4.37949e-18
1.28703e-16
-3.97276e-18
6.09533e-17
-3.80168e-17
7.06346e-17
-4.5608e-17
-7.92904e-17
-1.50646e-16
-1.97032e-17
-1.37186e-16
3.55469e-18
-1.12034e-16
6.23935e-17
5.41733e-17
5.71844e-17
1.24481e-17
-1.25243e-16
-8.40654e-17
3.74905e-17
7.98278e-18
-8.91721e-18
3.78041e-17
7.37333e-17
1.6492e-16
-3.35882e-17
1.65501e-16
-1.54887e-17
7.62618e-17
6.75673e-17
2.813e-17
3.72338e-17
-1.28672e-16
1.2693e-17
-8.41826e-17
6.17514e-17
-2.80501e-17
-3.88802e-17
-2.58033e-17
-5.61395e-17
1.2436e-16
-6.98098e-17
-9.54826e-17
8.02968e-17
-6.05814e-17
-1.38207e-17
2.31846e-17
-1.21537e-16
-3.57126e-17
-1.12923e-16
1.74993e-16
-1.05335e-16
5.31047e-17
3.38775e-17
3.53291e-16
3.28662e-16
6.16228e-17
1.88419e-16
1.97265e-17
1.03148e-16
4.46462e-17
-8.45044e-18
1.37052e-16
-1.2414e-17
5.25802e-17
1.00941e-17
-7.52571e-17
-1.15688e-17
2.65324e-17
7.42323e-17
7.53577e-17
-4.78727e-17
7.87408e-18
5.97479e-18
1.29077e-17
-1.07473e-16
-6.21647e-17
1.18079e-16
-3.29635e-17
1.26295e-16
3.75069e-17
2.52264e-16
1.05399e-16
1.00256e-16
1.16134e-16
-8.24999e-17
-4.71994e-17
-9.85995e-17
-4.83372e-17
-1.03251e-16
9.74776e-18
-8.77817e-17
4.71283e-17
-1.32228e-17
1.13116e-16
3.7549e-17
-2.61097e-17
5.72232e-18
-1.63317e-16
1.21818e-16
-3.51295e-17
6.77843e-17
1.76721e-16
8.68308e-17
-7.4769e-17
-8.5838e-17
2.81469e-17
3.23241e-18
-1.16548e-16
3.7149e-18
-4.34591e-17
4.45036e-17
4.6957e-17
1.17185e-16
2.30941e-16
3.30603e-17
5.32494e-17
6.9196e-17
1.48362e-18
3.60781e-17
-7.87369e-17
-3.27964e-18
-6.44395e-17
-8.8019e-17
1.75572e-18
3.95272e-17
3.38383e-17
6.49661e-17
1.82589e-16
-2.26095e-17
2.0345e-16
-3.92336e-17
1.83301e-16
9.99478e-17
1.17354e-16
7.94794e-18
1.10769e-16
9.1821e-17
-1.09411e-16
-1.39486e-16
-6.96812e-17
4.26135e-17
1.39792e-16
2.51734e-17
-3.67151e-17
-9.07051e-17
-1.00051e-16
-2.15259e-18
-5.81425e-17
1.65948e-16
1.03182e-16
4.9103e-17
-5.65845e-17
1.65164e-16
-1.77344e-17
4.7865e-17
-2.39366e-17
-1.19555e-16
-4.50731e-17
-9.24486e-17
-5.74933e-17
7.97439e-17
-1.99125e-17
-5.25058e-17
-5.50822e-17
-3.33012e-17
7.35682e-17
-6.55489e-17
8.23878e-17
1.96295e-17
2.53318e-16
1.12935e-16
1.0247e-16
1.99964e-16
9.97689e-17
1.61133e-16
-7.32061e-17
3.3664e-17
4.61372e-17
1.8541e-16
1.01195e-16
-1.58127e-18
4.35462e-17
-5.92256e-17
4.93879e-17
6.91352e-17
5.26679e-17
1.39074e-16
-5.00762e-18
2.18672e-16
-1.47944e-17
7.19982e-17
4.28624e-18
1.44397e-16
1.1619e-17
2.83973e-17
-1.55216e-17
6.95515e-17
-7.06096e-17
1.0963e-16
-2.844e-17
1.89535e-16
-1.11368e-16
-2.45315e-17
3.16406e-17
6.77303e-17
1.27724e-16
1.83933e-16
-9.52578e-19
1.12599e-16
6.44028e-17
2.08254e-18
1.5705e-16
6.92945e-17
-7.01567e-18
1.61642e-17
-7.12331e-17
-9.68732e-18
-1.31929e-16
5.20764e-17
7.0219e-17
-7.98616e-17
7.57873e-17
3.02157e-18
2.8812e-17
1.62738e-17
3.23043e-17
-1.52545e-16
-2.68248e-17
1.60076e-16
2.7028e-17
2.17737e-16
1.13782e-16
1.24943e-17
1.2266e-16
-5.77834e-17
1.59425e-16
-7.04846e-17
1.61744e-16
1.21245e-16
1.25952e-16
1.10257e-16
6.28918e-17
6.78242e-17
1.66088e-16
6.63335e-17
1.75125e-16
-8.7057e-17
1.31524e-16
-1.59379e-17
2.16156e-17
-1.08245e-17
3.68723e-17
5.56088e-17
1.31038e-16
4.52844e-17
2.15322e-16
4.84106e-17
-4.1421e-17
-5.94229e-17
2.54638e-17
-8.28114e-17
-3.93238e-17
1.37979e-17
1.18323e-16
5.42145e-17
-2.04103e-17
4.19279e-17
-4.93671e-17
1.3522e-17
-8.01793e-17
7.02527e-17
6.82387e-17
6.627e-17
-3.83639e-17
-4.58245e-17
-1.13569e-17
-9.03841e-17
7.33734e-18
1.86406e-17
-1.37514e-16
-7.73214e-17
3.01011e-17
-4.79516e-17
-5.58188e-17
1.55736e-16
-1.05429e-17
2.2052e-16
4.30715e-17
-7.72176e-17
6.59413e-17
-9.41993e-17
-2.63935e-17
6.76957e-17
-7.40618e-17
-7.68295e-17
1.22099e-16
-6.57021e-17
6.12993e-19
-1.16709e-16
6.37281e-17
2.10454e-17
1.28817e-16
7.02117e-17
5.42697e-17
1.15315e-17
-5.6459e-17
-1.89323e-17
2.68381e-17
7.09513e-17
1.39936e-17
-3.87644e-17
-9.63967e-17
-3.95729e-17
-5.53487e-17
4.17153e-17
4.83266e-18
-3.01085e-17
-9.29917e-18
3.74777e-17
-7.30217e-17
-1.35064e-16
-5.99487e-17
-1.76425e-17
-1.23912e-18
2.46842e-18
2.66732e-17
-3.08156e-17
5.85223e-17
-5.06244e-17
1.88756e-16
7.83319e-17
-1.34915e-17
-1.93851e-16
-1.70393e-16
-1.70674e-16
-1.49246e-16
-1.5051e-16
4.01798e-17
-8.85421e-18
7.05098e-17
4.72866e-17
1.18618e-16
1.45164e-16
6.77174e-17
7.24381e-17
1.91629e-17
-7.8455e-18
4.92315e-17
-9.38781e-17
-1.36845e-16
-3.96716e-17
2.70005e-17
-8.10823e-17
-9.62865e-17
4.15577e-17
-5.0657e-17
9.06365e-17
4.09246e-17
1.43233e-16
-1.04221e-16
8.47079e-17
2.1982e-17
-1.21727e-17
-1.62412e-17
-2.40031e-17
8.60574e-18
-1.55646e-17
-2.16394e-17
1.01578e-16
-7.20979e-17
-4.74649e-17
3.38552e-18
-8.7709e-17
5.38568e-19
-8.21668e-17
-6.63361e-17
7.19187e-17
-1.31921e-16
-6.46878e-17
-7.86902e-17
3.3324e-17
-1.31531e-17
3.88373e-17
-1.86966e-16
-6.09228e-17
-8.92193e-17
4.1108e-17
-1.02246e-16
8.89915e-17
-6.75794e-17
7.13658e-19
-1.62174e-16
-1.38362e-16
-1.68387e-16
-1.35792e-17
-1.92342e-16
1.84187e-16
-1.22149e-16
-4.41807e-17
-4.56861e-17
-6.1535e-17
-7.27312e-17
2.90767e-17
2.89282e-16
2.16375e-17
6.0236e-17
1.21212e-16
4.5958e-17
-1.89812e-16
1.25736e-16
1.25911e-16
4.59333e-17
-7.42685e-17
-2.97997e-17
-1.04816e-16
2.77972e-17
-1.29486e-16
1.28616e-16
-2.81518e-16
7.7485e-17
-2.05613e-16
-4.81151e-17
-1.72327e-16
-1.52066e-17
-1.80096e-16
-2.83359e-17
-1.02156e-16
-7.41825e-17
1.89632e-17
5.30292e-17
-3.197e-17
-2.8994e-17
-7.3261e-17
9.37821e-17
-1.94206e-16
-1.1112e-16
-2.44505e-16
2.38126e-17
-1.06005e-16
-5.91267e-17
-7.23866e-17
-8.49975e-17
-2.7064e-16
-6.44324e-17
-1.27273e-16
1.00333e-16
-1.69487e-17
3.13946e-17
-1.75735e-16
-3.91508e-17
-5.06476e-17
-8.57634e-17
-1.63324e-17
-2.75627e-17
-1.50163e-16
1.79948e-16
-5.08549e-18
1.57276e-16
-1.56059e-16
1.50516e-16
-2.22933e-16
1.28697e-16
-1.02913e-16
-1.81111e-16
-2.13649e-16
-1.29178e-16
-1.2173e-16
-1.26649e-16
-1.23201e-17
-2.7413e-17
-1.24474e-16
-1.82141e-17
-9.67584e-17
1.31404e-18
1.20759e-16
-8.2613e-17
2.34062e-16
-5.25734e-17
1.30641e-16
-2.73237e-16
-3.91046e-17
-4.90252e-16
-5.58981e-17
-2.79219e-16
2.83984e-17
-2.66705e-16
3.20724e-17
-2.96568e-16
-1.07668e-16
-2.88613e-16
-1.10784e-16
-3.90798e-16
-1.0884e-16
-3.39505e-16
2.35286e-17
-2.70797e-16
-6.09359e-17
-2.39091e-16
4.23458e-17
-8.61903e-17
8.79643e-18
-2.90315e-16
3.60694e-18
-3.77254e-17
1.27683e-16
-3.87399e-17
5.28163e-17
-1.82441e-16
-5.73092e-17
-7.72421e-17
-1.7668e-16
-2.19512e-17
6.31353e-17
8.76042e-17
8.6834e-17
6.04568e-17
-9.75465e-18
-2.11919e-16
1.82401e-16
-1.55849e-16
4.6275e-17
-1.91638e-16
-8.34217e-17
-1.0235e-16
-9.45463e-17
-2.01242e-16
-1.42092e-16
7.29883e-17
-3.42725e-17
-3.41636e-17
7.16868e-17
-9.09339e-17
-5.913e-17
8.28262e-18
-3.60551e-16
8.33276e-17
-1.10452e-16
1.02772e-16
-3.96299e-16
-1.02226e-16
-6.1507e-16
6.16681e-19
-2.96961e-16
6.47236e-17
-4.7517e-16
-7.30499e-17
-5.29741e-16
-6.50256e-17
-4.58014e-16
-5.82299e-17
-5.7398e-16
-2.56494e-17
-2.80025e-16
1.09752e-16
-4.60857e-16
-6.88365e-17
-1.5467e-16
-6.42952e-18
-1.37073e-16
8.76968e-17
-1.0917e-16
6.01514e-17
-2.27656e-16
6.94141e-17
-1.89386e-16
-3.88885e-17
-1.04635e-17
2.22239e-17
-1.1426e-18
1.33067e-18
1.1746e-16
-4.17971e-17
3.83971e-16
2.86931e-17
6.83521e-17
-5.71757e-17
-1.79384e-17
1.93175e-16
-6.00391e-17
2.36556e-17
-3.3238e-17
-1.21054e-16
-6.03828e-17
-1.14038e-16
-1.14122e-16
1.00637e-16
-1.29193e-16
-1.78448e-16
-1.32265e-16
-1.02092e-17
-1.14379e-16
-1.77327e-16
-1.0146e-16
-2.77257e-16
-5.71907e-17
-1.60262e-16
6.75867e-17
-4.44499e-16
1.66359e-16
-3.83114e-16
1.08332e-17
-5.01324e-16
-2.36426e-17
-5.73149e-16
6.84175e-17
-4.91692e-16
-2.55507e-18
-5.39132e-16
-1.36974e-16
-4.41642e-16
-9.49948e-17
-4.05758e-16
9.419e-17
-3.0805e-16
1.14612e-17
-3.35184e-16
1.3373e-17
-2.32635e-16
3.26659e-17
-1.56972e-16
7.45008e-17
-2.9284e-16
1.28362e-16
-1.60941e-16
5.0438e-17
-7.13668e-17
7.58466e-17
1.02221e-16
9.02987e-18
2.32129e-16
-1.54489e-16
4.06509e-16
-1.42058e-17
2.04088e-16
-7.78805e-18
2.97209e-16
-2.21768e-18
1.45187e-17
1.04122e-16
2.33581e-17
1.44129e-16
5.54652e-17
1.00118e-16
2.50289e-17
1.03905e-16
-9.89434e-17
-2.62106e-16
-2.1845e-16
-3.0092e-16
-2.17111e-16
-9.61922e-17
-3.65031e-17
-1.34677e-16
-1.16684e-16
-2.38269e-16
3.92884e-17
-2.72798e-16
3.79533e-17
-2.93238e-16
-4.86656e-17
-4.72711e-16
2.9971e-17
-5.89195e-16
8.76546e-17
-4.69845e-16
-9.59148e-17
-4.80754e-16
1.79501e-17
-4.02041e-16
2.12735e-17
-2.75297e-16
1.31908e-16
-1.17463e-16
9.09683e-17
-2.91302e-16
4.48143e-17
-1.63497e-16
-2.64785e-17
-1.42216e-16
1.17714e-16
-8.09597e-17
2.46767e-16
-5.23841e-17
2.00197e-16
-1.11366e-16
1.68022e-16
2.96894e-17
-7.89873e-19
1.6645e-18
-1.81414e-16
4.35525e-18
1.08405e-17
8.34236e-17
5.32632e-18
-3.0775e-17
1.94367e-16
1.23782e-16
-4.50579e-17
-9.75367e-18
1.32171e-18
-4.2255e-17
-1.2647e-17
-3.57735e-17
1.03008e-17
-1.2931e-16
2.33919e-17
-2.02333e-16
-2.06486e-16
-2.26495e-16
-1.12398e-16
-1.12496e-16
-2.46974e-16
-1.41777e-16
-1.26836e-16
6.3966e-17
-2.96982e-16
6.24517e-18
-5.07048e-16
-9.72254e-17
-4.03868e-16
3.25661e-17
-4.15265e-16
4.29218e-17
-5.60112e-16
-4.29593e-18
-3.41164e-16
1.11569e-16
-3.39894e-16
5.4759e-17
-2.60272e-16
1.18517e-16
-1.99092e-16
1.46031e-16
-2.03699e-16
1.97487e-17
-1.10157e-16
-3.01302e-17
-6.68848e-17
1.40106e-16
-7.57484e-19
2.18324e-16
4.19569e-17
2.02284e-16
-9.45328e-17
9.80586e-17
-1.12278e-17
1.47064e-17
-4.05842e-17
-1.46805e-16
-8.11746e-17
1.17072e-16
1.11569e-16
-5.80698e-17
2.34583e-17
6.00444e-17
1.74565e-16
4.93664e-18
-6.43045e-17
-3.96965e-17
-4.90735e-17
-5.13202e-17
-1.24508e-16
1.35487e-16
-4.95575e-17
1.86245e-16
-1.87198e-16
-3.99534e-17
-2.35829e-16
-2.0642e-17
-9.43414e-17
-6.43401e-17
-2.469e-16
-2.98663e-16
-1.4732e-16
-2.71131e-16
6.99365e-17
-5.57763e-16
3.00128e-17
-4.04512e-16
-6.02329e-17
-2.72928e-16
6.79697e-17
-3.78621e-16
-1.81264e-16
-2.18308e-16
1.32949e-16
-1.9392e-16
1.93232e-16
-1.66557e-16
2.15927e-16
-1.3838e-16
9.72644e-17
-3.42459e-16
9.09476e-17
-1.77516e-16
1.38342e-16
-2.4678e-16
1.59002e-16
-4.36054e-17
1.31544e-16
9.06147e-17
2.51808e-16
-2.13993e-17
2.57123e-16
7.46051e-17
-7.96751e-18
-1.13758e-16
-1.32597e-16
-2.16538e-16
-4.74688e-17
-9.66817e-17
-6.57251e-17
-1.92064e-17
1.28674e-17
1.90068e-16
-5.03976e-17
4.17604e-17
4.93079e-17
8.62462e-18
1.67525e-16
-8.14056e-17
2.63819e-17
-7.97217e-17
1.84729e-16
-2.49897e-16
-4.60949e-17
-3.78804e-16
-2.01957e-16
-1.41473e-16
-1.50928e-16
-2.70026e-16
-4.49244e-17
-1.91966e-16
-3.9665e-16
2.31383e-17
-4.68524e-16
1.2424e-16
-4.11612e-16
1.55484e-16
-3.43956e-16
9.90304e-17
-4.58744e-16
-4.82931e-17
-3.35006e-16
1.18744e-17
-2.85834e-16
9.37221e-17
-3.9501e-16
1.13673e-16
-2.34708e-16
1.70043e-16
-2.88614e-16
1.01978e-16
-2.09214e-16
1.17363e-16
-1.92008e-16
1.99651e-16
-9.14577e-17
3.41662e-16
-6.49478e-17
2.32585e-16
1.31001e-16
2.33278e-17
-4.8837e-17
-6.0916e-17
2.23565e-17
-4.46313e-17
-1.14596e-16
3.39426e-17
1.36302e-16
3.83077e-17
1.203e-17
1.40984e-16
2.51831e-16
-4.05063e-17
-7.08485e-17
-1.06085e-16
-2.93106e-17
8.51037e-17
6.12956e-18
-1.2084e-16
-2.61243e-16
-3.60432e-17
-3.79052e-16
-9.39033e-18
-3.45441e-16
-1.79007e-16
-2.13238e-16
-1.71689e-16
-3.5567e-16
-2.74581e-16
-2.13008e-16
-3.15616e-16
1.61715e-17
-2.04773e-16
1.76217e-16
-4.70972e-16
1.71345e-16
-2.02319e-16
1.19191e-16
-3.45974e-16
6.21303e-19
-3.63764e-16
6.35965e-18
-2.73065e-16
7.98261e-17
-4.56733e-16
8.60158e-17
-4.94405e-16
9.0949e-17
-2.81902e-16
2.05076e-16
-2.34551e-16
2.96307e-16
-4.40001e-17
1.05569e-16
-2.10007e-16
1.58211e-16
-2.14762e-16
2.82602e-16
8.22699e-17
1.12242e-16
-1.66427e-16
2.08888e-17
-4.35986e-17
7.772e-17
-1.15134e-16
-5.5638e-17
-1.43983e-16
-5.50766e-17
1.0334e-16
-9.03481e-17
7.1725e-17
5.91968e-17
7.67514e-17
-3.49857e-17
-9.72848e-18
8.11712e-17
-1.66465e-16
-3.35225e-17
-4.72384e-17
-1.03986e-18
-4.05928e-16
5.7737e-17
-4.13837e-16
-8.92911e-17
-2.75207e-16
-6.1387e-17
-2.74513e-16
-3.28449e-16
-1.25853e-16
-2.50365e-16
-1.25307e-18
-2.57078e-16
1.29116e-16
-1.84683e-16
6.8831e-17
-1.16166e-16
1.6306e-16
-3.50188e-16
-3.0074e-18
-2.24113e-16
4.83075e-17
-2.15093e-16
-6.29161e-17
-2.54089e-16
1.8528e-16
-3.81606e-16
1.73662e-16
-2.67579e-16
1.46069e-16
-3.73177e-16
2.46336e-16
-2.12935e-16
1.89224e-16
-1.0985e-16
2.36648e-16
-1.95891e-16
3.63715e-16
-2.06382e-16
7.16406e-17
-2.19702e-16
-5.74967e-17
-2.73566e-16
-2.55266e-17
-9.17262e-17
1.03127e-16
-3.51182e-16
1.43134e-17
1.76942e-17
-3.65215e-17
4.74393e-18
-8.50254e-17
2.13473e-17
-5.30137e-18
8.56155e-17
2.53786e-16
5.09698e-17
-6.23352e-17
-9.92348e-17
-7.94387e-17
-3.39318e-16
-1.53545e-16
-4.47977e-16
-1.18151e-16
-3.07251e-16
-2.22077e-16
-2.95271e-16
-3.1307e-16
-2.51653e-16
-2.0238e-16
-2.77799e-17
-3.58254e-17
1.51288e-16
-1.74802e-16
1.0422e-16
-8.59969e-17
1.29474e-17
-2.23743e-16
6.36229e-17
-3.45071e-16
6.77417e-17
-2.18945e-16
-1.06152e-16
-2.3643e-16
1.83244e-16
-3.51877e-16
1.86721e-16
-2.17158e-16
2.82197e-16
-1.72525e-16
2.82224e-16
-3.0547e-16
2.04849e-17
-1.7428e-16
2.02702e-16
-1.73975e-16
4.07008e-16
-1.89776e-16
1.45007e-17
-2.9532e-16
-8.24001e-17
-1.77857e-16
8.51844e-18
-1.62464e-16
2.0717e-16
-2.2272e-16
1.15866e-16
-2.19679e-16
-3.49087e-17
-9.43048e-17
-1.88703e-17
-1.24115e-16
-2.15275e-16
-4.599e-17
-8.01748e-17
7.93475e-17
3.72354e-17
-1.80414e-16
-1.25506e-16
-4.23573e-16
-1.57736e-16
-3.55574e-16
-3.69426e-17
-3.98243e-16
2.40346e-16
-1.99762e-16
6.66343e-17
-7.12371e-17
-1.52864e-16
-1.23911e-16
-1.14451e-16
1.54118e-16
-3.29394e-16
-7.15399e-18
-1.29211e-16
9.37162e-17
-2.35017e-16
4.69056e-17
-3.83119e-16
1.1646e-20
-6.24176e-16
-2.55389e-17
-2.87154e-16
1.4028e-16
-4.94264e-16
2.25333e-16
-9.19951e-17
2.42327e-16
-1.49522e-17
3.15265e-16
-1.19085e-16
2.92627e-16
-1.61707e-16
1.78269e-16
6.11399e-17
1.63746e-16
-4.44959e-17
1.86117e-16
1.83386e-17
-3.97188e-17
-3.17117e-16
-1.84259e-17
-1.82682e-16
1.51551e-16
-7.78295e-17
7.15182e-17
-2.79476e-16
-1.35767e-18
-1.23133e-16
2.53992e-17
-1.79224e-17
-1.17162e-16
-3.30137e-17
4.47255e-17
7.26042e-17
1.63539e-17
-4.62929e-17
-1.35724e-16
-4.12981e-16
-7.89245e-17
-2.58735e-16
-7.21871e-17
-3.76796e-16
1.75045e-16
-4.79474e-16
1.71963e-16
-1.8428e-16
6.20847e-17
8.34419e-17
-2.67209e-17
2.34929e-18
-1.32233e-16
-1.38047e-16
-1.6296e-16
4.06313e-17
-3.92493e-16
1.67189e-16
-3.57842e-16
1.76724e-16
-4.64521e-16
1.78362e-16
-1.21358e-16
1.58452e-16
-2.46792e-16
1.06184e-16
-5.62525e-18
1.75975e-16
3.39557e-18
2.85037e-16
1.51603e-16
1.93374e-16
-1.36718e-18
2.91881e-16
5.67322e-17
2.36623e-16
1.01422e-16
-2.83093e-18
7.58949e-17
1.7489e-17
-1.33882e-17
2.41712e-17
1.54258e-16
1.65031e-16
3.70096e-17
1.41059e-16
-1.25604e-16
9.2293e-17
-1.13991e-16
-4.39061e-19
-9.82285e-17
-6.87207e-17
-4.26443e-17
-2.28037e-17
9.76848e-17
9.48976e-17
-4.28445e-17
-5.57319e-17
-3.80078e-16
1.38785e-17
-3.04285e-16
7.36746e-17
-4.43392e-16
7.35634e-17
-3.13514e-16
2.21698e-16
-9.73447e-17
3.32327e-16
-7.08639e-17
-3.08288e-17
-2.29293e-17
-2.11412e-16
-1.44267e-16
-5.42434e-16
-1.76561e-17
-3.32015e-16
-1.04954e-17
-3.94058e-16
1.55542e-16
-2.25202e-16
2.97715e-16
2.97616e-17
2.75628e-16
7.44014e-17
2.23788e-16
-8.47925e-17
2.3632e-16
-1.06809e-16
3.30881e-16
5.11618e-17
2.68796e-16
4.05899e-17
2.23754e-16
1.93765e-16
8.5662e-17
2.02316e-16
6.59999e-17
8.76145e-17
9.7966e-17
4.112e-17
-7.02799e-17
1.84488e-16
1.0496e-17
8.2601e-17
1.90319e-17
-2.57639e-17
7.51039e-17
-1.03913e-16
8.0768e-17
5.03943e-18
7.8345e-17
2.55772e-17
9.77284e-17
2.2397e-16
7.65459e-17
-7.14398e-17
-1.91914e-16
-2.40275e-16
-2.10892e-17
-2.48137e-16
5.96768e-17
-3.14051e-16
-1.20792e-17
-4.41189e-16
-7.05562e-17
-3.50395e-16
5.85425e-17
-2.20236e-16
5.60133e-17
-1.40465e-16
-1.05216e-16
1.96552e-17
-1.58704e-16
-7.23252e-19
-1.08044e-16
6.80426e-17
5.02829e-17
1.98897e-16
8.41565e-17
2.25231e-16
4.17217e-17
3.03112e-16
2.96171e-16
2.28569e-16
1.57113e-16
3.06655e-16
1.7344e-16
1.47258e-16
2.45968e-16
3.2926e-16
-1.37701e-17
3.73422e-16
1.77417e-16
8.92747e-17
-5.24953e-17
-2.39323e-17
-2.66236e-17
3.35944e-17
8.40388e-17
-6.51177e-17
-6.19737e-17
7.96843e-17
2.23798e-17
8.23974e-17
5.27414e-17
1.57133e-16
-7.65188e-17
1.45534e-17
-2.48356e-18
3.21113e-17
-1.33646e-16
5.55456e-17
-1.31456e-16
-1.5716e-16
-6.06044e-17
2.38981e-17
-8.68415e-17
1.15957e-16
-2.32696e-16
-1.04221e-16
-3.07476e-16
1.36118e-16
-3.66986e-16
-8.16331e-17
-4.46779e-16
1.63147e-16
-3.41002e-16
7.29223e-17
-8.34865e-17
-1.36537e-16
3.38134e-17
1.13954e-17
1.93378e-16
-4.13263e-17
7.23084e-17
8.37131e-17
1.09536e-16
1.59269e-16
1.70937e-16
8.88307e-17
2.95518e-16
3.08339e-16
2.76424e-16
2.51137e-16
4.12079e-16
1.50257e-16
2.13793e-16
3.36134e-16
3.28714e-16
2.45396e-16
1.36995e-16
3.12529e-17
8.07516e-17
-7.38202e-17
2.51147e-17
5.23255e-17
2.7783e-17
4.75991e-17
-2.4265e-17
-1.2803e-16
8.41699e-18
3.58855e-17
8.78476e-17
-3.96188e-17
1.37977e-16
-1.81683e-16
-5.60059e-17
8.79389e-17
8.19533e-17
-1.01996e-16
-2.35375e-18
-1.01402e-16
-2.60062e-16
-1.32842e-16
1.58481e-17
-1.39731e-16
-4.71e-17
-2.68189e-16
-1.28777e-16
-3.33518e-16
4.13549e-17
-2.75656e-16
8.75856e-17
-2.71075e-16
2.43814e-16
-3.75697e-16
7.83179e-17
-8.84923e-17
6.54112e-17
2.05563e-17
1.60357e-16
1.60499e-16
2.08284e-16
2.57505e-16
2.21162e-16
1.90266e-16
1.23499e-16
4.39398e-18
6.69572e-17
1.91376e-16
1.54894e-16
2.29656e-16
1.76164e-16
4.23391e-16
1.34291e-16
2.76471e-16
2.37874e-16
2.69209e-16
5.1445e-16
1.46671e-16
2.77765e-16
7.06733e-17
5.38057e-17
6.44311e-17
9.4545e-17
-1.83894e-17
-7.27838e-17
-8.76768e-17
-2.27869e-16
-1.17596e-17
-1.60189e-16
2.78188e-17
-1.58347e-16
1.82662e-16
-6.33934e-17
-3.20253e-18
-2.07496e-17
-7.81834e-17
-1.18097e-16
-1.88507e-17
-1.90844e-16
-3.19829e-16
-1.36816e-16
-7.60438e-17
-2.39982e-16
-2.14009e-16
-1.56318e-16
-6.05974e-17
-2.61464e-16
-8.36649e-17
-2.99296e-16
-1.00411e-16
-4.19404e-16
3.02336e-17
-3.27116e-16
3.55047e-17
-7.04886e-17
1.58606e-16
-4.55791e-17
1.22196e-16
7.39001e-17
1.90094e-16
1.80905e-16
4.29861e-17
1.83908e-16
2.91664e-16
1.81916e-16
9.30376e-18
3.38629e-16
4.83404e-17
3.91631e-16
-7.89552e-17
2.711e-16
2.19011e-16
2.438e-16
3.42043e-16
1.97658e-16
3.94898e-16
1.21799e-16
2.27003e-16
-3.88789e-17
1.33139e-16
-8.94872e-17
1.53611e-16
-4.31667e-17
7.90803e-17
-4.74754e-17
-1.65644e-16
5.08711e-17
-1.10957e-16
6.01662e-17
-7.82376e-17
1.03414e-16
-3.68422e-17
-1.11091e-16
-1.29129e-16
-8.96064e-17
-4.51017e-18
-3.65198e-17
-9.14453e-17
-2.13484e-16
-1.06717e-16
-1.06188e-16
-2.11581e-16
-3.86067e-16
-1.53059e-16
-3.32281e-16
-2.52721e-16
-8.21981e-17
4.37833e-17
7.72365e-17
8.06928e-17
1.01776e-16
2.02423e-16
2.53718e-16
4.89157e-16
3.90458e-16
2.8664e-16
1.37243e-16
4.16845e-17
-4.36714e-17
-6.01172e-17
-1.35764e-16
-9.7215e-17
3.44757e-17
1.21952e-16
1.51377e-16
-3.3634e-17
-1.66569e-16
-1.36541e-16
)
;

boundaryField
{
    outerWall
    {
        type            calculated;
        value           uniform 0;
    }
    axis
    {
        type            symmetryPlane;
        value           uniform 0;
    }
    nozzle
    {
        type            calculated;
        value           nonuniform List<scalar> 5(0.268689 0.268693 0.268693 0.268693 0.268689);
    }
    back
    {
        type            empty;
    }
    front
    {
        type            empty;
    }
}


// ************************************************************************* //
