/*--------------------------------*- C++ -*----------------------------------*\
| =========                 |                                                 |
| \\      /  F ield         | OpenFOAM: The Open Source CFD Toolbox           |
|  \\    /   O peration     | Version:  2412                                  |
|   \\  /    A nd           | Website:  www.openfoam.com                      |
|    \\/     M anipulation  |                                                 |
\*---------------------------------------------------------------------------*/
FoamFile
{
    version     2.0;
    format      ascii;
    arch        "LSB;label=32;scalar=64";
    class       surfaceScalarField;
    location    "0.000195";
    object      phi;
}
// * * * * * * * * * * * * * * * * * * * * * * * * * * * * * * * * * * * * * //

dimensions      [1 0 -1 0 0 0 0];

oriented        oriented;

internalField   nonuniform List<scalar> 
7275
(
0.00507538
-0.00189166
0.0101199
-0.0018956
0.0150944
-0.00189967
0.0199592
-0.00191225
0.0246499
-0.00191809
0.0291059
-0.00192536
0.033271
-0.00193314
0.0370774
-0.00191258
0.0405321
-0.00190997
0.043605
-0.00185287
0.0463603
-0.00179882
0.0488254
-0.00167904
0.0510953
-0.00154121
0.0532309
-0.00134614
0.0553204
-0.00113605
0.0573185
-0.000811358
0.0592426
-0.000487335
0.0609834
-0.000101655
0.0623738
0.000334637
0.0631846
0.000820249
0.0631419
0.00135303
0.0619587
0.00192752
0.0593757
0.00253633
0.0552023
0.00316894
0.0493528
0.00380362
0.0418587
0.00441543
0.0328725
0.0049719
0.0226596
0.00543183
0.0115542
0.00577906
0.00594436
0.00507392
-0.0037754
0.0101164
-0.00378344
0.0150925
-0.00379653
0.0199552
-0.00381954
0.0246423
-0.00383108
0.0291095
-0.00386125
0.0332663
-0.00385757
0.0371048
-0.00385647
0.0405559
-0.00381493
0.0436469
-0.00372183
0.0464177
-0.00361078
0.0489007
-0.00337394
0.0511994
-0.00310979
0.0533665
-0.00272371
0.0554759
-0.00229362
0.0575089
-0.00166119
0.0594609
-0.0010081
0.0612305
-0.000239095
0.062649
0.000633394
0.0634853
0.00160755
0.0634651
0.00267835
0.0623008
0.00383517
0.0597266
0.00506874
0.0555496
0.0063533
0.0496832
0.00764331
0.0421569
0.00888903
0.0331206
0.0100255
0.0228341
0.0109732
0.0116539
0.0116717
0.0120284
0.00507001
-0.00564338
0.0101099
-0.00565824
0.0150826
-0.005682
0.0199417
-0.0057179
0.024641
-0.00575329
0.0291028
-0.00579039
0.033285
-0.00580621
0.037128
-0.00580294
0.0406027
-0.00574031
0.0437402
-0.00563284
0.0465307
-0.00543721
0.0490776
-0.00512802
0.0514115
-0.00471032
0.0536385
-0.00416063
0.0557821
-0.00348833
0.0578826
-0.00258526
0.0598933
-0.00159808
0.0617229
-0.000449909
0.0631983
0.000860218
0.0640882
0.00232733
0.0641157
0.00394654
0.062984
0.0057093
0.0604288
0.00759313
0.056253
0.0095615
0.0503589
0.0115504
0.0427688
0.0134798
0.0336291
0.0152475
0.0231991
0.0167316
0.0118455
0.0178169
0.0183856
0.00506409
-0.00749043
0.0100952
-0.00751105
0.0150628
-0.00755211
0.0199244
-0.00761188
0.0246171
-0.00766492
0.0290968
-0.00773504
0.0332857
-0.00775933
0.0371656
-0.00778252
0.0406786
-0.00769813
0.0438555
-0.00757526
0.0467072
-0.00731604
0.0493192
-0.00693895
0.0517291
-0.00638095
0.0540399
-0.00567935
0.056251
-0.00475399
0.0584417
-0.00360861
0.0605429
-0.00229298
0.0624609
-0.000768163
0.064025
0.000977431
0.0649982
0.0029447
0.0650993
0.00512924
0.0640327
0.00751952
0.0615143
0.0100999
0.0573411
0.0128076
0.0514084
0.0155587
0.0437246
0.0182478
0.034427
0.0207282
0.0237762
0.0228246
0.0121479
0.0243592
0.0251717
0.00505186
-0.00931014
0.0100752
-0.00934273
0.0150366
-0.00940565
0.019886
-0.00948662
0.0245948
-0.00958816
0.02907
-0.00967164
0.0333018
-0.00975104
0.0371958
-0.00976965
0.0407752
-0.00971242
0.0440031
-0.00955626
0.0469372
-0.00926347
0.0496232
-0.00881095
0.0521442
-0.00815286
0.0545536
-0.00729256
0.0568752
-0.00613268
0.0591822
-0.00475861
0.0614069
-0.00312886
0.0634478
-0.00123244
0.0651353
0.000945757
0.0662271
0.00342119
0.066439
0.00618908
0.0654589
0.00924899
0.0630028
0.0125747
0.0588534
0.0160887
0.0528792
0.019697
0.0450722
0.0232554
0.0355588
0.0265647
0.0245989
0.0293843
0.0125818
0.0314593
0.0325663
0.00503459
-0.0111012
0.0100397
-0.0111462
0.0149925
-0.0112428
0.0198394
-0.0113532
0.0245453
-0.0115042
0.0290421
-0.0116251
0.0332934
-0.0117553
0.0372389
-0.0117975
0.0408754
-0.0117687
0.0441877
-0.0116029
0.047216
-0.0112848
0.0500095
-0.0107713
0.0526527
-0.010032
0.0551675
-0.00900303
0.0576452
-0.00766816
0.0600948
-0.00606108
0.0624746
-0.00413887
0.064679
-0.00188586
0.0665298
0.000723214
0.0677825
0.00371369
0.0681483
0.00708548
0.0673041
0.0108558
0.0649496
0.0149921
0.0608439
0.0194058
0.0548311
0.0239908
0.0468765
0.0285627
0.0370863
0.0328597
0.0257164
0.0365582
0.0131749
0.0393027
0.0407799
0.00501017
-0.0128646
0.00999415
-0.0129257
0.01492
-0.0130508
0.0197655
-0.0132165
0.0244637
-0.0134095
0.0289888
-0.0136012
0.0332689
-0.013778
0.0372722
-0.0138669
0.0409775
-0.0138718
0.0443883
-0.0137213
0.0475222
-0.013383
0.0504447
-0.0128337
0.0532233
-0.0120246
0.0558918
-0.0108536
0.0585445
-0.00937534
0.0611781
-0.00755569
0.0637516
-0.00536098
0.0661536
-0.00276216
0.0682148
0.000264707
0.0696841
0.00376929
0.0702551
0.00777264
0.0695982
0.0122989
0.0673995
0.0173141
0.0633796
0.0227403
0.0573457
0.0284532
0.0492258
0.034225
0.0390953
0.0397207
0.0271984
0.0445119
0.0139671
0.0481068
0.0500653
0.00497381
-0.0146007
0.00992882
-0.0146845
0.0148328
-0.0148438
0.0196594
-0.0150649
0.0243628
-0.0153197
0.0288996
-0.0155826
0.0332109
-0.0158178
0.0372801
-0.0159796
0.0410676
-0.0160265
0.0445858
-0.0159108
0.0478554
-0.0155784
0.0509324
-0.0150135
0.0538549
-0.0141302
0.0567164
-0.012876
0.0595673
-0.0112718
0.062413
-0.00926641
0.0652146
-0.00682653
0.0678681
-0.00391174
0.0701957
-0.000482201
0.0719339
0.00354249
0.0727835
0.00818639
0.0723926
0.0135127
0.0704195
0.0194894
0.0665455
0.0260572
0.0605273
0.0330795
0.0522371
0.0402859
0.0417024
0.0472564
0.0291426
0.053431
0.0150163
0.0581297
0.0607343
0.00492815
-0.0163169
0.00983797
-0.0164217
0.0147125
-0.0166264
0.019515
-0.016902
0.0242194
-0.0172352
0.0287728
-0.0175746
0.0331311
-0.0178867
0.0372658
-0.0181281
0.0411552
-0.0182428
0.044788
-0.0181673
0.0482108
-0.0178764
0.0514385
-0.0172956
0.0545356
-0.0163687
0.0576161
-0.0150869
0.060692
-0.0133765
0.0637898
-0.0112267
0.0668693
-0.00857969
0.0698178
-0.00537437
0.072461
-0.00156429
0.0745498
0.00295875
0.0757599
0.00825686
0.0757302
0.0144175
0.0740814
0.0214395
0.0704442
0.0292915
0.0645074
0.0378366
0.0560635
0.0467679
0.0450655
0.0555704
0.031685
0.0635227
0.0164061
0.0696816
0.0731819
0.0048699
-0.0180213
0.00972845
-0.01815
0.014556
-0.0183971
0.0193398
-0.0187446
0.0240287
-0.0191463
0.0285973
-0.0195771
0.0330063
-0.0199851
0.03722
-0.0203185
0.0412097
-0.0205089
0.044982
-0.0205036
0.0485615
-0.0202674
0.0519553
-0.019682
0.0552717
-0.0187723
0.0585681
-0.0174719
0.0619073
-0.0157177
0.0652874
-0.0134582
0.0686783
-0.0106457
0.0719815
-0.0071995
0.0750158
-0.00304348
0.077536
0.00195002
0.079214
0.00789103
0.0796616
0.0149147
0.0784673
0.0230558
0.0751967
0.0323399
0.0694484
0.0426494
0.0609022
0.0536572
0.0493974
0.0647492
0.0350158
0.0750149
0.0182589
0.083139
0.0879239
0.00479821
-0.0197242
0.00958929
-0.0198754
0.0143698
-0.0201743
0.0191093
-0.0205816
0.0237962
-0.021075
0.0283872
-0.0216004
0.0328393
-0.0221032
0.0371248
-0.0225368
0.0412215
-0.0228214
0.045141
-0.0229146
0.0488624
-0.0227226
0.0524722
-0.0222083
0.0560194
-0.0213382
0.0595625
-0.0200483
0.0631804
-0.0182984
0.0668794
-0.0159858
0.0706333
-0.0130651
0.0743435
-0.00942857
0.0778396
-0.00497869
0.0808917
0.000427958
0.0831527
0.00698848
0.0842338
0.0148668
0.0836642
0.02419
0.080941
0.035047
0.0755473
0.0473812
0.0670063
0.0608806
0.0549848
0.074842
0.0394031
0.0881506
0.0207542
0.0989633
0.105653
0.00471155
-0.0214375
0.00942912
-0.0216168
0.0141398
-0.021957
0.0188448
-0.0224391
0.0235093
-0.023012
0.0281073
-0.0236343
0.0326077
-0.0242456
0.0369689
-0.0247816
0.0411874
-0.0251854
0.0452394
-0.0253737
0.0491468
-0.025272
0.052969
-0.0248557
0.0567577
-0.0240623
0.0605794
-0.0228331
0.0644905
-0.0211187
0.0685375
-0.0188249
0.0726867
-0.0158573
0.0768655
-0.0121109
0.0809129
-0.00744687
0.0845973
-0.00169234
0.0875905
0.00541569
0.0894764
0.0141204
0.0897525
0.0246418
0.0878264
0.0371861
0.0830375
0.0518074
0.0746973
0.0682716
0.0622145
0.0858268
0.0452293
0.103171
0.0241622
0.117723
0.127325
0.00461422
-0.0231788
0.00923803
-0.0233805
0.0138758
-0.0237652
0.018519
-0.0243086
0.0231616
-0.0249708
0.0277667
-0.0256861
0.032313
-0.0264118
0.0367598
-0.0270595
0.0410922
-0.027586
0.0452844
-0.0278777
0.0493825
-0.0279075
0.0534217
-0.0276144
0.057463
-0.02694
0.0615711
-0.0258184
0.0658059
-0.0241931
0.0702217
-0.0219805
0.0748128
-0.0190535
0.0795142
-0.0152857
0.0841934
-0.010514
0.0886188
-0.00450563
0.0925001
0.00303321
0.0954125
0.0124713
0.0968062
0.0241579
0.0960077
0.0384463
0.0921876
0.0555852
0.0843791
0.0755225
0.0716106
0.0975542
0.0530558
0.120273
0.0289135
0.140111
0.154324
0.0045022
-0.0249622
0.00901912
-0.0251807
0.013575
-0.0256141
0.018158
-0.0262117
0.0227625
-0.0269504
0.0273718
-0.0277628
0.031953
-0.0285953
0.0364868
-0.0293717
0.0409101
-0.0299956
0.0452644
-0.0304407
0.0495486
-0.0306135
0.053809
-0.0304753
0.0581077
-0.0299613
0.0625095
-0.0289952
0.0670842
-0.027521
0.0718987
-0.0254652
0.0769596
-0.0226644
0.0822305
-0.0189836
0.0876077
-0.0142306
0.0929024
-0.00812332
0.0978495
-0.000313174
0.102016
0.0097071
0.104862
0.0224185
0.105626
0.0384086
0.103293
0.0582129
0.0965528
0.082114
0.0838909
0.109651
0.0637167
0.139528
0.0356785
0.166973
0.188693
0.00437834
-0.0268037
0.00878217
-0.0270378
0.0132383
-0.0275103
0.0177488
-0.0281569
0.022314
-0.0289666
0.026919
-0.0298683
0.0315334
-0.0308024
0.0361196
-0.0316873
0.0406639
-0.0324438
0.045162
-0.0330399
0.04963
-0.0333801
0.0541096
-0.0334258
0.0586625
-0.0331099
0.0633632
-0.0323537
0.0682921
-0.0311004
0.0735011
-0.0292574
0.0790551
-0.0266955
0.0849386
-0.0232295
0.091099
-0.0186644
0.0973685
-0.0126341
0.103518
-0.00476333
0.109229
0.00554995
0.113915
0.0190476
0.116785
0.0365404
0.116655
0.0589878
0.11182
0.0872215
0.100035
0.121357
0.0785479
0.160642
0.0457302
0.199211
0.233743
0.00424289
-0.028717
0.00852349
-0.0289663
0.0128709
-0.0294678
0.0173034
-0.0301597
0.0218188
-0.0310265
0.0264006
-0.0319988
0.0310429
-0.0330393
0.0356857
-0.0340181
0.0403357
-0.0349194
0.0449681
-0.0356661
0.0496095
-0.0361934
0.0542967
-0.0364473
0.0591004
-0.0363727
0.0640891
-0.03587
0.0693583
-0.0349023
0.074982
-0.0333611
0.0810516
-0.0311522
0.0875702
-0.0280287
0.0945304
-0.0238154
0.101871
-0.0181214
0.109409
-0.0104732
0.116914
-0.000226885
0.12386
0.0136331
0.1295
0.0321873
0.132526
0.0569658
0.130843
0.089605
0.121245
0.131367
0.0990661
0.182997
0.0601339
0.238166
0.293837
0.00410236
-0.0307186
0.00825135
-0.030979
0.0124826
-0.0315001
0.016823
-0.0322261
0.0212719
-0.0331324
0.0258487
-0.0341891
0.0304783
-0.0352801
0.0351754
-0.0363743
0.0399119
-0.0374123
0.0446733
-0.0383196
0.0494762
-0.0390437
0.0543595
-0.0395268
0.0593852
-0.039715
0.0646503
-0.0395236
0.0702529
-0.0389078
0.076291
-0.0377619
0.0828316
-0.0359748
0.0900024
-0.033383
0.0978036
-0.0297104
0.106259
-0.0246157
0.115322
-0.0175767
0.124804
-0.00783103
0.134474
0.00572166
0.143638
0.0245999
0.151044
0.0509188
0.154379
0.0873937
0.149719
0.136931
0.130852
0.202598
0.0860049
0.283645
0.380452
0.00395686
-0.0328201
0.00796728
-0.0330861
0.0120724
-0.0336148
0.0163101
-0.0343633
0.0206997
-0.0353099
0.0252198
-0.0364061
0.0298581
-0.037564
0.0345928
-0.0387554
0.0394044
-0.0399254
0.0442707
-0.0409881
0.0492099
-0.0419137
0.0542659
-0.042645
0.0595055
-0.0431287
0.0650191
-0.0432829
0.0709155
-0.04307
0.0773192
-0.0424008
0.0843663
-0.0411867
0.0921262
-0.0392169
0.100758
-0.0363281
0.110324
-0.0321057
0.120942
-0.0260996
0.132622
-0.0174486
0.145337
-0.00501671
0.158746
0.0130393
0.171862
0.0394897
0.182221
0.0785627
0.183493
0.137054
0.166272
0.221122
0.113563
0.337611
0.495306
0.00380489
-0.0350262
0.00767291
-0.0352957
0.0116518
-0.0358252
0.0157863
-0.0365863
0.0200963
-0.0375558
0.0245619
-0.0386706
0.0291867
-0.0398886
0.0339419
-0.0411643
0.038798
-0.0424474
0.0437517
-0.0436713
0.0488089
-0.0447995
0.054008
-0.0457831
0.0594258
-0.0465849
0.0651508
-0.047113
0.0713117
-0.0473579
0.0780466
-0.0472385
0.0854932
-0.0466738
0.0938339
-0.0455142
0.103207
-0.0435721
0.113839
-0.0405418
0.125959
-0.0359913
0.139871
-0.0291365
0.155863
-0.0188302
0.174241
-0.00323851
0.194981
0.0207503
0.217882
0.0575818
0.2389
0.11792
0.251919
0.20998
0.200575
0.390856
0.697884
0.00365586
-0.0373452
0.00737832
-0.0376109
0.011225
-0.0381337
0.0152514
-0.0389016
0.019462
-0.0398654
0.0238696
-0.0409975
0.0284651
-0.0422591
0.0332219
-0.043605
0.03811
-0.044989
0.0431218
-0.0463627
0.0482654
-0.0476903
0.0535789
-0.0489303
0.0591266
-0.0500493
0.0650245
-0.0509852
0.0713933
-0.0517208
0.0783877
-0.0522052
0.0861758
-0.0523774
0.0949653
-0.0521409
0.104996
-0.0513573
0.116553
-0.0497842
0.130018
-0.0470959
0.145945
-0.042687
0.165073
-0.0355875
0.188246
-0.0240645
0.216372
-0.00505303
0.249414
0.0268603
0.281593
0.0881062
0.30835
0.18567
0.254972
0.446802
0.955608
0.00281657
-0.0392804
0.00569225
-0.0395423
0.00867788
-0.0400573
0.0118068
-0.0408113
0.0151049
-0.0417687
0.018583
-0.0429097
0.0222259
-0.0441913
0.0260168
-0.0455822
0.0299316
-0.0470369
0.0339623
-0.0485206
0.0381145
-0.0500007
0.0424179
-0.0514423
0.0469252
-0.0528175
0.0517269
-0.0540847
0.056926
-0.055229
0.0626525
-0.0562228
0.0690536
-0.057026
0.0763213
-0.0575963
0.0846567
-0.0578166
0.09438
-0.0575746
0.105914
-0.0566549
0.119863
-0.0546335
0.137189
-0.0508909
0.159477
-0.0443107
0.189332
-0.0328405
0.231079
-0.0127617
0.295545
0.025859
0.394614
0.0889664
0.600122
0.243904
0.557192
1.00159
0.00272157
-0.0412849
0.00550717
-0.0415428
0.00840675
-0.0420441
0.0114589
-0.0427791
0.0146953
-0.0437268
0.0181198
-0.0448634
0.021725
-0.0461575
0.0254898
-0.0475807
0.0293964
-0.0491001
0.0334312
-0.0506835
0.0375991
-0.0523072
0.0419276
-0.0539429
0.04647
-0.0555705
0.0513179
-0.0571706
0.0565734
-0.0587279
0.0623696
-0.0602419
0.0688641
-0.0617001
0.076242
-0.0630958
0.0847597
-0.0643935
0.0947493
-0.0655663
0.106681
-0.0665412
0.12129
-0.06716
0.139717
-0.0671959
0.163747
-0.0661628
0.196261
-0.0631074
0.242345
-0.0564926
0.312797
-0.042097
0.422976
-0.0185227
0.636738
0.0331168
0.134194
1.06305
0.00263064
-0.0433578
0.00532634
-0.0436085
0.00813821
-0.04409
0.0111157
-0.0448069
0.0142848
-0.045737
0.017653
-0.0468622
0.0212126
-0.048159
0.024944
-0.0496056
0.0288265
-0.0511772
0.0328478
-0.0528499
0.0370108
-0.0546064
0.041343
-0.0564278
0.0458976
-0.0583021
0.0507571
-0.0602235
0.0560305
-0.0621928
0.0618475
-0.064226
0.0683667
-0.0663421
0.0757809
-0.0685756
0.0843469
-0.070964
0.0944092
-0.0735755
0.106472
-0.0764996
0.121317
-0.0798516
0.140172
-0.0838428
0.165112
-0.088812
0.199957
-0.0955414
0.25105
-0.105031
0.332912
-0.121214
0.46249
-0.14512
0.690501
-0.191646
-0.287912
1.1162
0.00254268
-0.0454949
0.00514823
-0.045733
0.00787991
-0.0461981
0.0107796
-0.0468898
0.013879
-0.047798
0.0171851
-0.0489046
0.0206911
-0.0501962
0.0243776
-0.0516567
0.0282235
-0.05327
0.0322157
-0.0550208
0.0363555
-0.0568981
0.040668
-0.0588921
0.0452057
-0.0610017
0.050047
-0.0632315
0.0552978
-0.0656
0.0610842
-0.0681393
0.0675606
-0.0708988
0.0749159
-0.073954
0.0833988
-0.0774097
0.0933456
-0.081427
0.105246
-0.0862484
0.119845
-0.0922403
0.138304
-0.100021
0.162507
-0.110628
0.19559
-0.12608
0.242545
-0.149253
0.314415
-0.190117
0.427261
-0.254731
0.648754
-0.409606
-0.713971
1.07869
0.00245638
-0.0476894
0.00497802
-0.0479147
0.00763023
-0.048363
0.0104521
-0.0490242
0.0134798
-0.0499072
0.0167194
-0.0509894
0.0201647
-0.0522686
0.0237964
-0.0537344
0.0275928
-0.0553792
0.0315396
-0.0571961
0.0356369
-0.059181
0.0399074
-0.0613331
0.0444012
-0.0636622
0.049192
-0.0661821
0.0543805
-0.068929
0.0600862
-0.0719498
0.0664541
-0.0753218
0.0736608
-0.0791577
0.0819346
-0.0836206
0.0915817
-0.0889524
0.103039
-0.0955239
0.116954
-0.103904
0.134309
-0.115033
0.156652
-0.130501
0.18671
-0.153478
0.228946
-0.188597
0.294802
-0.252813
0.396676
-0.353151
0.610546
-0.61972
1.04022
-1.1395
0.95093
0.0531775
0.984867
-0.0313013
1.02229
-0.034649
1.04902
-0.023833
1.0638
-0.0117755
1.07228
-0.00537513
1.07798
-0.00251554
1.08242
-0.0011743
1.08631
-0.000553352
1.08997
-0.000269915
1.09352
-0.000134219
1.09702
-6.73781e-05
1.10047
-3.42661e-05
1.10386
-1.76927e-05
1.10716
-9.31965e-06
1.11033
-5.04938e-06
1.11333
-2.80584e-06
1.11612
-1.57819e-06
1.11865
-8.88501e-07
1.12089
-4.48977e-07
1.12278
-1.88643e-07
1.12429
-2.3231e-08
1.1254
4.67093e-08
1.12607
6.91684e-08
5.07026e-08
1.14542
-0.0267842
1.13552
-0.0187644
1.11273
-0.00908921
1.09515
-0.00335632
1.08672
-0.00032668
1.08376
0.000691709
1.08374
0.00069451
1.08535
0.000483606
1.08784
0.000293707
1.09078
0.000173035
1.09397
9.82078e-05
1.09728
5.44599e-05
1.10064
2.95434e-05
1.10397
1.57118e-05
1.10724
8.11906e-06
1.1104
3.96896e-06
1.1134
1.79177e-06
1.11618
7.16621e-07
1.11872
2.36796e-07
1.12095
8.92972e-08
1.12284
8.06655e-08
1.12435
1.13351e-07
1.12546
1.2443e-07
1.12613
9.76069e-08
5.13225e-08
1.09289
-0.000936849
1.07286
0.00395354
1.06291
0.00366558
1.06218
0.000303294
1.06667
-0.00181504
1.07221
-0.00173319
1.07733
-0.0012276
1.08186
-0.000775052
1.08594
-0.000446048
1.08975
-0.000256395
1.09342
-0.000144894
1.09699
-8.07763e-05
1.10048
-4.45039e-05
1.10389
-2.44848e-05
1.1072
-1.35704e-05
1.11038
-7.59416e-06
1.11338
-4.33664e-06
1.11618
-2.51446e-06
1.11871
-1.46355e-06
1.12095
-8.19811e-07
1.12284
-4.34392e-07
1.12435
-1.82453e-07
1.12546
-4.80231e-08
1.12613
5.57839e-09
1.1398e-08
1.15812
-0.0778898
1.14399
0.0208533
1.11835
0.0321563
1.09825
0.0233311
1.08805
0.0114145
1.08436
0.0050681
1.08404
0.00229693
1.0855
0.00103704
1.08791
0.000473241
1.09082
0.000222969
1.09399
0.000106795
1.09729
5.15285e-05
1.10064
2.51442e-05
1.10398
1.22955e-05
1.10724
5.93085e-06
1.1104
2.78323e-06
1.1134
1.20972e-06
1.11618
4.47039e-07
1.11872
1.11446e-07
1.12095
-2.32038e-08
1.12284
-4.72671e-08
1.12435
-2.18957e-08
1.12546
-1.66408e-08
1.12613
-8.17452e-09
-1.27928e-08
0.965172
0.988838
1.02387
1.05015
1.0646
1.07279
1.07829
1.0826
1.08641
1.09002
1.09355
1.09704
1.10048
1.10386
1.10716
1.11033
1.11333
1.11612
1.11866
1.12089
1.12278
1.12429
1.1254
1.12607
0.00298574
-0.0505349
0.00605592
-0.0507438
0.00929332
-0.0511688
0.0127495
-0.0517892
0.0164684
-0.0526346
0.0204601
-0.0536798
0.0247161
-0.0549346
0.0292116
-0.056396
0.0339186
-0.0580667
0.038817
-0.0599501
0.0439048
-0.0620509
0.0492077
-0.0643796
0.054783
-0.066958
0.0607183
-0.0698131
0.0671282
-0.0729971
0.0741513
-0.0765768
0.0819512
-0.0806572
0.0907226
-0.0853891
0.10071
-0.0909924
0.112234
-0.0977841
0.125726
-0.106244
0.141789
-0.11709
0.161224
-0.131449
0.185048
-0.151106
0.21415
-0.17908
0.249289
-0.219883
0.283847
-0.283137
0.313805
-0.378483
0.260575
-0.56154
-0.873698
0.00286324
-0.0534476
0.00581301
-0.0536414
0.00892739
-0.0540386
0.0122674
-0.0546223
0.0158651
-0.0554209
0.0197387
-0.0564268
0.0238755
-0.0576488
0.028251
-0.0590956
0.0328358
-0.0607782
0.0376077
-0.0627097
0.0425621
-0.0649035
0.0477205
-0.0673809
0.053133
-0.0701731
0.058879
-0.0733208
0.065057
-0.0768853
0.0717871
-0.0809522
0.079204
-0.0856443
0.0874613
-0.0911379
0.0967414
-0.0976867
0.107269
-0.105648
0.119325
-0.11555
0.133259
-0.128156
0.149463
-0.144614
0.168296
-0.166658
0.189817
-0.196989
0.213642
-0.239687
0.236341
-0.301379
0.251194
-0.388463
0.201819
-0.506956
-0.666413
0.00274943
-0.0564112
0.00558614
-0.056591
0.0085834
-0.0569574
0.0118105
-0.05751
0.0152852
-0.0582529
0.0190361
-0.0592206
0.0230436
-0.0604028
0.0272837
-0.0618269
0.0317253
-0.0635093
0.0363442
-0.065472
0.0411329
-0.0677365
0.0461086
-0.0703337
0.0513137
-0.0733021
0.0568175
-0.0766943
0.0627031
-0.0805772
0.0690677
-0.0850484
0.0760147
-0.090241
0.0836524
-0.0963426
0.0920967
-0.103619
0.101476
-0.112435
0.111924
-0.123312
0.123565
-0.13698
0.136436
-0.154475
0.150321
-0.177255
0.164326
-0.207336
0.176069
-0.247318
0.179332
-0.300047
0.163967
-0.368052
0.112814
-0.450404
-0.547966
0.00264417
-0.059408
0.0053744
-0.0595744
0.00826248
-0.0599106
0.0113747
-0.0604312
0.0147328
-0.0611225
0.0183546
-0.062046
0.0222252
-0.0631867
0.0263168
-0.0645813
0.030597
-0.0662533
0.0350395
-0.068232
0.0396341
-0.0705464
0.0443936
-0.0732349
0.0493534
-0.0763422
0.0545708
-0.0799283
0.0601148
-0.0840647
0.0660583
-0.088852
0.0724737
-0.0944279
0.0794244
-0.100978
0.0869628
-0.108759
0.0951294
-0.118121
0.103934
-0.129535
0.113325
-0.143646
0.123101
-0.161311
0.132732
-0.183642
0.141039
-0.211996
0.145741
-0.247891
0.142774
-0.292437
0.125928
-0.346085
0.0835542
-0.402541
-0.458707
0.0025472
-0.0624201
0.00517796
-0.0625733
0.00796449
-0.0628825
0.0109627
-0.0633662
0.0142087
-0.0640178
0.0176965
-0.0648862
0.0214241
-0.0659883
0.025356
-0.0673476
0.0294595
-0.0690013
0.0337057
-0.0709828
0.0380824
-0.0733282
0.0425977
-0.0760812
0.047281
-0.0792913
0.052178
-0.0830219
0.057343
-0.0873464
0.0628281
-0.0923636
0.0686752
-0.0982066
0.0749075
-0.105049
0.081523
-0.113127
0.0884883
-0.122749
0.0957188
-0.134321
0.103041
-0.148368
0.110108
-0.165548
0.116252
-0.186629
0.120272
-0.212435
0.120131
-0.243666
0.112615
-0.280303
0.0930716
-0.321432
0.0571245
-0.361102
-0.395875
0.0024582
-0.0654296
0.00499679
-0.0655699
0.00768693
-0.0658547
0.0105779
-0.0663006
0.0137101
-0.066919
0.0170632
-0.0677266
0.020643
-0.0687934
0.0244062
-0.0701129
0.0283202
-0.0717425
0.032354
-0.0737157
0.0364934
-0.0760756
0.0407425
-0.0788688
0.0451251
-0.0821482
0.049677
-0.0859768
0.054439
-0.0904273
0.0594453
-0.0955929
0.0647105
-0.101594
0.0702246
-0.108587
0.0759416
-0.116773
0.0817723
-0.126414
0.0875666
-0.137833
0.093077
-0.151432
0.0978939
-0.167675
0.101342
-0.187047
0.102345
-0.209969
0.0992657
-0.236606
0.0898662
-0.266383
0.0713451
-0.297892
0.0419596
-0.326314
-0.348299
0.00237658
-0.0684191
0.00483052
-0.0685474
0.00742929
-0.0688091
0.0102178
-0.0692182
0.0132315
-0.0698029
0.0164578
-0.0705597
0.0198824
-0.0715833
0.0234708
-0.072864
0.0271853
-0.0744642
0.0309942
-0.0764206
0.0348814
-0.078781
0.038848
-0.081593
0.0429128
-0.0849113
0.047104
-0.0887959
0.0514509
-0.0933157
0.0559724
-0.0985553
0.0606625
-0.104617
0.0654841
-0.111635
0.0703589
-0.119772
0.075159
-0.129234
0.0796949
-0.140262
0.0836849
-0.153143
0.0867119
-0.168175
0.0881582
-0.185623
0.0871278
-0.205632
0.082383
-0.228045
0.072423
-0.252076
0.0556043
-0.276238
0.0314497
-0.296948
-0.311433
0.00230229
-0.0713726
0.00467835
-0.0714897
0.00719042
-0.0717283
0.00988464
-0.0721065
0.0127764
-0.0726474
0.0158827
-0.0733768
0.0191431
-0.0743362
0.0225528
-0.0755879
0.0260598
-0.077153
0.0296345
-0.0790866
0.0332589
-0.0814357
0.0369321
-0.0842485
0.0406688
-0.087579
0.0444919
-0.0914825
0.0484222
-0.0960217
0.0524662
-0.101269
0.0566039
-0.107309
0.0607778
-0.114246
0.0648881
-0.122206
0.0687839
-0.131336
0.0722554
-0.141805
0.0750154
-0.153796
0.076671
-0.167477
0.0766905
-0.182956
0.0743645
-0.200197
0.0688007
-0.218886
0.0590367
-0.238212
0.0441848
-0.256823
0.0243002
-0.272145
-0.282021
0.00223499
-0.0742747
0.00453759
-0.0743794
0.00696892
-0.0745976
0.00956719
-0.0749444
0.0123532
-0.0754513
0.0153196
-0.0761424
0.018429
-0.0770524
0.0216525
-0.0782666
0.0249476
-0.079797
0.0282817
-0.0817024
0.0316364
-0.0840308
0.0350101
-0.0868293
0.0384149
-0.090149
0.04187
-0.0940395
0.0453907
-0.0985549
0.0489755
-0.103754
0.0525952
-0.109702
0.0561793
-0.116472
0.0596159
-0.124154
0.0627421
-0.132843
0.065343
-0.142642
0.0671416
-0.153651
0.0677855
-0.16594
0.0668335
-0.17951
0.0637441
-0.194224
0.0578978
-0.20971
0.0487035
-0.225226
0.0357299
-0.239636
0.0192398
-0.251119
-0.258069
0.00217326
-0.0771107
0.00441053
-0.0772047
0.00676565
-0.0774023
0.00927629
-0.0777226
0.0119488
-0.0781906
0.0147797
-0.0788463
0.0177411
-0.0797222
0.0207714
-0.0808827
0.0238521
-0.0823849
0.0269414
-0.084257
0.030023
-0.0865573
0.0330953
-0.089329
0.0361695
-0.0926184
0.0392632
-0.0964686
0.0423889
-0.100923
0.0455412
-0.106027
0.0486852
-0.111824
0.051746
-0.118361
0.0546044
-0.125691
0.0570952
-0.133865
0.0590071
-0.142931
0.0600817
-0.152925
0.0600107
-0.163847
0.0584365
-0.175632
0.0549558
-0.188097
0.0491525
-0.200871
0.0406834
-0.213318
0.0293836
-0.224531
0.0155792
-0.23323
-0.238255
0.00211848
-0.0798684
0.00429707
-0.0799538
0.00658111
-0.0801303
0.00900088
-0.0804216
0.0115672
-0.0808579
0.0142664
-0.0814795
0.0170694
-0.0823239
0.0199121
-0.0834316
0.0227747
-0.084904
0.0256179
-0.0867407
0.0284261
-0.089007
0.0311989
-0.0917412
0.0339485
-0.0949836
0.0366929
-0.09877
0.0394442
-0.103133
0.0421963
-0.108101
0.0449132
-0.113701
0.0475197
-0.119953
0.0498949
-0.126878
0.0518772
-0.134492
0.0532634
-0.142798
0.0538162
-0.151786
0.0532685
-0.161409
0.0513327
-0.171569
0.047713
-0.182066
0.0421386
-0.192566
0.0344272
-0.202549
0.0245647
-0.211313
0.0128779
-0.21796
-0.221671
0.00207041
-0.0825375
0.00419219
-0.0826119
0.00640951
-0.0827702
0.00875104
-0.0830399
0.0112119
-0.0834415
0.0137763
-0.0840279
0.0164137
-0.0848405
0.019079
-0.0859145
0.0217163
-0.0873388
0.024315
-0.0891467
0.026852
-0.0913724
0.0293307
-0.0940601
0.0317656
-0.097241
0.034177
-0.100943
0.0365791
-0.105186
0.0389678
-0.109987
0.0413086
-0.115351
0.0435297
-0.121279
0.0455127
-0.127764
0.0471016
-0.134795
0.0481041
-0.142342
0.0483022
-0.150361
0.047464
-0.158779
0.0453563
-0.167483
0.0417633
-0.176283
0.0365139
-0.184891
0.0295287
-0.192897
0.0208735
-0.199771
0.0108538
-0.204886
-0.207673
0.00202726
-0.0851074
0.00410195
-0.0851741
0.00625467
-0.0853107
0.00851087
-0.0855583
0.0108705
-0.0859352
0.0133055
-0.0864879
0.0157759
-0.0872627
0.0182612
-0.0883212
0.0206799
-0.0896877
0.0230351
-0.0914665
0.025306
-0.0936475
0.0274991
-0.0962795
0.0296329
-0.0993854
0.0317314
-0.102984
0.0338129
-0.107084
0.035877
-0.111687
0.0378938
-0.116786
0.0397952
-0.122361
0.0414698
-0.128386
0.042767
-0.134827
0.0435054
-0.141632
0.0434835
-0.148738
0.0424961
-0.156059
0.040351
-0.163479
0.0368884
-0.170829
0.032004
-0.177873
0.0256815
-0.184295
0.0180275
-0.189703
0.00932007
-0.193662
-0.19578
0.00198964
-0.08757
0.00401767
-0.0876278
0.00611829
-0.0877527
0.00829087
-0.0879688
0.0105464
-0.0883279
0.012851
-0.0888515
0.0151631
-0.089593
0.0174546
-0.0906317
0.0196736
-0.0919623
0.0217799
-0.0936849
0.0237937
-0.0958281
0.0257119
-0.0983931
0.0275611
-0.101411
0.0293699
-0.104888
0.0311616
-0.108822
0.0329413
-0.113204
0.0346844
-0.118012
0.0363283
-0.123214
0.037769
-0.128768
0.0388615
-0.134624
0.039434
-0.140718
0.0392969
-0.146977
0.0382648
-0.153312
0.0361736
-0.159615
0.0329016
-0.16574
0.0283877
-0.171499
0.0226528
-0.176653
0.0158221
-0.18092
0.00814771
-0.183999
-0.185624
0.00195767
-0.0899191
0.00394543
-0.0899685
0.00598822
-0.0900809
0.00809142
-0.0902777
0.0102418
-0.0906122
0.0124144
-0.0911123
0.0145741
-0.0918326
0.0166654
-0.0928343
0.0186813
-0.0941517
0.0205559
-0.0958087
0.0223189
-0.0979056
0.0239768
-0.100395
0.0255608
-0.103311
0.0271053
-0.106648
0.0286396
-0.110396
0.0301746
-0.114534
0.0316919
-0.119031
0.0331349
-0.123844
0.0344062
-0.128924
0.0353665
-0.13421
0.0358505
-0.139634
0.0356772
-0.145119
0.0346739
-0.15058
0.0326955
-0.15592
0.0296446
-0.161019
0.0254863
-0.165729
0.0202628
-0.169873
0.0141058
-0.173251
0.00724535
-0.175657
-0.176913
0.00193041
-0.0921497
0.00388169
-0.0921907
0.0058726
-0.0922935
0.00790119
-0.0924739
0.00995055
-0.0927881
0.0119955
-0.093271
0.0139964
-0.0939715
0.0159107
-0.0949469
0.0177021
-0.0962267
0.0193773
-0.0978579
0.0208862
-0.0998591
0.0223027
-0.102281
0.0236425
-0.105077
0.0249498
-0.108256
0.0262595
-0.111796
0.0275886
-0.11567
0.0289244
-0.119839
0.0302164
-0.124256
0.0313721
-0.128865
0.0322584
-0.133602
0.0327124
-0.138401
0.0325591
-0.143187
0.0316337
-0.147884
0.0298028
-0.152405
0.0269834
-0.156652
0.0231552
-0.160512
0.0183715
-0.163856
0.0127644
-0.166544
0.00654653
-0.168436
-0.169415
0.00190626
-0.0942569
0.00382623
-0.0942929
0.00576618
-0.0943859
0.00772287
-0.094556
0.00967539
-0.0948566
0.0115897
-0.095322
0.0134326
-0.0960068
0.015167
-0.0969607
0.0167584
-0.098202
0.0182083
-0.0997919
0.0195117
-0.101717
0.0206957
-0.104032
0.0218168
-0.1067
0.022915
-0.109701
0.0240327
-0.113014
0.0251924
-0.116606
0.0263866
-0.120434
0.0275701
-0.12445
0.0286544
-0.128596
0.0295102
-0.132813
0.0299757
-0.137037
0.0298798
-0.141201
0.0290621
-0.145236
0.0273956
-0.149067
0.0248046
-0.152615
0.0212762
-0.155794
0.0168681
-0.15851
0.0117102
-0.160665
0.00600184
-0.162167
-0.162937
0.00188476
-0.0962376
0.00377408
-0.0962704
0.0056664
-0.0963575
0.00755374
-0.0965235
0.00940621
-0.0968124
0.011192
-0.0972645
0.0128851
-0.0979424
0.0144353
-0.0988638
0.0158347
-0.100073
0.0170843
-0.101617
0.0181933
-0.103465
0.0191684
-0.105642
0.0200947
-0.10817
0.0210124
-0.110972
0.0219699
-0.11404
0.0229936
-0.117333
0.0240809
-0.120811
0.0251905
-0.124426
0.0262368
-0.128125
0.0270922
-0.131855
0.0275964
-0.135557
0.02758
-0.139173
0.026885
-0.142641
0.0253868
-0.145899
0.0230127
-0.148882
0.0197523
-0.151522
0.0156642
-0.153751
0.0108748
-0.155501
0.00557327
-0.156709
-0.157324
0.00186436
-0.0980895
0.00372582
-0.0981229
0.00557112
-0.0982061
0.0073904
-0.0983757
0.00914312
-0.0986533
0.01081
-0.0991046
0.0123473
-0.0997655
0.0137295
-0.100661
0.014959
-0.101846
0.01601
-0.103314
0.0169259
-0.105076
0.0177434
-0.107127
0.0184857
-0.109457
0.0192532
-0.112059
0.0200797
-0.114862
0.0209974
-0.117846
0.0220067
-0.120968
0.0230689
-0.124188
0.0241003
-0.12746
0.0249739
-0.130738
0.0255316
-0.133973
0.0256043
-0.137113
0.0250353
-0.140105
0.0237004
-0.142895
0.0215268
-0.145428
0.018504
-0.14765
0.0146892
-0.149509
0.0102046
-0.150955
0.00523161
-0.151945
-0.152446
0.00184572
-0.0998126
0.00367824
-0.0998478
0.00548128
-0.0999352
0.00722884
-0.100107
0.00888703
-0.100381
0.0104344
-0.100835
0.0118264
-0.101477
0.0130585
-0.102357
0.0141064
-0.103488
0.0149827
-0.104878
0.0157343
-0.106546
0.0163939
-0.10845
0.0170091
-0.11058
0.0176456
-0.112941
0.0183695
-0.115474
0.0192065
-0.118137
0.0201604
-0.120905
0.0211936
-0.123742
0.0222235
-0.126612
0.0231244
-0.129478
0.0237396
-0.1323
0.0239013
-0.135034
0.0234531
-0.137633
0.0222703
-0.140049
0.0202786
-0.142232
0.0174656
-0.144138
0.013886
-0.145722
0.00965716
-0.146946
0.00495422
-0.147777
-0.148195
0.00182702
-0.101407
0.00363146
-0.101446
0.00538832
-0.10154
0.00706044
-0.101711
0.00863121
-0.101997
0.0100644
-0.102453
0.0113205
-0.103071
0.0124062
-0.103933
0.0132932
-0.104994
0.0140322
-0.106315
0.0146311
-0.10785
0.0151533
-0.109592
0.0156705
-0.111527
0.0162
-0.113606
0.0168442
-0.115866
0.017621
-0.118206
0.0185352
-0.120625
0.01955
-0.123097
0.0205836
-0.125595
0.0215119
-0.128093
0.0221804
-0.130557
0.0224236
-0.132951
0.022085
-0.135233
0.0210396
-0.137357
0.0192106
-0.139277
0.0165836
-0.140952
0.0132092
-0.14234
0.00919941
-0.143407
0.00472338
-0.144126
-0.144485
0.0018058
-0.102871
0.00357921
-0.102914
0.00528633
-0.103014
0.00689613
-0.103195
0.00838409
-0.103497
0.00969576
-0.103936
0.0108407
-0.104553
0.0117761
-0.105359
0.0125458
-0.106374
0.0131425
-0.107583
0.0136174
-0.108976
0.0140394
-0.110549
0.0144499
-0.112253
0.0149401
-0.114089
0.0155035
-0.116013
0.0162374
-0.118055
0.0171209
-0.120137
0.0181207
-0.122268
0.0191558
-0.124429
0.0201048
-0.126602
0.0208163
-0.128764
0.0211277
-0.130881
0.0208837
-0.132914
0.0199592
-0.134819
0.0182748
-0.13655
0.0158147
-0.138066
0.0126243
-0.139324
0.00880135
-0.140277
0.00451991
-0.140922
-0.141247
0.00177962
-0.104199
0.00351963
-0.104248
0.00518247
-0.10436
0.00673442
-0.104557
0.00812982
-0.104858
0.00934463
-0.105289
0.0103782
-0.105897
0.0111952
-0.106636
0.0118489
-0.107593
0.0123248
-0.108662
0.01272
-0.109928
0.0130472
-0.111289
0.0133929
-0.112764
0.0138157
-0.114337
0.014358
-0.115961
0.0150468
-0.117681
0.015904
-0.119455
0.016886
-0.121274
0.0179146
-0.123136
0.0188719
-0.125033
0.0196114
-0.126945
0.0199741
-0.128843
0.0198078
-0.130689
0.0189877
-0.132439
0.0174309
-0.134041
0.0151304
-0.135469
0.0120816
-0.136613
0.00843316
-0.137516
0.00433475
-0.138118
-0.138424
0.00175193
-0.105388
0.00345945
-0.105445
0.00507778
-0.105569
0.00656109
-0.105771
0.00787628
-0.106073
0.00901378
-0.106506
0.00993243
-0.107066
0.0106697
-0.107764
0.0112081
-0.108609
0.01162
-0.109568
0.0119236
-0.110653
0.0121855
-0.111804
0.0124858
-0.113054
0.0128626
-0.114352
0.0133856
-0.115705
0.0140423
-0.117105
0.0148677
-0.118594
0.015824
-0.120139
0.0168331
-0.121744
0.0177826
-0.123411
0.0185321
-0.125124
0.0189279
-0.126858
0.0188219
-0.128573
0.0180887
-0.13022
0.0166613
-0.13176
0.0144623
-0.133095
0.0115778
-0.134213
0.00808589
-0.13508
0.00416196
-0.135672
-0.135966
0.00172134
-0.10643
0.00339095
-0.106492
0.00495684
-0.10662
0.0063833
-0.106832
0.00764047
-0.107139
0.00869193
-0.107545
0.00953319
-0.108059
0.0101892
-0.108699
0.0106508
-0.109418
0.0110018
-0.110259
0.0112402
-0.111138
0.0114789
-0.112106
0.0117346
-0.113101
0.0120802
-0.114143
0.0125636
-0.115232
0.0132171
-0.116374
0.0139932
-0.117569
0.0149113
-0.11889
0.015885
-0.120282
0.0168079
-0.121765
0.0175482
-0.123329
0.0179585
-0.124946
0.0178946
-0.126575
0.0172467
-0.128177
0.0158949
-0.129658
0.0138229
-0.130965
0.0110836
-0.132087
0.00775282
-0.132945
0.00398965
-0.133538
-0.133836
0.0016846
-0.107303
0.00331447
-0.10737
0.00484069
-0.107506
0.00621799
-0.10772
0.00740651
-0.108011
0.00838946
-0.108386
0.00917961
-0.10886
0.00975818
-0.109399
0.010188
-0.11002
0.010472
-0.11069
0.0106981
-0.111405
0.0108893
-0.112148
0.011128
-0.112925
0.0114517
-0.113722
0.0119053
-0.114569
0.012509
-0.115471
0.013275
-0.116456
0.0141224
-0.117541
0.0150447
-0.118783
0.0159212
-0.120124
0.016633
-0.121584
0.0170396
-0.123126
0.0170076
-0.124714
0.0164024
-0.126285
0.0151327
-0.127747
0.0131932
-0.129075
0.0105827
-0.1302
0.0074122
-0.131085
0.00381841
-0.131691
-0.131998
0.00164931
-0.107988
0.00324153
-0.108056
0.00472274
-0.108191
0.00604433
-0.108393
0.00718517
-0.10867
0.00813196
-0.109015
0.00886371
-0.109414
0.00941276
-0.109866
0.00980339
-0.110364
0.0100687
-0.110875
0.0102695
-0.111415
0.0104521
-0.111957
0.0106602
-0.112511
0.0109667
-0.113108
0.0113809
-0.113731
0.011937
-0.114436
0.012638
-0.115246
0.0134512
-0.116177
0.0142882
-0.117263
0.0150997
-0.118516
0.015764
-0.11991
0.016152
-0.121416
0.016127
-0.122988
0.0155538
-0.124545
0.0143736
-0.126034
0.0125387
-0.12739
0.0100769
-0.128553
0.00706493
-0.129469
0.0036424
-0.130099
-0.130419
0.0016097
-0.108445
0.00316138
-0.108511
0.00460129
-0.10864
0.00589292
-0.108835
0.00699872
-0.109083
0.00790053
-0.109376
0.00860243
-0.109702
0.00913488
-0.110069
0.00949404
-0.110421
0.00976334
-0.110806
0.00994469
-0.111157
0.0101273
-0.111538
0.0103288
-0.111896
0.0105937
-0.1123
0.0109719
-0.112757
0.0114698
-0.1133
0.0120927
-0.113973
0.0128198
-0.114795
0.0135923
-0.115788
0.0143303
-0.116974
0.0149282
-0.118326
0.0152716
-0.119819
0.015229
-0.121391
0.014697
-0.122974
0.0135969
-0.124508
0.0118746
-0.125905
0.00955469
-0.127118
0.00670405
-0.128074
0.00345829
-0.128737
-0.129073
0.00157389
-0.108633
0.00309135
-0.108697
0.00449851
-0.108815
0.00575537
-0.108991
0.00682306
-0.109195
0.00770778
-0.109447
0.00840722
-0.109706
0.00891359
-0.109959
0.00929368
-0.110214
0.009549
-0.110448
0.00974719
-0.110662
0.00990021
-0.110868
0.0100934
-0.111095
0.0103326
-0.111343
0.0106571
-0.111667
0.0110826
-0.112091
0.0116144
-0.11267
0.0122339
-0.113417
0.0129037
-0.114364
0.0135471
-0.115516
0.0140724
-0.116855
0.0143698
-0.118355
0.0143147
-0.119942
0.0138185
-0.121572
0.0127895
-0.123155
0.0111876
-0.124614
0.00900702
-0.125873
0.00632467
-0.126877
0.00326407
-0.127577
-0.127934
0.00153919
-0.108501
0.00302213
-0.108559
0.00439621
-0.108661
0.00562731
-0.108817
0.00669185
-0.108991
0.00756945
-0.109189
0.00825354
-0.109369
0.00877903
-0.109545
0.00916304
-0.1097
0.00942466
-0.109809
0.00962731
-0.109919
0.00978901
-0.109999
0.00994915
-0.110109
0.0101448
-0.110254
0.0104088
-0.110494
0.0107528
-0.110844
0.0111809
-0.111365
0.0116865
-0.112078
0.0122358
-0.113006
0.0127701
-0.114154
0.0132107
-0.115507
0.0134418
-0.117018
0.0133874
-0.118661
0.0129196
-0.12033
0.0119534
-0.121961
0.0104585
-0.123487
0.00842853
-0.124805
0.00592374
-0.12586
0.0030585
-0.126598
-0.126976
0.00150597
-0.107992
0.00295882
-0.108043
0.0043162
-0.108137
0.00553297
-0.108268
0.00658595
-0.10841
0.00745386
-0.108555
0.00815669
-0.108689
0.00869889
-0.1088
0.00908186
-0.10886
0.00937434
-0.108911
0.00956403
-0.108918
0.00972405
-0.108941
0.00986215
-0.108977
0.0100109
-0.109061
0.0101955
-0.109254
0.010451
-0.109585
0.0107697
-0.110086
0.0111509
-0.110795
0.0115728
-0.111733
0.0119879
-0.112899
0.0123273
-0.114279
0.0125126
-0.115836
0.0124191
-0.117509
0.0119685
-0.119234
0.0110866
-0.120935
0.00969925
-0.122508
0.00782184
-0.123893
0.00550053
-0.125
0.00284129
-0.125775
-0.126173
0.0014796
-0.107055
0.00290892
-0.1071
0.00424559
-0.107184
0.00544703
-0.107293
0.00649689
-0.107415
0.00738392
-0.107535
0.00810343
-0.107634
0.0086468
-0.107687
0.00907229
-0.107729
0.00936172
-0.107721
0.00957108
-0.107703
0.00970493
-0.107687
0.00980098
-0.107702
0.00989896
-0.107788
0.0100146
-0.107984
0.0101574
-0.108318
0.0103605
-0.108849
0.0106099
-0.10958
0.0108986
-0.110552
0.0111924
-0.111756
0.0114299
-0.113172
0.0115356
-0.114774
0.0114167
-0.116495
0.0109916
-0.11828
0.0101712
-0.120038
0.00890584
-0.12167
0.00718543
-0.123114
0.00505542
-0.124271
0.00261269
-0.125083
-0.1255
0.001452
-0.105637
0.00285727
-0.105679
0.00417862
-0.105762
0.00537959
-0.105865
0.00643805
-0.105983
0.0073328
-0.10609
0.00805617
-0.106172
0.00864095
-0.106237
0.00907314
-0.106268
0.00937644
-0.106261
0.00957744
-0.106259
0.00970062
-0.106268
0.00976351
-0.106311
0.00979008
-0.106432
0.00980578
-0.106671
0.00985399
-0.107072
0.00992557
-0.107646
0.0100505
-0.108443
0.0102078
-0.109462
0.0103747
-0.110713
0.0105127
-0.112181
0.0105426
-0.113824
0.0104086
-0.115613
0.00998871
-0.117431
0.00922909
-0.119249
0.00808143
-0.120945
0.006519
-0.122438
0.00458828
-0.123646
0.00237264
-0.124495
-0.124931
0.00142891
-0.103707
0.00281607
-0.103751
0.0041244
-0.10384
0.00531889
-0.103951
0.00637518
-0.10408
0.00727591
-0.104201
0.00803127
-0.10432
0.00862787
-0.104416
0.00906339
-0.104476
0.00938565
-0.104544
0.00957349
-0.104589
0.00965808
-0.104667
0.00967552
-0.1048
0.00964806
-0.105016
0.00959186
-0.105342
0.00952646
-0.105824
0.00947855
-0.10648
0.00946545
-0.107355
0.00948746
-0.108443
0.0095327
-0.109755
0.00956388
-0.111278
0.0095332
-0.112979
0.00933804
-0.114795
0.00894674
-0.116684
0.00824908
-0.118542
0.00721665
-0.120298
0.0058234
-0.121841
0.00410078
-0.123095
0.00212088
-0.123978
-0.124434
0.00140295
-0.101246
0.00276742
-0.101298
0.0040567
-0.101402
0.00523993
-0.101538
0.00629758
-0.101706
0.00721933
-0.101884
0.00798136
-0.102058
0.00857801
-0.102217
0.00904327
-0.102385
0.00934364
-0.102534
0.00953747
-0.102716
0.00960108
-0.1029
0.00957197
-0.103163
0.00946653
-0.103504
0.00931261
-0.103955
0.00914037
-0.104558
0.00898107
-0.105331
0.00884066
-0.106295
0.00873522
-0.107466
0.0086559
-0.108846
0.00858459
-0.11043
0.00846694
-0.112179
0.00825323
-0.114047
0.00786839
-0.115987
0.00723992
-0.117887
0.00632736
-0.119691
0.00510284
-0.121279
0.00359297
-0.122578
0.00185805
-0.123494
-0.123968
0.00137024
-0.0982607
0.00270702
-0.0983275
0.00397657
-0.0984615
0.00515232
-0.0986447
0.00620617
-0.0988721
0.00712048
-0.0991262
0.00787825
-0.0993889
0.0084972
-0.0996777
0.0089532
-0.099969
0.00925972
-0.100264
0.00940933
-0.100588
0.00945172
-0.100959
0.00937019
-0.101378
0.00919948
-0.101885
0.00897071
-0.102499
0.00870253
-0.103244
0.0084258
-0.104148
0.00816843
-0.105226
0.00794197
-0.106488
0.00775488
-0.10795
0.00757935
-0.109589
0.0073962
-0.111396
0.00715702
-0.113315
0.00677006
-0.115283
0.00620428
-0.11723
0.00541171
-0.11908
0.00436117
-0.12071
0.00306578
-0.122046
0.00158444
-0.122994
-0.123484
0.00133314
-0.0947881
0.00263584
-0.0948762
0.00387454
-0.0950488
0.00502387
-0.0952934
0.00605865
-0.0956011
0.00695737
-0.0959555
0.00772564
-0.0963594
0.00833271
-0.0967871
0.00877255
-0.0972349
0.00907509
-0.0977307
0.00921504
-0.0982365
0.00921194
-0.0988043
0.00908596
-0.0994246
0.00885672
-0.100127
0.00854405
-0.100919
0.00818675
-0.101836
0.00780059
-0.102875
0.00743211
-0.104087
0.00710388
-0.105463
0.00680576
-0.107
0.00654188
-0.108705
0.00628376
-0.110562
0.00600837
-0.112532
0.00564219
-0.114532
0.00514991
-0.116524
0.00446784
-0.118399
0.0035913
-0.120076
0.00252133
-0.121444
0.00130084
-0.122416
-0.12292
0.00128249
-0.0908877
0.00253586
-0.0910002
0.00372976
-0.0912193
0.00484046
-0.0915368
0.00585029
-0.0919481
0.00673709
-0.0924296
0.00748165
-0.09298
0.00806338
-0.0935666
0.00850442
-0.0942233
0.00876729
-0.0949075
0.00889181
-0.0956502
0.00885852
-0.0964318
0.00868397
-0.097266
0.00839193
-0.0981797
0.00801601
-0.099178
0.00757099
-0.100267
0.00711701
-0.101484
0.00665353
-0.102819
0.00621951
-0.104307
0.00582754
-0.105933
0.0054904
-0.107716
0.00517463
-0.109619
0.00485072
-0.111616
0.00449972
-0.11366
0.00406121
-0.115687
0.00350608
-0.117597
0.00280088
-0.119302
0.00196061
-0.120701
0.00101092
-0.121691
-0.122204
0.00121672
-0.0866443
0.00240693
-0.0867833
0.00354832
-0.0870588
0.00461431
-0.0874577
0.00558109
-0.0879766
0.0064242
-0.0885886
0.00712936
-0.0892949
0.00770281
-0.0900801
0.00810685
-0.090927
0.00835727
-0.091837
0.00843816
-0.0927988
0.00836374
-0.0938124
0.00816
-0.0948883
0.0078302
-0.0960205
0.00739608
-0.0972206
0.00689374
-0.0985001
0.00634306
-0.0998696
0.0058023
-0.101357
0.00527765
-0.102952
0.00480486
-0.104678
0.00437937
-0.106527
0.00400578
-0.108484
0.00366914
-0.11052
0.00333373
-0.112598
0.0029584
-0.114653
0.00251934
-0.116589
0.00199966
-0.118322
0.00139138
-0.119734
0.000713855
-0.120736
-0.121257
0.00113854
-0.0821653
0.00225379
-0.0823314
0.00332187
-0.08266
0.00432023
-0.0831404
0.00522212
-0.0837632
0.00601306
-0.0845106
0.00668815
-0.0853872
0.00721574
-0.086349
0.00758712
-0.0873921
0.00780184
-0.0885206
0.00786277
-0.0897119
0.00776451
-0.0909517
0.00751342
-0.0922463
0.00713251
-0.0935949
0.00664951
-0.0950021
0.0060908
-0.0964683
0.00549843
-0.0980137
0.00488603
-0.0996293
0.00429538
-0.101341
0.00374148
-0.103153
0.00325753
-0.10508
0.00283328
-0.107078
0.00247197
-0.10916
0.00215024
-0.111267
0.0018397
-0.113341
0.00152323
-0.115296
0.00118419
-0.117041
0.000812464
-0.118459
0.000414468
-0.119467
-0.11999
0.00104262
-0.0775649
0.00206465
-0.077756
0.00304234
-0.0781317
0.00395584
-0.078687
0.00478836
-0.0794137
0.0055247
-0.0802915
0.00613362
-0.0813061
0.00660367
-0.0824309
0.00694582
-0.0836761
0.0071185
-0.0849886
0.00713453
-0.0863841
0.00700414
-0.0878434
0.00673495
-0.0893552
0.00633542
-0.090906
0.00582207
-0.0925006
0.00522315
-0.0941352
0.00456874
-0.0958318
0.00390374
-0.0975853
0.00325489
-0.0994081
0.00264932
-0.101316
0.00210763
-0.103289
0.00165422
-0.10535
0.00126443
-0.107452
0.000954046
-0.109588
0.000710591
-0.111674
0.000522002
-0.113638
0.000363677
-0.115378
0.000231827
-0.116795
0.000113169
-0.117799
-0.11832
0.000931616
-0.0729633
0.00184451
-0.0731746
0.0027225
-0.0735943
0.00354543
-0.0742159
0.00429002
-0.0750244
0.00494346
-0.0760073
0.00547536
-0.0771343
0.00590256
-0.0784208
0.00617619
-0.0798052
0.00632271
-0.0813061
0.00631277
-0.0828695
0.0061545
-0.0845111
0.00585057
-0.0862023
0.00541328
-0.0879232
0.00486723
-0.0896893
0.00424533
-0.0914864
0.00356575
-0.0933175
0.00285694
-0.0951852
0.00215856
-0.0971085
0.00150154
-0.0990937
0.00092056
-0.101123
0.00042521
-0.103225
3.17886e-05
-0.10536
-0.000249321
-0.107502
-0.0004191
-0.109586
-0.000481099
-0.111541
-0.000453598
-0.113262
-0.000347058
-0.114666
-0.000187183
-0.115656
-0.116168
0.000811848
-0.0684805
0.00160788
-0.0687072
0.00237087
-0.0691581
0.00308225
-0.069826
0.00372463
-0.0706943
0.00428236
-0.071751
0.00475265
-0.0729838
0.00510094
-0.0743685
0.00532856
-0.0758764
0.00540948
-0.0774961
0.00536706
-0.0792127
0.00517805
-0.08099
0.0048517
-0.0828229
0.00440944
-0.0846926
0.00385302
-0.08659
0.00320316
-0.0885086
0.00248538
-0.090446
0.0017534
-0.0924272
0.00102049
-0.0944234
0.000326446
-0.0964647
-0.000291927
-0.0985522
-0.000809673
-0.100679
-0.00120246
-0.102825
-0.00145093
-0.104961
-0.00154242
-0.107028
-0.00147749
-0.108952
-0.00126174
-0.110641
-0.000918492
-0.112013
-0.000483106
-0.112978
-0.113476
0.000681357
-0.0642207
0.00134898
-0.0644564
0.00198545
-0.0649237
0.00257522
-0.0656151
0.00311241
-0.0665249
0.00358314
-0.0676329
0.00395936
-0.0689194
0.00423151
-0.0703633
0.00439719
-0.0719567
0.00443919
-0.0736577
0.00434943
-0.0754618
0.00413147
-0.0773364
0.00378953
-0.0792686
0.00331302
-0.0812258
0.00273672
-0.0832212
0.0020781
-0.0852394
0.00135794
-0.0872698
0.000596264
-0.0893036
-0.000154055
-0.0913658
-0.000872182
-0.0934441
-0.00151774
-0.0955584
-0.00205399
-0.0976939
-0.00243908
-0.0998381
-0.00264594
-0.101951
-0.00265035
-0.10398
-0.00245406
-0.105846
-0.00204921
-0.107487
-0.00147554
-0.108803
-0.000770841
-0.109731
-0.110206
0.000544255
-0.0602713
0.00107568
-0.0605086
0.00158433
-0.0609823
0.00205904
-0.0616826
0.00248498
-0.0626011
0.00284349
-0.0637181
0.00311848
-0.0650216
0.00332254
-0.0664999
0.00340839
-0.0681119
0.00340008
-0.0698583
0.00327403
-0.0717009
0.00302181
-0.0736158
0.00264887
-0.075592
0.00217713
-0.0776233
0.00159575
-0.0796578
0.000924915
-0.0817269
0.000189956
-0.0837972
-0.000579055
-0.085868
-0.00135606
-0.0879551
-0.00209016
-0.0900597
-0.00274604
-0.0921799
-0.0032798
-0.0943035
-0.00364906
-0.0964144
-0.00381103
-0.0984762
-0.00373431
-0.100437
-0.00339324
-0.102235
-0.00280898
-0.103791
-0.00200772
-0.105037
-0.00104756
-0.10591
-0.106358
0.000408864
-0.0567032
0.00080819
-0.056937
0.00118639
-0.0574006
0.00153539
-0.0580888
0.00184035
-0.0589874
0.00208693
-0.0600844
0.00227868
-0.06138
0.00238704
-0.0628318
0.00241632
-0.0644406
0.00234264
-0.0661644
0.00216658
-0.0679976
0.00188686
-0.069917
0.00150075
-0.0718947
0.000993032
-0.0739149
0.000408975
-0.0759733
-0.000262781
-0.0780355
-0.00100124
-0.0801122
-0.0017781
-0.0821881
-0.00255949
-0.0842751
-0.00330638
-0.0863691
-0.00397274
-0.0884646
-0.00450286
-0.0905501
-0.0048406
-0.0926055
-0.00494003
-0.0945876
-0.00476477
-0.0964497
-0.00429137
-0.0981422
-0.00353027
-0.0995906
-0.00251099
-0.100748
-0.00130677
-0.101548
-0.101961
0.000275516
-0.0535611
0.000541822
-0.053784
0.000791296
-0.0542259
0.00101244
-0.0548784
0.0012023
-0.0557403
0.0013533
-0.0568032
0.0014427
-0.0580412
0.00147268
-0.0594365
0.0014185
-0.0609855
0.00129216
-0.0626666
0.00107377
-0.0644399
0.000754727
-0.0663075
0.000324622
-0.0682371
-0.000166514
-0.0702188
-0.000769306
-0.0722297
-0.00145225
-0.0742608
-0.00220246
-0.0763038
-0.00297895
-0.0783617
-0.00376323
-0.0804116
-0.00450979
-0.0824633
-0.00516671
-0.084504
-0.00567593
-0.0865167
-0.00597724
-0.0884781
-0.00601674
-0.0903428
-0.00573929
-0.0920822
-0.00513396
-0.0936332
-0.00419604
-0.0949562
-0.00297733
-0.0959947
-0.00154359
-0.0967141
-0.0970788
0.000145747
-0.0508638
0.000284436
-0.0510699
0.000408826
-0.0514814
0.000519474
-0.0520935
0.000601801
-0.0529014
0.00064059
-0.0538883
0.000633613
-0.0550461
0.000581198
-0.0563656
0.000464209
-0.0578242
0.000256877
-0.0594014
7.95077e-06
-0.0610921
-0.000345493
-0.0628654
-0.00078785
-0.0647101
-0.00131952
-0.0666089
-0.0019353
-0.068546
-0.00262605
-0.0705092
-0.00337533
-0.0724882
-0.00416563
-0.074476
-0.00494848
-0.0764668
-0.00568562
-0.0784447
-0.00632673
-0.0803929
-0.0068075
-0.0822954
-0.00706124
-0.0841259
-0.00701468
-0.0858514
-0.00663508
-0.0874226
-0.0058907
-0.0888094
-0.00479528
-0.0899719
-0.0033892
-0.0908772
-0.00175702
-0.0914951
-0.0918104
2.6237e-05
-0.0486129
5.02566e-05
-0.0487997
6.53196e-05
-0.0491756
6.39663e-05
-0.04973
4.0983e-05
-0.0504674
-1.36134e-05
-0.0513672
-0.000105262
-0.0524295
-0.00024414
-0.0536352
-0.000434058
-0.0549845
-0.000686034
-0.0564414
-0.00100791
-0.0580104
-0.00140345
-0.0596672
-0.00187763
-0.0613968
-0.0024317
-0.0631848
-0.0030628
-0.0650171
-0.00376298
-0.0668807
-0.00451686
-0.0687639
-0.00530064
-0.0706555
-0.00608159
-0.0725436
-0.00681192
-0.0744103
-0.00742708
-0.0762379
-0.00785999
-0.0780002
-0.00804513
-0.0796654
-0.00792101
-0.0812042
-0.00743782
-0.0825787
-0.00656652
-0.0837744
-0.00532001
-0.0847569
-0.00375046
-0.0855072
-0.00193766
-0.0860168
-0.0862706
-7.70276e-05
-0.046784
-0.000156219
-0.0469519
-0.000248169
-0.0472823
-0.00034746
-0.0477819
-0.000472474
-0.0484328
-0.000619704
-0.0492402
-0.000795527
-0.0501968
-0.00100548
-0.0512855
-0.00127351
-0.0524933
-0.00158429
-0.0538255
-0.00195852
-0.0552531
-0.00239661
-0.0567736
-0.00290451
-0.0583672
-0.00348407
-0.0600225
-0.00413336
-0.0617265
-0.00484495
-0.0634656
-0.00560363
-0.0652263
-0.0063844
-0.0669938
-0.00715126
-0.0687511
-0.00785411
-0.0704763
-0.00843184
-0.0721455
-0.00881489
-0.0737291
-0.00893066
-0.0751968
-0.00872298
-0.0765134
-0.00812185
-0.0776803
-0.0071307
-0.0786482
-0.00575332
-0.0794309
-0.00404126
-0.0800147
-0.0020873
-0.0803995
-0.0805931
-0.000172099
-0.0453455
-0.000349296
-0.0454905
-0.000529434
-0.0457832
-0.000727198
-0.0462143
-0.000932601
-0.0467926
-0.0011599
-0.0475014
-0.00141929
-0.04834
-0.00171013
-0.049305
-0.00203403
-0.0503842
-0.00240791
-0.0515703
-0.00282904
-0.0528566
-0.00331199
-0.054225
-0.00385547
-0.0556722
-0.00446292
-0.0571814
-0.00513251
-0.0587414
-0.0058566
-0.0603381
-0.00661923
-0.0619556
-0.00739384
-0.0635757
-0.00814218
-0.0651764
-0.00881258
-0.0667313
-0.00934187
-0.0682114
-0.00965947
-0.069586
-0.00970058
-0.0708198
-0.00938429
-0.0719076
-0.00868919
-0.0728189
-0.0075809
-0.0735569
-0.00609021
-0.0741191
-0.00426865
-0.0745222
-0.00219745
-0.0747845
-0.0749085
-0.00025609
-0.0442588
-0.000512967
-0.0443857
-0.000781496
-0.0446323
-0.00105052
-0.0450128
-0.00134202
-0.045504
-0.00164922
-0.0461204
-0.00197487
-0.0468541
-0.00232698
-0.0476986
-0.00271696
-0.0486413
-0.00314596
-0.0496878
-0.00361865
-0.0508302
-0.00414221
-0.0520493
-0.00472266
-0.0533436
-0.00535921
-0.0547017
-0.00604988
-0.0561096
-0.00678602
-0.0575524
-0.00755012
-0.0590121
-0.00831348
-0.0604665
-0.00903564
-0.061889
-0.00966335
-0.0632491
-0.0101325
-0.0645148
-0.0103747
-0.0656538
-0.0103213
-0.0666357
-0.00991013
-0.0674658
-0.00911472
-0.0681075
-0.0079139
-0.0685976
-0.00632973
-0.068938
-0.00441767
-0.0691602
-0.00227135
-0.0692889
-0.0693453
-0.000328582
-0.0434821
-0.000660035
-0.04359
-0.000991832
-0.0438046
-0.00134189
-0.0441202
-0.00169416
-0.0445491
-0.00205996
-0.0450804
-0.00245279
-0.0457056
-0.00287239
-0.0464345
-0.00331937
-0.0472555
-0.00379268
-0.0481784
-0.00432006
-0.0491683
-0.00488687
-0.0502496
-0.00550284
-0.051396
-0.0061683
-0.0526034
-0.00687903
-0.0538574
-0.00762481
-0.0551409
-0.00838581
-0.0564332
-0.00913079
-0.0577083
-0.00981729
-0.0589356
-0.0103911
-0.0600813
-0.0107887
-0.0611121
-0.010948
-0.0619925
-0.0107922
-0.0627155
-0.0102856
-0.0632648
-0.00939182
-0.0636347
-0.00810768
-0.0638673
-0.00645485
-0.0639842
-0.00449186
-0.0640236
-0.00230634
-0.0640209
-0.0640136
-0.000388718
-0.0429742
-0.000781911
-0.0430637
-0.00118034
-0.0432453
-0.00158009
-0.0435188
-0.00199864
-0.0438763
-0.00243066
-0.044331
-0.00287777
-0.0448692
-0.0033452
-0.0454987
-0.00383618
-0.0462116
-0.00437338
-0.047
-0.00493668
-0.0478732
-0.00554617
-0.0488156
-0.00619655
-0.0498251
-0.006889
-0.0508876
-0.00761739
-0.0519901
-0.00836762
-0.0531143
-0.00911856
-0.0542331
-0.00983594
-0.0553193
-0.0104758
-0.0563384
-0.0109837
-0.057255
-0.0112985
-0.0580361
-0.0113599
-0.058648
-0.0111081
-0.0590951
-0.010509
-0.0593578
-0.0095261
-0.059463
-0.00817424
-0.0594375
-0.00647759
-0.0593341
-0.00449377
-0.0591956
-0.0023006
-0.0590713
-0.0589998
-0.000442498
-0.0426915
-0.00088559
-0.0427688
-0.00133515
-0.0429209
-0.00179322
-0.0431522
-0.00226037
-0.0434572
-0.002737
-0.04385
-0.00323249
-0.0443094
-0.00375402
-0.0448466
-0.00430188
-0.0454619
-0.00487338
-0.0461512
-0.00548198
-0.0469082
-0.00612564
-0.0477318
-0.00680722
-0.0486127
-0.00752239
-0.0495395
-0.00826301
-0.0504955
-0.00901267
-0.0514603
-0.00974293
-0.0524057
-0.0104216
-0.0532949
-0.0110026
-0.0540965
-0.0114326
-0.0547737
-0.011655
-0.0552953
-0.0116115
-0.055636
-0.0112613
-0.0557985
-0.0105707
-0.0557795
-0.00951529
-0.0556263
-0.00811596
-0.055353
-0.00640027
-0.055041
-0.00442605
-0.0547347
-0.00226006
-0.0545019
-0.0543697
-0.000486603
-0.0425989
-0.000975868
-0.0426645
-0.0014671
-0.0427968
-0.0019706
-0.0429898
-0.00247387
-0.0432612
-0.0030056
-0.0435848
-0.0035476
-0.043987
-0.00410843
-0.0444532
-0.00469286
-0.0449883
-0.00530941
-0.0455843
-0.00595531
-0.0462456
-0.00663225
-0.0469646
-0.00733981
-0.04773
-0.00807186
-0.0485302
-0.00881645
-0.0493462
-0.00955477
-0.0501529
-0.0102564
-0.0509213
-0.0108824
-0.0516123
-0.0113918
-0.0521887
-0.0117324
-0.0526206
-0.0118536
-0.0528782
-0.0117036
-0.0529488
-0.0112532
-0.0528308
-0.0104747
-0.0525434
-0.00936856
-0.0521336
-0.00793865
-0.0516407
-0.00623136
-0.0511328
-0.00428908
-0.0506827
-0.0021862
-0.0503469
-0.0501633
-0.00052261
-0.0426661
-0.0010488
-0.0427216
-0.00158282
-0.0428335
-0.00211589
-0.0430089
-0.00267287
-0.0432324
-0.00323606
-0.0435206
-0.00381434
-0.0438738
-0.00441512
-0.0442793
-0.00504133
-0.0447465
-0.00568977
-0.0452727
-0.00636632
-0.0458513
-0.00707241
-0.0464757
-0.00779972
-0.0471389
-0.00854083
-0.0478209
-0.00927989
-0.0485016
-0.00999434
-0.0491522
-0.0106545
-0.0497394
-0.0112152
-0.0502314
-0.0116401
-0.0505781
-0.0118807
-0.0507627
-0.0118926
-0.0507582
-0.0116362
-0.0505628
-0.0110898
-0.0501767
-0.0102375
-0.0496372
-0.00908688
-0.0489927
-0.0076538
-0.0482981
-0.00597336
-0.0476246
-0.00409493
-0.0470479
-0.00208279
-0.0466232
-0.0463977
-0.000557099
-0.042863
-0.00111546
-0.0429133
-0.0016785
-0.0430127
-0.00225504
-0.0431633
-0.00283573
-0.0433675
-0.00342852
-0.0436253
-0.00404891
-0.043929
-0.00468332
-0.044295
-0.0053393
-0.0447108
-0.0060212
-0.0451749
-0.00672797
-0.0456827
-0.0074516
-0.04623
-0.00819176
-0.046795
-0.00893201
-0.0473654
-0.00965387
-0.0479135
-0.0103316
-0.0484078
-0.0109326
-0.0488129
-0.0114231
-0.0490934
-0.0117462
-0.0492223
-0.0118786
-0.0491555
-0.0117771
-0.0488962
-0.0114156
-0.0484443
-0.0107805
-0.0478085
-0.0098668
-0.0470395
-0.0086886
-0.0461878
-0.00726758
-0.045319
-0.00564047
-0.0445054
-0.00385097
-0.0438247
-0.00195359
-0.0433288
-0.0430702
-0.000585968
-0.0431704
-0.0011747
-0.0432162
-0.00176742
-0.0433084
-0.00237179
-0.043442
-0.0029829
-0.0436323
-0.00361465
-0.0438603
-0.00426026
-0.0441387
-0.00492391
-0.0444715
-0.00561093
-0.0448437
-0.006315
-0.045262
-0.00703804
-0.0457092
-0.00777862
-0.0461781
-0.00851941
-0.046655
-0.00924678
-0.0471144
-0.00993847
-0.0475283
-0.0105646
-0.0478648
-0.0110935
-0.048084
-0.011488
-0.0481556
-0.0117124
-0.0480549
-0.0117296
-0.0477502
-0.011515
-0.0472456
-0.0110524
-0.0465543
-0.0103385
-0.0456917
-0.00937752
-0.0447212
-0.00818973
-0.0436931
-0.00680046
-0.0426815
-0.0052457
-0.0417572
-0.00356649
-0.0409945
-0.00180357
-0.0404472
-0.0401632
-0.000610201
-0.0435747
-0.00122624
-0.043615
-0.00184808
-0.0437016
-0.00247159
-0.0438333
-0.00311887
-0.0439991
-0.00377184
-0.0442197
-0.00443793
-0.0444812
-0.00513098
-0.044779
-0.00583914
-0.0451209
-0.00657134
-0.0454888
-0.00731203
-0.0458839
-0.00805243
-0.0462851
-0.00878355
-0.0466705
-0.00948469
-0.0470166
-0.0101308
-0.0472921
-0.0106943
-0.0474624
-0.011135
-0.0474978
-0.0114284
-0.0473551
-0.0115424
-0.0470258
-0.0114402
-0.0464979
-0.0111163
-0.0457592
-0.0105615
-0.0448502
-0.00977989
-0.0437906
-0.00878725
-0.0426491
-0.00760736
-0.0414786
-0.00626939
-0.040356
-0.00480605
-0.0393514
-0.00325229
-0.0385318
-0.00163975
-0.0379508
-0.0376504
-0.000636324
-0.0440613
-0.00127333
-0.0441027
-0.0019218
-0.0441808
-0.002578
-0.0443082
-0.00324159
-0.0444707
-0.00392234
-0.0446774
-0.00462269
-0.04492
-0.00533513
-0.0452003
-0.0060633
-0.0455112
-0.00679948
-0.0458408
-0.00754041
-0.0461789
-0.00827441
-0.0465046
-0.00898247
-0.0467952
-0.00964301
-0.0470212
-0.0102289
-0.0471507
-0.0107103
-0.0471502
-0.0110618
-0.0469872
-0.0112388
-0.0466441
-0.0112312
-0.0460913
-0.0110206
-0.0453418
-0.0105925
-0.0443952
-0.00995942
-0.0432901
-0.00912275
-0.0420719
-0.00811548
-0.0407901
-0.00696288
-0.0395111
-0.00569179
-0.0383126
-0.00433441
-0.0372567
-0.00291844
-0.0364047
-0.00146687
-0.0358068
-0.035499
-0.000660362
-0.0446243
-0.00132375
-0.0446653
-0.00198851
-0.0447466
-0.00267261
-0.0448605
-0.00335936
-0.0450269
-0.00406558
-0.0452191
-0.00478317
-0.0454512
-0.00551055
-0.045714
-0.00625062
-0.0459908
-0.00699366
-0.0462763
-0.00773034
-0.0465526
-0.00844144
-0.0468
-0.00911248
-0.0469836
-0.00971748
-0.0470791
-0.010229
-0.0470528
-0.010617
-0.0468752
-0.0108562
-0.0465148
-0.0109242
-0.0459617
-0.010799
-0.0452026
-0.0104823
-0.0442438
-0.0099573
-0.0431199
-0.00925479
-0.0418459
-0.00838586
-0.0404984
-0.00738201
-0.0391135
-0.00627341
-0.0377608
-0.00508455
-0.0365203
-0.00384443
-0.0354414
-0.00257459
-0.0345793
-0.00128987
-0.0339804
-0.0336732
-0.000683492
-0.0452601
-0.00137058
-0.0453005
-0.00206298
-0.0453814
-0.00275801
-0.0454991
-0.00347548
-0.0456492
-0.00419625
-0.0458406
-0.00492615
-0.0460597
-0.00567226
-0.0462905
-0.00641677
-0.0465348
-0.00715225
-0.0467704
-0.00786503
-0.0469781
-0.00854759
-0.0471242
-0.00916749
-0.0471925
-0.00970276
-0.0471449
-0.0101264
-0.0469525
-0.0104151
-0.0465874
-0.0105377
-0.046035
-0.0104875
-0.0452755
-0.010249
-0.0443234
-0.0098274
-0.0431796
-0.00922799
-0.0418959
-0.00847297
-0.0404913
-0.00759051
-0.0390442
-0.0066116
-0.0375901
-0.0055593
-0.0362047
-0.00446407
-0.0349517
-0.00334908
-0.0338754
-0.00222984
-0.0330228
-0.00111341
-0.0324368
-0.0321372
-0.000704877
-0.0459683
-0.00141444
-0.0460064
-0.00213137
-0.0460838
-0.00285318
-0.0462009
-0.00358461
-0.0463436
-0.00431948
-0.0465272
-0.00506851
-0.046718
-0.00581379
-0.0469222
-0.00655318
-0.0471188
-0.00727242
-0.047291
-0.00795719
-0.0474125
-0.00858661
-0.0474501
-0.00914034
-0.0473829
-0.00959218
-0.0471781
-0.00991748
-0.0468094
-0.0100927
-0.0462556
-0.010105
-0.0455045
-0.00993828
-0.0445567
-0.00960284
-0.0434189
-0.00908774
-0.0421281
-0.00843197
-0.0407024
-0.00763849
-0.0392128
-0.00675713
-0.0376947
-0.00581593
-0.0362046
-0.00483362
-0.0348212
-0.00384506
-0.0335788
-0.00286021
-0.0325312
-0.00189231
-0.0317052
-0.000941469
-0.0311434
-0.0308568
-0.000729602
-0.0467441
-0.00145977
-0.0467823
-0.00219591
-0.0468544
-0.00293864
-0.0469643
-0.00367895
-0.0471033
-0.00443551
-0.0472542
-0.00518527
-0.0474212
-0.00592154
-0.0475878
-0.00664155
-0.0477209
-0.0073332
-0.0478072
-0.00797855
-0.0478204
-0.0085482
-0.0477347
-0.00902303
-0.0475179
-0.00938054
-0.0471435
-0.00959907
-0.046591
-0.00966158
-0.0458465
-0.00955739
-0.0449069
-0.00928578
-0.0437809
-0.00885004
-0.0424882
-0.00827039
-0.0410631
-0.00756432
-0.0395413
-0.00676601
-0.0379863
-0.00591032
-0.0364329
-0.00501167
-0.0349546
-0.00411492
-0.0335899
-0.00323654
-0.0323844
-0.0023889
-0.0313799
-0.00156858
-0.0306005
-0.00077732
-0.0300705
-0.029801
-0.000751949
-0.0475869
-0.00150458
-0.0476223
-0.00225655
-0.0476903
-0.00301806
-0.047781
-0.00377635
-0.0479039
-0.00453142
-0.0480239
-0.0052692
-0.0481553
-0.00600327
-0.0482474
-0.00670183
-0.0483047
-0.00734999
-0.048292
-0.00793032
-0.0481819
-0.00842342
-0.0479494
-0.00880816
-0.0475663
-0.00906332
-0.0470121
-0.00917163
-0.0462721
-0.00912177
-0.045341
-0.00891031
-0.044225
-0.00854376
-0.0429394
-0.00803034
-0.0415175
-0.00740163
-0.0399846
-0.00666829
-0.0384071
-0.00587837
-0.0368151
-0.00505164
-0.0352682
-0.00422377
-0.0338179
-0.00342027
-0.0324991
-0.00265624
-0.0313519
-0.00194058
-0.030406
-0.00126342
-0.0296837
-0.00062377
-0.029191
-0.0289432
-0.000772324
-0.0484919
-0.00154409
-0.0485218
-0.00231512
-0.0485775
-0.00307967
-0.0486519
-0.00384859
-0.0487327
-0.00459475
-0.0488186
-0.00533496
-0.048875
-0.00603694
-0.0488944
-0.00669486
-0.0488488
-0.00728697
-0.0487153
-0.00779702
-0.0484599
-0.00820419
-0.0480641
-0.00849016
-0.047503
-0.00863845
-0.0467628
-0.00863685
-0.045837
-0.00848044
-0.0447289
-0.00817368
-0.0434525
-0.00772478
-0.0420336
-0.00716026
-0.0405017
-0.00648733
-0.0389127
-0.00575499
-0.0372964
-0.00498877
-0.0357045
-0.0042137
-0.0341936
-0.00346501
-0.0327935
-0.00276029
-0.0315425
-0.00211136
-0.030469
-0.00152071
-0.0295944
-0.000980423
-0.028933
-0.000481215
-0.0284831
-0.0282597
-0.000787407
-0.0494514
-0.00157581
-0.0494688
-0.00235893
-0.0495053
-0.00313396
-0.0495478
-0.00389695
-0.0495801
-0.00463722
-0.0496042
-0.0053469
-0.0495774
-0.00600947
-0.0494968
-0.00660815
-0.0493304
-0.00713633
-0.0490443
-0.00756515
-0.048628
-0.00788103
-0.0480533
-0.00806528
-0.047308
-0.00810682
-0.0463829
-0.00800037
-0.0452792
-0.0077477
-0.0440093
-0.00735621
-0.0425971
-0.00684876
-0.0410663
-0.00623604
-0.039469
-0.00555886
-0.0378398
-0.00484526
-0.0362196
-0.00411438
-0.0346673
-0.00340874
-0.0332077
-0.00274719
-0.0318814
-0.00214465
-0.0307156
-0.00160848
-0.0297277
-0.00113814
-0.0289295
-0.000724004
-0.0283325
-0.000351227
-0.0279298
-0.0277305
-0.000799022
-0.0504463
-0.00159284
-0.0504502
-0.00238316
-0.0504518
-0.00315577
-0.0504515
-0.00390103
-0.0504244
-0.00462502
-0.0503539
-0.00529868
-0.0502282
-0.00591099
-0.0500245
-0.00645416
-0.0497059
-0.00690169
-0.0492595
-0.00723986
-0.0486662
-0.00745423
-0.0479061
-0.00753402
-0.0469739
-0.00747301
-0.0458689
-0.007271
-0.0446013
-0.0069357
-0.0431907
-0.00648432
-0.0416645
-0.00592655
-0.0400652
-0.0052997
-0.0384239
-0.00463314
-0.0367862
-0.00394524
-0.035202
-0.00327564
-0.0337015
-0.00265392
-0.0323145
-0.00208498
-0.0310826
-0.0015834
-0.0300148
-0.0011525
-0.0291233
-0.000793956
-0.0284029
-0.000494108
-0.0278681
-0.000235698
-0.0275165
-0.0273392
-0.000802654
-0.0514492
-0.00159799
-0.0514339
-0.00237747
-0.0513972
-0.00314106
-0.05133
-0.00386872
-0.0512235
-0.00455296
-0.0510483
-0.00517409
-0.0508012
-0.0057326
-0.0504404
-0.00619832
-0.0499611
-0.00656069
-0.0493365
-0.00680348
-0.0485585
-0.00691897
-0.0476103
-0.00689963
-0.0464976
-0.00674499
-0.0452265
-0.00646071
-0.0438153
-0.00605942
-0.0422904
-0.00555752
-0.0406857
-0.00498372
-0.0390379
-0.00436029
-0.0373896
-0.00371598
-0.0357789
-0.00308346
-0.0342459
-0.00248889
-0.0328204
-0.00193887
-0.0315381
-0.00146138
-0.0304042
-0.0010624
-0.0294354
-0.000742018
-0.0286345
-0.000486649
-0.0280062
-0.000288236
-0.0275325
-0.000133594
-0.0272256
-0.0270714
-0.000794187
-0.0524227
-0.00157862
-0.0523823
-0.00234238
-0.0522962
-0.00307883
-0.052151
-0.00377102
-0.0519458
-0.00440699
-0.0516484
-0.00497585
-0.0512519
-0.0054571
-0.0507295
-0.00583834
-0.0500732
-0.00610525
-0.049265
-0.00625667
-0.0482923
-0.00627782
-0.0471647
-0.00616914
-0.0458846
-0.00593442
-0.0444687
-0.00558464
-0.0429405
-0.00513688
-0.0413314
-0.00461326
-0.0396778
-0.00403614
-0.0380181
-0.00343177
-0.0363928
-0.0028371
-0.03483
-0.00226618
-0.0333767
-0.00174027
-0.0320498
-0.0012846
-0.0308696
-0.000902933
-0.0298432
-0.000600014
-0.028977
-0.000372843
-0.0282709
-0.000219342
-0.0277191
-0.000110111
-0.0273145
-4.52849e-05
-0.0270481
-0.0269165
-0.000771109
-0.0533161
-0.00152958
-0.0532461
-0.00226258
-0.0531009
-0.00295413
-0.0528717
-0.00360132
-0.0525441
-0.00417773
-0.0521143
-0.00467695
-0.0515538
-0.00507793
-0.050861
-0.00537297
-0.0500209
-0.00555512
-0.0490239
-0.00561164
-0.0478738
-0.00554478
-0.0465788
-0.00535643
-0.0451528
-0.00505659
-0.0436178
-0.00466082
-0.0420023
-0.00418688
-0.040342
-0.00365664
-0.0386736
-0.00310169
-0.0370284
-0.00254328
-0.0354503
-0.00199924
-0.0339729
-0.00149966
-0.032612
-0.00106183
-0.0313873
-0.000697279
-0.0303165
-0.000409702
-0.0294016
-0.000195386
-0.02864
-5.23266e-05
-0.028024
2.30474e-05
-0.0275477
4.57187e-05
-0.0272014
3.21453e-05
-0.0269762
-0.0268651
-0.000730717
-0.0540673
-0.00144633
-0.0539642
-0.00213186
-0.0537536
-0.00277216
-0.053429
-0.0033535
-0.0529771
-0.00386067
-0.0524029
-0.00427835
-0.0516777
-0.004593
-0.0508131
-0.00480301
-0.0497882
-0.00489497
-0.0486184
-0.00486778
-0.0473057
-0.00472575
-0.0458662
-0.0044748
-0.0443222
-0.00412859
-0.0426999
-0.00370627
-0.0410309
-0.00322795
-0.0393517
-0.00271791
-0.0376965
-0.00219474
-0.0361053
-0.0016841
-0.0346009
-0.00121669
-0.0332097
-0.000802994
-0.0319544
-0.000450903
-0.0308487
-0.000169011
-0.0298912
3.80342e-05
-0.0290823
0.00016588
-0.0284178
0.000224481
-0.0278883
0.000223667
-0.027483
0.000176086
-0.0271908
9.62548e-05
-0.027002
-0.0269092
-0.000669907
-0.0546057
-0.00132496
-0.054466
-0.00194561
-0.0541891
-0.00251524
-0.0537675
-0.00301561
-0.0531959
-0.00344573
-0.0524698
-0.00377465
-0.0515933
-0.0040087
-0.0505567
-0.00413103
-0.0493717
-0.00414035
-0.0480493
-0.00403787
-0.0466012
-0.00383357
-0.0450474
-0.00353972
-0.043417
-0.00316978
-0.0417423
-0.00274146
-0.0400569
-0.00227677
-0.0383934
-0.0017965
-0.0367847
-0.00132974
-0.0352628
-0.000893115
-0.0338483
-0.00049585
-0.0325705
-0.000158573
-0.0314279
0.00010936
-0.0304347
0.000302503
-0.0295883
0.00042194
-0.0288838
0.000471505
-0.028312
0.000458369
-0.0278614
0.000392302
-0.0275198
0.000285042
-0.0272754
0.000149646
-0.0271185
-0.0270416
-0.00059086
-0.0548531
-0.00116298
-0.0546814
-0.00170335
-0.054337
-0.00218773
-0.0538258
-0.00260381
-0.0531397
-0.00294217
-0.0522807
-0.00318376
-0.0512651
-0.00332849
-0.0500848
-0.00337035
-0.0487645
-0.00330512
-0.047322
-0.00314825
-0.0457683
-0.0029023
-0.0441406
-0.00258077
-0.0424658
-0.0022015
-0.0407777
-0.00178557
-0.0391098
-0.00135279
-0.0374929
-0.000923074
-0.0359567
-0.000516688
-0.0345274
-0.000148722
-0.0332214
0.000164824
-0.0320545
0.00041553
-0.0310306
0.000597198
-0.0301517
0.000708474
-0.0294128
0.000751427
-0.0288053
0.000731153
-0.0283178
0.000655252
-0.0279376
0.00053314
-0.0276519
0.0003755
-0.027449
0.000193808
-0.0273194
-0.0272561
-0.00049333
-0.0547333
-0.00096784
-0.0545334
-0.00140728
-0.0541338
-0.00179402
-0.0535431
-0.00211383
-0.0527615
-0.00235728
-0.0517953
-0.00250861
-0.0506689
-0.00256973
-0.0493804
-0.002535
-0.0479662
-0.00241682
-0.0464342
-0.00221356
-0.0448259
-0.00194034
-0.0431672
-0.00161095
-0.04149
-0.00124319
-0.0398276
-0.000856467
-0.0382119
-0.000469405
-0.0366712
-9.99441e-05
-0.0352304
0.000235302
-0.0339094
0.000523489
-0.032721
0.00075416
-0.031673
0.000921395
-0.0307665
0.0010225
-0.029998
0.00105821
-0.0293597
0.00103211
-0.0288407
0.000950106
-0.0284284
0.000819809
-0.0281097
0.000649994
-0.0278721
0.000450141
-0.0277044
0.000230122
-0.0275979
-0.027546
-0.000378857
-0.0541776
-0.000740221
-0.0539568
-0.00106584
-0.0535184
-0.00134489
-0.0528657
-0.00156024
-0.0520201
-0.00170255
-0.050985
-0.00176955
-0.0497772
-0.00175399
-0.04843
-0.00166237
-0.0469625
-0.00149317
-0.0454013
-0.00126058
-0.043784
-0.000976405
-0.0421412
-0.000655461
-0.0405042
-0.000314777
-0.0389061
2.88812e-05
-0.0373757
0.000358747
-0.0359376
0.000659642
-0.0346118
0.000918697
-0.0334125
0.00112622
-0.032348
0.00127554
-0.031421
0.00136347
-0.0306287
0.00138978
-0.0299645
0.00135688
-0.0294186
0.00126939
-0.0289789
0.00113352
-0.0286327
0.000956579
-0.0283671
0.000746483
-0.0281704
0.000511472
-0.0280323
0.000259872
-0.0279449
-0.0279024
-0.000252342
-0.053132
-0.000489129
-0.0528997
-0.000696127
-0.0524399
-0.000856752
-0.0517591
-0.000966385
-0.0508786
-0.00101621
-0.0498141
-0.00099577
-0.0485828
-0.000910644
-0.0472241
-0.000766374
-0.0457564
-0.000563957
-0.04422
-0.000313158
-0.0426453
-3.67775e-05
-0.0410651
0.000262129
-0.0395125
0.000564541
-0.0380159
0.000855304
-0.0366012
0.00112073
-0.035289
0.00134897
-0.0340943
0.00153065
-0.0330266
0.00165923
-0.0320898
0.00173111
-0.0312828
0.00174543
-0.0306002
0.00170379
-0.0300335
0.00160979
-0.0295717
0.00146858
-0.0292027
0.00128633
-0.0289141
0.00106978
-0.028694
0.000825929
-0.0285317
0.000561779
-0.0284182
0.000284215
-0.0283465
-0.0283117
-0.000119207
-0.0515651
-0.00022558
-0.0513319
-0.000306735
-0.0508717
-0.000347633
-0.0501962
-0.000355401
-0.0493195
-0.00031164
-0.0482711
-0.000215116
-0.0470705
-7.34336e-05
-0.0457516
0.000114697
-0.0443447
0.000339295
-0.0428841
0.00059011
-0.0414031
0.000855314
-0.0399337
0.00112204
-0.0385056
0.00137743
-0.037145
0.00160939
-0.0358733
0.00180731
-0.0347067
0.00196262
-0.0336561
0.00206911
-0.0327269
0.00212313
-0.0319197
0.00212351
-0.0312307
0.00207129
-0.0306529
0.00196935
-0.0301769
0.00182201
-0.0297916
0.00163459
-0.0294855
0.00141294
-0.0292473
0.00116313
-0.0290662
0.000891207
-0.0289331
0.000603006
-0.0288402
0.000304135
-0.0287815
-0.0287531
1.39014e-05
-0.0494716
3.72958e-05
-0.0492491
7.8865e-05
-0.0488106
0.000145909
-0.0481688
0.000244089
-0.0473422
0.000375002
-0.0463551
0.000539604
-0.0452341
0.00073426
-0.0440104
0.000953768
-0.0427159
0.00119031
-0.0413833
0.00143448
-0.0400443
0.00167588
-0.0387284
0.00190385
-0.0374619
0.00210818
-0.036267
0.00227975
-0.035161
0.00241107
-0.0341561
0.00249662
-0.0332595
0.00253305
-0.0324736
0.00251913
-0.0317965
0.00245562
-0.031223
0.00234494
-0.0307454
0.00219085
-0.0303542
0.001998
-0.0300392
0.0017716
-0.0297898
0.00151705
-0.0295963
0.0012397
-0.0294494
0.000944651
-0.0293415
0.000636723
-0.0292662
0.000320417
-0.0292186
-0.0291955
0.000141429
-0.0468742
0.000288681
-0.046673
0.000446932
-0.046277
0.000620191
-0.045699
0.000810738
-0.0449575
0.00101876
-0.0440756
0.00124254
-0.0430799
0.00147804
-0.0419995
0.00171952
-0.0408646
0.00195977
-0.039705
0.00219063
-0.0385491
0.0024036
-0.0374225
0.00259044
-0.0363475
0.00274369
-0.0353419
0.00285716
-0.0344192
0.00292628
-0.0335878
0.00294827
-0.0328521
0.00292215
-0.0322122
0.0028487
-0.031665
0.0027301
-0.0312045
0.00256977
-0.0308232
0.00237193
-0.0305123
0.00214133
-0.0302628
0.00188289
-0.0300658
0.00160149
-0.029913
0.00130175
-0.0297971
0.000987966
-0.0297118
0.000664062
-0.0296521
0.000333625
-0.0296145
-0.0295961
0.000256877
-0.0438233
0.000515857
-0.0436521
0.000778574
-0.0433158
0.0010458
-0.0428261
0.00131708
-0.0421999
0.00159061
-0.0414582
0.00186314
-0.040625
0.00213008
-0.0397261
0.00238581
-0.0387878
0.00262398
-0.0378357
0.00283796
-0.0368936
0.00302131
-0.0359825
0.00316822
-0.0351201
0.00327389
-0.03432
0.00333482
-0.0335919
0.003349
-0.0329413
0.00331594
-0.03237
0.00323662
-0.031877
0.00311329
-0.0314583
0.00294921
-0.0311082
0.00274839
-0.0308199
0.0025153
-0.030586
0.00225455
-0.0303988
0.00197072
-0.0302513
0.00166813
-0.0301369
0.00135077
-0.03005
0.00102224
-0.029986
0.000685732
-0.0299412
0.000344108
-0.0299127
-0.0298988
0.00035505
-0.0403944
0.000708757
-0.0402595
0.0010595
-0.039995
0.00140513
-0.0396107
0.00174284
-0.039121
0.00206904
-0.0385433
0.00237943
-0.0378976
0.00266911
-0.0372051
0.00293284
-0.036487
0.0031653
-0.0357637
0.00336144
-0.0350536
0.00351683
-0.0343728
0.00362791
-0.033734
0.00369223
-0.0331469
0.00370861
-0.0326177
0.00367716
-0.0321495
0.0035992
-0.0317424
0.00347717
-0.0313945
0.00331438
-0.0311017
0.00311482
-0.0308591
0.00288281
-0.0306609
0.00262283
-0.0305011
0.00233931
-0.030374
0.00203643
-0.0302742
0.00171803
-0.0301969
0.00138755
-0.0301383
0.00104801
-0.0300951
0.000702063
-0.0300648
0.00035202
-0.0300455
-0.0300361
0.000432335
-0.0366822
0.000860402
-0.0365869
0.00127983
-0.0364002
0.00168605
-0.0361298
0.00207432
-0.0357865
0.00243968
-0.0353838
0.0027771
-0.0349366
0.00308159
-0.0344606
0.0033484
-0.0339713
0.00357328
-0.0334834
0.00375265
-0.0330097
0.00388384
-0.032561
0.0039652
-0.0321457
0.00399623
-0.0317696
0.00397758
-0.0314359
0.00391095
-0.0311455
0.00379904
-0.0308976
0.00364529
-0.0306897
0.00345371
-0.0305181
0.00322864
-0.0303787
0.00297456
-0.030267
0.00269584
-0.0301786
0.00239664
-0.0301095
0.00208078
-0.0300561
0.00175169
-0.0300153
0.00141238
-0.0299847
0.00106544
-0.0299622
0.000713122
-0.0299465
0.000357385
-0.0299365
-0.0299316
0.00048692
-0.0327928
0.000967328
-0.0327368
0.00143475
-0.0326277
0.0018828
-0.0324705
0.00230529
-0.0322724
0.00269632
-0.0320422
0.00305039
-0.0317898
0.00336259
-0.0315251
0.00362872
-0.031258
0.00384545
-0.0309972
0.00401043
-0.0307502
0.00412242
-0.030523
0.00418126
-0.0303197
0.0041879
-0.0301427
0.00414429
-0.0299926
0.00405328
-0.029869
0.00391841
-0.0297699
0.00374377
-0.0296927
0.00353371
-0.0296343
0.00329273
-0.0295916
0.00302524
-0.0295613
0.00273546
-0.0295405
0.00242727
-0.0295267
0.00210418
-0.0295179
0.00176928
-0.0295125
0.00142526
-0.0295093
0.00107445
-0.0295074
0.000718831
-0.0295064
0.000360153
-0.0295058
-0.0295055
0.000518865
-0.0288341
0.00102971
-0.0288144
0.00152467
-0.0287766
0.00199618
-0.0287233
0.00243713
-0.0286583
0.00284105
-0.0285861
0.00320225
-0.0285114
0.00351599
-0.0284389
0.00377854
-0.0283731
0.00398734
-0.0283174
0.00414098
-0.0282744
0.00423921
-0.0282459
0.00428291
-0.0282322
0.00427399
-0.028233
0.00421522
-0.0282467
0.00411009
-0.0282716
0.00396262
-0.0283051
0.00377715
-0.0283447
0.00355814
-0.0283878
0.00331002
-0.0284321
0.00303707
-0.0284755
0.00274326
-0.0285164
0.00243223
-0.0285536
0.00210721
-0.0285863
0.00177107
-0.0286142
0.00142629
-0.0286371
0.00107502
-0.028655
0.000719128
-0.0286682
0.00036028
-0.0286768
-0.028681
0.000529967
-0.0249072
0.00105113
-0.0249183
0.0015549
-0.0249407
0.00203311
-0.0249752
0.00247827
-0.0250224
0.00288369
-0.0250831
0.0032437
-0.0251579
0.00355375
-0.0252469
0.00381054
-0.0253497
0.00401202
-0.0254656
0.00415739
-0.0255931
0.00424705
-0.0257302
0.00428245
-0.0258744
0.00426598
-0.0260231
0.00420082
-0.0261732
0.00409069
-0.0263218
0.00393972
-0.0264661
0.00375222
-0.0266035
0.00353254
-0.026732
0.00328494
-0.0268499
0.00301343
-0.0269562
0.00272175
-0.0270501
0.0024133
-0.0271316
0.0020911
-0.0272008
0.00175785
-0.0272582
0.00141593
-0.0273044
0.0010674
-0.0273403
0.000714139
-0.0273664
0.000357815
-0.0273835
-0.0273918
0.000523449
-0.0210979
0.00103793
-0.0211323
0.00153471
-0.0212007
0.00200557
-0.0213018
0.00244302
-0.0214343
0.00284047
-0.021596
0.00319242
-0.0217841
0.00349459
-0.0219952
0.00374396
-0.0222257
0.00393881
-0.0224712
0.00407866
-0.0227272
0.00416416
-0.0229892
0.00419699
-0.0232524
0.00417966
-0.0235125
0.00411533
-0.0237653
0.00400766
-0.0240073
0.00386059
-0.0242354
0.00367822
-0.0244471
0.00346461
-0.0246408
0.00322373
-0.0248153
0.0029593
-0.0249701
0.0026748
-0.0251054
0.00237341
-0.0252217
0.00205801
-0.0253198
0.00173118
-0.0254009
0.00139525
-0.0254661
0.00105232
-0.0255166
0.000704299
-0.0255534
0.000352962
-0.0255775
-0.0255893
0.000503522
-0.0174706
0.000998391
-0.0175201
0.0014762
-0.0176182
0.00192906
-0.0177625
0.00234979
-0.0179501
0.00273215
-0.0181768
0.00307093
-0.0184378
0.00336213
-0.0187274
0.00360293
-0.0190396
0.00379176
-0.0193679
0.00392822
-0.0197058
0.00401296
-0.0200471
0.00404755
-0.0203858
0.00403432
-0.0207164
0.00397619
-0.0210342
0.00387648
-0.0213352
0.00373879
-0.0216163
0.00356679
-0.0218752
0.00336419
-0.0221103
0.00313459
-0.022321
0.00288139
-0.0225071
0.00260783
-0.0226693
0.00231688
-0.0228085
0.0020113
-0.0229258
0.00169361
-0.0230227
0.00136616
-0.0231008
0.00103109
-0.0231613
0.00069044
-0.0232055
0.000346123
-0.0232343
-0.0232485
0.000474907
-0.0140645
0.000941803
-0.0141208
0.00139291
-0.0142322
0.00182092
-0.0143959
0.0022192
-0.014608
0.00258196
-0.0148634
0.00290438
-0.0151561
0.00318272
-0.0154796
0.00341433
-0.0158267
0.00359765
-0.0161899
0.0037322
-0.0165619
0.00381842
-0.0169357
0.0038576
-0.0173048
0.00385169
-0.0176634
0.00380316
-0.0180066
0.00371487
-0.0183304
0.00358993
-0.0186318
0.00343155
-0.0189085
0.00324299
-0.0191593
0.00302745
-0.0193836
0.00278804
-0.0195817
0.00252773
-0.0197542
0.00224931
-0.0199023
0.00195546
-0.0200272
0.00164866
-0.0201306
0.0013313
-0.020214
0.00100563
-0.0202787
0.000673798
-0.020326
0.000337905
-0.020357
-0.0203723
0.000442386
-0.0108926
0.000877572
-0.0109481
0.00129856
-0.0110575
0.00169875
-0.0112182
0.00207216
-0.0114261
0.0024135
-0.0116762
0.00271838
-0.0119622
0.00298328
-0.0122777
0.00320568
-0.0126154
0.00338399
-0.012968
0.00351752
-0.0133285
0.00360643
-0.0136899
0.00365159
-0.0140461
0.00365448
-0.0143915
0.00361706
-0.0147215
0.00354166
-0.0150325
0.00343084
-0.0153215
0.00328733
-0.0155867
0.00311394
-0.0158269
0.00291349
-0.0160418
0.00268877
-0.0162316
0.0024425
-0.0163971
0.00217736
-0.0165392
0.00189592
-0.0166594
0.00160066
-0.016759
0.00129402
-0.0168393
0.000978347
-0.0169019
0.000655946
-0.0169477
0.000329082
-0.0169777
-0.0169925
0.000410425
-0.00794297
0.00081448
-0.00799077
0.00120596
-0.00808513
0.00157901
-0.00822359
0.00192825
-0.00840262
0.00224893
-0.00861772
0.00253701
-0.00886363
0.00278922
-0.00913453
0.00300309
-0.00942426
0.00317696
-0.00972655
0.00330995
-0.0100353
0.00340187
-0.0103445
0.00345318
-0.0106491
0.00346487
-0.0109443
0.0034384
-0.0112261
0.00337556
-0.0114916
0.0032784
-0.0117384
0.0031492
-0.0119648
0.00299034
-0.01217
0.00280429
-0.0123536
0.00259357
-0.012516
0.00236069
-0.0126577
0.0021082
-0.0127795
0.00183859
-0.0128826
0.00155437
-0.0129682
0.00125801
-0.0130374
0.000951962
-0.0130913
0.000638661
-0.0131308
0.000320532
-0.0131567
-0.0131695
0.000382876
-0.0051812
0.000760112
-0.00521609
0.00112621
-0.00528495
0.00147593
-0.00538599
0.00180446
-0.00551658
0.00210748
-0.00567343
0.00238126
-0.00585267
0.00262272
-0.00605004
0.00282943
-0.00626103
0.00299967
-0.0064811
0.00313233
-0.00670575
0.00322696
-0.00693077
0.00328364
-0.00715231
0.00330294
-0.007367
0.00328586
-0.00757204
0.00323376
-0.00776516
0.00314826
-0.0079447
0.00303124
-0.0081095
0.00288473
-0.00825893
0.00271091
-0.00839278
0.00251207
-0.00851119
0.00229057
-0.0086146
0.00204884
-0.00870364
0.00178933
-0.00877909
0.00151453
-0.00884175
0.00122698
-0.00889247
0.000929197
-0.00893201
0.000623734
-0.00896104
0.000313146
-0.00898008
-0.00898949
0.00036277
-0.00255509
0.000720439
-0.00257346
0.00106802
-0.0026097
0.00140075
-0.00266287
0.0017142
-0.00273158
0.00200439
-0.0028141
0.00226779
-0.00290838
0.00250146
-0.00301217
0.00270301
-0.00312311
0.00287064
-0.00323881
0.00300311
-0.00335691
0.00309974
-0.00347519
0.00316033
-0.00359165
0.00318516
-0.00370451
0.00317491
-0.00381232
0.00313059
-0.00391387
0.00305354
-0.00400831
0.00294533
-0.00409503
0.00280776
-0.00417369
0.00264281
-0.00424418
0.00245258
-0.00430657
0.00223934
-0.0043611
0.00200542
-0.00440808
0.00175325
-0.00444791
0.00148533
-0.00448102
0.00120421
-0.00450783
0.00091248
-0.00452875
0.000612766
-0.00454411
0.000307716
-0.00455419
-0.00455918
0.000352189
0.000699561
0.0010374
0.00136119
0.00166672
0.00195016
0.00220812
0.0024377
0.00263655
0.00280281
0.00293518
0.00303286
0.00309551
0.00312324
0.00311656
0.00307633
0.0030037
0.00290011
0.00276723
0.00260692
0.00242121
0.0022123
0.00198249
0.00173419
0.00146989
0.00119216
0.00090363
0.000606957
0.000304839
)
;

boundaryField
{
    outerWall
    {
        type            calculated;
        value           uniform 0;
    }
    axis
    {
        type            symmetryPlane;
        value           uniform 0;
    }
    nozzle
    {
        type            calculated;
        value           nonuniform List<scalar> 5(1.1263 1.12636 1.12636 1.12636 1.1263);
    }
    back
    {
        type            empty;
    }
    front
    {
        type            empty;
    }
}


// ************************************************************************* //
