/*--------------------------------*- C++ -*----------------------------------*\
| =========                 |                                                 |
| \\      /  F ield         | OpenFOAM: The Open Source CFD Toolbox           |
|  \\    /   O peration     | Version:  2412                                  |
|   \\  /    A nd           | Website:  www.openfoam.com                      |
|    \\/     M anipulation  |                                                 |
\*---------------------------------------------------------------------------*/
FoamFile
{
    version     2.0;
    format      ascii;
    arch        "LSB;label=32;scalar=64";
    class       volVectorField;
    location    "0.000195";
    object      U;
}
// * * * * * * * * * * * * * * * * * * * * * * * * * * * * * * * * * * * * * //

dimensions      [0 1 -1 0 0 0 0];

internalField   nonuniform List<vector> 
3725
(
(0.0506466 -0.0141522 0)
(0.151613 -0.0141718 0)
(0.251565 -0.0142009 0)
(0.349698 -0.0142963 0)
(0.444885 -0.0143649 0)
(0.535987 -0.0143827 0)
(0.621795 -0.0144928 0)
(0.701309 -0.0142061 0)
(0.773532 -0.0143035 0)
(0.838593 -0.0138144 0)
(0.896521 -0.0133378 0)
(0.948318 -0.0126687 0)
(0.995317 -0.0114024 0)
(1.03905 -0.010071 0)
(1.08026 -0.00846568 0)
(1.12166 -0.00603983 0)
(1.16262 -0.00360178 0)
(1.19952 -0.000694497 0)
(1.23126 0.00255714 0)
(1.2536 0.00618874 0)
(1.26158 0.0101683 0)
(1.24952 0.014439 0)
(1.2119 0.0190118 0)
(1.14421 0.0237234 0)
(1.04381 0.0284057 0)
(0.910179 0.0329033 0)
(0.74539 0.0370082 0)
(0.553414 0.0404031 0)
(0.340856 0.0429758 0)
(0.115256 0.044189 0)
(0.050632 -0.0423816 0)
(0.151581 -0.0424695 0)
(0.25148 -0.0425952 0)
(0.349585 -0.0429106 0)
(0.444832 -0.0430137 0)
(0.535905 -0.0432549 0)
(0.621944 -0.0432781 0)
(0.701471 -0.0430254 0)
(0.773845 -0.0427657 0)
(0.83934 -0.0414839 0)
(0.897406 -0.0403358 0)
(0.949795 -0.0374846 0)
(0.997293 -0.0346353 0)
(1.04129 -0.0302642 0)
(1.08332 -0.0255758 0)
(1.12534 -0.0183217 0)
(1.16666 -0.0110727 0)
(1.20417 -0.0023833 0)
(1.23646 0.00740942 0)
(1.25934 0.018323 0)
(1.2678 0.0303107 0)
(1.25618 0.0432887 0)
(1.21889 0.0569917 0)
(1.1513 0.0711451 0)
(1.05071 0.0853545 0)
(0.916644 0.0990875 0)
(0.751033 0.111612 0)
(0.557903 0.122024 0)
(0.343704 0.129766 0)
(0.116169 0.133619 0)
(0.0505844 -0.0704264 0)
(0.151461 -0.0705803 0)
(0.251243 -0.0708723 0)
(0.349395 -0.0713513 0)
(0.44464 -0.071648 0)
(0.535804 -0.0722242 0)
(0.621984 -0.0721915 0)
(0.701718 -0.0722241 0)
(0.774716 -0.0712967 0)
(0.840435 -0.0696371 0)
(0.899549 -0.0673729 0)
(0.952621 -0.0631845 0)
(1.00077 -0.0582518 0)
(1.04588 -0.0511632 0)
(1.08925 -0.0430881 0)
(1.13258 -0.031542 0)
(1.17461 -0.0193271 0)
(1.21342 -0.00488417 0)
(1.24683 0.0114334 0)
(1.27081 0.0296986 0)
(1.28034 0.0498182 0)
(1.26956 0.0716019 0)
(1.23282 0.0947937 0)
(1.16554 0.118836 0)
(1.06478 0.143059 0)
(0.929877 0.166585 0)
(0.762609 0.188105 0)
(0.567044 0.206122 0)
(0.349564 0.219335 0)
(0.118151 0.226188 0)
(0.0505181 -0.0982077 0)
(0.15125 -0.0985623 0)
(0.250907 -0.098944 0)
(0.349008 -0.0996645 0)
(0.444182 -0.100407 0)
(0.5355 -0.101193 0)
(0.621947 -0.101479 0)
(0.702148 -0.101549 0)
(0.775799 -0.100316 0)
(0.842276 -0.0985794 0)
(0.902253 -0.094766 0)
(0.956642 -0.0899119 0)
(1.00632 -0.0824025 0)
(1.05267 -0.0732069 0)
(1.09804 -0.061364 0)
(1.14317 -0.0461304 0)
(1.18666 -0.0288796 0)
(1.22725 -0.00875141 0)
(1.2624 0.0141368 0)
(1.28813 0.0398459 0)
(1.29924 0.0682976 0)
(1.28993 0.0992509 0)
(1.25433 0.132376 0)
(1.18751 0.166943 0)
(1.08653 0.202086 0)
(0.950429 0.236359 0)
(0.780691 0.267882 0)
(0.581329 0.294443 0)
(0.358761 0.313869 0)
(0.121314 0.324107 0)
(0.0503203 -0.125631 0)
(0.150914 -0.126107 0)
(0.250424 -0.126802 0)
(0.348304 -0.127868 0)
(0.443499 -0.129044 0)
(0.535004 -0.130208 0)
(0.621722 -0.13089 0)
(0.702596 -0.131185 0)
(0.776953 -0.130017 0)
(0.844593 -0.127853 0)
(0.90606 -0.123399 0)
(0.961904 -0.11718 0)
(1.0133 -0.108103 0)
(1.06168 -0.0966496 0)
(1.10958 -0.0808883 0)
(1.15695 -0.0621734 0)
(1.20265 -0.0401726 0)
(1.24569 -0.0145257 0)
(1.28329 0.0149051 0)
(1.31144 0.0481575 0)
(1.3249 0.0851814 0)
(1.31764 0.125807 0)
(1.2836 0.169541 0)
(1.21783 0.215623 0)
(1.11685 0.262899 0)
(0.97923 0.309328 0)
(0.806177 0.352332 0)
(0.601537 0.388823 0)
(0.37182 0.415597 0)
(0.125837 0.429824 0)
(0.0501638 -0.152663 0)
(0.150378 -0.153163 0)
(0.249593 -0.154424 0)
(0.347334 -0.15582 0)
(0.442433 -0.15782 0)
(0.53412 -0.159262 0)
(0.62122 -0.160868 0)
(0.702808 -0.161148 0)
(0.778305 -0.160413 0)
(0.847245 -0.157787 0)
(0.910262 -0.153148 0)
(0.968126 -0.145667 0)
(1.02172 -0.135282 0)
(1.0731 -0.121355 0)
(1.12392 -0.1026 0)
(1.17371 -0.0804548 0)
(1.2224 -0.0538578 0)
(1.26856 -0.0227683 0)
(1.30942 0.0131036 0)
(1.34084 0.0539668 0)
(1.35749 0.0999348 0)
(1.3532 0.150754 0)
(1.32169 0.206018 0)
(1.25754 0.264981 0)
(1.15681 0.325926 0)
(1.01751 0.386375 0)
(0.840316 0.442887 0)
(0.628779 0.491269 0)
(0.389521 0.527004 0)
(0.131995 0.546144 0)
(0.0499469 -0.179216 0)
(0.149599 -0.180012 0)
(0.248439 -0.181629 0)
(0.345764 -0.183688 0)
(0.440924 -0.186395 0)
(0.532723 -0.188579 0)
(0.620311 -0.191015 0)
(0.702942 -0.191847 0)
(0.779479 -0.19164 0)
(0.85005 -0.18914 0)
(0.91515 -0.183955 0)
(0.975318 -0.175595 0)
(1.03154 -0.164209 0)
(1.0862 -0.14756 0)
(1.14027 -0.1268 0)
(1.19351 -0.101183 0)
(1.24592 -0.0703973 0)
(1.29592 -0.0341167 0)
(1.34084 0.00815313 0)
(1.37657 0.0567988 0)
(1.3975 0.11192 0)
(1.3972 0.173648 0)
(1.36927 0.241514 0)
(1.30776 0.314769 0)
(1.2079 0.391412 0)
(1.06695 0.468338 0)
(0.884848 0.541097 0)
(0.664624 0.604095 0)
(0.412987 0.651073 0)
(0.140203 0.676495 0)
(0.0495686 -0.205355 0)
(0.148573 -0.206462 0)
(0.246843 -0.208587 0)
(0.343767 -0.211447 0)
(0.438772 -0.214748 0)
(0.530661 -0.218327 0)
(0.618773 -0.221204 0)
(0.702344 -0.223147 0)
(0.780339 -0.223444 0)
(0.853013 -0.221405 0)
(0.920429 -0.216078 0)
(0.982937 -0.20755 0)
(1.04276 -0.194552 0)
(1.10116 -0.176446 0)
(1.15871 -0.153472 0)
(1.21602 -0.124944 0)
(1.2727 -0.0903604 0)
(1.32748 -0.0490845 0)
(1.37761 -0.000560547 0)
(1.41867 0.0557602 0)
(1.44512 0.120314 0)
(1.4504 0.193539 0)
(1.42753 0.275288 0)
(1.36996 0.364638 0)
(1.27199 0.459448 0)
(1.12977 0.555984 0)
(0.942133 0.648609 0)
(0.711259 0.729959 0)
(0.443834 0.791385 0)
(0.151075 0.825112 0)
(0.0491176 -0.231166 0)
(0.147179 -0.232551 0)
(0.244706 -0.23532 0)
(0.34115 -0.238977 0)
(0.43577 -0.243375 0)
(0.527887 -0.247995 0)
(0.616701 -0.251919 0)
(0.701266 -0.254876 0)
(0.78079 -0.255989 0)
(0.855578 -0.254502 0)
(0.925549 -0.249725 0)
(0.991462 -0.241111 0)
(1.05488 -0.226856 0)
(1.11701 -0.207921 0)
(1.1789 -0.183307 0)
(1.24085 -0.152295 0)
(1.30281 -0.114268 0)
(1.36327 -0.0684626 0)
(1.41948 -0.0140291 0)
(1.46722 0.0498265 0)
(1.50083 0.124138 0)
(1.51343 0.209583 0)
(1.49759 0.30638 0)
(1.44588 0.413851 0)
(1.35141 0.52978 0)
(1.20882 0.649841 0)
(1.01533 0.767044 0)
(0.771704 0.871823 0)
(0.484368 0.952195 0)
(0.165515 0.997252 0)
(0.0485305 -0.256708 0)
(0.14546 -0.258457 0)
(0.242028 -0.261806 0)
(0.337731 -0.266466 0)
(0.432015 -0.272001 0)
(0.524259 -0.277678 0)
(0.613617 -0.283052 0)
(0.699294 -0.287316 0)
(0.780622 -0.289551 0)
(0.857714 -0.288852 0)
(0.930474 -0.284863 0)
(1.0001 -0.275979 0)
(1.06765 -0.26202 0)
(1.13382 -0.242165 0)
(1.20043 -0.216398 0)
(1.2678 -0.183481 0)
(1.33558 -0.142681 0)
(1.40266 -0.092938 0)
(1.46632 -0.0330878 0)
(1.52229 0.0380732 0)
(1.56495 0.122139 0)
(1.58708 0.22026 0)
(1.58074 0.333384 0)
(1.53752 0.461173 0)
(1.44898 0.601627 0)
(1.30772 0.750001 0)
(1.10862 0.897849 0)
(0.85012 1.03295 0)
(0.537924 1.13861 0)
(0.184887 1.19962 0)
(0.0478056 -0.28217 0)
(0.143356 -0.284258 0)
(0.238703 -0.288337 0)
(0.333509 -0.293961 0)
(0.427367 -0.300679 0)
(0.519604 -0.307771 0)
(0.609477 -0.314559 0)
(0.696395 -0.320268 0)
(0.77964 -0.323754 0)
(0.859096 -0.324363 0)
(0.935205 -0.32109 0)
(1.0086 -0.312658 0)
(1.08024 -0.299246 0)
(1.15123 -0.279486 0)
(1.22291 -0.252844 0)
(1.29613 -0.218782 0)
(1.37072 -0.175901 0)
(1.44546 -0.122977 0)
(1.51773 -0.0584473 0)
(1.58364 0.0194716 0)
(1.63748 0.112978 0)
(1.67186 0.22404 0)
(1.67828 0.354431 0)
(1.64707 0.504707 0)
(1.56804 0.673447 0)
(1.431 0.855851 0)
(1.22755 1.04207 0)
(0.952273 1.21688 0)
(0.609394 1.35683 0)
(0.211294 1.44105 0)
(0.0469638 -0.307695 0)
(0.140834 -0.310159 0)
(0.234752 -0.314933 0)
(0.328479 -0.321567 0)
(0.421662 -0.329516 0)
(0.513854 -0.338089 0)
(0.604248 -0.346388 0)
(0.692401 -0.353611 0)
(0.777552 -0.358713 0)
(0.859714 -0.360804 0)
(0.939253 -0.358468 0)
(1.01648 -0.351428 0)
(1.09253 -0.338806 0)
(1.16863 -0.319737 0)
(1.24595 -0.293233 0)
(1.32551 -0.258621 0)
(1.40743 -0.214563 0)
(1.49074 -0.159452 0)
(1.57316 -0.0912322 0)
(1.65087 -0.00733502 0)
(1.71837 0.0948692 0)
(1.76816 0.218632 0)
(1.79124 0.366918 0)
(1.77679 0.541635 0)
(1.71235 0.742603 0)
(1.58421 0.96567 0)
(1.37941 1.19998 0)
(1.08619 1.42729 0)
(0.706082 1.61451 0)
(0.248067 1.73362 0)
(0.0459578 -0.333499 0)
(0.137927 -0.336361 0)
(0.230147 -0.34176 0)
(0.322574 -0.349425 0)
(0.41498 -0.358638 0)
(0.506955 -0.368616 0)
(0.597839 -0.378594 0)
(0.687154 -0.387401 0)
(0.774247 -0.394349 0)
(0.859281 -0.397792 0)
(0.942237 -0.397255 0)
(1.02334 -0.39187 0)
(1.10401 -0.380777 0)
(1.18541 -0.362987 0)
(1.26875 -0.337594 0)
(1.35514 -0.303464 0)
(1.44509 -0.25921 0)
(1.53796 -0.202895 0)
(1.63182 -0.132201 0)
(1.72322 -0.043891 0)
(1.80695 0.0658143 0)
(1.8759 0.201452 0)
(1.92054 0.367497 0)
(1.92884 0.568002 0)
(1.88608 0.804952 0)
(1.77406 1.07604 0)
(1.5738 1.3704 0)
(1.26317 1.66753 0)
(0.839199 1.92098 0)
(0.300631 2.09391 0)
(0.0448168 -0.359836 0)
(0.134637 -0.362972 0)
(0.224953 -0.36909 0)
(0.315822 -0.377606 0)
(0.407272 -0.388068 0)
(0.498891 -0.399455 0)
(0.590164 -0.410958 0)
(0.680588 -0.421704 0)
(0.769762 -0.430272 0)
(0.857535 -0.435497 0)
(0.943695 -0.437164 0)
(1.02884 -0.433867 0)
(1.11419 -0.424832 0)
(1.20101 -0.409103 0)
(1.2906 -0.385603 0)
(1.38429 -0.352925 0)
(1.48285 -0.309794 0)
(1.586 -0.253935 0)
(1.69241 -0.182551 0)
(1.79938 -0.0915385 0)
(1.90237 0.0238407 0)
(1.99443 0.16929 0)
(2.06616 0.35189 0)
(2.10489 0.578419 0)
(2.09341 0.854326 0)
(2.00833 1.18102 0)
(1.82312 1.54963 0)
(1.49913 1.9399 0)
(1.02599 2.28839 0)
(0.377723 2.55006 0)
(0.0436051 -0.386888 0)
(0.130985 -0.390274 0)
(0.219169 -0.397069 0)
(0.30834 -0.406352 0)
(0.398596 -0.417881 0)
(0.48979 -0.430659 0)
(0.581157 -0.443746 0)
(0.672672 -0.456281 0)
(0.763904 -0.466535 0)
(0.854113 -0.474035 0)
(0.94346 -0.478025 0)
(1.03259 -0.477249 0)
(1.12258 -0.470941 0)
(1.21483 -0.457982 0)
(1.31088 -0.437326 0)
(1.41199 -0.407501 0)
(1.51933 -0.366995 0)
(1.63339 -0.313176 0)
(1.75362 -0.243012 0)
(1.87801 -0.151891 0)
(2.00257 -0.0338294 0)
(2.12194 0.118459 0)
(2.2274 0.31495 0)
(2.30569 0.565859 0)
(2.33808 0.881913 0)
(2.2956 1.2709 0)
(2.14314 1.7296 0)
(1.81725 2.2427 0)
(1.29718 2.72498 0)
(0.496737 3.11779 0)
(0.0422762 -0.414874 0)
(0.127 -0.418549 0)
(0.212892 -0.425663 0)
(0.300211 -0.43583 0)
(0.389043 -0.448315 0)
(0.479494 -0.46228 0)
(0.570951 -0.477046 0)
(0.663499 -0.490738 0)
(0.756449 -0.503237 0)
(0.848919 -0.513177 0)
(0.941286 -0.519707 0)
(1.03415 -0.521846 0)
(1.12864 -0.518688 0)
(1.22622 -0.509366 0)
(1.32846 -0.492595 0)
(1.43704 -0.466952 0)
(1.5536 -0.430353 0)
(1.67899 -0.380764 0)
(1.81337 -0.314329 0)
(1.95627 -0.226256 0)
(2.10514 -0.109438 0)
(2.25602 0.0457266 0)
(2.40172 0.250639 0)
(2.53014 0.52146 0)
(2.62225 0.875656 0)
(2.6442 1.33103 0)
(2.55234 1.89697 0)
(2.24577 2.5742 0)
(1.6833 3.2808 0)
(0.671184 3.96005 0)
(0.0408479 -0.444114 0)
(0.122891 -0.447974 0)
(0.206206 -0.455303 0)
(0.29135 -0.466195 0)
(0.378758 -0.479438 0)
(0.468244 -0.494556 0)
(0.559816 -0.510432 0)
(0.653033 -0.52574 0)
(0.747078 -0.540341 0)
(0.841762 -0.55269 0)
(0.93696 -0.561977 0)
(1.03336 -0.567441 0)
(1.13194 -0.568025 0)
(1.2344 -0.562926 0)
(1.34269 -0.550874 0)
(1.45868 -0.530578 0)
(1.58398 -0.500017 0)
(1.72041 -0.456573 0)
(1.8695 -0.396933 0)
(2.03169 -0.315262 0)
(2.20656 -0.204497 0)
(2.39201 -0.0532994 0)
(2.58422 0.152731 0)
(2.77449 0.434731 0)
(2.94532 0.819095 0)
(3.06167 1.33708 0)
(3.07594 2.01623 0)
(2.85452 2.86771 0)
(2.3394 3.76418 0)
(1.01154 4.71092 0)
(0.0393802 -0.474696 0)
(0.118606 -0.478723 0)
(0.199223 -0.486418 0)
(0.282109 -0.497576 0)
(0.367772 -0.511387 0)
(0.45625 -0.527474 0)
(0.547566 -0.544054 0)
(0.641071 -0.561294 0)
(0.736239 -0.577551 0)
(0.832694 -0.592422 0)
(0.930223 -0.60469 0)
(1.02961 -0.613697 0)
(1.13203 -0.618612 0)
(1.23909 -0.61828 0)
(1.35272 -0.61193 0)
(1.47519 -0.598227 0)
(1.6091 -0.575354 0)
(1.7563 -0.540633 0)
(1.91936 -0.490559 0)
(2.10061 -0.419897 0)
(2.30162 -0.320879 0)
(2.52396 -0.18193 0)
(2.76778 0.0148672 0)
(3.02996 0.294334 0)
(3.29914 0.694746 0)
(3.54243 1.26953 0)
(3.7026 2.10299 0)
(3.5619 3.28141 0)
(3.07612 4.90899 0)
(1.33112 6.9558 0)
(0.0378269 -0.506853 0)
(0.114098 -0.510906 0)
(0.192064 -0.518741 0)
(0.272621 -0.530128 0)
(0.356334 -0.544416 0)
(0.443744 -0.560715 0)
(0.534453 -0.578497 0)
(0.627913 -0.597013 0)
(0.723735 -0.615121 0)
(0.82141 -0.632391 0)
(0.921004 -0.647696 0)
(1.02292 -0.660396 0)
(1.1285 -0.669675 0)
(1.23941 -0.674953 0)
(1.35773 -0.675147 0)
(1.48611 -0.669106 0)
(1.62718 -0.655311 0)
(1.78401 -0.631901 0)
(1.96006 -0.594913 0)
(2.15895 -0.539731 0)
(2.38506 -0.458633 0)
(2.64385 -0.34063 0)
(2.94146 -0.16756 0)
(3.28444 0.0885447 0)
(3.67666 0.471302 0)
(4.11692 1.04906 0)
(4.58062 1.92309 0)
(4.93777 3.18927 0)
(5.09594 4.92515 0)
(2.661 7.47068 0)
(0.0363405 -0.540787 0)
(0.109689 -0.54477 0)
(0.184805 -0.552561 0)
(0.262851 -0.563957 0)
(0.34483 -0.578351 0)
(0.430689 -0.595085 0)
(0.520344 -0.613733 0)
(0.613605 -0.63333 0)
(0.709708 -0.653233 0)
(0.808266 -0.672623 0)
(0.90922 -0.690933 0)
(1.01313 -0.707476 0)
(1.12111 -0.721515 0)
(1.23498 -0.732638 0)
(1.3571 -0.73992 0)
(1.49007 -0.742557 0)
(1.63701 -0.739457 0)
(1.80161 -0.728828 0)
(1.98849 -0.707915 0)
(2.20282 -0.672966 0)
(2.45097 -0.617493 0)
(2.7423 -0.53097 0)
(3.08973 -0.39706 0)
(3.50929 -0.187994 0)
(4.02005 0.149101 0)
(4.63399 0.691492 0)
(5.31764 1.68597 0)
(5.89913 3.2558 0)
(6.45072 7.16723 0)
(3.37389 14.2747 0)
(0.0349893 -0.572559 0)
(0.105709 -0.576532 0)
(0.178386 -0.584331 0)
(0.254235 -0.595635 0)
(0.334172 -0.60992 0)
(0.418556 -0.626978 0)
(0.507227 -0.645967 0)
(0.599821 -0.666391 0)
(0.695811 -0.687686 0)
(0.79465 -0.70904 0)
(0.896303 -0.73 0)
(1.0013 -0.749966 0)
(1.11078 -0.768506 0)
(1.22655 -0.78502 0)
(1.35098 -0.799057 0)
(1.48682 -0.81005 0)
(1.63743 -0.817261 0)
(1.80707 -0.819481 0)
(2.00062 -0.815089 0)
(2.2244 -0.801524 0)
(2.48754 -0.77402 0)
(2.80257 -0.725003 0)
(3.18795 -0.641542 0)
(3.67585 -0.501396 0)
(4.30488 -0.26069 0)
(5.20373 0.140728 0)
(6.34709 0.933036 0)
(8.62581 2.21101 0)
(11.3712 5.76901 0)
(19.6129 12.9245 0)
(0.0338072 -0.602003 0)
(0.102184 -0.605891 0)
(0.17263 -0.613583 0)
(0.24654 -0.62474 0)
(0.32484 -0.638981 0)
(0.407712 -0.655903 0)
(0.495239 -0.67521 0)
(0.587043 -0.696173 0)
(0.682575 -0.718448 0)
(0.781366 -0.741358 0)
(0.883232 -0.764536 0)
(0.988716 -0.787519 0)
(1.09893 -0.809932 0)
(1.21572 -0.831332 0)
(1.34141 -0.85155 0)
(1.47879 -0.870277 0)
(1.6314 -0.887158 0)
(1.80352 -0.901628 0)
(2.00063 -0.913103 0)
(2.22988 -0.919917 0)
(2.50098 -0.919889 0)
(2.82856 -0.909415 0)
(3.23497 -0.88115 0)
(3.75668 -0.823081 0)
(4.43847 -0.712972 0)
(5.41849 -0.512706 0)
(6.70217 -0.113318 0)
(9.11259 0.569073 0)
(11.9756 1.91944 0)
(20.6527 4.79188 0)
(0.032657 -0.632664 0)
(0.0987608 -0.636458 0)
(0.167076 -0.643837 0)
(0.238997 -0.654667 0)
(0.315474 -0.668719 0)
(0.396818 -0.685629 0)
(0.483064 -0.704973 0)
(0.573878 -0.72642 0)
(0.668701 -0.749475 0)
(0.766998 -0.7738 0)
(0.868607 -0.799056 0)
(0.974062 -0.824919 0)
(1.08449 -0.851107 0)
(1.20158 -0.877376 0)
(1.32761 -0.903783 0)
(1.46546 -0.930324 0)
(1.61862 -0.957061 0)
(1.7915 -0.984209 0)
(1.98965 -1.01175 0)
(2.22033 -1.04002 0)
(2.49385 -1.06922 0)
(2.82583 -1.09906 0)
(3.2398 -1.12907 0)
(3.77685 -1.1587 0)
(4.49131 -1.18501 0)
(5.56402 -1.20075 0)
(6.99095 -1.19481 0)
(9.8963 -1.17025 0)
(12.8796 -1.06661 0)
(22.7582 -1.10245 0)
(0.031531 -0.664241 0)
(0.0954808 -0.667899 0)
(0.161705 -0.674963 0)
(0.231611 -0.685499 0)
(0.306263 -0.69923 0)
(0.385959 -0.715905 0)
(0.470763 -0.735248 0)
(0.560341 -0.756972 0)
(0.654148 -0.78078 0)
(0.751617 -0.806371 0)
(0.852561 -0.833535 0)
(0.957487 -0.862058 0)
(1.06746 -0.891848 0)
(1.18411 -0.922909 0)
(1.30964 -0.955365 0)
(1.44682 -0.989593 0)
(1.59907 -1.02611 0)
(1.77071 -1.06574 0)
(1.96714 -1.10956 0)
(2.1954 -1.1593 0)
(2.46555 -1.21746 0)
(2.79264 -1.28772 0)
(3.19918 -1.37646 0)
(3.72313 -1.49421 0)
(4.4133 -1.66292 0)
(5.41278 -1.91685 0)
(6.7217 -2.36238 0)
(9.18472 -3.05364 0)
(12.0793 -4.37157 0)
(21.2016 -7.04672 0)
(0.0304626 -0.696625 0)
(0.0923286 -0.70009 0)
(0.156517 -0.706913 0)
(0.224437 -0.717028 0)
(0.29723 -0.730411 0)
(0.375207 -0.746766 0)
(0.458423 -0.765976 0)
(0.546558 -0.787846 0)
(0.639061 -0.812197 0)
(0.735344 -0.838867 0)
(0.835194 -0.867742 0)
(0.939075 -0.898749 0)
(1.04799 -0.931951 0)
(1.16347 -0.967489 0)
(1.2876 -1.00578 0)
(1.42301 -1.04742 0)
(1.57294 -1.09336 0)
(1.74143 -1.14501 0)
(1.93351 -1.20441 0)
(2.15559 -1.27461 0)
(2.41679 -1.36025 0)
(2.73041 -1.4685 0)
(3.11585 -1.6114 0)
(3.60486 -1.80959 0)
(4.23745 -2.10503 0)
(5.14396 -2.56125 0)
(6.31505 -3.40088 0)
(8.63077 -4.71761 0)
(11.5085 -8.34083 0)
(20.1259 -15.5391 0)
(26.2013 4.41986 0)
(23.338 -0.48991 0)
(24.8383 -1.11189 0)
(26.0282 -0.921509 0)
(26.4229 -0.528187 0)
(26.6741 -0.273705 0)
(26.8521 -0.141502 0)
(26.9803 -0.0721486 0)
(27.0852 -0.0368054 0)
(27.1807 -0.0191055 0)
(27.2722 -0.00996898 0)
(27.3617 -0.00520486 0)
(27.4498 -0.00271874 0)
(27.5363 -0.00142406 0)
(27.6207 -0.000748682 0)
(27.702 -0.000394198 0)
(27.7801 -0.000207865 0)
(27.8512 -0.000109258 0)
(27.9225 -5.74168e-05 0)
(27.9732 -2.91281e-05 0)
(28.0445 -1.38083e-05 0)
(28.0664 -5.33872e-06 0)
(28.1406 -1.13132e-06 0)
(28.1314 5.0882e-07 0)
(28.1588 8.955e-07 0)
(28.8961 -1.22241 0)
(28.9152 -0.857056 0)
(28.0234 -0.443003 0)
(27.5071 -0.146622 0)
(27.2299 0.00273234 0)
(27.0959 0.0358105 0)
(27.0547 0.0316044 0)
(27.0832 0.0215563 0)
(27.1394 0.0130667 0)
(27.2089 0.00765414 0)
(27.2876 0.00433495 0)
(27.3704 0.00240444 0)
(27.455 0.00130737 0)
(27.5397 0.000700902 0)
(27.6232 0.000369749 0)
(27.704 0.000189195 0)
(27.7819 9.37196e-05 0)
(27.8528 4.47611e-05 0)
(27.924 2.07897e-05 0)
(27.9748 1.03781e-05 0)
(28.046 6.19618e-06 0)
(28.0679 4.89193e-06 0)
(28.1421 4.36501e-06 0)
(28.1329 3.11083e-06 0)
(28.1603 1.6147e-06 0)
(29.1457 -0.511167 0)
(26.9094 -0.262842 0)
(26.3789 -0.107123 0)
(26.4843 -0.0726794 0)
(26.6058 -0.0328162 0)
(26.706 -0.0147139 0)
(26.8381 -0.00715358 0)
(26.9637 -0.00378166 0)
(27.0734 -0.00195261 0)
(27.1735 -0.00105055 0)
(27.2685 -0.000581181 0)
(27.3602 -0.000325104 0)
(27.4495 -0.000183949 0)
(27.5368 -0.000107511 0)
(27.6217 -6.64743e-05 0)
(27.7032 -4.4027e-05 0)
(27.7815 -3.08197e-05 0)
(27.8525 -2.1736e-05 0)
(27.9239 -1.4838e-05 0)
(27.9747 -8.94646e-06 0)
(28.0459 -4.38895e-06 0)
(28.0679 -8.15373e-07 0)
(28.142 1.11167e-06 0)
(28.1329 1.56804e-06 0)
(28.1603 8.87615e-07 0)
(29.1451 0.595434 0)
(29.2148 0.544929 0)
(28.2499 0.351464 0)
(27.5941 0.104606 0)
(27.2817 -0.0278417 0)
(27.1183 -0.0503966 0)
(27.0657 -0.0404746 0)
(27.0879 -0.0268234 0)
(27.1421 -0.0159311 0)
(27.2103 -0.00926796 0)
(27.2883 -0.00525486 0)
(27.3708 -0.00292805 0)
(27.4552 -0.00160603 0)
(27.5398 -0.000876026 0)
(27.6233 -0.000478724 0)
(27.704 -0.000261653 0)
(27.7819 -0.00014454 0)
(27.8528 -8.06453e-05 0)
(27.9241 -4.53628e-05 0)
(27.9748 -2.52916e-05 0)
(28.046 -1.35954e-05 0)
(28.0679 -6.35119e-06 0)
(28.1421 -2.68552e-06 0)
(28.1329 -6.76531e-07 0)
(28.1603 -2.00668e-07 0)
(27.1551 -5.19668 0)
(23.347 0.316073 0)
(24.9236 1.08009 0)
(26.069 0.934828 0)
(26.4462 0.5343 0)
(26.6896 0.273242 0)
(26.8619 0.139946 0)
(26.9862 0.0709594 0)
(27.0885 0.0359188 0)
(27.1826 0.0185469 0)
(27.2733 0.00963061 0)
(27.3624 0.0050067 0)
(27.4501 0.00260472 0)
(27.5365 0.00135649 0)
(27.6208 0.000706121 0)
(27.702 0.000365761 0)
(27.7802 0.000187871 0)
(27.8512 9.5115e-05 0)
(27.9225 4.76845e-05 0)
(27.9733 2.31614e-05 0)
(28.0445 1.07982e-05 0)
(28.0664 4.69488e-06 0)
(28.1406 1.69919e-06 0)
(28.1314 3.57454e-07 0)
(28.1588 -3.69081e-07 0)
(0.0293191 -0.734316 0)
(0.0889116 -0.73756 0)
(0.150889 -0.744091 0)
(0.216602 -0.753662 0)
(0.28726 -0.766581 0)
(0.363225 -0.782478 0)
(0.444493 -0.801416 0)
(0.530771 -0.823296 0)
(0.62149 -0.848082 0)
(0.716044 -0.875751 0)
(0.814188 -0.906307 0)
(0.916315 -0.939829 0)
(1.02335 -0.976555 0)
(1.1367 -1.01679 0)
(1.25827 -1.06121 0)
(1.39049 -1.11068 0)
(1.53624 -1.16656 0)
(1.69915 -1.23085 0)
(1.88356 -1.30646 0)
(2.0948 -1.39764 0)
(2.34028 -1.51088 0)
(2.63023 -1.65609 0)
(2.97837 -1.8493 0)
(3.4031 -2.11695 0)
(3.92444 -2.50848 0)
(4.5627 -3.09912 0)
(5.28481 -4.13407 0)
(5.9121 -5.74542 0)
(6.50585 -9.71355 0)
(3.41664 -16.9903 0)
(0.0281368 -0.777381 0)
(0.0853189 -0.780391 0)
(0.144971 -0.786542 0)
(0.208304 -0.795521 0)
(0.276549 -0.807826 0)
(0.350197 -0.823148 0)
(0.429104 -0.84166 0)
(0.513022 -0.863403 0)
(0.601347 -0.888477 0)
(0.693458 -0.917009 0)
(0.78907 -0.949136 0)
(0.88848 -0.985101 0)
(0.99252 -1.02531 0)
(1.10242 -1.07026 0)
(1.21985 -1.12082 0)
(1.34695 -1.17814 0)
(1.48612 -1.24394 0)
(1.6403 -1.32071 0)
(1.81289 -1.41202 0)
(2.00769 -1.52302 0)
(2.22974 -1.66138 0)
(2.48547 -1.83849 0)
(2.78236 -2.07176 0)
(3.1284 -2.38827 0)
(3.5291 -2.83123 0)
(3.98174 -3.46595 0)
(4.46625 -4.40123 0)
(4.85449 -5.72621 0)
(5.04994 -7.49185 0)
(2.66033 -10.0806 0)
(0.0270388 -0.821327 0)
(0.081971 -0.824119 0)
(0.139424 -0.829829 0)
(0.200473 -0.838312 0)
(0.266322 -0.849835 0)
(0.33758 -0.864585 0)
(0.413982 -0.882557 0)
(0.495286 -0.904022 0)
(0.58086 -0.929186 0)
(0.670068 -0.958314 0)
(0.76258 -0.991669 0)
(0.858587 -1.02965 0)
(0.958813 -1.07277 0)
(1.06432 -1.12175 0)
(1.17651 -1.17754 0)
(1.29717 -1.24154 0)
(1.42819 -1.31568 0)
(1.57176 -1.4027 0)
(1.73022 -1.50653 0)
(1.9058 -1.63266 0)
(2.10117 -1.78902 0)
(2.31917 -1.987 0)
(2.56163 -2.24315 0)
(2.82738 -2.58176 0)
(3.10728 -3.03866 0)
(3.37041 -3.66514 0)
(3.56261 -4.53868 0)
(3.46162 -5.75002 0)
(3.01561 -7.40246 0)
(1.30704 -9.46051 0)
(0.026022 -0.865901 0)
(0.0788782 -0.868483 0)
(0.134217 -0.873736 0)
(0.193144 -0.881761 0)
(0.256638 -0.892459 0)
(0.325395 -0.906606 0)
(0.399213 -0.923969 0)
(0.477679 -0.945045 0)
(0.560196 -0.970131 0)
(0.6461 -0.999614 0)
(0.735008 -1.03387 0)
(0.827014 -1.07343 0)
(0.922718 -1.11891 0)
(1.02302 -1.17117 0)
(1.12906 -1.23125 0)
(1.24226 -1.30064 0)
(1.36398 -1.38139 0)
(1.49565 -1.47631 0)
(1.6386 -1.58934 0)
(1.79358 -1.72588 0)
(1.96117 -1.89344 0)
(2.14126 -2.10239 0)
(2.33155 -2.36701 0)
(2.52544 -2.70656 0)
(2.70804 -3.14602 0)
(2.84569 -3.71499 0)
(2.88999 -4.43966 0)
(2.70703 -5.33289 0)
(2.24 -6.25967 0)
(0.976378 -7.22044 0)
(0.0250831 -0.910834 0)
(0.0760355 -0.913219 0)
(0.129364 -0.918036 0)
(0.186285 -0.925545 0)
(0.247493 -0.935568 0)
(0.313697 -0.948973 0)
(0.384847 -0.965733 0)
(0.460297 -0.986325 0)
(0.539499 -1.0112 0)
(0.621757 -1.04082 0)
(0.706634 -1.07568 0)
(0.794134 -1.11641 0)
(0.884735 -1.1637 0)
(0.979177 -1.21849 0)
(1.07839 -1.28187 0)
(1.18338 -1.35534 0)
(1.29506 -1.44094 0)
(1.41416 -1.54137 0)
(1.54107 -1.66035 0)
(1.67532 -1.80283 0)
(1.81581 -1.97541 0)
(1.96023 -2.18688 0)
(2.10371 -2.44857 0)
(2.23692 -2.77445 0)
(2.34289 -3.18053 0)
(2.38966 -3.68271 0)
(2.33427 -4.28826 0)
(2.07721 -4.99383 0)
(1.57569 -5.71529 0)
(0.633712 -6.39684 0)
(0.0242159 -0.95586 0)
(0.0734229 -0.95805 0)
(0.124878 -0.962481 0)
(0.179859 -0.969431 0)
(0.238883 -0.978917 0)
(0.302532 -0.991438 0)
(0.370901 -1.00765 0)
(0.443218 -1.02768 0)
(0.51889 -1.05224 0)
(0.597223 -1.08182 0)
(0.677719 -1.11702 0)
(0.760307 -1.15853 0)
(0.845351 -1.2071 0)
(0.933457 -1.2637 0)
(1.02535 -1.32942 0)
(1.1217 -1.40571 0)
(1.22298 -1.49447 0)
(1.32936 -1.59819 0)
(1.44044 -1.72013 0)
(1.55479 -1.8646 0)
(1.67009 -2.03704 0)
(1.78264 -2.2444 0)
(1.88621 -2.495 0)
(1.97067 -2.79808 0)
(2.01961 -3.16266 0)
(2.00606 -3.59466 0)
(1.89587 -4.08909 0)
(1.62609 -4.62854 0)
(1.17393 -5.12834 0)
(0.453305 -5.5289 0)
(0.0234251 -1.00072 0)
(0.0710203 -1.00272 0)
(0.120742 -1.0068 0)
(0.173832 -1.01318 0)
(0.230814 -1.02218 0)
(0.291919 -1.03384 0)
(0.357375 -1.04949 0)
(0.426504 -1.06892 0)
(0.498466 -1.09307 0)
(0.572654 -1.12247 0)
(0.648495 -1.15778 0)
(0.725861 -1.19972 0)
(0.805022 -1.24911 0)
(0.886471 -1.30685 0)
(0.970759 -1.37402 0)
(1.05829 -1.45196 0)
(1.14918 -1.54233 0)
(1.24313 -1.64732 0)
(1.33915 -1.76965 0)
(1.43513 -1.91281 0)
(1.52795 -2.08104 0)
(1.61314 -2.27944 0)
(1.68405 -2.51365 0)
(1.73088 -2.78914 0)
(1.7391 -3.10991 0)
(1.68742 -3.47571 0)
(1.55036 -3.87619 0)
(1.28948 -4.28967 0)
(0.892389 -4.65266 0)
(0.331314 -4.91917 0)
(0.0227001 -1.04515 0)
(0.0688159 -1.04698 0)
(0.116953 -1.05072 0)
(0.168206 -1.05659 0)
(0.223225 -1.06499 0)
(0.281835 -1.07609 0)
(0.344312 -1.09092 0)
(0.410181 -1.10985 0)
(0.478305 -1.13352 0)
(0.548179 -1.16261 0)
(0.619164 -1.19784 0)
(0.691091 -1.23993 0)
(0.764159 -1.28969 0)
(0.838782 -1.34798 0)
(0.91537 -1.41581 0)
(0.994136 -1.49434 0)
(1.07492 -1.58498 0)
(1.15708 -1.68951 0)
(1.23922 -1.81009 0)
(1.31879 -1.94934 0)
(1.39223 -2.11034 0)
(1.45475 -2.29653 0)
(1.49989 -2.51136 0)
(1.51874 -2.75749 0)
(1.49921 -3.03555 0)
(1.42523 -3.34189 0)
(1.2788 -3.66449 0)
(1.03761 -3.98203 0)
(0.696497 -4.24826 0)
(0.251448 -4.42612 0)
(0.0220371 -1.08894 0)
(0.0668066 -1.09059 0)
(0.113467 -1.09399 0)
(0.163015 -1.0994 0)
(0.216034 -1.10722 0)
(0.27227 -1.11784 0)
(0.331792 -1.13179 0)
(0.394215 -1.15023 0)
(0.458473 -1.17338 0)
(0.523899 -1.20209 0)
(0.589895 -1.23707 0)
(0.656251 -1.27905 0)
(0.723126 -1.32882 0)
(0.790883 -1.38715 0)
(0.859836 -1.45493 0)
(0.930077 -1.53314 0)
(1.00126 -1.6229 0)
(1.07253 -1.72554 0)
(1.14222 -1.84267 0)
(1.20757 -1.97607 0)
(1.26481 -2.12777 0)
(1.3092 -2.29984 0)
(1.33469 -2.49401 0)
(1.33358 -2.71098 0)
(1.29615 -2.94938 0)
(1.21071 -3.20397 0)
(1.06511 -3.46314 0)
(0.847045 -3.70823 0)
(0.555691 -3.9065 0)
(0.196542 -4.03009 0)
(0.0214498 -1.13184 0)
(0.0649868 -1.13331 0)
(0.110278 -1.13641 0)
(0.158184 -1.14139 0)
(0.209253 -1.14867 0)
(0.263216 -1.15872 0)
(0.319758 -1.17205 0)
(0.378659 -1.18981 0)
(0.439003 -1.21248 0)
(0.499899 -1.24073 0)
(0.560828 -1.27535 0)
(0.621557 -1.31702 0)
(0.682232 -1.36646 0)
(0.7432 -1.42439 0)
(0.804723 -1.49153 0)
(0.86683 -1.56865 0)
(0.929098 -1.65657 0)
(0.990522 -1.75618 0)
(1.04934 -1.86855 0)
(1.10271 -1.99475 0)
(1.14684 -2.13587 0)
(1.17718 -2.29292 0)
(1.18828 -2.46635 0)
(1.1736 -2.65563 0)
(1.12556 -2.8583 0)
(1.03583 -3.06874 0)
(0.896592 -3.27668 0)
(0.701589 -3.46684 0)
(0.452489 -3.61623 0)
(0.157752 -3.70447 0)
(0.0209208 -1.17366 0)
(0.0633411 -1.17499 0)
(0.10735 -1.17778 0)
(0.153733 -1.18233 0)
(0.202903 -1.18908 0)
(0.254545 -1.19862 0)
(0.308223 -1.21147 0)
(0.363575 -1.2284 0)
(0.419881 -1.25065 0)
(0.476249 -1.27838 0)
(0.532074 -1.31253 0)
(0.587191 -1.35372 0)
(0.641744 -1.40258 0)
(0.696096 -1.45972 0)
(0.750505 -1.52571 0)
(0.804993 -1.60108 0)
(0.859133 -1.68638 0)
(0.911866 -1.78208 0)
(0.961413 -1.88875 0)
(1.00497 -2.00686 0)
(1.03883 -2.13677 0)
(1.05873 -2.27863 0)
(1.05978 -2.43207 0)
(1.03651 -2.59582 0)
(0.983048 -2.76696 0)
(0.893601 -2.94021 0)
(0.763374 -3.10697 0)
(0.589702 -3.25523 0)
(0.375547 -3.36888 0)
(0.12963 -3.43339 0)
(0.0204368 -1.21423 0)
(0.0618655 -1.21542 0)
(0.104719 -1.21791 0)
(0.149623 -1.22208 0)
(0.196913 -1.22833 0)
(0.246244 -1.23735 0)
(0.297179 -1.24973 0)
(0.348961 -1.26601 0)
(0.401125 -1.28768 0)
(0.452998 -1.31492 0)
(0.503729 -1.34851 0)
(0.553307 -1.38906 0)
(0.60189 -1.43711 0)
(0.649883 -1.49313 0)
(0.697584 -1.55753 0)
(0.745056 -1.63062 0)
(0.791921 -1.71266 0)
(0.837144 -1.80378 0)
(0.878982 -1.9041 0)
(0.914738 -2.01363 0)
(0.940862 -2.13213 0)
(0.953368 -2.25918 0)
(0.947886 -2.39387 0)
(0.919783 -2.53456 0)
(0.864529 -2.67833 0)
(0.77813 -2.82053 0)
(0.657836 -2.95423 0)
(0.503084 -3.07029 0)
(0.317418 -3.15744 0)
(0.108824 -3.20548 0)
(0.0200211 -1.2534 0)
(0.0605539 -1.25444 0)
(0.102301 -1.25663 0)
(0.145837 -1.2605 0)
(0.191332 -1.26629 0)
(0.238328 -1.27479 0)
(0.286506 -1.28664 0)
(0.334813 -1.30257 0)
(0.38281 -1.32341 0)
(0.43014 -1.35024 0)
(0.47588 -1.38319 0)
(0.52004 -1.42297 0)
(0.562869 -1.46999 0)
(0.604831 -1.5246 0)
(0.646301 -1.58702 0)
(0.68742 -1.65737 0)
(0.727893 -1.73564 0)
(0.766771 -1.82169 0)
(0.802375 -1.91524 0)
(0.832146 -2.01596 0)
(0.852719 -2.12321 0)
(0.860349 -2.23616 0)
(0.851074 -2.35362 0)
(0.820914 -2.47383 0)
(0.766306 -2.59411 0)
(0.684495 -2.71056 0)
(0.574078 -2.81776 0)
(0.435691 -2.90891 0)
(0.273046 -2.97616 0)
(0.093181 -3.01245 0)
(0.0196461 -1.29102 0)
(0.0594177 -1.29194 0)
(0.100136 -1.29388 0)
(0.142309 -1.29733 0)
(0.186083 -1.30282 0)
(0.230821 -1.31084 0)
(0.276128 -1.32216 0)
(0.321088 -1.33783 0)
(0.364991 -1.35796 0)
(0.407697 -1.38415 0)
(0.448606 -1.41648 0)
(0.487516 -1.45534 0)
(0.524864 -1.50114 0)
(0.561186 -1.55405 0)
(0.596954 -1.61415 0)
(0.632417 -1.68136 0)
(0.667384 -1.75545 0)
(0.701023 -1.83605 0)
(0.731741 -1.92262 0)
(0.75712 -2.01453 0)
(0.773972 -2.1109 0)
(0.778738 -2.21068 0)
(0.767758 -2.31255 0)
(0.737513 -2.41482 0)
(0.685112 -2.51515 0)
(0.608624 -2.61037 0)
(0.507501 -2.69637 0)
(0.383038 -2.76816 0)
(0.23891 -2.82032 0)
(0.08128 -2.84803 0)
(0.0193216 -1.32698 0)
(0.0583898 -1.32778 0)
(0.0982219 -1.32954 0)
(0.139066 -1.3326 0)
(0.181093 -1.33778 0)
(0.223674 -1.34541 0)
(0.266051 -1.35631 0)
(0.307673 -1.37156 0)
(0.347703 -1.39134 0)
(0.385791 -1.41658 0)
(0.421925 -1.4483 0)
(0.455874 -1.48609 0)
(0.488053 -1.53046 0)
(0.519175 -1.58141 0)
(0.549811 -1.63886 0)
(0.580327 -1.70258 0)
(0.610652 -1.77216 0)
(0.640076 -1.84705 0)
(0.667107 -1.92653 0)
(0.689449 -2.00978 0)
(0.70406 -2.09582 0)
(0.707518 -2.18346 0)
(0.696355 -2.27144 0)
(0.667365 -2.35818 0)
(0.618099 -2.44171 0)
(0.547151 -2.51955 0)
(0.45449 -2.58861 0)
(0.341749 -2.64533 0)
(0.212482 -2.68598 0)
(0.0721447 -2.70731 0)
(0.0190448 -1.36122 0)
(0.0574825 -1.36189 0)
(0.0964834 -1.36348 0)
(0.136072 -1.36628 0)
(0.176385 -1.37111 0)
(0.216774 -1.37844 0)
(0.256308 -1.38905 0)
(0.29454 -1.4038 0)
(0.330865 -1.42321 0)
(0.364525 -1.44777 0)
(0.395928 -1.47841 0)
(0.425248 -1.51513 0)
(0.452616 -1.55783 0)
(0.479022 -1.60655 0)
(0.505115 -1.66105 0)
(0.531391 -1.72096 0)
(0.557892 -1.78575 0)
(0.584023 -1.85475 0)
(0.608403 -1.92716 0)
(0.628823 -2.00203 0)
(0.642342 -2.07837 0)
(0.645637 -2.155 0)
(0.635344 -2.23073 0)
(0.608461 -2.30418 0)
(0.562807 -2.37372 0)
(0.497291 -2.43742 0)
(0.412173 -2.49302 0)
(0.309242 -2.53801 0)
(0.191901 -2.56986 0)
(0.0650786 -2.58641 0)
(0.0188161 -1.39364 0)
(0.0566769 -1.39421 0)
(0.0948926 -1.39566 0)
(0.13329 -1.39826 0)
(0.171886 -1.40284 0)
(0.210082 -1.40991 0)
(0.246831 -1.42024 0)
(0.281776 -1.43464 0)
(0.314373 -1.45347 0)
(0.343958 -1.47755 0)
(0.370873 -1.50687 0)
(0.395677 -1.5423 0)
(0.418763 -1.58315 0)
(0.440944 -1.62934 0)
(0.463099 -1.68059 0)
(0.485816 -1.7364 0)
(0.509249 -1.79618 0)
(0.5329 -1.8592 0)
(0.555484 -1.92462 0)
(0.57485 -1.99149 0)
(0.588127 -2.05885 0)
(0.592045 -2.12561 0)
(0.583295 -2.19068 0)
(0.558999 -2.25287 0)
(0.51712 -2.31086 0)
(0.456735 -2.36316 0)
(0.378251 -2.40815 0)
(0.283507 -2.44406 0)
(0.175767 -2.46921 0)
(0.0595721 -2.48216 0)
(0.0186162 -1.4242 0)
(0.055956 -1.4247 0)
(0.0934191 -1.42604 0)
(0.13064 -1.42853 0)
(0.167561 -1.43292 0)
(0.203585 -1.43975 0)
(0.237559 -1.44991 0)
(0.269351 -1.46392 0)
(0.298348 -1.48221 0)
(0.324055 -1.50564 0)
(0.346848 -1.53382 0)
(0.367438 -1.5674 0)
(0.386649 -1.60625 0)
(0.405169 -1.64961 0)
(0.423975 -1.69732 0)
(0.443781 -1.74878 0)
(0.46482 -1.80338 0)
(0.486679 -1.86039 0)
(0.508137 -1.919 0)
(0.527088 -1.97834 0)
(0.540696 -2.03749 0)
(0.545723 -2.09551 0)
(0.538892 -2.15142 0)
(0.517382 -2.20419 0)
(0.479221 -2.25276 0)
(0.423559 -2.29599 0)
(0.350863 -2.33269 0)
(0.262964 -2.36164 0)
(0.162999 -2.38171 0)
(0.0552349 -2.39197 0)
(0.0184356 -1.45285 0)
(0.0552886 -1.45333 0)
(0.0920018 -1.45459 0)
(0.128079 -1.45708 0)
(0.163382 -1.46129 0)
(0.197201 -1.46802 0)
(0.228514 -1.47801 0)
(0.257297 -1.49157 0)
(0.282752 -1.50945 0)
(0.304845 -1.53196 0)
(0.324065 -1.55892 0)
(0.340782 -1.59051 0)
(0.35645 -1.62682 0)
(0.371919 -1.66721 0)
(0.387938 -1.71109 0)
(0.405427 -1.758 0)
(0.424655 -1.80732 0)
(0.445271 -1.85837 0)
(0.466092 -1.91043 0)
(0.485048 -1.96275 0)
(0.499325 -2.0145 0)
(0.505702 -2.06488 0)
(0.500926 -2.11301 0)
(0.482194 -2.15803 0)
(0.447549 -2.19904 0)
(0.39616 -2.23515 0)
(0.328497 -2.26549 0)
(0.246354 -2.28917 0)
(0.152754 -2.30545 0)
(0.0517699 -2.31371 0)
(0.018249 -1.47956 0)
(0.0546405 -1.48007 0)
(0.0905847 -1.48133 0)
(0.125562 -1.48386 0)
(0.159273 -1.48795 0)
(0.190917 -1.49471 0)
(0.219712 -1.50442 0)
(0.24552 -1.51767 0)
(0.267737 -1.53497 0)
(0.286563 -1.55631 0)
(0.302468 -1.58194 0)
(0.315973 -1.6115 0)
(0.328518 -1.6448 0)
(0.341299 -1.6819 0)
(0.355165 -1.72177 0)
(0.370849 -1.76396 0)
(0.388745 -1.80796 0)
(0.408525 -1.85319 0)
(0.42903 -1.89905 0)
(0.448214 -1.94491 0)
(0.463294 -1.99009 0)
(0.471066 -2.03388 0)
(0.468296 -2.07553 0)
(0.452185 -2.11427 0)
(0.420769 -2.14933 0)
(0.373201 -2.17999 0)
(0.309923 -2.20554 0)
(0.232675 -2.22533 0)
(0.144375 -2.23882 0)
(0.0489479 -2.24562 0)
(0.0180536 -1.50435 0)
(0.0539548 -1.5049 0)
(0.0891305 -1.50624 0)
(0.123059 -1.50878 0)
(0.155165 -1.51294 0)
(0.184725 -1.51973 0)
(0.211111 -1.52912 0)
(0.23414 -1.54212 0)
(0.253469 -1.55848 0)
(0.269251 -1.57874 0)
(0.282236 -1.60265 0)
(0.293137 -1.6299 0)
(0.30309 -1.66026 0)
(0.31358 -1.69342 0)
(0.325745 -1.72924 0)
(0.3401 -1.7666 0)
(0.357019 -1.80535 0)
(0.376232 -1.84498 0)
(0.396579 -1.88505 0)
(0.416048 -1.92507 0)
(0.431899 -1.9645 0)
(0.440953 -2.00272 0)
(0.440001 -2.03907 0)
(0.426259 -2.07285 0)
(0.39774 -2.10336 0)
(0.353564 -2.12996 0)
(0.294139 -2.15202 0)
(0.22113 -2.169 0)
(0.137346 -2.18049 0)
(0.04659 -2.18626 0)
(0.0178363 -1.5272 0)
(0.0532139 -1.52781 0)
(0.0876487 -1.52924 0)
(0.120489 -1.53185 0)
(0.150972 -1.53624 0)
(0.178658 -1.5429 0)
(0.202747 -1.55211 0)
(0.223266 -1.56455 0)
(0.239986 -1.58004 0)
(0.253084 -1.59894 0)
(0.263691 -1.62079 0)
(0.272312 -1.64557 0)
(0.280374 -1.67274 0)
(0.289018 -1.70198 0)
(0.299698 -1.73323 0)
(0.313165 -1.76595 0)
(0.329339 -1.79956 0)
(0.348117 -1.83391 0)
(0.368327 -1.86867 0)
(0.387997 -1.90352 0)
(0.40445 -1.93801 0)
(0.414554 -1.97163 0)
(0.415144 -2.00376 0)
(0.403459 -2.03375 0)
(0.377489 -2.0609 0)
(0.336323 -2.08461 0)
(0.280333 -2.10427 0)
(0.211097 -2.11925 0)
(0.131276 -2.12936 0)
(0.0445583 -2.13444 0)
(0.017598 -1.54806 0)
(0.0524139 -1.54874 0)
(0.0860733 -1.55031 0)
(0.117764 -1.55312 0)
(0.146794 -1.55761 0)
(0.172698 -1.56408 0)
(0.194698 -1.57322 0)
(0.212968 -1.58474 0)
(0.227404 -1.59947 0)
(0.238365 -1.61646 0)
(0.246897 -1.63632 0)
(0.253766 -1.65823 0)
(0.26034 -1.68196 0)
(0.267738 -1.70742 0)
(0.277257 -1.73389 0)
(0.289825 -1.76199 0)
(0.30551 -1.79076 0)
(0.323846 -1.82023 0)
(0.34382 -1.85024 0)
(0.363496 -1.88059 0)
(0.380281 -1.91096 0)
(0.391122 -1.94088 0)
(0.39292 -1.96978 0)
(0.382956 -1.99699 0)
(0.359192 -2.02178 0)
(0.3207 -2.04367 0)
(0.267894 -2.06152 0)
(0.202114 -2.0753 0)
(0.125808 -2.08455 0)
(0.042715 -2.08924 0)
(0.0173242 -1.56687 0)
(0.0515151 -1.56766 0)
(0.0843355 -1.5694 0)
(0.114957 -1.57237 0)
(0.142669 -1.57685 0)
(0.166829 -1.58329 0)
(0.187086 -1.59199 0)
(0.203378 -1.60271 0)
(0.215946 -1.61616 0)
(0.225153 -1.63128 0)
(0.232031 -1.64884 0)
(0.237723 -1.66758 0)
(0.243097 -1.68792 0)
(0.249658 -1.70934 0)
(0.258339 -1.73156 0)
(0.270058 -1.75482 0)
(0.285193 -1.77918 0)
(0.303036 -1.80427 0)
(0.322574 -1.83012 0)
(0.341976 -1.85669 0)
(0.358757 -1.88372 0)
(0.369976 -1.91078 0)
(0.372621 -1.93731 0)
(0.36405 -1.96261 0)
(0.342112 -1.986 0)
(0.306208 -2.00655 0)
(0.256364 -2.02337 0)
(0.193641 -2.03653 0)
(0.120687 -2.04541 0)
(0.0409796 -2.04987 0)
(0.017004 -1.58353 0)
(0.0505004 -1.58442 0)
(0.0825078 -1.58628 0)
(0.112121 -1.58936 0)
(0.13852 -1.59389 0)
(0.161225 -1.60014 0)
(0.17998 -1.60814 0)
(0.194652 -1.61812 0)
(0.205749 -1.62978 0)
(0.213598 -1.64321 0)
(0.219389 -1.65785 0)
(0.224144 -1.67366 0)
(0.228684 -1.69041 0)
(0.234664 -1.70786 0)
(0.242785 -1.72608 0)
(0.253725 -1.74502 0)
(0.268035 -1.76503 0)
(0.285239 -1.78641 0)
(0.304086 -1.80874 0)
(0.322876 -1.83222 0)
(0.339283 -1.85666 0)
(0.350502 -1.88163 0)
(0.353641 -1.90655 0)
(0.346058 -1.93076 0)
(0.32589 -1.95326 0)
(0.292377 -1.97292 0)
(0.245174 -1.9896 0)
(0.185417 -2.00244 0)
(0.115682 -2.01126 0)
(0.0393127 -2.01567 0)
(0.0166545 -1.59783 0)
(0.0494348 -1.59879 0)
(0.080595 -1.60074 0)
(0.109195 -1.60392 0)
(0.134501 -1.60836 0)
(0.156034 -1.61417 0)
(0.173459 -1.62153 0)
(0.186976 -1.63032 0)
(0.196931 -1.6403 0)
(0.203876 -1.65158 0)
(0.208952 -1.66345 0)
(0.213046 -1.67621 0)
(0.217179 -1.68942 0)
(0.222624 -1.70311 0)
(0.230175 -1.71755 0)
(0.240535 -1.73278 0)
(0.253821 -1.749 0)
(0.269902 -1.76694 0)
(0.287848 -1.78657 0)
(0.30566 -1.80762 0)
(0.321311 -1.83016 0)
(0.332166 -1.85372 0)
(0.33539 -1.8777 0)
(0.328646 -1.90136 0)
(0.310155 -1.92328 0)
(0.278668 -1.94292 0)
(0.233995 -1.95966 0)
(0.177231 -1.97265 0)
(0.110644 -1.98158 0)
(0.037618 -1.98609 0)
(0.0162791 -1.60945 0)
(0.0482953 -1.61046 0)
(0.0786247 -1.61247 0)
(0.106354 -1.61556 0)
(0.130751 -1.61978 0)
(0.151241 -1.62514 0)
(0.16774 -1.63165 0)
(0.180426 -1.63902 0)
(0.189635 -1.64736 0)
(0.196053 -1.65615 0)
(0.200721 -1.6655 0)
(0.204465 -1.67506 0)
(0.208296 -1.68497 0)
(0.213344 -1.69535 0)
(0.220299 -1.70629 0)
(0.229883 -1.71825 0)
(0.242144 -1.73161 0)
(0.256758 -1.74662 0)
(0.27325 -1.76396 0)
(0.289839 -1.7833 0)
(0.304346 -1.80458 0)
(0.314474 -1.82732 0)
(0.317537 -1.85089 0)
(0.311512 -1.87421 0)
(0.29439 -1.89621 0)
(0.264807 -1.91624 0)
(0.222645 -1.9333 0)
(0.168811 -1.94673 0)
(0.105478 -1.95595 0)
(0.035874 -1.96062 0)
(0.015895 -1.61796 0)
(0.0471536 -1.61896 0)
(0.0767337 -1.62092 0)
(0.103658 -1.62387 0)
(0.127242 -1.62778 0)
(0.147041 -1.63252 0)
(0.16294 -1.63791 0)
(0.17507 -1.64402 0)
(0.183949 -1.65033 0)
(0.190129 -1.65699 0)
(0.194618 -1.66361 0)
(0.198286 -1.67047 0)
(0.201803 -1.67724 0)
(0.206468 -1.68468 0)
(0.212817 -1.69271 0)
(0.221338 -1.70198 0)
(0.23232 -1.71302 0)
(0.245382 -1.72606 0)
(0.260043 -1.74154 0)
(0.274873 -1.75973 0)
(0.287947 -1.7802 0)
(0.297069 -1.80259 0)
(0.299851 -1.82605 0)
(0.294294 -1.84947 0)
(0.278303 -1.87203 0)
(0.250564 -1.89258 0)
(0.210888 -1.91032 0)
(0.160065 -1.92428 0)
(0.100097 -1.93394 0)
(0.0340562 -1.93884 0)
(0.01552 -1.62275 0)
(0.0460537 -1.62372 0)
(0.0749111 -1.62556 0)
(0.101165 -1.62832 0)
(0.124202 -1.63167 0)
(0.143561 -1.63572 0)
(0.159026 -1.64007 0)
(0.171016 -1.64467 0)
(0.179802 -1.64918 0)
(0.18599 -1.65378 0)
(0.190506 -1.65795 0)
(0.194133 -1.6623 0)
(0.197526 -1.66663 0)
(0.201622 -1.67145 0)
(0.207186 -1.67725 0)
(0.214489 -1.68442 0)
(0.223891 -1.69372 0)
(0.235138 -1.7054 0)
(0.247731 -1.71985 0)
(0.260534 -1.73728 0)
(0.271862 -1.75735 0)
(0.279729 -1.77969 0)
(0.282005 -1.80328 0)
(0.276661 -1.82726 0)
(0.261718 -1.85054 0)
(0.235793 -1.87187 0)
(0.198617 -1.89033 0)
(0.15091 -1.90496 0)
(0.0944312 -1.91515 0)
(0.0321408 -1.92033 0)
(0.015161 -1.62314 0)
(0.045029 -1.62404 0)
(0.0732532 -1.62568 0)
(0.0990296 -1.62814 0)
(0.12164 -1.63095 0)
(0.140679 -1.63429 0)
(0.156152 -1.63755 0)
(0.168168 -1.64072 0)
(0.177048 -1.64377 0)
(0.18348 -1.64629 0)
(0.188165 -1.64867 0)
(0.191713 -1.65076 0)
(0.194865 -1.65324 0)
(0.198417 -1.65612 0)
(0.202986 -1.66029 0)
(0.208848 -1.66602 0)
(0.216416 -1.67419 0)
(0.225578 -1.68506 0)
(0.235876 -1.69903 0)
(0.24645 -1.71618 0)
(0.255801 -1.73627 0)
(0.26226 -1.75875 0)
(0.2638 -1.78287 0)
(0.258473 -1.80752 0)
(0.244498 -1.83152 0)
(0.220405 -1.85383 0)
(0.185803 -1.87309 0)
(0.141261 -1.88847 0)
(0.0884357 -1.89922 0)
(0.0301105 -1.90471 0)
(0.0148379 -1.61831 0)
(0.0441339 -1.61911 0)
(0.0718039 -1.62057 0)
(0.0971732 -1.6227 0)
(0.119546 -1.62504 0)
(0.138556 -1.62759 0)
(0.154156 -1.62991 0)
(0.16631 -1.63203 0)
(0.175583 -1.6336 0)
(0.182276 -1.63477 0)
(0.187118 -1.63559 0)
(0.190668 -1.63633 0)
(0.19346 -1.63737 0)
(0.196275 -1.63903 0)
(0.19968 -1.64221 0)
(0.203953 -1.64726 0)
(0.209461 -1.65485 0)
(0.216312 -1.66544 0)
(0.224142 -1.67934 0)
(0.232304 -1.69661 0)
(0.239595 -1.71701 0)
(0.244408 -1.73993 0)
(0.245048 -1.76469 0)
(0.239788 -1.79006 0)
(0.22662 -1.81495 0)
(0.204292 -1.83812 0)
(0.172359 -1.85833 0)
(0.131104 -1.87449 0)
(0.0821059 -1.88581 0)
(0.0279618 -1.89161 0)
(0.01455 -1.60745 0)
(0.0433189 -1.60817 0)
(0.0705411 -1.60949 0)
(0.0956435 -1.61126 0)
(0.11794 -1.61321 0)
(0.136995 -1.61518 0)
(0.152783 -1.6169 0)
(0.165366 -1.6181 0)
(0.174979 -1.61883 0)
(0.181975 -1.61912 0)
(0.186984 -1.61899 0)
(0.190366 -1.619 0)
(0.192815 -1.61933 0)
(0.194743 -1.62057 0)
(0.196744 -1.62343 0)
(0.199271 -1.62836 0)
(0.20264 -1.63602 0)
(0.20701 -1.64675 0)
(0.212249 -1.66099 0)
(0.217901 -1.67867 0)
(0.222969 -1.69955 0)
(0.226119 -1.72315 0)
(0.225805 -1.74851 0)
(0.220383 -1.77475 0)
(0.208072 -1.8006 0)
(0.187528 -1.82457 0)
(0.158236 -1.84573 0)
(0.120436 -1.86266 0)
(0.0754466 -1.87454 0)
(0.0256978 -1.88064 0)
(0.0142949 -1.58979 0)
(0.0425911 -1.59044 0)
(0.0694608 -1.59168 0)
(0.0943527 -1.59325 0)
(0.116581 -1.59502 0)
(0.135768 -1.5967 0)
(0.151948 -1.59803 0)
(0.164846 -1.59889 0)
(0.174811 -1.59941 0)
(0.182154 -1.59926 0)
(0.187206 -1.59908 0)
(0.19041 -1.59899 0)
(0.192271 -1.59937 0)
(0.193171 -1.60089 0)
(0.193778 -1.6041 0)
(0.194407 -1.60955 0)
(0.195518 -1.61777 0)
(0.19739 -1.62915 0)
(0.199945 -1.644 0)
(0.203071 -1.66232 0)
(0.205884 -1.68387 0)
(0.207304 -1.70811 0)
(0.205937 -1.73435 0)
(0.200303 -1.76129 0)
(0.188861 -1.78804 0)
(0.170089 -1.81293 0)
(0.14349 -1.8349 0)
(0.109273 -1.85259 0)
(0.0684678 -1.86502 0)
(0.0233228 -1.87141 0)
(0.014059 -1.5647 0)
(0.0418886 -1.56534 0)
(0.0684159 -1.56662 0)
(0.0931145 -1.56821 0)
(0.115323 -1.57004 0)
(0.134717 -1.57172 0)
(0.15113 -1.5732 0)
(0.164321 -1.57439 0)
(0.174697 -1.57503 0)
(0.182227 -1.57548 0)
(0.187195 -1.57575 0)
(0.190147 -1.57638 0)
(0.191373 -1.57765 0)
(0.191161 -1.58013 0)
(0.19018 -1.58432 0)
(0.188911 -1.59088 0)
(0.18778 -1.60004 0)
(0.187122 -1.6125 0)
(0.187106 -1.62823 0)
(0.187682 -1.64736 0)
(0.188268 -1.66971 0)
(0.187861 -1.6947 0)
(0.185499 -1.72165 0)
(0.179693 -1.74937 0)
(0.168932 -1.77688 0)
(0.152006 -1.8027 0)
(0.128174 -1.82542 0)
(0.0976114 -1.84384 0)
(0.0611703 -1.85681 0)
(0.020839 -1.86349 0)
(0.0138106 -1.53181 0)
(0.0411375 -1.53252 0)
(0.0672924 -1.53397 0)
(0.0917694 -1.53579 0)
(0.11392 -1.538 0)
(0.133369 -1.54022 0)
(0.149928 -1.5424 0)
(0.163462 -1.54428 0)
(0.173989 -1.54597 0)
(0.181609 -1.54756 0)
(0.186527 -1.54923 0)
(0.188977 -1.55116 0)
(0.189425 -1.55408 0)
(0.188112 -1.55821 0)
(0.185627 -1.56399 0)
(0.182491 -1.57207 0)
(0.179132 -1.58272 0)
(0.176023 -1.59643 0)
(0.17352 -1.6133 0)
(0.171629 -1.63341 0)
(0.170006 -1.65662 0)
(0.167935 -1.68242 0)
(0.1645 -1.70996 0)
(0.158446 -1.7386 0)
(0.14844 -1.76672 0)
(0.133296 -1.79336 0)
(0.11231 -1.81679 0)
(0.0854867 -1.8359 0)
(0.0535637 -1.84937 0)
(0.0182451 -1.85633 0)
(0.0135207 -1.49103 0)
(0.0402589 -1.49191 0)
(0.0659414 -1.49369 0)
(0.0900583 -1.49606 0)
(0.111968 -1.49901 0)
(0.131389 -1.50223 0)
(0.148055 -1.50547 0)
(0.161617 -1.50881 0)
(0.172214 -1.51224 0)
(0.179755 -1.51552 0)
(0.184472 -1.51928 0)
(0.186471 -1.5234 0)
(0.186026 -1.52847 0)
(0.18365 -1.53478 0)
(0.179679 -1.54271 0)
(0.174714 -1.55276 0)
(0.169309 -1.56527 0)
(0.163945 -1.58051 0)
(0.159082 -1.59869 0)
(0.154843 -1.61992 0)
(0.15112 -1.64401 0)
(0.147439 -1.67059 0)
(0.142916 -1.69891 0)
(0.13667 -1.72814 0)
(0.127431 -1.75693 0)
(0.114056 -1.78428 0)
(0.095934 -1.80836 0)
(0.072917 -1.82809 0)
(0.0456657 -1.84205 0)
(0.0155483 -1.84927 0)
(0.013143 -1.44268 0)
(0.0391223 -1.44384 0)
(0.0641483 -1.44613 0)
(0.0877418 -1.44932 0)
(0.109251 -1.45331 0)
(0.128473 -1.45785 0)
(0.14494 -1.46282 0)
(0.158339 -1.46817 0)
(0.168905 -1.47368 0)
(0.176269 -1.47958 0)
(0.180553 -1.48575 0)
(0.182014 -1.49275 0)
(0.180804 -1.50049 0)
(0.177316 -1.50951 0)
(0.171997 -1.52 0)
(0.165392 -1.5324 0)
(0.1581 -1.5469 0)
(0.150697 -1.564 0)
(0.143654 -1.58371 0)
(0.13728 -1.60612 0)
(0.131594 -1.63111 0)
(0.126323 -1.65851 0)
(0.12088 -1.68759 0)
(0.114473 -1.71728 0)
(0.105892 -1.74675 0)
(0.0943114 -1.77464 0)
(0.0791086 -1.79939 0)
(0.0599523 -1.81964 0)
(0.0374982 -1.83402 0)
(0.0127627 -1.84146 0)
(0.012643 -1.38749 0)
(0.0376461 -1.389 0)
(0.0617891 -1.39192 0)
(0.0846218 -1.39612 0)
(0.10551 -1.40149 0)
(0.124183 -1.40773 0)
(0.140235 -1.41486 0)
(0.153388 -1.42243 0)
(0.163569 -1.43068 0)
(0.170607 -1.43949 0)
(0.174487 -1.4488 0)
(0.175298 -1.45887 0)
(0.173326 -1.46972 0)
(0.168867 -1.48179 0)
(0.162333 -1.49515 0)
(0.154326 -1.51013 0)
(0.145357 -1.52697 0)
(0.136044 -1.546 0)
(0.127157 -1.5674 0)
(0.118911 -1.59103 0)
(0.111411 -1.61712 0)
(0.104631 -1.64523 0)
(0.09837 -1.67491 0)
(0.0918325 -1.70516 0)
(0.083959 -1.73524 0)
(0.0741575 -1.76356 0)
(0.0618276 -1.78889 0)
(0.0466761 -1.8096 0)
(0.0291109 -1.8243 0)
(0.00989178 -1.83192 0)
(0.0120042 -1.32655 0)
(0.0357698 -1.32844 0)
(0.058754 -1.33213 0)
(0.0804959 -1.33748 0)
(0.100457 -1.34444 0)
(0.118344 -1.3526 0)
(0.133801 -1.36199 0)
(0.14635 -1.37224 0)
(0.155978 -1.38347 0)
(0.162532 -1.39538 0)
(0.165861 -1.40811 0)
(0.166158 -1.42152 0)
(0.163438 -1.43578 0)
(0.158048 -1.45106 0)
(0.150518 -1.46748 0)
(0.141271 -1.48517 0)
(0.130912 -1.50449 0)
(0.120056 -1.52558 0)
(0.109518 -1.54862 0)
(0.0995943 -1.57368 0)
(0.0905201 -1.60083 0)
(0.082524 -1.6297 0)
(0.0754539 -1.65987 0)
(0.0687434 -1.69071 0)
(0.0616259 -1.72126 0)
(0.0536484 -1.75005 0)
(0.0442145 -1.77579 0)
(0.0331132 -1.79683 0)
(0.0205693 -1.81176 0)
(0.00697437 -1.8195 0)
(0.0112167 -1.26129 0)
(0.03342 -1.26358 0)
(0.0549352 -1.2681 0)
(0.0753014 -1.27467 0)
(0.0940573 -1.28319 0)
(0.110882 -1.29335 0)
(0.125354 -1.30518 0)
(0.137106 -1.31824 0)
(0.146028 -1.33236 0)
(0.151934 -1.3476 0)
(0.154679 -1.36368 0)
(0.154328 -1.38052 0)
(0.150938 -1.39823 0)
(0.144844 -1.41676 0)
(0.136479 -1.43624 0)
(0.126273 -1.45675 0)
(0.114732 -1.47853 0)
(0.102595 -1.50172 0)
(0.0906993 -1.52644 0)
(0.0793375 -1.55289 0)
(0.0689509 -1.58112 0)
(0.0598841 -1.6107 0)
(0.0521293 -1.64151 0)
(0.0453032 -1.67282 0)
(0.0389839 -1.70373 0)
(0.0328315 -1.73284 0)
(0.0263676 -1.75889 0)
(0.0194137 -1.78008 0)
(0.0119161 -1.79513 0)
(0.0040079 -1.80296 0)
(0.010276 -1.19337 0)
(0.0306144 -1.19605 0)
(0.0503512 -1.20131 0)
(0.0690592 -1.20906 0)
(0.0863023 -1.21914 0)
(0.101684 -1.23128 0)
(0.11494 -1.24542 0)
(0.12575 -1.26101 0)
(0.133727 -1.27812 0)
(0.138795 -1.29636 0)
(0.140912 -1.31569 0)
(0.139977 -1.33586 0)
(0.135971 -1.35683 0)
(0.129238 -1.3785 0)
(0.120206 -1.40093 0)
(0.109215 -1.4241 0)
(0.0968272 -1.44833 0)
(0.0837484 -1.47351 0)
(0.0707362 -1.49993 0)
(0.0581473 -1.52774 0)
(0.0467024 -1.55691 0)
(0.0367533 -1.58726 0)
(0.0283748 -1.61856 0)
(0.0215853 -1.65031 0)
(0.0161298 -1.68145 0)
(0.0118372 -1.71078 0)
(0.00841344 -1.73687 0)
(0.00564539 -1.75811 0)
(0.00321888 -1.77318 0)
(0.00103302 -1.78099 0)
(0.009191 -1.12455 0)
(0.0274039 -1.12756 0)
(0.0450781 -1.1335 0)
(0.0617977 -1.1423 0)
(0.0772187 -1.15377 0)
(0.0909645 -1.16768 0)
(0.102821 -1.18368 0)
(0.112327 -1.20171 0)
(0.119239 -1.22136 0)
(0.123456 -1.24239 0)
(0.124743 -1.26451 0)
(0.123149 -1.28768 0)
(0.118624 -1.31162 0)
(0.111424 -1.33607 0)
(0.101916 -1.36119 0)
(0.0903469 -1.38683 0)
(0.0772818 -1.4132 0)
(0.0634852 -1.44027 0)
(0.049596 -1.46828 0)
(0.0361546 -1.49739 0)
(0.0238419 -1.52731 0)
(0.0131515 -1.55844 0)
(0.00434049 -1.59014 0)
(-0.00236454 -1.62215 0)
(-0.00684713 -1.65336 0)
(-0.00917414 -1.6827 0)
(-0.0095044 -1.7086 0)
(-0.00810015 -1.72973 0)
(-0.00543924 -1.74466 0)
(-0.00192562 -1.7524 0)
(0.00799433 -1.05661 0)
(0.0238278 -1.05988 0)
(0.03918 -1.0664 0)
(0.0536994 -1.07603 0)
(0.0670694 -1.08856 0)
(0.0790182 -1.10381 0)
(0.0891531 -1.12144 0)
(0.0971938 -1.14141 0)
(0.102894 -1.16303 0)
(0.106098 -1.18635 0)
(0.106589 -1.21087 0)
(0.104271 -1.23642 0)
(0.0992975 -1.26276 0)
(0.0916739 -1.2896 0)
(0.0817319 -1.31698 0)
(0.0697918 -1.34475 0)
(0.0563277 -1.37292 0)
(0.0420064 -1.40169 0)
(0.027445 -1.43099 0)
(0.0134066 -1.4611 0)
(0.000427004 -1.49188 0)
(-0.0108721 -1.52351 0)
(-0.0199118 -1.55554 0)
(-0.0263325 -1.58754 0)
(-0.029763 -1.6186 0)
(-0.0300291 -1.64765 0)
(-0.0272329 -1.67316 0)
(-0.0216882 -1.69395 0)
(-0.0139713 -1.70859 0)
(-0.00483827 -1.71615 0)
(0.00671008 -0.991232 0)
(0.0199852 -0.994692 0)
(0.03284 -1.00156 0)
(0.0450024 -1.01172 0)
(0.0561725 -1.025 0)
(0.0660529 -1.04118 0)
(0.0743231 -1.06001 0)
(0.0808055 -1.08115 0)
(0.0851769 -1.10433 0)
(0.0871981 -1.12916 0)
(0.0867975 -1.15547 0)
(0.083821 -1.18276 0)
(0.0783239 -1.21091 0)
(0.0703356 -1.23951 0)
(0.060116 -1.2686 0)
(0.0479484 -1.29803 0)
(0.0341245 -1.32768 0)
(0.0194701 -1.3577 0)
(0.0045694 -1.38804 0)
(-0.00999619 -1.41884 0)
(-0.0234631 -1.45026 0)
(-0.0350935 -1.48214 0)
(-0.0441915 -1.51423 0)
(-0.0501631 -1.54602 0)
(-0.0524012 -1.57666 0)
(-0.0505291 -1.60503 0)
(-0.0446015 -1.62995 0)
(-0.0349501 -1.65008 0)
(-0.0222728 -1.66425 0)
(-0.00766698 -1.67153 0)
(0.00537252 -0.929854 0)
(0.0160036 -0.933391 0)
(0.0262768 -0.940428 0)
(0.0359324 -0.950827 0)
(0.0447481 -0.96449 0)
(0.0524928 -0.981115 0)
(0.0588565 -1.00048 0)
(0.0635991 -1.02231 0)
(0.0665142 -1.04627 0)
(0.067342 -1.07204 0)
(0.0659593 -1.0993 0)
(0.0622576 -1.12762 0)
(0.0562928 -1.15683 0)
(0.0479463 -1.18664 0)
(0.0373792 -1.21676 0)
(0.0250127 -1.24731 0)
(0.0111006 -1.27796 0)
(-0.00373991 -1.30864 0)
(-0.018894 -1.33967 0)
(-0.0337531 -1.37094 0)
(-0.0475485 -1.4026 0)
(-0.0593554 -1.43445 0)
(-0.0683301 -1.46628 0)
(-0.0736515 -1.49751 0)
(-0.0744854 -1.52736 0)
(-0.0704193 -1.55477 0)
(-0.0613825 -1.57871 0)
(-0.0476866 -1.59788 0)
(-0.0302393 -1.61137 0)
(-0.0103638 -1.61827 0)
(0.00403 -0.873653 0)
(0.0119726 -0.877177 0)
(0.0196274 -0.884186 0)
(0.0267683 -0.894564 0)
(0.0332199 -0.908139 0)
(0.0387824 -0.92468 0)
(0.0431038 -0.944103 0)
(0.0460974 -0.965996 0)
(0.0474863 -0.990075 0)
(0.047011 -1.01601 0)
(0.0446747 -1.04349 0)
(0.0402175 -1.07214 0)
(0.0335925 -1.10169 0)
(0.0249154 -1.13198 0)
(0.0141345 -1.16256 0)
(0.00156375 -1.19344 0)
(-0.0123605 -1.22444 0)
(-0.0272973 -1.25544 0)
(-0.0426465 -1.28664 0)
(-0.0576971 -1.31803 0)
(-0.0716009 -1.34955 0)
(-0.083355 -1.38103 0)
(-0.0919821 -1.41218 0)
(-0.0964615 -1.44243 0)
(-0.0958041 -1.47103 0)
(-0.0894434 -1.49715 0)
(-0.0772729 -1.51963 0)
(-0.0597037 -1.53761 0)
(-0.0377374 -1.55013 0)
(-0.0129084 -1.55657 0)
(0.00270227 -0.823494 0)
(0.00802181 -0.826911 0)
(0.0131012 -0.83368 0)
(0.0177816 -0.843702 0)
(0.0219262 -0.856854 0)
(0.0252381 -0.872986 0)
(0.0275448 -0.891912 0)
(0.0287583 -0.913198 0)
(0.0286076 -0.936791 0)
(0.0268624 -0.962247 0)
(0.0234181 -0.989199 0)
(0.0181435 -1.0175 0)
(0.0109476 -1.0467 0)
(0.00181246 -1.07661 0)
(-0.00920609 -1.10702 0)
(-0.0218826 -1.13762 0)
(-0.0358853 -1.16841 0)
(-0.0508819 -1.19931 0)
(-0.0663363 -1.23023 0)
(-0.0814362 -1.26123 0)
(-0.0952951 -1.29215 0)
(-0.106826 -1.3228 0)
(-0.11487 -1.35283 0)
(-0.118254 -1.3816 0)
(-0.115957 -1.40854 0)
(-0.107252 -1.4328 0)
(-0.0920474 -1.45353 0)
(-0.0708045 -1.46996 0)
(-0.0446213 -1.48133 0)
(-0.0152547 -1.48714 0)
(0.00144079 -0.779849 0)
(0.00425409 -0.783058 0)
(0.00690392 -0.789439 0)
(0.00920753 -0.798889 0)
(0.0110275 -0.811361 0)
(0.012214 -0.826673 0)
(0.0126294 -0.844572 0)
(0.0120849 -0.864859 0)
(0.0103134 -0.887332 0)
(0.0072923 -0.911686 0)
(0.00279705 -0.937574 0)
(-0.00336441 -0.964784 0)
(-0.0112065 -0.992991 0)
(-0.0208021 -1.02199 0)
(-0.032101 -1.0515 0)
(-0.0449599 -1.08135 0)
(-0.0591174 -1.11141 0)
(-0.074155 -1.14165 0)
(-0.0895738 -1.17185 0)
(-0.104625 -1.20198 0)
(-0.118265 -1.2318 0)
(-0.129347 -1.26107 0)
(-0.136551 -1.28942 0)
(-0.138682 -1.31626 0)
(-0.13461 -1.34102 0)
(-0.123547 -1.36299 0)
(-0.105437 -1.38158 0)
(-0.0807717 -1.39612 0)
(-0.0507728 -1.40612 0)
(-0.0173249 -1.41121 0)
(0.000271234 -0.742868 0)
(0.000755064 -0.745806 0)
(0.00110487 -0.751695 0)
(0.0011693 -0.760412 0)
(0.000871235 -0.771954 0)
(6.98708e-05 -0.786044 0)
(-0.00139445 -0.802629 0)
(-0.00364804 -0.82149 0)
(-0.00688142 -0.842482 0)
(-0.011215 -0.86515 0)
(-0.0168249 -0.889513 0)
(-0.0238568 -0.915147 0)
(-0.0324097 -0.941857 0)
(-0.0425286 -0.96941 0)
(-0.0541919 -0.997579 0)
(-0.0672892 -1.02618 0)
(-0.0815875 -1.05504 0)
(-0.096695 -1.08404 0)
(-0.11206 -1.11303 0)
(-0.126869 -1.14177 0)
(-0.140081 -1.17 0)
(-0.150498 -1.19739 0)
(-0.156704 -1.22352 0)
(-0.157367 -1.24793 0)
(-0.151374 -1.26995 0)
(-0.137994 -1.28926 0)
(-0.117157 -1.3053 0)
(-0.0894054 -1.31768 0)
(-0.0560668 -1.32611 0)
(-0.0191176 -1.33037 0)
(-0.000785486 -0.712379 0)
(-0.00243437 -0.715032 0)
(-0.0041633 -0.720313 0)
(-0.00614457 -0.72819 0)
(-0.0083972 -0.738559 0)
(-0.0110317 -0.751307 0)
(-0.0142329 -0.766387 0)
(-0.0181187 -0.783528 0)
(-0.0227752 -0.802632 0)
(-0.0283515 -0.823478 0)
(-0.035095 -0.845869 0)
(-0.0430357 -0.869614 0)
(-0.0523324 -0.894445 0)
(-0.063033 -0.920178 0)
(-0.0751242 -0.946603 0)
(-0.0885107 -0.973525 0)
(-0.102969 -1.00076 0)
(-0.118106 -1.0281 0)
(-0.133331 -1.05535 0)
(-0.147798 -1.0822 0)
(-0.160421 -1.10834 0)
(-0.169917 -1.13335 0)
(-0.174858 -1.15677 0)
(-0.17387 -1.17811 0)
(-0.165936 -1.1971 0)
(-0.15034 -1.21327 0)
(-0.126975 -1.22647 0)
(-0.0965449 -1.23644 0)
(-0.0603963 -1.24313 0)
(-0.0205574 -1.24647 0)
(-0.00173866 -0.687961 0)
(-0.00525679 -0.690303 0)
(-0.00886584 -0.694963 0)
(-0.0126566 -0.701918 0)
(-0.0166464 -0.711097 0)
(-0.0210188 -0.722419 0)
(-0.0258133 -0.735825 0)
(-0.0311172 -0.751167 0)
(-0.0371583 -0.768251 0)
(-0.0439834 -0.787073 0)
(-0.0517906 -0.807352 0)
(-0.0606721 -0.828939 0)
(-0.070732 -0.85166 0)
(-0.0820582 -0.875307 0)
(-0.0946236 -0.899697 0)
(-0.108332 -0.924623 0)
(-0.122953 -0.949867 0)
(-0.138073 -0.975184 0)
(-0.153059 -1.00028 0)
(-0.167027 -1.0248 0)
(-0.178848 -1.04833 0)
(-0.187203 -1.07044 0)
(-0.190628 -1.09063 0)
(-0.18794 -1.1086 0)
(-0.17803 -1.12413 0)
(-0.160254 -1.13688 0)
(-0.134718 -1.14693 0)
(-0.10203 -1.1543 0)
(-0.0636751 -1.15913 0)
(-0.0216581 -1.1615 0)
(-0.00255996 -0.669092 0)
(-0.00773945 -0.671126 0)
(-0.0129642 -0.67516 0)
(-0.0183709 -0.681226 0)
(-0.023933 -0.689213 0)
(-0.029771 -0.699106 0)
(-0.0360186 -0.710846 0)
(-0.0426928 -0.724362 0)
(-0.0499875 -0.739469 0)
(-0.0579848 -0.756149 0)
(-0.0668243 -0.774302 0)
(-0.0766167 -0.793634 0)
(-0.087475 -0.814119 0)
(-0.0994396 -0.835542 0)
(-0.1125 -0.857719 0)
(-0.126535 -0.88043 0)
(-0.14129 -0.903424 0)
(-0.156315 -0.926399 0)
(-0.170932 -0.94899 0)
(-0.184219 -0.970775 0)
(-0.195018 -0.991296 0)
(-0.201976 -1.01008 0)
(-0.203777 -1.02663 0)
(-0.199262 -1.04096 0)
(-0.18737 -1.05256 0)
(-0.167615 -1.06174 0)
(-0.140179 -1.06847 0)
(-0.105797 -1.07314 0)
(-0.0658663 -1.07606 0)
(-0.0223621 -1.0774 0)
(-0.0032798 -0.655166 0)
(-0.00985462 -0.656925 0)
(-0.0165192 -0.660374 0)
(-0.023305 -0.665578 0)
(-0.030195 -0.672448 0)
(-0.0374126 -0.681016 0)
(-0.0449536 -0.691162 0)
(-0.0528096 -0.702914 0)
(-0.0612484 -0.716088 0)
(-0.070382 -0.730807 0)
(-0.0801994 -0.746738 0)
(-0.090849 -0.763929 0)
(-0.102495 -0.782165 0)
(-0.115103 -0.801332 0)
(-0.128644 -0.821222 0)
(-0.142972 -0.841592 0)
(-0.157793 -0.862154 0)
(-0.172608 -0.882549 0)
(-0.186692 -0.902349 0)
(-0.199092 -0.921074 0)
(-0.208637 -0.938234 0)
(-0.213986 -0.95332 0)
(-0.214037 -0.966055 0)
(-0.207593 -0.976357 0)
(-0.193775 -0.983905 0)
(-0.172314 -0.989298 0)
(-0.143361 -0.992706 0)
(-0.10778 -0.994653 0)
(-0.066914 -0.995587 0)
(-0.0226827 -0.995951 0)
(-0.00389247 -0.645567 0)
(-0.0116855 -0.647044 0)
(-0.0195207 -0.650012 0)
(-0.02752 -0.654412 0)
(-0.0356319 -0.660288 0)
(-0.0439524 -0.667647 0)
(-0.0526127 -0.676331 0)
(-0.0615825 -0.686475 0)
(-0.0711269 -0.697936 0)
(-0.0812138 -0.710723 0)
(-0.0919266 -0.724643 0)
(-0.103466 -0.739766 0)
(-0.115823 -0.755875 0)
(-0.129041 -0.772833 0)
(-0.143013 -0.790442 0)
(-0.157557 -0.80843 0)
(-0.172332 -0.826443 0)
(-0.186779 -0.844086 0)
(-0.200131 -0.860869 0)
(-0.211417 -0.876278 0)
(-0.219459 -0.889814 0)
(-0.223063 -0.900959 0)
(-0.221238 -0.909696 0)
(-0.212792 -0.915754 0)
(-0.197179 -0.919292 0)
(-0.174286 -0.920828 0)
(-0.144239 -0.920916 0)
(-0.107981 -0.920166 0)
(-0.0668566 -0.919207 0)
(-0.0226439 -0.918616 0)
(-0.00439905 -0.63966 0)
(-0.0132223 -0.640908 0)
(-0.0221021 -0.643406 0)
(-0.0310918 -0.647183 0)
(-0.0402236 -0.652126 0)
(-0.0495691 -0.658455 0)
(-0.0592218 -0.665901 0)
(-0.0691828 -0.674613 0)
(-0.079625 -0.684536 0)
(-0.0906227 -0.695575 0)
(-0.10221 -0.707759 0)
(-0.114519 -0.720955 0)
(-0.127556 -0.73508 0)
(-0.141302 -0.749943 0)
(-0.155622 -0.765325 0)
(-0.170257 -0.780931 0)
(-0.184817 -0.796351 0)
(-0.1987 -0.811108 0)
(-0.211091 -0.82471 0)
(-0.22103 -0.836615 0)
(-0.227344 -0.846345 0)
(-0.229055 -0.853455 0)
(-0.225251 -0.858001 0)
(-0.214867 -0.859809 0)
(-0.197621 -0.859439 0)
(-0.173546 -0.857191 0)
(-0.14286 -0.854074 0)
(-0.106485 -0.850738 0)
(-0.0657457 -0.848061 0)
(-0.0222405 -0.846535 0)
(-0.00483827 -0.636854 0)
(-0.014524 -0.637925 0)
(-0.024275 -0.640057 0)
(-0.0341271 -0.643227 0)
(-0.0441731 -0.647536 0)
(-0.0543905 -0.652882 0)
(-0.064857 -0.659312 0)
(-0.0757043 -0.666803 0)
(-0.0870131 -0.675396 0)
(-0.0988141 -0.685001 0)
(-0.111161 -0.695599 0)
(-0.124172 -0.707128 0)
(-0.137792 -0.719429 0)
(-0.151964 -0.732332 0)
(-0.166499 -0.745573 0)
(-0.181072 -0.758806 0)
(-0.195203 -0.771608 0)
(-0.208272 -0.783411 0)
(-0.219463 -0.793703 0)
(-0.227816 -0.801986 0)
(-0.232222 -0.807801 0)
(-0.231898 -0.810866 0)
(-0.226055 -0.811188 0)
(-0.213883 -0.808885 0)
(-0.195195 -0.804665 0)
(-0.170221 -0.798924 0)
(-0.139349 -0.792783 0)
(-0.103424 -0.787118 0)
(-0.0636771 -0.782863 0)
(-0.0214925 -0.780498 0)
(-0.00521111 -0.636663 0)
(-0.0156492 -0.637571 0)
(-0.0261188 -0.639402 0)
(-0.0367585 -0.642159 0)
(-0.0475392 -0.645856 0)
(-0.0584922 -0.650419 0)
(-0.0697711 -0.65606 0)
(-0.0813719 -0.662568 0)
(-0.0934161 -0.670054 0)
(-0.105934 -0.678439 0)
(-0.11898 -0.687706 0)
(-0.132579 -0.697746 0)
(-0.146658 -0.708421 0)
(-0.161116 -0.719495 0)
(-0.175687 -0.730677 0)
(-0.189989 -0.741564 0)
(-0.203465 -0.751689 0)
(-0.215446 -0.760523 0)
(-0.225169 -0.767415 0)
(-0.231715 -0.772015 0)
(-0.234075 -0.773898 0)
(-0.231622 -0.772957 0)
(-0.223749 -0.769178 0)
(-0.209924 -0.762985 0)
(-0.190072 -0.755093 0)
(-0.164542 -0.746206 0)
(-0.133914 -0.737364 0)
(-0.0989669 -0.72968 0)
(-0.0607333 -0.72399 0)
(-0.0204533 -0.720928 0)
(-0.00552626 -0.638636 0)
(-0.0165991 -0.63943 0)
(-0.0277507 -0.641014 0)
(-0.0390169 -0.643456 0)
(-0.0504319 -0.646648 0)
(-0.0621224 -0.650726 0)
(-0.0740627 -0.655628 0)
(-0.0863091 -0.661387 0)
(-0.0990411 -0.667983 0)
(-0.112192 -0.675383 0)
(-0.125794 -0.683504 0)
(-0.139871 -0.692261 0)
(-0.154276 -0.701439 0)
(-0.168832 -0.710796 0)
(-0.183225 -0.719975 0)
(-0.196997 -0.728528 0)
(-0.209573 -0.735938 0)
(-0.220191 -0.741705 0)
(-0.228173 -0.745252 0)
(-0.23273 -0.746125 0)
(-0.232937 -0.744145 0)
(-0.228321 -0.739299 0)
(-0.218498 -0.731651 0)
(-0.203209 -0.72186 0)
(-0.182478 -0.710665 0)
(-0.156785 -0.69897 0)
(-0.126825 -0.687846 0)
(-0.0932887 -0.67844 0)
(-0.0570489 -0.671554 0)
(-0.0191768 -0.667932 0)
(-0.00581255 -0.642403 0)
(-0.0174507 -0.643126 0)
(-0.0291689 -0.644564 0)
(-0.0410273 -0.646689 0)
(-0.0530475 -0.649641 0)
(-0.065296 -0.653265 0)
(-0.0778491 -0.657607 0)
(-0.0907347 -0.662825 0)
(-0.104023 -0.668711 0)
(-0.117696 -0.675306 0)
(-0.131772 -0.682444 0)
(-0.146172 -0.69004 0)
(-0.160705 -0.697827 0)
(-0.175164 -0.705522 0)
(-0.189126 -0.712707 0)
(-0.202088 -0.718913 0)
(-0.213451 -0.723573 0)
(-0.222505 -0.726197 0)
(-0.228519 -0.726401 0)
(-0.230877 -0.723616 0)
(-0.228903 -0.717899 0)
(-0.222154 -0.709348 0)
(-0.210533 -0.69814 0)
(-0.19402 -0.685128 0)
(-0.172725 -0.671069 0)
(-0.147248 -0.657006 0)
(-0.118355 -0.644009 0)
(-0.0866194 -0.633215 0)
(-0.0527742 -0.625414 0)
(-0.0177131 -0.621355 0)
(-0.00607379 -0.647721 0)
(-0.0182361 -0.648368 0)
(-0.03045 -0.649711 0)
(-0.0428638 -0.651698 0)
(-0.0554145 -0.654359 0)
(-0.0681575 -0.657708 0)
(-0.0813069 -0.661738 0)
(-0.0947243 -0.666445 0)
(-0.108499 -0.671778 0)
(-0.122599 -0.677653 0)
(-0.13696 -0.68395 0)
(-0.15153 -0.690455 0)
(-0.166009 -0.696901 0)
(-0.180109 -0.70292 0)
(-0.193374 -0.708068 0)
(-0.205232 -0.711852 0)
(-0.215094 -0.71375 0)
(-0.222335 -0.713211 0)
(-0.226217 -0.70999 0)
(-0.226287 -0.70376 0)
(-0.222123 -0.69446 0)
(-0.213346 -0.682493 0)
(-0.200143 -0.668119 0)
(-0.182692 -0.652325 0)
(-0.161165 -0.635885 0)
(-0.136277 -0.619928 0)
(-0.108794 -0.605505 0)
(-0.0791954 -0.593674 0)
(-0.0480653 -0.585238 0)
(-0.0161057 -0.580869 0)
(-0.00630225 -0.654379 0)
(-0.018958 -0.654992 0)
(-0.0316918 -0.656229 0)
(-0.0445485 -0.658173 0)
(-0.0576009 -0.660624 0)
(-0.0708868 -0.663817 0)
(-0.0844688 -0.667579 0)
(-0.0983427 -0.671892 0)
(-0.112517 -0.676769 0)
(-0.126921 -0.68198 0)
(-0.141474 -0.687462 0)
(-0.155987 -0.692898 0)
(-0.170152 -0.697951 0)
(-0.183628 -0.702227 0)
(-0.195896 -0.705251 0)
(-0.206394 -0.706516 0)
(-0.214482 -0.705557 0)
(-0.219655 -0.70192 0)
(-0.221357 -0.69532 0)
(-0.219107 -0.685766 0)
(-0.212785 -0.673163 0)
(-0.20219 -0.658104 0)
(-0.18767 -0.641073 0)
(-0.169591 -0.622956 0)
(-0.148171 -0.604643 0)
(-0.124223 -0.587289 0)
(-0.0984579 -0.571885 0)
(-0.0712599 -0.559388 0)
(-0.0430735 -0.550576 0)
(-0.0144056 -0.546029 0)
(-0.00653812 -0.662223 0)
(-0.0196368 -0.662842 0)
(-0.0328592 -0.664039 0)
(-0.0461935 -0.665846 0)
(-0.059691 -0.668309 0)
(-0.0734271 -0.671286 0)
(-0.0874256 -0.674827 0)
(-0.101689 -0.678884 0)
(-0.116143 -0.683272 0)
(-0.130703 -0.687869 0)
(-0.145235 -0.692461 0)
(-0.159479 -0.696749 0)
(-0.173079 -0.700294 0)
(-0.185641 -0.702697 0)
(-0.196625 -0.703466 0)
(-0.205464 -0.702132 0)
(-0.211611 -0.698214 0)
(-0.214576 -0.691511 0)
(-0.213975 -0.681699 0)
(-0.209495 -0.668924 0)
(-0.201159 -0.653444 0)
(-0.189026 -0.635658 0)
(-0.173504 -0.616477 0)
(-0.155082 -0.596542 0)
(-0.134134 -0.576868 0)
(-0.11145 -0.558635 0)
(-0.0876486 -0.542678 0)
(-0.063046 -0.529865 0)
(-0.0379447 -0.52092 0)
(-0.0126635 -0.516323 0)
(-0.00677164 -0.671182 0)
(-0.0203338 -0.671794 0)
(-0.0339672 -0.673014 0)
(-0.0477837 -0.674748 0)
(-0.0617219 -0.677117 0)
(-0.0758252 -0.67998 0)
(-0.0902263 -0.683349 0)
(-0.104742 -0.687033 0)
(-0.119325 -0.690924 0)
(-0.133884 -0.694819 0)
(-0.148203 -0.698437 0)
(-0.161923 -0.701381 0)
(-0.17466 -0.703266 0)
(-0.186033 -0.703624 0)
(-0.195468 -0.701988 0)
(-0.202414 -0.697928 0)
(-0.206432 -0.691102 0)
(-0.207139 -0.681286 0)
(-0.204239 -0.668491 0)
(-0.197693 -0.65277 0)
(-0.187573 -0.63477 0)
(-0.174173 -0.614747 0)
(-0.158024 -0.593857 0)
(-0.139572 -0.572635 0)
(-0.119442 -0.552168 0)
(-0.0983108 -0.53353 0)
(-0.0766532 -0.517421 0)
(-0.0547697 -0.504606 0)
(-0.0328141 -0.495749 0)
(-0.0109257 -0.491215 0)
(-0.00700151 -0.681228 0)
(-0.0210247 -0.681816 0)
(-0.0350972 -0.683006 0)
(-0.0493017 -0.684768 0)
(-0.0636551 -0.686956 0)
(-0.0781493 -0.689761 0)
(-0.0927697 -0.692819 0)
(-0.107428 -0.696063 0)
(-0.122043 -0.699356 0)
(-0.136396 -0.702405 0)
(-0.150208 -0.704867 0)
(-0.163139 -0.706241 0)
(-0.174779 -0.706252 0)
(-0.184673 -0.704366 0)
(-0.192308 -0.700171 0)
(-0.197214 -0.6933 0)
(-0.198998 -0.683554 0)
(-0.197439 -0.670789 0)
(-0.192363 -0.655164 0)
(-0.183938 -0.636963 0)
(-0.172342 -0.616708 0)
(-0.158018 -0.595075 0)
(-0.141588 -0.572911 0)
(-0.123486 -0.550904 0)
(-0.104497 -0.53021 0)
(-0.0851163 -0.511559 0)
(-0.0657273 -0.495685 0)
(-0.0466211 -0.48314 0)
(-0.0277998 -0.474562 0)
(-0.00923094 -0.470182 0)
(-0.00721755 -0.69232 0)
(-0.0216811 -0.692893 0)
(-0.0362035 -0.694015 0)
(-0.050776 -0.695719 0)
(-0.0655045 -0.697827 0)
(-0.0802672 -0.700326 0)
(-0.0950012 -0.702994 0)
(-0.109695 -0.705764 0)
(-0.12413 -0.708224 0)
(-0.13806 -0.710155 0)
(-0.151111 -0.711163 0)
(-0.162972 -0.710806 0)
(-0.173239 -0.708686 0)
(-0.181424 -0.704357 0)
(-0.187081 -0.69747 0)
(-0.18982 -0.687765 0)
(-0.189371 -0.675125 0)
(-0.185622 -0.659621 0)
(-0.178603 -0.641452 0)
(-0.168548 -0.621149 0)
(-0.155826 -0.599117 0)
(-0.140979 -0.576361 0)
(-0.124547 -0.553403 0)
(-0.10721 -0.531217 0)
(-0.0896228 -0.510679 0)
(-0.072145 -0.492383 0)
(-0.0551151 -0.477048 0)
(-0.0387607 -0.46505 0)
(-0.0229965 -0.456891 0)
(-0.00760918 -0.452735 0)
(-0.00743533 -0.704417 0)
(-0.0223087 -0.704971 0)
(-0.0372383 -0.706024 0)
(-0.05219 -0.707528 0)
(-0.0671456 -0.709491 0)
(-0.0820638 -0.711512 0)
(-0.0968897 -0.713742 0)
(-0.111391 -0.71567 0)
(-0.12537 -0.71709 0)
(-0.138622 -0.717638 0)
(-0.150701 -0.716914 0)
(-0.161261 -0.714538 0)
(-0.169891 -0.710056 0)
(-0.176173 -0.703117 0)
(-0.179733 -0.693455 0)
(-0.180279 -0.68093 0)
(-0.177668 -0.665565 0)
(-0.171919 -0.647537 0)
(-0.163205 -0.627245 0)
(-0.151853 -0.605134 0)
(-0.138397 -0.581969 0)
(-0.123371 -0.558448 0)
(-0.107374 -0.535276 0)
(-0.0911061 -0.513389 0)
(-0.0750647 -0.493334 0)
(-0.0596277 -0.475751 0)
(-0.0450116 -0.461176 0)
(-0.0313446 -0.449955 0)
(-0.0184699 -0.442312 0)
(-0.00608441 -0.438446 0)
(-0.00763743 -0.717481 0)
(-0.0228984 -0.717974 0)
(-0.03814 -0.718904 0)
(-0.0534026 -0.720143 0)
(-0.0685228 -0.721669 0)
(-0.0834878 -0.723209 0)
(-0.0981516 -0.72461 0)
(-0.112231 -0.725436 0)
(-0.125621 -0.725521 0)
(-0.137926 -0.724428 0)
(-0.148761 -0.721695 0)
(-0.157774 -0.717 0)
(-0.164583 -0.709943 0)
(-0.168842 -0.700271 0)
(-0.170266 -0.687821 0)
(-0.168682 -0.672578 0)
(-0.164062 -0.654696 0)
(-0.156581 -0.63448 0)
(-0.146466 -0.612402 0)
(-0.134234 -0.589068 0)
(-0.120444 -0.565198 0)
(-0.105591 -0.541402 0)
(-0.0903974 -0.518549 0)
(-0.0754219 -0.497247 0)
(-0.0610975 -0.478042 0)
(-0.0477727 -0.461447 0)
(-0.0355641 -0.447843 0)
(-0.0244638 -0.437504 0)
(-0.0142775 -0.43046 0)
(-0.00468253 -0.426938 0)
(-0.0078085 -0.731419 0)
(-0.0233867 -0.731775 0)
(-0.0388814 -0.732471 0)
(-0.0542841 -0.733351 0)
(-0.0694683 -0.734198 0)
(-0.0842918 -0.735024 0)
(-0.0985762 -0.735239 0)
(-0.11208 -0.734778 0)
(-0.124604 -0.73319 0)
(-0.135722 -0.730051 0)
(-0.145071 -0.725029 0)
(-0.152354 -0.717775 0)
(-0.157213 -0.708013 0)
(-0.159406 -0.695568 0)
(-0.158744 -0.680399 0)
(-0.155174 -0.662626 0)
(-0.148794 -0.642531 0)
(-0.139865 -0.620484 0)
(-0.128787 -0.597096 0)
(-0.116077 -0.573044 0)
(-0.102272 -0.548855 0)
(-0.0880168 -0.525357 0)
(-0.0739096 -0.503158 0)
(-0.0604062 -0.482784 0)
(-0.0479324 -0.464723 0)
(-0.0367399 -0.449319 0)
(-0.0268651 -0.436819 0)
(-0.0181701 -0.427415 0)
(-0.0104657 -0.421044 0)
(-0.00341861 -0.417885 0)
(-0.00790716 -0.746029 0)
(-0.023695 -0.74619 0)
(-0.0393334 -0.746481 0)
(-0.0547104 -0.746803 0)
(-0.0697896 -0.746846 0)
(-0.0842754 -0.746499 0)
(-0.0979636 -0.745356 0)
(-0.110678 -0.743227 0)
(-0.122038 -0.739597 0)
(-0.13174 -0.734118 0)
(-0.139456 -0.72657 0)
(-0.144877 -0.716593 0)
(-0.147752 -0.704057 0)
(-0.147914 -0.688886 0)
(-0.1453 -0.671164 0)
(-0.139981 -0.651131 0)
(-0.132124 -0.62917 0)
(-0.122146 -0.605776 0)
(-0.110511 -0.581572 0)
(-0.097672 -0.557157 0)
(-0.0843027 -0.533209 0)
(-0.0709575 -0.510395 0)
(-0.0581311 -0.489122 0)
(-0.0462922 -0.470006 0)
(-0.0357349 -0.453314 0)
(-0.0266246 -0.439271 0)
(-0.0189632 -0.427923 0)
(-0.0125081 -0.419466 0)
(-0.00705823 -0.413829 0)
(-0.00229171 -0.411015 0)
(-0.00793075 -0.760963 0)
(-0.0237285 -0.760881 0)
(-0.0393449 -0.760623 0)
(-0.0545599 -0.760125 0)
(-0.0692366 -0.759131 0)
(-0.0831614 -0.757293 0)
(-0.0960957 -0.754506 0)
(-0.107715 -0.750281 0)
(-0.1177 -0.744311 0)
(-0.125848 -0.736302 0)
(-0.131788 -0.72605 0)
(-0.135291 -0.713282 0)
(-0.136213 -0.697999 0)
(-0.134476 -0.680243 0)
(-0.13013 -0.660223 0)
(-0.123347 -0.638285 0)
(-0.11442 -0.614887 0)
(-0.103791 -0.59062 0)
(-0.0919394 -0.566036 0)
(-0.0794237 -0.541761 0)
(-0.0668312 -0.518465 0)
(-0.0546031 -0.496599 0)
(-0.0432991 -0.476652 0)
(-0.0332681 -0.458974 0)
(-0.0246388 -0.443755 0)
(-0.0174961 -0.431109 0)
(-0.0118548 -0.421031 0)
(-0.00748815 -0.413495 0)
(-0.00406398 -0.408574 0)
(-0.00128895 -0.406097 0)
(-0.00784512 -0.775737 0)
(-0.0234372 -0.775323 0)
(-0.0387596 -0.774412 0)
(-0.0535788 -0.772828 0)
(-0.0676425 -0.770504 0)
(-0.0807684 -0.766971 0)
(-0.0926478 -0.762158 0)
(-0.10295 -0.75555 0)
(-0.111442 -0.747057 0)
(-0.1179 -0.736342 0)
(-0.122009 -0.723254 0)
(-0.123617 -0.707739 0)
(-0.122711 -0.689856 0)
(-0.119284 -0.669777 0)
(-0.1135 -0.647811 0)
(-0.105621 -0.624391 0)
(-0.0959984 -0.600041 0)
(-0.0851226 -0.575325 0)
(-0.0734815 -0.550861 0)
(-0.0616188 -0.527147 0)
(-0.0500747 -0.504831 0)
(-0.0392674 -0.484262 0)
(-0.0296156 -0.465862 0)
(-0.02136 -0.449719 0)
(-0.014616 -0.436007 0)
(-0.00940229 -0.424746 0)
(-0.00561423 -0.415929 0)
(-0.00306718 -0.409365 0)
(-0.00145419 -0.405082 0)
(-0.000417328 -0.402946 0)
(-0.00761722 -0.789692 0)
(-0.0227237 -0.78887 0)
(-0.0374527 -0.787146 0)
(-0.0515971 -0.784353 0)
(-0.0647968 -0.780374 0)
(-0.0768352 -0.774939 0)
(-0.0874386 -0.767782 0)
(-0.0962685 -0.758694 0)
(-0.103141 -0.747503 0)
(-0.107808 -0.734005 0)
(-0.11011 -0.718136 0)
(-0.109979 -0.700028 0)
(-0.107441 -0.679805 0)
(-0.10261 -0.657754 0)
(-0.095732 -0.634262 0)
(-0.0871426 -0.609831 0)
(-0.0772332 -0.585006 0)
(-0.066518 -0.56031 0)
(-0.0554257 -0.536373 0)
(-0.0445374 -0.513655 0)
(-0.0343292 -0.492626 0)
(-0.0250689 -0.473559 0)
(-0.0171188 -0.456739 0)
(-0.0106416 -0.442233 0)
(-0.00571213 -0.430069 0)
(-0.0022787 -0.42019 0)
(-0.00019803 -0.412509 0)
(0.000732614 -0.406898 0)
(0.000798311 -0.403224 0)
(0.000326755 -0.401411 0)
(-0.0072213 -0.801985 0)
(-0.0215068 -0.800694 0)
(-0.0353358 -0.798039 0)
(-0.0484456 -0.793905 0)
(-0.0605069 -0.78808 0)
(-0.0712236 -0.780578 0)
(-0.0803343 -0.770963 0)
(-0.0875799 -0.759317 0)
(-0.0927301 -0.74537 0)
(-0.0956418 -0.72917 0)
(-0.0962577 -0.710761 0)
(-0.0945659 -0.690323 0)
(-0.090671 -0.668128 0)
(-0.0847674 -0.644535 0)
(-0.0771799 -0.619992 0)
(-0.0682907 -0.595038 0)
(-0.058467 -0.570203 0)
(-0.0482634 -0.54602 0)
(-0.0381215 -0.522986 0)
(-0.0284634 -0.501551 0)
(-0.0196865 -0.482002 0)
(-0.0120693 -0.464589 0)
(-0.00587364 -0.449433 0)
(-0.001147 -0.436553 0)
(0.00208971 -0.425896 0)
(0.0039065 -0.417338 0)
(0.00446018 -0.410751 0)
(0.00396952 -0.405979 0)
(0.00270141 -0.402885 0)
(0.000954336 -0.401362 0)
(-0.00663831 -0.811623 0)
(-0.0197323 -0.80981 0)
(-0.0323068 -0.806171 0)
(-0.0440488 -0.800597 0)
(-0.0546952 -0.79295 0)
(-0.0638608 -0.78323 0)
(-0.0713244 -0.771256 0)
(-0.0768712 -0.757041 0)
(-0.0802925 -0.740517 0)
(-0.0815763 -0.721885 0)
(-0.0806668 -0.701248 0)
(-0.0776673 -0.678877 0)
(-0.0727384 -0.655156 0)
(-0.0661277 -0.630519 0)
(-0.0582186 -0.605455 0)
(-0.0494077 -0.580478 0)
(-0.0400824 -0.55609 0)
(-0.0307325 -0.532829 0)
(-0.0217234 -0.511019 0)
(-0.0134761 -0.491076 0)
(-0.00631617 -0.473159 0)
(-0.000385117 -0.457476 0)
(0.00412965 -0.443997 0)
(0.00719683 -0.432689 0)
(0.00885114 -0.423451 0)
(0.00920011 -0.416128 0)
(0.00841039 -0.410547 0)
(0.0066939 -0.406537 0)
(0.00429478 -0.403954 0)
(0.00147835 -0.402686 0)
(-0.00584724 -0.817489 0)
(-0.0173747 -0.815163 0)
(-0.0283531 -0.810524 0)
(-0.0384248 -0.803557 0)
(-0.0473436 -0.79416 0)
(-0.0547805 -0.782311 0)
(-0.0604844 -0.768168 0)
(-0.0642821 -0.751594 0)
(-0.0660849 -0.732863 0)
(-0.0658799 -0.712195 0)
(-0.0636621 -0.689758 0)
(-0.059632 -0.665981 0)
(-0.0540197 -0.641282 0)
(-0.0470993 -0.616154 0)
(-0.0392542 -0.591099 0)
(-0.0308772 -0.566589 0)
(-0.022354 -0.543091 0)
(-0.0141046 -0.521041 0)
(-0.00647756 -0.500715 0)
(0.000230249 -0.482448 0)
(0.00577876 -0.466261 0)
(0.0100324 -0.452273 0)
(0.012912 -0.440428 0)
(0.0144245 -0.430625 0)
(0.014641 -0.42271 0)
(0.0136866 -0.416502 0)
(0.0117292 -0.411814 0)
(0.00896677 -0.408471 0)
(0.0056176 -0.40633 0)
(0.0019123 -0.405283 0)
(-0.004875 -0.818432 0)
(-0.0144523 -0.815657 0)
(-0.0235093 -0.8101 0)
(-0.0316457 -0.80187 0)
(-0.0385926 -0.790904 0)
(-0.044161 -0.777264 0)
(-0.0480429 -0.761254 0)
(-0.0501131 -0.742799 0)
(-0.0504311 -0.722357 0)
(-0.048906 -0.700123 0)
(-0.0456412 -0.676489 0)
(-0.0409275 -0.651929 0)
(-0.0349745 -0.626881 0)
(-0.0280942 -0.601847 0)
(-0.0206533 -0.577313 0)
(-0.0130226 -0.553721 0)
(-0.00556182 -0.53148 0)
(0.0013842 -0.510931 0)
(0.00752592 -0.492295 0)
(0.0126363 -0.475746 0)
(0.0165535 -0.461323 0)
(0.019193 -0.449015 0)
(0.020536 -0.438725 0)
(0.0206255 -0.430308 0)
(0.0195552 -0.423584 0)
(0.0174584 -0.418361 0)
(0.0144967 -0.41445 0)
(0.0108499 -0.411682 0)
(0.00670869 -0.409917 0)
(0.00226939 -0.409057 0)
(-0.00374359 -0.813369 0)
(-0.0110594 -0.810228 0)
(-0.0179037 -0.803971 0)
(-0.0238755 -0.794683 0)
(-0.0286941 -0.782526 0)
(-0.0323082 -0.767572 0)
(-0.0343625 -0.750128 0)
(-0.0348008 -0.730427 0)
(-0.0337398 -0.708887 0)
(-0.0311168 -0.685767 0)
(-0.0271362 -0.661659 0)
(-0.0220338 -0.636987 0)
(-0.0160621 -0.612223 0)
(-0.0095313 -0.587862 0)
(-0.00277984 -0.564356 0)
(0.0038595 -0.542101 0)
(0.0100761 -0.521432 0)
(0.0155935 -0.502603 0)
(0.0201896 -0.485772 0)
(0.0237032 -0.471016 0)
(0.0260376 -0.458325 0)
(0.0271593 -0.447621 0)
(0.0270902 -0.438772 0)
(0.0258998 -0.431609 0)
(0.023695 -0.425941 0)
(0.020609 -0.421575 0)
(0.0167918 -0.418329 0)
(0.0124027 -0.416045 0)
(0.00760483 -0.414595 0)
(0.00256209 -0.41389 0)
(-0.00249434 -0.801384 0)
(-0.00732908 -0.798001 0)
(-0.0117271 -0.791295 0)
(-0.0153926 -0.781335 0)
(-0.0180451 -0.768441 0)
(-0.0196053 -0.752755 0)
(-0.0198897 -0.734528 0)
(-0.0188562 -0.714306 0)
(-0.0165826 -0.692368 0)
(-0.0131121 -0.669217 0)
(-0.00867107 -0.645363 0)
(-0.00345923 -0.621279 0)
(0.00225746 -0.597446 0)
(0.00818381 -0.574325 0)
(0.0140291 -0.552322 0)
(0.0195096 -0.531774 0)
(0.0243732 -0.512944 0)
(0.0284109 -0.496009 0)
(0.0314659 -0.481058 0)
(0.0334381 -0.468104 0)
(0.0342842 -0.457086 0)
(0.0340115 -0.44789 0)
(0.0326714 -0.440361 0)
(0.0303504 -0.434318 0)
(0.02716 -0.429574 0)
(0.0232274 -0.425945 0)
(0.018688 -0.423262 0)
(0.0136799 -0.421382 0)
(0.00833959 -0.420193 0)
(0.0028017 -0.419616 0)
(-0.00118011 -0.781838 0)
(-0.00341262 -0.778364 0)
(-0.00527197 -0.771495 0)
(-0.00655461 -0.761368 0)
(-0.0070326 -0.748244 0)
(-0.00660486 -0.73246 0)
(-0.00522133 -0.714291 0)
(-0.00284726 -0.694283 0)
(0.000433298 -0.672801 0)
(0.00450893 -0.650404 0)
(0.00919695 -0.62757 0)
(0.0142826 -0.604783 0)
(0.0195238 -0.582512 0)
(0.024668 -0.561167 0)
(0.0294694 -0.541097 0)
(0.0337039 -0.522579 0)
(0.0371826 -0.505806 0)
(0.0397598 -0.490889 0)
(0.0413386 -0.477861 0)
(0.0418715 -0.466686 0)
(0.0413576 -0.457271 0)
(0.0398354 -0.449481 0)
(0.0373761 -0.443152 0)
(0.0340747 -0.438108 0)
(0.0300412 -0.434171 0)
(0.0253932 -0.431173 0)
(0.02025 -0.428965 0)
(0.0147285 -0.427423 0)
(0.00894166 -0.426449 0)
(0.00299784 -0.425976 0)
(0.000138702 -0.75446 0)
(0.000509999 -0.75106 0)
(0.00115474 -0.744352 0)
(0.00223051 -0.734518 0)
(0.00386473 -0.7218 0)
(0.00612815 -0.706597 0)
(0.00904538 -0.689255 0)
(0.0125896 -0.670259 0)
(0.0166734 -0.650074 0)
(0.0211687 -0.629203 0)
(0.0259058 -0.608132 0)
(0.0306899 -0.587321 0)
(0.035314 -0.567191 0)
(0.0395724 -0.5481 0)
(0.0432745 -0.530337 0)
(0.0462569 -0.514117 0)
(0.0483913 -0.499571 0)
(0.0495904 -0.48676 0)
(0.0498092 -0.475673 0)
(0.0490432 -0.466242 0)
(0.0473237 -0.458359 0)
(0.0447121 -0.451881 0)
(0.0412908 -0.446649 0)
(0.0371573 -0.442499 0)
(0.0324159 -0.439273 0)
(0.0271726 -0.436822 0)
(0.0215303 -0.435021 0)
(0.0155869 -0.433764 0)
(0.00943408 -0.43297 0)
(0.00315819 -0.432585 0)
(0.00139707 -0.719383 0)
(0.00424851 -0.716221 0)
(0.00726551 -0.709995 0)
(0.0105384 -0.700892 0)
(0.0141289 -0.689187 0)
(0.0180612 -0.675232 0)
(0.0223198 -0.659423 0)
(0.0268482 -0.642213 0)
(0.0315499 -0.624064 0)
(0.0362975 -0.605445 0)
(0.0409395 -0.586805 0)
(0.045312 -0.568557 0)
(0.0492502 -0.551066 0)
(0.0525992 -0.534628 0)
(0.055225 -0.519474 0)
(0.0570215 -0.505759 0)
(0.0579163 -0.493567 0)
(0.0578727 -0.482918 0)
(0.0568886 -0.473773 0)
(0.0549933 -0.466051 0)
(0.052242 -0.459635 0)
(0.0487103 -0.454392 0)
(0.0444863 -0.450175 0)
(0.0396653 -0.44684 0)
(0.0343439 -0.444252 0)
(0.0286155 -0.442289 0)
(0.0225682 -0.440845 0)
(0.0162829 -0.439836 0)
(0.00983349 -0.439199 0)
(0.0032883 -0.438889 0)
(0.00253492 -0.677155 0)
(0.00762538 -0.674377 0)
(0.012773 -0.668915 0)
(0.0180013 -0.660951 0)
(0.0233132 -0.650745 0)
(0.0286863 -0.638626 0)
(0.0340706 -0.624972 0)
(0.0393889 -0.610191 0)
(0.0445406 -0.594706 0)
(0.0494078 -0.578932 0)
(0.0538627 -0.56326 0)
(0.0577767 -0.548039 0)
(0.0610291 -0.533568 0)
(0.0635155 -0.520082 0)
(0.0651544 -0.507752 0)
(0.0658916 -0.496684 0)
(0.0657027 -0.486925 0)
(0.0645924 -0.478464 0)
(0.0625927 -0.47125 0)
(0.0597581 -0.465198 0)
(0.0561602 -0.460197 0)
(0.0518821 -0.456128 0)
(0.0470139 -0.452867 0)
(0.0416458 -0.450293 0)
(0.0358655 -0.448297 0)
(0.029755 -0.446782 0)
(0.0233889 -0.445667 0)
(0.0168341 -0.444886 0)
(0.0101503 -0.444392 0)
(0.00339157 -0.444151 0)
(0.00350225 -0.628719 0)
(0.0104934 -0.626438 0)
(0.0174417 -0.621959 0)
(0.0243099 -0.615443 0)
(0.0310488 -0.60712 0)
(0.0375953 -0.597277 0)
(0.0438716 -0.58624 0)
(0.0497869 -0.574359 0)
(0.0552412 -0.561991 0)
(0.0601307 -0.549479 0)
(0.0643533 -0.53714 0)
(0.0678158 -0.525251 0)
(0.0704394 -0.51404 0)
(0.0721653 -0.503682 0)
(0.0729579 -0.494293 0)
(0.0728065 -0.485939 0)
(0.0717256 -0.478636 0)
(0.0697523 -0.472357 0)
(0.0669432 -0.467046 0)
(0.0633703 -0.462621 0)
(0.0591156 -0.458989 0)
(0.0542657 -0.45605 0)
(0.0489082 -0.453703 0)
(0.0431282 -0.451856 0)
(0.0370046 -0.450425 0)
(0.030609 -0.449339 0)
(0.0240052 -0.448538 0)
(0.0172489 -0.447976 0)
(0.0103891 -0.44762 0)
(0.00346953 -0.447446 0)
(0.0042636 -0.57535 0)
(0.0127487 -0.573636 0)
(0.0211062 -0.570276 0)
(0.0292479 -0.565399 0)
(0.0370818 -0.559191 0)
(0.044512 -0.551882 0)
(0.0514402 -0.54373 0)
(0.0577674 -0.535011 0)
(0.0633978 -0.526 0)
(0.0682429 -0.516957 0)
(0.0722255 -0.508119 0)
(0.0752842 -0.499685 0)
(0.0773766 -0.491816 0)
(0.0784818 -0.484626 0)
(0.0786013 -0.478185 0)
(0.0777585 -0.472524 0)
(0.0759968 -0.467637 0)
(0.0733767 -0.463489 0)
(0.0699716 -0.460024 0)
(0.065864 -0.457174 0)
(0.0611406 -0.454862 0)
(0.0558886 -0.453011 0)
(0.0501922 -0.451547 0)
(0.0441299 -0.450404 0)
(0.0377731 -0.449524 0)
(0.0311853 -0.448857 0)
(0.0244215 -0.448367 0)
(0.0175296 -0.448024 0)
(0.010551 -0.447806 0)
(0.0035224 -0.447698 0)
(0.00480113 -0.518549 0)
(0.0143392 -0.517425 0)
(0.0236847 -0.515226 0)
(0.0327109 -0.512045 0)
(0.0412936 -0.508017 0)
(0.0493135 -0.503305 0)
(0.0566583 -0.498092 0)
(0.0632254 -0.49257 0)
(0.0689249 -0.486929 0)
(0.0736829 -0.481342 0)
(0.0774435 -0.475965 0)
(0.0801715 -0.470921 0)
(0.0818531 -0.466306 0)
(0.0824963 -0.46218 0)
(0.08213 -0.458573 0)
(0.0808013 -0.455487 0)
(0.0785736 -0.4529 0)
(0.0755218 -0.450776 0)
(0.0717291 -0.449063 0)
(0.0672829 -0.447707 0)
(0.0622708 -0.44665 0)
(0.056778 -0.445838 0)
(0.0508841 -0.445222 0)
(0.044662 -0.44476 0)
(0.0381768 -0.444416 0)
(0.0314854 -0.444164 0)
(0.0246372 -0.443984 0)
(0.0176746 -0.443859 0)
(0.0106345 -0.443781 0)
(0.00354967 -0.443742 0)
(0.00511544 -0.459914 0)
(0.0152673 -0.459356 0)
(0.0251834 -0.458269 0)
(0.0347112 -0.456711 0)
(0.0437062 -0.454761 0)
(0.0520345 -0.452518 0)
(0.0595763 -0.450088 0)
(0.0662285 -0.447582 0)
(0.071908 -0.445103 0)
(0.0765527 -0.442746 0)
(0.0801236 -0.440587 0)
(0.0826045 -0.438683 0)
(0.0840018 -0.437068 0)
(0.084343 -0.435757 0)
(0.0836743 -0.434746 0)
(0.0820577 -0.434015 0)
(0.079567 -0.433532 0)
(0.0762847 -0.433257 0)
(0.0722974 -0.433149 0)
(0.067693 -0.433166 0)
(0.0625571 -0.433268 0)
(0.0569709 -0.433423 0)
(0.0510095 -0.433602 0)
(0.0447406 -0.433784 0)
(0.0382243 -0.433954 0)
(0.0315132 -0.434103 0)
(0.0246529 -0.434224 0)
(0.0176831 -0.434316 0)
(0.0106386 -0.434377 0)
(0.00355091 -0.434406 0)
(0.00522431 -0.401009 0)
(0.0155862 -0.400951 0)
(0.0256897 -0.400847 0)
(0.0353695 -0.40072 0)
(0.0444714 -0.400603 0)
(0.0528555 -0.400533 0)
(0.0603998 -0.400547 0)
(0.0670037 -0.400682 0)
(0.07259 -0.400967 0)
(0.0771059 -0.401424 0)
(0.0805235 -0.402062 0)
(0.0828389 -0.402878 0)
(0.0840703 -0.40386 0)
(0.0842559 -0.404982 0)
(0.0834505 -0.406213 0)
(0.081722 -0.407516 0)
(0.079148 -0.408851 0)
(0.0758116 -0.41018 0)
(0.0717982 -0.411468 0)
(0.0671926 -0.412686 0)
(0.0620762 -0.413809 0)
(0.0565254 -0.414821 0)
(0.0506106 -0.415712 0)
(0.044395 -0.416477 0)
(0.037935 -0.417117 0)
(0.0312806 -0.417636 0)
(0.0244755 -0.41804 0)
(0.0175588 -0.418335 0)
(0.0105651 -0.418528 0)
(0.00352661 -0.418622 0)
(0.00515954 -0.343229 0)
(0.0153903 -0.343574 0)
(0.0253581 -0.344262 0)
(0.0348958 -0.345289 0)
(0.0438485 -0.346647 0)
(0.0520774 -0.348324 0)
(0.0594635 -0.3503 0)
(0.0659103 -0.352553 0)
(0.0713458 -0.355052 0)
(0.0757233 -0.357758 0)
(0.0790214 -0.360628 0)
(0.0812418 -0.363614 0)
(0.0824075 -0.366663 0)
(0.0825596 -0.369722 0)
(0.0817543 -0.372738 0)
(0.0800587 -0.375662 0)
(0.0775479 -0.37845 0)
(0.0743009 -0.381065 0)
(0.0703983 -0.383478 0)
(0.0659189 -0.385669 0)
(0.0609387 -0.387625 0)
(0.0555287 -0.389343 0)
(0.0497544 -0.390825 0)
(0.0436755 -0.392079 0)
(0.0373459 -0.393117 0)
(0.0308139 -0.393953 0)
(0.0241231 -0.3946 0)
(0.0173131 -0.395072 0)
(0.0104203 -0.395381 0)
(0.00347877 -0.395532 0)
(0.00496268 -0.287697 0)
(0.0148028 -0.288329 0)
(0.0243896 -0.289581 0)
(0.0335621 -0.291428 0)
(0.042172 -0.293833 0)
(0.050087 -0.296749 0)
(0.0571942 -0.300115 0)
(0.0634029 -0.303866 0)
(0.0686458 -0.307927 0)
(0.0728798 -0.312219 0)
(0.0760854 -0.316661 0)
(0.0782651 -0.321171 0)
(0.079441 -0.325671 0)
(0.0796515 -0.330088 0)
(0.0789482 -0.334356 0)
(0.0773926 -0.338419 0)
(0.0750529 -0.342228 0)
(0.0720009 -0.34575 0)
(0.0683092 -0.348959 0)
(0.0640498 -0.351842 0)
(0.0592917 -0.354395 0)
(0.0541003 -0.356623 0)
(0.0485368 -0.358536 0)
(0.0426577 -0.36015 0)
(0.036515 -0.361484 0)
(0.0301566 -0.362558 0)
(0.023627 -0.363389 0)
(0.0169672 -0.363997 0)
(0.0102163 -0.364393 0)
(0.00341136 -0.364588 0)
(0.00468028 -0.235188 0)
(0.013962 -0.235984 0)
(0.0230091 -0.237557 0)
(0.031673 -0.239869 0)
(0.0398163 -0.242867 0)
(0.0473164 -0.246481 0)
(0.054069 -0.250629 0)
(0.0599896 -0.255218 0)
(0.0650152 -0.260149 0)
(0.0691044 -0.265319 0)
(0.0722371 -0.270625 0)
(0.074413 -0.27597 0)
(0.075649 -0.28126 0)
(0.0759771 -0.286412 0)
(0.0754408 -0.291354 0)
(0.0740927 -0.296026 0)
(0.0719916 -0.300382 0)
(0.0691997 -0.304388 0)
(0.0657808 -0.308024 0)
(0.0617986 -0.311279 0)
(0.0573152 -0.314155 0)
(0.0523904 -0.31666 0)
(0.0470811 -0.318811 0)
(0.0414411 -0.320625 0)
(0.0355214 -0.322126 0)
(0.02937 -0.323335 0)
(0.0230324 -0.324273 0)
(0.0165522 -0.324959 0)
(0.00997122 -0.325407 0)
(0.00333035 -0.325628 0)
(0.00435949 -0.186095 0)
(0.0130076 -0.186934 0)
(0.0214448 -0.188591 0)
(0.0295372 -0.191024 0)
(0.0371608 -0.194172 0)
(0.0442045 -0.197958 0)
(0.0505729 -0.202292 0)
(0.056188 -0.207072 0)
(0.0609905 -0.212192 0)
(0.0649396 -0.217543 0)
(0.068013 -0.223017 0)
(0.0702054 -0.228511 0)
(0.0715271 -0.23393 0)
(0.0720011 -0.239192 0)
(0.0716613 -0.244224 0)
(0.07055 -0.248969 0)
(0.0687153 -0.253383 0)
(0.0662094 -0.257435 0)
(0.0630868 -0.261108 0)
(0.0594029 -0.264394 0)
(0.055213 -0.267297 0)
(0.0505716 -0.269826 0)
(0.0455317 -0.271999 0)
(0.040145 -0.273834 0)
(0.0344614 -0.275354 0)
(0.0285294 -0.27658 0)
(0.022396 -0.277533 0)
(0.0161073 -0.278231 0)
(0.0097083 -0.278688 0)
(0.00324339 -0.278914 0)
(0.0040443 -0.140425 0)
(0.0120702 -0.141199 0)
(0.0199095 -0.142727 0)
(0.0274433 -0.14497 0)
(0.0345609 -0.147869 0)
(0.0411626 -0.151352 0)
(0.0471616 -0.155333 0)
(0.0524859 -0.159719 0)
(0.0570791 -0.16441 0)
(0.0609006 -0.169305 0)
(0.063925 -0.174305 0)
(0.0661419 -0.179316 0)
(0.0675539 -0.184252 0)
(0.0681755 -0.189039 0)
(0.0680305 -0.193612 0)
(0.067151 -0.19792 0)
(0.0655749 -0.201925 0)
(0.0633449 -0.205601 0)
(0.0605066 -0.208932 0)
(0.057108 -0.211913 0)
(0.0531981 -0.214548 0)
(0.0488267 -0.216846 0)
(0.0440435 -0.218822 0)
(0.0388982 -0.220493 0)
(0.0334401 -0.22188 0)
(0.0277182 -0.223 0)
(0.021781 -0.223872 0)
(0.0156769 -0.224511 0)
(0.00945366 -0.22493 0)
(0.00315912 -0.225137 0)
(0.00377267 -0.0978301 0)
(0.0112625 -0.09845 0)
(0.018587 -0.0996734 0)
(0.0256405 -0.101468 0)
(0.032324 -0.103787 0)
(0.0385473 -0.106572 0)
(0.0442313 -0.109753 0)
(0.0493087 -0.113255 0)
(0.0537254 -0.116998 0)
(0.0574404 -0.120902 0)
(0.0604258 -0.124886 0)
(0.0626664 -0.128878 0)
(0.0641581 -0.132808 0)
(0.0649076 -0.136617 0)
(0.0649303 -0.140256 0)
(0.0642494 -0.143683 0)
(0.0628941 -0.146869 0)
(0.060899 -0.149794 0)
(0.0583026 -0.152445 0)
(0.0551463 -0.15482 0)
(0.0514743 -0.15692 0)
(0.0473322 -0.158754 0)
(0.0427672 -0.160332 0)
(0.0378274 -0.161669 0)
(0.0325618 -0.162779 0)
(0.0270196 -0.163677 0)
(0.0212508 -0.164376 0)
(0.0153054 -0.16489 0)
(0.00923374 -0.165227 0)
(0.00308632 -0.165393 0)
(0.00357445 -0.0576611 0)
(0.0106731 -0.0580602 0)
(0.0176222 -0.0588479 0)
(0.0243256 -0.060003 0)
(0.0306929 -0.0614955 0)
(0.0366411 -0.0632872 0)
(0.0420962 -0.0653335 0)
(0.0469947 -0.0675857 0)
(0.0512837 -0.0699922 0)
(0.0549221 -0.0725011 0)
(0.0578799 -0.0750616 0)
(0.0601382 -0.077626 0)
(0.0616882 -0.0801507 0)
(0.0625309 -0.0825977 0)
(0.0626755 -0.084935 0)
(0.0621386 -0.087137 0)
(0.0609434 -0.0891846 0)
(0.0591185 -0.0910648 0)
(0.0566971 -0.0927701 0)
(0.0537164 -0.0942982 0)
(0.0502166 -0.0956506 0)
(0.0462408 -0.0968321 0)
(0.0418342 -0.09785 0)
(0.0370439 -0.0987128 0)
(0.0319184 -0.0994298 0)
(0.0265074 -0.10001 0)
(0.0208616 -0.100463 0)
(0.0150325 -0.100795 0)
(0.00907211 -0.101014 0)
(0.0030328 -0.101121 0)
(0.00347015 -0.0190426 0)
(0.010363 -0.0191802 0)
(0.0171146 -0.0194517 0)
(0.0236338 -0.01985 0)
(0.0298349 -0.0203645 0)
(0.0356384 -0.020982 0)
(0.0409734 -0.0216873 0)
(0.0457778 -0.0224635 0)
(0.0499999 -0.0232927 0)
(0.0535982 -0.0241572 0)
(0.0565416 -0.0250394 0)
(0.0588092 -0.0259229 0)
(0.0603899 -0.0267927 0)
(0.0612814 -0.0276358 0)
(0.0614899 -0.0284411 0)
(0.0610285 -0.0292 0)
(0.0599171 -0.0299057 0)
(0.0581814 -0.0305539 0)
(0.0558518 -0.0311419 0)
(0.0529631 -0.031669 0)
(0.0495536 -0.0321357 0)
(0.0456651 -0.0325436 0)
(0.0413417 -0.0328951 0)
(0.03663 -0.0331932 0)
(0.0315783 -0.033441 0)
(0.0262364 -0.0336418 0)
(0.0206557 -0.0337984 0)
(0.0148881 -0.0339135 0)
(0.00898652 -0.033989 0)
(0.00300445 -0.0340263 0)
)
;

boundaryField
{
    outerWall
    {
        type            noSlip;
    }
    axis
    {
        type            symmetryPlane;
    }
    nozzle
    {
        type            zeroGradient;
    }
    back
    {
        type            empty;
    }
    front
    {
        type            empty;
    }
}


// ************************************************************************* //
