/*--------------------------------*- C++ -*----------------------------------*\
| =========                 |                                                 |
| \\      /  F ield         | OpenFOAM: The Open Source CFD Toolbox           |
|  \\    /   O peration     | Version:  2412                                  |
|   \\  /    A nd           | Website:  www.openfoam.com                      |
|    \\/     M anipulation  |                                                 |
\*---------------------------------------------------------------------------*/
FoamFile
{
    version     2.0;
    format      ascii;
    arch        "LSB;label=32;scalar=64";
    class       volScalarField;
    location    "0.00016";
    object      p;
}
// * * * * * * * * * * * * * * * * * * * * * * * * * * * * * * * * * * * * * //

dimensions      [1 -1 -2 0 0 0 0];

internalField   nonuniform List<scalar> 
3725
(
8.07406e+06
8.06568e+06
8.04844e+06
8.02121e+06
7.9824e+06
7.93077e+06
7.86425e+06
7.78196e+06
7.68304e+06
7.56705e+06
7.43634e+06
7.29174e+06
7.13661e+06
6.97469e+06
6.8118e+06
6.65557e+06
6.51513e+06
6.40024e+06
6.32151e+06
6.28456e+06
6.29038e+06
6.33725e+06
6.4201e+06
6.52951e+06
6.65304e+06
6.77755e+06
6.89116e+06
6.98428e+06
7.04997e+06
7.08387e+06
8.07241e+06
8.06393e+06
8.04647e+06
8.01885e+06
7.9797e+06
7.92758e+06
7.86063e+06
7.77797e+06
7.67877e+06
7.56287e+06
7.43236e+06
7.28875e+06
7.13472e+06
6.9742e+06
6.81314e+06
6.65905e+06
6.52075e+06
6.40802e+06
6.33115e+06
6.29556e+06
6.30223e+06
6.34949e+06
6.4323e+06
6.54137e+06
6.66436e+06
6.78827e+06
6.90132e+06
6.99398e+06
7.05936e+06
7.09309e+06
8.06913e+06
8.06045e+06
8.04249e+06
8.01423e+06
7.97432e+06
7.92126e+06
7.85341e+06
7.77004e+06
7.67037e+06
7.55458e+06
7.42472e+06
7.28263e+06
7.13084e+06
6.97324e+06
6.81568e+06
6.66579e+06
6.53175e+06
6.42323e+06
6.35e+06
6.31709e+06
6.32543e+06
6.37345e+06
6.45623e+06
6.56463e+06
6.68659e+06
6.80934e+06
6.92129e+06
7.01306e+06
7.07781e+06
7.11123e+06
8.06425e+06
8.05522e+06
8.03659e+06
8.0074e+06
7.96629e+06
7.91186e+06
7.84278e+06
7.75819e+06
7.65813e+06
7.54253e+06
7.41351e+06
7.27348e+06
7.12496e+06
6.97167e+06
6.81924e+06
6.67541e+06
6.54759e+06
6.4452e+06
6.37724e+06
6.34822e+06
6.35903e+06
6.4082e+06
6.49094e+06
6.59842e+06
6.7189e+06
6.83999e+06
6.95039e+06
7.04087e+06
7.10473e+06
7.13768e+06
8.0578e+06
8.04834e+06
8.02884e+06
7.99838e+06
7.95571e+06
7.89962e+06
7.82876e+06
7.74299e+06
7.6422e+06
7.52696e+06
7.39926e+06
7.26176e+06
7.11719e+06
6.96934e+06
6.82367e+06
6.68745e+06
6.56758e+06
6.47299e+06
6.41171e+06
6.38767e+06
6.40166e+06
6.45233e+06
6.53508e+06
6.64142e+06
6.76007e+06
6.8791e+06
6.98754e+06
7.07642e+06
7.13915e+06
7.17153e+06
8.04982e+06
8.03981e+06
8.01927e+06
7.98728e+06
7.94279e+06
7.8846e+06
7.81182e+06
7.72461e+06
7.6231e+06
7.50824e+06
7.38208e+06
7.24731e+06
7.10763e+06
6.96621e+06
6.82862e+06
6.70137e+06
6.5909e+06
6.50548e+06
6.45204e+06
6.43389e+06
6.45167e+06
6.50415e+06
6.58695e+06
6.69198e+06
6.80853e+06
6.92517e+06
7.03135e+06
7.11838e+06
7.17983e+06
7.21154e+06
8.04037e+06
8.02972e+06
8.00794e+06
7.97421e+06
7.92763e+06
7.86714e+06
7.79232e+06
7.70349e+06
7.60128e+06
7.48672e+06
7.36224e+06
7.23095e+06
7.09654e+06
6.9623e+06
6.8338e+06
6.71658e+06
6.61667e+06
6.54148e+06
6.49678e+06
6.48518e+06
6.5072e+06
6.56172e+06
6.6446e+06
6.74821e+06
6.86245e+06
6.97646e+06
7.08017e+06
7.16517e+06
7.22521e+06
7.25621e+06
8.02946e+06
8.0181e+06
7.99495e+06
7.95936e+06
7.91047e+06
7.84764e+06
7.77062e+06
7.68005e+06
7.57695e+06
7.46272e+06
7.34018e+06
7.21265e+06
7.08375e+06
6.95765e+06
6.83897e+06
6.73256e+06
6.64404e+06
6.57983e+06
6.54446e+06
6.53983e+06
6.56637e+06
6.62304e+06
6.70598e+06
6.80806e+06
6.91982e+06
7.03104e+06
7.13212e+06
7.21498e+06
7.27353e+06
7.30377e+06
8.01714e+06
8.00504e+06
7.98045e+06
7.94289e+06
7.89167e+06
7.82638e+06
7.74702e+06
7.6546e+06
7.55053e+06
7.43672e+06
7.31634e+06
7.1929e+06
7.07016e+06
6.95244e+06
6.84399e+06
6.74891e+06
6.67234e+06
6.61952e+06
6.59372e+06
6.5962e+06
6.62733e+06
6.68614e+06
6.76904e+06
6.86945e+06
6.97859e+06
7.0869e+06
7.18525e+06
7.26588e+06
7.32288e+06
7.35231e+06
8.00348e+06
7.9906e+06
7.96459e+06
7.925e+06
7.87145e+06
7.80358e+06
7.72183e+06
7.62757e+06
7.5225e+06
7.40926e+06
7.29115e+06
7.17203e+06
7.05598e+06
6.94707e+06
6.84881e+06
6.76538e+06
6.70102e+06
6.65964e+06
6.64333e+06
6.65282e+06
6.68842e+06
6.7492e+06
6.83188e+06
6.93043e+06
7.0368e+06
7.14207e+06
7.23759e+06
7.3159e+06
7.37129e+06
7.39986e+06
7.98856e+06
7.97492e+06
7.94747e+06
7.90589e+06
7.84991e+06
7.77948e+06
7.69541e+06
7.59933e+06
7.49339e+06
7.38079e+06
7.26512e+06
7.15058e+06
7.04124e+06
6.94105e+06
6.85352e+06
6.78193e+06
6.72973e+06
6.69952e+06
6.69233e+06
6.70849e+06
6.74823e+06
6.81066e+06
6.89281e+06
6.98926e+06
7.09267e+06
7.19474e+06
7.28732e+06
7.36321e+06
7.41689e+06
7.4445e+06
7.97245e+06
7.95808e+06
7.92921e+06
7.88568e+06
7.82729e+06
7.75435e+06
7.66801e+06
7.57021e+06
7.46361e+06
7.35177e+06
7.2388e+06
7.12906e+06
7.02663e+06
6.93539e+06
6.85853e+06
6.79869e+06
6.7583e+06
6.73868e+06
6.74001e+06
6.76229e+06
6.80563e+06
6.86923e+06
6.95046e+06
7.04449e+06
7.14468e+06
7.24338e+06
7.33286e+06
7.40618e+06
7.45801e+06
7.48451e+06
7.95524e+06
7.94018e+06
7.90994e+06
7.86447e+06
7.80376e+06
7.7284e+06
7.63993e+06
7.54058e+06
7.43352e+06
7.32272e+06
7.21269e+06
7.10795e+06
7.01266e+06
6.93051e+06
6.86421e+06
6.81582e+06
6.78664e+06
6.77687e+06
6.78592e+06
6.81358e+06
6.85982e+06
6.92397e+06
7.00377e+06
7.095e+06
7.1917e+06
7.2868e+06
7.37299e+06
7.44351e+06
7.49331e+06
7.51844e+06
7.93703e+06
7.92129e+06
7.88974e+06
7.8424e+06
7.77948e+06
7.70187e+06
7.61143e+06
7.51079e+06
7.40353e+06
7.29409e+06
7.18726e+06
7.08776e+06
6.99982e+06
6.92679e+06
6.87091e+06
6.83349e+06
6.8148e+06
6.81394e+06
6.8298e+06
6.86194e+06
6.91027e+06
6.97425e+06
7.05205e+06
7.14006e+06
7.23296e+06
7.3242e+06
7.40687e+06
7.47431e+06
7.5218e+06
7.54513e+06
7.91787e+06
7.9015e+06
7.86872e+06
7.81959e+06
7.75463e+06
7.67498e+06
7.58279e+06
7.48112e+06
7.37402e+06
7.26628e+06
7.16299e+06
7.06904e+06
6.98863e+06
6.92475e+06
6.87908e+06
6.8521e+06
6.84295e+06
6.84993e+06
6.87155e+06
6.90719e+06
6.95672e+06
7.01977e+06
7.09498e+06
7.17932e+06
7.2681e+06
7.35525e+06
7.43415e+06
7.49814e+06
7.54286e+06
7.56351e+06
7.89785e+06
7.88088e+06
7.84696e+06
7.79619e+06
7.72936e+06
7.6479e+06
7.55425e+06
7.45189e+06
7.34534e+06
7.23972e+06
7.14038e+06
7.05237e+06
6.97969e+06
6.92494e+06
6.88916e+06
6.87187e+06
6.87124e+06
6.88493e+06
6.91121e+06
6.94931e+06
6.99911e+06
7.06049e+06
7.13252e+06
7.2128e+06
7.2972e+06
7.38004e+06
7.45491e+06
7.51499e+06
7.55641e+06
7.5737e+06
7.87701e+06
7.85947e+06
7.82447e+06
7.77228e+06
7.70383e+06
7.62082e+06
7.52605e+06
7.42342e+06
7.31787e+06
7.21486e+06
7.11999e+06
7.03831e+06
6.97358e+06
6.92789e+06
6.90153e+06
6.89305e+06
6.89983e+06
6.91909e+06
6.9489e+06
6.9884e+06
7.03758e+06
7.09657e+06
7.16493e+06
7.24083e+06
7.32064e+06
7.39897e+06
7.46944e+06
7.52485e+06
7.5608e+06
7.57e+06
7.85534e+06
7.8373e+06
7.80134e+06
7.74792e+06
7.67811e+06
7.5939e+06
7.49846e+06
7.39607e+06
7.29204e+06
7.19223e+06
7.10239e+06
7.02746e+06
6.97085e+06
6.93404e+06
6.91647e+06
6.91583e+06
6.92889e+06
6.95257e+06
6.98477e+06
7.02466e+06
7.07235e+06
7.12834e+06
7.19265e+06
7.26396e+06
7.33906e+06
7.4128e+06
7.47884e+06
7.53034e+06
7.56484e+06
7.56931e+06
7.83283e+06
7.81436e+06
7.7776e+06
7.72317e+06
7.65233e+06
7.56735e+06
7.47176e+06
7.37019e+06
7.26837e+06
7.17242e+06
7.08819e+06
7.02041e+06
6.97198e+06
6.94368e+06
6.93413e+06
6.9403e+06
6.95852e+06
6.98545e+06
7.01895e+06
7.05824e+06
7.10372e+06
7.15621e+06
7.21621e+06
7.28282e+06
7.35305e+06
7.4216e+06
7.48089e+06
7.52278e+06
7.53714e+06
7.51192e+06
7.80943e+06
7.79062e+06
7.75326e+06
7.6981e+06
7.62662e+06
7.54141e+06
7.44626e+06
7.34625e+06
7.24739e+06
7.15605e+06
7.07801e+06
7.01765e+06
6.9773e+06
6.95698e+06
6.95459e+06
6.96652e+06
6.98876e+06
7.01781e+06
7.05154e+06
7.08934e+06
7.13191e+06
7.18061e+06
7.23623e+06
7.29825e+06
7.36391e+06
7.42831e+06
7.48468e+06
7.52751e+06
7.54904e+06
7.52971e+06
7.78753e+06
7.76851e+06
7.73081e+06
7.67532e+06
7.60373e+06
7.51885e+06
7.42479e+06
7.32691e+06
7.23149e+06
7.14497e+06
7.07296e+06
7.01939e+06
6.98603e+06
6.9723e+06
6.97551e+06
6.99165e+06
7.01646e+06
7.0464e+06
7.07944e+06
7.11522e+06
7.15479e+06
7.19983e+06
7.25156e+06
7.30961e+06
7.37104e+06
7.43081e+06
7.47713e+06
7.50752e+06
7.46747e+06
7.30949e+06
7.76743e+06
7.74831e+06
7.7105e+06
7.655e+06
7.58368e+06
7.49957e+06
7.40702e+06
7.31163e+06
7.21985e+06
7.13808e+06
7.07165e+06
7.02408e+06
6.99664e+06
6.98826e+06
6.99582e+06
7.01499e+06
7.04134e+06
7.07137e+06
7.1032e+06
7.13677e+06
7.17346e+06
7.21527e+06
7.26367e+06
7.31853e+06
7.37703e+06
7.43449e+06
7.47999e+06
7.51129e+06
7.49064e+06
7.42768e+06
7.74668e+06
7.72757e+06
7.68986e+06
7.63469e+06
7.56409e+06
7.4813e+06
7.39087e+06
7.29862e+06
7.21105e+06
7.1344e+06
7.07367e+06
7.03197e+06
7.01009e+06
7.00652e+06
7.01775e+06
7.0392e+06
7.06634e+06
7.09578e+06
7.12587e+06
7.15689e+06
7.19056e+06
7.22919e+06
7.27452e+06
7.32653e+06
7.38234e+06
7.43692e+06
7.47698e+06
7.50206e+06
7.44996e+06
7.39082e+06
7.72526e+06
7.70631e+06
7.66898e+06
7.61452e+06
7.54515e+06
7.46428e+06
7.37665e+06
7.2882e+06
7.20538e+06
7.13415e+06
7.07916e+06
7.0431e+06
7.02636e+06
7.02699e+06
7.04115e+06
7.06411e+06
7.09129e+06
7.11949e+06
7.14738e+06
7.17557e+06
7.20616e+06
7.24174e+06
7.2843e+06
7.33397e+06
7.38805e+06
7.44184e+06
7.48424e+06
7.51347e+06
7.49029e+06
7.42792e+06
7.70322e+06
7.68458e+06
7.64794e+06
7.59466e+06
7.5271e+06
7.44883e+06
7.36473e+06
7.28072e+06
7.20308e+06
7.13747e+06
7.08818e+06
7.05749e+06
7.04538e+06
7.04953e+06
7.06585e+06
7.0895e+06
7.11599e+06
7.14236e+06
7.16763e+06
7.1928e+06
7.22031e+06
7.25304e+06
7.29317e+06
7.34096e+06
7.39379e+06
7.44682e+06
7.48817e+06
7.51441e+06
7.47122e+06
7.30054e+06
6.79561e+06
6.91124e+06
6.84781e+06
6.76058e+06
6.65976e+06
6.54017e+06
6.40155e+06
6.24361e+06
6.06524e+06
5.86509e+06
5.64187e+06
5.3945e+06
5.1222e+06
4.82464e+06
4.50199e+06
4.15488e+06
3.78443e+06
3.3922e+06
2.98032e+06
2.55102e+06
2.10711e+06
1.65148e+06
1.18597e+06
714553
239480
7.1266e+06
7.00773e+06
6.90387e+06
6.79337e+06
6.67617e+06
6.54838e+06
6.40583e+06
6.24585e+06
6.06638e+06
5.86565e+06
5.64214e+06
5.39463e+06
5.12225e+06
4.82465e+06
4.50199e+06
4.15488e+06
3.78443e+06
3.3922e+06
2.98032e+06
2.55103e+06
2.10712e+06
1.65149e+06
1.18598e+06
714560
239483
6.96596e+06
6.93511e+06
6.86189e+06
6.76471e+06
6.65854e+06
6.53839e+06
6.40028e+06
6.24274e+06
6.06462e+06
5.86465e+06
5.64154e+06
5.39427e+06
5.12206e+06
4.82456e+06
4.50194e+06
4.15485e+06
3.78441e+06
3.3922e+06
2.98032e+06
2.55104e+06
2.10713e+06
1.65151e+06
1.18599e+06
714570
239487
7.12614e+06
7.00152e+06
6.90049e+06
6.79166e+06
6.67531e+06
6.54802e+06
6.40569e+06
6.24575e+06
6.06626e+06
5.8655e+06
5.64198e+06
5.39449e+06
5.12215e+06
4.82458e+06
4.50195e+06
4.15485e+06
3.78441e+06
3.3922e+06
2.98033e+06
2.55105e+06
2.10715e+06
1.65152e+06
1.18601e+06
714581
239491
6.76184e+06
6.90209e+06
6.83968e+06
6.75594e+06
6.65755e+06
6.53919e+06
6.40111e+06
6.24335e+06
6.06499e+06
5.86482e+06
5.6416e+06
5.39427e+06
5.12202e+06
4.82452e+06
4.50192e+06
4.15483e+06
3.7844e+06
3.3922e+06
2.98033e+06
2.55106e+06
2.10716e+06
1.65153e+06
1.18602e+06
714587
239493
7.67765e+06
7.65958e+06
7.62412e+06
7.57276e+06
7.50799e+06
7.4335e+06
7.3542e+06
7.27589e+06
7.20453e+06
7.14542e+06
7.10243e+06
7.0774e+06
7.06988e+06
7.07718e+06
7.09503e+06
7.11853e+06
7.14343e+06
7.1671e+06
7.18902e+06
7.21064e+06
7.23474e+06
7.2645e+06
7.30231e+06
7.34853e+06
7.40088e+06
7.45457e+06
7.50217e+06
7.5381e+06
7.554e+06
7.5308e+06
7.64851e+06
7.6314e+06
7.59792e+06
7.54964e+06
7.48912e+06
7.42002e+06
7.34715e+06
7.27599e+06
7.21211e+06
7.16034e+06
7.12405e+06
7.10461e+06
7.10113e+06
7.11066e+06
7.12883e+06
7.1509e+06
7.17295e+06
7.19285e+06
7.21063e+06
7.22818e+06
7.24867e+06
7.27553e+06
7.31126e+06
7.35632e+06
7.40839e+06
7.46248e+06
7.51109e+06
7.54527e+06
7.55427e+06
7.52515e+06
7.61928e+06
7.60351e+06
7.57274e+06
7.52854e+06
7.47338e+06
7.41079e+06
7.34528e+06
7.28197e+06
7.22591e+06
7.18139e+06
7.15127e+06
7.13647e+06
7.13579e+06
7.14614e+06
7.16325e+06
7.18266e+06
7.20092e+06
7.21645e+06
7.22979e+06
7.24331e+06
7.26045e+06
7.28481e+06
7.31896e+06
7.36338e+06
7.41581e+06
7.4714e+06
7.52365e+06
7.56497e+06
7.59257e+06
7.59305e+06
7.59073e+06
7.57671e+06
7.54939e+06
7.51021e+06
7.46145e+06
7.40637e+06
7.34908e+06
7.29414e+06
7.24603e+06
7.20845e+06
7.18374e+06
7.17246e+06
7.17322e+06
7.18296e+06
7.19766e+06
7.21329e+06
7.22694e+06
7.23762e+06
7.24639e+06
7.256e+06
7.27012e+06
7.29242e+06
7.32545e+06
7.36968e+06
7.42276e+06
7.47974e+06
7.53403e+06
7.57797e+06
7.60659e+06
7.61213e+06
7.56395e+06
7.55205e+06
7.52883e+06
7.49552e+06
7.45411e+06
7.40739e+06
7.35894e+06
7.31269e+06
7.27241e+06
7.2412e+06
7.22093e+06
7.21189e+06
7.21267e+06
7.22039e+06
7.23143e+06
7.2423e+06
7.25068e+06
7.25618e+06
7.26036e+06
7.26628e+06
7.27775e+06
7.29844e+06
7.33083e+06
7.37525e+06
7.42925e+06
7.48776e+06
7.54416e+06
7.59111e+06
7.624e+06
7.63694e+06
7.54033e+06
7.53084e+06
7.51226e+06
7.48553e+06
7.45216e+06
7.4144e+06
7.37514e+06
7.33756e+06
7.30469e+06
7.27903e+06
7.26206e+06
7.25393e+06
7.25333e+06
7.25773e+06
7.26401e+06
7.26929e+06
7.27191e+06
7.27204e+06
7.27172e+06
7.27423e+06
7.28345e+06
7.303e+06
7.3352e+06
7.38017e+06
7.43528e+06
7.49532e+06
7.5536e+06
7.60294e+06
7.63824e+06
7.65431e+06
7.52162e+06
7.51473e+06
7.50113e+06
7.48137e+06
7.45644e+06
7.42788e+06
7.39776e+06
7.36846e+06
7.34227e+06
7.32113e+06
7.30622e+06
7.29766e+06
7.29438e+06
7.2943e+06
7.29491e+06
7.29398e+06
7.29049e+06
7.2852e+06
7.28053e+06
7.27997e+06
7.28738e+06
7.30623e+06
7.33865e+06
7.38449e+06
7.44087e+06
7.50244e+06
7.56242e+06
7.6137e+06
7.65085e+06
7.66917e+06
7.50981e+06
7.50556e+06
7.49702e+06
7.48429e+06
7.46775e+06
7.44814e+06
7.42666e+06
7.40488e+06
7.38436e+06
7.36655e+06
7.35242e+06
7.34217e+06
7.33505e+06
7.32953e+06
7.32375e+06
7.31616e+06
7.3064e+06
7.29575e+06
7.28697e+06
7.28369e+06
7.2897e+06
7.30828e+06
7.34128e+06
7.38826e+06
7.44605e+06
7.50912e+06
7.57059e+06
7.62342e+06
7.66188e+06
7.68153e+06
7.50702e+06
7.5053e+06
7.50159e+06
7.49552e+06
7.4868e+06
7.47537e+06
7.46158e+06
7.44618e+06
7.43007e+06
7.41429e+06
7.39969e+06
7.3866e+06
7.37468e+06
7.36296e+06
7.35028e+06
7.33579e+06
7.31972e+06
7.30386e+06
7.29127e+06
7.28564e+06
7.29066e+06
7.30934e+06
7.34323e+06
7.39156e+06
7.45085e+06
7.51537e+06
7.57816e+06
7.63217e+06
7.67158e+06
7.69205e+06
7.51536e+06
7.51589e+06
7.51644e+06
7.51618e+06
7.51419e+06
7.50967e+06
7.50217e+06
7.49166e+06
7.47851e+06
7.46342e+06
7.44715e+06
7.43024e+06
7.41274e+06
7.39429e+06
7.3744e+06
7.35291e+06
7.33064e+06
7.30981e+06
7.29374e+06
7.28613e+06
7.29052e+06
7.30963e+06
7.34468e+06
7.39451e+06
7.45534e+06
7.52124e+06
7.58514e+06
7.64005e+06
7.6801e+06
7.70105e+06
7.53665e+06
7.53897e+06
7.54289e+06
7.54719e+06
7.55041e+06
7.55109e+06
7.54807e+06
7.54073e+06
7.52895e+06
7.51317e+06
7.49414e+06
7.47258e+06
7.44893e+06
7.42341e+06
7.39621e+06
7.36777e+06
7.33948e+06
7.31397e+06
7.29475e+06
7.28553e+06
7.28962e+06
7.30944e+06
7.34583e+06
7.39726e+06
7.45962e+06
7.52677e+06
7.5916e+06
7.64714e+06
7.68758e+06
7.70879e+06
7.57221e+06
7.57573e+06
7.58192e+06
7.58923e+06
7.59577e+06
7.59959e+06
7.59902e+06
7.59294e+06
7.58087e+06
7.56307e+06
7.54029e+06
7.51341e+06
7.48323e+06
7.45049e+06
7.41599e+06
7.38077e+06
7.34671e+06
7.31682e+06
7.2948e+06
7.28428e+06
7.28835e+06
7.30909e+06
7.34695e+06
7.4e+06
7.46381e+06
7.53206e+06
7.59759e+06
7.65352e+06
7.69415e+06
7.71546e+06
7.62268e+06
7.62677e+06
7.63396e+06
7.64254e+06
7.65035e+06
7.65512e+06
7.65484e+06
7.64807e+06
7.63408e+06
7.61301e+06
7.5856e+06
7.55287e+06
7.51595e+06
7.47598e+06
7.43433e+06
7.39256e+06
7.35301e+06
7.31905e+06
7.29453e+06
7.28298e+06
7.28723e+06
7.30903e+06
7.3484e+06
7.40303e+06
7.46816e+06
7.5373e+06
7.60329e+06
7.65936e+06
7.69997e+06
7.72125e+06
7.68793e+06
7.69191e+06
7.69885e+06
7.70694e+06
7.71397e+06
7.71753e+06
7.71545e+06
7.70613e+06
7.68871e+06
7.66323e+06
7.63047e+06
7.59152e+06
7.54774e+06
7.50064e+06
7.45208e+06
7.40405e+06
7.35929e+06
7.32154e+06
7.29476e+06
7.28238e+06
7.28696e+06
7.30985e+06
7.3507e+06
7.40678e+06
7.47303e+06
7.5428e+06
7.60898e+06
7.66493e+06
7.70532e+06
7.72645e+06
7.76695e+06
7.77019e+06
7.7757e+06
7.78174e+06
7.78613e+06
7.78656e+06
7.78082e+06
7.7673e+06
7.74516e+06
7.71438e+06
7.67569e+06
7.63026e+06
7.57964e+06
7.5256e+06
7.47039e+06
7.41641e+06
7.36674e+06
7.32544e+06
7.29659e+06
7.28351e+06
7.28845e+06
7.3124e+06
7.35459e+06
7.4119e+06
7.47898e+06
7.54907e+06
7.61511e+06
7.67067e+06
7.71063e+06
7.73149e+06
7.85785e+06
7.85986e+06
7.863e+06
7.86569e+06
7.86598e+06
7.86172e+06
7.85085e+06
7.83188e+06
7.80405e+06
7.76733e+06
7.72234e+06
7.67035e+06
7.613e+06
7.55228e+06
7.49074e+06
7.43113e+06
7.37683e+06
7.33219e+06
7.30142e+06
7.28769e+06
7.29294e+06
7.3178e+06
7.36109e+06
7.41931e+06
7.48684e+06
7.55685e+06
7.62239e+06
7.67725e+06
7.71656e+06
7.73704e+06
7.95803e+06
7.95847e+06
7.95859e+06
7.95709e+06
7.95228e+06
7.9423e+06
7.92533e+06
7.90013e+06
7.86604e+06
7.823e+06
7.77163e+06
7.71317e+06
7.64935e+06
7.5823e+06
7.51481e+06
7.44993e+06
7.3913e+06
7.34353e+06
7.31095e+06
7.29656e+06
7.302e+06
7.32753e+06
7.37158e+06
7.43028e+06
7.49779e+06
7.56726e+06
7.63187e+06
7.68567e+06
7.72409e+06
7.74405e+06
8.06434e+06
8.06304e+06
8.05988e+06
8.05379e+06
8.04342e+06
8.02727e+06
8.00382e+06
7.97212e+06
7.93162e+06
7.88229e+06
7.82474e+06
7.76014e+06
7.69024e+06
7.61735e+06
7.5444e+06
7.47467e+06
7.41204e+06
7.36139e+06
7.32713e+06
7.31207e+06
7.31753e+06
7.34342e+06
7.3878e+06
7.44648e+06
7.51342e+06
7.5818e+06
7.64499e+06
7.69735e+06
7.73459e+06
7.7539e+06
8.17335e+06
8.17035e+06
8.16396e+06
8.15335e+06
8.13751e+06
8.1153e+06
8.08555e+06
8.04761e+06
8.00102e+06
7.94577e+06
7.88255e+06
7.81242e+06
7.73707e+06
7.659e+06
7.58118e+06
7.50718e+06
7.44102e+06
7.38782e+06
7.35206e+06
7.33635e+06
7.34167e+06
7.36761e+06
7.41186e+06
7.46994e+06
7.53571e+06
7.6024e+06
7.66365e+06
7.71415e+06
7.74992e+06
7.76843e+06
8.28162e+06
8.27711e+06
8.26784e+06
8.25316e+06
8.23239e+06
8.20478e+06
8.1694e+06
8.12596e+06
8.074e+06
8.01365e+06
7.94558e+06
7.87076e+06
7.79088e+06
7.70844e+06
7.62654e+06
7.54901e+06
7.47997e+06
7.42472e+06
7.38779e+06
7.37155e+06
7.37666e+06
7.40234e+06
7.44601e+06
7.50294e+06
7.56691e+06
7.63132e+06
7.6901e+06
7.7383e+06
7.77232e+06
7.78988e+06
8.38599e+06
8.38024e+06
8.36861e+06
8.35062e+06
8.32582e+06
8.29384e+06
8.25394e+06
8.20611e+06
8.14989e+06
8.08559e+06
8.01378e+06
7.93537e+06
7.85207e+06
7.76631e+06
7.68137e+06
7.60126e+06
7.53024e+06
7.47366e+06
7.43609e+06
7.41961e+06
7.42454e+06
7.4498e+06
7.49252e+06
7.54778e+06
7.60939e+06
7.67095e+06
7.72675e+06
7.77227e+06
7.80426e+06
7.82073e+06
8.48372e+06
8.47708e+06
8.46371e+06
8.44328e+06
8.41561e+06
8.38053e+06
8.33747e+06
8.28664e+06
8.22755e+06
8.16068e+06
8.08644e+06
8.00576e+06
7.92034e+06
7.83261e+06
7.74591e+06
7.6644e+06
7.59254e+06
7.53562e+06
7.49817e+06
7.48197e+06
7.48694e+06
7.51176e+06
7.5533e+06
7.60651e+06
7.66529e+06
7.72353e+06
7.77595e+06
7.81844e+06
7.84818e+06
7.86344e+06
8.57264e+06
8.56544e+06
8.55099e+06
8.52911e+06
8.49978e+06
8.46293e+06
8.41819e+06
8.36587e+06
8.30543e+06
8.23749e+06
8.16226e+06
8.08074e+06
7.99474e+06
7.90655e+06
7.81961e+06
7.73809e+06
7.66681e+06
7.6108e+06
7.57449e+06
7.5593e+06
7.56478e+06
7.58934e+06
7.62965e+06
7.6806e+06
7.73624e+06
7.79084e+06
7.83956e+06
7.8788e+06
7.90612e+06
7.92009e+06
8.65119e+06
8.64376e+06
8.62888e+06
8.6065e+06
8.5767e+06
8.53936e+06
8.49436e+06
8.44199e+06
8.38168e+06
8.31417e+06
8.23942e+06
8.15872e+06
8.07364e+06
7.98661e+06
7.90107e+06
7.82127e+06
7.75212e+06
7.69847e+06
7.66456e+06
7.65137e+06
7.65804e+06
7.68274e+06
7.72198e+06
7.77065e+06
7.82303e+06
7.87383e+06
7.91871e+06
7.95457e+06
7.97939e+06
7.99204e+06
8.71843e+06
8.71107e+06
8.69635e+06
8.67433e+06
8.64506e+06
8.60841e+06
8.56441e+06
8.51332e+06
8.45441e+06
8.38877e+06
8.31584e+06
8.23764e+06
8.15486e+06
8.07072e+06
7.98833e+06
7.91202e+06
7.84668e+06
7.79704e+06
7.76694e+06
7.75692e+06
7.76565e+06
7.79108e+06
7.82961e+06
7.87617e+06
7.92538e+06
7.9724e+06
8.01347e+06
8.04596e+06
8.06828e+06
8.07962e+06
8.77402e+06
8.767e+06
8.75296e+06
8.73198e+06
8.70397e+06
8.6689e+06
8.6271e+06
8.57818e+06
8.52204e+06
8.45925e+06
8.38962e+06
8.31516e+06
8.23609e+06
8.15641e+06
8.07881e+06
8.00775e+06
7.94815e+06
7.90421e+06
7.87931e+06
7.87375e+06
7.88551e+06
7.9124e+06
7.95072e+06
7.99554e+06
8.04183e+06
8.08529e+06
8.1227e+06
8.15196e+06
8.17189e+06
8.18196e+06
8.81823e+06
8.81172e+06
8.79869e+06
8.77917e+06
8.75299e+06
8.72023e+06
8.68125e+06
8.63546e+06
8.58285e+06
8.52401e+06
8.45873e+06
8.38897e+06
8.31539e+06
8.24124e+06
8.16982e+06
8.10569e+06
8.05351e+06
8.01696e+06
7.99872e+06
7.99886e+06
8.01463e+06
8.04376e+06
8.08249e+06
8.12604e+06
8.16981e+06
8.21004e+06
8.24409e+06
8.27036e+06
8.28809e+06
8.29698e+06
8.85174e+06
8.84581e+06
8.83394e+06
8.81609e+06
8.79212e+06
8.76227e+06
8.72639e+06
8.68441e+06
8.63611e+06
8.58178e+06
8.52178e+06
8.45734e+06
8.38991e+06
8.32242e+06
8.25865e+06
8.20303e+06
8.15979e+06
8.13213e+06
8.12175e+06
8.1286e+06
8.14941e+06
8.18152e+06
8.22126e+06
8.26407e+06
8.30578e+06
8.34323e+06
8.37431e+06
8.39793e+06
8.41367e+06
8.42151e+06
8.87563e+06
8.87033e+06
8.85971e+06
8.84371e+06
8.82221e+06
8.79534e+06
8.76291e+06
8.72477e+06
8.68088e+06
8.63135e+06
8.57673e+06
8.51819e+06
8.45755e+06
8.39784e+06
8.34297e+06
8.29718e+06
8.26416e+06
8.2465e+06
8.24513e+06
8.25922e+06
8.28593e+06
8.32165e+06
8.36295e+06
8.4055e+06
8.44565e+06
8.48078e+06
8.50933e+06
8.53065e+06
8.54468e+06
8.55161e+06
8.89134e+06
8.88665e+06
8.87723e+06
8.86299e+06
8.84386e+06
8.81981e+06
8.79068e+06
8.75634e+06
8.71671e+06
8.67195e+06
8.62278e+06
8.57049e+06
8.5172e+06
8.46608e+06
8.42104e+06
8.38602e+06
8.36412e+06
8.35722e+06
8.36554e+06
8.38757e+06
8.42028e+06
8.46014e+06
8.50338e+06
8.54607e+06
8.58509e+06
8.61834e+06
8.64479e+06
8.66418e+06
8.67677e+06
8.68293e+06
8.90004e+06
8.89589e+06
8.88754e+06
8.87489e+06
8.85788e+06
8.83635e+06
8.81021e+06
8.77934e+06
8.74368e+06
8.70354e+06
8.65977e+06
8.6139e+06
8.56833e+06
8.52635e+06
8.49175e+06
8.46805e+06
8.45777e+06
8.462e+06
8.48025e+06
8.51044e+06
8.54935e+06
8.59337e+06
8.63869e+06
8.68177e+06
8.71997e+06
8.75172e+06
8.77644e+06
8.79424e+06
8.80564e+06
8.81116e+06
8.90283e+06
8.89912e+06
8.89167e+06
8.88036e+06
8.86512e+06
8.84577e+06
8.82223e+06
8.79438e+06
8.76233e+06
8.72652e+06
8.68801e+06
8.64862e+06
8.611e+06
8.5785e+06
8.55466e+06
8.54251e+06
8.54393e+06
8.55924e+06
8.58726e+06
8.62547e+06
8.67038e+06
8.71833e+06
8.76566e+06
8.80918e+06
8.84674e+06
8.87725e+06
8.90053e+06
8.91703e+06
8.92745e+06
8.93246e+06
8.90067e+06
8.89731e+06
8.89056e+06
8.88033e+06
8.86651e+06
8.84894e+06
8.82754e+06
8.80229e+06
8.77343e+06
8.74167e+06
8.70826e+06
8.67534e+06
8.64579e+06
8.6229e+06
8.6099e+06
8.60924e+06
8.62209e+06
8.64808e+06
8.68535e+06
8.73102e+06
8.78142e+06
8.83282e+06
8.88186e+06
8.92569e+06
8.96263e+06
8.99204e+06
9.0141e+06
9.02949e+06
9.0391e+06
9.04369e+06
8.89439e+06
8.89129e+06
8.88507e+06
8.87564e+06
8.86289e+06
8.8467e+06
8.82703e+06
8.80397e+06
8.77797e+06
8.74999e+06
8.72158e+06
8.69514e+06
8.6737e+06
8.66043e+06
8.65813e+06
8.66862e+06
8.69234e+06
8.72825e+06
8.77395e+06
8.82626e+06
8.88134e+06
8.93549e+06
8.98574e+06
9.02959e+06
9.06581e+06
9.09416e+06
9.11509e+06
9.12953e+06
9.13845e+06
9.14268e+06
8.88469e+06
8.88176e+06
8.8759e+06
8.86703e+06
8.85504e+06
8.83988e+06
8.82158e+06
8.80039e+06
8.77699e+06
8.75264e+06
8.72921e+06
8.70931e+06
8.69603e+06
8.69228e+06
8.70036e+06
8.72143e+06
8.75523e+06
8.80008e+06
8.85315e+06
8.91099e+06
8.9698e+06
9.02573e+06
9.07662e+06
9.12008e+06
9.15537e+06
9.18257e+06
9.20243e+06
9.21597e+06
9.22427e+06
9.22819e+06
8.8721e+06
8.8693e+06
8.86365e+06
8.85512e+06
8.84363e+06
8.8292e+06
8.81201e+06
8.7925e+06
8.7716e+06
8.75089e+06
8.73253e+06
8.7193e+06
8.7142e+06
8.7198e+06
8.73782e+06
8.76874e+06
8.81161e+06
8.86423e+06
8.92342e+06
8.98554e+06
9.04681e+06
9.10388e+06
9.15456e+06
9.19714e+06
9.2312e+06
9.25715e+06
9.27588e+06
9.28855e+06
9.29628e+06
9.2999e+06
8.85705e+06
8.85431e+06
8.84875e+06
8.8404e+06
8.82922e+06
8.81533e+06
8.79911e+06
8.78123e+06
8.76291e+06
8.746e+06
8.73296e+06
8.72658e+06
8.7297e+06
8.74441e+06
8.77181e+06
8.81169e+06
8.86251e+06
8.9216e+06
8.98558e+06
9.05065e+06
9.11325e+06
9.17037e+06
9.22017e+06
9.26136e+06
9.2939e+06
9.31842e+06
9.33597e+06
9.34776e+06
9.35491e+06
9.35826e+06
8.83981e+06
8.83707e+06
8.83154e+06
8.82324e+06
8.81226e+06
8.79886e+06
8.78363e+06
8.7675e+06
8.752e+06
8.73925e+06
8.73187e+06
8.73258e+06
8.7439e+06
8.76741e+06
8.80353e+06
8.8514e+06
8.90896e+06
8.97319e+06
9.0406e+06
9.10719e+06
9.16996e+06
9.2263e+06
9.27447e+06
9.31379e+06
9.34451e+06
9.36744e+06
9.38374e+06
9.39463e+06
9.40121e+06
9.40428e+06
8.82055e+06
8.81777e+06
8.81222e+06
8.80391e+06
8.79313e+06
8.78032e+06
8.76626e+06
8.7522e+06
8.73993e+06
8.73183e+06
8.73053e+06
8.73858e+06
8.75807e+06
8.78998e+06
8.83406e+06
8.88887e+06
8.9519e+06
9.01994e+06
9.08938e+06
9.15615e+06
9.21813e+06
9.27274e+06
9.3187e+06
9.35575e+06
9.38439e+06
9.4056e+06
9.42057e+06
9.43053e+06
9.43653e+06
9.43933e+06
8.79936e+06
8.79653e+06
8.79092e+06
8.78268e+06
8.77222e+06
8.76024e+06
8.7477e+06
8.73617e+06
8.72772e+06
8.72485e+06
8.73012e+06
8.74572e+06
8.77324e+06
8.81306e+06
8.86426e+06
8.92489e+06
8.9921e+06
9.06254e+06
9.13258e+06
9.19874e+06
9.25887e+06
9.31095e+06
9.35418e+06
9.38864e+06
9.41502e+06
9.4344e+06
9.44801e+06
9.45702e+06
9.46243e+06
9.46496e+06
8.77627e+06
8.77341e+06
8.76781e+06
8.75979e+06
8.74992e+06
8.73911e+06
8.7286e+06
8.72027e+06
8.71634e+06
8.71934e+06
8.73161e+06
8.75489e+06
8.79022e+06
8.83734e+06
8.89473e+06
8.96002e+06
9.03014e+06
9.10168e+06
9.17116e+06
9.23563e+06
9.29309e+06
9.34207e+06
9.38221e+06
9.41385e+06
9.43785e+06
9.45536e+06
9.46759e+06
9.47566e+06
9.4805e+06
9.48275e+06
8.7513e+06
8.74847e+06
8.74305e+06
8.73549e+06
8.72661e+06
8.71748e+06
8.70967e+06
8.70533e+06
8.70668e+06
8.71618e+06
8.73581e+06
8.7668e+06
8.80957e+06
8.86324e+06
8.9258e+06
8.99455e+06
9.06639e+06
9.13777e+06
9.20563e+06
9.26755e+06
9.32167e+06
9.36714e+06
9.40394e+06
9.43265e+06
9.45424e+06
9.46988e+06
9.48075e+06
9.48791e+06
9.49219e+06
9.49418e+06
8.72448e+06
8.7218e+06
8.71681e+06
8.71011e+06
8.70272e+06
8.69596e+06
8.69169e+06
8.69217e+06
8.69957e+06
8.71613e+06
8.74334e+06
8.78188e+06
8.83157e+06
8.89092e+06
8.95758e+06
9.02863e+06
9.101e+06
9.17094e+06
9.23646e+06
9.29502e+06
9.34536e+06
9.38707e+06
9.42041e+06
9.44616e+06
9.46537e+06
9.4792e+06
9.48878e+06
9.49506e+06
9.49882e+06
9.50057e+06
8.69592e+06
8.69358e+06
8.68933e+06
8.68399e+06
8.67878e+06
8.67526e+06
8.67545e+06
8.6816e+06
8.69575e+06
8.71977e+06
8.75461e+06
8.80036e+06
8.85625e+06
8.92031e+06
8.98991e+06
9.06207e+06
9.13367e+06
9.20165e+06
9.26386e+06
9.31849e+06
9.36475e+06
9.40258e+06
9.43247e+06
9.45533e+06
9.47226e+06
9.48438e+06
9.49273e+06
9.49821e+06
9.50148e+06
9.50301e+06
8.66582e+06
8.66405e+06
8.66101e+06
8.65768e+06
8.65544e+06
8.6561e+06
8.66173e+06
8.67435e+06
8.69581e+06
8.7275e+06
8.7698e+06
8.82223e+06
8.88344e+06
8.95112e+06
9.02252e+06
9.09464e+06
9.16448e+06
9.22957e+06
9.2879e+06
9.33828e+06
9.38033e+06
9.41427e+06
9.4408e+06
9.46091e+06
9.4757e+06
9.48624e+06
9.49349e+06
9.49823e+06
9.50107e+06
9.50239e+06
8.63461e+06
8.63369e+06
8.63241e+06
8.63185e+06
8.63351e+06
8.63929e+06
8.65121e+06
8.67098e+06
8.70016e+06
8.73952e+06
8.7889e+06
8.84723e+06
8.91272e+06
8.98288e+06
9.05492e+06
9.12592e+06
9.1932e+06
9.25462e+06
9.30866e+06
9.35462e+06
9.39244e+06
9.4226e+06
9.44595e+06
9.46351e+06
9.47634e+06
9.48546e+06
9.49171e+06
9.49581e+06
9.49826e+06
9.4994e+06
8.60296e+06
8.60319e+06
8.60429e+06
8.6073e+06
8.61384e+06
8.62567e+06
8.6446e+06
8.67198e+06
8.70906e+06
8.75576e+06
8.81159e+06
8.87487e+06
8.94353e+06
9.01501e+06
9.08657e+06
9.15548e+06
9.21942e+06
9.27665e+06
9.32618e+06
9.36767e+06
9.40138e+06
9.42796e+06
9.44835e+06
9.46359e+06
9.47467e+06
9.48252e+06
9.48791e+06
9.49145e+06
9.49357e+06
9.49456e+06
8.57186e+06
8.57358e+06
8.57761e+06
8.58504e+06
8.59729e+06
8.61595e+06
8.64241e+06
8.67772e+06
8.72248e+06
8.77595e+06
8.83734e+06
8.90448e+06
8.97516e+06
9.04683e+06
9.11686e+06
9.18282e+06
9.2428e+06
9.29554e+06
9.34045e+06
9.37756e+06
9.40735e+06
9.43062e+06
9.44833e+06
9.46149e+06
9.47104e+06
9.4778e+06
9.48245e+06
9.48552e+06
9.48736e+06
9.48822e+06
8.54267e+06
8.54617e+06
8.55367e+06
8.56619e+06
8.58474e+06
8.61075e+06
8.64509e+06
8.68818e+06
8.74015e+06
8.79969e+06
8.86551e+06
8.93531e+06
9.00683e+06
9.07758e+06
9.14514e+06
9.20744e+06
9.26304e+06
9.31113e+06
9.35148e+06
9.3844e+06
9.41055e+06
9.43081e+06
9.44614e+06
9.45749e+06
9.46572e+06
9.47156e+06
9.47559e+06
9.47826e+06
9.47988e+06
9.48064e+06
8.5171e+06
8.52257e+06
8.53396e+06
8.55193e+06
8.57722e+06
8.6107e+06
8.65282e+06
8.70334e+06
8.76152e+06
8.82613e+06
8.89522e+06
8.96649e+06
9.03769e+06
9.1065e+06
9.17077e+06
9.22891e+06
9.27989e+06
9.32331e+06
9.35928e+06
9.38829e+06
9.41113e+06
9.4287e+06
9.44195e+06
9.45175e+06
9.45887e+06
9.46395e+06
9.46748e+06
9.46984e+06
9.47128e+06
9.47196e+06
8.49714e+06
8.5047e+06
8.5201e+06
8.54358e+06
8.57569e+06
8.61641e+06
8.66558e+06
8.72258e+06
8.78615e+06
8.85452e+06
8.92552e+06
8.99705e+06
9.06686e+06
9.13282e+06
9.1932e+06
9.24683e+06
9.29314e+06
9.33203e+06
9.36386e+06
9.3893e+06
9.40919e+06
9.42444e+06
9.43591e+06
9.44442e+06
9.45063e+06
9.4551e+06
9.45823e+06
9.46035e+06
9.46165e+06
9.46227e+06
8.48506e+06
8.49465e+06
8.51376e+06
8.54266e+06
8.58086e+06
8.62803e+06
8.68345e+06
8.74561e+06
8.81318e+06
8.88381e+06
8.95551e+06
9.02613e+06
9.09351e+06
9.15587e+06
9.21192e+06
9.26092e+06
9.30262e+06
9.33723e+06
9.36528e+06
9.38754e+06
9.40486e+06
9.41811e+06
9.42811e+06
9.43556e+06
9.44105e+06
9.44504e+06
9.44787e+06
9.44981e+06
9.45101e+06
9.45158e+06
8.4831e+06
8.49442e+06
8.51687e+06
8.55032e+06
8.59362e+06
8.6458e+06
8.70616e+06
8.77203e+06
8.84172e+06
8.91327e+06
8.98435e+06
9.05283e+06
9.11688e+06
9.17509e+06
9.22658e+06
9.27095e+06
9.30826e+06
9.33891e+06
9.36358e+06
9.38306e+06
9.3982e+06
9.4098e+06
9.4186e+06
9.42522e+06
9.43015e+06
9.43378e+06
9.4364e+06
9.43821e+06
9.43934e+06
9.43989e+06
8.49332e+06
8.50608e+06
8.53108e+06
8.56757e+06
8.61474e+06
8.6704e+06
8.73327e+06
8.80101e+06
8.87143e+06
8.94223e+06
9.0112e+06
9.07644e+06
9.13643e+06
9.19011e+06
9.23695e+06
9.27683e+06
9.31004e+06
9.33713e+06
9.35883e+06
9.37594e+06
9.38927e+06
9.39954e+06
9.4074e+06
9.41338e+06
9.4179e+06
9.42129e+06
9.42376e+06
9.42549e+06
9.4266e+06
9.42713e+06
8.51756e+06
8.53103e+06
8.55744e+06
8.59575e+06
8.64447e+06
8.70167e+06
8.76522e+06
8.83271e+06
8.90176e+06
8.97005e+06
9.03554e+06
9.09656e+06
9.15188e+06
9.20078e+06
9.24297e+06
9.27858e+06
9.30804e+06
9.33197e+06
9.35112e+06
9.36626e+06
9.37812e+06
9.38734e+06
9.39449e+06
9.40002e+06
9.40426e+06
9.40749e+06
9.40989e+06
9.41159e+06
9.41268e+06
9.41321e+06
8.55677e+06
8.57038e+06
8.59696e+06
8.63532e+06
8.68372e+06
8.74004e+06
8.80191e+06
8.86686e+06
8.93247e+06
8.99656e+06
9.05726e+06
9.11317e+06
9.16332e+06
9.20724e+06
9.24485e+06
9.27643e+06
9.30247e+06
9.32362e+06
9.3406e+06
9.35412e+06
9.3648e+06
9.37323e+06
9.37987e+06
9.38508e+06
9.38916e+06
9.39231e+06
9.39468e+06
9.39638e+06
9.39749e+06
9.39803e+06
8.61149e+06
8.62456e+06
8.65004e+06
8.68663e+06
8.73254e+06
8.78559e+06
8.8434e+06
8.90355e+06
8.96376e+06
9.02203e+06
9.07673e+06
9.12671e+06
9.17123e+06
9.21e+06
9.24309e+06
9.27082e+06
9.29372e+06
9.31241e+06
9.32753e+06
9.33969e+06
9.34945e+06
9.35727e+06
9.36353e+06
9.36855e+06
9.37254e+06
9.37567e+06
9.37806e+06
9.37979e+06
9.38092e+06
9.38147e+06
8.68132e+06
8.69321e+06
8.71633e+06
8.74944e+06
8.79081e+06
8.83837e+06
8.88989e+06
8.94318e+06
8.99619e+06
9.04718e+06
9.0948e+06
9.1381e+06
9.17655e+06
9.20998e+06
9.23852e+06
9.26253e+06
9.28247e+06
9.29889e+06
9.31234e+06
9.32333e+06
9.3323e+06
9.33962e+06
9.34561e+06
9.35048e+06
9.35443e+06
9.35757e+06
9.35999e+06
9.36177e+06
9.36293e+06
9.3635e+06
8.76493e+06
8.77508e+06
8.79479e+06
8.82295e+06
8.85803e+06
8.89824e+06
8.94163e+06
8.98634e+06
9.03066e+06
9.07316e+06
9.11275e+06
9.14871e+06
9.18066e+06
9.20852e+06
9.23242e+06
9.25268e+06
9.26969e+06
9.28391e+06
9.29575e+06
9.3056e+06
9.31382e+06
9.32067e+06
9.32638e+06
9.33112e+06
9.33501e+06
9.33815e+06
9.34061e+06
9.34241e+06
9.3436e+06
9.34419e+06
8.86015e+06
8.86815e+06
8.88367e+06
8.90582e+06
8.93336e+06
8.96486e+06
8.99879e+06
9.03369e+06
9.06822e+06
9.10132e+06
9.13218e+06
9.16027e+06
9.18533e+06
9.20733e+06
9.22639e+06
9.24277e+06
9.25674e+06
9.26865e+06
9.27878e+06
9.28742e+06
9.29479e+06
9.30108e+06
9.30643e+06
9.31096e+06
9.31474e+06
9.31782e+06
9.32026e+06
9.32206e+06
9.32326e+06
9.32385e+06
8.96411e+06
8.96974e+06
8.98065e+06
8.9962e+06
9.01553e+06
9.0376e+06
9.06135e+06
9.08576e+06
9.10992e+06
9.13311e+06
9.1548e+06
9.17466e+06
9.19253e+06
9.2084e+06
9.22238e+06
9.23462e+06
9.24532e+06
9.25467e+06
9.26287e+06
9.27006e+06
9.27637e+06
9.28189e+06
9.28671e+06
9.29087e+06
9.29439e+06
9.29731e+06
9.29964e+06
9.30138e+06
9.30254e+06
9.30311e+06
9.0735e+06
9.07672e+06
9.08297e+06
9.09186e+06
9.10289e+06
9.11547e+06
9.12898e+06
9.14286e+06
9.15659e+06
9.16982e+06
9.18225e+06
9.19375e+06
9.20426e+06
9.2138e+06
9.22244e+06
9.23026e+06
9.23736e+06
9.24384e+06
9.24975e+06
9.25515e+06
9.26008e+06
9.26455e+06
9.26856e+06
9.27211e+06
9.27518e+06
9.27777e+06
9.27986e+06
9.28143e+06
9.28249e+06
9.28302e+06
9.18481e+06
9.18578e+06
9.18765e+06
9.19029e+06
9.19352e+06
9.19716e+06
9.201e+06
9.20488e+06
9.20869e+06
9.21234e+06
9.21582e+06
9.21914e+06
9.22235e+06
9.22548e+06
9.2286e+06
9.23174e+06
9.23492e+06
9.23814e+06
9.24139e+06
9.24461e+06
9.24778e+06
9.25083e+06
9.2537e+06
9.25635e+06
9.25872e+06
9.26076e+06
9.26244e+06
9.26372e+06
9.26459e+06
9.26503e+06
9.29463e+06
9.29364e+06
9.2917e+06
9.28888e+06
9.28528e+06
9.28104e+06
9.27631e+06
9.27128e+06
9.26614e+06
9.26108e+06
9.25629e+06
9.25193e+06
9.24814e+06
9.24501e+06
9.24259e+06
9.2409e+06
9.23991e+06
9.23956e+06
9.23977e+06
9.24043e+06
9.24145e+06
9.2427e+06
9.24409e+06
9.24552e+06
9.2469e+06
9.24817e+06
9.24925e+06
9.2501e+06
9.25069e+06
9.25099e+06
9.39989e+06
9.39734e+06
9.39235e+06
9.38513e+06
9.37599e+06
9.36531e+06
9.35352e+06
9.34105e+06
9.32834e+06
9.31579e+06
9.30377e+06
9.29255e+06
9.28238e+06
9.27338e+06
9.26564e+06
9.25916e+06
9.25391e+06
9.2498e+06
9.2467e+06
9.24449e+06
9.24302e+06
9.24214e+06
9.24172e+06
9.24163e+06
9.24176e+06
9.24202e+06
9.24232e+06
9.2426e+06
9.24281e+06
9.24292e+06
9.49807e+06
9.49438e+06
9.48718e+06
9.47675e+06
9.46354e+06
9.44808e+06
9.43095e+06
9.41278e+06
9.39416e+06
9.37563e+06
9.3577e+06
9.34073e+06
9.32505e+06
9.31085e+06
9.29824e+06
9.28726e+06
9.27787e+06
9.27e+06
9.26351e+06
9.25826e+06
9.25409e+06
9.25085e+06
9.24839e+06
9.24655e+06
9.24521e+06
9.24427e+06
9.24362e+06
9.2432e+06
9.24295e+06
9.24284e+06
9.58729e+06
9.58291e+06
9.57433e+06
9.56188e+06
9.54608e+06
9.52751e+06
9.50685e+06
9.4848e+06
9.46204e+06
9.4392e+06
9.41686e+06
9.39547e+06
9.3754e+06
9.3569e+06
9.34013e+06
9.32517e+06
9.31202e+06
9.30061e+06
9.29085e+06
9.28259e+06
9.2757e+06
9.27002e+06
9.26539e+06
9.26168e+06
9.25875e+06
9.25648e+06
9.25479e+06
9.25359e+06
9.25282e+06
9.25245e+06
9.6664e+06
9.66171e+06
9.6525e+06
9.63914e+06
9.6221e+06
9.60199e+06
9.5795e+06
9.55533e+06
9.53018e+06
9.50472e+06
9.47955e+06
9.45516e+06
9.43196e+06
9.41026e+06
9.39025e+06
9.37207e+06
9.35575e+06
9.34127e+06
9.32857e+06
9.31755e+06
9.3081e+06
9.30007e+06
9.29333e+06
9.28775e+06
9.28322e+06
9.27961e+06
9.27684e+06
9.27484e+06
9.27353e+06
9.27289e+06
9.73489e+06
9.73021e+06
9.72102e+06
9.70763e+06
9.69051e+06
9.67021e+06
9.64737e+06
9.62265e+06
9.59672e+06
9.57022e+06
9.54374e+06
9.51778e+06
9.49278e+06
9.46906e+06
9.44687e+06
9.42638e+06
9.40767e+06
9.39079e+06
9.3757e+06
9.36236e+06
9.35069e+06
9.34059e+06
9.33195e+06
9.32467e+06
9.31864e+06
9.31378e+06
9.30999e+06
9.30721e+06
9.30538e+06
9.30448e+06
9.79285e+06
9.78843e+06
9.77973e+06
9.76702e+06
9.75071e+06
9.73128e+06
9.70927e+06
9.68529e+06
9.65992e+06
9.63375e+06
9.60733e+06
9.58113e+06
9.55559e+06
9.53105e+06
9.50777e+06
9.48597e+06
9.46578e+06
9.44728e+06
9.43051e+06
9.41545e+06
9.40208e+06
9.39033e+06
9.38015e+06
9.37145e+06
9.36416e+06
9.35821e+06
9.35354e+06
9.35009e+06
9.34781e+06
9.34668e+06
9.84082e+06
9.83682e+06
9.82894e+06
9.8174e+06
9.80252e+06
9.7847e+06
9.7644e+06
9.7421e+06
9.71833e+06
9.69359e+06
9.66834e+06
9.64305e+06
9.61809e+06
9.59382e+06
9.57052e+06
9.54841e+06
9.52766e+06
9.5084e+06
9.49071e+06
9.47463e+06
9.46017e+06
9.44731e+06
9.43605e+06
9.42632e+06
9.4181e+06
9.41134e+06
9.40598e+06
9.402e+06
9.39937e+06
9.39806e+06
9.87969e+06
9.8762e+06
9.86933e+06
9.85922e+06
9.84614e+06
9.8304e+06
9.81234e+06
9.79238e+06
9.77091e+06
9.74836e+06
9.72513e+06
9.70161e+06
9.67816e+06
9.65508e+06
9.63267e+06
9.61115e+06
9.59073e+06
9.57154e+06
9.55371e+06
9.53732e+06
9.52243e+06
9.50906e+06
9.49723e+06
9.48693e+06
9.47815e+06
9.47088e+06
9.4651e+06
9.46078e+06
9.45791e+06
9.45648e+06
9.91054e+06
9.9076e+06
9.90179e+06
9.89323e+06
9.88211e+06
9.86864e+06
9.8531e+06
9.83579e+06
9.81703e+06
9.79715e+06
9.77647e+06
9.75533e+06
9.73403e+06
9.71286e+06
9.69206e+06
9.67188e+06
9.65252e+06
9.63414e+06
9.61688e+06
9.60086e+06
9.58616e+06
9.57285e+06
9.56098e+06
9.55056e+06
9.54163e+06
9.53419e+06
9.52824e+06
9.52378e+06
9.52081e+06
9.51932e+06
9.93455e+06
9.93214e+06
9.92738e+06
9.92033e+06
9.91114e+06
9.89995e+06
9.88697e+06
9.8724e+06
9.85648e+06
9.83947e+06
9.82162e+06
9.8032e+06
9.78445e+06
9.76562e+06
9.74695e+06
9.72866e+06
9.71092e+06
9.69392e+06
9.67782e+06
9.66273e+06
9.64878e+06
9.63604e+06
9.62459e+06
9.61449e+06
9.60577e+06
9.59847e+06
9.5926e+06
9.5882e+06
9.58525e+06
9.58378e+06
9.95286e+06
9.95095e+06
9.94714e+06
9.9415e+06
9.93411e+06
9.92507e+06
9.9145e+06
9.90257e+06
9.88943e+06
9.87528e+06
9.86029e+06
9.84468e+06
9.82865e+06
9.8124e+06
9.79614e+06
9.78005e+06
9.76431e+06
9.7491e+06
9.73456e+06
9.72084e+06
9.70804e+06
9.69628e+06
9.68564e+06
9.67619e+06
9.668e+06
9.66111e+06
9.65555e+06
9.65136e+06
9.64856e+06
9.64716e+06
9.96658e+06
9.96509e+06
9.96213e+06
9.95773e+06
9.95193e+06
9.9448e+06
9.93642e+06
9.92689e+06
9.91632e+06
9.90484e+06
9.89258e+06
9.8797e+06
9.86636e+06
9.85272e+06
9.83895e+06
9.8252e+06
9.81165e+06
9.79843e+06
9.78571e+06
9.77361e+06
9.76225e+06
9.75174e+06
9.74217e+06
9.73364e+06
9.7262e+06
9.71992e+06
9.71484e+06
9.711e+06
9.70842e+06
9.70713e+06
9.97667e+06
9.97554e+06
9.97329e+06
9.96993e+06
9.96548e+06
9.95999e+06
9.9535e+06
9.94607e+06
9.93777e+06
9.92868e+06
9.9189e+06
9.90854e+06
9.89771e+06
9.88655e+06
9.87519e+06
9.86376e+06
9.8524e+06
9.84125e+06
9.83043e+06
9.82007e+06
9.81028e+06
9.80117e+06
9.79284e+06
9.78536e+06
9.77882e+06
9.77328e+06
9.76878e+06
9.76538e+06
9.76309e+06
9.76194e+06
9.98396e+06
9.98312e+06
9.98144e+06
9.97893e+06
9.9756e+06
9.97147e+06
9.96655e+06
9.96089e+06
9.95451e+06
9.94748e+06
9.93985e+06
9.93171e+06
9.92314e+06
9.91423e+06
9.90509e+06
9.89583e+06
9.88656e+06
9.87739e+06
9.86843e+06
9.8598e+06
9.8516e+06
9.84393e+06
9.83688e+06
9.83052e+06
9.82494e+06
9.82019e+06
9.81633e+06
9.8134e+06
9.81143e+06
9.81044e+06
9.98913e+06
9.98852e+06
9.9873e+06
9.98547e+06
9.98302e+06
9.97997e+06
9.97633e+06
9.9721e+06
9.96731e+06
9.96198e+06
9.95617e+06
9.94992e+06
9.94328e+06
9.93634e+06
9.92916e+06
9.92183e+06
9.91445e+06
9.9071e+06
9.89987e+06
9.89287e+06
9.88618e+06
9.87989e+06
9.87408e+06
9.86882e+06
9.86419e+06
9.86024e+06
9.85701e+06
9.85456e+06
9.85291e+06
9.85208e+06
9.99274e+06
9.99231e+06
9.99144e+06
9.99012e+06
9.98837e+06
9.98616e+06
9.98351e+06
9.98042e+06
9.97689e+06
9.97295e+06
9.96861e+06
9.96391e+06
9.95888e+06
9.95359e+06
9.94808e+06
9.94241e+06
9.93667e+06
9.93092e+06
9.92523e+06
9.91969e+06
9.91436e+06
9.90933e+06
9.90467e+06
9.90043e+06
9.89669e+06
9.89348e+06
9.89086e+06
9.88887e+06
9.88752e+06
9.88684e+06
9.99522e+06
9.99492e+06
9.99431e+06
9.99339e+06
9.99215e+06
9.99058e+06
9.98869e+06
9.98648e+06
9.98393e+06
9.98107e+06
9.97789e+06
9.97443e+06
9.97071e+06
9.96675e+06
9.96261e+06
9.95833e+06
9.95396e+06
9.94956e+06
9.94519e+06
9.9409e+06
9.93677e+06
9.93284e+06
9.92919e+06
9.92586e+06
9.9229e+06
9.92037e+06
9.91829e+06
9.91671e+06
9.91564e+06
9.9151e+06
9.9969e+06
9.99669e+06
9.99627e+06
9.99563e+06
9.99478e+06
9.99369e+06
9.99237e+06
9.99081e+06
9.989e+06
9.98696e+06
9.98469e+06
9.98219e+06
9.97948e+06
9.97659e+06
9.97355e+06
9.97038e+06
9.96713e+06
9.96383e+06
9.96054e+06
9.9573e+06
9.95416e+06
9.95117e+06
9.94837e+06
9.94581e+06
9.94354e+06
9.94158e+06
9.93998e+06
9.93875e+06
9.93792e+06
9.9375e+06
9.99802e+06
9.99788e+06
9.99759e+06
9.99716e+06
9.99658e+06
9.99583e+06
9.99492e+06
9.99385e+06
9.99259e+06
9.99117e+06
9.98956e+06
9.98779e+06
9.98587e+06
9.98379e+06
9.9816e+06
9.9793e+06
9.97693e+06
9.97451e+06
9.97209e+06
9.96969e+06
9.96736e+06
9.96513e+06
9.96303e+06
9.96111e+06
9.9594e+06
9.95792e+06
9.95671e+06
9.95578e+06
9.95515e+06
9.95483e+06
9.99875e+06
9.99865e+06
9.99847e+06
9.99818e+06
9.99779e+06
9.99729e+06
9.99667e+06
9.99594e+06
9.99509e+06
9.99411e+06
9.993e+06
9.99177e+06
9.99042e+06
9.98896e+06
9.98741e+06
9.98578e+06
9.98408e+06
9.98235e+06
9.9806e+06
9.97886e+06
9.97716e+06
9.97553e+06
9.974e+06
9.97259e+06
9.97133e+06
9.97023e+06
9.96934e+06
9.96865e+06
9.96818e+06
9.96794e+06
9.99922e+06
9.99916e+06
9.99904e+06
9.99885e+06
9.99859e+06
9.99826e+06
9.99785e+06
9.99736e+06
9.99679e+06
9.99613e+06
9.99538e+06
9.99454e+06
9.99361e+06
9.9926e+06
9.99153e+06
9.99039e+06
9.9892e+06
9.98798e+06
9.98674e+06
9.9855e+06
9.98429e+06
9.98313e+06
9.98202e+06
9.98101e+06
9.9801e+06
9.97931e+06
9.97866e+06
9.97816e+06
9.97782e+06
9.97765e+06
9.99952e+06
9.99948e+06
9.9994e+06
9.99928e+06
9.99911e+06
9.9989e+06
9.99863e+06
9.99831e+06
9.99793e+06
9.99749e+06
9.99699e+06
9.99643e+06
9.9958e+06
9.99512e+06
9.99439e+06
9.9936e+06
9.99279e+06
9.99194e+06
9.99108e+06
9.99022e+06
9.98937e+06
9.98856e+06
9.98778e+06
9.98706e+06
9.98642e+06
9.98586e+06
9.9854e+06
9.98504e+06
9.9848e+06
9.98468e+06
9.99971e+06
9.99968e+06
9.99963e+06
9.99956e+06
9.99945e+06
9.99931e+06
9.99914e+06
9.99893e+06
9.99869e+06
9.9984e+06
9.99807e+06
9.9977e+06
9.99729e+06
9.99683e+06
9.99634e+06
9.99581e+06
9.99526e+06
9.99468e+06
9.9941e+06
9.99351e+06
9.99293e+06
9.99236e+06
9.99183e+06
9.99133e+06
9.99089e+06
9.9905e+06
9.99018e+06
9.98993e+06
9.98976e+06
9.98967e+06
9.99983e+06
9.99981e+06
9.99978e+06
9.99973e+06
9.99966e+06
9.99958e+06
9.99947e+06
9.99934e+06
9.99918e+06
9.99899e+06
9.99878e+06
9.99854e+06
9.99827e+06
9.99797e+06
9.99765e+06
9.9973e+06
9.99693e+06
9.99655e+06
9.99616e+06
9.99576e+06
9.99537e+06
9.99499e+06
9.99462e+06
9.99429e+06
9.99398e+06
9.99372e+06
9.9935e+06
9.99333e+06
9.99321e+06
9.99315e+06
9.9999e+06
9.99989e+06
9.99987e+06
9.99984e+06
9.9998e+06
9.99974e+06
9.99968e+06
9.99959e+06
9.99949e+06
9.99938e+06
9.99924e+06
9.99909e+06
9.99891e+06
9.99872e+06
9.99851e+06
9.99828e+06
9.99804e+06
9.99779e+06
9.99753e+06
9.99727e+06
9.99701e+06
9.99676e+06
9.99652e+06
9.99629e+06
9.99609e+06
9.99591e+06
9.99576e+06
9.99565e+06
9.99557e+06
9.99553e+06
9.99994e+06
9.99993e+06
9.99992e+06
9.9999e+06
9.99988e+06
9.99985e+06
9.9998e+06
9.99975e+06
9.99969e+06
9.99962e+06
9.99953e+06
9.99944e+06
9.99933e+06
9.9992e+06
9.99907e+06
9.99892e+06
9.99877e+06
9.99861e+06
9.99844e+06
9.99827e+06
9.9981e+06
9.99793e+06
9.99777e+06
9.99762e+06
9.99749e+06
9.99737e+06
9.99727e+06
9.9972e+06
9.99715e+06
9.99712e+06
9.99996e+06
9.99996e+06
9.99995e+06
9.99994e+06
9.99993e+06
9.99991e+06
9.99988e+06
9.99985e+06
9.99981e+06
9.99977e+06
9.99972e+06
9.99966e+06
9.99959e+06
9.99951e+06
9.99942e+06
9.99933e+06
9.99923e+06
9.99913e+06
9.99902e+06
9.99891e+06
9.9988e+06
9.9987e+06
9.99859e+06
9.9985e+06
9.99841e+06
9.99833e+06
9.99827e+06
9.99822e+06
9.99819e+06
9.99817e+06
9.99998e+06
9.99998e+06
9.99997e+06
9.99997e+06
9.99996e+06
9.99995e+06
9.99993e+06
9.99991e+06
9.99989e+06
9.99986e+06
9.99983e+06
9.99979e+06
9.99975e+06
9.9997e+06
9.99965e+06
9.99959e+06
9.99953e+06
9.99946e+06
9.99939e+06
9.99932e+06
9.99925e+06
9.99918e+06
9.99912e+06
9.99905e+06
9.999e+06
9.99895e+06
9.99891e+06
9.99887e+06
9.99885e+06
9.99884e+06
9.99999e+06
9.99999e+06
9.99998e+06
9.99998e+06
9.99997e+06
9.99997e+06
9.99996e+06
9.99995e+06
9.99993e+06
9.99991e+06
9.99989e+06
9.99987e+06
9.99984e+06
9.99981e+06
9.99978e+06
9.99974e+06
9.9997e+06
9.99966e+06
9.99962e+06
9.99957e+06
9.99952e+06
9.99948e+06
9.99944e+06
9.9994e+06
9.99936e+06
9.99933e+06
9.9993e+06
9.99928e+06
9.99926e+06
9.99926e+06
9.99999e+06
9.99999e+06
9.99999e+06
9.99999e+06
9.99998e+06
9.99998e+06
9.99997e+06
9.99997e+06
9.99996e+06
9.99994e+06
9.99993e+06
9.99992e+06
9.9999e+06
9.99988e+06
9.99985e+06
9.99983e+06
9.9998e+06
9.99977e+06
9.99974e+06
9.99971e+06
9.99968e+06
9.99965e+06
9.99962e+06
9.99959e+06
9.99956e+06
9.99954e+06
9.99952e+06
9.99951e+06
9.9995e+06
9.99949e+06
9.99999e+06
9.99999e+06
9.99999e+06
9.99999e+06
9.99999e+06
9.99998e+06
9.99998e+06
9.99997e+06
9.99997e+06
9.99996e+06
9.99995e+06
9.99994e+06
9.99992e+06
9.99991e+06
9.99989e+06
9.99987e+06
9.99985e+06
9.99982e+06
9.9998e+06
9.99977e+06
9.99975e+06
9.99972e+06
9.9997e+06
9.99968e+06
9.99966e+06
9.99964e+06
9.99962e+06
9.99961e+06
9.9996e+06
9.9996e+06
)
;

boundaryField
{
    outerWall
    {
        type            zeroGradient;
    }
    axis
    {
        type            symmetryPlane;
    }
    nozzle
    {
        type            fixedValue;
        value           uniform 0;
    }
    back
    {
        type            empty;
    }
    front
    {
        type            empty;
    }
}


// ************************************************************************* //
