/*--------------------------------*- C++ -*----------------------------------*\
| =========                 |                                                 |
| \\      /  F ield         | OpenFOAM: The Open Source CFD Toolbox           |
|  \\    /   O peration     | Version:  2412                                  |
|   \\  /    A nd           | Website:  www.openfoam.com                      |
|    \\/     M anipulation  |                                                 |
\*---------------------------------------------------------------------------*/
FoamFile
{
    version     2.0;
    format      ascii;
    arch        "LSB;label=32;scalar=64";
    class       surfaceScalarField;
    location    "0.00016";
    object      phi;
}
// * * * * * * * * * * * * * * * * * * * * * * * * * * * * * * * * * * * * * //

dimensions      [1 0 -1 0 0 0 0];

oriented        oriented;

internalField   nonuniform List<scalar> 
7275
(
0.000440905
-0.00183751
0.000931878
-0.00181374
0.00151091
-0.00176075
0.00223395
-0.00168581
0.0031334
-0.00156627
0.00422901
-0.00141051
0.00555005
-0.00122565
0.0070472
-0.000968685
0.00874193
-0.000723132
0.0104913
-0.000399823
0.0122363
-8.23252e-05
0.0138086
0.000257758
0.0151259
0.000619506
0.0160938
0.000995245
0.0166903
0.00134556
0.0168759
0.00181543
0.0168231
0.00224598
0.0167388
0.00273743
0.0167936
0.00328768
0.0170213
0.00389776
0.0173836
0.00456096
0.0177931
0.00526693
0.0180671
0.00600008
0.0179322
0.00674275
0.0171071
0.00746496
0.0153814
0.00813904
0.0126726
0.00873277
0.00904712
0.00921555
0.00471541
0.00955786
0.0097357
0.000455024
-0.00368069
0.000958659
-0.00363242
0.00156112
-0.00353368
0.00230075
-0.00337683
0.00321181
-0.00313546
0.00434412
-0.0028492
0.00566463
-0.0024501
0.00722592
-0.00200021
0.00891015
-0.00145632
0.0106787
-0.000837653
0.0124298
-0.000222972
0.0139931
0.000478504
0.0153252
0.00116308
0.01631
0.00190719
0.016907
0.00262595
0.0171225
0.00354146
0.0170986
0.0044168
0.017049
0.00540741
0.0171386
0.00651529
0.0173955
0.00774707
0.0177812
0.00908631
0.0182078
0.0105117
0.0184833
0.0120002
0.0183338
0.0135086
0.017479
0.0149759
0.0157092
0.0163469
0.0129389
0.0175597
0.00923567
0.0185488
0.00481329
0.0192515
0.0196172
0.000483478
-0.00553598
0.001018
-0.00546437
0.00165077
-0.00531745
0.00242375
-0.00508067
0.00339543
-0.00474384
0.00455206
-0.00430001
0.00594733
-0.00374
0.00752312
-0.00305751
0.00924641
-0.00226348
0.0110767
-0.00138757
0.0128003
-0.000438446
0.0144197
0.000527874
0.015747
0.00158168
0.0167485
0.0026673
0.01734
0.00378352
0.0176131
0.00509811
0.0176514
0.00643685
0.017676
0.00793776
0.0178333
0.00962327
0.0181506
0.0114952
0.0185858
0.0135343
0.019038
0.0157162
0.0193174
0.017994
0.019147
0.0203061
0.0182387
0.0225664
0.0163797
0.0246865
0.0134844
0.0265705
0.00962228
0.0281137
0.00501421
0.0292143
0.0297887
0.00052584
-0.00740924
0.0010993
-0.00731028
0.00177927
-0.00712098
0.00262043
-0.00682036
0.00363008
-0.00636941
0.00487729
-0.00581565
0.00631446
-0.00506403
0.00797801
-0.00421852
0.00975451
-0.00316832
0.0116087
-0.00205941
0.0133812
-0.000826898
0.0150127
0.00041572
0.0163694
0.00179171
0.017406
0.00319803
0.0180195
0.00474022
0.0183628
0.00642661
0.0184949
0.0082366
0.0186255
0.0102651
0.0188887
0.0125455
0.0192985
0.0150851
0.0198071
0.0178597
0.0203139
0.0208337
0.0206045
0.0239604
0.0204
0.0271398
0.0194133
0.0302593
0.0174215
0.0332071
0.0143354
0.0358441
0.0102276
0.0380175
0.00532959
0.0395756
0.0403922
0.000576477
-0.00930201
0.00121424
-0.00918773
0.0019594
-0.00895429
0.00285417
-0.00858074
0.00396813
-0.00806228
0.00527229
-0.00736145
0.00683322
-0.00650091
0.00853544
-0.00544887
0.0104139
-0.00423556
0.0122958
-0.00288172
0.0141226
-0.00142226
0.0157723
8.73712e-05
0.0171867
0.00172471
0.0182582
0.00345783
0.0189397
0.00541005
0.0193711
0.00747008
0.0196352
0.00974652
0.0199154
0.0123166
0.0203219
0.015216
0.0208607
0.0184521
0.0214784
0.0219991
0.0220516
0.0258248
0.0223663
0.0298603
0.0221355
0.0339791
0.0210499
0.0380576
0.0188805
0.0419426
0.0155337
0.0454469
0.011084
0.0483585
0.00577728
0.0504606
0.0515688
0.000642033
-0.0112236
0.00134277
-0.0110909
0.00217154
-0.01083
0.00315736
-0.0103896
0.00435669
-0.00980309
0.00577806
-0.00899158
0.0074242
-0.00802198
0.00923287
-0.00682211
0.0111829
-0.00545512
0.0131424
-0.00391576
0.0150337
-0.00225828
0.0167306
-0.000480733
0.0181845
0.00136869
0.019277
0.0034329
0.0200838
0.00570753
0.0206435
0.00816404
0.0210786
0.0109041
0.0215509
0.0140246
0.0221455
0.0175626
0.0228563
0.0215227
0.0236207
0.0258811
0.0242999
0.0306127
0.0246632
0.0356306
0.0244061
0.0407861
0.0232063
0.0459424
0.0208183
0.050905
0.0171371
0.0554287
0.0122373
0.0592264
0.00638322
0.0619931
0.0634638
0.000719434
-0.0131813
0.00150155
-0.0130316
0.00240258
-0.0127346
0.00349756
-0.0122632
0.00479217
-0.0115977
0.00634277
-0.0107258
0.00809616
-0.00965768
0.0100181
-0.00834762
0.0120581
-0.0068585
0.0141026
-0.00517722
0.0160465
-0.00333996
0.0178183
-0.00138166
0.0193256
0.000681318
0.0205082
0.00304211
0.0214511
0.00560996
0.0221886
0.00844624
0.0228376
0.0116525
0.0235459
0.0153275
0.0243781
0.0195121
0.0253152
0.0242114
0.0262698
0.0294238
0.0270921
0.0351153
0.0275404
0.041185
0.027278
0.0474888
0.0259603
0.0538671
0.0233178
0.060083
0.0192255
0.0658234
0.013752
0.0707055
0.00718434
0.0743031
0.0762377
0.000799525
-0.0151756
0.00167441
-0.0150187
0.0026772
-0.0146928
0.00386946
-0.0141904
0.00529259
-0.0134807
0.00695392
-0.0125561
0.00881918
-0.0114142
0.0108668
-0.0100409
0.0129996
-0.00845193
0.015135
-0.00667949
0.0171765
-0.00472411
0.0190492
-0.00262971
0.0205935
-0.000314405
0.0219257
0.00223991
0.02304
0.00508524
0.0239902
0.00828436
0.0249029
0.0119418
0.0259088
0.0161554
0.0270357
0.0209877
0.0282456
0.0264415
0.0294541
0.0325226
0.0304818
0.0392199
0.0310628
0.0464187
0.0308313
0.0539899
0.029409
0.0617566
0.0264872
0.0694406
0.0219058
0.0766499
0.0157171
0.0828809
0.00823304
0.0875391
0.0900849
0.000890504
-0.0172152
0.00185314
-0.0170485
0.00296448
-0.0167136
0.00426438
-0.016182
0.00581428
-0.0154578
0.00760101
-0.0144982
0.0096011
-0.0133131
0.011773
-0.0119026
0.0140298
-0.0102747
0.0162578
-0.00842701
0.0184002
-0.00641272
0.0203311
-0.00418105
0.022014
-0.00168951
0.0235133
0.00101709
0.0248292
0.00411872
0.0260491
0.0076388
0.0272895
0.011719
0.0286376
0.0164615
0.0301144
0.0219189
0.031671
0.0281114
0.0332003
0.0350701
0.0345089
0.0427994
0.0352962
0.0511979
0.0351595
0.06016
0.0336719
0.0695034
0.030465
0.0789142
0.0253209
0.087913
0.018255
0.0958466
0.00960406
0.101885
0.105262
0.000985082
-0.0193044
0.0020489
-0.0191358
0.0032592
-0.0187901
0.00468905
-0.0182651
0.00634922
-0.0175142
0.00826338
-0.016554
0.0104077
-0.0153677
0.0127167
-0.0139559
0.0150854
-0.0123118
0.0174375
-0.0104493
0.0196864
-0.00840415
0.0217051
-0.006051
0.0235576
-0.00348618
0.0252298
-0.000624627
0.0268148
0.00266053
0.0283526
0.00648943
0.0299622
0.0109611
0.0317186
0.0161835
0.033619
0.0222214
0.0355924
0.0291279
0.037534
0.0369381
0.0392161
0.0457124
0.0403121
0.055362
0.0403694
0.0658354
0.0388936
0.076962
0.035428
0.0884072
0.0296611
0.0996009
0.021536
0.109712
0.0114059
0.11758
0.122127
0.00108087
-0.0214482
0.0022415
-0.021278
0.00356865
-0.020945
0.00509993
-0.0204127
0.00690224
-0.0196891
0.00896185
-0.0187448
0.0112334
-0.0175688
0.0136572
-0.0161837
0.0161431
-0.0145651
0.0186195
-0.012742
0.0209385
-0.0106466
0.0231366
-0.00830119
0.02518
-0.00568227
0.0270897
-0.00270042
0.0289631
0.000741718
0.0308765
0.00481735
0.0329186
0.00962806
0.0351392
0.0152733
0.037518
0.0218347
0.0400023
0.0293793
0.0424515
0.0380007
0.0446392
0.0477848
0.0461819
0.058722
0.0465793
0.070812
0.0452468
0.0839383
0.0416
0.0977762
0.0351815
0.111675
0.0257991
0.124607
0.0137983
0.134946
0.141199
0.00117386
-0.023648
0.00244111
-0.0234906
0.00386496
-0.0231616
0.00552701
-0.022663
0.00744554
-0.0219582
0.0096247
-0.021051
0.0120275
-0.0199291
0.0145698
-0.0185918
0.0171899
-0.0170499
0.0197637
-0.0152648
0.0222373
-0.0132017
0.024605
-0.0108894
0.0268634
-0.00825403
0.0290571
-0.00520125
0.0312655
-0.00163372
0.0335898
0.00262797
0.0361083
0.00770199
0.0388493
0.0136861
0.041792
0.0206738
0.0448703
0.0287711
0.0479558
0.0381065
0.05079
0.0488437
0.0529661
0.061051
0.0539141
0.0748331
0.0529341
0.0901716
0.0492646
0.106807
0.0422258
0.124044
0.0313849
0.140668
0.0170232
0.154406
0.163244
0.00126829
-0.0259117
0.00262662
-0.0257645
0.00415568
-0.0254553
0.00591423
-0.0249854
0.00795531
-0.0243376
0.0102558
-0.0234853
0.0127876
-0.0224498
0.0154633
-0.0211933
0.0182041
-0.0197452
0.0208916
-0.0180157
0.0235278
-0.0160487
0.0260851
-0.0137972
0.0285892
-0.0111853
0.0310949
-0.0081062
0.0336759
-0.0044538
0.0364596
-8.59212e-05
0.0394954
0.0051702
0.0428063
0.0113885
0.0463802
0.0186788
0.0501552
0.0271962
0.0540011
0.0371179
0.0576737
0.0486753
0.0607163
0.0620888
0.0625009
0.0775804
0.0621877
0.0953108
0.0587777
0.115177
0.0512595
0.136522
0.0387901
0.158016
0.0214593
0.176516
0.189416
0.00135338
-0.0282382
0.00279543
-0.0281004
0.00442772
-0.0278328
0.00629613
-0.027401
0.00843947
-0.0268146
0.010857
-0.0260505
0.013499
-0.0251142
0.0163091
-0.0239866
0.0191334
-0.0226025
0.0219813
-0.0210192
0.0247868
-0.0191611
0.0275557
-0.017002
0.0303308
-0.0144509
0.0331732
-0.0113873
0.0361685
-0.00770778
0.0394331
-0.00330094
0.0430228
0.00202325
0.0469437
0.00835796
0.0512055
0.0158037
0.0557778
0.0245572
0.0605376
0.0348762
0.0652427
0.0470751
0.0694474
0.0615256
0.0724518
0.0786533
0.0732615
0.0988781
0.070578
0.12239
0.0629137
0.148742
0.0487516
0.176677
0.0277072
0.201975
0.221479
0.00143024
-0.030629
0.00295579
-0.0305076
0.0046711
-0.0302823
0.00663385
-0.0299031
0.00888125
-0.0293986
0.0114076
-0.028743
0.01416
-0.0279234
0.0170488
-0.0269108
0.0200189
-0.0256697
0.0230104
-0.0242331
0.0259983
-0.0225135
0.0289974
-0.0204728
0.0320609
-0.018014
0.0352655
-0.0150142
0.0387056
-0.0113772
0.0424505
-0.00698581
0.0465983
-0.00171913
0.0511719
0.00457008
0.0561856
0.0119965
0.0616302
0.0207861
0.0674449
0.0312433
0.0734264
0.0437991
0.0791342
0.0590188
0.0838433
0.0775632
0.0864119
0.10023
0.0851914
0.127698
0.0780414
0.160024
0.062408
0.196402
0.0368087
0.231596
0.262256
0.00149472
-0.0330827
0.00309238
-0.0329847
0.00487989
-0.0328036
0.00693243
-0.0324982
0.00927217
-0.0320864
0.0118772
-0.031536
0.0147368
-0.0308734
0.0177247
-0.0299766
0.0208266
-0.0289133
0.0239671
-0.0276312
0.0271465
-0.0260715
0.030386
-0.0241681
0.0337575
-0.0218385
0.0373307
-0.0189396
0.0412068
-0.0154105
0.0454556
-0.0111331
0.050174
-0.0060486
0.0553937
4.80816e-05
0.0611827
0.00724521
0.067582
0.0158098
0.0745902
0.0260894
0.0820653
0.0386394
0.089662
0.0541916
0.0966714
0.0737224
0.101853
0.0985164
0.103205
0.129988
0.0977438
0.169187
0.0813352
0.216484
0.0500864
0.266455
0.315899
0.00154992
-0.0356021
0.00320755
-0.0355312
0.00505952
-0.0354017
0.00717848
-0.0351749
0.00958193
-0.0348579
0.0123028
-0.0344691
0.0152075
-0.0338979
0.0183098
-0.0331847
0.0215372
-0.0323016
0.0248407
-0.0311905
0.0282221
-0.0297983
0.0317159
-0.0280491
0.0353861
-0.0258617
0.0393314
-0.0231204
0.0436396
-0.0197702
0.0483877
-0.0157165
0.0536216
-0.0108941
0.0594933
-0.00520211
0.0660642
0.00155331
0.0734566
0.00959995
0.0817342
0.0193515
0.090932
0.0313828
0.100813
0.0466668
0.110796
0.0664758
0.119685
0.0926583
0.125248
0.127639
0.123659
0.174057
0.109262
0.234138
0.0722953
0.306617
0.39133
0.00159164
-0.0381869
0.00329242
-0.0381446
0.00518743
-0.0380668
0.00735482
-0.0379262
0.00983484
-0.0377332
0.012589
-0.037461
0.015595
-0.0370445
0.0188011
-0.0365053
0.0221593
-0.0358082
0.0256239
-0.0348662
0.0292078
-0.0336445
0.0329564
-0.0320639
0.0369389
-0.0300494
0.041238
-0.0275021
0.0459373
-0.0243928
0.0511238
-0.0206617
0.0569041
-0.0162772
0.0633464
-0.0110923
0.0706711
-0.00504264
0.0790219
0.00220125
0.0886448
0.0109679
0.0996842
0.0219308
0.112172
0.0361465
0.125811
0.0551673
0.139659
0.0814346
0.151425
0.118685
0.155737
0.172627
0.143372
0.249355
0.0984809
0.354279
0.492497
0.00161521
-0.0408335
0.00334166
-0.0408226
0.00526964
-0.0408012
0.00748128
-0.0407572
0.0100051
-0.0406835
0.0128057
-0.0405219
0.0158888
-0.0402759
0.0191966
-0.0399121
0.0226743
-0.039385
0.026309
-0.0386214
0.0301047
-0.0375685
0.0341022
-0.0361581
0.0383774
-0.0343427
0.0429985
-0.0320276
0.0480559
-0.0292317
0.0536368
-0.0259177
0.0598366
-0.0220675
0.0668356
-0.0176054
0.074807
-0.0124317
0.0840698
-0.00633065
0.0949658
0.00102638
0.107868
0.0102858
0.123168
0.0224561
0.141089
0.0392084
0.161479
0.0633
0.183623
0.0989896
0.204356
0.154412
0.216662
0.239526
0.171665
0.401637
0.666373
0.00162452
-0.0435431
0.00335903
-0.0435624
0.00530226
-0.0435999
0.00753793
-0.0436551
0.0100719
-0.0436753
0.0129297
-0.0436549
0.0160845
-0.0435682
0.0194897
-0.0433694
0.0231002
-0.0430036
0.0269024
-0.0424047
0.0309051
-0.0415166
0.0351452
-0.0402845
0.0396754
-0.0386761
0.0445826
-0.036646
0.0499355
-0.0342184
0.0558268
-0.0313998
0.0623766
-0.0281983
0.0697826
-0.0245949
0.078319
-0.0205322
0.0883485
-0.0158444
0.100353
-0.0102909
0.114962
-0.00337054
0.132937
0.00576711
0.155115
0.0186638
0.182192
0.0381546
0.214212
0.0690941
0.245495
0.125314
0.269157
0.217982
0.217645
0.455111
0.885784
0.00129115
-0.0457519
0.0026738
-0.0457971
0.00423129
-0.0458845
0.00601184
-0.0459993
0.00805466
-0.0461049
0.0103738
-0.0461949
0.0129434
-0.0462218
0.0157365
-0.0461444
0.0187199
-0.0458952
0.021882
-0.0454166
0.0252259
-0.0446551
0.0287749
-0.0435693
0.032565
-0.0421419
0.0366546
-0.0403615
0.0410984
-0.0382647
0.0459707
-0.0358894
0.051378
-0.0332705
0.057504
-0.0304443
0.064574
-0.0273619
0.0729704
-0.023979
0.083188
-0.0201407
0.0958657
-0.0154867
0.11193
-0.00947547
0.132781
-0.00108661
0.160728
0.0115513
0.199806
0.0315172
0.259752
0.0669114
0.352587
0.126607
0.547755
0.261184
0.516573
0.917868
0.00127456
-0.0479957
0.00264661
-0.0480694
0.00419152
-0.0481981
0.00596561
-0.0483672
0.00802044
-0.0485603
0.0103592
-0.0487453
0.0129688
-0.0488764
0.0158198
-0.048903
0.0188891
-0.0487614
0.0221562
-0.0483911
0.0256191
-0.0477516
0.0292928
-0.046814
0.0332066
-0.0455783
0.0374129
-0.044067
0.0419593
-0.0423254
0.0469203
-0.0404259
0.052413
-0.0384364
0.058613
-0.0364244
0.0658078
-0.0344155
0.0743905
-0.0324311
0.0848966
-0.0304321
0.0980972
-0.0282902
0.115094
-0.0258175
0.137521
-0.0225758
0.168042
-0.017782
0.211124
-0.0102139
0.276432
0.00299253
0.378497
0.0258391
0.573044
0.0676979
0.145849
0.944459
0.00125204
-0.0502745
0.00260072
-0.0503709
0.00412049
-0.0505296
0.00589141
-0.0507602
0.00795027
-0.0510264
0.0103088
-0.0512936
0.0129567
-0.0515126
0.0158698
-0.0516272
0.0190206
-0.0515752
0.0223862
-0.0513034
0.025956
-0.0507812
0.0297382
-0.0499954
0.0337545
-0.0489625
0.0380405
-0.0477287
0.0426458
-0.0463643
0.0476404
-0.0449648
0.0531435
-0.0436316
0.0593435
-0.0424694
0.0665331
-0.0415661
0.0751219
-0.0410181
0.0856816
-0.0409223
0.0990258
-0.0413883
0.116324
-0.04261
0.139449
-0.0449033
0.17169
-0.048966
0.218714
-0.0560096
0.291999
-0.0690104
0.409668
-0.0906413
0.607663
-0.129334
-0.208771
0.962866
0.00122077
-0.0525839
0.00253353
-0.0526914
0.00403562
-0.0528862
0.00579235
-0.0531623
0.00785145
-0.0534892
0.0102268
-0.0538217
0.0129126
-0.0541093
0.015886
-0.0542929
0.0191159
-0.0543151
0.0225733
-0.0541322
0.0262385
-0.0537229
0.0301092
-0.0530895
0.0341986
-0.0522663
0.0385316
-0.0513202
0.0431497
-0.0503455
0.04812
-0.0494603
0.0535612
-0.0487959
0.0596653
-0.0484921
0.0667248
-0.0486925
0.0751488
-0.0495671
0.0854998
-0.0513405
0.0985591
-0.0543392
0.115441
-0.0591172
0.137848
-0.066634
0.168545
-0.0787153
0.212032
-0.0983627
0.277522
-0.133304
0.380515
-0.192515
0.578359
-0.326274
-0.57888
0.949029
0.00117917
-0.0549144
0.00245765
-0.0550321
0.00393443
-0.0552563
0.00567247
-0.055561
0.00772933
-0.0559334
0.0101207
-0.0563105
0.0128441
-0.0566453
0.0158758
-0.0568787
0.0191799
-0.0569606
0.0227192
-0.0568568
0.026465
-0.0565558
0.0304038
-0.0560747
0.0345379
-0.0554659
0.0388809
-0.054814
0.0434662
-0.0542364
0.048356
-0.0538703
0.0536658
-0.0538721
0.0595846
-0.0544121
0.0663957
-0.0556795
0.0744881
-0.0579083
0.0843815
-0.0614294
0.0967682
-0.0667418
0.112594
-0.0746832
0.133243
-0.0867091
0.161011
-0.105622
0.199891
-0.13618
0.260019
-0.192285
0.353364
-0.284764
0.551219
-0.523221
0.929624
-0.956667
0.878338
0.039712
0.899572
-0.0213316
0.918779
-0.0194662
0.930089
-0.0116993
0.935073
-0.00545352
0.937003
-0.00242511
0.937644
-0.00110684
0.937776
-0.000513225
0.937771
-0.000240903
0.937819
-0.000115068
0.938023
-5.61757e-05
0.93844
-2.77947e-05
0.939096
-1.4152e-05
0.939996
-7.3201e-06
0.941124
-3.95695e-06
0.942445
-2.28679e-06
0.943912
-1.42505e-06
0.945461
-9.50894e-07
0.947023
-7.13421e-07
0.948519
-5.48843e-07
0.949871
-4.18607e-07
0.951008
-2.92576e-07
0.95187
-1.78118e-07
0.952409
-9.17878e-08
-6.79236e-09
0.99734
-0.013067
0.982828
-0.00691456
0.964983
-0.00188716
0.953044
-0.000154352
0.946247
0.000868761
0.942517
0.000806081
0.9404
0.000540896
0.939174
0.000329109
0.938494
0.000190631
0.938204
0.000106254
0.938237
5.7605e-05
0.938567
3.06317e-05
0.939181
1.55546e-05
0.940059
7.5433e-06
0.941176
3.4554e-06
0.942491
1.34254e-06
0.943955
2.3009e-07
0.945504
-2.11575e-07
0.947064
-4.5674e-07
0.94856
-5.29956e-07
0.949912
-5.19681e-07
0.951049
-4.39479e-07
0.951911
-3.17022e-07
0.952451
-1.89956e-07
-4.99354e-08
0.944814
0.00508756
0.935108
0.0026787
0.932608
0.000330577
0.933187
-0.00113636
0.935003
-0.00142471
0.936353
-0.00104361
0.937073
-0.000649273
0.937398
-0.000382889
0.937554
-0.000216638
0.937709
-0.000118861
0.937979
-6.44444e-05
0.938434
-3.52076e-05
0.939111
-1.91409e-05
0.940023
-1.05905e-05
0.941157
-6.06201e-06
0.942482
-3.58983e-06
0.94395
-2.28455e-06
0.945501
-1.55346e-06
0.947063
-1.17562e-06
0.948559
-9.48754e-07
0.949912
-7.63804e-07
0.951049
-5.73242e-07
0.951911
-4.10609e-07
0.952451
-2.38627e-07
-8.05383e-08
1.00261
-0.0484263
0.986325
0.0188471
0.967099
0.0192782
0.953908
0.0116532
0.946568
0.00543922
0.942654
0.00236861
0.940467
0.00106428
0.939207
0.000488719
0.938509
0.000227944
0.938211
0.000108264
0.938239
5.20477e-05
0.938568
2.49771e-05
0.939181
1.19502e-05
0.94006
5.43163e-06
0.941176
2.32609e-06
0.942492
8.83443e-07
0.943955
1.38691e-07
0.945504
-1.48483e-07
0.947064
-3.08134e-07
0.94856
-3.83e-07
0.949912
-3.836e-07
0.95105
-3.40371e-07
0.951911
-2.70828e-07
0.952451
-1.72705e-07
-7.43965e-08
0.881318
0.900036
0.919037
0.930294
0.93526
0.937128
0.937719
0.937818
0.937793
0.93783
0.938028
0.938441
0.939097
0.939997
0.941124
0.942445
0.943912
0.945462
0.947023
0.948519
0.949871
0.951009
0.95187
0.95241
0.00142606
-0.05788
0.00298454
-0.0580043
0.00480471
-0.0582501
0.00697311
-0.0585693
0.00956567
-0.0589687
0.0126087
-0.05937
0.016101
-0.0597331
0.0200089
-0.0600033
0.0242785
-0.0601404
0.0288505
-0.0601222
0.0336737
-0.0599508
0.0387145
-0.0596615
0.0439573
-0.0593274
0.0494054
-0.059054
0.0550862
-0.05898
0.0610706
-0.0592632
0.0674965
-0.0600828
0.0745909
-0.0616364
0.0826859
-0.0641553
0.0922231
-0.067931
0.103759
-0.0733826
0.117975
-0.0811364
0.135668
-0.0921915
0.157731
-0.108167
0.184882
-0.131783
0.217355
-0.167382
0.249208
-0.222728
0.273447
-0.3076
0.220699
-0.469176
-0.734823
0.00135025
-0.0608478
0.0028419
-0.0609702
0.00460535
-0.0612119
0.00674646
-0.0615238
0.00933009
-0.061907
0.0123974
-0.0622988
0.015943
-0.0626556
0.0199276
-0.0629335
0.0242867
-0.0631031
0.0289455
-0.0631552
0.0338346
-0.0631061
0.0389002
-0.0630088
0.044106
-0.0629531
0.0494388
-0.0630613
0.0549107
-0.0634836
0.0605824
-0.0643926
0.066579
-0.0659773
0.0731071
-0.0684508
0.0804587
-0.0720657
0.0890019
-0.0771408
0.0991619
-0.0841301
0.11139
-0.0936967
0.126102
-0.106849
0.14357
-0.125138
0.163676
-0.150977
0.185522
-0.188004
0.205979
-0.241784
0.218174
-0.318354
0.173133
-0.422748
-0.560418
0.00127561
-0.0637872
0.00270146
-0.0638961
0.00441102
-0.0641072
0.00652781
-0.0643894
0.0091005
-0.0647093
0.0121905
-0.0650618
0.0157811
-0.0653768
0.0198284
-0.0656344
0.0242549
-0.0658156
0.0289698
-0.0659258
0.0338844
-0.0659954
0.0389245
-0.0660928
0.0440343
-0.0663196
0.0491838
-0.0668076
0.0543733
-0.0677118
0.059651
-0.0692085
0.0651287
-0.0714882
0.0709895
-0.0747645
0.0774811
-0.0792924
0.0848959
-0.0853914
0.0935306
-0.093504
0.103632
-0.104259
0.115292
-0.11856
0.12827
-0.137699
0.141622
-0.163473
0.153027
-0.198212
0.157113
-0.244468
0.144489
-0.304252
0.0991526
-0.375948
-0.459856
0.0012088
-0.0666571
0.00257552
-0.0667401
0.00423957
-0.0668972
0.00632779
-0.0671176
0.00890048
-0.0673463
0.0120062
-0.0676193
0.0156317
-0.0678625
0.0197232
-0.0680749
0.0241904
-0.0682517
0.0289256
-0.0684132
0.0338219
-0.0686031
0.0387856
-0.0689008
0.0437433
-0.0694139
0.0486501
-0.0702762
0.0534963
-0.0716409
0.0583183
-0.0736771
0.0632149
-0.0765695
0.0683459
-0.0805199
0.0739164
-0.0857688
0.0801493
-0.0926156
0.0872318
-0.101457
0.0952497
-0.112843
0.104072
-0.127512
0.113173
-0.146442
0.121357
-0.17084
0.126362
-0.20204
0.124288
-0.240988
0.109451
-0.287905
0.0722922
-0.337262
-0.386059
0.00115696
-0.0694054
0.00247782
-0.0694509
0.00410928
-0.0695356
0.00617191
-0.0696589
0.00875092
-0.0697815
0.0118626
-0.0699302
0.0155094
-0.0700821
0.0196215
-0.0702308
0.0240969
-0.0703951
0.0288122
-0.0706082
0.0336441
-0.0709254
0.0384817
-0.0714311
0.0432365
-0.0722333
0.0478514
-0.0734607
0.0523076
-0.0752578
0.0566331
-0.0777798
0.0609139
-0.0811967
0.0652891
-0.08569
0.0699282
-0.091474
0.0749949
-0.0988114
0.0805933
-0.108037
0.0866978
-0.119595
0.093045
-0.134046
0.0989884
-0.152063
0.103312
-0.174369
0.104005
-0.201568
0.0980566
-0.233632
0.0813394
-0.269661
0.0500215
-0.304379
-0.334477
0.00112691
-0.0719674
0.00242081
-0.0719661
0.00403348
-0.0719637
0.00608378
-0.0719669
0.00866471
-0.0719665
0.011774
-0.0719602
0.0154242
-0.0720123
0.0195278
-0.072088
0.0239742
-0.0722412
0.0286261
-0.0725133
0.0333469
-0.0729687
0.0380117
-0.0736913
0.0425198
-0.0747836
0.0468045
-0.0763633
0.0508396
-0.0785601
0.0546474
-0.0815112
0.0583027
-0.085363
0.0619286
-0.0902737
0.0656657
-0.0964223
0.0696337
-0.104026
0.0738792
-0.11335
0.0783095
-0.12473
0.0826029
-0.13856
0.0861016
-0.155258
0.087701
-0.175184
0.0857586
-0.198466
0.0781224
-0.22459
0.0622303
-0.252235
0.0366098
-0.277178
-0.29628
0.00112349
-0.0742657
0.00241517
-0.0742138
0.00402571
-0.0741154
0.0060712
-0.0739849
0.00864432
-0.0738491
0.0117526
-0.0736929
0.0153793
-0.0736335
0.0194413
-0.073643
0.0238174
-0.0737958
0.0283612
-0.0741412
0.0329255
-0.0747484
0.0373754
-0.0756963
0.041601
-0.077077
0.0455285
-0.0789928
0.0491264
-0.0815538
0.0524124
-0.0848756
0.0554546
-0.0890774
0.0583633
-0.0942897
0.0612585
-0.100654
0.0642296
-0.108338
0.0672881
-0.117539
0.0703104
-0.128493
0.0729658
-0.141451
0.074645
-0.156636
0.074405
-0.174159
0.0709641
-0.193867
0.0628284
-0.215055
0.0484651
-0.236346
0.0274638
-0.254601
-0.267231
0.00115035
-0.0762166
0.00246572
-0.0761147
0.00409169
-0.0759194
0.00614831
-0.0756628
0.00870241
-0.0753802
0.011806
-0.0751158
0.0153708
-0.0749253
0.0193562
-0.0749016
0.0236187
-0.0750719
0.0280097
-0.0755107
0.0323753
-0.0762848
0.036574
-0.0774651
0.0404898
-0.0791298
0.044044
-0.0813624
0.0472019
-0.0842507
0.0499778
-0.0878855
0.0524367
-0.0923593
0.0546794
-0.0977706
0.0568131
-0.104226
0.0589089
-0.111844
0.0609602
-0.12076
0.0628374
-0.131125
0.0642309
-0.143077
0.0646059
-0.1567
0.0631879
-0.171949
0.0590037
-0.188526
0.0510359
-0.205698
0.0384144
-0.222217
0.0211801
-0.235815
-0.244491
0.0012072
-0.0777323
0.00256752
-0.0775821
0.00422698
-0.0773049
0.00629407
-0.0769377
0.0088463
-0.0765448
0.0118953
-0.0761773
0.0153912
-0.0759067
0.0192593
-0.0758697
0.0233668
-0.0760875
0.0275632
-0.0766437
0.0316924
-0.0776005
0.0356104
-0.0790184
0.0391976
-0.0809595
0.0423728
-0.0834871
0.0450993
-0.0866651
0.0473895
-0.0905588
0.0493075
-0.0952343
0.0509487
-0.100757
0.0524132
-0.107202
0.0537627
-0.114644
0.0549855
-0.123164
0.0559607
-0.132845
0.0564143
-0.143742
0.0558932
-0.155847
0.0537738
-0.169024
0.0493273
-0.182923
0.0418664
-0.196863
0.030921
-0.209793
0.0167077
-0.220089
-0.226267
0.00128786
-0.0787282
0.00272034
-0.0785452
0.00442875
-0.0782084
0.00651832
-0.0777678
0.0090416
-0.0772909
0.0120238
-0.0768695
0.0154279
-0.0765833
0.019134
-0.0765489
0.0230484
-0.0768605
0.0270125
-0.0775597
0.0308741
-0.0787153
0.034489
-0.0803742
0.037737
-0.0825818
0.0405365
-0.0853808
0.0428497
-0.0888119
0.0446886
-0.0929149
0.0461165
-0.09773
0.047229
-0.103294
0.0481215
-0.10965
0.0488532
-0.116837
0.049415
-0.124891
0.0497029
-0.133845
0.049483
-0.143695
0.0483785
-0.154377
0.0458921
-0.165713
0.0414781
-0.177352
0.0346718
-0.188703
0.0252357
-0.198916
0.0134381
-0.20683
-0.21137
0.00139083
-0.0791403
0.00291444
-0.0789446
0.00467989
-0.0785756
0.00677803
-0.0780985
0.00927226
-0.0776023
0.012172
-0.0771842
0.0154405
-0.0769383
0.0189613
-0.0769562
0.0226476
-0.077402
0.0263488
-0.0782725
0.0299184
-0.0796425
0.0332157
-0.0815441
0.0361218
-0.0840066
0.0385563
-0.0870533
0.0404818
-0.0907026
0.0419101
-0.0949706
0.0429051
-0.0998733
0.0435647
-0.105423
0.0439821
-0.111632
0.0442184
-0.118512
0.0442709
-0.126065
0.0440551
-0.134284
0.043376
-0.143132
0.0419226
-0.152513
0.0392972
-0.162238
0.0350875
-0.171987
0.0289754
-0.181264
0.0208538
-0.189401
0.0109894
-0.195566
-0.198991
0.00150518
-0.0789246
0.0031172
-0.0787286
0.0049434
-0.0783725
0.00706588
-0.0779234
0.0095151
-0.077458
0.012303
-0.0771027
0.015401
-0.0769593
0.018726
-0.0771105
0.0221471
-0.0777052
0.0255634
-0.0787871
0.0288246
-0.0803846
0.0317972
-0.0825295
0.0343657
-0.0852349
0.0364523
-0.0885062
0.038021
-0.092342
0.0390837
-0.0967371
0.0397057
-0.101686
0.0399879
-0.107178
0.0400238
-0.113202
0.0398774
-0.119745
0.0395543
-0.126785
0.0389886
-0.13429
0.0380193
-0.142202
0.0363891
-0.150413
0.0337763
-0.158744
0.0298629
-0.166915
0.0244265
-0.174527
0.0174299
-0.181063
0.00911721
-0.185923
-0.188562
0.00161677
-0.078063
0.00332658
-0.077894
0.00519965
-0.0775783
0.00731511
-0.0772113
0.00970978
-0.0768558
0.0123762
-0.0766284
0.015281
-0.07664
0.0183858
-0.0770028
0.0215315
-0.0777716
0.0246479
-0.0790946
0.0275925
-0.080932
0.0302406
-0.0833194
0.032482
-0.0862557
0.0342428
-0.0897306
0.035489
-0.0937254
0.0362331
-0.0982165
0.0365425
-0.103179
0.0365199
-0.108585
0.0362626
-0.1144
0.0358354
-0.120595
0.035252
-0.12713
0.0344629
-0.133958
0.0333348
-0.14101
0.0316521
-0.148182
0.0291491
-0.155314
0.0255741
-0.162174
0.0207658
-0.168443
0.0147229
-0.17373
0.00766117
-0.1776
-0.179668
0.00171317
-0.0765705
0.00349736
-0.076447
0.00542211
-0.076226
0.00751308
-0.0759706
0.00982773
-0.0757926
0.0123542
-0.0757595
0.0150614
-0.0759854
0.0179116
-0.0766002
0.0207989
-0.077612
0.0235939
-0.0791595
0.026223
-0.081263
0.0285529
-0.0838887
0.0304829
-0.0870446
0.0319435
-0.0907042
0.0329037
-0.0948352
0.0333766
-0.0993981
0.0334317
-0.104352
0.0331743
-0.109652
0.0327044
-0.11525
0.0320865
-0.1211
0.0313414
-0.127152
0.0304319
-0.13335
0.0292458
-0.139626
0.0275985
-0.145885
0.0252651
-0.151991
0.0220395
-0.157759
0.0177996
-0.162942
0.0125613
-0.167246
0.00651288
-0.170356
-0.171997
0.00178708
-0.0745008
0.00362356
-0.0744374
0.00555842
-0.074338
0.00762607
-0.0742551
0.00984009
-0.074286
0.0122088
-0.0745004
0.0147152
-0.0749979
0.0172919
-0.0758754
0.0199068
-0.0771923
0.0223985
-0.0789687
0.0247168
-0.0813412
0.026741
-0.0842009
0.0283794
-0.0875647
0.0295675
-0.0913919
0.0302788
-0.0956404
0.0305269
-0.100257
0.0303833
-0.105188
0.0299563
-0.110375
0.0293463
-0.115757
0.0286174
-0.121275
0.0277937
-0.126875
0.0268468
-0.132499
0.0256793
-0.138083
0.0241287
-0.143546
0.021999
-0.14878
0.0191155
-0.15364
0.0153816
-0.157941
0.0108207
-0.161465
0.00559703
-0.163983
-0.1653
0.00182651
-0.0719375
0.00368219
-0.0719433
0.00560354
-0.0719881
0.00760909
-0.0721039
0.0097099
-0.0723781
0.0119147
-0.0728751
0.0142053
-0.0736702
0.0165378
-0.074846
0.0188446
-0.0764485
0.0210825
-0.0785288
0.0230755
-0.081098
0.0248127
-0.0842122
0.0261813
-0.087768
0.0271259
-0.0917477
0.0276245
-0.0960978
0.027692
-0.100756
0.0274019
-0.105656
0.0268648
-0.110729
0.0261794
-0.115904
0.025409
-0.121113
0.0245765
-0.1263
0.0236587
-0.131408
0.0225677
-0.136382
0.0211555
-0.141158
0.0192463
-0.145653
0.0166876
-0.149762
0.0133996
-0.153347
0.00940862
-0.156248
0.00485967
-0.158302
-0.159369
0.00182298
-0.0689886
0.00366254
-0.0690712
0.00553363
-0.0692639
0.00745336
-0.0695934
0.00942735
-0.070127
0.0114522
-0.0709102
0.0135218
-0.0720126
0.0156033
-0.0734974
0.0176377
-0.0753867
0.0195738
-0.0777452
0.0213147
-0.0805486
0.0227733
-0.0838626
0.023898
-0.0876041
0.0246276
-0.0917185
0.0249483
-0.096156
0.0248764
-0.100845
0.0244874
-0.105709
0.0238938
-0.110672
0.0231913
-0.115654
0.0224387
-0.120581
0.0216554
-0.125397
0.0208197
-0.13005
0.0198482
-0.134494
0.018602
-0.138683
0.0169191
-0.142559
0.0146631
-0.146047
0.0117658
-0.149051
0.00825506
-0.151456
0.00426103
-0.153145
-0.154016
0.00177436
-0.065781
0.00355248
-0.0659382
0.00534138
-0.0662767
0.00715075
-0.0668156
0.00897379
-0.0675957
0.010811
-0.068655
0.0126666
-0.0700603
0.0144889
-0.0718231
0.0162599
-0.0739936
0.0179361
-0.0766195
0.0194346
-0.0796484
0.0206356
-0.0831081
0.0215395
-0.0870233
0.0220813
-0.0912519
0.0222562
-0.0957611
0.0220824
-0.100469
0.0216374
-0.105295
0.021035
-0.110152
0.020366
-0.114956
0.0196814
-0.11963
0.0189954
-0.124116
0.0182837
-0.128373
0.0174635
-0.132363
0.0164007
-0.136055
0.014943
-0.139416
0.0129658
-0.142397
0.0104104
-0.144933
0.0073056
-0.146944
0.00377085
-0.148345
-0.149064
0.00168105
-0.062449
0.00336011
-0.0626763
0.00503126
-0.0631424
0.00670515
-0.0638727
0.00835976
-0.0648667
0.0100112
-0.0661827
0.0116401
-0.0678433
0.0132257
-0.0698617
0.014767
-0.0722954
0.0161756
-0.0751197
0.0174207
-0.0783474
0.018436
-0.0819694
0.0191158
-0.0859635
0.0194968
-0.0903065
0.0195545
-0.0948647
0.0193126
-0.099579
0.0188493
-0.104358
0.0182794
-0.109112
0.0176871
-0.11375
0.0171126
-0.118195
0.016563
-0.122393
0.0160074
-0.126306
0.0153612
-0.12991
0.0144918
-0.133189
0.0132539
-0.136126
0.0115325
-0.138697
0.00927669
-0.140859
0.00651698
-0.142558
0.00336554
-0.143734
-0.144336
0.00155112
-0.0591267
0.0030927
-0.0594108
0.004622
-0.0599866
0.00613099
-0.0608653
0.00760618
-0.0620364
0.00906009
-0.0635643
0.0104714
-0.0654283
0.0118399
-0.0676661
0.0131277
-0.0702814
0.0142936
-0.0732687
0.0153167
-0.0766623
0.0161248
-0.080399
0.0166511
-0.0844576
0.0168853
-0.0888467
0.0168516
-0.0934356
0.0165709
-0.0981335
0.0161218
-0.102853
0.0156194
-0.1075
0.0151398
-0.111979
0.01471
-0.116214
0.0143267
-0.120155
0.0139514
-0.123771
0.0134946
-0.127049
0.0128231
-0.129985
0.0117971
-0.132578
0.0103099
-0.13482
0.00831796
-0.136687
0.00585423
-0.138143
0.0030262
-0.139145
-0.139656
0.00139046
-0.0559349
0.00276751
-0.0562609
0.00412307
-0.0569144
0.0054414
-0.0578917
0.0067317
-0.0592074
0.00798616
-0.060887
0.00918261
-0.0628876
0.0103322
-0.0652858
0.0113878
-0.0680103
0.0123547
-0.0711355
0.0131552
-0.074604
0.0137657
-0.0784081
0.0141661
-0.0825236
0.0142653
-0.0868643
0.0141606
-0.0914661
0.0138651
-0.0961158
0.0134574
-0.100755
0.0130513
-0.10528
0.012713
-0.109598
0.0124545
-0.113633
0.0122598
-0.11734
0.0120817
-0.120695
0.0118231
-0.123694
0.0113498
-0.126346
0.0105261
-0.12866
0.00925366
-0.130641
0.00749587
-0.132277
0.00528893
-0.133546
0.0027377
-0.134415
-0.134857
0.00120455
-0.0529733
0.00239271
-0.0533229
0.00355341
-0.0540206
0.00468533
-0.0550657
0.00578387
-0.0564728
0.00681845
-0.0582187
0.00782124
-0.0603208
0.00873851
-0.0627747
0.00960743
-0.0655858
0.0103485
-0.0687437
0.0109476
-0.0722335
0.0113951
-0.0760613
0.0116303
-0.0801464
0.0116911
-0.0844737
0.0114979
-0.0889429
0.0112085
-0.0935395
0.0108641
-0.0980647
0.0105767
-0.102445
0.0104014
-0.106587
0.0103331
-0.11042
0.010342
-0.113903
0.0103704
-0.117022
0.0103134
-0.119778
0.0100345
-0.12219
0.00940275
-0.124277
0.00832733
-0.126051
0.00677912
-0.127508
0.00479809
-0.128632
0.00248779
-0.129402
-0.129792
0.00100007
-0.0503167
0.00198668
-0.0506757
0.00295225
-0.0513939
0.00389194
-0.0524704
0.00477592
-0.0538949
0.00561269
-0.0556613
0.00641139
-0.0577979
0.00712369
-0.0602355
0.0077884
-0.0630673
0.00831486
-0.0661727
0.00875804
-0.0696621
0.0090263
-0.0734063
0.00913858
-0.077424
0.00909302
-0.0816569
0.00890161
-0.0859955
0.0086184
-0.0904378
0.00835584
-0.0948203
0.00820392
-0.0990204
0.0082062
-0.102961
0.0083396
-0.106577
0.0085596
-0.109835
0.0087972
-0.112727
0.00893958
-0.115263
0.00884803
-0.117467
0.00839646
-0.119364
0.00750201
-0.12097
0.00614304
-0.122286
0.00436364
-0.123301
0.00226694
-0.123993
-0.124344
0.000793967
-0.0480233
0.00157956
-0.0483806
0.00234487
-0.0490915
0.00307071
-0.0501479
0.0037514
-0.0515495
0.00440588
-0.0533009
0.00498345
-0.0553727
0.00552394
-0.0577797
0.00596927
-0.0605179
0.0063393
-0.0635656
0.00658518
-0.0669324
0.0066917
-0.0705518
0.00669455
-0.074449
0.00656851
-0.0785178
0.00638083
-0.0827025
0.00612469
-0.0869017
0.00595404
-0.0910894
0.00594789
-0.095068
0.0061358
-0.0987718
0.00647505
-0.102146
0.00690644
-0.105165
0.00734966
-0.107829
0.00768389
-0.110153
0.00776911
-0.112167
0.0074847
-0.113898
0.00675603
-0.115363
0.00556898
-0.116565
0.00397192
-0.117492
0.0020679
-0.118126
-0.118447
0.000591612
-0.0461238
0.00117304
-0.0464645
0.00172829
-0.0471402
0.00225755
-0.0481561
0.00276042
-0.0495051
0.00321311
-0.0511684
0.00360195
-0.053145
0.00395534
-0.0554591
0.00420875
-0.0580482
0.00440886
-0.0609884
0.00447212
-0.0641548
0.00447001
-0.0676412
0.00434918
-0.0713111
0.00415171
-0.0751704
0.00393474
-0.0791333
0.00378102
-0.0831011
0.0036871
-0.0869512
0.00383
-0.0906859
0.00420471
-0.0941096
0.00474738
-0.0972096
0.00538368
-0.0999668
0.00602277
-0.10239
0.00653622
-0.104501
0.00678431
-0.10633
0.00665239
-0.107907
0.00607449
-0.109246
0.00504398
-0.110349
0.00361337
-0.111203
0.00188564
-0.111788
-0.112085
0.000393155
-0.0446203
0.000779081
-0.0449384
0.00115109
-0.0455729
0.00149659
-0.0465228
0.00180148
-0.0477701
0.00206563
-0.0493151
0.00228909
-0.0511859
0.0024427
-0.0533227
0.00254487
-0.0557676
0.00255295
-0.0584878
0.00248673
-0.0614812
0.00232948
-0.064707
0.00211405
-0.0681569
0.00186803
-0.0717457
0.00164611
-0.0754277
0.00152722
-0.0790891
0.00161662
-0.0826331
0.00187657
-0.0859684
0.00243218
-0.0890966
0.00316989
-0.0918887
0.0039984
-0.094355
0.00481795
-0.0965183
0.00549354
-0.0984042
0.00588711
-0.100045
0.00589118
-0.101469
0.00544861
-0.102689
0.00456012
-0.1037
0.00328204
-0.104487
0.00171693
-0.105029
-0.105305
0.000214351
-0.0435079
0.000421584
-0.0437982
0.000610832
-0.0443739
0.000767539
-0.0452313
0.000903746
-0.0463779
0.00100992
-0.0478024
0.00105181
-0.0494974
0.00105261
-0.0514642
0.00098398
-0.0537039
0.000845149
-0.0561968
0.000632284
-0.0589393
0.000367218
-0.061908
5.46803e-05
-0.0650582
-0.000239538
-0.0683642
-0.000469906
-0.0717025
-0.000530048
-0.0750125
-0.000337751
-0.0781963
0.000158787
-0.0811614
0.000839433
-0.0838522
0.00175946
-0.0863293
0.00276182
-0.0884747
0.00374146
-0.0903559
0.00455798
-0.0920017
0.00507666
-0.0934456
0.00519826
-0.0947121
0.00487466
-0.0958093
0.00411371
-0.0967289
0.00297502
-0.0974508
0.0015602
-0.0979505
-0.0982057
4.58042e-05
-0.0427531
8.48638e-05
-0.0430127
0.000108616
-0.0435253
0.000118573
-0.0442961
0.000107819
-0.0453206
5.52751e-05
-0.046595
-4.98136e-05
-0.0481122
-0.00020252
-0.0498894
-0.00042179
-0.0519
-0.000703959
-0.0541555
-0.00104856
-0.056632
-0.00143879
-0.0593189
-0.00182942
-0.0621656
-0.0021794
-0.0651232
-0.00238477
-0.0680999
-0.00236723
-0.0710122
-0.00206184
-0.0737829
-0.00145075
-0.0763266
-0.000541637
-0.0786321
0.000532967
-0.080665
0.00168666
-0.0824883
0.0028021
-0.0840684
0.00373504
-0.0854586
0.00435594
-0.0866938
0.00457478
-0.0877948
0.00435272
-0.0887642
0.00370428
-0.0895883
0.00269172
-0.0902423
0.00141506
-0.0906985
-0.0909325
-9.24526e-05
-0.0423084
-0.000191323
-0.0425366
-0.000305898
-0.0429845
-0.000435288
-0.0436695
-0.000604321
-0.0445611
-0.000803815
-0.0456947
-0.00104388
-0.0470438
-0.00135127
-0.0486095
-0.00171313
-0.0504028
-0.0021274
-0.0524217
-0.00259101
-0.0546301
-0.00307753
-0.0570225
-0.00353179
-0.0595474
-0.0038945
-0.0621339
-0.00406355
-0.0647163
-0.00396477
-0.0671963
-0.00354137
-0.0695211
-0.00278454
-0.0716196
-0.00174126
-0.073488
-0.000496495
-0.0751227
0.00078383
-0.0765634
0.00200876
-0.0778282
0.00303134
-0.078951
0.00372976
-0.0799679
0.00402416
-0.0808954
0.00388513
-0.0817306
0.00333336
-0.0824538
0.00243308
-0.0830359
0.00128197
-0.0834458
-0.0836571
-0.00021991
-0.0421246
-0.000446868
-0.042323
-0.00068804
-0.0427121
-0.000949243
-0.0433117
-0.00124332
-0.0440868
-0.00157433
-0.0450834
-0.00195082
-0.0462704
-0.00237804
-0.0476511
-0.00285318
-0.0492414
-0.00339448
-0.0510094
-0.00396308
-0.0529604
-0.00452698
-0.0550583
-0.00502388
-0.0572511
-0.00537969
-0.0594552
-0.00549614
-0.0616246
-0.00529617
-0.063663
-0.00475428
-0.0655143
-0.00386284
-0.0671553
-0.00268751
-0.068576
-0.00133339
-0.0697982
6.15033e-05
-0.0708608
0.0013684
-0.0717983
0.00245251
-0.0726483
0.00320274
-0.0734424
0.00355027
-0.0741919
0.00347503
-0.0748881
0.00300339
-0.0755061
0.00220076
-0.0760125
0.00116176
-0.0763732
-0.0765604
-0.000331162
-0.0421595
-0.000669797
-0.0423313
-0.00102138
-0.04267
-0.00139801
-0.04319
-0.00179881
-0.0438711
-0.00224181
-0.0447417
-0.00274618
-0.0457682
-0.00328516
-0.0469964
-0.00388997
-0.0483778
-0.00451829
-0.0499422
-0.00516591
-0.0516361
-0.0057845
-0.0534405
-0.00630547
-0.0552931
-0.00662657
-0.0571252
-0.00667082
-0.0588711
-0.00637148
-0.0604584
-0.0057
-0.0618453
-0.00468231
-0.0630221
-0.00339091
-0.0639995
-0.00194416
-0.0648097
-0.000473789
-0.0655014
0.000884152
-0.0661169
0.00200137
-0.0666984
0.00277769
-0.0672722
0.00315589
-0.0678445
0.00312504
-0.068401
0.00271659
-0.068912
0.00199639
-0.0693406
0.0010553
-0.0696505
-0.0698126
-0.000427763
-0.0423748
-0.000863658
-0.0425237
-0.00131211
-0.0428211
-0.00178909
-0.0432708
-0.0022899
-0.0438747
-0.00283959
-0.0446316
-0.00342818
-0.0455403
-0.00409005
-0.0465962
-0.00476589
-0.0478346
-0.00549812
-0.0491669
-0.00621176
-0.0506342
-0.00685929
-0.0521608
-0.00736336
-0.0536853
-0.00763157
-0.0551445
-0.00758548
-0.0564724
-0.00717148
-0.0576159
-0.00637771
-0.0585483
-0.00524474
-0.059275
-0.0038606
-0.0598227
-0.0023403
-0.0602424
-0.000825888
-0.0605787
0.000553724
-0.0608902
0.00167663
-0.0612167
0.0024543
-0.0615805
0.00284152
-0.0619826
0.00283621
-0.0624035
0.00247417
-0.0628096
0.00182099
-0.0631611
0.000963153
-0.0634202
-0.063557
-0.000511857
-0.0427364
-0.00103302
-0.042866
-0.00156736
-0.043131
-0.00213179
-0.0435224
-0.00272536
-0.0440608
-0.00336797
-0.0447227
-0.0040527
-0.04553
-0.00477397
-0.0464684
-0.00556128
-0.0475239
-0.00633493
-0.0486956
-0.00708322
-0.0499328
-0.00773721
-0.0511868
-0.00820361
-0.0523976
-0.00839638
-0.0534944
-0.0082445
-0.0544185
-0.00770906
-0.0551352
-0.00679605
-0.0556342
-0.0055611
-0.055936
-0.00409611
-0.0560862
-0.00253385
-0.056137
-0.00100273
-0.0561527
0.000369762
-0.0561863
0.00147256
-0.0562803
0.0022286
-0.056452
0.00260482
-0.0566972
0.00260739
-0.0569918
0.00227578
-0.0572989
0.0016746
-0.0575768
0.000885429
-0.057787
-0.0578994
-0.000585724
-0.0432154
-0.00118253
-0.0433292
-0.00179428
-0.0435694
-0.00243515
-0.0439163
-0.00311275
-0.0443974
-0.00383042
-0.0449905
-0.00459557
-0.0457081
-0.00539942
-0.0465403
-0.00622852
-0.04746
-0.00705083
-0.0484605
-0.00781312
-0.0494863
-0.00843192
-0.0504906
-0.00883207
-0.0513919
-0.008929
-0.0521367
-0.00865776
-0.0526788
-0.00799699
-0.0529935
-0.00696989
-0.0530891
-0.00564529
-0.0530017
-0.00412888
-0.0527873
-0.00254068
-0.0525159
-0.00101988
-0.0522474
0.000319835
-0.0520355
0.00137901
-0.051928
0.00209298
-0.0519316
0.00244044
-0.0520386
0.00243515
-0.0522206
0.00211938
-0.0524383
0.0015561
-0.052649
0.000821653
-0.0528139
-0.0529036
-0.000651527
-0.0437891
-0.0013165
-0.0438899
-0.00199833
-0.044112
-0.00270753
-0.0444273
-0.00345602
-0.0448621
-0.00424122
-0.0454033
-0.00507248
-0.0460442
-0.00593489
-0.0467845
-0.00679926
-0.0475905
-0.0076441
-0.0484203
-0.00837804
-0.0492627
-0.00895464
-0.050002
-0.00926475
-0.0506163
-0.00924153
-0.0510281
-0.00883983
-0.0512088
-0.00805267
-0.0511517
-0.00691972
-0.0508804
-0.0055212
-0.0504461
-0.00396625
-0.0499141
-0.00238383
-0.04936
-0.000907126
-0.0488497
0.000386485
-0.0484429
0.00138212
-0.0481638
0.00203667
-0.0480277
0.0023405
-0.0480187
0.00231397
-0.0481051
0.00200133
-0.0482457
0.00146334
-0.0483976
0.00077084
-0.0485226
-0.048592
-0.000712819
-0.0444396
-0.00143779
-0.0445329
-0.00218383
-0.0447401
-0.00295556
-0.0450343
-0.0037657
-0.0454336
-0.00460969
-0.0459344
-0.00549389
-0.0465091
-0.00639827
-0.0471663
-0.00728878
-0.0478632
-0.00810773
-0.0485529
-0.00882033
-0.0491769
-0.00930533
-0.0496897
-0.00950264
-0.0500157
-0.00934681
-0.050111
-0.00880794
-0.0499563
-0.00789865
-0.0495596
-0.00667065
-0.0489641
-0.00521456
-0.0482288
-0.00364553
-0.0474276
-0.00208631
-0.0466419
-0.000658927
-0.0459398
0.000552246
-0.0453715
0.00146557
-0.0449627
0.00204673
-0.0447177
0.00229517
-0.0446173
0.00223673
-0.0446269
0.00191677
-0.0447043
0.00139331
-0.0448072
0.00073153
-0.0448985
-0.0449507
-0.000769976
-0.0451554
-0.00154681
-0.0452498
-0.00235523
-0.0454366
-0.00318416
-0.0457209
-0.00404664
-0.0460953
-0.00494271
-0.0465587
-0.00586512
-0.0470773
-0.00679591
-0.0476509
-0.00768687
-0.0482424
-0.00848394
-0.0487824
-0.00911324
-0.0492128
-0.00949498
-0.049487
-0.00955914
-0.0495361
-0.00925741
-0.0493322
-0.00858077
-0.0488661
-0.00755503
-0.0481669
-0.00624912
-0.0472872
-0.00475511
-0.0463008
-0.00319191
-0.0452834
-0.00168054
-0.0443139
-0.00033167
-0.043468
0.000792662
-0.0427837
0.0016114
-0.0422803
0.00210901
-0.0419571
0.00229362
-0.0417898
0.00219541
-0.0417417
0.00186005
-0.0417704
0.00134244
-0.0418345
0.000702021
-0.0418986
-0.0419368
-0.000822839
-0.0459308
-0.00165381
-0.046027
-0.00251325
-0.0461989
-0.0033968
-0.0464722
-0.00430052
-0.0468357
-0.0052449
-0.0472506
-0.00619089
-0.0477252
-0.00712537
-0.0482116
-0.00799747
-0.0486867
-0.00873517
-0.0490764
-0.00926616
-0.0493117
-0.00952542
-0.0493403
-0.00944149
-0.0491254
-0.00899185
-0.0486363
-0.00817949
-0.0478885
-0.00704941
-0.0469228
-0.00567874
-0.0458035
-0.0041717
-0.0446095
-0.00263418
-0.043434
-0.00119162
-0.0423245
7.44291e-05
-0.0413833
0.00108729
-0.0406219
0.00180192
-0.0400595
0.00220934
-0.0396867
0.00232477
-0.0394757
0.0021817
-0.0393882
0.0018253
-0.039382
0.00130695
-0.0394173
0.000680454
-0.0394608
-0.0394882
-0.000872097
-0.0467636
-0.00176303
-0.0468517
-0.00265974
-0.0470307
-0.00358744
-0.0472846
-0.00454166
-0.0476255
-0.00551842
-0.0479972
-0.006476
-0.0484262
-0.00739233
-0.0488206
-0.00821812
-0.0491641
-0.0088719
-0.0493931
-0.00928916
-0.0494214
-0.00940007
-0.0492119
-0.00916297
-0.0487332
-0.00856272
-0.0479804
-0.00762437
-0.0469783
-0.00640597
-0.0457827
-0.00499268
-0.0444671
-0.00348862
-0.0431158
-0.00201428
-0.0418072
-0.000646778
-0.0406404
0.000518237
-0.0396304
0.00141543
-0.0388287
0.00202048
-0.0382379
0.00233432
-0.0378412
0.00237817
-0.0376071
0.00218765
-0.0374963
0.00180676
-0.0374678
0.00128312
-0.0374834
0.000665005
-0.0375122
-0.0375317
-0.000926068
-0.0476465
-0.00186577
-0.0477304
-0.00281579
-0.0479086
-0.00378025
-0.0481535
-0.00477663
-0.0484534
-0.00576141
-0.0487925
-0.00671343
-0.0491566
-0.00759013
-0.0494492
-0.00833786
-0.0496486
-0.00888968
-0.0496893
-0.00917041
-0.049506
-0.00912713
-0.0490557
-0.00873106
-0.0483234
-0.00798728
-0.0473264
-0.00693732
-0.0460989
-0.00564882
-0.0447113
-0.00421403
-0.0432411
-0.00273694
-0.0417767
-0.00132031
-0.0404003
-5.94767e-05
-0.0391813
0.000984298
-0.0381545
0.00175937
-0.0373465
0.00225236
-0.036754
0.00247211
-0.0363548
0.00244445
-0.0361148
0.00220611
-0.0359946
0.00179926
-0.0359542
0.00126758
-0.0359579
0.000653992
-0.0359771
-0.0359913
-0.000977536
-0.0485813
-0.0019562
-0.0486699
-0.00296388
-0.0488221
-0.00397206
-0.0490593
-0.00498125
-0.0493271
-0.00596339
-0.0496148
-0.00689073
-0.0498921
-0.0077052
-0.0500688
-0.00836228
-0.0500969
-0.00878328
-0.0499392
-0.00891298
-0.0495311
-0.00870852
-0.04884
-0.00815416
-0.0478688
-0.00728217
-0.0466427
-0.00613947
-0.0452232
-0.00480286
-0.0436814
-0.00337131
-0.0420968
-0.00194276
-0.0405633
-0.000618003
-0.0391546
0.000536946
-0.0379269
0.00145319
-0.0369121
0.00210383
-0.0361239
0.00248517
-0.0355507
0.0026128
-0.035166
0.00251582
-0.0349339
0.00223106
-0.0348149
0.00179836
-0.034771
0.00125738
-0.0347691
0.000645978
-0.0347827
-0.0347937
-0.00102156
-0.0495746
-0.00205511
-0.0496504
-0.00308509
-0.049798
-0.00412954
-0.0499928
-0.00514622
-0.0502259
-0.00610104
-0.0504531
-0.00699807
-0.050593
-0.00773787
-0.0506408
-0.00827087
-0.0504909
-0.00854736
-0.0501105
-0.00851702
-0.0494692
-0.00815142
-0.0485404
-0.00745446
-0.0473416
-0.0064662
-0.0459167
-0.00525231
-0.0443344
-0.00389667
-0.0426709
-0.00248703
-0.041024
-0.001132
-0.0394492
9.65383e-05
-0.0380462
0.00112477
-0.0368416
0.00191016
-0.0358646
0.00243665
-0.0351162
0.00270918
-0.0345784
0.00274862
-0.0342209
0.0025861
-0.0340064
0.00225771
-0.0338965
0.00180055
-0.0338554
0.00125021
-0.0338523
0.000639771
-0.0338636
-0.0338729
-0.001071
-0.050617
-0.00214265
-0.0506823
-0.00320241
-0.0508155
-0.00424327
-0.0509722
-0.00525373
-0.051131
-0.00620273
-0.0512454
-0.0070231
-0.0512606
-0.00766043
-0.0511439
-0.00806244
-0.0507921
-0.00817849
-0.050183
-0.00798426
-0.0493005
-0.00746337
-0.0481408
-0.00663612
-0.0467328
-0.00555648
-0.0451359
-0.00429569
-0.0434262
-0.00294257
-0.0416797
-0.00159739
-0.0399883
-0.000320412
-0.0384351
0.000793704
-0.0370558
0.0016902
-0.0359008
0.00234375
-0.0349808
0.0027487
-0.0342869
0.00291718
-0.0337956
0.0028739
-0.0334735
0.00265083
-0.0332832
0.00228259
-0.0331877
0.00180319
-0.0331533
0.00124427
-0.0331523
0.000634491
-0.0331633
-0.033172
-0.00110962
-0.0517098
-0.00220712
-0.0517653
-0.00330544
-0.0518447
-0.00435597
-0.0519548
-0.00534275
-0.0520219
-0.00622391
-0.0520113
-0.00694542
-0.0518722
-0.00746385
-0.0515495
-0.0077202
-0.0509777
-0.00767453
-0.050133
-0.0073186
-0.0490117
-0.006655
-0.0476323
-0.00571858
-0.0460385
-0.00457313
-0.0442994
-0.0032956
-0.0424937
-0.001969
-0.0407088
-0.000685809
-0.0390157
0.000478554
-0.0374897
0.0014613
-0.0361706
0.00222238
-0.0350857
0.0027455
-0.0342365
0.00303361
-0.033607
0.00310438
-0.0331689
0.00298496
-0.0328871
0.00270709
-0.0327245
0.00230335
-0.032646
0.00180452
-0.0326208
0.00123837
-0.0326236
0.000629506
-0.0326358
-0.0326446
-0.00113716
-0.052846
-0.00226894
-0.0528682
-0.00334989
-0.0529139
-0.00439879
-0.0529155
-0.00534172
-0.0528769
-0.00614157
-0.0527178
-0.00674628
-0.0523983
-0.0071378
-0.0518273
-0.00723888
-0.0510304
-0.00703374
-0.0499452
-0.00652698
-0.0485947
-0.00573959
-0.0470143
-0.00471901
-0.045263
-0.00353462
-0.0434155
-0.00226403
-0.0415518
-0.000996945
-0.0397544
0.000196321
-0.0380942
0.00124027
-0.0366257
0.00208808
-0.0353849
0.00271337
-0.0343835
0.00310986
-0.0336141
0.00328757
-0.0330543
0.00326812
-0.0326724
0.00307979
-0.0324325
0.00275332
-0.0322988
0.00231873
-0.0322384
0.0018035
-0.0322232
0.00123176
-0.0322308
0.000624436
-0.0322448
-0.032254
-0.00115704
-0.0540019
-0.00228174
-0.0539981
-0.00337318
-0.0539569
-0.00435621
-0.0538737
-0.00522869
-0.0536764
-0.00593687
-0.0533279
-0.00644613
-0.0527742
-0.00667057
-0.0519857
-0.00661909
-0.0509333
-0.00626022
-0.0496145
-0.00562009
-0.0480498
-0.00473343
-0.0462946
-0.00365694
-0.0444179
-0.00246259
-0.0424968
-0.00122902
-0.0406098
-3.70011e-05
-0.0388337
0.00104358
-0.0372304
0.00195647
-0.0358435
0.0026664
-0.034695
0.00315812
-0.033786
0.00343379
-0.0331008
0.00350888
-0.0326123
0.00340745
-0.0322865
0.00315783
-0.032088
0.00278899
-0.0319824
0.0023282
-0.0319396
0.00179965
-0.0319342
0.00122407
-0.0319466
0.000619073
-0.0319625
-0.0319724
-0.0011486
-0.055157
-0.00227352
-0.055099
-0.00331643
-0.0549793
-0.00426754
-0.0547433
-0.00505349
-0.0543844
-0.00564518
-0.0538201
-0.00599335
-0.0530283
-0.00606166
-0.0519982
-0.00586207
-0.0506803
-0.00536307
-0.0491434
-0.00461252
-0.0473863
-0.00365501
-0.0454882
-0.00255229
-0.0435207
-0.00137702
-0.0415609
-0.000206415
-0.0396843
0.000887342
-0.0379593
0.00184339
-0.0364366
0.0026192
-0.0351471
0.00319131
-0.0341004
0.00355408
-0.0332879
0.00371643
-0.0326877
0.0036976
-0.032269
0.00352282
-0.031997
0.00321949
-0.0318373
0.00281442
-0.0317577
0.00233191
-0.0317309
0.00179297
-0.0317345
0.00121521
-0.0317512
0.000613355
-0.0317688
-0.0317792
-0.00112309
-0.0562615
-0.00219711
-0.0561556
-0.00319227
-0.0559161
-0.00404014
-0.0555374
-0.00472757
-0.0549571
-0.00518575
-0.0541683
-0.00537816
-0.0531331
-0.00532231
-0.0518257
-0.00495793
-0.0502967
-0.0043557
-0.0485301
-0.00352226
-0.0466215
-0.00252427
-0.0446152
-0.00142526
-0.0425932
-0.000297292
-0.0406298
0.000787286
-0.0387952
0.00176478
-0.0371469
0.00258692
-0.0357233
0.00322311
-0.034542
0.00366035
-0.0336018
0.00390089
-0.0328864
0.00395865
-0.0323687
0.00385517
-0.0320159
0.00361569
-0.0317936
0.00326606
-0.0316689
0.00283052
-0.0316123
0.00233041
-0.0315993
0.00178376
-0.0316103
0.00120535
-0.0316305
0.00060733
-0.0316494
-0.0316601
-0.00105643
-0.0572708
-0.00207003
-0.057092
-0.00297099
-0.0567395
-0.00373018
-0.0561706
-0.00427556
-0.0553875
-0.00459338
-0.0543452
-0.0046534
-0.0530535
-0.00444201
-0.0515071
-0.00396371
-0.0497604
-0.00325568
-0.0478161
-0.00236995
-0.0457779
-0.00136207
-0.0437014
-0.000295998
-0.0416612
0.000758634
-0.0397279
0.00173648
-0.0379635
0.00258507
-0.0364129
0.00326795
-0.0351011
0.00376545
-0.034034
0.00407333
-0.0332011
0.00419998
-0.0325797
0.00416271
-0.0321395
0.00398402
-0.0318471
0.00368829
-0.0316691
0.00329929
-0.0315748
0.00283857
-0.0315377
0.00232457
-0.0315359
0.00177253
-0.0315526
0.00119472
-0.0315752
0.000601105
-0.0315947
-0.0316055
-0.000961064
-0.0581077
-0.00185646
-0.0578671
-0.00265198
-0.0573724
-0.00326042
-0.0566314
-0.00368264
-0.0556103
-0.00385706
-0.054331
-0.0037638
-0.0528064
-0.00341683
-0.0510432
-0.00285219
-0.0490784
-0.00208273
-0.0470138
-0.00117592
-0.0448831
-0.000189591
-0.0427753
0.000816066
-0.0407529
0.00177412
-0.0388809
0.00262938
-0.0372104
0.00334085
-0.0357727
0.0038831
-0.0345804
0.00424587
-0.0336288
0.00443199
-0.0329
0.00445424
-0.032367
0.00433186
-0.0319976
0.00408725
-0.0317588
0.00374325
-0.0316189
0.00332128
-0.03155
0.00284009
-0.0315284
0.00231539
-0.0315352
0.0017599
-0.0315557
0.00118369
-0.0315795
0.000594831
-0.0315991
-0.0316097
-0.00082154
-0.0586988
-0.00158656
-0.0583864
-0.00221741
-0.0577727
-0.00269767
-0.0568361
-0.00294267
-0.0556257
-0.00296267
-0.0541204
-0.00275135
-0.0523609
-0.00231339
-0.0504098
-0.00166072
-0.0483141
-0.000865379
-0.0461433
3.25787e-05
-0.0439723
0.000973287
-0.0418687
0.00189291
-0.0398975
0.00273558
-0.0381141
0.00345722
-0.0365556
0.00402776
-0.0352404
0.00443158
-0.03417
0.00466615
-0.0333313
0.00473962
-0.0327005
0.00466762
-0.032248
0.00447006
-0.0319413
0.00416841
-0.0317484
0.00378354
-0.0316403
0.00333426
-0.0315915
0.00283667
-0.0315816
0.00230394
-0.031594
0.00174653
-0.0316166
0.00117262
-0.0316405
0.00058867
-0.0316594
-0.0316695
-0.000643529
-0.0589604
-0.00122304
-0.0585898
-0.00169258
-0.0578433
-0.00198252
-0.0567772
-0.0020863
-0.0553522
-0.00197463
-0.0536673
-0.00163695
-0.0517497
-0.00110376
-0.0496576
-0.000418358
-0.047461
0.000378574
-0.045243
0.00124181
-0.0430701
0.00210681
-0.0410107
0.00291888
-0.0391232
0.00363257
-0.0374503
0.00421444
-0.0360162
0.00464436
-0.0348279
0.00491497
-0.0338776
0.00502983
-0.0331454
0.00500076
-0.0326043
0.00484483
-0.0322231
0.0045817
-0.03197
0.00423128
-0.0318151
0.00381212
-0.031732
0.00334048
-0.0316983
0.00282992
-0.0316962
0.00229129
-0.0317117
0.00173309
-0.0317346
0.00116189
-0.0317573
0.000582797
-0.031775
-0.0317843
-0.000432998
-0.0588019
-0.000808071
-0.0583838
-0.00106376
-0.0575588
-0.00118865
-0.0563431
-0.00111715
-0.0548065
-0.000848695
-0.0529889
-0.000421183
-0.0509485
0.000141545
-0.0487795
0.000848075
-0.046548
0.00162737
-0.0443319
0.0024259
-0.0422046
0.0031922
-0.0402292
0.00388129
-0.0384534
0.0044579
-0.0369078
0.00489855
-0.0356056
0.00519174
-0.0345442
0.00533684
-0.0337084
0.00534184
-0.0330743
0.00522076
-0.0326127
0.00499108
-0.0322926
0.00467139
-0.0320838
0.00427964
-0.031959
0.00383198
-0.0318945
0.00334215
-0.0318709
0.00282137
-0.0318731
0.00227847
-0.0318891
0.00172024
-0.0319105
0.00115187
-0.0319312
0.000577372
-0.031947
-0.0319552
-0.000187274
-0.0581561
-0.000333127
-0.0577034
-0.000385905
-0.0568203
-0.000287796
-0.0555446
-8.89603e-05
-0.0539281
0.000282318
-0.0520478
0.000796648
-0.0499732
0.00142227
-0.0477913
0.00212177
-0.045584
0.00285028
-0.0434302
0.00356167
-0.0413986
0.00421342
-0.0395439
0.00477041
-0.0379037
0.00520731
-0.0364983
0.00550958
-0.0353316
0.00567305
-0.0343939
0.00570219
-0.0336652
0.00560798
-0.0331192
0.00540551
-0.0327264
0.00511176
-0.0324571
0.00474375
-0.0322834
0.00431723
-0.032181
0.00384596
-0.0321291
0.00334134
-0.0321112
0.00281249
-0.0321142
0.00226645
-0.0321285
0.00170859
-0.0321469
0.00114293
-0.0321645
0.000572559
-0.0321779
-0.0321848
6.11501e-05
-0.0569596
0.00016143
-0.0565
0.000334711
-0.0556043
0.000605452
-0.0543174
0.000985811
-0.0527021
0.00147251
-0.0508356
0.00205017
-0.0488017
0.00269104
-0.0466881
0.00335999
-0.0445787
0.00401823
-0.0425491
0.00462806
-0.0406614
0.00515664
-0.0389616
0.00557886
-0.0374785
0.00587864
-0.0362236
0.00604934
-0.0351942
0.00609264
-0.0343759
0.00601674
-0.0337462
0.00583444
-0.0332785
0.00556094
-0.0329442
0.00521213
-0.0327161
0.00480315
-0.0325694
0.00434751
-0.0324826
0.00385668
-0.032438
0.00333996
-0.0324217
0.00280459
-0.0324228
0.00225612
-0.0324333
0.00169869
-0.0324474
0.00113537
-0.0324611
0.000568507
-0.0324715
-0.0324769
0.000324103
-0.0551815
0.000674348
-0.0547378
0.00107257
-0.0538754
0.00153263
-0.0526415
0.00205815
-0.0511022
0.00264157
-0.0493362
0.00326531
-0.047429
0.00390379
-0.0454663
0.00452685
-0.0435279
0.00510349
-0.0416829
0.00560536
-0.0399855
0.00600959
-0.0384735
0.00630065
-0.0371675
0.00647091
-0.0360731
0.00652035
-0.0351829
0.00645517
-0.0344805
0.00628623
-0.0339432
0.00602713
-0.0335454
0.00569257
-0.0332613
0.00529698
-0.0330668
0.00485351
-0.0329404
0.00437355
-0.0328638
0.00386645
-0.0328225
0.00333965
-0.0328047
0.00279883
-0.0328017
0.00224824
-0.0328069
0.00169103
-0.0328158
0.00112949
-0.0328248
0.000565343
-0.032832
-0.0328356
0.000578727
-0.0528138
0.00116952
-0.0524099
0.00178129
-0.0516264
0.00241724
-0.0505094
0.00307336
-0.0491224
0.00373818
-0.0475404
0.00439386
-0.0458434
0.00501825
-0.04411
0.00558759
-0.0424117
0.00607936
-0.0408083
0.00647479
-0.0393453
0.00676064
-0.0380522
0.00693015
-0.0369436
0.00698302
-0.0360204
0.00692459
-0.0352736
0.00676455
-0.0346864
0.00651537
-0.0342379
0.00619088
-0.0339053
0.00580484
-0.0336664
0.0053701
-0.0335008
0.00489792
-0.0333907
0.0043977
-0.0333213
0.00387701
-0.0332808
0.00334167
-0.03326
0.00279607
-0.0332518
0.0022434
-0.0332511
0.00168598
-0.0332541
0.00112549
-0.0332584
0.000563165
-0.0332621
-0.033264
0.000810616
-0.0498846
0.00161949
-0.049542
0.00242303
-0.0488785
0.0032144
-0.0479352
0.00398284
-0.0467684
0.00471392
-0.0454437
0.00539057
-0.0440302
0.00599476
-0.0425948
0.00650948
-0.0411972
0.00692059
-0.039886
0.00721834
-0.038697
0.00739822
-0.0376523
0.00746109
-0.0367612
0.00741266
-0.0360224
0.0072625
-0.0354263
0.00702279
-0.034958
0.00670697
-0.0345995
0.00632861
-0.0343322
0.00590044
-0.0341379
0.00543377
-0.0340007
0.00493815
-0.0339067
0.00442132
-0.0338445
0.00388931
-0.0338052
0.00334667
-0.0337816
0.00279672
-0.0337687
0.00224183
-0.0337625
0.00168369
-0.0337603
0.00112346
-0.0337602
0.000562006
-0.0337607
-0.033761
0.00100727
-0.0464569
0.00200044
-0.0461923
0.00296485
-0.0456806
0.00388494
-0.044955
0.00474441
-0.0440606
0.00552669
-0.0430496
0.00621601
-0.0419762
0.0067985
-0.0408922
0.00726348
-0.0398428
0.00760434
-0.0388643
0.00781915
-0.0379824
0.00791069
-0.0372119
0.007886
-0.0365582
0.00775558
-0.0360186
0.00753202
-0.0355845
0.00722919
-0.0352436
0.00686102
-0.0349819
0.00644061
-0.0347855
0.00597967
-0.034641
0.00548816
-0.0345368
0.00497423
-0.034463
0.00444427
-0.0344119
0.00390313
-0.0343771
0.00335436
-0.034354
0.00280049
-0.034339
0.00224328
-0.0343295
0.00168392
-0.0343238
0.00112324
-0.0343205
0.000561787
-0.0343187
-0.0343178
0.00115913
-0.0426243
0.00229416
-0.0424479
0.00338156
-0.0421074
0.00439892
-0.0416264
0.00532571
-0.0410363
0.00614406
-0.0403735
0.00683957
-0.039675
0.00740212
-0.0389755
0.0078263
-0.0383049
0.00811161
-0.0376861
0.00826229
-0.0371347
0.00828669
-0.0366588
0.00819644
-0.0362601
0.00800533
-0.0359349
0.00772823
-0.0356764
0.00737986
-0.0354757
0.00697425
-0.035323
0.00652399
-0.0352087
0.0060399
-0.0351245
0.00553086
-0.0350631
0.00500394
-0.0350186
0.00446455
-0.0349866
0.00391669
-0.0349637
0.00336321
-0.0349472
0.00280612
-0.0349353
0.00224674
-0.0349269
0.00168596
-0.0349211
0.00112434
-0.0349171
0.000562263
-0.0349147
-0.0349134
0.00126033
-0.0385039
0.00248953
-0.0384186
0.00365781
-0.0382551
0.00473806
-0.0380263
0.00570698
-0.0377497
0.00654605
-0.037445
0.00724218
-0.0371316
0.00778813
-0.0368271
0.00818241
-0.0365456
0.00842891
-0.0362971
0.00853612
-0.0360872
0.00851616
-0.0359176
0.00838355
-0.0357864
0.0081541
-0.0356894
0.0078438
-0.0356211
0.00746792
-0.0355754
0.00704021
-0.0355469
0.0065727
-0.0355303
0.00607549
-0.0355215
0.00555668
-0.0355173
0.00502261
-0.0355156
0.00447803
-0.035515
0.00392641
-0.0355146
0.00337022
-0.0355142
0.00281113
-0.0355136
0.00225027
-0.0355128
0.00168834
-0.0355119
0.00112582
-0.0355111
0.00056297
-0.0355106
-0.0355101
0.00130916
-0.0342267
0.00258329
-0.0342285
0.00378915
-0.034234
0.00489711
-0.0342465
0.00588251
-0.0342702
0.00672677
-0.0343092
0.0074179
-0.0343665
0.00795057
-0.0344436
0.00832576
-0.0345402
0.00854993
-0.0346543
0.00863395
-0.0347823
0.00859185
-0.0349194
0.00843954
-0.0350604
0.00819358
-0.0352001
0.00787021
-0.0353339
0.00748453
-0.0354581
0.00704998
-0.0355701
0.00657803
-0.0356683
0.00607815
-0.0357524
0.00555792
-0.0358227
0.00502322
-0.0358803
0.00447846
-0.0359263
0.00392689
-0.0359624
0.00337079
-0.0359902
0.00281177
-0.0360111
0.0022509
-0.0360265
0.0016889
-0.0360375
0.00112623
-0.036045
0.000563187
-0.0360496
-0.0360517
0.00130798
-0.0299273
0.00257994
-0.030006
0.00378186
-0.030161
0.00488363
-0.0303876
0.00586057
-0.0306788
0.00669453
-0.0310253
0.00737435
-0.0314165
0.00789575
-0.0318401
0.00826079
-0.0322835
0.00847688
-0.0327342
0.00855553
-0.0331803
0.0085111
-0.0336114
0.00835947
-0.0340187
0.00811689
-0.0343957
0.00779905
-0.0347376
0.00742039
-0.0350421
0.0069937
-0.0353086
0.00652988
-0.035538
0.00603793
-0.0357324
0.00552509
-0.0358949
0.00499698
-0.0360289
0.00445792
-0.0361379
0.00391113
-0.0362256
0.00335895
-0.0362951
0.00280307
-0.0363494
0.0022447
-0.036391
0.00168469
-0.0364218
0.00112363
-0.0364435
0.000561949
-0.0364573
-0.0364639
0.00126261
-0.0257331
0.00249065
-0.0258741
0.00365154
-0.0261507
0.00471646
-0.026552
0.00566186
-0.0270629
0.00647045
-0.0276643
0.00713171
-0.0283347
0.00764171
-0.0290517
0.00800248
-0.0297929
0.00822105
-0.0305374
0.00830821
-0.0312666
0.00827734
-0.0319651
0.00814313
-0.0326207
0.0079206
-0.0332248
0.00762426
-0.0337719
0.00726746
-0.0342598
0.00686207
-0.0346886
0.00641831
-0.0350606
0.00594472
-0.0353794
0.00544824
-0.0356494
0.00493445
-0.0358757
0.0044077
-0.0360633
0.00387133
-0.0362172
0.0033279
-0.0363418
0.00277934
-0.0364412
0.0022271
-0.0365188
0.00167228
-0.0365776
0.00111573
-0.0366198
0.000558114
-0.0366469
-0.0366601
0.0011814
-0.021755
0.0023315
-0.0219415
0.00342074
-0.0223069
0.00442297
-0.0228369
0.00531666
-0.0235109
0.00608584
-0.0243038
0.00672051
-0.0251873
0.00721661
-0.026132
0.00757541
-0.0271088
0.00780261
-0.028091
0.00790733
-0.0290551
0.007901
-0.0299814
0.00779634
-0.0308546
0.00760646
-0.0316639
0.00734411
-0.0324024
0.0070212
-0.033067
0.00664848
-0.0336574
0.00623531
-0.0341758
0.00578971
-0.0346261
0.00531837
-0.0350134
0.00482679
-0.0353431
0.00431942
-0.0356211
0.00379983
-0.035853
0.00327087
-0.036044
0.00273479
-0.0361989
0.00219339
-0.0363217
0.00164812
-0.0364158
0.00110015
-0.0364841
0.000550479
-0.0365285
-0.0365502
0.00107409
-0.0180812
0.00212125
-0.0182958
0.003116
-0.0187165
0.00403564
-0.0193274
0.0048613
-0.0201055
0.0055787
-0.0210229
0.00617847
-0.0220482
0.00665613
-0.0231485
0.00701178
-0.0242914
0.00724933
-0.0254466
0.00737565
-0.0265875
0.00739969
-0.0276915
0.0073317
-0.0287407
0.00718241
-0.0297222
0.00696251
-0.0306271
0.00668217
-0.0314506
0.00635077
-0.0321912
0.00597671
-0.0328502
0.00556735
-0.0334305
0.00512904
-0.0339368
0.00466717
-0.0343743
0.00418629
-0.0347485
0.00369018
-0.0350652
0.00318198
-0.0353296
0.00266431
-0.0355468
0.00213935
-0.035721
0.00160895
-0.0358559
0.00107468
-0.0359545
0.00053794
-0.036019
-0.0360507
0.000950653
-0.0147735
0.00187924
-0.015
0.00276478
-0.0154447
0.00358844
-0.0160916
0.0043343
-0.0169179
0.00498998
-0.0178955
0.00554688
-0.0189929
0.00600022
-0.0201771
0.0063488
-0.0214149
0.00659456
-0.0226751
0.00674197
-0.0239296
0.00679735
-0.0251545
0.00676825
-0.02633
0.00666287
-0.0274413
0.00648966
-0.0284774
0.00625687
-0.0294317
0.00597237
-0.0303009
0.00564342
-0.0310842
0.00527661
-0.0317834
0.00487782
-0.0324014
0.00445226
-0.0329425
0.00400444
-0.0334113
0.00353832
-0.033813
0.00305728
-0.0341524
0.00256429
-0.034434
0.00206189
-0.034662
0.00155236
-0.0348399
0.00103767
-0.0349708
0.000519646
-0.0350568
-0.0350994
0.000820367
-0.011867
0.00162349
-0.0120917
0.0023929
-0.0125336
0.00311359
-0.0131779
0.00377267
-0.0140036
0.00435971
-0.0149848
0.00486702
-0.016092
0.0052897
-0.0172941
0.00562548
-0.0185599
0.0058745
-0.0198591
0.00603893
-0.0211643
0.00612257
-0.022451
0.00613035
-0.0236989
0.00606802
-0.0248915
0.00594174
-0.0260165
0.00575784
-0.0270652
0.00552257
-0.028032
0.00524197
-0.0289143
0.00492172
-0.0297115
0.00456711
-0.0304249
0.004183
-0.031057
0.00377378
-0.031611
0.00334345
-0.0320908
0.00289557
-0.0325001
0.00243335
-0.0328428
0.00195969
-0.0331225
0.0014772
-0.0333423
0.00098828
-0.0335048
0.000495169
-0.033612
-0.0336651
0.000691123
-0.00937208
0.00136943
-0.00958446
0.00202257
-0.0100027
0.00263914
-0.0106141
0.00320904
-0.0114004
0.00372381
-0.0123393
0.00417675
-0.0134048
0.00456303
-0.0145695
0.00487966
-0.0158052
0.00512537
-0.0170846
0.00530039
-0.018382
0.0054063
-0.019674
0.00544575
-0.0209405
0.00542221
-0.0221644
0.00533974
-0.0233323
0.00520279
-0.0244337
0.00501605
-0.0254611
0.00478425
-0.0264098
0.0045121
-0.0272769
0.00420418
-0.0280617
0.00386487
-0.0287646
0.00349832
-0.029387
0.0031084
-0.0299311
0.00269875
-0.0303994
0.00227274
-0.0307946
0.00183348
-0.0311194
0.0013839
-0.031376
0.000926737
-0.0315666
0.000464596
-0.0316927
-0.0317554
0.000569037
-0.00727822
0.00112905
-0.00747087
0.00167125
-0.00785089
0.00218736
-0.00840797
0.00266979
-0.00912732
0.00311189
-0.00999039
0.00350798
-0.0109758
0.00385355
-0.0120605
0.00414519
-0.0132204
0.00438065
-0.0144318
0.00455876
-0.0156719
0.00467937
-0.0169193
0.00474322
-0.0181551
0.00475186
-0.0193626
0.00470754
-0.0205277
0.00461301
-0.0216389
0.00447148
-0.0226872
0.00428644
-0.0236658
0.00406157
-0.0245701
0.00380067
-0.025397
0.00350753
-0.0261449
0.00318592
-0.0268134
0.00283951
-0.0274029
0.00247183
-0.0279142
0.00208629
-0.0283487
0.00168614
-0.0287079
0.00127448
-0.0289931
0.000854326
-0.0292058
0.000428554
-0.0293469
-0.0294172
0.000458331
-0.00555875
0.000910701
-0.00572742
0.00135123
-0.00606074
0.00177419
-0.00655077
0.00217416
-0.00718611
0.00254605
-0.00795229
0.00288524
-0.00883249
0.00318764
-0.00980819
0.00344977
-0.0108599
0.00366882
-0.0119678
0.00384269
-0.0131126
0.00397001
-0.0142756
0.00405013
-0.0154396
0.00408313
-0.0165891
0.00406975
-0.0177101
0.00401132
-0.0187908
0.00390976
-0.0198212
0.00376739
-0.0207932
0.00358692
-0.0217004
0.00337133
-0.022538
0.00312378
-0.0233026
0.00284755
-0.0239917
0.00254597
-0.0246042
0.00222239
-0.0251392
0.0018801
-0.0255967
0.00152238
-0.025977
0.0011524
-0.0262803
0.000773299
-0.0265072
0.000388153
-0.0266582
-0.0267336
0.000361446
-0.00417614
0.00071927
-0.00431923
0.00106982
-0.00460249
0.0014094
-0.0050202
0.00173429
-0.005564
0.00204077
-0.00622322
0.00232517
-0.00698523
0.00258395
-0.00783593
0.00281381
-0.00876015
0.00301174
-0.00974216
0.00317513
-0.0107661
0.00330186
-0.0118164
0.00339037
-0.012878
0.00343969
-0.0139369
0.00344946
-0.0149801
0.00341991
-0.0159961
0.00335187
-0.0169745
0.00324669
-0.0179064
0.00310617
-0.0187844
0.00293251
-0.0196023
0.00272821
-0.0203552
0.00249602
-0.0210393
0.00223886
-0.0216515
0.00195977
-0.0221898
0.00166186
-0.0226528
0.00134826
-0.0230394
0.00102213
-0.0233491
0.000686626
-0.0235815
0.00034487
-0.0237365
-0.023814
0.000279296
-0.00308681
0.000556657
-0.00320475
0.000830053
-0.00343868
0.00109729
-0.00378468
0.00135597
-0.00423702
0.00160347
-0.00478823
0.00183698
-0.00542935
0.00205357
-0.00615015
0.00225025
-0.00693935
0.0024241
-0.00778496
0.00257236
-0.00867452
0.00269256
-0.00959541
0.00278262
-0.0105351
0.00284092
-0.0114814
0.00286635
-0.0124226
0.00285837
-0.013348
0.00281699
-0.0142475
0.00274276
-0.0151121
0.00263673
-0.0159337
0.00250039
-0.0167055
0.00233563
-0.0174214
0.00214464
-0.0180766
0.0019299
-0.0186668
0.00169406
-0.019189
0.00143996
-0.0196403
0.00117051
-0.020019
0.000888728
-0.0203235
0.000597656
-0.0205526
0.000300379
-0.0207058
-0.0207824
0.000211617
-0.00224533
0.000422437
-0.00234001
0.000631541
-0.00252815
0.000837791
-0.00280727
0.00103975
-0.00317371
0.00123567
-0.0036226
0.00142348
-0.00414792
0.0016008
-0.00474264
0.0017651
-0.00539878
0.0019137
-0.00610759
0.00204396
-0.00685966
0.00215335
-0.00764514
0.00223959
-0.00845392
0.00230074
-0.00927581
0.00233528
-0.0101008
0.00234215
-0.0109191
0.0023208
-0.0117214
0.0022712
-0.0124991
0.0021938
-0.0132441
0.00208949
-0.0139493
0.00195962
-0.0146082
0.00180587
-0.0152151
0.00163024
-0.0157653
0.00143501
-0.0162546
0.00122264
-0.0166796
0.000995787
-0.0170377
0.000757206
-0.0173265
0.00050976
-0.0175445
0.000256369
-0.0176905
-0.0177637
0.000157318
-0.00160765
0.00031455
-0.0016818
0.000471482
-0.00182942
0.000627672
-0.00204911
0.000782365
-0.00233873
0.000934446
-0.00269536
0.00108243
-0.00311526
0.00122451
-0.00359389
0.00135857
-0.0041259
0.00148233
-0.00470518
0.00159339
-0.00532492
0.00168938
-0.00597771
0.00176806
-0.00665567
0.00182742
-0.00735059
0.00186576
-0.00805409
0.00188176
-0.00875775
0.00187454
-0.00945333
0.00184366
-0.0101328
0.00178912
-0.0107887
0.00171138
-0.0114139
0.00161131
-0.0120019
0.00149013
-0.0125469
0.00134943
-0.0130436
0.00119108
-0.0134877
0.00101717
-0.0138751
0.000830015
-0.0142027
0.00063209
-0.0144678
0.000425983
-0.0146684
0.000214372
-0.0148029
-0.0148704
0.000114818
-0.00113331
0.000229946
-0.00119006
0.000345577
-0.00130323
0.000461693
-0.00147218
0.00057798
-0.00169583
0.000693785
-0.00197264
0.000808092
-0.00230052
0.000919542
-0.00267676
0.00102647
-0.00309801
0.00112699
-0.00356021
0.00121906
-0.00405865
0.00130058
-0.00458796
0.0013695
-0.00514221
0.0014239
-0.00571497
0.00146212
-0.0062995
0.00148273
-0.00688879
0.00148471
-0.00747576
0.00146736
-0.0080534
0.00143042
-0.00861484
0.001374
-0.00915354
0.0012986
-0.00966332
0.00120509
-0.0101385
0.00109464
-0.0105739
0.000968764
-0.0109648
0.000829191
-0.0113073
0.000677886
-0.0115979
0.000516988
-0.0118338
0.000348774
-0.0120127
0.000175628
-0.0121328
-0.0121932
8.23161e-05
-0.000786799
0.000165123
-0.000829281
0.000248813
-0.000914168
0.000333597
-0.00104127
0.000419429
-0.00121022
0.000505967
-0.00142038
0.000592546
-0.00167079
0.000678185
-0.00196001
0.000761616
-0.00228612
0.000841335
-0.00264659
0.00091567
-0.0030383
0.000982856
-0.00345753
0.00104112
-0.00389994
0.00108875
-0.0043607
0.0011242
-0.00483452
0.00114612
-0.00531575
0.00115342
-0.00579854
0.00114534
-0.00627692
0.00112143
-0.00674493
0.00108158
-0.00719675
0.00102602
-0.00762677
0.000955326
-0.0080297
0.000870357
-0.00840067
0.000772269
-0.00873522
0.000662464
-0.00902942
0.000542564
-0.00927985
0.000414369
-0.00948365
0.000279828
-0.00963852
0.000140995
-0.00974272
-0.0097951
5.79998e-05
-0.000538081
0.000116535
-0.000569229
0.000176063
-0.000631583
0.000236891
-0.000725226
0.000299123
-0.000850206
0.000362613
-0.00100645
0.000426947
-0.00119368
0.000491442
-0.00141132
0.000555162
-0.00165839
0.000616952
-0.00193346
0.000675493
-0.00223457
0.000729358
-0.00255924
0.000777074
-0.00290442
0.000817194
-0.00326657
0.000848359
-0.00364168
0.000869355
-0.00402533
0.000879165
-0.00441283
0.000877007
-0.00479928
0.000862362
-0.00517968
0.000834994
-0.00554902
0.000794956
-0.00590243
0.000742583
-0.00623522
0.000678488
-0.00654298
0.000603537
-0.00682164
0.000518831
-0.00706755
0.000425674
-0.0072775
0.000325544
-0.00744878
0.000220059
-0.00757919
0.000110945
-0.00766706
-0.00771127
4.01832e-05
-0.000362587
8.08687e-05
-0.000384975
0.000122498
-0.000429873
0.0001654
-0.000497503
0.000209739
-0.000588124
0.00025549
-0.000701969
0.000302411
-0.00083916
0.000350042
-0.000999618
0.000397712
-0.00118298
0.000444564
-0.00138854
0.000489591
-0.00161515
0.000531675
-0.00186123
0.000569644
-0.00212472
0.000602316
-0.00240311
0.000628555
-0.00269343
0.000647321
-0.00299234
0.000657713
-0.00329617
0.000659004
-0.00360103
0.000650674
-0.00390283
0.000632424
-0.00419746
0.000604193
-0.0044808
0.00056616
-0.00474883
0.000518736
-0.00499774
0.000462555
-0.00522397
0.000398459
-0.00542426
0.000327471
-0.00559574
0.000250773
-0.00573597
0.000169678
-0.00584292
8.55938e-05
-0.00591508
-0.00595141
2.73865e-05
-0.000240807
5.52045e-05
-0.000256594
8.38408e-05
-0.000288313
0.000113597
-0.000336229
0.000144655
-0.000400687
0.00017705
-0.000482052
0.000210654
-0.00058064
0.000245167
-0.000696642
0.000280124
-0.000830054
0.000314907
-0.000980608
0.000348768
-0.00114771
0.000380863
-0.00133041
0.000410283
-0.00152736
0.000436098
-0.00173683
0.000457395
-0.00195671
0.000473319
-0.00218451
0.000483108
-0.00241746
0.000486126
-0.00265254
0.000481893
-0.00288653
0.000470099
-0.00311612
0.000450623
-0.00333796
0.000423537
-0.00354872
0.000389105
-0.00374522
0.000347779
-0.00392444
0.000300186
-0.0040836
0.000247111
-0.00422023
0.000189477
-0.00433219
0.000128321
-0.00441774
6.47674e-05
-0.00447552
-0.00450464
1.83692e-05
-0.000157663
3.70873e-05
-0.000168593
5.6471e-05
-0.000190593
7.67763e-05
-0.000223924
9.81722e-05
-0.000268933
0.000120721
-0.000326014
0.000144364
-0.000395547
0.000168914
-0.00047784
0.000194058
-0.00057307
0.00021936
-0.000681225
0.000244284
-0.000802052
0.000268205
-0.000935018
0.000290444
-0.00107929
0.000310289
-0.0012337
0.00032703
-0.00139678
0.000339988
-0.00156674
0.000348544
-0.00174155
0.000352168
-0.00191891
0.000350443
-0.00209635
0.000343078
-0.0022713
0.00032993
-0.00244108
0.000311005
-0.00260306
0.000286463
-0.00275463
0.000256619
-0.00289333
0.000221928
-0.00301686
0.00018298
-0.00312317
0.000140477
-0.00321046
9.52207e-05
-0.00327726
4.80862e-05
-0.00332243
-0.00334521
1.21306e-05
-0.00010179
2.45305e-05
-0.000109225
3.74467e-05
-0.000124217
5.1084e-05
-0.000146994
6.55861e-05
-0.000177868
8.10211e-05
-0.000217202
9.73706e-05
-0.000265364
0.000114523
-0.000322689
0.000132272
-0.000389422
0.000150321
-0.00046568
0.000168293
-0.000551406
0.000185739
-0.000646335
0.000202164
-0.000749969
0.000217038
-0.000861561
0.000229824
-0.000980108
0.000240001
-0.00110436
0.000247083
-0.00123285
0.000250646
-0.00136388
0.000250341
-0.00149561
0.000245918
-0.00162608
0.000237232
-0.00175323
0.000224254
-0.001875
0.000207076
-0.00198935
0.000185907
-0.00209432
0.000161075
-0.00218806
0.000133009
-0.00226891
0.000102235
-0.00233544
6.93581e-05
-0.00238642
3.50437e-05
-0.00242093
-0.00243835
7.89004e-06
-6.48186e-05
1.59803e-05
-6.9791e-05
2.4456e-05
-7.98341e-05
3.34737e-05
-9.51348e-05
4.31484e-05
-0.000115952
5.3543e-05
-0.000142591
6.46599e-05
-0.000175374
7.64361e-05
-0.000214607
8.87401e-05
-0.000260545
0.000101374
-0.00031335
0.00011408
-0.000373069
0.000126543
-0.000439595
0.00013841
-0.00051265
0.000149297
-0.000591768
0.000158811
-0.000676288
0.00016656
-0.000765355
0.000172175
-0.000857927
0.000175327
-0.000952797
0.000175739
-0.00104861
0.000173202
-0.00114392
0.000167587
-0.00123717
0.00015885
-0.0013268
0.000147035
-0.00141125
0.000132283
-0.001489
0.000114818
-0.00155861
9.49516e-05
-0.00161879
7.30669e-05
-0.00166838
4.96108e-05
-0.00170645
2.50786e-05
-0.00173225
-0.00174527
5.0564e-06
-4.07216e-05
1.0257e-05
-4.39925e-05
1.57362e-05
-5.06101e-05
2.16093e-05
-6.07196e-05
2.79642e-05
-7.45236e-05
3.48537e-05
-9.2265e-05
4.22896e-05
-0.000114206
5.02385e-05
-0.000140603
5.86192e-05
-0.000171684
6.7303e-05
-0.000207616
7.61161e-05
-0.000248486
8.48446e-05
-0.000294277
9.32416e-05
-0.000344845
0.000101036
-0.000399912
0.000107945
-0.000459053
0.000113684
-0.000521695
0.00011798
-0.000587121
0.000120583
-0.000654482
0.000121282
-0.000722814
0.000119911
-0.000791057
0.00011636
-0.000858085
0.000110581
-0.000922734
0.000102595
-0.000983835
9.24885e-05
-0.00104024
8.04163e-05
-0.00109087
6.65965e-05
-0.00113473
5.1304e-05
-0.00117094
3.48619e-05
-0.00119877
1.76314e-05
-0.00121765
-0.00122718
3.19389e-06
-2.52454e-05
6.48878e-06
-2.73629e-05
9.97938e-06
-3.16542e-05
1.37481e-05
-3.82274e-05
1.78596e-05
-4.72344e-05
2.23555e-05
-5.88595e-05
2.72503e-05
-7.33051e-05
3.25278e-05
-9.07744e-05
3.81395e-05
-0.000111453
4.40036e-05
-0.000135493
5.00062e-05
-0.000162987
5.60039e-05
-0.000193961
6.18287e-05
-0.000228352
6.72932e-05
-0.000265999
7.21986e-05
-0.000306637
7.63424e-05
-0.000349892
7.95275e-05
-0.00039528
8.15718e-05
-0.000442217
8.23166e-05
-0.000490028
8.16349e-05
-0.000537963
7.94386e-05
-0.000585214
7.5684e-05
-0.000630939
7.03753e-05
-0.000674282
6.35667e-05
-0.000714402
5.53615e-05
-0.000750497
4.59101e-05
-0.000781826
3.54055e-05
-0.000807733
2.4077e-05
-0.000827669
1.21825e-05
-0.000841204
-0.000848046
1.98913e-06
-1.5448e-05
4.04725e-06
-1.67978e-05
6.23943e-06
-1.95376e-05
8.62301e-06
-2.37452e-05
1.1244e-05
-2.95308e-05
1.41337e-05
-3.7029e-05
1.73058e-05
-4.63895e-05
2.07538e-05
-5.77658e-05
2.44497e-05
-7.13025e-05
2.83425e-05
-8.71222e-05
3.23592e-05
-0.000105312
3.6406e-05
-0.000125912
4.03703e-05
-0.000148904
4.41256e-05
-0.000174199
4.75351e-05
-0.000201636
5.04581e-05
-0.000230976
5.27557e-05
-0.000261901
5.42975e-05
-0.000294016
5.49683e-05
-0.000326858
5.46738e-05
-0.000359908
5.33461e-05
-0.000392598
5.09482e-05
-0.00042433
4.74769e-05
-0.000454495
4.29644e-05
-0.000482488
3.74785e-05
-0.000507727
3.1121e-05
-0.000529675
2.4025e-05
-0.000547853
1.63499e-05
-0.000561858
8.27642e-06
-0.000571375
-0.000576188
1.22184e-06
-9.33225e-06
2.48975e-06
-1.01797e-05
3.84739e-06
-1.19027e-05
5.33369e-06
-1.45555e-05
6.98053e-06
-1.82155e-05
8.81056e-06
-2.2978e-05
1.08352e-05
-2.89501e-05
1.30531e-05
-3.62433e-05
1.54483e-05
-4.49652e-05
1.79901e-05
-5.52101e-05
2.06326e-05
-6.70505e-05
2.33153e-05
-8.05276e-05
2.59648e-05
-9.56436e-05
2.84968e-05
-0.000112355
3.08195e-05
-0.000130565
3.28369e-05
-0.000150125
3.44534e-05
-0.000170829
3.55777e-05
-0.000192417
3.61282e-05
-0.000214578
3.60368e-05
-0.000236956
3.5253e-05
-0.000259163
3.37472e-05
-0.000280785
3.15134e-05
-0.000301393
2.85699e-05
-0.000320564
2.49605e-05
-0.000337885
2.07528e-05
-0.000352974
1.60367e-05
-0.00036549
1.09214e-05
-0.000375143
5.53083e-06
-0.000381708
-0.00038503
7.40493e-07
-5.56661e-06
1.51112e-06
-6.09089e-06
2.34056e-06
-7.15848e-06
3.25464e-06
-8.80634e-06
4.27492e-06
-1.10873e-05
5.41728e-06
-1.40669e-05
6.69062e-06
-1.78196e-05
8.09567e-06
-2.2424e-05
9.62399e-06
-2.79569e-05
1.12573e-05
-3.4488e-05
1.29674e-05
-4.20733e-05
1.47161e-05
-5.07492e-05
1.64562e-05
-6.05263e-05
1.81328e-05
-7.13849e-05
1.96853e-05
-8.32706e-05
2.10496e-05
-9.60916e-05
2.21611e-05
-0.000109717
2.29575e-05
-0.000123979
2.33821e-05
-0.000138672
2.33869e-05
-0.00015356
2.29356e-05
-0.000168379
2.20056e-05
-0.000182849
2.05903e-05
-0.000196676
1.86999e-05
-0.000209567
1.63617e-05
-0.000221239
1.36203e-05
-0.000231423
1.05351e-05
-0.000239883
7.17957e-06
-0.000246414
3.6374e-06
-0.00025086
-0.000253111
4.42971e-07
-3.27849e-06
9.0527e-07
-3.5981e-06
1.40538e-06
-4.24991e-06
1.96008e-06
-5.25845e-06
2.58364e-06
-6.65893e-06
3.28688e-06
-8.49533e-06
4.07638e-06
-1.0818e-05
4.95363e-06
-1.36805e-05
5.91435e-06
-1.71364e-05
6.94799e-06
-2.12351e-05
8.03745e-06
-2.60178e-05
9.15907e-06
-3.15135e-05
1.02831e-05
-3.7735e-05
1.13744e-05
-4.46751e-05
1.23937e-05
-5.23038e-05
1.32991e-05
-6.05663e-05
1.40475e-05
-6.93813e-05
1.45974e-05
-7.86415e-05
1.49101e-05
-8.82145e-05
1.49528e-05
-9.79452e-05
1.46999e-05
-0.00010766
1.41347e-05
-0.000117171
1.32513e-05
-0.000126282
1.20551e-05
-0.000134794
1.0563e-05
-0.000142516
8.80359e-06
-0.000149265
6.81581e-06
-0.000154878
4.64798e-06
-0.000159217
2.35576e-06
-0.000162172
-0.000163669
2.61757e-07
-1.90535e-06
5.35699e-07
-2.09722e-06
8.33519e-07
-2.4891e-06
1.16594e-06
-3.09688e-06
1.5422e-06
-3.94347e-06
1.96952e-06
-5.05763e-06
2.45255e-06
-6.47252e-06
2.99286e-06
-8.22381e-06
3.58844e-06
-1.03475e-05
4.23333e-06
-1.28776e-05
4.91739e-06
-1.58432e-05
5.6262e-06
-1.92659e-05
6.3413e-06
-2.31574e-05
7.04058e-06
-2.75164e-05
7.69899e-06
-3.23273e-05
8.28948e-06
-3.75578e-05
8.78411e-06
-4.31584e-05
9.15541e-06
-4.90623e-05
9.37779e-06
-5.51852e-05
9.42896e-06
-6.14279e-05
9.29131e-06
-6.76776e-05
8.95311e-06
-7.38118e-05
8.40946e-06
-7.97015e-05
7.66296e-06
-8.52158e-05
6.72395e-06
-9.02266e-05
5.61044e-06
-9.46127e-05
4.34756e-06
-9.82653e-05
2.9667e-06
-0.000101091
1.50421e-06
-0.000103018
-0.000103994
1.53066e-07
-1.08988e-06
3.13701e-07
-1.20299e-06
4.89201e-07
-1.43434e-06
6.86309e-07
-1.79395e-06
9.10917e-07
-2.29632e-06
1.16774e-06
-2.95977e-06
1.45999e-06
-3.8055e-06
1.78901e-06
-4.85657e-06
2.15398e-06
-6.1365e-06
2.55162e-06
-7.66776e-06
2.976e-06
-9.47014e-06
3.41847e-06
-1.1559e-05
3.86774e-06
-1.39434e-05
4.31007e-06
-1.66247e-05
4.72973e-06
-1.9595e-05
5.10952e-06
-2.28359e-05
5.4315e-06
-2.63179e-05
5.67786e-06
-3.00001e-05
5.83179e-06
-3.38305e-05
5.87853e-06
-3.77467e-05
5.80616e-06
-4.16774e-05
5.60655e-06
-4.55445e-05
5.27593e-06
-4.92654e-05
4.8154e-06
-5.27558e-05
4.23117e-06
-5.59325e-05
3.53449e-06
-5.87173e-05
2.74133e-06
-6.10389e-05
1.87183e-06
-6.28368e-05
9.49439e-07
-6.4063e-05
-6.46846e-05
8.90462e-08
-6.07951e-07
1.82759e-07
-6.72776e-07
2.85655e-07
-8.05538e-07
4.0194e-07
-1.01233e-06
5.35341e-07
-1.30199e-06
6.88911e-07
-1.68572e-06
8.64819e-07
-2.17659e-06
1.06413e-06
-2.78888e-06
1.28659e-06
-3.5373e-06
1.53045e-06
-4.4361e-06
1.79228e-06
-5.49802e-06
2.06695e-06
-6.73327e-06
2.3476e-06
-8.1484e-06
2.62576e-06
-9.74527e-06
2.8916e-06
-1.15201e-05
3.13428e-06
-1.34629e-05
3.34235e-06
-1.55565e-05
3.50434e-06
-1.77767e-05
3.60931e-06
-2.00925e-05
3.64752e-06
-2.2466e-05
3.61103e-06
-2.48538e-05
3.49423e-06
-2.72078e-05
3.29433e-06
-2.94771e-05
3.01168e-06
-3.16093e-05
2.64997e-06
-3.35528e-05
2.21617e-06
-3.52586e-05
1.72038e-06
-3.66821e-05
1.17546e-06
-3.77854e-05
5.96454e-07
-3.85383e-05
-3.89201e-05
5.23855e-08
-3.19716e-07
1.07679e-07
-3.54579e-07
1.68704e-07
-4.26056e-07
2.38114e-07
-5.37582e-07
3.18291e-07
-6.94148e-07
4.11228e-07
-9.02106e-07
5.18399e-07
-1.16889e-06
6.40619e-07
-1.50269e-06
7.77897e-07
-1.91197e-06
9.29306e-07
-2.40503e-06
1.09287e-06
-2.98939e-06
1.26552e-06
-3.6712e-06
1.44304e-06
-4.45459e-06
1.62017e-06
-5.34111e-06
1.79068e-06
-6.32914e-06
1.94767e-06
-7.41342e-06
2.08373e-06
-8.58477e-06
2.19139e-06
-9.82989e-06
2.26345e-06
-1.11314e-05
2.29342e-06
-1.2468e-05
2.27591e-06
-1.38151e-05
2.20706e-06
-1.51455e-05
2.0848e-06
-1.64299e-05
1.90912e-06
-1.76384e-05
1.68223e-06
-1.87412e-05
1.4085e-06
-1.97101e-05
1.0944e-06
-2.05194e-05
7.48246e-07
-2.1147e-05
3.79826e-07
-2.15755e-05
-2.17928e-05
3.26834e-08
-1.36805e-07
6.72851e-08
-1.51952e-07
1.05676e-07
-1.83029e-07
1.49627e-07
-2.31576e-07
2.00748e-07
-2.99834e-07
2.60415e-07
-3.90658e-07
3.29682e-07
-5.07406e-07
4.09185e-07
-6.53778e-07
4.9904e-07
-8.33633e-07
5.98749e-07
-1.05076e-06
7.07116e-07
-1.30863e-06
8.22187e-07
-1.61012e-06
9.41236e-07
-1.95722e-06
1.06078e-06
-2.35077e-06
1.17668e-06
-2.79017e-06
1.28424e-06
-3.27322e-06
1.37841e-06
-3.79593e-06
1.45403e-06
-4.3524e-06
1.50608e-06
-4.93491e-06
1.52999e-06
-5.53395e-06
1.52192e-06
-6.13846e-06
1.47904e-06
-6.7361e-06
1.39976e-06
-7.31369e-06
1.28394e-06
-7.85762e-06
1.13294e-06
-8.35438e-06
9.49688e-07
-8.7911e-06
7.38573e-07
-9.15607e-06
5.05291e-07
-9.43923e-06
2.56597e-07
-9.63262e-06
-9.73072e-06
2.41278e-08
4.97313e-08
7.82534e-08
1.11068e-07
1.49437e-07
1.94452e-07
2.4697e-07
3.07536e-07
3.76303e-07
4.52951e-07
5.36621e-07
6.25856e-07
7.18586e-07
8.12135e-07
9.03278e-07
9.8834e-07
1.06334e-06
1.12417e-06
1.16682e-06
1.18759e-06
1.18337e-06
1.15181e-06
1.09158e-06
1.00246e-06
8.8547e-07
7.42869e-07
5.78107e-07
3.95694e-07
2.00997e-07
)
;

boundaryField
{
    outerWall
    {
        type            calculated;
        value           uniform 0;
    }
    axis
    {
        type            symmetryPlane;
        value           uniform 0;
    }
    nozzle
    {
        type            calculated;
        value           nonuniform List<scalar> 5(0.952598 0.95264 0.95264 0.95264 0.952599);
    }
    back
    {
        type            empty;
    }
    front
    {
        type            empty;
    }
}


// ************************************************************************* //
