/*--------------------------------*- C++ -*----------------------------------*\
| =========                 |                                                 |
| \\      /  F ield         | OpenFOAM: The Open Source CFD Toolbox           |
|  \\    /   O peration     | Version:  2412                                  |
|   \\  /    A nd           | Website:  www.openfoam.com                      |
|    \\/     M anipulation  |                                                 |
\*---------------------------------------------------------------------------*/
FoamFile
{
    version     2.0;
    format      ascii;
    arch        "LSB;label=32;scalar=64";
    class       volScalarField;
    location    "0.000115";
    object      p;
}
// * * * * * * * * * * * * * * * * * * * * * * * * * * * * * * * * * * * * * //

dimensions      [1 -1 -2 0 0 0 0];

internalField   nonuniform List<scalar> 
3725
(
6.50654e+06
6.59773e+06
6.76608e+06
6.98719e+06
7.23296e+06
7.47682e+06
7.69904e+06
7.8887e+06
8.0429e+06
8.16429e+06
8.2583e+06
8.33103e+06
8.38791e+06
8.43322e+06
8.47009e+06
8.5007e+06
8.52654e+06
8.54869e+06
8.56783e+06
8.58441e+06
8.5989e+06
8.61146e+06
8.62226e+06
8.63146e+06
8.63912e+06
8.64533e+06
8.65013e+06
8.65359e+06
8.65586e+06
8.65699e+06
6.52613e+06
6.61528e+06
6.77999e+06
6.99653e+06
7.23767e+06
7.47756e+06
7.69695e+06
7.88503e+06
8.03866e+06
8.16014e+06
8.25459e+06
8.32783e+06
8.38515e+06
8.43079e+06
8.46792e+06
8.49871e+06
8.52472e+06
8.54697e+06
8.56618e+06
8.58282e+06
8.59736e+06
8.60993e+06
8.62072e+06
8.62989e+06
8.63748e+06
8.64361e+06
8.64833e+06
8.65175e+06
8.65397e+06
8.65507e+06
6.56462e+06
6.64985e+06
6.80753e+06
7.01542e+06
7.24742e+06
7.47948e+06
7.69324e+06
7.87807e+06
8.03046e+06
8.15204e+06
8.24725e+06
8.32143e+06
8.37957e+06
8.42588e+06
8.46353e+06
8.49471e+06
8.52098e+06
8.54346e+06
8.56286e+06
8.5796e+06
8.59423e+06
8.60681e+06
8.61758e+06
8.62667e+06
8.63412e+06
8.64007e+06
8.64464e+06
8.64792e+06
8.65003e+06
8.65107e+06
6.62068e+06
6.70036e+06
6.84806e+06
7.04342e+06
7.26261e+06
7.48343e+06
7.68884e+06
7.86864e+06
8.01889e+06
8.14033e+06
8.23644e+06
8.31184e+06
8.37116e+06
8.41845e+06
8.45682e+06
8.48859e+06
8.51535e+06
8.53818e+06
8.5578e+06
8.57476e+06
8.58948e+06
8.60203e+06
8.61275e+06
8.62168e+06
8.62887e+06
8.63454e+06
8.63881e+06
8.64183e+06
8.64374e+06
8.64465e+06
6.69241e+06
6.76528e+06
6.90071e+06
7.08054e+06
7.28359e+06
7.49028e+06
7.68495e+06
7.85796e+06
8.00496e+06
8.12567e+06
8.22251e+06
8.29923e+06
8.35993e+06
8.40843e+06
8.44777e+06
8.48034e+06
8.50772e+06
8.531e+06
8.55102e+06
8.56822e+06
8.58301e+06
8.5955e+06
8.60608e+06
8.6147e+06
8.6215e+06
8.62669e+06
8.63046e+06
8.63301e+06
8.63455e+06
8.63526e+06
6.77738e+06
6.84264e+06
6.96426e+06
7.12668e+06
7.31148e+06
7.50151e+06
7.68321e+06
7.84758e+06
7.98993e+06
8.109e+06
8.20604e+06
8.28387e+06
8.34598e+06
8.3958e+06
8.43633e+06
8.46984e+06
8.49796e+06
8.52184e+06
8.54227e+06
8.55984e+06
8.5746e+06
8.58702e+06
8.59735e+06
8.60547e+06
8.61161e+06
8.61604e+06
8.61898e+06
8.62076e+06
8.62169e+06
8.62207e+06
6.87283e+06
6.9301e+06
7.03721e+06
7.18115e+06
7.34625e+06
7.51834e+06
7.68542e+06
7.83944e+06
7.97552e+06
8.09162e+06
8.18794e+06
8.26634e+06
8.3296e+06
8.38071e+06
8.42244e+06
8.45696e+06
8.48598e+06
8.51057e+06
8.53154e+06
8.54953e+06
8.56415e+06
8.57641e+06
8.58626e+06
8.59357e+06
8.5987e+06
8.6019e+06
8.60353e+06
8.60407e+06
8.60404e+06
8.60389e+06
6.97573e+06
7.02509e+06
7.11777e+06
7.24317e+06
7.38855e+06
7.54188e+06
7.69332e+06
7.83551e+06
7.96367e+06
8.07517e+06
8.16942e+06
8.24744e+06
8.31128e+06
8.3634e+06
8.4062e+06
8.44175e+06
8.47166e+06
8.49704e+06
8.51855e+06
8.53681e+06
8.5514e+06
8.56341e+06
8.57244e+06
8.57852e+06
8.58206e+06
8.58338e+06
8.58299e+06
8.58164e+06
8.58012e+06
8.57915e+06
7.08296e+06
7.1249e+06
7.20397e+06
7.31176e+06
7.43802e+06
7.57297e+06
7.70845e+06
7.83787e+06
7.95654e+06
8.06166e+06
8.15215e+06
8.22842e+06
8.29184e+06
8.34432e+06
8.38784e+06
8.42421e+06
8.45495e+06
8.48105e+06
8.50313e+06
8.52124e+06
8.53612e+06
8.54764e+06
8.55538e+06
8.55965e+06
8.56086e+06
8.55937e+06
8.55597e+06
8.55178e+06
8.54803e+06
8.5458e+06
7.19143e+06
7.22679e+06
7.2937e+06
7.38558e+06
7.49445e+06
7.61228e+06
7.73222e+06
7.84836e+06
7.95631e+06
8.05333e+06
8.13821e+06
8.21097e+06
8.27254e+06
8.32433e+06
8.36786e+06
8.40463e+06
8.43589e+06
8.4625e+06
8.48498e+06
8.50348e+06
8.51799e+06
8.52851e+06
8.53442e+06
8.53619e+06
8.53404e+06
8.52851e+06
8.52077e+06
8.51246e+06
8.50543e+06
8.50135e+06
7.29825e+06
7.32809e+06
7.38476e+06
7.46315e+06
7.5571e+06
7.6598e+06
7.76535e+06
7.86841e+06
7.96498e+06
8.05252e+06
8.12994e+06
8.19725e+06
8.25518e+06
8.3048e+06
8.34724e+06
8.38361e+06
8.41481e+06
8.44151e+06
8.46402e+06
8.48253e+06
8.49696e+06
8.50542e+06
8.50891e+06
8.50726e+06
8.50044e+06
8.48926e+06
8.47545e+06
8.46131e+06
8.44959e+06
8.44284e+06
7.40085e+06
7.42636e+06
7.47498e+06
7.54265e+06
7.62444e+06
7.71474e+06
7.80792e+06
7.89898e+06
7.98419e+06
8.06138e+06
8.12979e+06
8.18973e+06
8.24203e+06
8.28762e+06
8.32744e+06
8.36222e+06
8.39248e+06
8.41858e+06
8.44056e+06
8.45819e+06
8.47114e+06
8.47774e+06
8.47825e+06
8.47196e+06
8.45882e+06
8.44004e+06
8.41795e+06
8.39576e+06
8.37749e+06
8.36689e+06
7.4971e+06
7.5195e+06
7.56233e+06
7.62225e+06
7.69512e+06
7.77603e+06
7.8594e+06
7.94027e+06
8.01494e+06
8.08159e+06
8.13999e+06
8.19095e+06
8.23566e+06
8.27523e+06
8.31055e+06
8.34214e+06
8.3702e+06
8.39471e+06
8.41535e+06
8.43144e+06
8.44191e+06
8.4462e+06
8.4422e+06
8.42959e+06
8.40818e+06
8.37945e+06
8.34635e+06
8.31327e+06
8.28593e+06
8.26984e+06
7.58536e+06
7.60582e+06
7.64502e+06
7.7001e+06
7.76738e+06
7.84214e+06
7.91867e+06
7.99165e+06
8.05734e+06
8.1141e+06
8.16221e+06
8.20317e+06
8.23871e+06
8.27038e+06
8.29925e+06
8.32581e+06
8.35005e+06
8.37159e+06
8.38969e+06
8.40325e+06
8.41083e+06
8.41093e+06
8.40097e+06
8.38007e+06
8.34812e+06
8.30664e+06
8.2592e+06
8.21156e+06
8.17181e+06
8.14785e+06
7.66453e+06
7.68405e+06
7.72156e+06
7.77448e+06
7.83932e+06
7.91122e+06
7.9841e+06
8.05188e+06
8.1107e+06
8.15896e+06
8.19738e+06
8.22808e+06
8.25353e+06
8.27586e+06
8.29652e+06
8.31621e+06
8.33482e+06
8.35171e+06
8.36574e+06
8.37528e+06
8.37822e+06
8.37238e+06
8.355e+06
8.32414e+06
8.27922e+06
8.22175e+06
8.15595e+06
8.08912e+06
8.03245e+06
7.99699e+06
7.73399e+06
7.75344e+06
7.79088e+06
7.84388e+06
7.90896e+06
7.98107e+06
8.05337e+06
8.11904e+06
8.17357e+06
8.21542e+06
8.24555e+06
8.26665e+06
8.28189e+06
8.29408e+06
8.30527e+06
8.31647e+06
8.32768e+06
8.33818e+06
8.34647e+06
8.3504e+06
8.34729e+06
8.33379e+06
8.30726e+06
8.26417e+06
8.2035e+06
8.12641e+06
8.03761e+06
7.94589e+06
7.86614e+06
7.81382e+06
7.7936e+06
7.81364e+06
7.85228e+06
7.90718e+06
7.97483e+06
8.04972e+06
8.1242e+06
8.1907e+06
8.24393e+06
8.2819e+06
8.30585e+06
8.31881e+06
8.32457e+06
8.32667e+06
8.32776e+06
8.32936e+06
8.33177e+06
8.33429e+06
8.33522e+06
8.33197e+06
8.32125e+06
8.29896e+06
8.26122e+06
8.20373e+06
8.12457e+06
8.02424e+06
7.90744e+06
7.78401e+06
7.67205e+06
7.59161e+06
7.84363e+06
7.86474e+06
7.90549e+06
7.9636e+06
8.03553e+06
8.11516e+06
8.19418e+06
8.26432e+06
8.31912e+06
8.35612e+06
8.37642e+06
8.3833e+06
8.3811e+06
8.37399e+06
8.36523e+06
8.35689e+06
8.3497e+06
8.34312e+06
8.33538e+06
8.3236e+06
8.30384e+06
8.27136e+06
8.22079e+06
8.14764e+06
8.04783e+06
7.92132e+06
7.77178e+06
7.60954e+06
7.45765e+06
7.3397e+06
7.88464e+06
7.90713e+06
7.95059e+06
8.01276e+06
8.09002e+06
8.1758e+06
8.26145e+06
8.3373e+06
8.39621e+06
8.43507e+06
8.45448e+06
8.45786e+06
8.44987e+06
8.4352e+06
8.41771e+06
8.39998e+06
8.38321e+06
8.36712e+06
8.35002e+06
8.32885e+06
8.29917e+06
8.25559e+06
8.19186e+06
8.10174e+06
7.9804e+06
7.82575e+06
7.63748e+06
7.4236e+06
7.20337e+06
7.00176e+06
7.9174e+06
7.94147e+06
7.98796e+06
8.05464e+06
8.1378e+06
8.23049e+06
8.32399e+06
8.40739e+06
8.47252e+06
8.51558e+06
8.53679e+06
8.53944e+06
8.52832e+06
8.50838e+06
8.48398e+06
8.45823e+06
8.43276e+06
8.4076e+06
8.38123e+06
8.35054e+06
8.3108e+06
8.25604e+06
8.17923e+06
8.07308e+06
7.93153e+06
7.7496e+06
7.52372e+06
7.25933e+06
6.97162e+06
6.68298e+06
7.94033e+06
7.96589e+06
8.0152e+06
8.08602e+06
8.17443e+06
8.27432e+06
8.37532e+06
8.46617e+06
8.53811e+06
8.58667e+06
8.61166e+06
8.61605e+06
8.60457e+06
8.58229e+06
8.55385e+06
8.52272e+06
8.49089e+06
8.45869e+06
8.42482e+06
8.38622e+06
8.33811e+06
8.27419e+06
8.18695e+06
8.0684e+06
7.91025e+06
7.70486e+06
7.44157e+06
7.11606e+06
6.67093e+06
6.04759e+06
7.95658e+06
7.98346e+06
8.03527e+06
8.10985e+06
8.2035e+06
8.30934e+06
8.41691e+06
8.51457e+06
8.59306e+06
8.64738e+06
8.67694e+06
8.68435e+06
8.6742e+06
8.6516e+06
8.62129e+06
8.58694e+06
8.55085e+06
8.5136e+06
8.47411e+06
8.42944e+06
8.37488e+06
8.30403e+06
8.20916e+06
8.08193e+06
7.91344e+06
7.6948e+06
7.41481e+06
7.06458e+06
6.58758e+06
5.95626e+06
7.96891e+06
7.99723e+06
8.05174e+06
8.13009e+06
8.2286e+06
8.34024e+06
8.45425e+06
8.55871e+06
8.64393e+06
8.70453e+06
8.73949e+06
8.75111e+06
8.74375e+06
8.72248e+06
8.69202e+06
8.65616e+06
8.61741e+06
8.5766e+06
8.53286e+06
8.48346e+06
8.42387e+06
8.34778e+06
8.24748e+06
8.11449e+06
7.9398e+06
7.71401e+06
7.42391e+06
7.05622e+06
6.54456e+06
5.89331e+06
7.97836e+06
8.00802e+06
8.065e+06
8.147e+06
8.25015e+06
8.36725e+06
8.48742e+06
8.59841e+06
8.69026e+06
8.75728e+06
8.79813e+06
8.81482e+06
8.81143e+06
8.79289e+06
8.76387e+06
8.72821e+06
8.68848e+06
8.64576e+06
8.59937e+06
8.54686e+06
8.48397e+06
8.40467e+06
8.30155e+06
8.1664e+06
7.99066e+06
7.76584e+06
7.48083e+06
7.12441e+06
6.63459e+06
5.99498e+06
7.98509e+06
8.01612e+06
8.07555e+06
8.16104e+06
8.26861e+06
8.3908e+06
8.51663e+06
8.63368e+06
8.7318e+06
8.8051e+06
8.852e+06
8.87423e+06
8.87565e+06
8.86099e+06
8.83478e+06
8.80084e+06
8.76179e+06
8.71881e+06
8.67148e+06
8.61764e+06
8.55336e+06
8.47304e+06
8.3698e+06
8.23608e+06
8.06417e+06
7.84702e+06
7.57558e+06
7.24203e+06
6.77914e+06
6.13335e+06
4.92912e+06
4.43558e+06
3.93356e+06
3.47758e+06
3.07245e+06
2.71398e+06
2.39918e+06
2.1242e+06
1.88456e+06
1.67543e+06
1.4921e+06
1.33022e+06
1.18595e+06
1.056e+06
937575
828380
726528
630474
539004
451047
365814
282714
200905
120742
40668.9
5.03978e+06
4.46815e+06
3.95171e+06
3.48744e+06
3.07698e+06
2.71615e+06
2.40035e+06
2.12494e+06
1.88506e+06
1.67578e+06
1.49232e+06
1.33034e+06
1.18602e+06
1.05603e+06
937590
828386
726530
630475
539004
451047
365814
282714
200905
120742
40669
4.96835e+06
4.4386e+06
3.93614e+06
3.4784e+06
3.07225e+06
2.71375e+06
2.39926e+06
2.12462e+06
1.88509e+06
1.6759e+06
1.49241e+06
1.33039e+06
1.18603e+06
1.05603e+06
937582
828379
726525
630472
539003
451047
365814
282715
200905
120743
40669
5.04765e+06
4.47226e+06
3.95349e+06
3.48827e+06
3.07743e+06
2.71658e+06
2.40099e+06
2.12578e+06
1.88589e+06
1.67643e+06
1.49274e+06
1.33059e+06
1.18614e+06
1.05608e+06
937605
828389
726528
630474
539003
451047
365814
282715
200905
120743
40669
4.92494e+06
4.43746e+06
3.9345e+06
3.47806e+06
3.07258e+06
2.71424e+06
2.39983e+06
2.12521e+06
1.88564e+06
1.67633e+06
1.49271e+06
1.33057e+06
1.18613e+06
1.05607e+06
937599
828384
726526
630472
539003
451047
365814
282715
200906
120743
40669
7.99009e+06
8.02266e+06
8.08488e+06
8.17424e+06
8.28649e+06
8.41399e+06
8.54558e+06
8.66878e+06
8.77337e+06
8.85335e+06
8.90693e+06
8.93562e+06
8.94303e+06
8.93364e+06
8.91183e+06
8.8813e+06
8.84465e+06
8.80317e+06
8.75666e+06
8.7033e+06
8.63963e+06
8.56063e+06
8.46021e+06
8.3319e+06
8.16957e+06
7.96864e+06
7.72737e+06
7.4496e+06
7.14779e+06
6.85221e+06
7.9927e+06
8.02696e+06
8.09236e+06
8.18595e+06
8.30308e+06
8.4358e+06
8.57285e+06
8.70178e+06
8.81248e+06
8.89894e+06
8.9593e+06
8.99492e+06
9.00919e+06
9.00634e+06
8.99053e+06
8.96529e+06
8.93315e+06
8.89546e+06
8.85219e+06
8.80193e+06
8.74175e+06
8.66741e+06
8.57383e+06
8.45581e+06
8.30902e+06
8.13128e+06
7.92443e+06
7.69651e+06
7.46566e+06
7.25697e+06
7.99302e+06
8.02898e+06
8.09765e+06
8.19548e+06
8.3172e+06
8.4545e+06
8.59602e+06
8.72949e+06
8.84501e+06
8.93674e+06
9.00286e+06
9.04469e+06
9.06546e+06
9.06918e+06
9.0598e+06
9.04066e+06
9.01419e+06
8.98175e+06
8.9435e+06
8.89834e+06
8.84391e+06
8.77675e+06
8.69279e+06
8.58806e+06
8.45989e+06
8.30828e+06
8.13787e+06
7.95937e+06
7.7955e+06
7.67016e+06
7.9916e+06
8.02936e+06
8.10146e+06
8.20357e+06
8.32969e+06
8.47099e+06
8.61608e+06
8.75289e+06
8.87191e+06
8.96758e+06
9.03825e+06
9.08526e+06
9.11176e+06
9.12159e+06
9.11851e+06
9.10568e+06
9.0854e+06
9.05904e+06
9.02688e+06
8.98815e+06
8.94099e+06
8.8827e+06
8.81011e+06
8.72034e+06
8.61194e+06
8.48611e+06
8.34821e+06
8.20855e+06
8.08567e+06
7.99938e+06
7.98897e+06
8.02866e+06
8.10437e+06
8.21089e+06
8.34126e+06
8.4861e+06
8.63391e+06
8.77297e+06
8.89423e+06
8.99251e+06
9.06642e+06
9.11743e+06
9.14864e+06
9.16379e+06
9.16645e+06
9.15963e+06
9.14553e+06
9.12547e+06
9.09985e+06
9.06817e+06
9.02904e+06
8.9804e+06
8.9199e+06
8.84553e+06
8.75664e+06
8.655e+06
8.54594e+06
8.43869e+06
8.3485e+06
8.29068e+06
7.98562e+06
8.02741e+06
8.10694e+06
8.21798e+06
8.35252e+06
8.50049e+06
8.6503e+06
8.79062e+06
8.91295e+06
9.01259e+06
9.08849e+06
9.14228e+06
9.17708e+06
9.19656e+06
9.20415e+06
9.20271e+06
9.19433e+06
9.1803e+06
9.16111e+06
9.13649e+06
9.10544e+06
9.06646e+06
9.01784e+06
8.95828e+06
8.88762e+06
8.80776e+06
8.72344e+06
8.64242e+06
8.57623e+06
8.53596e+06
7.98206e+06
8.02609e+06
8.10963e+06
8.22533e+06
8.36396e+06
8.5147e+06
8.66586e+06
8.80657e+06
8.92895e+06
9.02885e+06
9.10559e+06
9.16101e+06
9.19831e+06
9.22108e+06
9.23265e+06
9.23574e+06
9.23236e+06
9.22376e+06
9.21049e+06
9.19245e+06
9.16899e+06
9.13905e+06
9.10146e+06
9.05538e+06
9.00096e+06
8.93997e+06
8.87634e+06
8.81625e+06
8.76813e+06
8.73997e+06
7.9788e+06
8.02521e+06
8.11291e+06
8.23335e+06
8.37597e+06
8.52913e+06
8.68106e+06
8.8214e+06
8.94293e+06
9.04213e+06
9.11872e+06
9.17478e+06
9.21358e+06
9.23867e+06
9.25327e+06
9.25999e+06
9.26076e+06
9.25678e+06
9.24865e+06
9.23643e+06
9.21971e+06
9.1978e+06
9.1699e+06
9.13554e+06
9.095e+06
9.04977e+06
9.00299e+06
8.95934e+06
8.92486e+06
8.90518e+06
7.9764e+06
8.02527e+06
8.1172e+06
8.24236e+06
8.38882e+06
8.54405e+06
8.69622e+06
8.83551e+06
8.95545e+06
9.05315e+06
9.12877e+06
9.18463e+06
9.22407e+06
9.25061e+06
9.26737e+06
9.27687e+06
9.28092e+06
9.2807e+06
9.27685e+06
9.26952e+06
9.25852e+06
9.24339e+06
9.22366e+06
9.19906e+06
9.16991e+06
9.13744e+06
9.10399e+06
9.07304e+06
9.04881e+06
9.0352e+06
7.9755e+06
8.02682e+06
8.12294e+06
8.25268e+06
8.4027e+06
8.55961e+06
8.71151e+06
8.84917e+06
8.96688e+06
9.06242e+06
9.13641e+06
9.1914e+06
9.2308e+06
9.25808e+06
9.27627e+06
9.28777e+06
9.29432e+06
9.29705e+06
9.2966e+06
9.29323e+06
9.28686e+06
9.27725e+06
9.26412e+06
9.24735e+06
9.22724e+06
9.20474e+06
9.18158e+06
9.16023e+06
9.14361e+06
9.13438e+06
7.9768e+06
8.03047e+06
8.13055e+06
8.26454e+06
8.41773e+06
8.57587e+06
8.72699e+06
8.86248e+06
8.97743e+06
9.07029e+06
9.14216e+06
9.19577e+06
9.23461e+06
9.26207e+06
9.28109e+06
9.29397e+06
9.30234e+06
9.3073e+06
9.30948e+06
9.30918e+06
9.30644e+06
9.30115e+06
9.29316e+06
9.28245e+06
9.26929e+06
9.25436e+06
9.23892e+06
9.22468e+06
9.21363e+06
9.20752e+06
7.98107e+06
8.03688e+06
8.1405e+06
8.2782e+06
8.43397e+06
8.59277e+06
8.74261e+06
8.87545e+06
8.98719e+06
9.07698e+06
9.14634e+06
9.19823e+06
9.23613e+06
9.26337e+06
9.28278e+06
9.29654e+06
9.3062e+06
9.31279e+06
9.31693e+06
9.31895e+06
9.31896e+06
9.31694e+06
9.31284e+06
9.30669e+06
9.29869e+06
9.28935e+06
9.27956e+06
9.27046e+06
9.26338e+06
9.25948e+06
7.98919e+06
8.04677e+06
8.15327e+06
8.29387e+06
8.45143e+06
8.61021e+06
8.75822e+06
8.88798e+06
8.99616e+06
9.08258e+06
9.14919e+06
9.19911e+06
9.23582e+06
9.26257e+06
9.28207e+06
9.29635e+06
9.30688e+06
9.31464e+06
9.32022e+06
9.32395e+06
9.32599e+06
9.32639e+06
9.32514e+06
9.3223e+06
9.31804e+06
9.31273e+06
9.30695e+06
9.30149e+06
9.2972e+06
9.29483e+06
8.00208e+06
8.0609e+06
8.16937e+06
8.31178e+06
8.47009e+06
8.62804e+06
8.77362e+06
8.8999e+06
9.00424e+06
9.08709e+06
9.15078e+06
9.1986e+06
9.234e+06
9.2601e+06
9.27947e+06
9.29404e+06
9.30516e+06
9.31374e+06
9.32035e+06
9.32533e+06
9.32885e+06
9.33099e+06
9.33178e+06
9.3313e+06
9.32969e+06
9.3272e+06
9.32422e+06
9.32126e+06
9.31888e+06
9.31755e+06
8.02073e+06
8.0801e+06
8.18934e+06
8.33216e+06
8.48994e+06
8.64605e+06
8.78857e+06
8.91098e+06
9.01126e+06
9.09043e+06
9.15115e+06
9.19683e+06
9.23085e+06
9.25623e+06
9.27537e+06
9.29006e+06
9.30158e+06
9.31075e+06
9.31812e+06
9.32401e+06
9.32859e+06
9.33196e+06
9.3342e+06
9.33537e+06
9.33559e+06
9.33502e+06
9.33395e+06
9.33269e+06
9.33159e+06
9.33096e+06
8.04611e+06
8.10519e+06
8.21373e+06
8.35526e+06
8.51095e+06
8.66405e+06
8.80278e+06
8.92095e+06
9.01704e+06
9.09248e+06
9.15026e+06
9.19382e+06
9.22649e+06
9.25113e+06
9.27e+06
9.28475e+06
9.29654e+06
9.30616e+06
9.31408e+06
9.32063e+06
9.32598e+06
9.33025e+06
9.33351e+06
9.33582e+06
9.33728e+06
9.33802e+06
9.33822e+06
9.33809e+06
9.33784e+06
9.33766e+06
8.07918e+06
8.13698e+06
8.24314e+06
8.38139e+06
8.53315e+06
8.68189e+06
8.81599e+06
8.92955e+06
9.02133e+06
9.09311e+06
9.14802e+06
9.18956e+06
9.22095e+06
9.2449e+06
9.2635e+06
9.27828e+06
9.2903e+06
9.30027e+06
9.30863e+06
9.31569e+06
9.32162e+06
9.32653e+06
9.3305e+06
9.3336e+06
9.33592e+06
9.33754e+06
9.33858e+06
9.33919e+06
9.3395e+06
9.33962e+06
8.12081e+06
8.17625e+06
8.27812e+06
8.41088e+06
8.55665e+06
8.69945e+06
8.82798e+06
8.9365e+06
9.02392e+06
9.09212e+06
9.14433e+06
9.18399e+06
9.21423e+06
9.23757e+06
9.25595e+06
9.27077e+06
9.283e+06
9.29328e+06
9.30202e+06
9.30949e+06
9.31586e+06
9.32126e+06
9.32576e+06
9.32942e+06
9.33233e+06
9.33454e+06
9.33615e+06
9.33724e+06
9.33791e+06
9.33822e+06
8.17171e+06
8.22365e+06
8.31924e+06
8.44411e+06
8.58163e+06
8.71674e+06
8.8386e+06
8.9416e+06
9.02458e+06
9.08935e+06
9.13906e+06
9.17704e+06
9.20627e+06
9.22912e+06
9.24737e+06
9.26228e+06
9.27473e+06
9.28531e+06
9.29439e+06
9.30222e+06
9.30897e+06
9.31476e+06
9.31966e+06
9.32374e+06
9.32706e+06
9.32968e+06
9.33167e+06
9.33309e+06
9.334e+06
9.33444e+06
8.2324e+06
8.2797e+06
8.36698e+06
8.48151e+06
8.60841e+06
8.7339e+06
8.84785e+06
8.94472e+06
9.02314e+06
9.08463e+06
9.13207e+06
9.16861e+06
9.19703e+06
9.21952e+06
9.23773e+06
9.25279e+06
9.26551e+06
9.2764e+06
9.28582e+06
9.29399e+06
9.30109e+06
9.30721e+06
9.31244e+06
9.31684e+06
9.32048e+06
9.3234e+06
9.32566e+06
9.32731e+06
9.32838e+06
9.3289e+06
8.30312e+06
8.34469e+06
8.42173e+06
8.52355e+06
8.63741e+06
8.75127e+06
8.85589e+06
8.94587e+06
9.01952e+06
9.07783e+06
9.12325e+06
9.1586e+06
9.18641e+06
9.20871e+06
9.22699e+06
9.24228e+06
9.25531e+06
9.26655e+06
9.27633e+06
9.28485e+06
9.29227e+06
9.2987e+06
9.30422e+06
9.30891e+06
9.3128e+06
9.31596e+06
9.31843e+06
9.32024e+06
9.32143e+06
9.32202e+06
8.38375e+06
8.41866e+06
8.48377e+06
8.57068e+06
8.66921e+06
8.76938e+06
8.86312e+06
8.94528e+06
9.01375e+06
9.06887e+06
9.11246e+06
9.14687e+06
9.17431e+06
9.1966e+06
9.21508e+06
9.23069e+06
9.2441e+06
9.25574e+06
9.26589e+06
9.27478e+06
9.28253e+06
9.28927e+06
9.29508e+06
9.30002e+06
9.30414e+06
9.3075e+06
9.31014e+06
9.31209e+06
9.31337e+06
9.314e+06
8.47382e+06
8.50134e+06
8.55314e+06
8.62332e+06
8.70449e+06
8.789e+06
8.87022e+06
8.9434e+06
9.00607e+06
9.05782e+06
9.09966e+06
9.13333e+06
9.16061e+06
9.18307e+06
9.2019e+06
9.21794e+06
9.23181e+06
9.24389e+06
9.25447e+06
9.26374e+06
9.27185e+06
9.27891e+06
9.285e+06
9.29019e+06
9.29454e+06
9.29808e+06
9.30087e+06
9.30294e+06
9.3043e+06
9.30498e+06
8.57243e+06
8.59211e+06
8.62969e+06
8.68182e+06
8.74399e+06
8.81109e+06
8.87814e+06
8.94101e+06
8.99698e+06
9.0449e+06
9.0849e+06
9.11791e+06
9.14521e+06
9.16802e+06
9.18734e+06
9.20393e+06
9.21833e+06
9.23092e+06
9.24198e+06
9.25168e+06
9.26017e+06
9.26757e+06
9.27396e+06
9.27941e+06
9.28397e+06
9.28771e+06
9.29065e+06
9.29283e+06
9.29427e+06
9.29498e+06
8.67828e+06
8.68997e+06
8.71297e+06
8.74637e+06
8.78848e+06
8.83676e+06
8.88808e+06
8.93918e+06
8.9873e+06
9.03062e+06
9.06837e+06
9.10064e+06
9.12802e+06
9.1513e+06
9.17126e+06
9.18851e+06
9.20356e+06
9.21674e+06
9.22832e+06
9.2385e+06
9.24741e+06
9.25518e+06
9.26189e+06
9.26761e+06
9.27241e+06
9.27634e+06
9.27944e+06
9.28173e+06
9.28325e+06
9.284e+06
8.78969e+06
8.79359e+06
8.80227e+06
8.81697e+06
8.83862e+06
8.86719e+06
8.90148e+06
8.93932e+06
8.97819e+06
9.0158e+06
9.05058e+06
9.08171e+06
9.10904e+06
9.13283e+06
9.15352e+06
9.17156e+06
9.18734e+06
9.2012e+06
9.21339e+06
9.2241e+06
9.23348e+06
9.24165e+06
9.2487e+06
9.25473e+06
9.25978e+06
9.26391e+06
9.26717e+06
9.26959e+06
9.27118e+06
9.27198e+06
8.90468e+06
8.90133e+06
8.89652e+06
8.89331e+06
8.8949e+06
8.90351e+06
8.91987e+06
8.9431e+06
8.97117e+06
9.00165e+06
9.03233e+06
9.06158e+06
9.08847e+06
9.11261e+06
9.13402e+06
9.1529e+06
9.16953e+06
9.18416e+06
9.19703e+06
9.20834e+06
9.21823e+06
9.22685e+06
9.2343e+06
9.24065e+06
9.24597e+06
9.25033e+06
9.25377e+06
9.25631e+06
9.258e+06
9.25884e+06
9.02104e+06
9.01128e+06
8.99439e+06
8.97482e+06
8.95752e+06
8.94667e+06
8.94477e+06
8.9523e+06
8.96806e+06
8.98977e+06
9.01488e+06
9.0411e+06
9.06676e+06
9.09081e+06
9.11275e+06
9.13244e+06
9.14994e+06
9.16542e+06
9.17906e+06
9.19105e+06
9.20154e+06
9.21066e+06
9.21854e+06
9.22525e+06
9.23088e+06
9.23549e+06
9.23912e+06
9.24181e+06
9.24358e+06
9.24447e+06
9.13647e+06
9.12139e+06
9.09431e+06
9.06056e+06
9.02633e+06
8.99729e+06
8.97747e+06
8.96873e+06
8.97088e+06
8.98212e+06
8.9999e+06
9.02155e+06
9.04479e+06
9.06793e+06
9.08992e+06
9.11018e+06
9.12849e+06
9.14483e+06
9.1593e+06
9.17204e+06
9.1832e+06
9.19289e+06
9.20126e+06
9.20838e+06
9.21435e+06
9.21924e+06
9.22308e+06
9.22593e+06
9.22781e+06
9.22875e+06
9.24872e+06
9.22957e+06
9.19451e+06
9.14928e+06
9.10074e+06
9.05555e+06
9.01892e+06
8.99398e+06
8.98163e+06
8.98087e+06
8.98948e+06
9.00472e+06
9.02394e+06
9.04495e+06
9.06612e+06
9.08641e+06
9.10523e+06
9.12231e+06
9.13759e+06
9.15112e+06
9.163e+06
9.17334e+06
9.18226e+06
9.18985e+06
9.19621e+06
9.2014e+06
9.20549e+06
9.20852e+06
9.21053e+06
9.21152e+06
9.35569e+06
9.33379e+06
9.29316e+06
9.23946e+06
9.17974e+06
9.12109e+06
9.06952e+06
9.0292e+06
9.00211e+06
8.98822e+06
8.98595e+06
8.99284e+06
9.00615e+06
9.02336e+06
9.04243e+06
9.06182e+06
9.08054e+06
9.09801e+06
9.11392e+06
9.12817e+06
9.14077e+06
9.15178e+06
9.1613e+06
9.16942e+06
9.17621e+06
9.18177e+06
9.18614e+06
9.18937e+06
9.19151e+06
9.19258e+06
9.45559e+06
9.43224e+06
9.38842e+06
9.3294e+06
9.26191e+06
9.193e+06
9.12905e+06
9.07495e+06
9.03365e+06
9.00612e+06
8.99166e+06
8.98838e+06
8.9938e+06
9.0053e+06
9.02057e+06
9.03771e+06
9.05533e+06
9.07247e+06
9.08856e+06
9.10327e+06
9.11645e+06
9.12809e+06
9.13821e+06
9.14687e+06
9.15413e+06
9.16008e+06
9.16476e+06
9.16823e+06
9.17052e+06
9.17166e+06
9.54699e+06
9.52338e+06
9.47863e+06
9.41732e+06
9.34552e+06
9.26984e+06
9.1966e+06
9.13105e+06
9.07688e+06
9.03603e+06
9.00873e+06
8.9939e+06
8.98956e+06
8.99336e+06
9.00289e+06
9.01606e+06
9.03115e+06
9.04688e+06
9.06233e+06
9.07693e+06
9.09034e+06
9.10237e+06
9.11295e+06
9.12209e+06
9.1298e+06
9.13613e+06
9.14114e+06
9.14485e+06
9.1473e+06
9.14852e+06
9.62894e+06
9.60607e+06
9.56232e+06
9.50148e+06
9.42867e+06
9.34974e+06
9.2706e+06
9.19651e+06
9.13162e+06
9.07861e+06
9.03866e+06
9.01157e+06
8.99612e+06
8.99039e+06
8.99224e+06
8.99951e+06
9.01033e+06
9.02315e+06
9.03677e+06
9.05034e+06
9.06327e+06
9.07521e+06
9.08592e+06
9.09531e+06
9.10332e+06
9.10995e+06
9.11522e+06
9.11914e+06
9.12174e+06
9.12304e+06
9.70091e+06
9.67957e+06
9.6384e+06
9.58031e+06
9.50941e+06
9.43056e+06
9.34898e+06
9.26963e+06
9.19677e+06
9.13361e+06
9.0821e+06
9.04294e+06
9.01571e+06
8.99918e+06
8.99164e+06
8.99114e+06
8.99582e+06
9.00399e+06
9.01424e+06
9.02549e+06
9.03692e+06
9.04794e+06
9.05817e+06
9.06735e+06
9.07532e+06
9.08202e+06
9.08738e+06
9.09141e+06
9.0941e+06
9.09544e+06
9.76284e+06
9.74357e+06
9.70611e+06
9.65254e+06
9.58592e+06
9.51008e+06
9.42932e+06
9.34806e+06
9.2704e+06
9.19977e+06
9.13867e+06
9.08854e+06
9.0498e+06
9.02197e+06
9.00391e+06
8.99412e+06
8.99092e+06
8.99266e+06
8.99786e+06
9.00525e+06
9.01383e+06
9.02282e+06
9.03165e+06
9.03989e+06
9.04728e+06
9.05361e+06
9.05877e+06
9.06268e+06
9.06531e+06
9.06663e+06
9.81504e+06
9.79817e+06
9.76511e+06
9.71724e+06
9.65666e+06
9.58615e+06
9.50907e+06
9.42909e+06
9.34991e+06
9.27491e+06
9.20686e+06
9.14777e+06
9.09873e+06
9.06002e+06
9.03117e+06
9.01122e+06
8.99885e+06
8.99264e+06
8.99116e+06
8.99312e+06
8.99738e+06
9.00302e+06
9.0093e+06
9.01565e+06
9.02165e+06
9.027e+06
9.03148e+06
9.03495e+06
9.03731e+06
9.0385e+06
9.85816e+06
9.84381e+06
9.81546e+06
9.77391e+06
9.72045e+06
9.65694e+06
9.5858e+06
9.50989e+06
9.43232e+06
9.35616e+06
9.28424e+06
9.21884e+06
9.16158e+06
9.11336e+06
9.07438e+06
9.04427e+06
9.02219e+06
9.00706e+06
8.99767e+06
8.99281e+06
8.99135e+06
8.9923e+06
8.99481e+06
8.99819e+06
9.00189e+06
9.0055e+06
9.00871e+06
9.01129e+06
9.01308e+06
9.01401e+06
9.89306e+06
9.88117e+06
9.8575e+06
9.82242e+06
9.77658e+06
9.72106e+06
9.65743e+06
9.58776e+06
9.51449e+06
9.44023e+06
9.3676e+06
9.29895e+06
9.23618e+06
9.18065e+06
9.13312e+06
9.09377e+06
9.0623e+06
9.03807e+06
9.02018e+06
9.00764e+06
8.99942e+06
8.99456e+06
8.99219e+06
8.99155e+06
8.99203e+06
8.99311e+06
8.99441e+06
8.99562e+06
8.99654e+06
8.99703e+06
9.92074e+06
9.91113e+06
9.89188e+06
9.86303e+06
9.82477e+06
9.77757e+06
9.72234e+06
9.66039e+06
9.59351e+06
9.52377e+06
9.45339e+06
9.38459e+06
9.31933e+06
9.25925e+06
9.20548e+06
9.15869e+06
9.11907e+06
9.08643e+06
9.06026e+06
9.03986e+06
9.02442e+06
9.0131e+06
9.00509e+06
8.99966e+06
8.99615e+06
8.99402e+06
8.99283e+06
8.99222e+06
8.99195e+06
8.99186e+06
9.94225e+06
9.93468e+06
9.9194e+06
9.89627e+06
9.86514e+06
9.8261e+06
9.77948e+06
9.72605e+06
9.66694e+06
9.60368e+06
9.53805e+06
9.47194e+06
9.40721e+06
9.34554e+06
9.28831e+06
9.23651e+06
9.19073e+06
9.15119e+06
9.11778e+06
9.09013e+06
9.06773e+06
9.04992e+06
9.03606e+06
9.02548e+06
9.01757e+06
9.01181e+06
9.00774e+06
9.005e+06
9.00333e+06
9.00253e+06
9.95864e+06
9.95281e+06
9.94097e+06
9.92286e+06
9.89818e+06
9.8667e+06
9.82842e+06
9.78363e+06
9.73298e+06
9.67746e+06
9.61839e+06
9.55729e+06
9.49576e+06
9.43537e+06
9.37756e+06
9.32349e+06
9.27403e+06
9.22973e+06
9.19083e+06
9.1573e+06
9.12891e+06
9.10527e+06
9.08593e+06
9.07038e+06
9.05811e+06
9.04866e+06
9.04161e+06
9.03663e+06
9.03346e+06
9.03191e+06
9.97088e+06
9.96649e+06
9.95753e+06
9.94369e+06
9.92457e+06
9.89982e+06
9.8692e+06
9.83268e+06
9.79052e+06
9.7433e+06
9.69189e+06
9.63743e+06
9.58119e+06
9.52454e+06
9.46881e+06
9.4152e+06
9.36472e+06
9.31813e+06
9.27594e+06
9.23842e+06
9.20562e+06
9.17741e+06
9.15355e+06
9.13374e+06
9.11761e+06
9.1048e+06
9.095e+06
9.08791e+06
9.08331e+06
9.08106e+06
9.97985e+06
9.97661e+06
9.96998e+06
9.95963e+06
9.94517e+06
9.92618e+06
9.9023e+06
9.8733e+06
9.83919e+06
9.80021e+06
9.75687e+06
9.70994e+06
9.66038e+06
9.60929e+06
9.55781e+06
9.50705e+06
9.45804e+06
9.41165e+06
9.36854e+06
9.3292e+06
9.29392e+06
9.2628e+06
9.23584e+06
9.21291e+06
9.19383e+06
9.17838e+06
9.16633e+06
9.1575e+06
9.15171e+06
9.14884e+06
9.98629e+06
9.98396e+06
9.97915e+06
9.97159e+06
9.9609e+06
9.94666e+06
9.92848e+06
9.90604e+06
9.87918e+06
9.8479e+06
9.81245e+06
9.7733e+06
9.7311e+06
9.68667e+06
9.64094e+06
9.59486e+06
9.54939e+06
9.50537e+06
9.46357e+06
9.42457e+06
9.38883e+06
9.35666e+06
9.32823e+06
9.30359e+06
9.28273e+06
9.26558e+06
9.25204e+06
9.24201e+06
9.23537e+06
9.23208e+06
9.99082e+06
9.98918e+06
9.98577e+06
9.98036e+06
9.97263e+06
9.9622e+06
9.94868e+06
9.93175e+06
9.91113e+06
9.88671e+06
9.85855e+06
9.82686e+06
9.79207e+06
9.75474e+06
9.71557e+06
9.67533e+06
9.63484e+06
9.59488e+06
9.55618e+06
9.5194e+06
9.48507e+06
9.45361e+06
9.42533e+06
9.40045e+06
9.37909e+06
9.3613e+06
9.34711e+06
9.3365e+06
9.32945e+06
9.32593e+06
9.99396e+06
9.99283e+06
9.99046e+06
9.98667e+06
9.98119e+06
9.97372e+06
9.9639e+06
9.95142e+06
9.93599e+06
9.91743e+06
9.89566e+06
9.87075e+06
9.84293e+06
9.81256e+06
9.78013e+06
9.74624e+06
9.71152e+06
9.67667e+06
9.64234e+06
9.60917e+06
9.5777e+06
9.54843e+06
9.52173e+06
9.49793e+06
9.47724e+06
9.45984e+06
9.44583e+06
9.43529e+06
9.42824e+06
9.42471e+06
9.99609e+06
9.99532e+06
9.99371e+06
9.99111e+06
9.98731e+06
9.98207e+06
9.9751e+06
9.96611e+06
9.95484e+06
9.94108e+06
9.92469e+06
9.90565e+06
9.88405e+06
9.86008e+06
9.83409e+06
9.80648e+06
9.77776e+06
9.74847e+06
9.71918e+06
9.69045e+06
9.66282e+06
9.63676e+06
9.6127e+06
9.591e+06
9.57195e+06
9.55577e+06
9.54265e+06
9.53271e+06
9.52604e+06
9.52269e+06
9.99751e+06
9.997e+06
9.99592e+06
9.99417e+06
9.99159e+06
9.98799e+06
9.98315e+06
9.97682e+06
9.96878e+06
9.95882e+06
9.9468e+06
9.93263e+06
9.91631e+06
9.89795e+06
9.87773e+06
9.85594e+06
9.83295e+06
9.80918e+06
9.78507e+06
9.76112e+06
9.73778e+06
9.71551e+06
9.69472e+06
9.67578e+06
9.65899e+06
9.64463e+06
9.6329e+06
9.62397e+06
9.61795e+06
9.61493e+06
9.99844e+06
9.99811e+06
9.9974e+06
9.99625e+06
9.99453e+06
9.99211e+06
9.98881e+06
9.98445e+06
9.97884e+06
9.97181e+06
9.9632e+06
9.95292e+06
9.94092e+06
9.92723e+06
9.91195e+06
9.89527e+06
9.87744e+06
9.85875e+06
9.83957e+06
9.82028e+06
9.80127e+06
9.78294e+06
9.76565e+06
9.74976e+06
9.73556e+06
9.72333e+06
9.71328e+06
9.70559e+06
9.7004e+06
9.69778e+06
9.99904e+06
9.99882e+06
9.99837e+06
9.99762e+06
9.9965e+06
9.9949e+06
9.99271e+06
9.98977e+06
9.98594e+06
9.98108e+06
9.97506e+06
9.96778e+06
9.95918e+06
9.94924e+06
9.93801e+06
9.9256e+06
9.91217e+06
9.89793e+06
9.88314e+06
9.86811e+06
9.85314e+06
9.83857e+06
9.8247e+06
9.81184e+06
9.80028e+06
9.79025e+06
9.78196e+06
9.7756e+06
9.77129e+06
9.76911e+06
9.99942e+06
9.99928e+06
9.999e+06
9.99852e+06
9.9978e+06
9.99677e+06
9.99533e+06
9.99339e+06
9.99083e+06
9.98755e+06
9.98344e+06
9.97841e+06
9.97239e+06
9.96535e+06
9.95732e+06
9.94833e+06
9.93849e+06
9.92795e+06
9.91689e+06
9.90553e+06
9.89411e+06
9.88289e+06
9.87213e+06
9.86208e+06
9.85298e+06
9.84504e+06
9.83846e+06
9.83338e+06
9.82993e+06
9.82818e+06
9.99965e+06
9.99957e+06
9.99939e+06
9.99909e+06
9.99864e+06
9.99799e+06
9.99706e+06
9.99581e+06
9.99414e+06
9.99197e+06
9.98922e+06
9.98582e+06
9.9817e+06
9.97685e+06
9.97123e+06
9.96489e+06
9.95787e+06
9.95028e+06
9.94224e+06
9.9339e+06
9.92545e+06
9.91708e+06
9.90898e+06
9.90137e+06
9.89444e+06
9.88836e+06
9.8833e+06
9.87938e+06
9.87671e+06
9.87536e+06
9.99979e+06
9.99974e+06
9.99964e+06
9.99945e+06
9.99917e+06
9.99877e+06
9.99819e+06
9.99739e+06
9.99632e+06
9.99491e+06
9.99311e+06
9.99086e+06
9.98812e+06
9.98484e+06
9.98101e+06
9.97665e+06
9.97177e+06
9.96645e+06
9.96075e+06
9.9548e+06
9.94872e+06
9.94265e+06
9.93674e+06
9.93115e+06
9.92603e+06
9.92152e+06
9.91774e+06
9.91481e+06
9.91281e+06
9.9118e+06
9.99988e+06
9.99985e+06
9.99979e+06
9.99968e+06
9.99951e+06
9.99926e+06
9.9989e+06
9.9984e+06
9.99773e+06
9.99683e+06
9.99568e+06
9.99423e+06
9.99243e+06
9.99027e+06
9.98772e+06
9.98479e+06
9.98148e+06
9.97784e+06
9.97391e+06
9.96977e+06
9.96551e+06
9.96123e+06
9.95703e+06
9.95304e+06
9.94936e+06
9.94611e+06
9.94338e+06
9.94126e+06
9.9398e+06
9.93906e+06
9.99993e+06
9.99991e+06
9.99988e+06
9.99981e+06
9.99971e+06
9.99956e+06
9.99934e+06
9.99904e+06
9.99862e+06
9.99807e+06
9.99734e+06
9.99642e+06
9.99527e+06
9.99388e+06
9.99222e+06
9.99029e+06
9.9881e+06
9.98567e+06
9.98302e+06
9.98022e+06
9.97731e+06
9.97436e+06
9.97146e+06
9.96869e+06
9.96612e+06
9.96384e+06
9.96192e+06
9.96042e+06
9.95939e+06
9.95887e+06
9.99996e+06
9.99995e+06
9.99993e+06
9.99989e+06
9.99983e+06
9.99974e+06
9.99961e+06
9.99943e+06
9.99918e+06
9.99884e+06
9.99839e+06
9.99782e+06
9.9971e+06
9.99622e+06
9.99516e+06
9.99392e+06
9.9925e+06
9.99092e+06
9.98918e+06
9.98732e+06
9.98538e+06
9.98341e+06
9.98145e+06
9.97957e+06
9.97783e+06
9.97627e+06
9.97495e+06
9.97392e+06
9.97322e+06
9.97286e+06
9.99998e+06
9.99997e+06
9.99996e+06
9.99994e+06
9.9999e+06
9.99985e+06
9.99978e+06
9.99967e+06
9.99952e+06
9.99932e+06
9.99905e+06
9.9987e+06
9.99825e+06
9.99771e+06
9.99705e+06
9.99627e+06
9.99537e+06
9.99436e+06
9.99324e+06
9.99204e+06
9.99078e+06
9.98948e+06
9.9882e+06
9.98696e+06
9.9858e+06
9.98476e+06
9.98388e+06
9.98319e+06
9.98272e+06
9.98247e+06
9.99999e+06
9.99999e+06
9.99998e+06
9.99997e+06
9.99995e+06
9.99992e+06
9.99987e+06
9.99981e+06
9.99972e+06
9.9996e+06
9.99944e+06
9.99923e+06
9.99897e+06
9.99864e+06
9.99823e+06
9.99775e+06
9.99719e+06
9.99656e+06
9.99586e+06
9.9951e+06
9.99429e+06
9.99347e+06
9.99264e+06
9.99184e+06
9.99109e+06
9.99041e+06
9.98984e+06
9.98939e+06
9.98908e+06
9.98892e+06
9.99999e+06
9.99999e+06
9.99999e+06
9.99998e+06
9.99997e+06
9.99995e+06
9.99993e+06
9.99989e+06
9.99984e+06
9.99977e+06
9.99968e+06
9.99956e+06
9.9994e+06
9.9992e+06
9.99896e+06
9.99867e+06
9.99833e+06
9.99794e+06
9.99751e+06
9.99704e+06
9.99654e+06
9.99602e+06
9.9955e+06
9.995e+06
9.99452e+06
9.99409e+06
9.99373e+06
9.99344e+06
9.99324e+06
9.99314e+06
1e+07
1e+07
9.99999e+06
9.99999e+06
9.99998e+06
9.99997e+06
9.99996e+06
9.99994e+06
9.99991e+06
9.99987e+06
9.99982e+06
9.99975e+06
9.99966e+06
9.99954e+06
9.9994e+06
9.99923e+06
9.99902e+06
9.99879e+06
9.99853e+06
9.99824e+06
9.99794e+06
9.99762e+06
9.9973e+06
9.99699e+06
9.99669e+06
9.99643e+06
9.9962e+06
9.99602e+06
9.9959e+06
9.99583e+06
1e+07
1e+07
1e+07
9.99999e+06
9.99999e+06
9.99999e+06
9.99998e+06
9.99997e+06
9.99995e+06
9.99993e+06
9.9999e+06
9.99986e+06
9.99981e+06
9.99974e+06
9.99966e+06
9.99956e+06
9.99944e+06
9.9993e+06
9.99915e+06
9.99898e+06
9.9988e+06
9.99861e+06
9.99841e+06
9.99822e+06
9.99804e+06
9.99788e+06
9.99774e+06
9.99763e+06
9.99756e+06
9.99752e+06
1e+07
1e+07
1e+07
1e+07
1e+07
9.99999e+06
9.99999e+06
9.99998e+06
9.99997e+06
9.99996e+06
9.99994e+06
9.99992e+06
9.99989e+06
9.99986e+06
9.99981e+06
9.99975e+06
9.99968e+06
9.9996e+06
9.99951e+06
9.99942e+06
9.99931e+06
9.9992e+06
9.99908e+06
9.99897e+06
9.99886e+06
9.99877e+06
9.99868e+06
9.99862e+06
9.99857e+06
9.99855e+06
1e+07
1e+07
1e+07
1e+07
1e+07
1e+07
9.99999e+06
9.99999e+06
9.99999e+06
9.99998e+06
9.99997e+06
9.99996e+06
9.99994e+06
9.99992e+06
9.99989e+06
9.99986e+06
9.99982e+06
9.99978e+06
9.99973e+06
9.99967e+06
9.99961e+06
9.99954e+06
9.99948e+06
9.99941e+06
9.99935e+06
9.99929e+06
9.99925e+06
9.99921e+06
9.99918e+06
9.99917e+06
1e+07
1e+07
1e+07
1e+07
1e+07
1e+07
1e+07
1e+07
9.99999e+06
9.99999e+06
9.99998e+06
9.99998e+06
9.99997e+06
9.99996e+06
9.99994e+06
9.99993e+06
9.9999e+06
9.99988e+06
9.99985e+06
9.99982e+06
9.99978e+06
9.99975e+06
9.99971e+06
9.99967e+06
9.99964e+06
9.9996e+06
9.99958e+06
9.99955e+06
9.99954e+06
9.99953e+06
1e+07
1e+07
1e+07
1e+07
1e+07
1e+07
1e+07
1e+07
1e+07
9.99999e+06
9.99999e+06
9.99999e+06
9.99998e+06
9.99998e+06
9.99997e+06
9.99996e+06
9.99995e+06
9.99993e+06
9.99992e+06
9.9999e+06
9.99988e+06
9.99986e+06
9.99984e+06
9.99982e+06
9.9998e+06
9.99978e+06
9.99977e+06
9.99975e+06
9.99974e+06
9.99974e+06
1e+07
1e+07
1e+07
1e+07
1e+07
1e+07
1e+07
1e+07
1e+07
1e+07
1e+07
9.99999e+06
9.99999e+06
9.99999e+06
9.99998e+06
9.99998e+06
9.99997e+06
9.99997e+06
9.99996e+06
9.99995e+06
9.99994e+06
9.99993e+06
9.99991e+06
9.9999e+06
9.99989e+06
9.99988e+06
9.99987e+06
9.99987e+06
9.99986e+06
9.99986e+06
1e+07
1e+07
1e+07
1e+07
1e+07
1e+07
1e+07
1e+07
1e+07
1e+07
1e+07
1e+07
1e+07
9.99999e+06
9.99999e+06
9.99999e+06
9.99999e+06
9.99998e+06
9.99998e+06
9.99997e+06
9.99997e+06
9.99996e+06
9.99995e+06
9.99995e+06
9.99994e+06
9.99994e+06
9.99993e+06
9.99993e+06
9.99993e+06
9.99992e+06
1e+07
1e+07
1e+07
1e+07
1e+07
1e+07
1e+07
1e+07
1e+07
1e+07
1e+07
1e+07
1e+07
1e+07
1e+07
9.99999e+06
9.99999e+06
9.99999e+06
9.99999e+06
9.99999e+06
9.99998e+06
9.99998e+06
9.99998e+06
9.99997e+06
9.99997e+06
9.99997e+06
9.99996e+06
9.99996e+06
9.99996e+06
9.99996e+06
1e+07
1e+07
1e+07
1e+07
1e+07
1e+07
1e+07
1e+07
1e+07
1e+07
1e+07
1e+07
1e+07
1e+07
1e+07
1e+07
1e+07
1e+07
9.99999e+06
9.99999e+06
9.99999e+06
9.99999e+06
9.99999e+06
9.99999e+06
9.99998e+06
9.99998e+06
9.99998e+06
9.99998e+06
9.99998e+06
9.99998e+06
1e+07
1e+07
1e+07
1e+07
1e+07
1e+07
1e+07
1e+07
1e+07
1e+07
1e+07
1e+07
1e+07
1e+07
1e+07
1e+07
1e+07
1e+07
1e+07
1e+07
1e+07
9.99999e+06
9.99999e+06
9.99999e+06
9.99999e+06
9.99999e+06
9.99999e+06
9.99999e+06
9.99999e+06
9.99999e+06
1e+07
1e+07
1e+07
1e+07
1e+07
1e+07
1e+07
1e+07
1e+07
1e+07
1e+07
1e+07
1e+07
1e+07
1e+07
1e+07
1e+07
1e+07
1e+07
1e+07
1e+07
1e+07
1e+07
1e+07
1e+07
1e+07
1e+07
9.99999e+06
9.99999e+06
9.99999e+06
1e+07
1e+07
1e+07
1e+07
1e+07
1e+07
1e+07
1e+07
1e+07
1e+07
1e+07
1e+07
1e+07
1e+07
1e+07
1e+07
1e+07
1e+07
1e+07
1e+07
1e+07
1e+07
1e+07
1e+07
1e+07
1e+07
1e+07
1e+07
1e+07
1e+07
1e+07
1e+07
1e+07
1e+07
1e+07
1e+07
1e+07
1e+07
1e+07
1e+07
1e+07
1e+07
1e+07
1e+07
1e+07
1e+07
1e+07
1e+07
1e+07
1e+07
1e+07
1e+07
1e+07
1e+07
1e+07
1e+07
1e+07
1e+07
1e+07
1e+07
1e+07
1e+07
1e+07
1e+07
1e+07
1e+07
1e+07
1e+07
1e+07
1e+07
1e+07
1e+07
1e+07
1e+07
1e+07
1e+07
1e+07
1e+07
1e+07
1e+07
1e+07
1e+07
1e+07
1e+07
1e+07
1e+07
1e+07
1e+07
1e+07
1e+07
1e+07
1e+07
1e+07
1e+07
1e+07
1e+07
1e+07
1e+07
1e+07
1e+07
1e+07
1e+07
1e+07
1e+07
1e+07
1e+07
1e+07
1e+07
1e+07
1e+07
1e+07
1e+07
1e+07
1e+07
1e+07
1e+07
1e+07
1e+07
1e+07
1e+07
1e+07
1e+07
1e+07
1e+07
1e+07
1e+07
1e+07
1e+07
1e+07
1e+07
1e+07
1e+07
1e+07
1e+07
1e+07
1e+07
1e+07
1e+07
1e+07
1e+07
1e+07
1e+07
1e+07
1e+07
1e+07
1e+07
1e+07
1e+07
1e+07
1e+07
1e+07
1e+07
1e+07
1e+07
1e+07
1e+07
1e+07
1e+07
1e+07
1e+07
1e+07
1e+07
1e+07
1e+07
1e+07
1e+07
1e+07
1e+07
1e+07
1e+07
1e+07
1e+07
1e+07
1e+07
1e+07
1e+07
1e+07
1e+07
1e+07
1e+07
1e+07
1e+07
1e+07
1e+07
1e+07
1e+07
1e+07
1e+07
1e+07
1e+07
1e+07
1e+07
1e+07
1e+07
1e+07
1e+07
1e+07
1e+07
1e+07
1e+07
1e+07
1e+07
1e+07
1e+07
1e+07
1e+07
1e+07
1e+07
1e+07
1e+07
1e+07
1e+07
1e+07
1e+07
1e+07
1e+07
1e+07
1e+07
1e+07
1e+07
1e+07
1e+07
1e+07
1e+07
1e+07
1e+07
1e+07
1e+07
1e+07
1e+07
1e+07
1e+07
1e+07
1e+07
1e+07
1e+07
1e+07
1e+07
1e+07
1e+07
1e+07
1e+07
1e+07
1e+07
1e+07
1e+07
1e+07
1e+07
1e+07
1e+07
1e+07
1e+07
1e+07
1e+07
1e+07
1e+07
1e+07
1e+07
1e+07
1e+07
1e+07
1e+07
1e+07
1e+07
1e+07
1e+07
1e+07
1e+07
1e+07
1e+07
1e+07
1e+07
1e+07
1e+07
1e+07
1e+07
1e+07
1e+07
1e+07
1e+07
1e+07
1e+07
1e+07
1e+07
1e+07
1e+07
1e+07
1e+07
1e+07
1e+07
1e+07
1e+07
1e+07
1e+07
1e+07
1e+07
1e+07
1e+07
1e+07
1e+07
1e+07
1e+07
1e+07
1e+07
1e+07
1e+07
1e+07
1e+07
1e+07
1e+07
1e+07
1e+07
1e+07
1e+07
1e+07
1e+07
1e+07
1e+07
1e+07
1e+07
1e+07
1e+07
1e+07
1e+07
1e+07
1e+07
1e+07
1e+07
1e+07
1e+07
1e+07
1e+07
1e+07
1e+07
1e+07
1e+07
1e+07
1e+07
1e+07
1e+07
1e+07
1e+07
1e+07
1e+07
1e+07
1e+07
1e+07
1e+07
1e+07
1e+07
1e+07
1e+07
1e+07
1e+07
1e+07
1e+07
1e+07
1e+07
1e+07
1e+07
1e+07
1e+07
1e+07
1e+07
1e+07
1e+07
1e+07
1e+07
1e+07
1e+07
1e+07
1e+07
1e+07
1e+07
1e+07
1e+07
1e+07
1e+07
1e+07
1e+07
1e+07
1e+07
1e+07
1e+07
1e+07
1e+07
1e+07
1e+07
1e+07
1e+07
1e+07
1e+07
1e+07
1e+07
1e+07
1e+07
1e+07
1e+07
1e+07
1e+07
1e+07
1e+07
1e+07
1e+07
1e+07
1e+07
1e+07
1e+07
1e+07
1e+07
1e+07
1e+07
1e+07
1e+07
1e+07
1e+07
1e+07
1e+07
1e+07
1e+07
1e+07
1e+07
1e+07
1e+07
1e+07
1e+07
1e+07
1e+07
1e+07
1e+07
1e+07
1e+07
1e+07
1e+07
1e+07
1e+07
1e+07
1e+07
1e+07
1e+07
1e+07
1e+07
1e+07
1e+07
1e+07
1e+07
1e+07
1e+07
1e+07
1e+07
1e+07
1e+07
1e+07
1e+07
1e+07
1e+07
1e+07
1e+07
1e+07
1e+07
1e+07
1e+07
1e+07
1e+07
1e+07
1e+07
1e+07
1e+07
1e+07
1e+07
1e+07
1e+07
1e+07
1e+07
1e+07
1e+07
1e+07
1e+07
1e+07
1e+07
1e+07
1e+07
1e+07
1e+07
1e+07
1e+07
1e+07
1e+07
1e+07
1e+07
1e+07
1e+07
1e+07
1e+07
1e+07
1e+07
1e+07
1e+07
1e+07
1e+07
1e+07
1e+07
1e+07
1e+07
1e+07
1e+07
1e+07
1e+07
1e+07
1e+07
1e+07
1e+07
1e+07
1e+07
1e+07
1e+07
1e+07
1e+07
1e+07
1e+07
1e+07
1e+07
1e+07
1e+07
1e+07
1e+07
1e+07
1e+07
1e+07
1e+07
1e+07
1e+07
1e+07
1e+07
1e+07
1e+07
1e+07
1e+07
1e+07
1e+07
1e+07
1e+07
1e+07
1e+07
1e+07
1e+07
1e+07
1e+07
1e+07
1e+07
1e+07
1e+07
1e+07
1e+07
1e+07
1e+07
1e+07
1e+07
1e+07
1e+07
1e+07
1e+07
1e+07
1e+07
1e+07
1e+07
1e+07
1e+07
1e+07
1e+07
1e+07
1e+07
1e+07
1e+07
1e+07
1e+07
1e+07
1e+07
1e+07
1e+07
1e+07
1e+07
1e+07
1e+07
1e+07
1e+07
1e+07
1e+07
1e+07
1e+07
1e+07
1e+07
1e+07
1e+07
1e+07
1e+07
1e+07
1e+07
1e+07
1e+07
1e+07
1e+07
1e+07
1e+07
1e+07
1e+07
1e+07
1e+07
1e+07
1e+07
1e+07
1e+07
1e+07
1e+07
1e+07
1e+07
1e+07
1e+07
1e+07
1e+07
1e+07
1e+07
1e+07
1e+07
1e+07
1e+07
1e+07
1e+07
1e+07
1e+07
1e+07
1e+07
1e+07
1e+07
1e+07
1e+07
1e+07
1e+07
1e+07
1e+07
1e+07
1e+07
1e+07
1e+07
1e+07
1e+07
1e+07
1e+07
1e+07
1e+07
1e+07
1e+07
1e+07
1e+07
1e+07
1e+07
1e+07
1e+07
1e+07
1e+07
1e+07
1e+07
1e+07
1e+07
1e+07
1e+07
1e+07
1e+07
1e+07
1e+07
1e+07
1e+07
1e+07
1e+07
1e+07
1e+07
1e+07
1e+07
1e+07
1e+07
1e+07
1e+07
1e+07
1e+07
1e+07
1e+07
1e+07
1e+07
1e+07
1e+07
)
;

boundaryField
{
    outerWall
    {
        type            zeroGradient;
    }
    axis
    {
        type            symmetryPlane;
    }
    nozzle
    {
        type            fixedValue;
        value           uniform 0;
    }
    back
    {
        type            empty;
    }
    front
    {
        type            empty;
    }
}


// ************************************************************************* //
