/*--------------------------------*- C++ -*----------------------------------*\
| =========                 |                                                 |
| \\      /  F ield         | OpenFOAM: The Open Source CFD Toolbox           |
|  \\    /   O peration     | Version:  2412                                  |
|   \\  /    A nd           | Website:  www.openfoam.com                      |
|    \\/     M anipulation  |                                                 |
\*---------------------------------------------------------------------------*/
FoamFile
{
    version     2.0;
    format      ascii;
    arch        "LSB;label=32;scalar=64";
    class       volVectorField;
    location    "0.000115";
    object      U;
}
// * * * * * * * * * * * * * * * * * * * * * * * * * * * * * * * * * * * * * //

dimensions      [0 1 -1 0 0 0 0];

internalField   nonuniform List<vector> 
3725
(
(0.105709 0.00434723 0)
(0.310591 0.00285131 0)
(0.497122 0.000206154 0)
(0.65688 -0.0029977 0)
(0.78588 -0.00616621 0)
(0.884392 -0.00875852 0)
(0.955544 -0.0105941 0)
(1.00364 -0.0116371 0)
(1.0331 -0.0120736 0)
(1.04789 -0.0120446 0)
(1.05129 -0.0116645 0)
(1.0461 -0.0110011 0)
(1.03447 -0.0101116 0)
(1.01786 -0.00905432 0)
(0.997269 -0.00773333 0)
(0.973131 -0.00620954 0)
(0.945445 -0.00437908 0)
(0.913928 -0.0023836 0)
(0.878023 -0.000185576 0)
(0.837096 0.0022748 0)
(0.790386 0.00497754 0)
(0.737114 0.00788646 0)
(0.676682 0.0109979 0)
(0.608612 0.0141654 0)
(0.532642 0.0172603 0)
(0.448908 0.0201756 0)
(0.357926 0.0228047 0)
(0.260647 0.0249849 0)
(0.158472 0.026553 0)
(0.0531813 0.0273742 0)
(0.104587 0.0132383 0)
(0.307487 0.00876643 0)
(0.492741 0.000860812 0)
(0.652107 -0.00878204 0)
(0.781567 -0.018208 0)
(0.881079 -0.026053 0)
(0.953396 -0.0316622 0)
(1.00255 -0.0349065 0)
(1.03281 -0.0363019 0)
(1.04821 -0.036237 0)
(1.05209 -0.0351143 0)
(1.04728 -0.0331273 0)
(1.03594 -0.0305772 0)
(1.01966 -0.0273395 0)
(0.999418 -0.023294 0)
(0.975662 -0.0187187 0)
(0.94833 -0.0134874 0)
(0.917089 -0.0074984 0)
(0.881533 -0.000763011 0)
(0.840983 0.00665199 0)
(0.794609 0.0148025 0)
(0.741644 0.0236385 0)
(0.681409 0.0328901 0)
(0.613329 0.0423389 0)
(0.537162 0.0517129 0)
(0.453077 0.0606401 0)
(0.361543 0.0686864 0)
(0.263464 0.0753553 0)
(0.160268 0.0801505 0)
(0.0537989 0.0826629 0)
(0.102358 0.0226897 0)
(0.301313 0.01532 0)
(0.483967 0.00225722 0)
(0.642585 -0.0137265 0)
(0.772935 -0.0294869 0)
(0.874311 -0.0428974 0)
(0.948916 -0.0524195 0)
(1.00018 -0.0583279 0)
(1.03212 -0.0607669 0)
(1.04879 -0.0607892 0)
(1.05364 -0.0590872 0)
(1.04952 -0.0560021 0)
(1.03883 -0.0515865 0)
(1.02334 -0.0460428 0)
(1.00375 -0.0394985 0)
(0.980507 -0.0318953 0)
(0.953882 -0.0231168 0)
(0.923495 -0.0131176 0)
(0.88866 -0.00194614 0)
(0.848791 0.0104867 0)
(0.80314 0.0241384 0)
(0.750697 0.0388674 0)
(0.690732 0.0544621 0)
(0.622747 0.0704661 0)
(0.546378 0.0863822 0)
(0.461648 0.101676 0)
(0.368972 0.115516 0)
(0.269252 0.127018 0)
(0.163959 0.135305 0)
(0.0550685 0.139654 0)
(0.0990607 0.0329688 0)
(0.292165 0.0228288 0)
(0.47096 0.00479422 0)
(0.628303 -0.0173777 0)
(0.759693 -0.0396885 0)
(0.863884 -0.0586805 0)
(0.941827 -0.0727439 0)
(0.996292 -0.081449 0)
(1.03097 -0.0855449 0)
(1.04946 -0.0860287 0)
(1.05569 -0.0837334 0)
(1.05291 -0.0793606 0)
(1.04342 -0.0733191 0)
(1.02873 -0.0655576 0)
(1.01004 -0.0566156 0)
(0.987957 -0.0458962 0)
(0.962423 -0.0335434 0)
(0.932978 -0.0196639 0)
(0.899248 -0.00395105 0)
(0.860558 0.0134633 0)
(0.815899 0.0326911 0)
(0.764398 0.0535023 0)
(0.705122 0.0756468 0)
(0.637274 0.0985309 0)
(0.560577 0.121568 0)
(0.474935 0.143808 0)
(0.380556 0.16405 0)
(0.278311 0.18095 0)
(0.169749 0.193173 0)
(0.0570634 0.199606 0)
(0.0947544 0.0441986 0)
(0.280185 0.0314864 0)
(0.453817 0.00877443 0)
(0.609229 -0.0193921 0)
(0.741963 -0.048013 0)
(0.849525 -0.0729085 0)
(0.931845 -0.091799 0)
(0.990587 -0.103991 0)
(1.0287 -0.110236 0)
(1.05014 -0.111583 0)
(1.05865 -0.109143 0)
(1.05734 -0.103797 0)
(1.04919 -0.0961337 0)
(1.03588 -0.086452 0)
(1.01851 -0.074709 0)
(0.997822 -0.0609899 0)
(0.973567 -0.045468 0)
(0.9457 -0.0276346 0)
(0.913519 -0.00744737 0)
(0.876281 0.0150899 0)
(0.833178 0.0400074 0)
(0.782931 0.0671856 0)
(0.724511 0.0962445 0)
(0.657195 0.126591 0)
(0.580344 0.157466 0)
(0.493516 0.187486 0)
(0.396834 0.215003 0)
(0.291099 0.238132 0)
(0.177956 0.254955 0)
(0.0598974 0.263853 0)
(0.0895277 0.056325 0)
(0.2656 0.0413114 0)
(0.432806 0.0143407 0)
(0.585719 -0.0194497 0)
(0.719562 -0.054319 0)
(0.831051 -0.0852916 0)
(0.918522 -0.109494 0)
(0.98247 -0.125797 0)
(1.02529 -0.134688 0)
(1.05029 -0.137353 0)
(1.06153 -0.1353 0)
(1.06268 -0.129448 0)
(1.05643 -0.120285 0)
(1.04481 -0.108853 0)
(1.02914 -0.0946439 0)
(1.0099 -0.0782609 0)
(0.987448 -0.0591618 0)
(0.961503 -0.0373917 0)
(0.9313 -0.0127515 0)
(0.896155 0.0149141 0)
(0.854985 0.0457252 0)
(0.806584 0.0795171 0)
(0.74968 0.116033 0)
(0.683197 0.154694 0)
(0.606254 0.194276 0)
(0.518092 0.233152 0)
(0.418544 0.269147 0)
(0.308278 0.299689 0)
(0.189046 0.322086 0)
(0.0637412 0.334015 0)
(0.0834953 0.0691076 0)
(0.2487 0.0521381 0)
(0.408251 0.0214633 0)
(0.55774 -0.017375 0)
(0.692588 -0.0581831 0)
(0.80815 -0.09521 0)
(0.901472 -0.125265 0)
(0.971698 -0.146377 0)
(1.02004 -0.158888 0)
(1.04969 -0.163681 0)
(1.06458 -0.162142 0)
(1.06862 -0.155831 0)
(1.06464 -0.145787 0)
(1.05512 -0.132565 0)
(1.04146 -0.116376 0)
(1.02444 -0.0971612 0)
(1.00423 -0.0748822 0)
(0.980515 -0.049347 0)
(0.952751 -0.0201971 0)
(0.920148 0.0126987 0)
(0.881638 0.0493743 0)
(0.835662 0.0902457 0)
(0.780898 0.134843 0)
(0.715881 0.182588 0)
(0.63919 0.232083 0)
(0.549672 0.281305 0)
(0.44674 0.327457 0)
(0.330805 0.3671 0)
(0.203706 0.396483 0)
(0.0688492 0.412286 0)
(0.0768015 0.0821307 0)
(0.22987 0.06362 0)
(0.380675 0.0299318 0)
(0.52599 -0.0132082 0)
(0.661192 -0.0592417 0)
(0.780746 -0.102453 0)
(0.880153 -0.138208 0)
(0.957259 -0.164824 0)
(1.01231 -0.181562 0)
(1.04785 -0.189345 0)
(1.06743 -0.189389 0)
(1.07495 -0.18343 0)
(1.07389 -0.172774 0)
(1.06688 -0.158076 0)
(1.0557 -0.139909 0)
(1.04102 -0.11839 0)
(1.02331 -0.0932303 0)
(1.00252 -0.0641123 0)
(0.977839 -0.0307142 0)
(0.948339 0.00745286 0)
(0.913145 0.0503167 0)
(0.870688 0.0986524 0)
(0.818939 0.152137 0)
(0.756129 0.210059 0)
(0.680294 0.271001 0)
(0.589625 0.332537 0)
(0.482892 0.391136 0)
(0.360048 0.442244 0)
(0.222941 0.480642 0)
(0.0755993 0.50157 0)
(0.0696128 0.0948353 0)
(0.209553 0.0752489 0)
(0.350633 0.0393445 0)
(0.490865 -0.00721396 0)
(0.625661 -0.0578235 0)
(0.748932 -0.106472 0)
(0.854699 -0.148147 0)
(0.939187 -0.180298 0)
(1.00165 -0.201937 0)
(1.04383 -0.213527 0)
(1.06903 -0.21631 0)
(1.08108 -0.211728 0)
(1.08366 -0.201176 0)
(1.07977 -0.185849 0)
(1.07123 -0.166381 0)
(1.05945 -0.142713 0)
(1.04493 -0.114743 0)
(1.0274 -0.082377 0)
(1.00643 -0.0448454 0)
(0.98092 -0.00161195 0)
(0.950039 0.0479624 0)
(0.912028 0.104252 0)
(0.864454 0.167293 0)
(0.805031 0.236699 0)
(0.73105 0.311008 0)
(0.639775 0.387403 0)
(0.529022 0.461514 0)
(0.397936 0.527368 0)
(0.248208 0.577677 0)
(0.0845518 0.605604 0)
(0.0621117 0.106564 0)
(0.188252 0.0863974 0)
(0.31883 0.0491578 0)
(0.453117 0.000253453 0)
(0.586753 -0.0539317 0)
(0.713008 -0.107125 0)
(0.824788 -0.154437 0)
(0.91692 -0.192411 0)
(0.987396 -0.219573 0)
(1.03708 -0.235819 0)
(1.06878 -0.242121 0)
(1.08631 -0.239898 0)
(1.0933 -0.230606 0)
(1.09297 -0.215344 0)
(1.08805 -0.195077 0)
(1.07975 -0.169931 0)
(1.06857 -0.140011 0)
(1.05494 -0.104468 0)
(1.03841 -0.0630338 0)
(1.01794 -0.0146337 0)
(0.992553 0.0415079 0)
(0.960188 0.105938 0)
(0.918274 0.179435 0)
(0.863916 0.261845 0)
(0.793324 0.351827 0)
(0.702506 0.446289 0)
(0.587868 0.539954 0)
(0.447172 0.625077 0)
(0.281627 0.691439 0)
(0.096552 0.72922 0)
(0.0544878 0.1166 0)
(0.166498 0.0963617 0)
(0.286026 0.0587079 0)
(0.41355 0.00862647 0)
(0.545131 -0.047862 0)
(0.673557 -0.104737 0)
(0.790739 -0.15688 0)
(0.890339 -0.200445 0)
(0.969099 -0.233351 0)
(1.02692 -0.254948 0)
(1.06597 -0.265731 0)
(1.08972 -0.266893 0)
(1.10208 -0.259919 0)
(1.10642 -0.245827 0)
(1.10529 -0.225678 0)
(1.10075 -0.199986 0)
(1.09403 -0.168517 0)
(1.08513 -0.130678 0)
(1.0738 -0.0858424 0)
(1.05933 -0.032679 0)
(1.04047 0.0300369 0)
(1.01547 0.102741 0)
(0.981383 0.187462 0)
(0.934326 0.284468 0)
(0.869386 0.392759 0)
(0.780874 0.50923 0)
(0.663117 0.627705 0)
(0.511552 0.738311 0)
(0.326327 0.826671 0)
(0.112898 0.878764 0)
(0.0469319 0.124232 0)
(0.144831 0.104413 0)
(0.253028 0.0672658 0)
(0.373191 0.017224 0)
(0.501733 -0.0402027 0)
(0.631248 -0.0994995 0)
(0.753011 -0.155476 0)
(0.859569 -0.204013 0)
(0.94652 -0.242547 0)
(1.01279 -0.269911 0)
(1.05982 -0.285974 0)
(1.09066 -0.291648 0)
(1.1091 -0.288079 0)
(1.11866 -0.276513 0)
(1.12243 -0.257814 0)
(1.12262 -0.232321 0)
(1.12055 -0.20021 0)
(1.11695 -0.161154 0)
(1.11191 -0.113818 0)
(1.10486 -0.0566999 0)
(1.09411 0.011863 0)
(1.07825 0.0932399 0)
(1.05457 0.189924 0)
(1.01789 0.303019 0)
(0.9619 0.432477 0)
(0.87872 0.57564 0)
(0.759686 0.725634 0)
(0.596401 0.870232 0)
(0.386982 0.98918 0)
(0.135632 1.06273 0)
(0.0396236 0.128797 0)
(0.123772 0.109853 0)
(0.220632 0.0740798 0)
(0.332949 0.0252718 0)
(0.45759 -0.03177 0)
(0.587105 -0.0919833 0)
(0.712356 -0.150482 0)
(0.825038 -0.203017 0)
(0.919678 -0.246654 0)
(0.994349 -0.279738 0)
(1.04967 -0.30167 0)
(1.08814 -0.312814 0)
(1.11343 -0.314003 0)
(1.12912 -0.306158 0)
(1.13843 -0.290116 0)
(1.14395 -0.26648 0)
(1.14741 -0.23515 0)
(1.14993 -0.195596 0)
(1.15214 -0.146672 0)
(1.15359 -0.0866554 0)
(1.15292 -0.0133173 0)
(1.14901 0.0763002 0)
(1.13872 0.18496 0)
(1.11624 0.315271 0)
(1.07386 0.468744 0)
(1.00075 0.643914 0)
(0.884073 0.833783 0)
(0.709218 1.02396 0)
(0.470726 1.18603 0)
(0.168073 1.29281 0)
(0.0327225 0.129755 0)
(0.103791 0.112071 0)
(0.18959 0.0784373 0)
(0.293803 0.0319766 0)
(0.413793 -0.0232895 0)
(0.542216 -0.0829044 0)
(0.669738 -0.14235 0)
(0.787442 -0.197702 0)
(0.888981 -0.245567 0)
(0.971533 -0.283899 0)
(1.03501 -0.311857 0)
(1.08141 -0.329072 0)
(1.11409 -0.335975 0)
(1.13657 -0.333249 0)
(1.15219 -0.321486 0)
(1.16384 -0.301101 0)
(1.17371 -0.272034 0)
(1.1833 -0.233606 0)
(1.19361 -0.184639 0)
(1.20488 -0.123297 0)
(1.21633 -0.0463146 0)
(1.22695 0.0505915 0)
(1.2338 0.17022 0)
(1.23073 0.318158 0)
(1.20839 0.498081 0)
(1.15251 0.710856 0)
(1.04474 0.950626 0)
(0.860593 1.20199 0)
(0.588666 1.42574 0)
(0.215726 1.58584 0)
(0.026359 0.126712 0)
(0.0852808 0.110589 0)
(0.160559 0.0797138 0)
(0.256652 0.036549 0)
(0.371429 -0.0156728 0)
(0.497811 -0.0732098 0)
(0.62626 -0.132152 0)
(0.747626 -0.188768 0)
(0.855031 -0.239622 0)
(0.944632 -0.282431 0)
(1.01579 -0.316019 0)
(1.07005 -0.33947 0)
(1.11029 -0.352837 0)
(1.13998 -0.356268 0)
(1.16254 -0.35016 0)
(1.18104 -0.334679 0)
(1.19803 -0.309644 0)
(1.21547 -0.274349 0)
(1.23487 -0.227352 0)
(1.25734 -0.166397 0)
(1.28334 -0.0878038 0)
(1.31141 0.0134565 0)
(1.33939 0.142883 0)
(1.36214 0.307763 0)
(1.36839 0.515408 0)
(1.34018 0.770863 0)
(1.25247 1.07186 0)
(1.06557 1.40493 0)
(0.758707 1.71807 0)
(0.288121 1.96465 0)
(0.0206286 0.119449 0)
(0.068539 0.105093 0)
(0.134057 0.0774227 0)
(0.22226 0.0382872 0)
(0.331473 -0.00985288 0)
(0.454857 -0.0640208 0)
(0.583071 -0.120938 0)
(0.706841 -0.176961 0)
(0.818735 -0.229454 0)
(0.914236 -0.275737 0)
(0.992234 -0.314146 0)
(1.0538 -0.343565 0)
(1.10149 -0.363504 0)
(1.13858 -0.373907 0)
(1.16838 -0.374617 0)
(1.19423 -0.365536 0)
(1.21896 -0.346343 0)
(1.24502 -0.316173 0)
(1.27457 -0.273385 0)
(1.30954 -0.215358 0)
(1.35122 -0.138031 0)
(1.39997 -0.0357339 0)
(1.45453 0.100312 0)
(1.51013 0.279357 0)
(1.55573 0.513643 0)
(1.56988 0.814895 0)
(1.52037 1.18862 0)
(1.34527 1.62936 0)
(1.0087 2.07675 0)
(0.4005 2.48027 0)
(0.0155905 0.107921 0)
(0.0537582 0.095443 0)
(0.110451 0.0712457 0)
(0.191193 0.0366356 0)
(0.294697 -0.00663824 0)
(0.414497 -0.0563177 0)
(0.541555 -0.109665 0)
(0.66624 -0.163794 0)
(0.78095 -0.21631 0)
(0.881114 -0.264541 0)
(0.964916 -0.306662 0)
(1.03303 -0.34143 0)
(1.08754 -0.367773 0)
(1.13165 -0.385255 0)
(1.16882 -0.393376 0)
(1.20225 -0.391914 0)
(1.23505 -0.380305 0)
(1.27019 -0.35721 0)
(1.31048 -0.321149 0)
(1.35885 -0.269109 0)
(1.41806 -0.196721 0)
(1.49017 -0.0970152 0)
(1.57571 0.0398831 0)
(1.67214 0.227395 0)
(1.77005 0.483365 0)
(1.84644 0.829137 0)
(1.86346 1.28407 0)
(1.73166 1.85814 0)
(1.39762 2.47578 0)
(0.590566 3.06586 0)
(0.0112689 0.0922477 0)
(0.0410297 0.0816712 0)
(0.0899487 0.0610443 0)
(0.163845 0.0312187 0)
(0.261756 -0.00665681 0)
(0.377586 -0.0509857 0)
(0.502463 -0.0995303 0)
(0.626858 -0.150584 0)
(0.743175 -0.201356 0)
(0.846473 -0.250069 0)
(0.934566 -0.294582 0)
(1.00797 -0.333519 0)
(1.06862 -0.365668 0)
(1.11937 -0.38988 0)
(1.16339 -0.405734 0)
(1.20403 -0.41256 0)
(1.24498 -0.409483 0)
(1.28939 -0.395571 0)
(1.34065 -0.368707 0)
(1.40286 -0.325859 0)
(1.48029 -0.262514 0)
(1.57742 -0.171226 0)
(1.69783 -0.0407442 0)
(1.84274 0.145896 0)
(2.00704 0.412884 0)
(2.17044 0.79501 0)
(2.29245 1.33985 0)
(2.23959 2.10846 0)
(1.9167 3.12971 0)
(0.838925 4.3717 0)
(0.00765728 0.0726855 0)
(0.0303534 0.0639612 0)
(0.0726093 0.0468571 0)
(0.140414 0.0218616 0)
(0.233041 -0.0103602 0)
(0.34484 -0.0485817 0)
(0.466856 -0.0919173 0)
(0.589871 -0.138507 0)
(0.706337 -0.186359 0)
(0.811196 -0.233945 0)
(0.902328 -0.279284 0)
(0.979715 -0.3209 0)
(1.04527 -0.357422 0)
(1.1016 -0.387963 0)
(1.15181 -0.411368 0)
(1.19944 -0.426718 0)
(1.24779 -0.433052 0)
(1.30077 -0.429601 0)
(1.36277 -0.414114 0)
(1.43849 -0.383717 0)
(1.53403 -0.333918 0)
(1.6565 -0.257438 0)
(1.81355 -0.142459 0)
(2.01236 0.0296052 0)
(2.25688 0.288187 0)
(2.54156 0.679489 0)
(2.84819 1.27101 0)
(3.07129 2.13877 0)
(3.09667 3.32394 0)
(1.54312 4.87184 0)
(0.00472493 0.0495808 0)
(0.0216566 0.0426024 0)
(0.0583717 0.0288623 0)
(0.12093 0.00856344 0)
(0.208922 -0.0179058 0)
(0.316417 -0.0502707 0)
(0.435019 -0.087804 0)
(0.556026 -0.129098 0)
(0.671596 -0.172957 0)
(0.77678 -0.217869 0)
(0.869351 -0.262506 0)
(0.949364 -0.305368 0)
(1.01833 -0.345076 0)
(1.07891 -0.380644 0)
(1.13432 -0.410741 0)
(1.18777 -0.434405 0)
(1.24282 -0.45069 0)
(1.30359 -0.458283 0)
(1.37506 -0.455562 0)
(1.46301 -0.440493 0)
(1.575 -0.408869 0)
(1.72102 -0.354071 0)
(1.91312 -0.265693 0)
(2.16573 -0.125151 0)
(2.49449 0.100994 0)
(2.90786 0.471717 0)
(3.38895 1.12236 0)
(3.79803 2.2319 0)
(4.01365 4.77839 0)
(2.02843 9.12202 0)
(0.00265314 0.0262416 0)
(0.0154974 0.0207271 0)
(0.0482074 0.00984072 0)
(0.106896 -0.00644841 0)
(0.190915 -0.0281017 0)
(0.294816 -0.0552729 0)
(0.410463 -0.0871698 0)
(0.529008 -0.123285 0)
(0.642943 -0.162843 0)
(0.747309 -0.204637 0)
(0.839969 -0.247581 0)
(0.920947 -0.290375 0)
(0.991761 -0.331901 0)
(1.055 -0.370796 0)
(1.11377 -0.406011 0)
(1.1713 -0.436492 0)
(1.23118 -0.461271 0)
(1.29777 -0.479145 0)
(1.37601 -0.489147 0)
(1.47247 -0.489444 0)
(1.59647 -0.476906 0)
(1.75961 -0.447102 0)
(1.97806 -0.391996 0)
(2.27527 -0.296615 0)
(2.6836 -0.134191 0)
(3.26709 0.146658 0)
(4.08272 0.670076 0)
(5.57685 1.6076 0)
(7.46615 3.92969 0)
(13.611 8.0468 0)
(0.00118568 0.00370226 0)
(0.0111308 -0.000595831 0)
(0.0409358 -0.0092266 0)
(0.0966035 -0.0222618 0)
(0.177625 -0.0400309 0)
(0.278576 -0.0624273 0)
(0.391483 -0.0895418 0)
(0.50762 -0.120929 0)
(0.619601 -0.156219 0)
(0.722663 -0.194604 0)
(0.814644 -0.235231 0)
(0.895616 -0.277065 0)
(0.967123 -0.31903 0)
(1.03179 -0.359866 0)
(1.09262 -0.398654 0)
(1.15279 -0.434362 0)
(1.21594 -0.4661 0)
(1.28622 -0.492936 0)
(1.36899 -0.51437 0)
(1.47141 -0.528829 0)
(1.60279 -0.534935 0)
(1.77626 -0.530594 0)
(2.01066 -0.510883 0)
(2.33267 -0.468413 0)
(2.78177 -0.389041 0)
(3.4316 -0.245663 0)
(4.34953 0.0171532 0)
(5.93915 0.490607 0)
(7.96126 1.25866 0)
(13.8067 2.68824 0)
(7.40595e-05 -0.02041 0)
(0.0077395 -0.0236212 0)
(0.0352069 -0.0301498 0)
(0.088412 -0.0401976 0)
(0.166815 -0.0541478 0)
(0.265108 -0.0722392 0)
(0.375361 -0.0946224 0)
(0.489002 -0.121374 0)
(0.598738 -0.152226 0)
(0.699902 -0.186877 0)
(0.790493 -0.224673 0)
(0.870668 -0.264831 0)
(0.942081 -0.30638 0)
(1.00723 -0.348271 0)
(1.06907 -0.389683 0)
(1.13084 -0.429718 0)
(1.19603 -0.46764 0)
(1.26881 -0.502925 0)
(1.35447 -0.53506 0)
(1.46013 -0.563908 0)
(1.59541 -0.589468 0)
(1.77404 -0.611522 0)
(2.01538 -0.629995 0)
(2.3484 -0.645179 0)
(2.8173 -0.655907 0)
(3.51095 -0.660388 0)
(4.52344 -0.654048 0)
(6.3227 -0.631533 0)
(8.54864 -0.585122 0)
(14.1326 -0.507241 0)
(-0.000741141 -0.0458596 0)
(0.00528654 -0.0481058 0)
(0.0309893 -0.0526671 0)
(0.082204 -0.0599445 0)
(0.158399 -0.0703538 0)
(0.25429 -0.0843429 0)
(0.362001 -0.102292 0)
(0.473058 -0.124506 0)
(0.5803 -0.151082 0)
(0.679194 -0.181879 0)
(0.767872 -0.21652 0)
(0.846591 -0.254421 0)
(0.917059 -0.294846 0)
(0.981809 -0.337018 0)
(1.04375 -0.380099 0)
(1.10601 -0.423461 0)
(1.17201 -0.466593 0)
(1.24577 -0.509261 0)
(1.3324 -0.551545 0)
(1.43876 -0.5941 0)
(1.57423 -0.638248 0)
(1.75195 -0.686347 0)
(1.99047 -0.742898 0)
(2.31713 -0.815491 0)
(2.77265 -0.918408 0)
(3.43274 -1.07735 0)
(4.36692 -1.34472 0)
(5.98048 -1.80335 0)
(8.03898 -2.50996 0)
(14.0531 -3.81973 0)
(-0.00127368 -0.0721716 0)
(0.00365488 -0.0735091 0)
(0.0281034 -0.0763473 0)
(0.0777995 -0.0811075 0)
(0.152175 -0.0883005 0)
(0.245945 -0.0985176 0)
(0.351263 -0.112329 0)
(0.459728 -0.130263 0)
(0.564314 -0.152665 0)
(0.660638 -0.179613 0)
(0.746967 -0.210941 0)
(0.823671 -0.246275 0)
(0.892523 -0.285072 0)
(0.956078 -0.326731 0)
(1.01721 -0.370653 0)
(1.07894 -0.416365 0)
(1.14455 -0.463618 0)
(1.21783 -0.512509 0)
(1.30357 -0.563641 0)
(1.40811 -0.61844 0)
(1.54006 -0.679543 0)
(1.71125 -0.751552 0)
(1.93789 -0.842626 0)
(2.24307 -0.967203 0)
(2.66013 -1.15274 0)
(3.25504 -1.45167 0)
(4.08899 -1.98869 0)
(5.6211 -2.93848 0)
(7.58638 -5.27008 0)
(14.0965 -9.39194 0)
(18.0064 1.29447 0)
(16.6498 -0.258867 0)
(17.1664 -0.279212 0)
(17.4555 -0.164829 0)
(17.5729 -0.0847506 0)
(17.6648 -0.0428075 0)
(17.7395 -0.0219182 0)
(17.803 -0.011304 0)
(17.8604 -0.00583723 0)
(17.9141 -0.00300859 0)
(17.9651 -0.00154225 0)
(18.0136 -0.000783519 0)
(18.0595 -0.000394906 0)
(18.1025 -0.000197363 0)
(18.1423 -9.77276e-05 0)
(18.1785 -4.78623e-05 0)
(18.2112 -2.30042e-05 0)
(18.2396 -1.06354e-05 0)
(18.2661 -4.33889e-06 0)
(18.2827 -8.63064e-07 0)
(18.316 7.88781e-07 0)
(18.2977 1.62598e-06 0)
(18.4051 1.75273e-06 0)
(18.2809 1.54599e-06 0)
(18.3589 1.47264e-06 0)
(18.2518 -0.295532 0)
(17.7804 -0.0966315 0)
(17.6785 -0.0228367 0)
(17.6862 -0.00387815 0)
(17.6977 0.0021517 0)
(17.7277 0.00266677 0)
(17.7714 0.00166181 0)
(17.8196 0.000843112 0)
(17.8692 0.000397795 0)
(17.9189 0.000191212 0)
(17.9679 0.000102551 0)
(18.0153 5.99269e-05 0)
(18.0606 3.57444e-05 0)
(18.1033 2.0174e-05 0)
(18.143 1.00569e-05 0)
(18.1791 4.03604e-06 0)
(18.2118 1.02166e-06 0)
(18.2402 -9.69057e-08 0)
(18.2667 -1.12141e-07 0)
(18.2833 5.20565e-07 0)
(18.3166 9.00921e-07 0)
(18.2983 1.28351e-06 0)
(18.4056 1.30041e-06 0)
(18.2814 1.08805e-06 0)
(18.3595 1.01946e-06 0)
(17.7297 -0.233459 0)
(17.0744 -0.140671 0)
(17.2713 -0.0822916 0)
(17.4804 -0.045289 0)
(17.5804 -0.025328 0)
(17.665 -0.014394 0)
(17.7382 -0.00825998 0)
(17.8023 -0.00473506 0)
(17.8603 -0.00266496 0)
(17.9143 -0.0014534 0)
(17.9655 -0.000766655 0)
(18.0141 -0.000392839 0)
(18.06 -0.000197241 0)
(18.103 -9.84914e-05 0)
(18.1428 -4.99914e-05 0)
(18.179 -2.64109e-05 0)
(18.2117 -1.46745e-05 0)
(18.2402 -8.46555e-06 0)
(18.2666 -4.9089e-06 0)
(18.2833 -2.7909e-06 0)
(18.3166 -1.48659e-06 0)
(18.2983 -7.43522e-07 0)
(18.4056 -2.99082e-07 0)
(18.2814 -5.15871e-08 0)
(18.3595 2.60475e-08 0)
(18.5392 -0.114216 0)
(17.9436 -0.143 0)
(17.7763 -0.109709 0)
(17.7391 -0.0717266 0)
(17.7285 -0.0436615 0)
(17.7448 -0.0260525 0)
(17.7811 -0.0149222 0)
(17.8252 -0.00833942 0)
(17.8725 -0.00457664 0)
(17.9208 -0.00246766 0)
(17.9689 -0.00130843 0)
(18.0158 -0.000681797 0)
(18.0609 -0.000350171 0)
(18.1035 -0.000178412 0)
(18.143 -9.12003e-05 0)
(18.1792 -4.75259e-05 0)
(18.2118 -2.56416e-05 0)
(18.2402 -1.43955e-05 0)
(18.2667 -8.51197e-06 0)
(18.2833 -5.54441e-06 0)
(18.3166 -3.62328e-06 0)
(18.2983 -2.69034e-06 0)
(18.4056 -1.91277e-06 0)
(18.2814 -1.24826e-06 0)
(18.3595 -1.01346e-06 0)
(18.6561 -1.58607 0)
(16.9231 0.162178 0)
(17.3303 0.225645 0)
(17.5453 0.136124 0)
(17.6235 0.0686564 0)
(17.693 0.0338317 0)
(17.7554 0.0169218 0)
(17.8121 0.00854372 0)
(17.8656 0.0043236 0)
(17.9171 0.00218561 0)
(17.9668 0.00110305 0)
(18.0145 0.000554493 0)
(18.0599 0.000277721 0)
(18.1027 0.000137617 0)
(18.1424 6.65757e-05 0)
(18.1786 3.07834e-05 0)
(18.2112 1.30588e-05 0)
(18.2396 4.60859e-06 0)
(18.2661 6.23678e-07 0)
(18.2827 -1.36988e-06 0)
(18.316 -2.02455e-06 0)
(18.2978 -2.28929e-06 0)
(18.4051 -2.066e-06 0)
(18.2809 -1.65461e-06 0)
(18.3589 -1.49268e-06 0)
(-0.00157909 -0.102958 0)
(0.00266629 -0.103354 0)
(0.0262101 -0.104419 0)
(0.0746676 -0.106624 0)
(0.147397 -0.110557 0)
(0.239073 -0.116933 0)
(0.341859 -0.126512 0)
(0.447425 -0.140031 0)
(0.548897 -0.158047 0)
(0.642068 -0.180842 0)
(0.725361 -0.208449 0)
(0.799275 -0.240683 0)
(0.865662 -0.277209 0)
(0.92709 -0.317619 0)
(0.986388 -0.361565 0)
(1.04645 -0.408795 0)
(1.11035 -0.459356 0)
(1.18153 -0.513712 0)
(1.26427 -0.572987 0)
(1.3641 -0.639343 0)
(1.48834 -0.716565 0)
(1.64656 -0.811039 0)
(1.85093 -0.933564 0)
(2.11622 -1.10258 0)
(2.45817 -1.35115 0)
(2.88709 -1.73912 0)
(3.38674 -2.40322 0)
(3.81619 -3.52826 0)
(4.04814 -6.11424 0)
(2.04924 -10.5561 0)
(-0.00153823 -0.138118 0)
(0.00266328 -0.137552 0)
(0.0258461 -0.136805 0)
(0.0735118 -0.136424 0)
(0.144917 -0.137094 0)
(0.23465 -0.139648 0)
(0.334849 -0.145021 0)
(0.437258 -0.15414 0)
(0.535176 -0.167743 0)
(0.624597 -0.186288 0)
(0.704125 -0.209971 0)
(0.774394 -0.238771 0)
(0.837337 -0.272539 0)
(0.895516 -0.31107 0)
(0.951691 -0.354241 0)
(1.0086 -0.40207 0)
(1.06901 -0.454882 0)
(1.13593 -0.513499 0)
(1.21292 -0.579492 0)
(1.3044 -0.655604 0)
(1.41594 -0.746389 0)
(1.55429 -0.859216 0)
(1.727 -1.00588 0)
(1.94126 -1.20515 0)
(2.2011 -1.48698 0)
(2.50106 -1.89783 0)
(2.82268 -2.50739 0)
(3.05968 -3.3925 0)
(3.09836 -4.59344 0)
(1.54781 -6.15762 0)
(-0.00114962 -0.173825 0)
(0.00366262 -0.172373 0)
(0.0270659 -0.169954 0)
(0.0744487 -0.167219 0)
(0.144953 -0.16497 0)
(0.233065 -0.164166 0)
(0.330876 -0.165888 0)
(0.430205 -0.171212 0)
(0.524532 -0.181004 0)
(0.610062 -0.195839 0)
(0.685583 -0.216014 0)
(0.751855 -0.24162 0)
(0.810867 -0.272633 0)
(0.865169 -0.309017 0)
(0.91742 -0.350814 0)
(0.970178 -0.398274 0)
(1.0259 -0.451944 0)
(1.08709 -0.512899 0)
(1.15657 -0.582983 0)
(1.23761 -0.66522 0)
(1.33402 -0.764391 0)
(1.44989 -0.887884 0)
(1.58874 -1.04693 0)
(1.75158 -1.25829 0)
(1.93316 -1.54658 0)
(2.11342 -1.94675 0)
(2.25183 -2.5064 0)
(2.21445 -3.28658 0)
(1.9036 -4.31598 0)
(0.834671 -5.56308 0)
(-0.000437068 -0.209779 0)
(0.00559814 -0.207487 0)
(0.029753 -0.203482 0)
(0.0772897 -0.198552 0)
(0.147231 -0.193645 0)
(0.233954 -0.189865 0)
(0.329509 -0.188431 0)
(0.425801 -0.190536 0)
(0.516511 -0.197129 0)
(0.598062 -0.208843 0)
(0.669428 -0.226025 0)
(0.731483 -0.248823 0)
(0.786256 -0.277291 0)
(0.836263 -0.311496 0)
(0.884043 -0.351612 0)
(0.931955 -0.398033 0)
(0.982138 -0.451476 0)
(1.03662 -0.513153 0)
(1.09748 -0.58502 0)
(1.16691 -0.670113 0)
(1.24718 -0.773024 0)
(1.34015 -0.900523 0)
(1.44627 -1.06235 0)
(1.56258 -1.27199 0)
(1.67934 -1.54727 0)
(1.77372 -1.9095 0)
(1.80759 -2.37823 0)
(1.69107 -2.9635 0)
(1.37095 -3.58992 0)
(0.580662 -4.18361 0)
(0.000587826 -0.245716 0)
(0.00843634 -0.242601 0)
(0.0338393 -0.237044 0)
(0.081905 -0.230008 0)
(0.151537 -0.222628 0)
(0.237016 -0.216174 0)
(0.330367 -0.212004 0)
(0.423612 -0.211403 0)
(0.510657 -0.215365 0)
(0.588162 -0.224539 0)
(0.655283 -0.239275 0)
(0.713001 -0.259729 0)
(0.763367 -0.285981 0)
(0.808841 -0.31815 0)
(0.851834 -0.356486 0)
(0.894492 -0.401459 0)
(0.938647 -0.453878 0)
(0.985879 -0.514997 0)
(1.03761 -0.586736 0)
(1.09512 -0.671943 0)
(1.15939 -0.774733 0)
(1.23062 -0.900885 0)
(1.3072 -1.05822 0)
(1.38406 -1.25676 0)
(1.44999 -1.50821 0)
(1.48361 -1.82396 0)
(1.45268 -2.20935 0)
(1.29557 -2.65826 0)
(0.976877 -3.10962 0)
(0.38907 -3.51248 0)
(0.00192474 -0.281403 0)
(0.0121726 -0.277454 0)
(0.0392987 -0.270337 0)
(0.0882168 -0.261228 0)
(0.157717 -0.25149 0)
(0.242006 -0.242591 0)
(0.333125 -0.236026 0)
(0.423254 -0.233154 0)
(0.506554 -0.234984 0)
(0.579941 -0.242147 0)
(0.642758 -0.254958 0)
(0.696085 -0.273539 0)
(0.741979 -0.297955 0)
(0.782828 -0.328328 0)
(0.820904 -0.364931 0)
(0.858142 -0.40826 0)
(0.896089 -0.459127 0)
(0.935926 -0.518754 0)
(0.978527 -0.588919 0)
(1.02443 -0.672144 0)
(1.07367 -0.771914 0)
(1.12529 -0.892874 0)
(1.17655 -1.04091 0)
(1.22154 -1.22287 0)
(1.24945 -1.44563 0)
(1.2423 -1.71379 0)
(1.17513 -2.02474 0)
(1.00876 -2.36451 0)
(0.722839 -2.68105 0)
(0.275474 -2.92766 0)
(0.00358191 -0.31662 0)
(0.0168253 -0.311807 0)
(0.0461386 -0.303093 0)
(0.0961906 -0.291899 0)
(0.165663 -0.279866 0)
(0.248736 -0.268687 0)
(0.337519 -0.259999 0)
(0.424401 -0.255215 0)
(0.503841 -0.255334 0)
(0.573024 -0.260938 0)
(0.631491 -0.272279 0)
(0.680414 -0.289418 0)
(0.721843 -0.312368 0)
(0.75808 -0.341218 0)
(0.791254 -0.376218 0)
(0.823101 -0.417842 0)
(0.854904 -0.466851 0)
(0.88751 -0.524365 0)
(0.921356 -0.591949 0)
(0.95643 -0.671732 0)
(0.992103 -0.766516 0)
(1.02675 -0.879825 0)
(1.0571 -1.0158 0)
(1.07732 -1.17873 0)
(1.07791 -1.37197 0)
(1.04468 -1.5959 0)
(0.959418 -1.84429 0)
(0.798138 -2.10139 0)
(0.549839 -2.32811 0)
(0.202318 -2.48844 0)
(0.00557299 -0.35115 0)
(0.022427 -0.345436 0)
(0.0543892 -0.335068 0)
(0.105822 -0.321753 0)
(0.17531 -0.307451 0)
(0.257063 -0.294113 0)
(0.343335 -0.283517 0)
(0.426789 -0.277113 0)
(0.502217 -0.275862 0)
(0.567098 -0.280276 0)
(0.621173 -0.290523 0)
(0.665702 -0.30658 0)
(0.702721 -0.328384 0)
(0.734437 -0.355966 0)
(0.762831 -0.389519 0)
(0.789452 -0.429458 0)
(0.815356 -0.476457 0)
(0.841115 -0.531483 0)
(0.866838 -0.595856 0)
(0.89213 -0.671287 0)
(0.915958 -0.759918 0)
(0.936364 -0.86427 0)
(0.950011 -0.987035 0)
(0.951594 -1.13056 0)
(0.933268 -1.29585 0)
(0.884306 -1.48095 0)
(0.791977 -1.67848 0)
(0.64206 -1.8738 0)
(0.429405 -2.03867 0)
(0.153987 -2.14609 0)
(0.0079137 -0.38477 0)
(0.0290166 -0.378114 0)
(0.0640901 -0.366035 0)
(0.117123 -0.350558 0)
(0.186613 -0.334 0)
(0.266876 -0.318592 0)
(0.350403 -0.306262 0)
(0.430203 -0.298472 0)
(0.501443 -0.296126 0)
(0.561912 -0.299642 0)
(0.611556 -0.309087 0)
(0.651719 -0.324339 0)
(0.684414 -0.345252 0)
(0.711747 -0.371773 0)
(0.735555 -0.404024 0)
(0.757212 -0.442334 0)
(0.77758 -0.487262 0)
(0.797019 -0.539608 0)
(0.8154 -0.600426 0)
(0.832088 -0.671032 0)
(0.845843 -0.752972 0)
(0.854619 -0.847927 0)
(0.85528 -0.957462 0)
(0.843264 -1.08254 0)
(0.812345 -1.22272 0)
(0.754677 -1.37494 0)
(0.661658 -1.53197 0)
(0.525141 -1.68141 0)
(0.343426 -1.80313 0)
(0.120898 -1.87762 0)
(0.0106182 -0.417234 0)
(0.0366287 -0.409608 0)
(0.0752767 -0.395776 0)
(0.130103 -0.37811 0)
(0.199537 -0.359314 0)
(0.278085 -0.34192 0)
(0.358584 -0.328001 0)
(0.43447 -0.319019 0)
(0.501331 -0.315795 0)
(0.557275 -0.318636 0)
(0.602455 -0.327495 0)
(0.638293 -0.342145 0)
(0.666771 -0.362345 0)
(0.689894 -0.387957 0)
(0.709354 -0.419016 0)
(0.726367 -0.455755 0)
(0.741633 -0.498606 0)
(0.755349 -0.548195 0)
(0.767233 -0.605326 0)
(0.776516 -0.670951 0)
(0.78189 -0.746115 0)
(0.781382 -0.831828 0)
(0.772194 -0.928825 0)
(0.750552 -1.03715 0)
(0.71166 -1.15553 0)
(0.649918 -1.28056 0)
(0.559693 -1.40578 0)
(0.436542 -1.52114 0)
(0.280671 -1.61237 0)
(0.0975219 -1.66562 0)
(0.013695 -0.44827 0)
(0.0452827 -0.439662 0)
(0.0879648 -0.424071 0)
(0.144759 -0.404228 0)
(0.214042 -0.383241 0)
(0.290608 -0.363953 0)
(0.367759 -0.34858 0)
(0.439453 -0.33857 0)
(0.501733 -0.334642 0)
(0.553045 -0.336976 0)
(0.593738 -0.345401 0)
(0.625306 -0.359581 0)
(0.649693 -0.379182 0)
(0.668797 -0.403978 0)
(0.684172 -0.433915 0)
(0.696892 -0.469126 0)
(0.70752 -0.509919 0)
(0.716137 -0.55675 0)
(0.722364 -0.610196 0)
(0.725386 -0.670898 0)
(0.723915 -0.739495 0)
(0.716143 -0.816488 0)
(0.699665 -0.902026 0)
(0.671441 -0.995578 0)
(0.62786 -1.09548 0)
(0.565011 -1.19839 0)
(0.479319 -1.29879 0)
(0.368565 -1.38879 0)
(0.233909 -1.45821 0)
(0.0805253 -1.49735 0)
(0.017143 -0.477566 0)
(0.054972 -0.467999 0)
(0.102135 -0.450694 0)
(0.16105 -0.428746 0)
(0.230063 -0.405663 0)
(0.304355 -0.3846 0)
(0.377821 -0.367912 0)
(0.445033 -0.357021 0)
(0.502538 -0.352533 0)
(0.549121 -0.354484 0)
(0.585322 -0.362575 0)
(0.61269 -0.376363 0)
(0.633123 -0.395421 0)
(0.648412 -0.419443 0)
(0.659978 -0.448289 0)
(0.668764 -0.481997 0)
(0.675223 -0.520757 0)
(0.67935 -0.564872 0)
(0.680721 -0.61472 0)
(0.678521 -0.670689 0)
(0.671548 -0.7331 0)
(0.6582 -0.802081 0)
(0.636461 -0.877394 0)
(0.603934 -0.958177 0)
(0.557949 -1.04264 0)
(0.495827 -1.12772 0)
(0.415386 -1.20883 0)
(0.315717 -1.27987 0)
(0.198376 -1.33352 0)
(0.0678413 -1.36303 0)
(0.0209469 -0.504767 0)
(0.0656515 -0.494306 0)
(0.117718 -0.475407 0)
(0.17889 -0.451506 0)
(0.247501 -0.426493 0)
(0.31922 -0.403819 0)
(0.388661 -0.38597 0)
(0.451108 -0.374339 0)
(0.503656 -0.36941 0)
(0.545434 -0.371071 0)
(0.577157 -0.37889 0)
(0.600412 -0.39232 0)
(0.617043 -0.410851 0)
(0.628729 -0.434101 0)
(0.636762 -0.461857 0)
(0.641969 -0.494068 0)
(0.644711 -0.530817 0)
(0.644922 -0.572279 0)
(0.642166 -0.618665 0)
(0.635666 -0.670159 0)
(0.624333 -0.726845 0)
(0.606783 -0.788592 0)
(0.58136 -0.854917 0)
(0.546202 -0.9248 0)
(0.499365 -0.996478 0)
(0.439051 -1.06725 0)
(0.364003 -1.13338 0)
(0.27406 -1.19015 0)
(0.170868 -1.23228 0)
(0.0581514 -1.25503 0)
(0.025073 -0.529476 0)
(0.077227 -0.518238 0)
(0.134576 -0.497954 0)
(0.198124 -0.472356 0)
(0.266207 -0.445667 0)
(0.335068 -0.421605 0)
(0.400163 -0.402776 0)
(0.457584 -0.390546 0)
(0.505015 -0.38528 0)
(0.541936 -0.38672 0)
(0.569218 -0.394301 0)
(0.588467 -0.407378 0)
(0.601458 -0.425367 0)
(0.609756 -0.447823 0)
(0.61453 -0.474465 0)
(0.6165 -0.505171 0)
(0.615947 -0.539934 0)
(0.612771 -0.578815 0)
(0.606538 -0.621894 0)
(0.596531 -0.6692 0)
(0.581788 -0.720643 0)
(0.561134 -0.775923 0)
(0.533229 -0.834418 0)
(0.496645 -0.895056 0)
(0.449984 -0.956192 0)
(0.392069 -1.0155 0)
(0.322244 -1.06994 0)
(0.240759 -1.11589 0)
(0.149192 -1.14949 0)
(0.0505909 -1.16739 0)
(0.0294655 -0.551251 0)
(0.089545 -0.539415 0)
(0.152495 -0.518059 0)
(0.21852 -0.491138 0)
(0.285967 -0.463135 0)
(0.351727 -0.437983 0)
(0.4122 -0.418393 0)
(0.464368 -0.405713 0)
(0.506556 -0.400204 0)
(0.538598 -0.401471 0)
(0.5615 -0.408826 0)
(0.576867 -0.421535 0)
(0.586391 -0.438949 0)
(0.591517 -0.46057 0)
(0.593298 -0.486067 0)
(0.592351 -0.515254 0)
(0.588896 -0.54805 0)
(0.582805 -0.58443 0)
(0.573664 -0.624366 0)
(0.560824 -0.667773 0)
(0.543448 -0.714443 0)
(0.520553 -0.763969 0)
(0.491068 -0.815666 0)
(0.453908 -0.868481 0)
(0.408082 -0.920921 0)
(0.352844 -0.971005 0)
(0.287918 -1.01628 0)
(0.213765 -1.05395 0)
(0.131825 -1.08116 0)
(0.0445785 -1.0955 0)
(0.0340451 -0.569622 0)
(0.102386 -0.557429 0)
(0.171168 -0.535426 0)
(0.239753 -0.507689 0)
(0.306494 -0.478854 0)
(0.368979 -0.452997 0)
(0.424621 -0.432912 0)
(0.471369 -0.419946 0)
(0.508229 -0.414281 0)
(0.535402 -0.415409 0)
(0.554011 -0.422535 0)
(0.565637 -0.434846 0)
(0.571874 -0.45164 0)
(0.574045 -0.472379 0)
(0.573086 -0.496692 0)
(0.569523 -0.524345 0)
(0.563519 -0.555198 0)
(0.554932 -0.589156 0)
(0.543372 -0.626115 0)
(0.528262 -0.665905 0)
(0.508882 -0.70824 0)
(0.484417 -0.752656 0)
(0.454019 -0.798452 0)
(0.416872 -0.844635 0)
(0.37228 -0.889877 0)
(0.319797 -0.932503 0)
(0.259383 -0.97053 0)
(0.191589 -1.00178 0)
(0.117692 -1.02413 0)
(0.0397133 -1.03581 0)
(0.0387072 -0.584097 0)
(0.115465 -0.571855 0)
(0.190196 -0.549742 0)
(0.2614 -0.521827 0)
(0.327419 -0.49277 0)
(0.386547 -0.466696 0)
(0.43725 -0.446445 0)
(0.478488 -0.433378 0)
(0.509993 -0.427643 0)
(0.532342 -0.428652 0)
(0.546769 -0.435531 0)
(0.554809 -0.447404 0)
(0.557944 -0.463527 0)
(0.557373 -0.483335 0)
(0.553914 -0.506426 0)
(0.54801 -0.532533 0)
(0.539776 -0.56147 0)
(0.529058 -0.593091 0)
(0.515497 -0.627232 0)
(0.498582 -0.66367 0)
(0.4777 -0.702071 0)
(0.452181 -0.741947 0)
(0.421357 -0.782613 0)
(0.384618 -0.823153 0)
(0.341487 -0.8624 0)
(0.291717 -0.898947 0)
(0.235411 -0.931183 0)
(0.173141 -0.957406 0)
(0.106025 -0.975998 0)
(0.0357155 -0.985656 0)
(0.0433242 -0.594188 0)
(0.128427 -0.582262 0)
(0.209088 -0.560678 0)
(0.282934 -0.533355 0)
(0.34828 -0.504816 0)
(0.40409 -0.479118 0)
(0.449873 -0.459101 0)
(0.485618 -0.446157 0)
(0.51181 -0.44044 0)
(0.529423 -0.441341 0)
(0.539799 -0.447944 0)
(0.544419 -0.45933 0)
(0.544642 -0.474729 0)
(0.541532 -0.493556 0)
(0.535799 -0.515393 0)
(0.527806 -0.539946 0)
(0.517623 -0.566999 0)
(0.505091 -0.596367 0)
(0.48988 -0.627847 0)
(0.471542 -0.66118 0)
(0.449556 -0.696009 0)
(0.423375 -0.731843 0)
(0.392474 -0.768032 0)
(0.356401 -0.803746 0)
(0.314836 -0.837968 0)
(0.267667 -0.869513 0)
(0.215078 -0.89707 0)
(0.157623 -0.919292 0)
(0.0962729 -0.934938 0)
(0.0323855 -0.943025 0)
(0.0477477 -0.599437 0)
(0.140866 -0.588233 0)
(0.227266 -0.567901 0)
(0.303739 -0.542048 0)
(0.368527 -0.514888 0)
(0.421194 -0.490271 0)
(0.462231 -0.470975 0)
(0.492632 -0.458423 0)
(0.513641 -0.452832 0)
(0.526654 -0.453634 0)
(0.533136 -0.459921 0)
(0.534509 -0.470763 0)
(0.532004 -0.485382 0)
(0.526553 -0.503183 0)
(0.518755 -0.523736 0)
(0.508898 -0.546735 0)
(0.497015 -0.57194 0)
(0.482941 -0.599141 0)
(0.466375 -0.628111 0)
(0.446922 -0.658568 0)
(0.424144 -0.690147 0)
(0.397595 -0.722374 0)
(0.366862 -0.75464 0)
(0.331613 -0.786202 0)
(0.291642 -0.816177 0)
(0.246924 -0.843567 0)
(0.197683 -0.867298 0)
(0.144441 -0.886296 0)
(0.088031 -0.899594 0)
(0.0295794 -0.906439 0)
(0.0518165 -0.599443 0)
(0.152331 -0.589395 0)
(0.244095 -0.571089 0)
(0.323116 -0.547661 0)
(0.387524 -0.522837 0)
(0.437371 -0.500114 0)
(0.474011 -0.482118 0)
(0.499369 -0.470294 0)
(0.515438 -0.464972 0)
(0.52405 -0.465693 0)
(0.526818 -0.47162 0)
(0.525123 -0.481857 0)
(0.520071 -0.495636 0)
(0.512463 -0.512365 0)
(0.502791 -0.531613 0)
(0.491273 -0.553061 0)
(0.477904 -0.576459 0)
(0.46252 -0.60158 0)
(0.444841 -0.628181 0)
(0.424524 -0.655973 0)
(0.401197 -0.684593 0)
(0.374496 -0.713589 0)
(0.344098 -0.742402 0)
(0.309762 -0.770369 0)
(0.271359 -0.796726 0)
(0.228923 -0.82063 0)
(0.182693 -0.841196 0)
(0.133146 -0.85756 0)
(0.0809995 -0.868959 0)
(0.0271907 -0.874807 0)
(0.0553637 -0.5939 0)
(0.162358 -0.585442 0)
(0.2589 -0.569944 0)
(0.340313 -0.549928 0)
(0.404565 -0.528461 0)
(0.452056 -0.508532 0)
(0.484832 -0.492512 0)
(0.505627 -0.481839 0)
(0.517128 -0.476985 0)
(0.521616 -0.477671 0)
(0.520886 -0.483202 0)
(0.516307 -0.492772 0)
(0.508882 -0.50565 0)
(0.499287 -0.521264 0)
(0.487913 -0.539183 0)
(0.47491 -0.55909 0)
(0.460242 -0.580725 0)
(0.443741 -0.603851 0)
(0.425151 -0.628219 0)
(0.404168 -0.653538 0)
(0.380478 -0.679457 0)
(0.353781 -0.70555 0)
(0.323828 -0.731308 0)
(0.290441 -0.756143 0)
(0.253549 -0.779393 0)
(0.21322 -0.800343 0)
(0.169694 -0.818262 0)
(0.123399 -0.832447 0)
(0.0749531 -0.842288 0)
(0.0251408 -0.847322 0)
(0.058228 -0.582631 0)
(0.17049 -0.576166 0)
(0.271013 -0.564218 0)
(0.354559 -0.548576 0)
(0.4189 -0.531499 0)
(0.464619 -0.51532 0)
(0.494242 -0.502044 0)
(0.511138 -0.493043 0)
(0.518596 -0.488941 0)
(0.519337 -0.489693 0)
(0.515373 -0.494822 0)
(0.50811 -0.503669 0)
(0.498477 -0.515587 0)
(0.487049 -0.53004 0)
(0.474123 -0.546613 0)
(0.459789 -0.564988 0)
(0.44398 -0.584903 0)
(0.426524 -0.606117 0)
(0.407184 -0.628379 0)
(0.385691 -0.651401 0)
(0.361778 -0.674848 0)
(0.335198 -0.698323 0)
(0.305754 -0.721366 0)
(0.273319 -0.743455 0)
(0.23786 -0.764016 0)
(0.199464 -0.782441 0)
(0.158362 -0.798121 0)
(0.114936 -0.810481 0)
(0.0697192 -0.819026 0)
(0.0233689 -0.823388 0)
(0.0602648 -0.565623 0)
(0.176315 -0.561493 0)
(0.279814 -0.55374 0)
(0.365113 -0.543339 0)
(0.429771 -0.531633 0)
(0.474382 -0.520173 0)
(0.501717 -0.510479 0)
(0.515558 -0.503779 0)
(0.519666 -0.500823 0)
(0.517158 -0.501831 0)
(0.510294 -0.506606 0)
(0.50057 -0.514702 0)
(0.488896 -0.52561 0)
(0.475773 -0.53886 0)
(0.461426 -0.554066 0)
(0.445889 -0.570919 0)
(0.42907 -0.589157 0)
(0.410791 -0.608537 0)
(0.390831 -0.628809 0)
(0.368949 -0.649693 0)
(0.344915 -0.670872 0)
(0.318525 -0.691979 0)
(0.289623 -0.712596 0)
(0.258118 -0.732262 0)
(0.224001 -0.750478 0)
(0.187371 -0.766726 0)
(0.148443 -0.780495 0)
(0.107555 -0.791308 0)
(0.0651647 -0.798763 0)
(0.021829 -0.802561 0)
(0.0613588 -0.543049 0)
(0.179498 -0.541506 0)
(0.284776 -0.53844 0)
(0.371316 -0.533983 0)
(0.436459 -0.528506 0)
(0.480652 -0.522685 0)
(0.506668 -0.517447 0)
(0.518456 -0.513777 0)
(0.520072 -0.51249 0)
(0.514954 -0.514067 0)
(0.505618 -0.518627 0)
(0.493707 -0.526002 0)
(0.480169 -0.535876 0)
(0.465482 -0.54789 0)
(0.449825 -0.561711 0)
(0.433193 -0.577049 0)
(0.415469 -0.593647 0)
(0.396472 -0.611264 0)
(0.375992 -0.629652 0)
(0.353812 -0.648542 0)
(0.32973 -0.667633 0)
(0.303576 -0.686586 0)
(0.275224 -0.705024 0)
(0.244608 -0.722539 0)
(0.211739 -0.738696 0)
(0.176714 -0.753052 0)
(0.139732 -0.765172 0)
(0.101091 -0.774662 0)
(0.0611843 -0.78119 0)
(0.0204846 -0.78451 0)
(0.061435 -0.51529 0)
(0.179811 -0.516468 0)
(0.285518 -0.518378 0)
(0.372645 -0.520338 0)
(0.438336 -0.521745 0)
(0.482764 -0.522365 0)
(0.508469 -0.52244 0)
(0.519315 -0.522603 0)
(0.519446 -0.523644 0)
(0.512506 -0.526251 0)
(0.501248 -0.530867 0)
(0.487497 -0.537646 0)
(0.472307 -0.546519 0)
(0.456193 -0.55729 0)
(0.439327 -0.569715 0)
(0.421685 -0.583543 0)
(0.403139 -0.598532 0)
(0.383503 -0.614448 0)
(0.362578 -0.631046 0)
(0.340164 -0.648067 0)
(0.316082 -0.665227 0)
(0.290186 -0.682214 0)
(0.262374 -0.698686 0)
(0.232598 -0.714279 0)
(0.200876 -0.728615 0)
(0.167305 -0.741311 0)
(0.132064 -0.751998 0)
(0.0954147 -0.760345 0)
(0.0576956 -0.766075 0)
(0.0193077 -0.768986 0)
(0.0604667 -0.482931 0)
(0.17716 -0.486829 0)
(0.281845 -0.493768 0)
(0.368767 -0.502329 0)
(0.434924 -0.511009 0)
(0.480128 -0.518672 0)
(0.506488 -0.524828 0)
(0.517544 -0.529654 0)
(0.517308 -0.533795 0)
(0.509478 -0.538059 0)
(0.496983 -0.543171 0)
(0.481845 -0.549614 0)
(0.46528 -0.557615 0)
(0.447902 -0.567193 0)
(0.429929 -0.578236 0)
(0.411352 -0.590566 0)
(0.392046 -0.603975 0)
(0.37183 -0.618241 0)
(0.350512 -0.633129 0)
(0.327906 -0.64839 0)
(0.30385 -0.663755 0)
(0.278218 -0.678935 0)
(0.250921 -0.69362 0)
(0.221925 -0.707486 0)
(0.191252 -0.7202 0)
(0.158992 -0.731429 0)
(0.125306 -0.740859 0)
(0.0904218 -0.748208 0)
(0.0546308 -0.753246 0)
(0.0182743 -0.755802 0)
(0.0584814 -0.44675 0)
(0.1716 -0.453225 0)
(0.273773 -0.464988 0)
(0.35958 -0.480016 0)
(0.425951 -0.496028 0)
(0.472292 -0.511067 0)
(0.500146 -0.523903 0)
(0.51252 -0.534176 0)
(0.513076 -0.542259 0)
(0.5054 -0.548959 0)
(0.492491 -0.555192 0)
(0.476549 -0.561742 0)
(0.458984 -0.569143 0)
(0.440564 -0.577674 0)
(0.421612 -0.587407 0)
(0.402178 -0.598276 0)
(0.382164 -0.610137 0)
(0.361408 -0.622799 0)
(0.339728 -0.636044 0)
(0.316952 -0.649635 0)
(0.292932 -0.663319 0)
(0.267552 -0.676828 0)
(0.240735 -0.689878 0)
(0.212453 -0.702179 0)
(0.18273 -0.713435 0)
(0.151648 -0.723357 0)
(0.119347 -0.731674 0)
(0.0860266 -0.738146 0)
(0.0519359 -0.742576 0)
(0.0173664 -0.744822 0)
(0.0555598 -0.407682 0)
(0.163339 -0.416456 0)
(0.261543 -0.432588 0)
(0.345243 -0.453617 0)
(0.411393 -0.476662 0)
(0.459003 -0.499075 0)
(0.488975 -0.518939 0)
(0.503633 -0.53531 0)
(0.506104 -0.548174 0)
(0.499676 -0.558194 0)
(0.487295 -0.566352 0)
(0.471271 -0.573652 0)
(0.453205 -0.580914 0)
(0.43406 -0.588694 0)
(0.414314 -0.597289 0)
(0.394125 -0.606795 0)
(0.37346 -0.617168 0)
(0.352196 -0.628277 0)
(0.330173 -0.639937 0)
(0.307234 -0.651934 0)
(0.283241 -0.664031 0)
(0.258089 -0.67598 0)
(0.231707 -0.687521 0)
(0.204071 -0.698391 0)
(0.175201 -0.708327 0)
(0.145169 -0.717074 0)
(0.114098 -0.724396 0)
(0.0821593 -0.730088 0)
(0.0495667 -0.733981 0)
(0.0165682 -0.735952 0)
(0.0518318 -0.366776 0)
(0.152725 -0.377455 0)
(0.245611 -0.397277 0)
(0.326178 -0.42353 0)
(0.3915 -0.452946 0)
(0.440252 -0.482363 0)
(0.472685 -0.509276 0)
(0.490363 -0.532167 0)
(0.495733 -0.550552 0)
(0.491623 -0.564801 0)
(0.480775 -0.57582 0)
(0.465513 -0.584711 0)
(0.447584 -0.592508 0)
(0.428154 -0.600026 0)
(0.407893 -0.607812 0)
(0.387111 -0.61616 0)
(0.365883 -0.625172 0)
(0.344151 -0.634812 0)
(0.321798 -0.644956 0)
(0.298692 -0.655427 0)
(0.274708 -0.666016 0)
(0.249749 -0.676496 0)
(0.22375 -0.686629 0)
(0.196685 -0.696177 0)
(0.168571 -0.704903 0)
(0.139469 -0.712582 0)
(0.109484 -0.719007 0)
(0.0787628 -0.723997 0)
(0.0474874 -0.727408 0)
(0.015868 -0.729135 0)
(0.0474665 -0.325134 0)
(0.140223 -0.337237 0)
(0.226624 -0.359895 0)
(0.303053 -0.390337 0)
(0.366805 -0.425128 0)
(0.416312 -0.460801 0)
(0.451228 -0.494415 0)
(0.472351 -0.523932 0)
(0.481371 -0.548362 0)
(0.480525 -0.56767 0)
(0.472205 -0.582531 0)
(0.458624 -0.593999 0)
(0.441598 -0.603211 0)
(0.422461 -0.611181 0)
(0.402087 -0.618688 0)
(0.380968 -0.626248 0)
(0.359324 -0.634144 0)
(0.337201 -0.642476 0)
(0.314548 -0.651215 0)
(0.291272 -0.660247 0)
(0.267274 -0.669405 0)
(0.242467 -0.678494 0)
(0.216791 -0.687303 0)
(0.190221 -0.695616 0)
(0.162767 -0.703222 0)
(0.13448 -0.709918 0)
(0.105447 -0.715521 0)
(0.0757917 -0.719873 0)
(0.0456688 -0.722847 0)
(0.0152557 -0.724353 0)
(0.0426598 -0.28385 0)
(0.126381 -0.296845 0)
(0.205368 -0.321376 0)
(0.276739 -0.354785 0)
(0.338097 -0.393686 0)
(0.387741 -0.434525 0)
(0.424839 -0.474101 0)
(0.449477 -0.50997 0)
(0.462584 -0.540652 0)
(0.465726 -0.565644 0)
(0.460821 -0.585254 0)
(0.449839 -0.600336 0)
(0.434562 -0.611996 0)
(0.416424 -0.62134 0)
(0.396474 -0.629326 0)
(0.375397 -0.636679 0)
(0.353583 -0.64388 0)
(0.331213 -0.651198 0)
(0.30833 -0.658734 0)
(0.284906 -0.666469 0)
(0.260878 -0.674304 0)
(0.236184 -0.682091 0)
(0.210773 -0.689656 0)
(0.18462 -0.696811 0)
(0.157732 -0.703368 0)
(0.130147 -0.70915 0)
(0.101939 -0.713992 0)
(0.0732099 -0.717755 0)
(0.0440888 -0.720329 0)
(0.0147238 -0.721631 0)
(0.0376182 -0.243939 0)
(0.111783 -0.257289 0)
(0.182712 -0.282694 0)
(0.24825 -0.317753 0)
(0.306371 -0.359319 0)
(0.355366 -0.403956 0)
(0.394049 -0.448398 0)
(0.421912 -0.489938 0)
(0.439177 -0.526684 0)
(0.446722 -0.557654 0)
(0.445912 -0.58271 0)
(0.438357 -0.602367 0)
(0.425679 -0.617549 0)
(0.409326 -0.629335 0)
(0.390462 -0.638765 0)
(0.369937 -0.646719 0)
(0.34832 -0.653865 0)
(0.325943 -0.660652 0)
(0.302975 -0.667337 0)
(0.279472 -0.674029 0)
(0.255434 -0.680724 0)
(0.230832 -0.687345 0)
(0.205636 -0.693771 0)
(0.179829 -0.699854 0)
(0.153416 -0.705437 0)
(0.126428 -0.710367 0)
(0.0989246 -0.714501 0)
(0.0709893 -0.717718 0)
(0.0427286 -0.719919 0)
(0.0142657 -0.721033 0)
(0.0325425 -0.206283 0)
(0.0970091 -0.219483 0)
(0.159543 -0.244803 0)
(0.218666 -0.2802 0)
(0.272764 -0.322912 0)
(0.320229 -0.369801 0)
(0.359674 -0.41772 0)
(0.390144 -0.463866 0)
(0.411262 -0.506056 0)
(0.423265 -0.542881 0)
(0.426933 -0.573729 0)
(0.423435 -0.598693 0)
(0.414123 -0.61838 0)
(0.400345 -0.633701 0)
(0.383299 -0.645666 0)
(0.363953 -0.655224 0)
(0.343024 -0.663176 0)
(0.321002 -0.670135 0)
(0.298192 -0.676522 0)
(0.27476 -0.682591 0)
(0.250786 -0.68846 0)
(0.226296 -0.69415 0)
(0.201293 -0.699612 0)
(0.175778 -0.704755 0)
(0.149764 -0.709467 0)
(0.123278 -0.713624 0)
(0.0963678 -0.717113 0)
(0.0691042 -0.719828 0)
(0.0415733 -0.721686 0)
(0.0138766 -0.722627 0)
(0.027614 -0.171585 0)
(0.082589 -0.184199 0)
(0.136696 -0.208582 0)
(0.189052 -0.243103 0)
(0.238463 -0.285484 0)
(0.283513 -0.333015 0)
(0.322758 -0.38283 0)
(0.354963 -0.432202 0)
(0.379292 -0.478802 0)
(0.395433 -0.520896 0)
(0.403612 -0.557438 0)
(0.404516 -0.588064 0)
(0.399146 -0.612981 0)
(0.388646 -0.632809 0)
(0.37415 -0.648396 0)
(0.356666 -0.660656 0)
(0.337019 -0.670445 0)
(0.315829 -0.678486 0)
(0.293535 -0.685341 0)
(0.270425 -0.69141 0)
(0.246673 -0.696948 0)
(0.22238 -0.702089 0)
(0.197598 -0.706882 0)
(0.17236 -0.71131 0)
(0.146694 -0.715319 0)
(0.120633 -0.718833 0)
(0.0942234 -0.721768 0)
(0.0675231 -0.724048 0)
(0.0406043 -0.725607 0)
(0.01355 -0.726395 0)
(0.0229826 -0.140345 0)
(0.0689694 -0.152027 0)
(0.1149 -0.174779 0)
(0.160383 -0.20739 0)
(0.204621 -0.248105 0)
(0.246451 -0.294726 0)
(0.2845 -0.344793 0)
(0.317408 -0.395801 0)
(0.344042 -0.445435 0)
(0.363667 -0.491771 0)
(0.376027 -0.53342 0)
(0.381339 -0.569588 0)
(0.380211 -0.600054 0)
(0.373504 -0.625063 0)
(0.362194 -0.645195 0)
(0.347242 -0.661208 0)
(0.329511 -0.673914 0)
(0.309712 -0.684073 0)
(0.288396 -0.692339 0)
(0.265964 -0.699229 0)
(0.242692 -0.705124 0)
(0.218767 -0.710281 0)
(0.194304 -0.714856 0)
(0.169384 -0.718926 0)
(0.144063 -0.722508 0)
(0.11839 -0.725588 0)
(0.0924151 -0.728127 0)
(0.0661946 -0.730082 0)
(0.0397919 -0.731411 0)
(0.0132766 -0.732081 0)
(0.0187606 -0.112851 0)
(0.0564922 -0.123357 0)
(0.0947365 -0.14397 0)
(0.133479 -0.173873 0)
(0.172272 -0.211818 0)
(0.210234 -0.25615 0)
(0.246154 -0.304889 0)
(0.278686 -0.35587 0)
(0.306557 -0.406937 0)
(0.32875 -0.456125 0)
(0.344635 -0.501827 0)
(0.354015 -0.542907 0)
(0.357102 -0.578734 0)
(0.354434 -0.609157 0)
(0.346756 -0.634413 0)
(0.3349 -0.655011 0)
(0.319689 -0.671612 0)
(0.301864 -0.684921 0)
(0.282048 -0.69561 0)
(0.260735 -0.704265 0)
(0.238297 -0.711363 0)
(0.215003 -0.717269 0)
(0.191046 -0.722243 0)
(0.16656 -0.72646 0)
(0.141644 -0.730023 0)
(0.116375 -0.732987 0)
(0.0908174 -0.73537 0)
(0.0650338 -0.737172 0)
(0.0390864 -0.738383 0)
(0.0130399 -0.738989 0)
(0.0150201 -0.0891891 0)
(0.0453844 -0.0983802 0)
(0.0766148 -0.116542 0)
(0.108962 -0.143196 0)
(0.142264 -0.177555 0)
(0.175914 -0.218481 0)
(0.208923 -0.264498 0)
(0.240065 -0.313859 0)
(0.268059 -0.36468 0)
(0.29175 -0.415097 0)
(0.310255 -0.463428 0)
(0.323052 -0.508309 0)
(0.33 -0.548784 0)
(0.331305 -0.584326 0)
(0.327441 -0.614808 0)
(0.31905 -0.64043 0)
(0.306843 -0.66162 0)
(0.291524 -0.678937 0)
(0.273735 -0.692986 0)
(0.254024 -0.704352 0)
(0.232837 -0.713558 0)
(0.21052 -0.721041 0)
(0.187339 -0.72715 0)
(0.163488 -0.732146 0)
(0.139116 -0.736217 0)
(0.114338 -0.73949 0)
(0.089243 -0.742047 0)
(0.0639111 -0.743937 0)
(0.0384125 -0.745187 0)
(0.0128151 -0.745806 0)
(0.0117948 -0.0692701 0)
(0.0357616 -0.0771011 0)
(0.0607705 -0.0926829 0)
(0.0872374 -0.115809 0)
(0.115214 -0.146072 0)
(0.14434 -0.182794 0)
(0.173868 -0.224978 0)
(0.202759 -0.271324 0)
(0.229829 -0.320296 0)
(0.25391 -0.370245 0)
(0.27399 -0.419551 0)
(0.289324 -0.466759 0)
(0.29949 -0.510693 0)
(0.304395 -0.550526 0)
(0.304235 -0.585794 0)
(0.299422 -0.616372 0)
(0.290505 -0.642407 0)
(0.278092 -0.664242 0)
(0.262787 -0.682339 0)
(0.245144 -0.697206 0)
(0.225648 -0.709345 0)
(0.204702 -0.719218 0)
(0.18263 -0.72722 0)
(0.159689 -0.733679 0)
(0.136079 -0.73885 0)
(0.111956 -0.742928 0)
(0.0874473 -0.746053 0)
(0.0626548 -0.748325 0)
(0.0376682 -0.749807 0)
(0.0125684 -0.750537 0)
(0.00908507 -0.0528637 0)
(0.0276401 -0.0593686 0)
(0.0472786 -0.0723988 0)
(0.0684983 -0.0919483 0)
(0.0914959 -0.117905 0)
(0.116111 -0.149962 0)
(0.141827 -0.187545 0)
(0.167825 -0.22978 0)
(0.193087 -0.275514 0)
(0.216525 -0.323392 0)
(0.237108 -0.371966 0)
(0.253976 -0.419817 0)
(0.266513 -0.465678 0)
(0.274386 -0.50852 0)
(0.277537 -0.547614 0)
(0.276144 -0.582536 0)
(0.270562 -0.613146 0)
(0.26126 -0.639535 0)
(0.248752 -0.661964 0)
(0.233556 -0.680801 0)
(0.216154 -0.696463 0)
(0.196973 -0.709374 0)
(0.176378 -0.719929 0)
(0.154674 -0.728479 0)
(0.132106 -0.735324 0)
(0.108878 -0.740702 0)
(0.0851524 -0.744803 0)
(0.0610657 -0.747766 0)
(0.0367339 -0.74969 0)
(0.0122601 -0.750634 0)
(0.00686481 -0.0396384 0)
(0.020956 -0.0449108 0)
(0.0360786 -0.0555411 0)
(0.0527484 -0.0716572 0)
(0.0712457 -0.0933545 0)
(0.0915604 -0.120606 0)
(0.113375 -0.153176 0)
(0.136088 -0.190564 0)
(0.158881 -0.231992 0)
(0.180809 -0.276433 0)
(0.20091 -0.322687 0)
(0.2183 -0.369478 0)
(0.232262 -0.415563 0)
(0.242296 -0.45983 0)
(0.248138 -0.501375 0)
(0.249755 -0.539542 0)
(0.247306 -0.573935 0)
(0.241093 -0.60439 0)
(0.231511 -0.630945 0)
(0.218997 -0.653782 0)
(0.203993 -0.673181 0)
(0.186917 -0.689472 0)
(0.16815 -0.703001 0)
(0.148021 -0.714097 0)
(0.126815 -0.72306 0)
(0.104772 -0.730148 0)
(0.0820933 -0.735573 0)
(0.0589506 -0.739502 0)
(0.0354922 -0.742055 0)
(0.0118507 -0.743311 0)
(0.00508916 -0.0292019 0)
(0.0155875 -0.0333749 0)
(0.0270077 -0.0418417 0)
(0.0398397 -0.0548074 0)
(0.0543981 -0.0724969 0)
(0.0707733 -0.0950725 0)
(0.0888059 -0.12255 0)
(0.10809 -0.154731 0)
(0.128007 -0.191165 0)
(0.147788 -0.231147 0)
(0.16659 -0.273761 0)
(0.183586 -0.317945 0)
(0.198036 -0.362579 0)
(0.20935 -0.406573 0)
(0.217123 -0.44895 0)
(0.221151 -0.48891 0)
(0.221415 -0.525859 0)
(0.218052 -0.559415 0)
(0.211319 -0.589395 0)
(0.201546 -0.615782 0)
(0.189104 -0.638687 0)
(0.174373 -0.658306 0)
(0.157716 -0.674887 0)
(0.139471 -0.688697 0)
(0.119941 -0.699996 0)
(0.0993941 -0.709025 0)
(0.078063 -0.715993 0)
(0.0561529 -0.721069 0)
(0.0338458 -0.724382 0)
(0.0113073 -0.726015 0)
(0.00370211 -0.0211373 0)
(0.0113764 -0.0243647 0)
(0.019835 -0.0309528 0)
(0.029515 -0.0411396 0)
(0.040729 -0.0552157 0)
(0.0536254 -0.0734546 0)
(0.0681598 -0.0960389 0)
(0.0840856 -0.122991 0)
(0.100966 -0.154125 0)
(0.11821 -0.189023 0)
(0.135125 -0.227049 0)
(0.150985 -0.267385 0)
(0.165092 -0.309098 0)
(0.176835 -0.351205 0)
(0.185735 -0.392754 0)
(0.191467 -0.432889 0)
(0.193871 -0.470895 0)
(0.19294 -0.506231 0)
(0.188791 -0.538528 0)
(0.181639 -0.567581 0)
(0.171764 -0.593324 0)
(0.159481 -0.615802 0)
(0.145117 -0.635133 0)
(0.128991 -0.651487 0)
(0.111408 -0.665051 0)
(0.0926478 -0.676016 0)
(0.0729654 -0.684556 0)
(0.052593 -0.690823 0)
(0.0317426 -0.694934 0)
(0.0106116 -0.696968 0)
(0.00264312 -0.0150333 0)
(0.00814841 -0.0174739 0)
(0.014294 -0.0224851 0)
(0.021451 -0.030306 0)
(0.0299068 -0.0412449 0)
(0.0398335 -0.0556248 0)
(0.0512624 -0.0737221 0)
(0.0640669 -0.0957042 0)
(0.0779619 -0.121579 0)
(0.0925191 -0.15116 0)
(0.1072 -0.184059 0)
(0.121401 -0.219702 0)
(0.13451 -0.257364 0)
(0.145947 -0.296229 0)
(0.155216 -0.33544 0)
(0.161928 -0.374169 0)
(0.165829 -0.411661 0)
(0.166794 -0.447282 0)
(0.164822 -0.480532 0)
(0.160016 -0.511053 0)
(0.152558 -0.538621 0)
(0.142686 -0.563128 0)
(0.13067 -0.584556 0)
(0.116797 -0.602955 0)
(0.101351 -0.618419 0)
(0.084611 -0.631061 0)
(0.0668402 -0.641 0)
(0.0482876 -0.648347 0)
(0.0291879 -0.653191 0)
(0.00976491 -0.655596 0)
(0.00185241 -0.0105066 0)
(0.00572877 -0.0123122 0)
(0.0101096 -0.0160405 0)
(0.015297 -0.0219115 0)
(0.02154 -0.0302186 0)
(0.0290111 -0.0412897 0)
(0.0377838 -0.0554376 0)
(0.0478152 -0.0729099 0)
(0.0589365 -0.0938408 0)
(0.0708566 -0.118214 0)
(0.0831782 -0.145842 0)
(0.0954275 -0.176363 0)
(0.107092 -0.209264 0)
(0.117662 -0.243907 0)
(0.126665 -0.27958 0)
(0.133699 -0.315542 0)
(0.138459 -0.35107 0)
(0.140743 -0.385505 0)
(0.140459 -0.418276 0)
(0.137613 -0.448925 0)
(0.132297 -0.477104 0)
(0.124667 -0.502573 0)
(0.114931 -0.525187 0)
(0.103327 -0.544875 0)
(0.0901074 -0.561628 0)
(0.0755335 -0.575469 0)
(0.0598642 -0.586449 0)
(0.0433533 -0.594621 0)
(0.0262477 -0.600036 0)
(0.00878835 -0.602732 0)
(0.0012747 -0.00721648 0)
(0.00395427 -0.00852399 0)
(0.00701879 -0.0112387 0)
(0.0107055 -0.0155501 0)
(0.0152201 -0.0217186 0)
(0.0207202 -0.0300468 0)
(0.0272976 -0.0408446 0)
(0.0349614 -0.0543888 0)
(0.0436262 -0.070883 0)
(0.0531077 -0.0904218 0)
(0.0631287 -0.112965 0)
(0.0733344 -0.138324 0)
(0.0833189 -0.166166 0)
(0.0926547 -0.196035 0)
(0.100924 -0.227372 0)
(0.107747 -0.259559 0)
(0.112805 -0.291956 0)
(0.115859 -0.323935 0)
(0.116756 -0.354918 0)
(0.115431 -0.384394 0)
(0.111898 -0.411942 0)
(0.106244 -0.437223 0)
(0.0986093 -0.45999 0)
(0.0891782 -0.480069 0)
(0.0781642 -0.497348 0)
(0.0657993 -0.511766 0)
(0.0523256 -0.523296 0)
(0.0379898 -0.531934 0)
(0.0230392 -0.537684 0)
(0.00772056 -0.540556 0)
(0.000861454 -0.00487198 0)
(0.00268035 -0.00579928 0)
(0.00478452 -0.00773471 0)
(0.00735436 -0.0108339 0)
(0.0105531 -0.0153149 0)
(0.0145156 -0.0214399 0)
(0.0193352 -0.0294902 0)
(0.0250493 -0.039737 0)
(0.0316273 -0.052409 0)
(0.0389631 -0.067662 0)
(0.0468737 -0.085552 0)
(0.0551063 -0.106018 0)
(0.0633535 -0.128874 0)
(0.0712747 -0.153817 0)
(0.0785195 -0.180441 0)
(0.0847513 -0.208261 0)
(0.0896691 -0.236742 0)
(0.0930252 -0.265329 0)
(0.0946376 -0.29348 0)
(0.0943952 -0.320686 0)
(0.0922577 -0.346495 0)
(0.0882511 -0.370516 0)
(0.0824593 -0.392431 0)
(0.075014 -0.411987 0)
(0.0660843 -0.428994 0)
(0.0558673 -0.443314 0)
(0.0445791 -0.454852 0)
(0.0324486 -0.463547 0)
(0.0197123 -0.469361 0)
(0.00661136 -0.472272 0)
(0.000571901 -0.0032335 0)
(0.00178462 -0.0038779 0)
(0.0032031 -0.00522968 0)
(0.00496051 -0.00741133 0)
(0.00718185 -0.0105977 0)
(0.00997684 -0.0150042 0)
(0.0134303 -0.0208709 0)
(0.0175913 -0.0284418 0)
(0.0224619 -0.0379405 0)
(0.0279889 -0.0495459 0)
(0.034059 -0.0633678 0)
(0.0405009 -0.0794286 0)
(0.0470919 -0.0976509 0)
(0.053572 -0.117855 0)
(0.0596611 -0.139766 0)
(0.065077 -0.163024 0)
(0.0695536 -0.187208 0)
(0.0728574 -0.211856 0)
(0.0748008 -0.236491 0)
(0.0752507 -0.260643 0)
(0.0741323 -0.283867 0)
(0.0714291 -0.305763 0)
(0.0671789 -0.325976 0)
(0.0614676 -0.34421 0)
(0.054422 -0.360219 0)
(0.0462015 -0.373812 0)
(0.0369909 -0.38484 0)
(0.0269937 -0.393196 0)
(0.0164264 -0.398805 0)
(0.00551398 -0.40162 0)
(0.000373068 -0.00211014 0)
(0.00116747 -0.00254912 0)
(0.00210656 -0.00347449 0)
(0.00328599 -0.00497925 0)
(0.0047985 -0.00719814 0)
(0.00672955 -0.010301 0)
(0.0091509 -0.0144826 0)
(0.0121123 -0.0199492 0)
(0.0156326 -0.0269013 0)
(0.0196919 -0.0355146 0)
(0.0242257 -0.0459206 0)
(0.0291233 -0.0581892 0)
(0.0342303 -0.0723146 0)
(0.0393562 -0.0882084 0)
(0.0442864 -0.105699 0)
(0.0487949 -0.124537 0)
(0.0526593 -0.144408 0)
(0.0556738 -0.164945 0)
(0.0576626 -0.185751 0)
(0.0584889 -0.206418 0)
(0.0580614 -0.226539 0)
(0.0563371 -0.24573 0)
(0.0533206 -0.263639 0)
(0.0490615 -0.279953 0)
(0.0436491 -0.294403 0)
(0.0372074 -0.306765 0)
(0.0298879 -0.316857 0)
(0.0218645 -0.324543 0)
(0.0133272 -0.32972 0)
(0.00447737 -0.332324 0)
(0.000239195 -0.00135427 0)
(0.000750589 -0.00164757 0)
(0.00136133 -0.00226873 0)
(0.00213838 -0.00328614 0)
(0.00314852 -0.00480018 0)
(0.00445595 -0.0069398 0)
(0.006118 -0.00985667 0)
(0.00817929 -0.0137166 0)
(0.010665 -0.0186882 0)
(0.0135742 -0.0249288 0)
(0.0168741 -0.0325697 0)
(0.0204971 -0.041701 0)
(0.0243405 -0.0523589 0)
(0.0282702 -0.0645161 0)
(0.0321278 -0.0780776 0)
(0.03574 -0.0928814 0)
(0.0389289 -0.108704 0)
(0.0415232 -0.125269 0)
(0.0433688 -0.142262 0)
(0.0443383 -0.159343 0)
(0.0443376 -0.176163 0)
(0.0433107 -0.192377 0)
(0.0412412 -0.207656 0)
(0.0381518 -0.2217 0)
(0.034102 -0.234237 0)
(0.0291837 -0.245036 0)
(0.0235171 -0.253904 0)
(0.0172452 -0.260687 0)
(0.0105284 -0.265272 0)
(0.00353993 -0.267582 0)
(0.000150777 -0.000854962 0)
(0.000474398 -0.00104724 0)
(0.000864692 -0.0014563 0)
(0.00136742 -0.00213094 0)
(0.00202941 -0.0031437 0)
(0.00289727 -0.00458929 0)
(0.00401479 -0.00658158 0)
(0.00541893 -0.00924848 0)
(0.00713498 -0.0127247 0)
(0.00917121 -0.017142 0)
(0.0115142 -0.0226186 0)
(0.0141252 -0.0292467 0)
(0.0169389 -0.0370819 0)
(0.0198642 -0.0461339 0)
(0.0227885 -0.0563596 0)
(0.0255835 -0.067662 0)
(0.0281129 -0.0798903 0)
(0.0302404 -0.0928456 0)
(0.0318383 -0.106289 0)
(0.0327957 -0.11995 0)
(0.0330253 -0.133544 0)
(0.0324681 -0.146776 0)
(0.0310967 -0.159358 0)
(0.0289159 -0.171016 0)
(0.0259624 -0.181499 0)
(0.022302 -0.190585 0)
(0.0180264 -0.198085 0)
(0.0132492 -0.203846 0)
(0.00810127 -0.207751 0)
(0.00272596 -0.209722 0)
(9.34669e-05 -0.00053105 0)
(0.000294841 -0.000654789 0)
(0.00054 -0.000919169 0)
(0.000859502 -0.0013581 0)
(0.00128535 -0.00202253 0)
(0.00185041 -0.00297998 0)
(0.00258683 -0.00431316 0)
(0.00352348 -0.00611723 0)
(0.00468256 -0.00849532 0)
(0.00607568 -0.0115523 0)
(0.00770005 -0.0153869 0)
(0.00953534 -0.020083 0)
(0.0115417 -0.0257009 0)
(0.0136597 -0.0322685 0)
(0.0158118 -0.0397755 0)
(0.0179062 -0.0481693 0)
(0.0198423 -0.0573542 0)
(0.021516 -0.0671928 0)
(0.0228262 -0.0775105 0)
(0.0236816 -0.0881028 0)
(0.0240068 -0.0987434 0)
(0.0237466 -0.109194 0)
(0.0228698 -0.119213 0)
(0.0213709 -0.128566 0)
(0.0192703 -0.137032 0)
(0.0166131 -0.144412 0)
(0.0134672 -0.150533 0)
(0.00991999 -0.155251 0)
(0.00607456 -0.158458 0)
(0.00204551 -0.16008 0)
(5.69961e-05 -0.000324618 0)
(0.000180245 -0.000402818 0)
(0.000331654 -0.000570597 0)
(0.000531187 -0.000850924 0)
(0.000800197 -0.00127865 0)
(0.00116122 -0.00190059 0)
(0.00163708 -0.00277509 0)
(0.0022493 -0.00397065 0)
(0.00301578 -0.00556339 0)
(0.00394814 -0.0076331 0)
(0.00504877 -0.010258 0)
(0.00630828 -0.0135085 0)
(0.00770359 -0.0174405 0)
(0.00919712 -0.0220884 0)
(0.0107373 -0.0274597 0)
(0.0122606 -0.0335307 0)
(0.0136951 -0.040244 0)
(0.0149641 -0.0475089 0)
(0.0159907 -0.0552028 0)
(0.0167034 -0.0631758 0)
(0.0170404 -0.0712562 0)
(0.0169542 -0.079258 0)
(0.0164145 -0.0869879 0)
(0.0154108 -0.0942535 0)
(0.0139527 -0.10087 0)
(0.0120701 -0.106668 0)
(0.00981161 -0.111498 0)
(0.00724242 -0.115234 0)
(0.00444116 -0.11778 0)
(0.00149654 -0.119069 0)
(3.41996e-05 -0.000195327 0)
(0.000108415 -0.00024388 0)
(0.000200383 -0.000348468 0)
(0.000322874 -0.000524283 0)
(0.000489813 -0.000794584 0)
(0.00071626 -0.00119101 0)
(0.00101793 -0.0017536 0)
(0.00141024 -0.00253021 0)
(0.00190682 -0.00357521 0)
(0.00251766 -0.00494706 0)
(0.0032471 -0.00670498 0)
(0.0040918 -0.00890465 0)
(0.00503913 -0.0115933 0)
(0.00606618 -0.0148047 0)
(0.00713969 -0.0185543 0)
(0.00821705 -0.022835 0)
(0.00924831 -0.0276154 0)
(0.0101788 -0.0328379 0)
(0.0109523 -0.0384195 0)
(0.0115148 -0.0442541 0)
(0.0118181 -0.050216 0)
(0.0118236 -0.056165 0)
(0.0115048 -0.0619524 0)
(0.0108495 -0.0674267 0)
(0.0098611 -0.0724402 0)
(0.00855848 -0.0768546 0)
(0.00697546 -0.0805463 0)
(0.00515919 -0.0834112 0)
(0.00316792 -0.0853677 0)
(0.00106821 -0.08636 0)
(2.0198e-05 -0.00011572 0)
(6.41798e-05 -0.000145348 0)
(0.000119138 -0.000209417 0)
(0.000193078 -0.000317747 0)
(0.000294888 -0.000485508 0)
(0.000434389 -0.000733566 0)
(0.000622108 -0.0010887 0)
(0.000868705 -0.00158345 0)
(0.00118407 -0.00225548 0)
(0.00157611 -0.00314623 0)
(0.00204933 -0.00429882 0)
(0.00260342 -0.00575524 0)
(0.00323194 -0.00755294 0)
(0.00392146 -0.00972112 0)
(0.00465116 -0.012277 0)
(0.00539321 -0.0152227 0)
(0.00611399 -0.0185425 0)
(0.00677569 -0.0222016 0)
(0.00733847 -0.0261457 0)
(0.00776298 -0.030302 0)
(0.00801322 -0.0345815 0)
(0.00805923 -0.0388822 0)
(0.00787935 -0.0430933 0)
(0.00746212 -0.0471001 0)
(0.00680733 -0.0507887 0)
(0.00592647 -0.054051 0)
(0.00484241 -0.0567895 0)
(0.00358834 -0.0589207 0)
(0.00220616 -0.0603793 0)
(0.000744388 -0.0611201 0)
(1.17444e-05 -6.75179e-05 0)
(3.74031e-05 -8.52944e-05 0)
(6.9723e-05 -0.000123877 0)
(0.000113626 -0.00018948 0)
(0.000174667 -0.00029178 0)
(0.000259107 -0.000444225 0)
(0.000373814 -0.000664299 0)
(0.000525944 -0.000973568 0)
(0.00072239 -0.00139742 0)
(0.000969021 -0.00196434 0)
(0.00126975 -0.00270467 0)
(0.00162553 -0.00364881 0)
(0.00203341 -0.00482496 0)
(0.0024858 -0.00625653 0)
(0.00297004 -0.00795939 0)
(0.00346849 -0.00993935 0)
(0.00395907 -0.01219 0)
(0.0044164 -0.0146913 0)
(0.00481306 -0.017409 0)
(0.00512133 -0.0202946 0)
(0.00531526 -0.0232869 0)
(0.00537257 -0.0263139 0)
(0.00527649 -0.0292959 0)
(0.00501724 -0.0321488 0)
(0.00459303 -0.0347877 0)
(0.00401052 -0.0371315 0)
(0.00328474 -0.0391056 0)
(0.00243846 -0.0406462 0)
(0.00150101 -0.0417026 0)
(0.000506767 -0.0422397 0)
(6.72529e-06 -3.88062e-05 0)
(2.14656e-05 -4.92967e-05 0)
(4.01759e-05 -7.21467e-05 0)
(6.58256e-05 -0.000111209 0)
(0.000101818 -0.000172524 0)
(0.000152059 -0.000264577 0)
(0.000220922 -0.000398522 0)
(0.000313076 -0.000588312 0)
(0.000433168 -0.000850624 0)
(0.000585349 -0.0012045 0)
(0.000772678 -0.00167064 0)
(0.000996458 -0.00227029 0)
(0.00125557 -0.00302381 0)
(0.00154589 -0.00394888 0)
(0.00185997 -0.00505862 0)
(0.00218687 -0.0063597 0)
(0.00251251 -0.00785061 0)
(0.00282025 -0.00952052 0)
(0.00309177 -0.0113484 0)
(0.00330813 -0.013303 0)
(0.00345119 -0.0153434 0)
(0.00350501 -0.0174202 0)
(0.00345717 -0.0194778 0)
(0.00329991 -0.0214562 0)
(0.00303096 -0.0232946 0)
(0.00265399 -0.0249337 0)
(0.00217863 -0.0263186 0)
(0.0016201 -0.0274022 0)
(0.000998409 -0.0281466 0)
(0.000337274 -0.0285255 0)
(3.79375e-06 -2.19768e-05 0)
(1.21346e-05 -2.80681e-05 0)
(2.28003e-05 -4.13815e-05 0)
(3.75502e-05 -6.42583e-05 0)
(5.84292e-05 -0.000100396 0)
(8.78242e-05 -0.000155035 0)
(0.000128457 -0.00023514 0)
(0.000183299 -0.000349533 0)
(0.000255385 -0.000508908 0)
(0.000347537 -0.00072567 0)
(0.000461991 -0.00101354 0)
(0.000599967 -0.00138692 0)
(0.000761217 -0.00185996 0)
(0.000943622 -0.00244541 0)
(0.0011429 -0.00315338 0)
(0.00135245 -0.0039899 0)
(0.0015635 -0.00495579 0)
(0.00176544 -0.00604555 0)
(0.00194631 -0.00724677 0)
(0.00209355 -0.00853981 0)
(0.00219484 -0.00989801 0)
(0.00223916 -0.0112885 0)
(0.00221764 -0.0126733 0)
(0.00212448 -0.0140113 0)
(0.00195751 -0.0152598 0)
(0.00171862 -0.0163769 0)
(0.00141383 -0.0173237 0)
(0.00105308 -0.0180662 0)
(0.000649687 -0.0185772 0)
(0.000219592 -0.0188375 0)
(2.10874e-06 -1.22663e-05 0)
(6.75884e-06 -1.57476e-05 0)
(1.27475e-05 -2.33817e-05 0)
(2.10986e-05 -3.65646e-05 0)
(3.30187e-05 -5.75158e-05 0)
(4.99372e-05 -8.94075e-05 0)
(7.35124e-05 -0.0001365 0)
(0.000105589 -0.000204252 0)
(0.000148097 -0.000299364 0)
(0.000202889 -0.000429723 0)
(0.000271519 -0.000604194 0)
(0.000354964 -0.000832252 0)
(0.00045334 -0.00112342 0)
(0.000565618 -0.00148656 0)
(0.000689408 -0.00192899 0)
(0.000820831 -0.00245564 0)
(0.000954544 -0.00306808 0)
(0.00108393 -0.00376383 0)
(0.00120138 -0.0045358 0)
(0.00129877 -0.00537196 0)
(0.00136799 -0.0062554 0)
(0.00140162 -0.00716475 0)
(0.00139356 -0.00807491 0)
(0.00133964 -0.00895822 0)
(0.00123806 -0.0097857 0)
(0.00108973 -0.0105286 0)
(0.000898314 -0.01116 0)
(0.000670138 -0.0116563 0)
(0.000413863 -0.0119983 0)
(0.000139957 -0.0121728 0)
(1.15529e-06 -6.74927e-06 0)
(3.71027e-06 -8.70829e-06 0)
(7.02323e-06 -1.30179e-05 0)
(1.16801e-05 -2.04953e-05 0)
(1.83798e-05 -3.24482e-05 0)
(2.79625e-05 -5.07605e-05 0)
(4.14175e-05 -7.79864e-05 0)
(5.98648e-05 -0.000117434 0)
(8.45012e-05 -0.000173213 0)
(0.000116508 -0.000250222 0)
(0.000156917 -0.000354051 0)
(0.000206448 -0.00049077 0)
(0.000265323 -0.000666605 0)
(0.000333083 -0.000887491 0)
(0.000408432 -0.00115854 0)
(0.000489142 -0.00148342 0)
(0.00057203 -0.00186378 0)
(0.000653063 -0.00229869 0)
(0.000727523 -0.00278424 0)
(0.000790271 -0.00331325 0)
(0.0008361 -0.00387526 0)
(0.000860159 -0.0044567 0)
(0.000858381 -0.00504139 0)
(0.000827886 -0.0056112 0)
(0.000767306 -0.00614698 0)
(0.000677006 -0.00662954 0)
(0.000559173 -0.00704076 0)
(0.000417755 -0.00736462 0)
(0.000258251 -0.00758816 0)
(8.73767e-05 -0.00770227 0)
(6.24007e-07 -3.66184e-06 0)
(2.00789e-06 -4.74763e-06 0)
(3.81414e-06 -7.14356e-06 0)
(6.37248e-06 -1.13197e-05 0)
(1.00809e-05 -1.80326e-05 0)
(1.54241e-05 -2.83805e-05 0)
(2.29809e-05 -4.3866e-05 0)
(3.3417e-05 -6.64543e-05 0)
(4.7457e-05 -9.8614e-05 0)
(6.58331e-05 -0.000143323 0)
(8.9209e-05 -0.000204025 0)
(0.000118081 -0.000284514 0)
(0.000152667 -0.00038875 0)
(0.000192786 -0.000520594 0)
(0.000237759 -0.000683468 0)
(0.000286332 -0.000879979 0)
(0.000336652 -0.00111152 0)
(0.000386313 -0.00137789 0)
(0.000432451 -0.00167702 0)
(0.000471894 -0.00200473 0)
(0.000501379 -0.00235468 0)
(0.000517816 -0.00271849 0)
(0.000518569 -0.00308593 0)
(0.000501715 -0.00344544 0)
(0.000466269 -0.00378465 0)
(0.000412342 -0.00409109 0)
(0.000341206 -0.00435287 0)
(0.00025527 -0.00455943 0)
(0.000157953 -0.00470221 0)
(5.34671e-05 -0.00477516 0)
(3.32375e-07 -1.9595e-06 0)
(1.07149e-06 -2.55243e-06 0)
(2.04229e-06 -3.86466e-06 0)
(3.42737e-06 -6.16196e-06 0)
(5.44954e-06 -9.87447e-06 0)
(8.38347e-06 -1.56311e-05 0)
(1.25616e-05 -2.42996e-05 0)
(1.83716e-05 -3.70255e-05 0)
(2.62425e-05 -5.52624e-05 0)
(3.66172e-05 -8.07836e-05 0)
(4.99091e-05 -0.000115664 0)
(6.64455e-05 -0.000162221 0)
(8.63995e-05 -0.000222912 0)
(0.000109718 -0.000300177 0)
(0.000136056 -0.000396237 0)
(0.000164724 -0.000512859 0)
(0.000194666 -0.0006511 0)
(0.000224474 -0.000811061 0)
(0.000252447 -0.000991685 0)
(0.000276671 -0.00119061 0)
(0.000295146 -0.00140407 0)
(0.000305954 -0.00162699 0)
(0.000307429 -0.00185307 0)
(0.000298326 -0.0020751 0)
(0.000277969 -0.00228529 0)
(0.000246358 -0.0024757 0)
(0.000204217 -0.00263874 0)
(0.000152987 -0.00276762 0)
(9.47486e-05 -0.00285683 0)
(3.20868e-05 -0.00290244 0)
(1.7463e-07 -1.03442e-06 0)
(5.6398e-07 -1.35353e-06 0)
(1.07849e-06 -2.06177e-06 0)
(1.81768e-06 -3.30693e-06 0)
(2.90429e-06 -5.32945e-06 0)
(4.49134e-06 -8.48333e-06 0)
(6.76625e-06 -1.32608e-05 0)
(9.95051e-06 -2.03175e-05 0)
(1.4293e-05 -3.04932e-05 0)
(2.00552e-05 -4.4823e-05 0)
(2.74879e-05 -6.45315e-05 0)
(3.67984e-05 -9.10039e-05 0)
(4.8111e-05 -0.000125729 0)
(6.14241e-05 -0.00017021 0)
(7.65682e-05 -0.000225846 0)
(9.31727e-05 -0.000293791 0)
(0.000110647 -0.000374793 0)
(0.000128186 -0.000469037 0)
(0.000144797 -0.000576013 0)
(0.000159349 -0.000694408 0)
(0.000170645 -0.000822051 0)
(0.00017752 -0.000955917 0)
(0.000178947 -0.00109222 0)
(0.000174143 -0.00122654 0)
(0.000162662 -0.0013541 0)
(0.000144464 -0.00146996 0)
(0.000119955 -0.00156939 0)
(8.99772e-05 -0.00164813 0)
(5.57725e-05 -0.00170269 0)
(1.88956e-05 -0.00173061 0)
(9.05254e-08 -5.3884e-07 0)
(2.92869e-07 -7.08149e-07 0)
(5.61824e-07 -1.08496e-06 0)
(9.50814e-07 -1.75012e-06 0)
(1.52637e-06 -2.83585e-06 0)
(2.37234e-06 -4.53811e-06 0)
(3.59256e-06 -7.13136e-06 0)
(5.31127e-06 -1.09842e-05 0)
(7.66992e-06 -1.65731e-05 0)
(1.08197e-05 -2.44907e-05 0)
(1.49089e-05 -3.54458e-05 0)
(2.00645e-05 -5.02488e-05 0)
(2.637e-05 -6.97821e-05 0)
(3.38398e-05 -9.49502e-05 0)
(4.23942e-05 -0.000126612 0)
(5.18381e-05 -0.000165495 0)
(6.18478e-05 -0.000212102 0)
(7.19705e-05 -0.000266611 0)
(8.16397e-05 -0.000328792 0)
(9.02003e-05 -0.000397934 0)
(9.695e-05 -0.000472803 0)
(0.000101197 -0.000551642 0)
(0.000102322 -0.000632212 0)
(9.98453e-05 -0.000711882 0)
(9.34825e-05 -0.000787757 0)
(8.31895e-05 -0.000856851 0)
(6.91867e-05 -0.000916268 0)
(5.19596e-05 -0.000963397 0)
(3.22335e-05 -0.000996095 0)
(1.09251e-05 -0.00101284 0)
(4.63113e-08 -2.77031e-07 0)
(1.5008e-07 -3.65617e-07 0)
(2.88788e-07 -5.63291e-07 0)
(4.90687e-07 -9.13603e-07 0)
(7.9129e-07 -1.48812e-06 0)
(1.2358e-06 -2.39354e-06 0)
(1.88079e-06 -3.78039e-06 0)
(2.79469e-06 -5.85238e-06 0)
(4.05645e-06 -8.87506e-06 0)
(5.75168e-06 -1.31817e-05 0)
(7.96596e-06 -1.91747e-05 0)
(1.0775e-05 -2.7319e-05 0)
(1.4232e-05 -3.81266e-05 0)
(1.83532e-05 -5.21297e-05 0)
(2.31028e-05 -6.98421e-05 0)
(2.83803e-05 -9.17105e-05 0)
(3.40114e-05 -0.000118058 0)
(3.97467e-05 -0.000149026 0)
(4.52683e-05 -0.000184519 0)
(5.02041e-05 -0.000224161 0)
(5.41504e-05 -0.000267265 0)
(5.67046e-05 -0.000312831 0)
(5.75024e-05 -0.00035956 0)
(5.62562e-05 -0.000405914 0)
(5.27899e-05 -0.000450183 0)
(4.70666e-05 -0.000490592 0)
(3.92042e-05 -0.000525409 0)
(2.94767e-05 -0.000553069 0)
(1.83003e-05 -0.000572281 0)
(6.20503e-06 -0.000582126 0)
(2.33868e-08 -1.40606e-07 0)
(7.59137e-08 -1.86325e-07 0)
(1.46508e-07 -2.88607e-07 0)
(2.49892e-07 -4.70552e-07 0)
(4.04741e-07 -7.70297e-07 0)
(6.35042e-07 -1.24504e-06 0)
(9.71121e-07 -1.976e-06 0)
(1.45004e-06 -3.07393e-06 0)
(2.11504e-06 -4.68429e-06 0)
(3.01368e-06 -6.99126e-06 0)
(4.19434e-06 -1.02191e-05 0)
(5.70094e-06 -1.46295e-05 0)
(7.56607e-06 -2.05137e-05 0)
(9.80278e-06 -2.81784e-05 0)
(1.23961e-05 -3.79239e-05 0)
(1.52954e-05 -5.00171e-05 0)
(1.84085e-05 -6.46589e-05 0)
(2.16002e-05 -8.19494e-05 0)
(2.46957e-05 -0.000101855 0)
(2.74873e-05 -0.000124182 0)
(2.97475e-05 -0.000148555 0)
(3.12467e-05 -0.000174414 0)
(3.17746e-05 -0.000201022 0)
(3.1163e-05 -0.000227496 0)
(2.93058e-05 -0.000252845 0)
(2.6176e-05 -0.000276037 0)
(2.18353e-05 -0.000296057 0)
(1.64356e-05 -0.000311985 0)
(1.02114e-05 -0.00032306 0)
(3.46366e-06 -0.000328739 0)
(1.16607e-08 -7.04659e-08 0)
(3.79108e-08 -9.37475e-08 0)
(7.33744e-08 -1.45961e-07 0)
(1.25617e-07 -2.39179e-07 0)
(2.04312e-07 -3.93422e-07 0)
(3.22001e-07 -6.38879e-07 0)
(4.9468e-07 -1.0187e-06 0)
(7.42094e-07 -1.59213e-06 0)
(1.08752e-06 -2.43755e-06 0)
(1.55689e-06 -3.655e-06 0)
(2.177e-06 -5.3673e-06 0)
(2.97274e-06 -7.71909e-06 0)
(3.96339e-06 -1.0873e-05 0)
(5.15815e-06 -1.50019e-05 0)
(6.55134e-06 -2.02779e-05 0)
(8.1179e-06 -2.68566e-05 0)
(9.81004e-06 -3.48589e-05 0)
(1.15558e-05 -4.43513e-05 0)
(1.32605e-05 -5.53261e-05 0)
(1.48105e-05 -6.76852e-05 0)
(1.60798e-05 -8.12279e-05 0)
(1.69399e-05 -9.56463e-05 0)
(1.72721e-05 -0.00011053 0)
(1.69797e-05 -0.00012538 0)
(1.60007e-05 -0.000139635 0)
(1.43166e-05 -0.000152705 0)
(1.19593e-05 -0.000164008 0)
(9.01137e-06 -0.000173013 0)
(5.60274e-06 -0.000179281 0)
(1.90109e-06 -0.000182496 0)
(5.7418e-09 -3.48779e-08 0)
(1.86961e-08 -4.65787e-08 0)
(3.62856e-08 -7.28827e-08 0)
(6.23434e-08 -1.20008e-07 0)
(1.01811e-07 -1.98311e-07 0)
(1.61146e-07 -3.23491e-07 0)
(2.48661e-07 -5.18124e-07 0)
(3.74704e-07 -8.13406e-07 0)
(5.51603e-07 -1.25091e-06 0)
(7.93244e-07 -1.88409e-06 0)
(1.11418e-06 -2.77906e-06 0)
(1.52822e-06 -4.01439e-06 0)
(2.04645e-06 -5.67917e-06 0)
(2.67482e-06 -7.86919e-06 0)
(3.41153e-06 -1.06809e-05 0)
(4.24448e-06 -1.42029e-05 0)
(5.14929e-06 -1.85063e-05 0)
(6.08826e-06 -2.36328e-05 0)
(7.01104e-06 -2.9584e-05 0)
(7.85646e-06 -3.63116e-05 0)
(8.55597e-06 -4.37099e-05 0)
(9.03905e-06 -5.16127e-05 0)
(9.23979e-06 -5.9795e-05 0)
(9.10399e-06 -6.79812e-05 0)
(8.59594e-06 -7.58585e-05 0)
(7.704e-06 -8.30954e-05 0)
(6.4441e-06 -8.93644e-05 0)
(4.86058e-06 -9.43657e-05 0)
(3.02408e-06 -9.78499e-05 0)
(1.02646e-06 -9.96386e-05 0)
(2.79276e-09 -1.70533e-08 0)
(9.10716e-09 -2.28585e-08 0)
(1.77226e-08 -3.5939e-08 0)
(3.05551e-08 -5.94527e-08 0)
(5.00932e-08 -9.86806e-08 0)
(7.96158e-08 -1.61669e-07 0)
(1.23376e-07 -2.60054e-07 0)
(1.86717e-07 -4.10019e-07 0)
(2.7606e-07 -6.3327e-07 0)
(3.98717e-07 -9.5791e-07 0)
(5.62452e-07 -1.41897e-06 0)
(7.74764e-07 -2.05839e-06 0)
(1.04186e-06 -2.92414e-06 0)
(1.36739e-06 -4.0683e-06 0)
(1.75102e-06 -5.54389e-06 0)
(2.18703e-06 -7.40043e-06 0)
(2.66318e-06 -9.67846e-06 0)
(3.16007e-06 -1.24033e-05 0)
(3.65133e-06 -1.55788e-05 0)
(4.10458e-06 -1.91816e-05 0)
(4.48319e-06 -2.31572e-05 0)
(4.74911e-06 -2.74173e-05 0)
(4.86643e-06 -3.18408e-05 0)
(4.80531e-06 -3.62779e-05 0)
(4.54571e-06 -4.05572e-05 0)
(4.0805e-06 -4.44964e-05 0)
(3.41757e-06 -4.79142e-05 0)
(2.58027e-06 -5.06443e-05 0)
(1.60639e-06 -5.2548e-05 0)
(5.45437e-07 -5.35258e-05 0)
(1.34207e-09 -8.23842e-09 0)
(4.38279e-09 -1.10824e-08 0)
(8.55103e-09 -1.75048e-08 0)
(1.47919e-08 -2.90875e-08 0)
(2.43417e-08 -4.84859e-08 0)
(3.88418e-08 -7.97657e-08 0)
(6.04377e-08 -1.28839e-07 0)
(9.18456e-08 -2.03977e-07 0)
(1.3636e-07 -3.16344e-07 0)
(1.97767e-07 -4.80488e-07 0)
(2.80137e-07 -7.14674e-07 0)
(3.87465e-07 -1.04093e-06 0)
(5.23148e-07 -1.48465e-06 0)
(6.89326e-07 -2.07365e-06 0)
(8.86126e-07 -2.83655e-06 0)
(1.11091e-06 -3.80046e-06 0)
(1.35763e-06 -4.988e-06 0)
(1.61645e-06 -6.414e-06 0)
(1.87379e-06 -8.08199e-06 0)
(2.11279e-06 -9.98107e-06 0)
(2.31418e-06 -1.20835e-05 0)
(2.45779e-06 -1.43431e-05 0)
(2.5244e-06 -1.66959e-05 0)
(2.49788e-06 -1.90617e-05 0)
(2.3672e-06 -2.13484e-05 0)
(2.12818e-06 -2.34572e-05 0)
(1.78462e-06 -2.52897e-05 0)
(1.34864e-06 -2.67553e-05 0)
(8.40144e-07 -2.77782e-05 0)
(2.85353e-07 -2.83038e-05 0)
(6.37329e-10 -3.93319e-09 0)
(2.08424e-09 -5.30925e-09 0)
(4.07663e-09 -8.42347e-09 0)
(7.07467e-09 -1.40576e-08 0)
(1.16844e-08 -2.35287e-08 0)
(1.87163e-08 -3.88631e-08 0)
(2.92373e-08 -6.30225e-08 0)
(4.46086e-08 -1.00173e-07 0)
(6.64942e-08 -1.55974e-07 0)
(9.68249e-08 -2.37845e-07 0)
(1.37699e-07 -3.55162e-07 0)
(1.91206e-07 -5.1931e-07 0)
(2.59164e-07 -7.43519e-07 0)
(3.42786e-07 -1.0424e-06 0)
(4.42282e-07 -1.43112e-06 0)
(5.56462e-07 -1.92424e-06 0)
(6.82389e-07 -2.53412e-06 0)
(8.15152e-07 -3.2692e-06 0)
(9.47862e-07 -4.13206e-06 0)
(1.07187e-06 -5.11775e-06 0)
(1.17722e-06 -6.21237e-06 0)
(1.25337e-06 -7.39224e-06 0)
(1.29023e-06 -8.62398e-06 0)
(1.27922e-06 -9.86546e-06 0)
(1.2144e-06 -1.10679e-05 0)
(1.09337e-06 -1.21788e-05 0)
(9.17943e-07 -1.31455e-05 0)
(6.9431e-07 -1.39196e-05 0)
(4.32784e-07 -1.44603e-05 0)
(1.47038e-07 -1.47383e-05 0)
(2.99149e-10 -1.85608e-09 0)
(9.79625e-10 -2.51385e-09 0)
(1.92073e-09 -4.00554e-09 0)
(3.34367e-09 -6.71243e-09 0)
(5.54173e-09 -1.12792e-08 0)
(8.90967e-09 -1.87021e-08 0)
(1.39709e-08 -3.04446e-08 0)
(2.13979e-08 -4.85764e-08 0)
(3.20189e-08 -7.59247e-08 0)
(4.68036e-08 -1.16219e-07 0)
(6.68162e-08 -1.742e-07 0)
(9.31308e-08 -2.55664e-07 0)
(1.26702e-07 -3.67395e-07 0)
(1.68195e-07 -5.16938e-07 0)
(2.17787e-07 -7.12205e-07 0)
(2.74954e-07 -9.60864e-07 0)
(3.38291e-07 -1.26955e-06 0)
(4.05382e-07 -1.64293e-06 0)
(4.72786e-07 -2.08269e-06 0)
(5.36136e-07 -2.58667e-06 0)
(5.90357e-07 -3.148e-06 0)
(6.30043e-07 -3.75473e-06 0)
(6.49967e-07 -4.38971e-06 0)
(6.45653e-07 -5.03115e-06 0)
(6.13953e-07 -5.65366e-06 0)
(5.53541e-07 -6.22974e-06 0)
(4.65253e-07 -6.7318e-06 0)
(3.52207e-07 -7.13422e-06 0)
(2.19667e-07 -7.41553e-06 0)
(7.46532e-08 -7.56025e-06 0)
(1.38813e-10 -8.65925e-10 0)
(4.55178e-10 -1.17659e-09 0)
(8.94554e-10 -1.88257e-09 0)
(1.56195e-09 -3.16742e-09 0)
(2.5975e-09 -5.34262e-09 0)
(4.19101e-09 -8.89153e-09 0)
(6.59579e-09 -1.45276e-08 0)
(1.01395e-08 -2.32651e-08 0)
(1.52286e-08 -3.6497e-08 0)
(2.23428e-08 -5.6071e-08 0)
(3.20137e-08 -8.43503e-08 0)
(4.47843e-08 -1.24242e-07 0)
(6.11462e-08 -1.7917e-07 0)
(8.14555e-08 -2.52974e-07 0)
(1.05832e-07 -3.49708e-07 0)
(1.34054e-07 -4.73347e-07 0)
(1.65458e-07 -6.27379e-07 0)
(1.98873e-07 -8.14327e-07 0)
(2.32605e-07 -1.03523e-06 0)
(2.6448e-07 -1.28916e-06 0)
(2.91953e-07 -1.5728e-06 0)
(3.12291e-07 -1.88018e-06 0)
(3.22833e-07 -2.20265e-06 0)
(3.21279e-07 -2.5291e-06 0)
(3.05992e-07 -2.84652e-06 0)
(2.76254e-07 -3.14074e-06 0)
(2.32445e-07 -3.3975e-06 0)
(1.7611e-07 -3.60353e-06 0)
(1.09898e-07 -3.74766e-06 0)
(3.7359e-08 -3.82183e-06 0)
(6.36956e-11 -3.99469e-10 0)
(2.09113e-10 -5.44505e-10 0)
(4.11909e-10 -8.74686e-10 0)
(7.21311e-10 -1.47733e-09 0)
(1.20346e-09 -2.50102e-09 0)
(1.94842e-09 -4.17724e-09 0)
(3.07723e-09 -6.8493e-09 0)
(4.74736e-09 -1.10077e-08 0)
(7.1556e-09 -1.73293e-08 0)
(1.05358e-08 -2.67172e-08 0)
(1.51496e-08 -4.03326e-08 0)
(2.12671e-08 -5.96126e-08 0)
(2.91371e-08 -8.62604e-08 0)
(3.89457e-08 -1.22198e-07 0)
(5.07669e-08 -1.69474e-07 0)
(6.45089e-08 -2.30111e-07 0)
(7.98642e-08 -3.05913e-07 0)
(9.62727e-08 -3.98214e-07 0)
(1.12912e-07 -5.07619e-07 0)
(1.28716e-07 -6.33748e-07 0)
(1.42426e-07 -7.75019e-07 0)
(1.52683e-07 -9.28501e-07 0)
(1.5815e-07 -1.08989e-06 0)
(1.57666e-07 -1.25361e-06 0)
(1.50395e-07 -1.41308e-06 0)
(1.35954e-07 -1.56114e-06 0)
(1.14513e-07 -1.6905e-06 0)
(8.68285e-08 -1.79441e-06 0)
(5.42122e-08 -1.86716e-06 0)
(1.84339e-08 -1.90461e-06 0)
(2.89008e-11 -1.82247e-10 0)
(9.50138e-11 -2.4916e-10 0)
(1.87552e-10 -4.01828e-10 0)
(3.29363e-10 -6.81215e-10 0)
(5.5126e-10 -1.15731e-09 0)
(8.95458e-10 -1.93964e-09 0)
(1.41904e-09 -3.19127e-09 0)
(2.19674e-09 -5.14627e-09 0)
(3.32247e-09 -8.12936e-09 0)
(4.90877e-09 -1.25758e-08 0)
(7.08245e-09 -1.90486e-08 0)
(9.97588e-09 -2.8248e-08 0)
(1.37128e-08 -4.10092e-08 0)
(1.83885e-08 -5.82807e-08 0)
(2.40456e-08 -8.10803e-08 0)
(3.06478e-08 -1.10423e-07 0)
(3.80544e-08 -1.47224e-07 0)
(4.60013e-08 -1.92175e-07 0)
(5.40946e-08 -2.45616e-07 0)
(6.1819e-08 -3.07398e-07 0)
(6.85612e-08 -3.76779e-07 0)
(7.36536e-08 -4.52339e-07 0)
(7.64365e-08 -5.31966e-07 0)
(7.6332e-08 -6.12904e-07 0)
(7.29186e-08 -6.9188e-07 0)
(6.59988e-08 -7.6531e-07 0)
(5.56461e-08 -8.29551e-07 0)
(4.22252e-08 -8.812e-07 0)
(2.63771e-08 -9.17384e-07 0)
(8.97135e-09 -9.36022e-07 0)
(1.297e-11 -8.22465e-11 0)
(4.26999e-11 -1.12789e-10 0)
(8.44681e-11 -1.82555e-10 0)
(1.48735e-10 -3.10599e-10 0)
(2.49697e-10 -5.29486e-10 0)
(4.06905e-10 -8.90346e-10 0)
(6.46945e-10 -1.46972e-09 0)
(1.00481e-09 -2.37789e-09 0)
(1.52476e-09 -3.76861e-09 0)
(2.2602e-09 -5.84896e-09 0)
(3.27177e-09 -8.88814e-09 0)
(4.62333e-09 -1.32229e-08 0)
(6.37547e-09 -1.92568e-08 0)
(8.57605e-09 -2.74515e-08 0)
(1.12485e-08 -3.83053e-08 0)
(1.43791e-08 -5.23194e-08 0)
(1.79045e-08 -6.99506e-08 0)
(2.17018e-08 -9.15518e-08 0)
(2.5585e-08 -1.17306e-07 0)
(2.93081e-08 -1.4716e-07 0)
(3.25765e-08 -1.8077e-07 0)
(3.50671e-08 -2.17459e-07 0)
(3.64588e-08 -2.56204e-07 0)
(3.64683e-08 -2.95661e-07 0)
(3.48869e-08 -3.34227e-07 0)
(3.16139e-08 -3.70135e-07 0)
(2.66806e-08 -4.01587e-07 0)
(2.02604e-08 -4.26898e-07 0)
(1.26624e-08 -4.44641e-07 0)
(4.30778e-09 -4.53785e-07 0)
(5.76219e-12 -3.67148e-11 0)
(1.89751e-11 -5.04904e-11 0)
(3.76311e-11 -8.20342e-11 0)
(6.6436e-11 -1.40065e-10 0)
(1.11862e-10 -2.39545e-10 0)
(1.82853e-10 -4.0411e-10 0)
(2.91662e-10 -6.69204e-10 0)
(4.54417e-10 -1.08615e-09 0)
(6.91775e-10 -1.72683e-09 0)
(1.02869e-09 -2.68852e-09 0)
(1.49381e-09 -4.09827e-09 0)
(2.1175e-09 -6.11579e-09 0)
(2.92895e-09 -8.93365e-09 0)
(3.95176e-09 -1.27732e-08 0)
(5.19836e-09 -1.78749e-08 0)
(6.66393e-09 -2.44828e-08 0)
(8.32032e-09 -3.28212e-08 0)
(1.01111e-08 -4.30667e-08 0)
(1.19495e-08 -5.53155e-08 0)
(1.37198e-08 -6.9551e-08 0)
(1.52823e-08 -8.56162e-08 0)
(1.64828e-08 -1.03192e-07 0)
(1.71672e-08 -1.2179e-07 0)
(1.71986e-08 -1.40765e-07 0)
(1.64752e-08 -1.59341e-07 0)
(1.49467e-08 -1.76661e-07 0)
(1.2626e-08 -1.91848e-07 0)
(9.59453e-09 -2.04081e-07 0)
(5.99925e-09 -2.12662e-07 0)
(2.04143e-09 -2.17086e-07 0)
(2.52872e-12 -1.62166e-11 0)
(8.35727e-12 -2.23748e-11 0)
(1.65877e-11 -3.64712e-11 0)
(2.93578e-11 -6.24647e-11 0)
(4.95736e-11 -1.07196e-10 0)
(8.12752e-11 -1.81397e-10 0)
(1.30029e-10 -3.01302e-10 0)
(2.0323e-10 -4.90522e-10 0)
(3.1034e-10 -7.82264e-10 0)
(4.62899e-10 -1.22162e-09 0)
(6.74242e-10 -1.8678e-09 0)
(9.58622e-10 -2.79558e-09 0)
(1.32991e-09 -4.09557e-09 0)
(1.79952e-09 -5.87252e-09 0)
(2.37385e-09 -8.24094e-09 0)
(3.05141e-09 -1.13178e-08 0)
(3.81983e-09 -1.52117e-08 0)
(4.65357e-09 -2.00095e-08 0)
(5.51264e-09 -2.57605e-08 0)
(6.34334e-09 -3.24609e-08 0)
(7.08022e-09 -4.004e-08 0)
(7.65077e-09 -4.83495e-08 0)
(7.98203e-09 -5.71597e-08 0)
(8.00869e-09 -6.6164e-08 0)
(7.68192e-09 -7.49925e-08 0)
(6.97691e-09 -8.32347e-08 0)
(5.8989e-09 -9.04702e-08 0)
(4.48561e-09 -9.6303e-08 0)
(2.80603e-09 -1.00397e-07 0)
(9.55054e-10 -1.02509e-07 0)
(1.09804e-12 -7.07981e-12 0)
(3.63936e-12 -9.80307e-12 0)
(7.23017e-12 -1.60315e-11 0)
(1.2836e-11 -2.75673e-11 0)
(2.17421e-11 -4.74419e-11 0)
(3.57339e-11 -8.0535e-11 0)
(5.73486e-11 -1.34181e-10 0)
(8.9898e-11 -2.19104e-10 0)
(1.37681e-10 -3.50405e-10 0)
(2.05985e-10 -5.48822e-10 0)
(3.00915e-10 -8.41568e-10 0)
(4.29073e-10 -1.2632e-09 0)
(5.96951e-10 -1.85586e-09 0)
(8.10003e-10 -2.66837e-09 0)
(1.07141e-09 -3.75459e-09 0)
(1.38084e-09 -5.16977e-09 0)
(1.73294e-09 -6.96577e-09 0)
(2.11624e-09 -9.18454e-09 0)
(2.51262e-09 -1.18509e-08 0)
(2.8974e-09 -1.49649e-08 0)
(3.24037e-09 -1.84951e-08 0)
(3.50782e-09 -2.23734e-08 0)
(3.6657e-09 -2.64932e-08 0)
(3.68329e-09 -3.07108e-08 0)
(3.53745e-09 -3.48521e-08 0)
(3.21624e-09 -3.87234e-08 0)
(2.72163e-09 -4.21253e-08 0)
(2.07091e-09 -4.487e-08 0)
(1.29605e-09 -4.67977e-08 0)
(4.41219e-10 -4.77922e-08 0)
(4.73421e-13 -3.06497e-12 0)
(1.56273e-12 -4.25071e-12 0)
(3.11991e-12 -6.97162e-12 0)
(5.55085e-12 -1.20307e-11 0)
(9.43767e-12 -2.07788e-11 0)
(1.55553e-11 -3.53728e-11 0)
(2.50281e-11 -5.91091e-11 0)
(3.93284e-11 -9.6767e-11 0)
(6.04231e-11 -1.55246e-10 0)
(9.06597e-11 -2.43839e-10 0)
(1.32819e-10 -3.74952e-10 0)
(1.89923e-10 -5.64377e-10 0)
(2.64946e-10 -8.31387e-10 0)
(3.60474e-10 -1.19856e-09 0)
(4.78057e-10 -1.69082e-09 0)
(6.17673e-10 -2.33395e-09 0)
(7.77065e-10 -3.15233e-09 0)
(9.5113e-10 -4.16595e-09 0)
(1.13176e-09 -5.38702e-09 0)
(1.30776e-09 -6.81634e-09 0)
(1.46533e-09 -8.44019e-09 0)
(1.58905e-09 -1.02277e-08 0)
(1.66319e-09 -1.21299e-08 0)
(1.67352e-09 -1.40805e-08 0)
(1.6092e-09 -1.59985e-08 0)
(1.46459e-09 -1.77935e-08 0)
(1.24038e-09 -1.93726e-08 0)
(9.44403e-10 -2.06476e-08 0)
(5.91292e-10 -2.15436e-08 0)
(2.01337e-10 -2.2006e-08 0)
(2.01263e-13 -1.30737e-12 0)
(6.68804e-13 -1.81775e-12 0)
(1.33156e-12 -3.00483e-12 0)
(2.37483e-12 -5.2083e-12 0)
(4.04004e-12 -9.00306e-12 0)
(6.69543e-12 -1.53773e-11 0)
(1.07966e-11 -2.57556e-11 0)
(1.7041e-11 -4.23058e-11 0)
(2.62379e-11 -6.80436e-11 0)
(3.94725e-11 -1.07159e-10 0)
(5.79986e-11 -1.65225e-10 0)
(8.31337e-11 -2.4935e-10 0)
(1.16282e-10 -3.68289e-10 0)
(1.58641e-10 -5.3231e-10 0)
(2.10917e-10 -7.52806e-10 0)
(2.73175e-10 -1.04165e-09 0)
(3.44482e-10 -1.41014e-09 0)
(4.22583e-10 -1.86769e-09 0)
(5.03897e-10 -2.42018e-09 0)
(5.83411e-10 -3.06831e-09 0)
(6.54905e-10 -3.80618e-09 0)
(7.11392e-10 -4.61996e-09 0)
(7.45715e-10 -5.48746e-09 0)
(7.51354e-10 -6.37838e-09 0)
(7.23341e-10 -7.25563e-09 0)
(6.5898e-10 -8.07764e-09 0)
(5.5855e-10 -8.80143e-09 0)
(4.2553e-10 -9.38628e-09 0)
(2.66542e-10 -9.7975e-09 0)
(9.07679e-11 -1.00098e-08 0)
(8.46714e-14 -5.5238e-13 0)
(2.82574e-13 -7.68763e-13 0)
(5.54229e-13 -1.26705e-12 0)
(1.00497e-12 -2.21255e-12 0)
(1.71409e-12 -3.85255e-12 0)
(2.85833e-12 -6.60135e-12 0)
(4.6067e-12 -1.1101e-11 0)
(7.3098e-12 -1.82786e-11 0)
(1.12623e-11 -2.94932e-11 0)
(1.70053e-11 -4.65827e-11 0)
(2.50429e-11 -7.20181e-11 0)
(3.60111e-11 -1.08967e-10 0)
(5.04902e-11 -1.61361e-10 0)
(6.90578e-11 -2.33795e-10 0)
(9.20368e-11 -3.31433e-10 0)
(1.19475e-10 -4.59672e-10 0)
(1.51008e-10 -6.2368e-10 0)
(1.85644e-10 -8.27802e-10 0)
(2.2181e-10 -1.07484e-09 0)
(2.57311e-10 -1.36526e-09 0)
(2.89353e-10 -1.69655e-09 0)
(3.14811e-10 -2.0626e-09 0)
(3.3049e-10 -2.45345e-09 0)
(3.33431e-10 -2.85546e-09 0)
(3.21346e-10 -3.25182e-09 0)
(2.93047e-10 -3.62364e-09 0)
(2.48571e-10 -3.95134e-09 0)
(1.89473e-10 -4.21633e-09 0)
(1.18732e-10 -4.40275e-09 0)
(4.04405e-11 -4.49902e-09 0)
(3.61196e-14 -2.28142e-13 0)
(1.06008e-13 -3.15838e-13 0)
(2.33686e-13 -5.3894e-13 0)
(4.14117e-13 -9.45161e-13 0)
(7.20547e-13 -1.64068e-12 0)
(1.20035e-12 -2.81264e-12 0)
(1.95282e-12 -4.73958e-12 0)
(3.08933e-12 -7.82975e-12 0)
(4.8046e-12 -1.26584e-11 0)
(7.24025e-12 -2.00426e-11 0)
(1.07128e-11 -3.10657e-11 0)
(1.54257e-11 -4.7117e-11 0)
(2.16913e-11 -6.99305e-11 0)
(2.97358e-11 -1.01577e-10 0)
(3.97193e-11 -1.44331e-10 0)
(5.16941e-11 -2.00622e-10 0)
(6.54698e-11 -2.72784e-10 0)
(8.06552e-11 -3.62811e-10 0)
(9.6552e-11 -4.72003e-10 0)
(1.12221e-10 -6.00631e-10 0)
(1.26395e-10 -7.47634e-10 0)
(1.37747e-10 -9.10348e-10 0)
(1.44815e-10 -1.08437e-09 0)
(1.46273e-10 -1.26363e-09 0)
(1.41146e-10 -1.44058e-09 0)
(1.28817e-10 -1.60676e-09 0)
(1.09355e-10 -1.75336e-09 0)
(8.33936e-11 -1.87197e-09 0)
(5.22833e-11 -1.95547e-09 0)
(1.78097e-11 -1.99861e-09 0)
(1.51198e-14 -8.39997e-14 0)
(4.48558e-14 -1.39439e-13 0)
(9.74393e-14 -2.19743e-13 0)
(1.69679e-13 -3.83374e-13 0)
(2.95846e-13 -6.81739e-13 0)
(4.99292e-13 -1.17566e-12 0)
(8.14459e-13 -1.99583e-12 0)
(1.29544e-12 -3.31059e-12 0)
(2.01582e-12 -5.3726e-12 0)
(3.05237e-12 -8.52863e-12 0)
(4.53059e-12 -1.32524e-11 0)
(6.53196e-12 -2.01518e-11 0)
(9.22465e-12 -2.99885e-11 0)
(1.26787e-11 -4.36569e-11 0)
(1.69622e-11 -6.21811e-11 0)
(2.21231e-11 -8.66108e-11 0)
(2.80808e-11 -1.18014e-10 0)
(3.46681e-11 -1.57272e-10 0)
(4.15669e-11 -2.04985e-10 0)
(4.84038e-11 -2.6131e-10 0)
(5.46215e-11 -3.258e-10 0)
(5.95976e-11 -3.973e-10 0)
(6.27496e-11 -4.73883e-10 0)
(6.34565e-11 -5.52878e-10 0)
(6.1286e-11 -6.30958e-10 0)
(5.60024e-11 -7.0436e-10 0)
(4.75585e-11 -7.69162e-10 0)
(3.6293e-11 -8.21655e-10 0)
(2.27734e-11 -8.58608e-10 0)
(7.75516e-12 -8.77699e-10 0)
(4.87204e-15 -3.22557e-14 0)
(2.41915e-14 -4.33439e-14 0)
(4.41838e-14 -9.10553e-14 0)
(6.78715e-14 -1.62623e-13 0)
(1.25159e-13 -2.88958e-13 0)
(1.97903e-13 -4.88541e-13 0)
(3.40701e-13 -8.32602e-13 0)
(5.423e-13 -1.38801e-12 0)
(8.34282e-13 -2.2579e-12 0)
(1.28049e-12 -3.59282e-12 0)
(1.89721e-12 -5.59638e-12 0)
(2.73889e-12 -8.533e-12 0)
(3.87691e-12 -1.27226e-11 0)
(5.33984e-12 -1.85723e-11 0)
(7.167e-12 -2.64914e-11 0)
(9.37266e-12 -3.69981e-11 0)
(1.19157e-11 -5.05142e-11 0)
(1.4734e-11 -6.74425e-11 0)
(1.77125e-11 -8.80623e-11 0)
(2.066e-11 -1.12452e-10 0)
(2.33448e-11 -1.40416e-10 0)
(2.55027e-11 -1.71477e-10 0)
(2.68889e-11 -2.04812e-10 0)
(2.72398e-11 -2.39225e-10 0)
(2.63145e-11 -2.73295e-10 0)
(2.40794e-11 -3.0533e-10 0)
(2.04507e-11 -3.33666e-10 0)
(1.56326e-11 -3.56607e-10 0)
(9.79433e-12 -3.7278e-10 0)
(3.34032e-12 -3.81135e-10 0)
(1.17598e-15 -1.10881e-14 0)
(6.7227e-16 -2.016e-14 0)
(1.62957e-14 -4.19995e-14 0)
(2.48638e-14 -5.98075e-14 0)
(4.5192e-14 -1.09199e-13 0)
(8.7023e-14 -1.99247e-13 0)
(1.31543e-13 -3.4339e-13 0)
(2.26294e-13 -5.7086e-13 0)
(3.37006e-13 -9.42809e-13 0)
(5.27012e-13 -1.50157e-12 0)
(7.83211e-13 -2.33854e-12 0)
(1.13903e-12 -3.5777e-12 0)
(1.61077e-12 -5.34875e-12 0)
(2.2317e-12 -7.80624e-12 0)
(2.99525e-12 -1.11887e-11 0)
(3.92748e-12 -1.56377e-11 0)
(5.00721e-12 -2.13879e-11 0)
(6.20756e-12 -2.86166e-11 0)
(7.45461e-12 -3.74264e-11 0)
(8.723e-12 -4.78716e-11 0)
(9.87044e-12 -5.98792e-11 0)
(1.07993e-11 -7.32166e-11 0)
(1.14135e-11 -8.75623e-11 0)
(1.15519e-11 -1.02385e-10 0)
(1.11901e-11 -1.17074e-10 0)
(1.0232e-11 -1.30915e-10 0)
(8.71175e-12 -1.43153e-10 0)
(6.64284e-12 -1.53078e-10 0)
(4.1783e-12 -1.60068e-10 0)
(1.41573e-12 -1.63691e-10 0)
(1.67984e-15 -4.70367e-15 0)
(-2.18393e-15 -3.69585e-15 0)
(-2.18382e-15 -1.34398e-14 0)
(9.40777e-15 -2.184e-14 0)
(1.61279e-14 -4.97276e-14 0)
(3.39357e-14 -8.19835e-14 0)
(4.82158e-14 -1.37423e-13 0)
(8.39996e-14 -2.38894e-13 0)
(1.47167e-13 -3.81694e-13 0)
(2.00591e-13 -6.13532e-13 0)
(3.31294e-13 -9.62634e-13 0)
(4.67877e-13 -1.48309e-12 0)
(6.64939e-13 -2.22195e-12 0)
(9.25842e-13 -3.26388e-12 0)
(1.23849e-12 -4.65794e-12 0)
(1.61817e-12 -6.53852e-12 0)
(2.0805e-12 -8.96845e-12 0)
(2.58517e-12 -1.20146e-11 0)
(3.1105e-12 -1.57418e-11 0)
(3.65045e-12 -2.01686e-11 0)
(4.12656e-12 -2.52617e-11 0)
(4.5269e-12 -3.09356e-11 0)
(4.77621e-12 -3.70256e-11 0)
(4.86054e-12 -4.33561e-11 0)
(4.69842e-12 -4.96228e-11 0)
(4.31287e-12 -5.5526e-11 0)
(3.67061e-12 -6.07575e-11 0)
(2.79752e-12 -6.50045e-11 0)
(1.77877e-12 -6.79955e-11 0)
(5.98916e-13 -6.95431e-11 0)
(1.00795e-15 -1.00821e-15 0)
(-1.51206e-15 9.07145e-15 0)
(-1.51192e-15 -3.69585e-15 0)
(-2.18384e-15 -8.39994e-15 0)
(8.9039e-15 -1.98237e-14 0)
(1.15918e-14 -2.68798e-14 0)
(1.26002e-14 -5.20799e-14 0)
(3.24237e-14 -9.84473e-14 0)
(5.29196e-14 -1.53551e-13 0)
(8.14795e-14 -2.5771e-13 0)
(1.33559e-13 -3.99837e-13 0)
(1.85975e-13 -6.0446e-13 0)
(2.65774e-13 -9.12906e-13 0)
(3.6439e-13 -1.32753e-12 0)
(5.2466e-13 -1.91989e-12 0)
(6.61748e-13 -2.70982e-12 0)
(8.69225e-13 -3.72319e-12 0)
(1.0594e-12 -4.99494e-12 0)
(1.282e-12 -6.55095e-12 0)
(1.51753e-12 -8.40733e-12 0)
(1.71342e-12 -1.05507e-11 0)
(1.86428e-12 -1.29289e-11 0)
(1.99381e-12 -1.5507e-11 0)
(2.01229e-12 -1.81758e-11 0)
(1.95819e-12 -2.0802e-11 0)
(1.7944e-12 -2.33014e-11 0)
(1.534e-12 -2.5522e-11 0)
(1.16306e-12 -2.73136e-11 0)
(7.34491e-13 -2.85719e-11 0)
(2.48134e-13 -2.92281e-11 0)
(1.84787e-15 -5.71177e-15 0)
(-1.12555e-14 -8.73558e-15 0)
(1.67994e-14 6.71586e-16 0)
(-2.18383e-15 -5.71173e-15 0)
(6.88772e-15 -8.064e-15 0)
(2.85585e-15 -9.74409e-15 0)
(3.19204e-15 -2.11678e-14 0)
(1.0584e-14 -4.30076e-14 0)
(1.99918e-14 -5.57758e-14 0)
(3.02398e-14 -9.67678e-14 0)
(5.91354e-14 -1.53215e-13 0)
(7.13996e-14 -2.4259e-13 0)
(1.06343e-13 -3.63886e-13 0)
(1.47503e-13 -5.68507e-13 0)
(1.99583e-13 -7.88922e-13 0)
(2.7619e-13 -1.10207e-12 0)
(3.4507e-13 -1.52745e-12 0)
(4.39149e-13 -2.04858e-12 0)
(5.21973e-13 -2.70209e-12 0)
(6.16556e-13 -3.46783e-12 0)
(7.05427e-13 -4.34983e-12 0)
(7.66411e-13 -5.35446e-12 0)
(8.18827e-13 -6.41352e-12 0)
(8.35122e-13 -7.52333e-12 0)
(7.99339e-13 -8.6432e-12 0)
(7.50955e-13 -9.67875e-12 0)
(6.33692e-13 -1.06038e-11 0)
(4.76445e-13 -1.13581e-11 0)
(3.03742e-13 -1.18869e-11 0)
(1.00463e-13 -1.21614e-11 0)
(4.3678e-15 -3.69601e-15 0)
(-5.37584e-15 -2.01605e-15 0)
(-6.72039e-16 -5.71154e-15 0)
(1.00784e-15 8.06343e-15 0)
(-9.74381e-15 -3.0239e-15 0)
(-8.39952e-15 -4.03191e-15 0)
(5.03805e-16 -1.0752e-14 0)
(6.04784e-15 -2.15035e-14 0)
(-1.6798e-15 -2.52e-14 0)
(1.51199e-14 -4.83832e-14 0)
(1.8816e-14 -6.08159e-14 0)
(2.95676e-14 -9.8447e-14 0)
(4.41837e-14 -1.46159e-13 0)
(6.68632e-14 -2.05295e-13 0)
(7.37519e-14 -3.0979e-13 0)
(1.07015e-13 -4.49565e-13 0)
(1.44815e-13 -6.11852e-13 0)
(1.74215e-13 -8.33946e-13 0)
(2.16214e-13 -1.09703e-12 0)
(2.48974e-13 -1.41522e-12 0)
(2.85094e-13 -1.77608e-12 0)
(3.14662e-13 -2.19272e-12 0)
(3.33646e-13 -2.63489e-12 0)
(3.47757e-13 -3.09521e-12 0)
(3.25582e-13 -3.54746e-12 0)
(3.04582e-13 -3.97317e-12 0)
(2.54014e-13 -4.35419e-12 0)
(2.00759e-13 -4.66634e-12 0)
(1.24991e-13 -4.88675e-12 0)
(3.81358e-14 -4.99931e-12 0)
(2.01599e-15 -2.68797e-15 0)
(4.87162e-15 -4.70388e-15 0)
(-1.67994e-14 3.35966e-15 0)
(1.34385e-15 -7.72749e-15 0)
(-2.85596e-15 -1.34408e-15 0)
(1.00775e-15 -1.47837e-14 0)
(-3.69599e-15 -1.17597e-14 0)
(-3.35881e-16 -2.35232e-15 0)
(-3.52796e-15 -1.31038e-14 0)
(7.22392e-15 -1.47841e-14 0)
(4.03199e-15 -2.58716e-14 0)
(1.0248e-14 -3.69598e-14 0)
(1.34398e-14 -5.98074e-14 0)
(1.84803e-14 -9.23994e-14 0)
(4.60311e-14 -1.31039e-13 0)
(3.42722e-14 -1.78415e-13 0)
(5.91355e-14 -2.45614e-13 0)
(7.50952e-14 -3.30622e-13 0)
(8.31597e-14 -4.44525e-13 0)
(9.60955e-14 -5.6918e-13 0)
(1.24655e-13 -7.16683e-13 0)
(1.25495e-13 -8.85018e-13 0)
(1.40951e-13 -1.06108e-12 0)
(1.32887e-13 -1.25193e-12 0)
(1.31207e-13 -1.44613e-12 0)
(1.16423e-13 -1.62119e-12 0)
(1.10375e-13 -1.78415e-12 0)
(7.69435e-14 -1.90712e-12 0)
(5.44314e-14 -1.98944e-12 0)
(1.27679e-14 -2.04354e-12 0)
(2.18393e-15 -3.69591e-15 0)
(-4.36795e-15 1.34384e-15 0)
(-8.23184e-15 1.11183e-19 0)
(5.03759e-16 -3.36089e-16 0)
(-1.05836e-14 1.00779e-15 0)
(5.20774e-15 -1.34415e-15 0)
(-1.24317e-14 -2.352e-15 0)
(4.36781e-15 -3.35995e-15 0)
(-3.86383e-15 -9.74368e-15 0)
(2.51996e-15 -6.7199e-15 0)
(-1.00799e-15 -7.39203e-15 0)
(6.71983e-15 -7.7281e-15 0)
(3.3623e-16 -1.31042e-14 0)
(2.35193e-14 -2.75517e-14 0)
(4.20034e-15 -4.09919e-14 0)
(1.84797e-14 -6.65274e-14 0)
(1.56241e-14 -9.44153e-14 0)
(2.7888e-14 -1.30031e-13 0)
(3.77994e-14 -1.70351e-13 0)
(4.08236e-14 -2.24782e-13 0)
(4.87198e-14 -2.8291e-13 0)
(4.58637e-14 -3.51453e-13 0)
(5.64477e-14 -4.23357e-13 0)
(5.94714e-14 -4.98956e-13 0)
(5.22476e-14 -5.70524e-13 0)
(5.35916e-14 -6.46796e-13 0)
(5.14071e-14 -7.07611e-13 0)
(1.69685e-14 -7.60699e-13 0)
(2.28476e-14 -7.94635e-13 0)
(4.87202e-15 -8.14794e-13 0)
(6.71924e-16 -3.69593e-15 0)
(-8.90379e-15 3.02407e-15 0)
(-2.68811e-15 2.68782e-15 0)
(-3.69591e-15 2.01591e-15 0)
(-1.51211e-15 -1.07515e-14 0)
(-5.03984e-15 -4.03177e-15 0)
(-8.90383e-15 7.05565e-15 0)
(3.35987e-15 -1.00794e-15 0)
(1.14238e-14 6.71973e-15 0)
(-4.87198e-15 1.34383e-15 0)
(-3.86378e-15 -5.0398e-15 0)
(4.87194e-15 -1.18153e-19 0)
(-3.36109e-16 -1.88153e-14 0)
(-6.71965e-15 -6.3844e-15 0)
(8.56767e-15 -1.00802e-14 0)
(1.008e-14 -2.38559e-14 0)
(1.14238e-14 -3.4272e-14 0)
(9.07193e-15 -5.10716e-14 0)
(1.31039e-14 -6.51837e-14 0)
(1.17601e-14 -9.10553e-14 0)
(2.08317e-14 -1.12895e-13 0)
(1.6296e-14 -1.37087e-13 0)
(2.88956e-14 -1.78415e-13 0)
(2.15039e-14 -1.95887e-13 0)
(1.8648e-14 -2.3755e-13 0)
(2.57035e-14 -2.61742e-13 0)
(9.40845e-15 -2.81902e-13 0)
(1.09197e-14 -3.03406e-13 0)
(7.22389e-15 -3.22221e-13 0)
(-1.3438e-15 -3.29277e-13 0)
(-3.02388e-15 5.03988e-15 0)
(-4.03199e-15 4.36769e-15 0)
(-2.85591e-15 -5.71168e-15 0)
(-5.20789e-15 3.35985e-16 0)
(-1.51199e-15 6.71952e-15 0)
(-2.5201e-15 6.0478e-15 0)
(-6.21596e-15 -6.38365e-15 0)
(-3.52791e-15 -3.02391e-15 0)
(2.18394e-15 -6.04781e-15 0)
(2.51999e-15 1.0752e-14 0)
(6.38375e-15 1.00797e-14 0)
(2.85588e-15 -3.69575e-15 0)
(-2.51986e-15 9.74349e-15 0)
(-7.8958e-15 -5.37558e-15 0)
(-4.36782e-15 -1.17597e-14 0)
(4.20001e-15 -5.71195e-15 0)
(4.03182e-15 -2.35196e-15 0)
(5.03992e-15 -1.24321e-14 0)
(5.04006e-15 -2.41917e-14 0)
(6.38397e-15 -3.12476e-14 0)
(9.23986e-15 -3.96479e-14 0)
(5.71186e-15 -5.51033e-14 0)
(6.21613e-15 -5.77919e-14 0)
(1.34399e-14 -7.89593e-14 0)
(6.04808e-15 -8.19839e-14 0)
(9.07205e-15 -1.07519e-13 0)
(1.42795e-14 -1.0248e-13 0)
(3.528e-15 -1.20959e-13 0)
(2.35214e-15 -1.14912e-13 0)
(8.7356e-15 -1.30031e-13 0)
(1.67932e-16 -1.83487e-21 0)
(-1.67915e-16 -4.70382e-15 0)
(-2.1841e-15 1.67997e-15 0)
(-2.01606e-15 1.0079e-15 0)
(-2.68802e-15 -7.72752e-15 0)
(-1.05837e-14 1.00797e-14 0)
(-8.40051e-16 1.37754e-14 0)
(-8.4002e-16 -2.01583e-15 0)
(3.35978e-16 1.51196e-14 0)
(3.36163e-16 -1.68012e-15 0)
(5.03965e-16 -6.38388e-15 0)
(-3.52793e-15 2.35181e-15 0)
(-5.03984e-16 -7.72773e-15 0)
(3.19176e-15 2.01569e-15 0)
(-4.87188e-15 -4.03179e-15 0)
(5.20783e-15 -1.68007e-15 0)
(-3.35899e-16 -7.39176e-15 0)
(2.52e-15 -1.34395e-15 0)
(2.68792e-15 -5.03994e-15 0)
(8.39961e-16 -5.37624e-15 0)
(2.35211e-15 -1.00799e-14 0)
(8.40017e-16 -1.14241e-14 0)
(3.52794e-15 -3.46073e-14 0)
(6.8879e-15 -3.09117e-14 0)
(4.53589e-15 -4.13273e-14 0)
(9.74385e-15 -3.3936e-14 0)
(-5.03767e-16 -3.96477e-14 0)
(1.34405e-15 -3.99839e-14 0)
(8.39874e-16 -5.94709e-14 0)
(-3.69578e-15 -4.03201e-14 0)
(1.3439e-15 3.69592e-15 0)
(-3.35981e-15 -1.07516e-14 0)
(-3.528e-15 -3.36055e-16 0)
(-6.3836e-15 2.01592e-15 0)
(-1.51208e-15 -1.34405e-15 0)
(-3.86388e-15 -2.01591e-15 0)
(-3.86383e-15 -9.40738e-15 0)
(-2.35186e-15 1.00781e-15 0)
(-8.39919e-16 -1.31035e-14 0)
(7.05566e-15 2.68799e-15 0)
(-1.67991e-15 3.36273e-16 0)
(2.01587e-15 4.36787e-15 0)
(-6.38388e-15 -6.71815e-16 0)
(-4.36784e-15 3.36168e-16 0)
(6.88753e-15 3.35844e-16 0)
(-4.03197e-15 -3.35931e-16 0)
(-1.34401e-15 2.08313e-14 0)
(9.0716e-15 6.71946e-16 0)
(-5.03992e-15 -2.68795e-15 0)
(-8.39884e-16 -6.71902e-16 0)
(4.19988e-15 -2.01606e-15 0)
(-1.00794e-15 -5.37602e-15 0)
(4.53616e-15 -1.18164e-19 0)
(6.71941e-16 3.35873e-16 0)
(-1.17584e-15 -1.68033e-15 0)
(7.89544e-15 -1.27677e-14 0)
(1.17595e-15 -1.20958e-14 0)
(-8.39955e-16 -1.34399e-14 0)
(-3.52764e-15 -2.68844e-15 0)
(-6.72004e-16 -1.41117e-14 0)
)
;

boundaryField
{
    outerWall
    {
        type            noSlip;
    }
    axis
    {
        type            symmetryPlane;
    }
    nozzle
    {
        type            zeroGradient;
    }
    back
    {
        type            empty;
    }
    front
    {
        type            empty;
    }
}


// ************************************************************************* //
